datetime	open	high	low	close	volume
07.03.2018 00:00	1620.0	1680.0	1620.0	1680.0	4
14.03.2018 00:00	1680.0	1680.0	1620.0	1640.0	17
15.03.2018 00:00	1620.0	1660.0	1600.0	1620.0	6
16.03.2018 00:00	1640.0	1660.0	1600.0	1640.0	16
20.03.2018 00:00	1660.0	1680.0	1660.0	1680.0	3
23.03.2018 00:00	1640.0	1660.0	1640.0	1660.0	2
27.03.2018 00:00	1620.0	1620.0	1600.0	1600.0	11
02.04.2018 00:00	1680.0	1700.0	1660.0	1680.0	6
03.04.2018 00:00	1600.0	1700.0	1600.0	1700.0	5
05.04.2018 00:00	1620.0	1660.0	1620.0	1620.0	1
06.04.2018 00:00	1600.0	1660.0	1540.0	1660.0	7
09.04.2018 00:00	1620.0	1640.0	1580.0	1580.0	8
10.04.2018 00:00	1580.0	1660.0	1580.0	1640.0	10
11.04.2018 00:00	1620.0	1660.0	1620.0	1640.0	9
12.04.2018 00:00	1620.0	1620.0	1620.0	1620.0	3
18.04.2018 00:00	1700.0	1700.0	1560.0	1560.0	19
19.04.2018 00:00	1580.0	1580.0	1560.0	1560.0	14
24.04.2018 00:00	1600.0	1600.0	1600.0	1600.0	1
27.04.2018 00:00	1520.0	1620.0	1520.0	1540.0	2
07.05.2018 00:00	1660.0	1680.0	1660.0	1660.0	5
08.05.2018 00:00	1680.0	1680.0	1680.0	1680.0	3
17.05.2018 00:00	1560.0	1640.0	1520.0	1640.0	14
21.05.2018 00:00	1560.0	1560.0	1540.0	1560.0	5
14.06.2018 00:00	1620.0	1620.0	1600.0	1600.0	2
20.06.2018 00:00	1480.0	1560.0	1480.0	1560.0	7
22.06.2018 00:00	1560.0	1640.0	1540.0	1640.0	12
26.06.2018 00:00	1680.0	1700.0	1680.0	1680.0	5
27.06.2018 00:00	1600.0	1600.0	1600.0	1600.0	1
28.06.2018 00:00	1580.0	1580.0	1580.0	1580.0	3
29.06.2018 00:00	1640.0	1640.0	1640.0	1640.0	1
04.07.2018 00:00	1640.0	1640.0	1640.0	1640.0	1
06.07.2018 00:00	1640.0	1640.0	1640.0	1640.0	1
16.07.2018 00:00	1600.0	1600.0	1600.0	1600.0	1
17.07.2018 00:00	1540.0	1540.0	1540.0	1540.0	1
24.07.2018 00:00	1560.0	1560.0	1560.0	1560.0	1
01.08.2018 00:00	1480.0	1580.0	1480.0	1560.0	5
02.08.2018 00:00	1560.0	1560.0	1560.0	1560.0	1
08.08.2018 00:00	1620.0	1620.0	1620.0	1620.0	1
28.08.2018 00:00	1500.0	1600.0	1500.0	1600.0	4
03.09.2018 00:00	1320.0	1460.0	1320.0	1460.0	2
04.09.2018 00:00	1580.0	1580.0	1500.0	1500.0	2
06.09.2018 00:00	1500.0	1500.0	1500.0	1500.0	1
10.09.2018 00:00	1500.0	1500.0	1500.0	1500.0	1
13.09.2018 00:00	1160.0	1600.0	1160.0	1560.0	4
19.09.2018 00:00	1500.0	1500.0	1500.0	1500.0	1
26.09.2018 00:00	1340.0	1500.0	1320.0	1500.0	4
27.09.2018 00:00	1540.0	1540.0	1400.0	1460.0	3
28.09.2018 00:00	1360.0	1460.0	1360.0	1460.0	3
02.10.2018 00:00	1540.0	1600.0	1500.0	1600.0	13
03.10.2018 00:00	1500.0	1500.0	1440.0	1460.0	5
04.10.2018 00:00	1460.0	1460.0	1460.0	1460.0	1
19.10.2018 00:00	1420.0	1460.0	1420.0	1460.0	3
24.10.2018 00:00	1500.0	1500.0	1500.0	1500.0	1
26.10.2018 00:00	1400.0	1400.0	1400.0	1400.0	1
02.11.2018 00:00	1400.0	1460.0	1400.0	1460.0	2
06.11.2018 00:00	1420.0	1420.0	1420.0	1420.0	1
12.11.2018 00:00	1500.0	1500.0	1500.0	1500.0	1
15.11.2018 00:00	1540.0	1540.0	1500.0	1500.0	2
16.11.2018 00:00	1500.0	1520.0	1380.0	1520.0	9
21.11.2018 00:00	1420.0	1460.0	1400.0	1460.0	7
23.11.2018 00:00	1500.0	2020.0	1380.0	2020.0	376
26.11.2018 00:00	2220.0	2820.0	2200.0	2820.0	445
27.11.2018 00:00	3100.0	3940.0	2020.0	2440.0	1183
28.11.2018 00:00	2340.0	2640.0	2240.0	2300.0	411
29.11.2018 00:00	2380.0	2460.0	2060.0	2160.0	189
30.11.2018 00:00	2120.0	2300.0	2000.0	2100.0	221
03.12.2018 00:00	2020.0	2080.0	1900.0	2080.0	114
04.12.2018 00:00	1980.0	2080.0	1960.0	2020.0	61
05.12.2018 00:00	1960.0	2000.0	1760.0	1860.0	322
06.12.2018 00:00	1840.0	1840.0	1740.0	1820.0	87
07.12.2018 00:00	1800.0	1880.0	1740.0	1820.0	70
10.12.2018 00:00	1780.0	1780.0	1700.0	1760.0	110
11.12.2018 00:00	1680.0	1800.0	1680.0	1760.0	23
12.12.2018 00:00	1700.0	1780.0	1620.0	1620.0	99
13.12.2018 00:00	1660.0	2260.0	1660.0	2260.0	826
14.12.2018 00:00	2300.0	2980.0	1800.0	1840.0	2415
17.12.2018 00:00	1880.0	1880.0	1700.0	1720.0	445
18.12.2018 00:00	1720.0	1840.0	1720.0	1780.0	63
19.12.2018 00:00	1740.0	1800.0	1680.0	1720.0	114
20.12.2018 00:00	1680.0	1740.0	1660.0	1680.0	72
21.12.2018 00:00	1640.0	1820.0	1640.0	1760.0	91
24.12.2018 00:00	1680.0	1740.0	1680.0	1680.0	9
25.12.2018 00:00	1680.0	1740.0	1660.0	1680.0	50
26.12.2018 00:00	1660.0	1740.0	1660.0	1700.0	15
27.12.2018 00:00	1760.0	1800.0	1680.0	1720.0	34
28.12.2018 00:00	1720.0	1920.0	1720.0	1840.0	75
29.12.2018 00:00	1820.0	1840.0	1760.0	1780.0	22
03.01.2019 00:00	1820.0	1860.0	1820.0	1860.0	23
04.01.2019 00:00	1780.0	1860.0	1780.0	1820.0	19
08.01.2019 00:00	1780.0	2540.0	1780.0	2540.0	1092
09.01.2019 00:00	2800.0	3540.0	2560.0	3240.0	1891
10.01.2019 00:00	3360.0	4520.0	3200.0	4520.0	1204
11.01.2019 00:00	4760.0	6320.0	3560.0	3560.0	2839
14.01.2019 00:00	3680.0	5000.0	3440.0	5000.0	3011
15.01.2019 00:00	5240.0	6480.0	5040.0	6240.0	2585
16.01.2019 00:00	6300.0	7860.0	6140.0	7500.0	3677
17.01.2019 00:00	7500.0	8180.0	7000.0	7340.0	949
18.01.2019 00:00	7080.0	7140.0	6240.0	6660.0	441
21.01.2019 00:00	6520.0	7500.0	6020.0	6760.0	788
22.01.2019 00:00	6900.0	7260.0	6660.0	6800.0	433
23.01.2019 00:00	6840.0	7000.0	6360.0	6420.0	650
24.01.2019 00:00	6340.0	6500.0	5320.0	5740.0	855
25.01.2019 00:00	5800.0	5800.0	4840.0	4860.0	604
28.01.2019 00:00	4420.0	4820.0	3920.0	3980.0	942
29.01.2019 00:00	4200.0	4260.0	3920.0	4000.0	204
30.01.2019 00:00	3920.0	4480.0	3500.0	4300.0	2578
31.01.2019 00:00	4160.0	6000.0	4160.0	6000.0	3599
01.02.2019 00:00	6580.0	6580.0	5080.0	5160.0	2614
04.02.2019 00:00	5240.0	5940.0	5200.0	5700.0	1145
05.02.2019 00:00	5800.0	6380.0	5300.0	5460.0	1567
06.02.2019 00:00	5580.0	5780.0	5340.0	5340.0	590
07.02.2019 00:00	5340.0	6000.0	4800.0	5000.0	1378
08.02.2019 00:00	5100.0	5420.0	4840.0	4980.0	361
11.02.2019 00:00	5080.0	5100.0	4900.0	4920.0	53
12.02.2019 00:00	5020.0	5020.0	4820.0	4880.0	50
13.02.2019 00:00	4960.0	4960.0	4520.0	4700.0	170
14.02.2019 00:00	4700.0	5600.0	4000.0	4500.0	1005
15.02.2019 00:00	4500.0	5100.0	4120.0	4580.0	472
18.02.2019 00:00	4720.0	4760.0	4360.0	4460.0	91
19.02.2019 00:00	4360.0	4460.0	4280.0	4340.0	56
20.02.2019 00:00	4300.0	5600.0	4160.0	4760.0	974
21.02.2019 00:00	4720.0	4800.0	4360.0	4380.0	328
22.02.2019 00:00	4520.0	6140.0	4320.0	6140.0	4525
25.02.2019 00:00	6000.0	6560.0	5200.0	5480.0	4847
26.02.2019 00:00	5360.0	5500.0	5020.0	5140.0	1345
27.02.2019 00:00	5160.0	5160.0	4960.0	4960.0	297
28.02.2019 00:00	4920.0	5060.0	4720.0	4900.0	268
01.03.2019 00:00	4900.0	5040.0	4820.0	4900.0	93
04.03.2019 00:00	4760.0	5360.0	4760.0	4940.0	941
05.03.2019 00:00	4860.0	5040.0	4860.0	4980.0	104
06.03.2019 00:00	4680.0	4980.0	4680.0	4800.0	130
07.03.2019 00:00	4800.0	4880.0	4680.0	4780.0	97
11.03.2019 00:00	4780.0	4780.0	4620.0	4640.0	77
12.03.2019 00:00	4580.0	4880.0	4580.0	4700.0	54
13.03.2019 00:00	4760.0	5080.0	4660.0	4660.0	192
14.03.2019 00:00	4680.0	5420.0	4680.0	4860.0	1323
15.03.2019 00:00	4920.0	5100.0	4720.0	4760.0	162
18.03.2019 00:00	4760.0	5080.0	4720.0	4780.0	280
19.03.2019 00:00	4760.0	4860.0	4720.0	4760.0	20
20.03.2019 00:00	4840.0	4840.0	4700.0	4760.0	71
21.03.2019 00:00	4760.0	4780.0	4640.0	4740.0	52
22.03.2019 00:00	4700.0	4760.0	4700.0	4700.0	5
25.03.2019 00:00	4500.0	4700.0	4500.0	4680.0	42
26.03.2019 00:00	4600.0	4700.0	4520.0	4660.0	42
27.03.2019 00:00	4560.0	4660.0	4500.0	4580.0	102
28.03.2019 00:00	4500.0	4560.0	4420.0	4500.0	34
29.03.2019 00:00	4380.0	4480.0	4060.0	4200.0	107
01.04.2019 00:00	4180.0	4360.0	4120.0	4120.0	69
02.04.2019 00:00	4280.0	4300.0	4060.0	4160.0	58
03.04.2019 00:00	4080.0	4220.0	4080.0	4220.0	19
04.04.2019 00:00	4240.0	4360.0	4160.0	4180.0	28
05.04.2019 00:00	4360.0	4360.0	4200.0	4260.0	63
08.04.2019 00:00	4260.0	4360.0	4200.0	4360.0	21
09.04.2019 00:00	4340.0	4380.0	4180.0	4240.0	27
10.04.2019 00:00	4180.0	4180.0	4180.0	4180.0	6
11.04.2019 00:00	4180.0	4180.0	3860.0	3940.0	70
12.04.2019 00:00	3900.0	4200.0	3720.0	3800.0	194
15.04.2019 00:00	3720.0	4020.0	3700.0	3720.0	152
16.04.2019 00:00	3700.0	3840.0	3700.0	3700.0	17
17.04.2019 00:00	3700.0	3700.0	3640.0	3700.0	10
18.04.2019 00:00	3720.0	3800.0	3660.0	3800.0	27
19.04.2019 00:00	3720.0	3760.0	3720.0	3760.0	7
22.04.2019 00:00	3660.0	3900.0	3660.0	3800.0	48
23.04.2019 00:00	3820.0	3820.0	3720.0	3720.0	2
24.04.2019 00:00	3720.0	3720.0	3680.0	3700.0	9
25.04.2019 00:00	3700.0	3700.0	3700.0	3700.0	1
26.04.2019 00:00	3680.0	3800.0	3680.0	3680.0	11
29.04.2019 00:00	3620.0	3620.0	3580.0	3580.0	10
30.04.2019 00:00	3680.0	3680.0	3680.0	3680.0	1
02.05.2019 00:00	3680.0	4420.0	3680.0	4000.0	287
03.05.2019 00:00	4080.0	4100.0	3840.0	3940.0	30
06.05.2019 00:00	3860.0	3900.0	3760.0	3760.0	32
07.05.2019 00:00	3760.0	3760.0	3680.0	3740.0	15
08.05.2019 00:00	3800.0	4380.0	3800.0	3880.0	249
10.05.2019 00:00	3980.0	4500.0	3800.0	3800.0	197
13.05.2019 00:00	3780.0	3880.0	3780.0	3800.0	11
14.05.2019 00:00	3820.0	3960.0	3800.0	3880.0	23
15.05.2019 00:00	3880.0	3980.0	3800.0	3820.0	31
16.05.2019 00:00	3860.0	3960.0	3780.0	3920.0	28
17.05.2019 00:00	3840.0	3940.0	3840.0	3840.0	8
20.05.2019 00:00	3940.0	3940.0	3840.0	3840.0	20
21.05.2019 00:00	3820.0	3900.0	3820.0	3820.0	6
22.05.2019 00:00	3820.0	3840.0	3800.0	3840.0	10
23.05.2019 00:00	3720.0	3880.0	3720.0	3860.0	5
24.05.2019 00:00	3720.0	3800.0	3720.0	3740.0	14
27.05.2019 00:00	3840.0	3840.0	3640.0	3640.0	26
28.05.2019 00:00	3600.0	3700.0	3600.0	3600.0	14
29.05.2019 00:00	3620.0	3620.0	3620.0	3620.0	10
30.05.2019 00:00	3700.0	3700.0	3620.0	3620.0	3
31.05.2019 00:00	3580.0	3700.0	3520.0	3600.0	17
03.06.2019 00:00	3540.0	3600.0	3500.0	3520.0	23
04.06.2019 00:00	3500.0	3540.0	3440.0	3480.0	16
05.06.2019 00:00	3460.0	3560.0	3460.0	3500.0	18
06.06.2019 00:00	3440.0	3480.0	3420.0	3480.0	12
07.06.2019 00:00	3580.0	3580.0	3420.0	3460.0	12
10.06.2019 00:00	3420.0	3460.0	3340.0	3460.0	11
11.06.2019 00:00	3400.0	3980.0	3380.0	3540.0	223
14.06.2019 00:00	3460.0	3640.0	3420.0	3540.0	54
17.06.2019 00:00	3540.0	3560.0	3480.0	3560.0	5
18.06.2019 00:00	3500.0	3600.0	3300.0	3360.0	70
19.06.2019 00:00	3360.0	3400.0	3320.0	3380.0	31
20.06.2019 00:00	3480.0	3480.0	3400.0	3440.0	7
21.06.2019 00:00	3360.0	3400.0	3300.0	3400.0	14
24.06.2019 00:00	3380.0	3540.0	3300.0	3380.0	80
25.06.2019 00:00	3380.0	3440.0	3360.0	3360.0	40
26.06.2019 00:00	3360.0	3420.0	3300.0	3380.0	14
27.06.2019 00:00	3480.0	3600.0	3340.0	3400.0	52
28.06.2019 00:00	3360.0	3380.0	3340.0	3360.0	10
01.07.2019 00:00	3340.0	3460.0	3340.0	3360.0	7
02.07.2019 00:00	3440.0	3620.0	3260.0	3460.0	195
03.07.2019 00:00	3460.0	3460.0	3340.0	3400.0	16
04.07.2019 00:00	3400.0	3420.0	3360.0	3360.0	9
05.07.2019 00:00	3460.0	3460.0	3340.0	3400.0	25
08.07.2019 00:00	3400.0	3400.0	3340.0	3400.0	5
09.07.2019 00:00	3400.0	3500.0	3340.0	3340.0	21
10.07.2019 00:00	3340.0	3400.0	3300.0	3360.0	49
11.07.2019 00:00	3320.0	3360.0	3320.0	3340.0	7
12.07.2019 00:00	3320.0	3360.0	3260.0	3280.0	23
15.07.2019 00:00	3260.0	3940.0	3200.0	3600.0	492
16.07.2019 00:00	3580.0	3580.0	3400.0	3440.0	64
17.07.2019 00:00	3480.0	3480.0	3380.0	3380.0	14
18.07.2019 00:00	3440.0	3440.0	3380.0	3440.0	4
19.07.2019 00:00	3380.0	3380.0	3380.0	3380.0	6
22.07.2019 00:00	3440.0	3440.0	3380.0	3380.0	2
23.07.2019 00:00	3400.0	3540.0	3360.0	3420.0	39
24.07.2019 00:00	3480.0	3680.0	3400.0	3680.0	79
25.07.2019 00:00	3560.0	3780.0	3560.0	3600.0	19
26.07.2019 00:00	3500.0	3700.0	3500.0	3560.0	4
29.07.2019 00:00	3560.0	3680.0	3520.0	3680.0	14
30.07.2019 00:00	3560.0	3740.0	3500.0	3640.0	62
31.07.2019 00:00	3640.0	3640.0	3500.0	3600.0	20
01.08.2019 00:00	3620.0	3620.0	3520.0	3520.0	2
02.08.2019 00:00	3500.0	3500.0	3360.0	3420.0	18
05.08.2019 00:00	3500.0	3500.0	3360.0	3360.0	4
06.08.2019 00:00	3200.0	3420.0	3200.0	3360.0	22
07.08.2019 00:00	3280.0	3420.0	3280.0	3420.0	2
08.08.2019 00:00	3280.0	3440.0	3080.0	3260.0	58
09.08.2019 00:00	3280.0	3300.0	3260.0	3300.0	8
12.08.2019 00:00	3240.0	3300.0	3220.0	3300.0	10
13.08.2019 00:00	3300.0	3320.0	3240.0	3320.0	16
14.08.2019 00:00	3280.0	3340.0	3260.0	3260.0	6
15.08.2019 00:00	3260.0	3280.0	3240.0	3240.0	7
16.08.2019 00:00	3220.0	3240.0	3100.0	3240.0	20
19.08.2019 00:00	3180.0	3180.0	3180.0	3180.0	3
20.08.2019 00:00	3160.0	3200.0	3160.0	3200.0	5
21.08.2019 00:00	3200.0	3200.0	3200.0	3200.0	1
22.08.2019 00:00	3100.0	3180.0	3080.0	3120.0	21
23.08.2019 00:00	3120.0	3140.0	3100.0	3100.0	4
26.08.2019 00:00	3080.0	3080.0	3000.0	3020.0	19
27.08.2019 00:00	3020.0	3020.0	3000.0	3020.0	17
28.08.2019 00:00	3000.0	3100.0	3000.0	3100.0	12
29.08.2019 00:00	2980.0	3040.0	2920.0	3040.0	25
30.08.2019 00:00	3040.0	3040.0	3040.0	3040.0	1
02.09.2019 00:00	3060.0	3100.0	3060.0	3060.0	9
03.09.2019 00:00	2960.0	3240.0	2960.0	3100.0	46
04.09.2019 00:00	3040.0	3180.0	3040.0	3080.0	9
05.09.2019 00:00	3200.0	3200.0	3100.0	3100.0	5
06.09.2019 00:00	3000.0	3480.0	3000.0	3140.0	96
09.09.2019 00:00	3140.0	3160.0	3120.0	3140.0	8
10.09.2019 00:00	3100.0	3200.0	3100.0	3200.0	35
11.09.2019 00:00	3320.0	3320.0	3220.0	3220.0	20
12.09.2019 00:00	3120.0	3260.0	3120.0	3260.0	9
13.09.2019 00:00	3280.0	3300.0	3280.0	3300.0	19
16.09.2019 00:00	3240.0	3240.0	3240.0	3240.0	7
17.09.2019 00:00	3180.0	3200.0	3180.0	3200.0	6
18.09.2019 00:00	3140.0	4080.0	3140.0	3500.0	586
19.09.2019 00:00	3500.0	3560.0	3420.0	3420.0	43
20.09.2019 00:00	3440.0	3440.0	3220.0	3340.0	50
23.09.2019 00:00	3400.0	3400.0	3220.0	3280.0	43
24.09.2019 00:00	3300.0	3360.0	3280.0	3340.0	12
25.09.2019 00:00	3300.0	3320.0	3240.0	3320.0	33
26.09.2019 00:00	3260.0	3340.0	3240.0	3240.0	46
27.09.2019 00:00	3220.0	3700.0	3220.0	3500.0	213
30.09.2019 00:00	3420.0	3520.0	3380.0	3380.0	63
01.10.2019 00:00	3420.0	3420.0	3320.0	3380.0	16
02.10.2019 00:00	3360.0	3400.0	3340.0	3340.0	10
03.10.2019 00:00	3400.0	3400.0	3300.0	3320.0	18
04.10.2019 00:00	3320.0	3320.0	3280.0	3300.0	7
07.10.2019 00:00	3400.0	3400.0	3300.0	3320.0	12
08.10.2019 00:00	3380.0	3620.0	3320.0	3340.0	44
09.10.2019 00:00	3340.0	3400.0	3320.0	3320.0	4
10.10.2019 00:00	3320.0	3500.0	3320.0	3340.0	22
11.10.2019 00:00	3420.0	3420.0	3320.0	3340.0	18
14.10.2019 00:00	3340.0	3340.0	3280.0	3320.0	25
15.10.2019 00:00	3260.0	3360.0	3260.0	3260.0	29
16.10.2019 00:00	3260.0	3320.0	3240.0	3300.0	15
17.10.2019 00:00	3280.0	3280.0	3280.0	3280.0	1
18.10.2019 00:00	3260.0	3300.0	3260.0	3300.0	9
21.10.2019 00:00	3300.0	3300.0	3260.0	3260.0	6
22.10.2019 00:00	3340.0	3340.0	3260.0	3260.0	14
23.10.2019 00:00	3260.0	3320.0	3260.0	3260.0	13
24.10.2019 00:00	3260.0	3280.0	3260.0	3280.0	2
25.10.2019 00:00	3240.0	3240.0	3240.0	3240.0	5
28.10.2019 00:00	3340.0	3400.0	3220.0	3220.0	7
29.10.2019 00:00	3360.0	3400.0	3180.0	3200.0	32
30.10.2019 00:00	3300.0	3300.0	3200.0	3260.0	10
31.10.2019 00:00	3200.0	3280.0	3180.0	3240.0	27
01.11.2019 00:00	3220.0	3220.0	3200.0	3200.0	2
05.11.2019 00:00	3240.0	3560.0	3240.0	3340.0	58
06.11.2019 00:00	3320.0	3340.0	3160.0	3200.0	238
07.11.2019 00:00	3160.0	3240.0	3160.0	3200.0	20
08.11.2019 00:00	3220.0	3220.0	3220.0	3220.0	2
11.11.2019 00:00	3240.0	3340.0	3060.0	3100.0	291
12.11.2019 00:00	3040.0	3840.0	3040.0	3800.0	1369
13.11.2019 00:00	3940.0	5180.0	3940.0	5000.0	2407
14.11.2019 00:00	5180.0	5300.0	4140.0	4200.0	1049
15.11.2019 00:00	4220.0	4400.0	3680.0	4140.0	496
18.11.2019 00:00	4240.0	4420.0	3660.0	3820.0	520
19.11.2019 00:00	3760.0	3800.0	3580.0	3700.0	200
20.11.2019 00:00	3760.0	4180.0	3700.0	3860.0	496
21.11.2019 00:00	3860.0	3960.0	3740.0	3740.0	168
22.11.2019 00:00	3680.0	3740.0	3540.0	3660.0	195
25.11.2019 00:00	3680.0	3740.0	3600.0	3620.0	86
26.11.2019 00:00	3600.0	3620.0	3480.0	3480.0	76
27.11.2019 00:00	3460.0	3900.0	3460.0	3720.0	263
28.11.2019 00:00	3660.0	3880.0	3640.0	3700.0	70
29.11.2019 00:00	3680.0	3680.0	3620.0	3620.0	30
02.12.2019 00:00	3620.0	3680.0	3560.0	3580.0	107
03.12.2019 00:00	3620.0	4200.0	3560.0	3960.0	798
04.12.2019 00:00	3900.0	4520.0	3840.0	4060.0	731
05.12.2019 00:00	4160.0	4280.0	3760.0	3800.0	389
06.12.2019 00:00	3800.0	4040.0	3740.0	3860.0	143
09.12.2019 00:00	3800.0	4380.0	3800.0	4000.0	392
10.12.2019 00:00	3980.0	4240.0	3960.0	4040.0	333
11.12.2019 00:00	4080.0	4080.0	3960.0	3980.0	77
12.12.2019 00:00	3920.0	4040.0	3880.0	3900.0	103
13.12.2019 00:00	3940.0	4020.0	3840.0	3920.0	104
16.12.2019 00:00	3900.0	5180.0	3900.0	5040.0	2007
17.12.2019 00:00	5180.0	5180.0	4200.0	4400.0	1849
18.12.2019 00:00	4520.0	4900.0	4240.0	4360.0	1223
19.12.2019 00:00	4260.0	4900.0	4260.0	4340.0	1087
20.12.2019 00:00	4400.0	4480.0	4260.0	4300.0	122
23.12.2019 00:00	4300.0	4340.0	4160.0	4280.0	147
24.12.2019 00:00	4280.0	4300.0	4160.0	4200.0	97
25.12.2019 00:00	4260.0	4640.0	4160.0	4280.0	618
26.12.2019 00:00	4280.0	4320.0	4160.0	4240.0	93
27.12.2019 00:00	4220.0	4320.0	4180.0	4200.0	60
30.12.2019 00:00	4200.0	4300.0	4200.0	4260.0	41
03.01.2020 00:00	4260.0	4880.0	4200.0	4400.0	339
06.01.2020 00:00	4380.0	4540.0	4200.0	4240.0	300
08.01.2020 00:00	4200.0	4500.0	4200.0	4300.0	235
09.01.2020 00:00	4260.0	4320.0	4240.0	4240.0	85
10.01.2020 00:00	4300.0	4300.0	4160.0	4200.0	130
13.01.2020 00:00	4280.0	4280.0	4140.0	4220.0	114
14.01.2020 00:00	4140.0	4240.0	4140.0	4200.0	77
15.01.2020 00:00	4240.0	4260.0	4180.0	4200.0	70
16.01.2020 00:00	4180.0	4240.0	4180.0	4180.0	21
17.01.2020 00:00	4180.0	4200.0	4120.0	4160.0	107
20.01.2020 00:00	4160.0	4160.0	4120.0	4140.0	36
21.01.2020 00:00	4100.0	4100.0	3960.0	4080.0	150
22.01.2020 00:00	3980.0	4400.0	3960.0	4020.0	285
23.01.2020 00:00	4020.0	4280.0	4020.0	4100.0	62
24.01.2020 00:00	4100.0	4160.0	4060.0	4120.0	22
27.01.2020 00:00	4180.0	4180.0	4000.0	4000.0	72
28.01.2020 00:00	4060.0	4060.0	4000.0	4000.0	24
29.01.2020 00:00	4060.0	4060.0	4000.0	4040.0	27
30.01.2020 00:00	4020.0	4060.0	4000.0	4000.0	16
31.01.2020 00:00	4000.0	4080.0	4000.0	4060.0	16
03.02.2020 00:00	4060.0	4060.0	4000.0	4000.0	17
04.02.2020 00:00	4000.0	4000.0	4000.0	4000.0	4
05.02.2020 00:00	3960.0	4000.0	3960.0	4000.0	6
06.02.2020 00:00	3960.0	4020.0	3940.0	3980.0	59
07.02.2020 00:00	3960.0	4200.0	3960.0	4020.0	96
10.02.2020 00:00	4140.0	4160.0	4060.0	4080.0	13
11.02.2020 00:00	4040.0	4240.0	4000.0	4120.0	79
12.02.2020 00:00	4060.0	4280.0	4060.0	4100.0	20
13.02.2020 00:00	4040.0	4180.0	4040.0	4120.0	16
14.02.2020 00:00	4160.0	4180.0	4080.0	4120.0	13
17.02.2020 00:00	4080.0	4120.0	4000.0	4020.0	55
18.02.2020 00:00	4000.0	4040.0	4000.0	4020.0	21
19.02.2020 00:00	4020.0	4180.0	4020.0	4100.0	39
20.02.2020 00:00	4040.0	4080.0	4040.0	4040.0	13
21.02.2020 00:00	4040.0	4060.0	4000.0	4040.0	9
25.02.2020 00:00	4000.0	4040.0	3940.0	3980.0	22
26.02.2020 00:00	3920.0	3940.0	3620.0	3840.0	29
27.02.2020 00:00	3740.0	3740.0	3620.0	3640.0	19
28.02.2020 00:00	3500.0	3960.0	3300.0	3620.0	76
02.03.2020 00:00	3600.0	3600.0	3520.0	3560.0	38
03.03.2020 00:00	3700.0	3920.0	3700.0	3780.0	57
04.03.2020 00:00	3840.0	3840.0	3660.0	3680.0	9
05.03.2020 00:00	3620.0	3900.0	3620.0	3740.0	38
06.03.2020 00:00	3800.0	3800.0	3480.0	3540.0	37
10.03.2020 00:00	3680.0	3680.0	3200.0	3400.0	67
11.03.2020 00:00	3400.0	3580.0	3380.0	3380.0	12
12.03.2020 00:00	3380.0	3380.0	3000.0	3040.0	32
13.03.2020 00:00	3120.0	3180.0	3080.0	3160.0	10
16.03.2020 00:00	3040.0	3160.0	2600.0	3140.0	50
17.03.2020 00:00	3000.0	3000.0	2540.0	2660.0	138
18.03.2020 00:00	2540.0	3280.0	2540.0	2580.0	151
19.03.2020 00:00	2560.0	2760.0	2500.0	2580.0	23
20.03.2020 00:00	2560.0	2880.0	2560.0	2700.0	49
23.03.2020 00:00	2520.0	2820.0	2520.0	2740.0	10
24.03.2020 00:00	2920.0	2920.0	2660.0	2800.0	75
25.03.2020 00:00	2900.0	2900.0	2760.0	2780.0	65
26.03.2020 00:00	2700.0	2720.0	2700.0	2720.0	4
27.03.2020 00:00	2780.0	2780.0	2580.0	2660.0	25
30.03.2020 00:00	2900.0	2900.0	2580.0	2680.0	13
31.03.2020 00:00	2800.0	2800.0	2720.0	2740.0	69
01.04.2020 00:00	2720.0	2920.0	2720.0	2780.0	9
02.04.2020 00:00	2760.0	2860.0	2740.0	2740.0	36
03.04.2020 00:00	2860.0	2860.0	2760.0	2780.0	28
06.04.2020 00:00	2800.0	3200.0	2800.0	3120.0	402
07.04.2020 00:00	3020.0	3240.0	3020.0	3240.0	90
08.04.2020 00:00	3100.0	4260.0	3100.0	3520.0	1826
09.04.2020 00:00	3680.0	4280.0	3520.0	3820.0	1097
10.04.2020 00:00	3840.0	3900.0	3580.0	3620.0	435
13.04.2020 00:00	3620.0	3620.0	3460.0	3500.0	108
14.04.2020 00:00	3540.0	3600.0	3500.0	3500.0	47
15.04.2020 00:00	3500.0	3500.0	3360.0	3400.0	28
16.04.2020 00:00	3400.0	3520.0	3300.0	3420.0	71
17.04.2020 00:00	3320.0	3480.0	3320.0	3460.0	21
20.04.2020 00:00	3400.0	3460.0	3360.0	3420.0	19
21.04.2020 00:00	3400.0	3460.0	3400.0	3420.0	12
22.04.2020 00:00	3400.0	3480.0	3400.0	3460.0	27
23.04.2020 00:00	3440.0	3480.0	3400.0	3440.0	21
24.04.2020 00:00	3440.0	3460.0	3400.0	3440.0	9
27.04.2020 00:00	3480.0	3480.0	3400.0	3480.0	17
28.04.2020 00:00	3420.0	3520.0	3420.0	3520.0	27
29.04.2020 00:00	3460.0	3560.0	3420.0	3440.0	46
30.04.2020 00:00	3480.0	3500.0	3420.0	3440.0	12
04.05.2020 00:00	3460.0	3460.0	3400.0	3400.0	4
05.05.2020 00:00	3420.0	3440.0	3400.0	3420.0	7
06.05.2020 00:00	3460.0	3480.0	3420.0	3440.0	6
07.05.2020 00:00	3440.0	3740.0	3400.0	3480.0	221
08.05.2020 00:00	3500.0	3580.0	3480.0	3520.0	31
12.05.2020 00:00	3580.0	3920.0	3500.0	3520.0	648
13.05.2020 00:00	3540.0	3640.0	3420.0	3420.0	132
14.05.2020 00:00	3480.0	3520.0	3320.0	3380.0	437
15.05.2020 00:00	3380.0	3500.0	3340.0	3360.0	498
18.05.2020 00:00	3360.0	3900.0	3360.0	3500.0	881
19.05.2020 00:00	3480.0	3540.0	3460.0	3500.0	149
20.05.2020 00:00	3440.0	3500.0	3400.0	3440.0	195
21.05.2020 00:00	3480.0	3500.0	3460.0	3460.0	59
22.05.2020 00:00	3460.0	3640.0	3440.0	3440.0	495
25.05.2020 00:00	3480.0	3500.0	3440.0	3460.0	49
26.05.2020 00:00	3480.0	3480.0	3400.0	3460.0	42
27.05.2020 00:00	3460.0	3480.0	3400.0	3440.0	79
28.05.2020 00:00	3420.0	3440.0	3400.0	3400.0	22
29.05.2020 00:00	3400.0	3420.0	3380.0	3380.0	19
01.06.2020 00:00	3420.0	3420.0	3380.0	3380.0	19
02.06.2020 00:00	3420.0	3420.0	3400.0	3400.0	10
03.06.2020 00:00	3400.0	3400.0	3380.0	3400.0	10
04.06.2020 00:00	3420.0	3560.0	3420.0	3440.0	95
05.06.2020 00:00	3420.0	3500.0	3400.0	3420.0	55
08.06.2020 00:00	3440.0	3540.0	3420.0	3460.0	60
09.06.2020 00:00	3420.0	3520.0	3400.0	3440.0	62
10.06.2020 00:00	3460.0	3460.0	3420.0	3460.0	31
11.06.2020 00:00	3420.0	3460.0	3400.0	3440.0	40
15.06.2020 00:00	3420.0	3420.0	3320.0	3340.0	90
16.06.2020 00:00	3360.0	3440.0	3340.0	3340.0	99
17.06.2020 00:00	3340.0	3340.0	3340.0	3340.0	5
18.06.2020 00:00	3340.0	3360.0	3320.0	3320.0	33
22.06.2020 00:00	3320.0	3400.0	3320.0	3340.0	37
23.06.2020 00:00	3340.0	3360.0	3340.0	3340.0	10
25.06.2020 00:00	3340.0	3340.0	3300.0	3320.0	20
26.06.2020 00:00	3280.0	3300.0	3220.0	3280.0	34
29.06.2020 00:00	3280.0	3280.0	3240.0	3240.0	5
30.06.2020 00:00	3240.0	3280.0	3220.0	3260.0	7
02.07.2020 00:00	3280.0	3280.0	3240.0	3240.0	6
03.07.2020 00:00	3240.0	3260.0	3240.0	3260.0	12
06.07.2020 00:00	3240.0	3260.0	3240.0	3260.0	21
07.07.2020 00:00	3280.0	3320.0	3260.0	3280.0	26
08.07.2020 00:00	3300.0	3300.0	3260.0	3260.0	5
09.07.2020 00:00	3300.0	3320.0	3260.0	3320.0	13
10.07.2020 00:00	3320.0	3320.0	3280.0	3280.0	5
13.07.2020 00:00	3280.0	3280.0	3260.0	3260.0	5
14.07.2020 00:00	3260.0	3800.0	3240.0	3400.0	574
15.07.2020 00:00	3340.0	3400.0	3280.0	3300.0	99
16.07.2020 00:00	3380.0	4600.0	3380.0	3580.0	1322
17.07.2020 00:00	3540.0	3860.0	3420.0	3540.0	270
20.07.2020 00:00	3480.0	3900.0	3440.0	3500.0	658
21.07.2020 00:00	3580.0	3620.0	3440.0	3460.0	202
22.07.2020 00:00	3520.0	3760.0	3480.0	3480.0	283
23.07.2020 00:00	3540.0	3580.0	3460.0	3500.0	59
24.07.2020 00:00	3460.0	3560.0	3460.0	3480.0	72
27.07.2020 00:00	3460.0	3520.0	3460.0	3500.0	43
28.07.2020 00:00	3460.0	3800.0	3460.0	3500.0	297
29.07.2020 00:00	3500.0	3520.0	3480.0	3520.0	17
30.07.2020 00:00	3540.0	3540.0	3480.0	3520.0	25
31.07.2020 00:00	3520.0	3600.0	3500.0	3500.0	19
03.08.2020 00:00	3500.0	3500.0	3500.0	3500.0	15
04.08.2020 00:00	3540.0	3580.0	3540.0	3540.0	47
05.08.2020 00:00	3580.0	3580.0	3520.0	3520.0	17
06.08.2020 00:00	3500.0	3680.0	3500.0	3560.0	83
07.08.2020 00:00	3520.0	3560.0	3520.0	3540.0	28
10.08.2020 00:00	3540.0	3560.0	3500.0	3500.0	42
11.08.2020 00:00	3500.0	3520.0	3500.0	3500.0	10
12.08.2020 00:00	3540.0	3540.0	3500.0	3500.0	9
13.08.2020 00:00	3500.0	3960.0	3500.0	3620.0	604
14.08.2020 00:00	3600.0	3660.0	3560.0	3660.0	70
17.08.2020 00:00	3580.0	3700.0	3580.0	3580.0	24
18.08.2020 00:00	3620.0	3840.0	3580.0	3620.0	92
19.08.2020 00:00	3620.0	3660.0	3620.0	3640.0	12
20.08.2020 00:00	3620.0	3660.0	3620.0	3640.0	19
21.08.2020 00:00	3700.0	3900.0	3680.0	3720.0	55
24.08.2020 00:00	3680.0	3700.0	3660.0	3680.0	19
25.08.2020 00:00	3640.0	3700.0	3560.0	3620.0	75
26.08.2020 00:00	3580.0	3680.0	3580.0	3640.0	17
27.08.2020 00:00	3580.0	3680.0	3580.0	3600.0	61
28.08.2020 00:00	3580.0	3580.0	3540.0	3560.0	31
31.08.2020 00:00	3540.0	3660.0	3540.0	3540.0	125
01.09.2020 00:00	3580.0	3640.0	3540.0	3560.0	24
02.09.2020 00:00	3600.0	3620.0	3560.0	3560.0	24
03.09.2020 00:00	3580.0	3660.0	3480.0	3600.0	196
04.09.2020 00:00	3620.0	3660.0	3480.0	3480.0	84
07.09.2020 00:00	3520.0	3520.0	3480.0	3480.0	17
08.09.2020 00:00	3500.0	3500.0	3480.0	3480.0	9
09.09.2020 00:00	3480.0	3620.0	3480.0	3520.0	37
10.09.2020 00:00	3480.0	3560.0	3480.0	3500.0	39
11.09.2020 00:00	3480.0	3640.0	3480.0	3540.0	33
14.09.2020 00:00	3740.0	3740.0	3500.0	3620.0	27
15.09.2020 00:00	3580.0	3580.0	3580.0	3580.0	12
16.09.2020 00:00	3540.0	3680.0	3540.0	3580.0	36
17.09.2020 00:00	3600.0	3600.0	3540.0	3560.0	21
18.09.2020 00:00	3520.0	3560.0	3520.0	3520.0	17
21.09.2020 00:00	3580.0	3700.0	3480.0	3480.0	112
22.09.2020 00:00	3500.0	3500.0	3460.0	3480.0	15
23.09.2020 00:00	3460.0	3480.0	3460.0	3460.0	6
24.09.2020 00:00	3460.0	3460.0	3460.0	3460.0	37
25.09.2020 00:00	3460.0	3480.0	3420.0	3440.0	18
28.09.2020 00:00	3420.0	3420.0	3360.0	3400.0	74
29.09.2020 00:00	3380.0	3420.0	3380.0	3420.0	20
30.09.2020 00:00	3420.0	3500.0	3420.0	3480.0	33
01.10.2020 00:00	3500.0	3700.0	3460.0	3500.0	136
02.10.2020 00:00	3500.0	3580.0	3500.0	3500.0	52
05.10.2020 00:00	3480.0	3480.0	3420.0	3420.0	17
06.10.2020 00:00	3440.0	3440.0	3440.0	3440.0	1
07.10.2020 00:00	3440.0	3480.0	3440.0	3480.0	13
08.10.2020 00:00	3460.0	3460.0	3460.0	3460.0	2
12.10.2020 00:00	3460.0	3460.0	3460.0	3460.0	2
15.10.2020 00:00	3540.0	3580.0	3380.0	3460.0	45
16.10.2020 00:00	3460.0	3460.0	3400.0	3400.0	19
19.10.2020 00:00	3380.0	3380.0	3380.0	3380.0	18
20.10.2020 00:00	3380.0	3380.0	3380.0	3380.0	2
21.10.2020 00:00	3380.0	3380.0	3360.0	3360.0	9
22.10.2020 00:00	3360.0	3360.0	3360.0	3360.0	14
23.10.2020 00:00	3380.0	3380.0	3380.0	3380.0	1
26.10.2020 00:00	3380.0	3380.0	3360.0	3380.0	5
27.10.2020 00:00	3360.0	3360.0	3360.0	3360.0	1
29.10.2020 00:00	3320.0	3380.0	3260.0	3300.0	22
30.10.2020 00:00	3320.0	3320.0	3220.0	3220.0	23
02.11.2020 00:00	3300.0	3300.0	3300.0	3300.0	1
03.11.2020 00:00	3300.0	3300.0	3260.0	3260.0	50
05.11.2020 00:00	3280.0	3280.0	3240.0	3280.0	12
06.11.2020 00:00	3240.0	3300.0	3240.0	3300.0	20
09.11.2020 00:00	3300.0	3320.0	3260.0	3300.0	8
10.11.2020 00:00	3320.0	3760.0	3280.0	3320.0	537
11.11.2020 00:00	3320.0	3400.0	3280.0	3320.0	38
12.11.2020 00:00	3300.0	3380.0	3280.0	3300.0	22
13.11.2020 00:00	3380.0	3380.0	3300.0	3320.0	7
16.11.2020 00:00	3320.0	3360.0	3300.0	3320.0	20
17.11.2020 00:00	3300.0	3340.0	3280.0	3320.0	24
18.11.2020 00:00	3300.0	3380.0	3300.0	3380.0	10
19.11.2020 00:00	3380.0	3380.0	3280.0	3300.0	26
20.11.2020 00:00	3380.0	3540.0	3380.0	3520.0	143
23.11.2020 00:00	3520.0	3540.0	3380.0	3400.0	31
24.11.2020 00:00	3500.0	3500.0	3380.0	3400.0	26
25.11.2020 00:00	3460.0	3460.0	3360.0	3440.0	24
26.11.2020 00:00	3360.0	3620.0	3360.0	3520.0	28
27.11.2020 00:00	3420.0	3540.0	3420.0	3540.0	15
30.11.2020 00:00	3460.0	3460.0	3460.0	3460.0	6
01.12.2020 00:00	3460.0	3600.0	3460.0	3540.0	42
02.12.2020 00:00	3600.0	3600.0	3460.0	3460.0	23
03.12.2020 00:00	3440.0	3620.0	3440.0	3620.0	27
04.12.2020 00:00	3620.0	3900.0	3480.0	3620.0	380
07.12.2020 00:00	3640.0	3740.0	3500.0	3680.0	155
08.12.2020 00:00	3620.0	3640.0	3600.0	3640.0	10
09.12.2020 00:00	3600.0	3640.0	3500.0	3640.0	20
10.12.2020 00:00	3520.0	3680.0	3520.0	3620.0	24
11.12.2020 00:00	3580.0	3680.0	3400.0	3600.0	79
14.12.2020 00:00	3560.0	3580.0	3520.0	3580.0	14
15.12.2020 00:00	3520.0	3520.0	3420.0	3500.0	21
16.12.2020 00:00	3460.0	3500.0	3440.0	3440.0	22
17.12.2020 00:00	3480.0	3500.0	3440.0	3500.0	45
18.12.2020 00:00	3580.0	3580.0	3460.0	3460.0	12
21.12.2020 00:00	3460.0	3460.0	3460.0	3460.0	7
22.12.2020 00:00	3600.0	3620.0	3480.0	3480.0	18
23.12.2020 00:00	3460.0	3620.0	3460.0	3480.0	59
24.12.2020 00:00	3540.0	3540.0	3480.0	3500.0	13
25.12.2020 00:00	3500.0	3520.0	3500.0	3500.0	5
28.12.2020 00:00	3560.0	3560.0	3480.0	3500.0	33
29.12.2020 00:00	3480.0	3520.0	3480.0	3480.0	4
30.12.2020 00:00	3560.0	3580.0	3540.0	3540.0	10
04.01.2021 00:00	3540.0	3540.0	3540.0	3540.0	1
05.01.2021 00:00	3480.0	3540.0	3400.0	3480.0	60
06.01.2021 00:00	3480.0	3500.0	3460.0	3460.0	21
08.01.2021 00:00	3460.0	3460.0	3400.0	3440.0	50
11.01.2021 00:00	3420.0	3440.0	3420.0	3440.0	10
12.01.2021 00:00	3500.0	3500.0	3460.0	3480.0	8
13.01.2021 00:00	3400.0	3500.0	3400.0	3480.0	6
14.01.2021 00:00	3500.0	4800.0	3500.0	3640.0	2936
15.01.2021 00:00	3760.0	4120.0	3700.0	3860.0	739
18.01.2021 00:00	3920.0	4040.0	3760.0	3780.0	172
19.01.2021 00:00	3740.0	3840.0	3700.0	3760.0	60
20.01.2021 00:00	3660.0	4500.0	3640.0	3860.0	1898
21.01.2021 00:00	3980.0	5380.0	3980.0	5380.0	3866
22.01.2021 00:00	5380.0	7500.0	5320.0	6540.0	7998
25.01.2021 00:00	7000.0	7400.0	5160.0	5680.0	3006
26.01.2021 00:00	5820.0	5980.0	5100.0	5160.0	577
27.01.2021 00:00	5020.0	5220.0	4800.0	4860.0	667
28.01.2021 00:00	4780.0	4900.0	4720.0	4740.0	345
29.01.2021 00:00	4680.0	4960.0	4680.0	4760.0	243
01.02.2021 00:00	4820.0	5160.0	4800.0	4840.0	349
02.02.2021 00:00	4860.0	4960.0	4620.0	4700.0	214
03.02.2021 00:00	4760.0	4760.0	4600.0	4600.0	117
04.02.2021 00:00	4620.0	4780.0	4620.0	4680.0	65
05.02.2021 00:00	4640.0	4740.0	4600.0	4600.0	65
08.02.2021 00:00	4560.0	4660.0	4540.0	4600.0	75
09.02.2021 00:00	4560.0	4560.0	4460.0	4500.0	136
10.02.2021 00:00	4460.0	4580.0	4400.0	4520.0	144
11.02.2021 00:00	4420.0	4920.0	4400.0	4440.0	719
12.02.2021 00:00	4440.0	4560.0	4360.0	4440.0	98
15.02.2021 00:00	4440.0	4660.0	4400.0	4400.0	98
16.02.2021 00:00	4460.0	4760.0	4400.0	4460.0	328
17.02.2021 00:00	4560.0	4740.0	4500.0	4580.0	199
18.02.2021 00:00	4500.0	4600.0	4440.0	4520.0	77
19.02.2021 00:00	4480.0	4560.0	4420.0	4500.0	73
20.02.2021 00:00	4420.0	4980.0	4420.0	4500.0	412
22.02.2021 00:00	4460.0	5260.0	4460.0	4580.0	1063
24.02.2021 00:00	4580.0	4820.0	4520.0	4540.0	168
25.02.2021 00:00	4600.0	4680.0	4400.0	4400.0	203
26.02.2021 00:00	4460.0	4540.0	4380.0	4380.0	69
01.03.2021 00:00	4440.0	4460.0	4360.0	4360.0	55
02.03.2021 00:00	4360.0	4360.0	4300.0	4340.0	63
03.03.2021 00:00	4380.0	4500.0	4380.0	4480.0	42
04.03.2021 00:00	4480.0	4600.0	4340.0	4360.0	52
05.03.2021 00:00	4380.0	4400.0	4320.0	4320.0	36
09.03.2021 00:00	4420.0	4700.0	4300.0	4340.0	408
10.03.2021 00:00	4240.0	4380.0	4220.0	4280.0	90
11.03.2021 00:00	4380.0	4380.0	4260.0	4340.0	40
12.03.2021 00:00	4320.0	4320.0	4200.0	4260.0	51
15.03.2021 00:00	4200.0	4300.0	4200.0	4280.0	68
16.03.2021 00:00	4240.0	4300.0	4240.0	4240.0	22
17.03.2021 00:00	4160.0	4380.0	4160.0	4260.0	75
18.03.2021 00:00	4260.0	4280.0	4220.0	4280.0	22
19.03.2021 00:00	4160.0	4280.0	4160.0	4220.0	11
22.03.2021 00:00	4220.0	4240.0	4200.0	4240.0	6
23.03.2021 00:00	4200.0	4240.0	4200.0	4240.0	15
24.03.2021 00:00	4160.0	4240.0	4160.0	4220.0	18
25.03.2021 00:00	4240.0	4240.0	4160.0	4160.0	8
26.03.2021 00:00	4240.0	4500.0	4160.0	4180.0	303
29.03.2021 00:00	4160.0	4180.0	4120.0	4140.0	35
30.03.2021 00:00	4160.0	4160.0	4100.0	4140.0	19
31.03.2021 00:00	4160.0	4160.0	4100.0	4140.0	40
01.04.2021 00:00	4200.0	4560.0	4120.0	4300.0	460
02.04.2021 00:00	4360.0	4360.0	4200.0	4300.0	42
05.04.2021 00:00	4380.0	4480.0	4280.0	4300.0	27
06.04.2021 00:00	4260.0	4460.0	4160.0	4220.0	68
07.04.2021 00:00	4320.0	4380.0	4160.0	4160.0	66
08.04.2021 00:00	4300.0	4300.0	4200.0	4260.0	17
09.04.2021 00:00	4260.0	4260.0	4200.0	4240.0	9
12.04.2021 00:00	4240.0	4280.0	4180.0	4200.0	22
13.04.2021 00:00	4220.0	4280.0	4220.0	4280.0	8
14.04.2021 00:00	4220.0	4220.0	4220.0	4220.0	2
15.04.2021 00:00	4220.0	4300.0	4220.0	4300.0	19
16.04.2021 00:00	4300.0	4480.0	4220.0	4240.0	100
19.04.2021 00:00	4300.0	4300.0	4220.0	4300.0	9
20.04.2021 00:00	4240.0	4280.0	4200.0	4240.0	42
21.04.2021 00:00	4220.0	4700.0	4220.0	4280.0	801
22.04.2021 00:00	4220.0	4240.0	4180.0	4220.0	79
23.04.2021 00:00	4240.0	4340.0	4160.0	4340.0	61
26.04.2021 00:00	4200.0	4360.0	4180.0	4240.0	106
27.04.2021 00:00	4220.0	4360.0	4200.0	4240.0	90
28.04.2021 00:00	4220.0	4240.0	4180.0	4240.0	21
29.04.2021 00:00	4180.0	4200.0	4180.0	4180.0	6
30.04.2021 00:00	4180.0	4280.0	4180.0	4200.0	30
04.05.2021 00:00	4180.0	4260.0	4180.0	4220.0	21
05.05.2021 00:00	4260.0	4420.0	4200.0	4340.0	82
06.05.2021 00:00	4300.0	4300.0	4260.0	4260.0	38
07.05.2021 00:00	4240.0	4240.0	4220.0	4240.0	7
10.05.2021 00:00	4220.0	4220.0	4200.0	4200.0	7
11.05.2021 00:00	4260.0	4320.0	4260.0	4280.0	50
12.05.2021 00:00	4260.0	4300.0	4200.0	4220.0	39
13.05.2021 00:00	4220.0	4220.0	4200.0	4220.0	14
14.05.2021 00:00	4260.0	4260.0	4260.0	4260.0	3
17.05.2021 00:00	4280.0	4300.0	4220.0	4220.0	19
18.05.2021 00:00	4240.0	4360.0	4220.0	4220.0	55
19.05.2021 00:00	4220.0	4300.0	4200.0	4280.0	21
20.05.2021 00:00	4300.0	4320.0	4260.0	4280.0	7
21.05.2021 00:00	4320.0	4320.0	4200.0	4200.0	44
24.05.2021 00:00	4220.0	4260.0	4220.0	4240.0	21
25.05.2021 00:00	4300.0	4300.0	4260.0	4280.0	13
26.05.2021 00:00	4300.0	4300.0	4200.0	4220.0	32
27.05.2021 00:00	4200.0	4240.0	4160.0	4220.0	44
28.05.2021 00:00	4180.0	4200.0	4120.0	4200.0	20
31.05.2021 00:00	4220.0	4240.0	4180.0	4220.0	11
01.06.2021 00:00	4240.0	4260.0	4200.0	4200.0	6
02.06.2021 00:00	4240.0	4240.0	4240.0	4240.0	1
03.06.2021 00:00	4260.0	4260.0	4200.0	4260.0	11
04.06.2021 00:00	4240.0	4300.0	4240.0	4300.0	20
07.06.2021 00:00	4260.0	4300.0	4260.0	4300.0	3
08.06.2021 00:00	4300.0	4300.0	4240.0	4280.0	6
09.06.2021 00:00	4260.0	4280.0	4240.0	4240.0	9
10.06.2021 00:00	4300.0	4300.0	4120.0	4180.0	71
11.06.2021 00:00	4180.0	4260.0	4180.0	4220.0	20
14.06.2021 00:00	4180.0	4320.0	4160.0	4180.0	64
15.06.2021 00:00	4200.0	4200.0	4200.0	4200.0	3
16.06.2021 00:00	4200.0	4220.0	4180.0	4180.0	3
17.06.2021 00:00	4220.0	4220.0	4180.0	4200.0	8
18.06.2021 00:00	4200.0	4200.0	4180.0	4180.0	2
21.06.2021 00:00	4220.0	4220.0	4160.0	4160.0	10
22.06.2021 00:00	4180.0	4300.0	4160.0	4300.0	18
23.06.2021 00:00	4260.0	4260.0	4200.0	4260.0	5
24.06.2021 00:00	4260.0	4260.0	4260.0	4260.0	2
25.06.2021 00:00	4220.0	4220.0	4220.0	4220.0	2
28.06.2021 00:00	4200.0	4200.0	4160.0	4180.0	19
29.06.2021 00:00	4220.0	4240.0	4220.0	4240.0	2
30.06.2021 00:00	4200.0	4220.0	4160.0	4200.0	13
01.07.2021 00:00	4180.0	4180.0	4160.0	4160.0	20
02.07.2021 00:00	4180.0	4220.0	4140.0	4140.0	30
05.07.2021 00:00	4180.0	4180.0	4140.0	4180.0	10
06.07.2021 00:00	4180.0	4180.0	4160.0	4160.0	2
07.07.2021 00:00	4140.0	4140.0	4140.0	4140.0	2
08.07.2021 00:00	4160.0	4160.0	4160.0	4160.0	4
09.07.2021 00:00	4160.0	4160.0	4140.0	4160.0	6
12.07.2021 00:00	4140.0	4140.0	4000.0	4060.0	52
13.07.2021 00:00	4100.0	4100.0	4040.0	4040.0	24
14.07.2021 00:00	4100.0	4100.0	4000.0	4060.0	23
15.07.2021 00:00	4080.0	4080.0	3920.0	3920.0	30
16.07.2021 00:00	4000.0	4220.0	4000.0	4080.0	66
19.07.2021 00:00	4060.0	4060.0	4000.0	4020.0	8
20.07.2021 00:00	4040.0	4040.0	3980.0	4000.0	16
21.07.2021 00:00	4020.0	4020.0	3920.0	3940.0	21
22.07.2021 00:00	3940.0	4120.0	3940.0	4000.0	31
23.07.2021 00:00	3980.0	4040.0	3940.0	4040.0	21
26.07.2021 00:00	4040.0	4040.0	3940.0	3940.0	22
27.07.2021 00:00	3920.0	3980.0	3920.0	3980.0	4
28.07.2021 00:00	3920.0	3980.0	3900.0	3980.0	14
29.07.2021 00:00	4000.0	4000.0	4000.0	4000.0	4
30.07.2021 00:00	4000.0	4000.0	3920.0	3940.0	11
02.08.2021 00:00	3960.0	4000.0	3960.0	4000.0	6
03.08.2021 00:00	3960.0	3960.0	3900.0	3900.0	21
04.08.2021 00:00	3900.0	3960.0	3900.0	3960.0	2
06.08.2021 00:00	3900.0	3960.0	3900.0	3960.0	3
09.08.2021 00:00	3960.0	3960.0	3840.0	3940.0	21
10.08.2021 00:00	3960.0	3960.0	3920.0	3920.0	4
11.08.2021 00:00	3900.0	3960.0	3900.0	3960.0	6
12.08.2021 00:00	3920.0	3940.0	3820.0	3900.0	52
13.08.2021 00:00	3900.0	5440.0	3900.0	4960.0	2901
16.08.2021 00:00	5140.0	5140.0	4320.0	4640.0	638
17.08.2021 00:00	4920.0	4920.0	4060.0	4140.0	509
18.08.2021 00:00	4200.0	4320.0	4080.0	4120.0	258
19.08.2021 00:00	4080.0	4240.0	4080.0	4120.0	89
20.08.2021 00:00	4100.0	4100.0	3880.0	4000.0	324
23.08.2021 00:00	3980.0	4060.0	3920.0	4020.0	47
24.08.2021 00:00	4020.0	4200.0	3900.0	3980.0	197
25.08.2021 00:00	3960.0	4060.0	3920.0	4000.0	43
26.08.2021 00:00	4000.0	4080.0	3960.0	4000.0	56
27.08.2021 00:00	4000.0	4020.0	3960.0	4000.0	31
30.08.2021 00:00	3960.0	4060.0	3940.0	3980.0	124
31.08.2021 00:00	3960.0	4020.0	3960.0	3980.0	75
01.09.2021 00:00	4000.0	4020.0	3960.0	4000.0	10
02.09.2021 00:00	4000.0	4680.0	4000.0	4060.0	1133
03.09.2021 00:00	4060.0	4060.0	4000.0	4000.0	141
06.09.2021 00:00	4040.0	4040.0	3960.0	3980.0	88
07.09.2021 00:00	3960.0	4020.0	3960.0	4020.0	66
08.09.2021 00:00	4020.0	4040.0	4000.0	4020.0	6
09.09.2021 00:00	3980.0	4000.0	3960.0	4000.0	17
10.09.2021 00:00	3980.0	4000.0	3980.0	4000.0	6
13.09.2021 00:00	4000.0	4040.0	3980.0	4000.0	24
14.09.2021 00:00	4020.0	4900.0	4000.0	4840.0	782
15.09.2021 00:00	4920.0	4920.0	4220.0	4300.0	372
16.09.2021 00:00	4300.0	4300.0	4060.0	4160.0	107
17.09.2021 00:00	4180.0	4260.0	4100.0	4180.0	31
20.09.2021 00:00	4140.0	4400.0	4100.0	4300.0	71
21.09.2021 00:00	4240.0	4840.0	4120.0	4180.0	504
22.09.2021 00:00	4240.0	4460.0	4120.0	4240.0	167
23.09.2021 00:00	4200.0	4300.0	4120.0	4240.0	162
24.09.2021 00:00	4240.0	4400.0	4240.0	4240.0	39
27.09.2021 00:00	4240.0	4260.0	4180.0	4240.0	29
28.09.2021 00:00	4280.0	4280.0	4260.0	4260.0	3
29.09.2021 00:00	4220.0	4240.0	4200.0	4240.0	7
30.09.2021 00:00	4280.0	4440.0	4260.0	4260.0	66
01.10.2021 00:00	4240.0	4240.0	4100.0	4200.0	49
04.10.2021 00:00	4160.0	4200.0	4160.0	4200.0	10
05.10.2021 00:00	4160.0	4240.0	4160.0	4220.0	33
06.10.2021 00:00	4280.0	4340.0	4160.0	4180.0	33
07.10.2021 00:00	4300.0	4300.0	4200.0	4240.0	7
08.10.2021 00:00	4240.0	4240.0	4200.0	4200.0	6
11.10.2021 00:00	4200.0	4200.0	4140.0	4200.0	23
12.10.2021 00:00	4200.0	4200.0	4200.0	4200.0	17
13.10.2021 00:00	4200.0	4360.0	4200.0	4240.0	32
14.10.2021 00:00	4340.0	4340.0	4220.0	4260.0	28
15.10.2021 00:00	4280.0	4340.0	4220.0	4320.0	49
18.10.2021 00:00	4360.0	4400.0	4100.0	4220.0	226
19.10.2021 00:00	4300.0	4400.0	4160.0	4360.0	205
20.10.2021 00:00	4360.0	5140.0	4240.0	4760.0	753
21.10.2021 00:00	4700.0	5500.0	4520.0	4560.0	404
22.10.2021 00:00	4600.0	6360.0	4500.0	5260.0	2914
25.10.2021 00:00	5120.0	5400.0	4700.0	4860.0	803
26.10.2021 00:00	5160.0	5160.0	4620.0	4700.0	281
27.10.2021 00:00	4620.0	4620.0	4380.0	4500.0	170
28.10.2021 00:00	4600.0	4800.0	4400.0	4540.0	203
29.10.2021 00:00	4460.0	4480.0	4440.0	4460.0	31
01.11.2021 00:00	4360.0	4620.0	4220.0	4400.0	139
02.11.2021 00:00	4320.0	5960.0	4320.0	5000.0	3756
03.11.2021 00:00	5080.0	5100.0	4600.0	4660.0	442
05.11.2021 00:00	4740.0	5480.0	4660.0	4780.0	769
08.11.2021 00:00	4740.0	5360.0	4740.0	4900.0	423
09.11.2021 00:00	4920.0	5000.0	4500.0	4820.0	335
10.11.2021 00:00	5000.0	5740.0	4480.0	4760.0	1252
11.11.2021 00:00	4800.0	5200.0	4800.0	5080.0	474
12.11.2021 00:00	5200.0	5260.0	4800.0	4880.0	283
15.11.2021 00:00	4800.0	4960.0	4800.0	4880.0	46
16.11.2021 00:00	5140.0	5140.0	4840.0	4920.0	145
17.11.2021 00:00	4840.0	4920.0	4840.0	4880.0	25
18.11.2021 00:00	4820.0	4840.0	4700.0	4800.0	93
19.11.2021 00:00	4740.0	4820.0	4680.0	4680.0	48
22.11.2021 00:00	4680.0	4680.0	4580.0	4580.0	60
23.11.2021 00:00	4740.0	4860.0	4500.0	4580.0	239
24.11.2021 00:00	4580.0	5400.0	4580.0	5200.0	1214
25.11.2021 00:00	5200.0	5400.0	4800.0	5140.0	677
26.11.2021 00:00	5000.0	6800.0	5000.0	5700.0	2412
29.11.2021 00:00	5900.0	7500.0	5540.0	7120.0	2874
30.11.2021 00:00	6720.0	7160.0	6080.0	6120.0	1681
01.12.2021 00:00	6100.0	6980.0	6100.0	6360.0	1039
02.12.2021 00:00	6420.0	6440.0	6000.0	6280.0	369
03.12.2021 00:00	6260.0	6440.0	6000.0	6080.0	149
06.12.2021 00:00	6060.0	6080.0	5400.0	5440.0	222
07.12.2021 00:00	5420.0	5500.0	5100.0	5340.0	149
08.12.2021 00:00	5340.0	5400.0	5160.0	5280.0	37
09.12.2021 00:00	5240.0	5760.0	5040.0	5260.0	330
10.12.2021 00:00	5140.0	5320.0	5060.0	5300.0	68
13.12.2021 00:00	5240.0	5240.0	4600.0	4780.0	242
14.12.2021 00:00	4780.0	4980.0	4600.0	4760.0	256
15.12.2021 00:00	4800.0	4940.0	4720.0	4840.0	111
16.12.2021 00:00	4920.0	5160.0	4880.0	5040.0	208
17.12.2021 00:00	5080.0	5080.0	4860.0	4980.0	38
20.12.2021 00:00	4900.0	5020.0	4880.0	5020.0	20
21.12.2021 00:00	5000.0	5000.0	4860.0	5000.0	12
22.12.2021 00:00	4880.0	5140.0	4860.0	5000.0	44
23.12.2021 00:00	4980.0	4980.0	4880.0	4920.0	21
24.12.2021 00:00	4860.0	4940.0	4740.0	4860.0	47
27.12.2021 00:00	4760.0	4920.0	4760.0	4900.0	29
28.12.2021 00:00	4940.0	4960.0	4920.0	4960.0	11
29.12.2021 00:00	4960.0	4960.0	4760.0	4840.0	33
30.12.2021 00:00	4840.0	4840.0	4760.0	4820.0	27
03.01.2022 00:00	4940.0	5080.0	4940.0	5000.0	38
04.01.2022 00:00	4940.0	4980.0	4940.0	4960.0	11
05.01.2022 00:00	4860.0	4980.0	4860.0	4940.0	18
06.01.2022 00:00	5000.0	5000.0	4860.0	4940.0	32
10.01.2022 00:00	5000.0	5000.0	5000.0	5000.0	3
11.01.2022 00:00	4980.0	5000.0	4940.0	4980.0	11
12.01.2022 00:00	4960.0	4960.0	4920.0	4960.0	24
13.01.2022 00:00	4920.0	5000.0	4800.0	4940.0	80
14.01.2022 00:00	4860.0	4860.0	4800.0	4860.0	26
17.01.2022 00:00	4780.0	4860.0	4640.0	4640.0	22
18.01.2022 00:00	4620.0	4620.0	4420.0	4580.0	17
19.01.2022 00:00	4580.0	4580.0	4420.0	4520.0	30
20.01.2022 00:00	4440.0	4520.0	4440.0	4520.0	12
21.01.2022 00:00	4500.0	4500.0	4420.0	4420.0	12
24.01.2022 00:00	4460.0	4460.0	4240.0	4320.0	20
25.01.2022 00:00	4300.0	4900.0	4260.0	4360.0	139
26.01.2022 00:00	4280.0	4400.0	4180.0	4380.0	65
27.01.2022 00:00	4300.0	4360.0	4200.0	4340.0	27
28.01.2022 00:00	4360.0	4580.0	4300.0	4520.0	58
31.01.2022 00:00	4420.0	4700.0	4420.0	4660.0	25
01.02.2022 00:00	4660.0	4740.0	4660.0	4660.0	27
02.02.2022 00:00	4740.0	4980.0	4740.0	4780.0	127
03.02.2022 00:00	4780.0	4820.0	4720.0	4820.0	9
04.02.2022 00:00	4840.0	4840.0	4720.0	4800.0	8
07.02.2022 00:00	4740.0	4840.0	4740.0	4840.0	4
08.02.2022 00:00	4740.0	4820.0	4740.0	4820.0	4
09.02.2022 00:00	4760.0	5200.0	4760.0	4940.0	136
10.02.2022 00:00	4860.0	4980.0	4860.0	4980.0	9
11.02.2022 00:00	4920.0	4920.0	4860.0	4900.0	12
14.02.2022 00:00	4800.0	4800.0	4620.0	4800.0	64
15.02.2022 00:00	4640.0	4960.0	4640.0	4960.0	79
16.02.2022 00:00	4980.0	5440.0	4720.0	5120.0	304
17.02.2022 00:00	4960.0	5120.0	4800.0	4960.0	16
18.02.2022 00:00	4900.0	4900.0	4760.0	4800.0	44
21.02.2022 00:00	4780.0	4820.0	4500.0	4500.0	47
22.02.2022 00:00	4200.0	4400.0	3900.0	4360.0	67
24.02.2022 00:00	4300.0	4300.0	3120.0	3900.0	23
25.02.2022 00:00	4040.0	4300.0	4040.0	4300.0	28
28.03.2022 00:00	4020.0	5200.0	3820.0	3820.0	32
29.03.2022 00:00	4020.0	5000.0	4020.0	4400.0	63
30.03.2022 00:00	4900.0	5000.0	4500.0	4520.0	33
31.03.2022 00:00	4520.0	4900.0	4520.0	4800.0	34
01.04.2022 00:00	4800.0	4800.0	4400.0	4440.0	45
04.04.2022 00:00	4500.0	5440.0	4500.0	5020.0	374
05.04.2022 00:00	4900.0	4940.0	4660.0	4900.0	51
06.04.2022 00:00	4680.0	4880.0	4680.0	4720.0	17
07.04.2022 00:00	4820.0	4840.0	4680.0	4700.0	22
08.04.2022 00:00	4680.0	4720.0	4620.0	4620.0	17
11.04.2022 00:00	4780.0	5000.0	4760.0	4940.0	122
12.04.2022 00:00	4740.0	4980.0	4720.0	4820.0	25
13.04.2022 00:00	4980.0	4980.0	4980.0	4980.0	1
14.04.2022 00:00	4900.0	4940.0	4760.0	4760.0	7
15.04.2022 00:00	4680.0	4700.0	4500.0	4620.0	44
18.04.2022 00:00	4620.0	4620.0	4600.0	4620.0	8
19.04.2022 00:00	4600.0	4880.0	4520.0	4680.0	34
20.04.2022 00:00	4520.0	4860.0	4520.0	4740.0	56
21.04.2022 00:00	4740.0	4740.0	4580.0	4660.0	8
22.04.2022 00:00	4640.0	4640.0	4640.0	4640.0	1
25.04.2022 00:00	4640.0	4640.0	4420.0	4540.0	35
26.04.2022 00:00	4460.0	4580.0	4440.0	4520.0	13
27.04.2022 00:00	4620.0	4720.0	4520.0	4600.0	10
28.04.2022 00:00	4560.0	4700.0	4500.0	4580.0	38
29.04.2022 00:00	4600.0	4600.0	4400.0	4500.0	61
04.05.2022 00:00	4560.0	4560.0	4480.0	4480.0	9
05.05.2022 00:00	4540.0	4540.0	4300.0	4340.0	36
06.05.2022 00:00	4340.0	4420.0	4300.0	4420.0	9
11.05.2022 00:00	4400.0	4720.0	4400.0	4520.0	53
12.05.2022 00:00	4520.0	4720.0	4420.0	4420.0	33
13.05.2022 00:00	4420.0	4420.0	4200.0	4300.0	35
16.05.2022 00:00	4420.0	4420.0	4320.0	4320.0	4
17.05.2022 00:00	4420.0	4420.0	4420.0	4420.0	1
18.05.2022 00:00	4420.0	4420.0	4340.0	4340.0	10
19.05.2022 00:00	4500.0	4500.0	4400.0	4460.0	7
20.05.2022 00:00	4400.0	4400.0	4360.0	4360.0	5
23.05.2022 00:00	4460.0	4560.0	4400.0	4440.0	17
24.05.2022 00:00	4420.0	4440.0	4420.0	4440.0	3
25.05.2022 00:00	4360.0	4360.0	3900.0	4200.0	61
26.05.2022 00:00	4200.0	4280.0	4200.0	4240.0	5
27.05.2022 00:00	4020.0	4320.0	4020.0	4300.0	25
30.05.2022 00:00	4340.0	4340.0	4240.0	4240.0	4
31.05.2022 00:00	4160.0	4240.0	4160.0	4200.0	20
01.06.2022 00:00	4080.0	4160.0	4080.0	4160.0	2
02.06.2022 00:00	4200.0	4300.0	4100.0	4200.0	9
03.06.2022 00:00	4200.0	4300.0	4080.0	4260.0	9
06.06.2022 00:00	4180.0	4280.0	4180.0	4280.0	2
07.06.2022 00:00	4040.0	4120.0	4040.0	4120.0	2
08.06.2022 00:00	4060.0	4080.0	3960.0	4060.0	20
09.06.2022 00:00	4040.0	4060.0	4040.0	4060.0	2
10.06.2022 00:00	4120.0	4120.0	3980.0	4020.0	8
14.06.2022 00:00	3980.0	3980.0	3960.0	3980.0	14
15.06.2022 00:00	3920.0	4000.0	3920.0	4000.0	11
16.06.2022 00:00	4080.0	4200.0	4020.0	4100.0	26
17.06.2022 00:00	4040.0	4360.0	4020.0	4060.0	55
20.06.2022 00:00	4060.0	4120.0	4000.0	4120.0	18
21.06.2022 00:00	4140.0	4140.0	4140.0	4140.0	1
22.06.2022 00:00	4100.0	4100.0	4100.0	4100.0	1
24.06.2022 00:00	4100.0	4100.0	3980.0	4060.0	14
27.06.2022 00:00	4140.0	4140.0	4140.0	4140.0	1
28.06.2022 00:00	4000.0	4140.0	4000.0	4140.0	13
29.06.2022 00:00	4180.0	4260.0	4100.0	4100.0	13
30.06.2022 00:00	4040.0	4100.0	4020.0	4100.0	6
01.07.2022 00:00	4040.0	4040.0	4000.0	4040.0	9
04.07.2022 00:00	4040.0	4040.0	3980.0	3980.0	5
05.07.2022 00:00	3980.0	3980.0	3980.0	3980.0	3
07.07.2022 00:00	4140.0	4200.0	4060.0	4100.0	21
08.07.2022 00:00	4280.0	4400.0	4020.0	4020.0	41
11.07.2022 00:00	4160.0	4840.0	4100.0	4420.0	463
12.07.2022 00:00	4500.0	4620.0	4100.0	4360.0	154
13.07.2022 00:00	4440.0	4780.0	4020.0	4200.0	187
14.07.2022 00:00	4180.0	4180.0	4020.0	4100.0	40
15.07.2022 00:00	4120.0	4120.0	4000.0	4040.0	28
18.07.2022 00:00	4020.0	4080.0	4000.0	4040.0	23
19.07.2022 00:00	4000.0	4200.0	4000.0	4200.0	13
20.07.2022 00:00	4160.0	4160.0	4020.0	4020.0	18
21.07.2022 00:00	4020.0	4160.0	4020.0	4040.0	30
22.07.2022 00:00	4040.0	4120.0	4040.0	4120.0	9
25.07.2022 00:00	4180.0	4180.0	4020.0	4060.0	36
26.07.2022 00:00	4120.0	4120.0	4080.0	4080.0	8
27.07.2022 00:00	4100.0	4100.0	4060.0	4080.0	4
28.07.2022 00:00	4060.0	4080.0	4020.0	4080.0	3
29.07.2022 00:00	4060.0	4100.0	4060.0	4060.0	16
01.08.2022 00:00	4120.0	4120.0	4120.0	4120.0	4
03.08.2022 00:00	4080.0	4080.0	4060.0	4080.0	4
04.08.2022 00:00	4020.0	4020.0	4020.0	4020.0	2
05.08.2022 00:00	4000.0	4020.0	4000.0	4020.0	7
08.08.2022 00:00	4060.0	4060.0	4020.0	4020.0	3
09.08.2022 00:00	4000.0	4040.0	3980.0	4040.0	9
10.08.2022 00:00	4000.0	4040.0	4000.0	4040.0	13
11.08.2022 00:00	4120.0	4220.0	3980.0	4000.0	19
12.08.2022 00:00	4000.0	4020.0	4000.0	4000.0	5
15.08.2022 00:00	4040.0	4060.0	4040.0	4060.0	14
16.08.2022 00:00	4060.0	4060.0	4060.0	4060.0	6
17.08.2022 00:00	4060.0	4080.0	4060.0	4060.0	7
18.08.2022 00:00	4060.0	4080.0	4020.0	4080.0	11
19.08.2022 00:00	4100.0	4260.0	4020.0	4040.0	65
22.08.2022 00:00	4100.0	4140.0	4100.0	4100.0	12
23.08.2022 00:00	4140.0	4580.0	4100.0	4160.0	262
24.08.2022 00:00	4160.0	4860.0	4140.0	4220.0	440
25.08.2022 00:00	4360.0	4540.0	4180.0	4220.0	70
26.08.2022 00:00	4160.0	4300.0	4160.0	4200.0	23
29.08.2022 00:00	4340.0	4560.0	4300.0	4300.0	80
30.08.2022 00:00	4720.0	5800.0	4440.0	4820.0	5242
31.08.2022 00:00	5020.0	5200.0	4320.0	4540.0	933
01.09.2022 00:00	4580.0	4900.0	4360.0	4440.0	194
02.09.2022 00:00	4460.0	4460.0	4300.0	4400.0	103
05.09.2022 00:00	4460.0	4640.0	4380.0	4460.0	95
06.09.2022 00:00	4460.0	4560.0	4360.0	4380.0	96
07.09.2022 00:00	4300.0	4420.0	4300.0	4420.0	80
08.09.2022 00:00	4440.0	4440.0	4340.0	4420.0	45
09.09.2022 00:00	4440.0	4580.0	4400.0	4420.0	38
12.09.2022 00:00	4520.0	4580.0	4500.0	4500.0	36
13.09.2022 00:00	4480.0	4520.0	4420.0	4500.0	39
14.09.2022 00:00	4520.0	4520.0	4300.0	4480.0	62
15.09.2022 00:00	4520.0	4760.0	4460.0	4600.0	369
16.09.2022 00:00	4700.0	4960.0	4660.0	4660.0	182
19.09.2022 00:00	4800.0	4820.0	4620.0	4720.0	38
20.09.2022 00:00	4740.0	4820.0	4600.0	4600.0	105
21.09.2022 00:00	4600.0	5200.0	4340.0	4500.0	366
22.09.2022 00:00	4500.0	4540.0	4420.0	4500.0	59
23.09.2022 00:00	4440.0	4460.0	4340.0	4360.0	82
26.09.2022 00:00	4300.0	4300.0	4140.0	4280.0	56
27.09.2022 00:00	4900.0	4900.0	4200.0	4200.0	31
28.09.2022 00:00	4200.0	4200.0	4200.0	4200.0	25
29.09.2022 00:00	3980.0	4740.0	3980.0	4120.0	83
30.09.2022 00:00	3980.0	4240.0	3980.0	4180.0	26
03.10.2022 00:00	4140.0	4380.0	4140.0	4300.0	14
04.10.2022 00:00	4500.0	4520.0	4320.0	4520.0	13
05.10.2022 00:00	4300.0	4480.0	4300.0	4480.0	9
06.10.2022 00:00	4320.0	4460.0	4320.0	4460.0	4
07.10.2022 00:00	4280.0	4400.0	4260.0	4400.0	7
10.10.2022 00:00	4360.0	4360.0	4360.0	4360.0	1
11.10.2022 00:00	4400.0	4400.0	4320.0	4400.0	12
12.10.2022 00:00	4380.0	4380.0	4120.0	4340.0	9
13.10.2022 00:00	4320.0	4400.0	4160.0	4320.0	24
14.10.2022 00:00	4300.0	4440.0	4300.0	4300.0	5
17.10.2022 00:00	4300.0	4360.0	4300.0	4360.0	8
18.10.2022 00:00	4200.0	4460.0	4180.0	4400.0	56
19.10.2022 00:00	4380.0	4540.0	4200.0	4280.0	14
20.10.2022 00:00	4220.0	4340.0	4220.0	4340.0	2
21.10.2022 00:00	4220.0	4340.0	4220.0	4320.0	7
24.10.2022 00:00	4260.0	4360.0	4260.0	4360.0	10
25.10.2022 00:00	4540.0	4540.0	4260.0	4400.0	97
26.10.2022 00:00	4420.0	4420.0	4260.0	4380.0	48
27.10.2022 00:00	4400.0	4400.0	4280.0	4340.0	9
28.10.2022 00:00	4360.0	4440.0	4260.0	4320.0	24
31.10.2022 00:00	4340.0	5980.0	4340.0	5980.0	3556
01.11.2022 00:00	5980.0	6060.0	5360.0	5440.0	773
02.11.2022 00:00	5440.0	5560.0	5000.0	5200.0	248
03.11.2022 00:00	5180.0	5200.0	5000.0	5120.0	78
07.11.2022 00:00	5040.0	5180.0	4900.0	4980.0	268
08.11.2022 00:00	5000.0	5000.0	4900.0	4940.0	56
09.11.2022 00:00	4880.0	5780.0	4880.0	5200.0	1500
10.11.2022 00:00	5140.0	5200.0	4920.0	5120.0	227
11.11.2022 00:00	5060.0	5400.0	5040.0	5220.0	228
14.11.2022 00:00	5280.0	5400.0	5080.0	5120.0	140
15.11.2022 00:00	5120.0	5120.0	4700.0	4940.0	211
16.11.2022 00:00	4940.0	5120.0	4760.0	4940.0	162
17.11.2022 00:00	4980.0	5000.0	4880.0	4980.0	17
18.11.2022 00:00	4880.0	4980.0	4860.0	4980.0	22
21.11.2022 00:00	4980.0	4980.0	4800.0	4940.0	22
22.11.2022 00:00	4940.0	4960.0	4860.0	4860.0	16
23.11.2022 00:00	4820.0	5340.0	4820.0	5100.0	189
24.11.2022 00:00	5180.0	5200.0	5020.0	5080.0	41
25.11.2022 00:00	5160.0	5180.0	4940.0	4940.0	32
28.11.2022 00:00	5080.0	5440.0	4900.0	5080.0	54
29.11.2022 00:00	5020.0	5100.0	4920.0	5020.0	86
30.11.2022 00:00	5040.0	5080.0	4940.0	4940.0	52
01.12.2022 00:00	4940.0	5000.0	4900.0	4940.0	33
02.12.2022 00:00	4960.0	5200.0	4880.0	5040.0	66
05.12.2022 00:00	5060.0	5160.0	4940.0	5140.0	18
06.12.2022 00:00	5040.0	5040.0	4900.0	5000.0	12
07.12.2022 00:00	4960.0	4960.0	4880.0	4920.0	33
08.12.2022 00:00	4960.0	5000.0	4940.0	5000.0	9
09.12.2022 00:00	5000.0	5000.0	4980.0	4980.0	3
12.12.2022 00:00	4920.0	5100.0	4900.0	4940.0	49
13.12.2022 00:00	4960.0	4980.0	4860.0	4940.0	88
14.12.2022 00:00	4940.0	4940.0	4900.0	4940.0	18
15.12.2022 00:00	4880.0	4960.0	4880.0	4960.0	10
16.12.2022 00:00	4900.0	4940.0	4900.0	4940.0	6
19.12.2022 00:00	4880.0	4940.0	4880.0	4940.0	3
20.12.2022 00:00	4940.0	4940.0	4940.0	4940.0	2
21.12.2022 00:00	4940.0	5200.0	4860.0	4900.0	194
22.12.2022 00:00	4960.0	5280.0	4900.0	5040.0	231
23.12.2022 00:00	5040.0	5160.0	5020.0	5120.0	70
26.12.2022 00:00	5060.0	5220.0	4920.0	5060.0	141
27.12.2022 00:00	5280.0	5280.0	4940.0	5100.0	54
28.12.2022 00:00	5020.0	5100.0	5000.0	5000.0	63
29.12.2022 00:00	5080.0	5080.0	4920.0	4980.0	83
30.12.2022 00:00	4960.0	5000.0	4940.0	5000.0	6
03.01.2023 00:00	4940.0	4980.0	4920.0	4980.0	19
04.01.2023 00:00	4960.0	5000.0	4940.0	5000.0	34
05.01.2023 00:00	5000.0	5120.0	5000.0	5000.0	73
06.01.2023 00:00	5060.0	6360.0	5060.0	5360.0	3033
09.01.2023 00:00	5460.0	5480.0	5160.0	5260.0	205
10.01.2023 00:00	5220.0	5220.0	5100.0	5200.0	38
11.01.2023 00:00	5280.0	5460.0	5180.0	5260.0	91
12.01.2023 00:00	5240.0	5360.0	5040.0	5240.0	84
13.01.2023 00:00	5360.0	5360.0	5160.0	5180.0	34
16.01.2023 00:00	5140.0	5340.0	5140.0	5240.0	35
17.01.2023 00:00	5260.0	5300.0	5160.0	5200.0	71
18.01.2023 00:00	5220.0	5880.0	5180.0	5440.0	758
19.01.2023 00:00	5600.0	5660.0	5240.0	5380.0	167
20.01.2023 00:00	5480.0	5480.0	5200.0	5240.0	141
23.01.2023 00:00	5480.0	5800.0	5240.0	5560.0	312
24.01.2023 00:00	5700.0	5840.0	5340.0	5540.0	253
25.01.2023 00:00	5540.0	6160.0	5380.0	5920.0	471
26.01.2023 00:00	6260.0	7420.0	6060.0	6860.0	3111
27.01.2023 00:00	6420.0	6800.0	6200.0	6740.0	861
30.01.2023 00:00	6700.0	6820.0	6360.0	6820.0	237
31.01.2023 00:00	6820.0	6820.0	6280.0	6480.0	289
01.02.2023 00:00	6480.0	6600.0	6340.0	6460.0	178
02.02.2023 00:00	6380.0	6520.0	6360.0	6360.0	133
03.02.2023 00:00	6360.0	6540.0	6360.0	6500.0	41
06.02.2023 00:00	6500.0	6520.0	6340.0	6460.0	210
07.02.2023 00:00	6360.0	6980.0	6360.0	6700.0	1134
08.02.2023 00:00	6760.0	8040.0	6760.0	7500.0	2593
09.02.2023 00:00	7400.0	7440.0	6760.0	7140.0	561
10.02.2023 00:00	7040.0	7420.0	6820.0	7000.0	213
13.02.2023 00:00	7080.0	7400.0	6880.0	6960.0	227
14.02.2023 00:00	6900.0	7000.0	6800.0	6860.0	106
15.02.2023 00:00	6820.0	6980.0	6360.0	6360.0	142
16.02.2023 00:00	6560.0	6560.0	6300.0	6420.0	88
17.02.2023 00:00	6320.0	6740.0	6320.0	6400.0	73
20.02.2023 00:00	6360.0	7200.0	6320.0	6580.0	510
21.02.2023 00:00	6360.0	6960.0	6360.0	6680.0	89
22.02.2023 00:00	6680.0	6820.0	6620.0	6620.0	27
24.02.2023 00:00	6680.0	6800.0	6660.0	6660.0	11
27.02.2023 00:00	6700.0	6700.0	6180.0	6600.0	169
28.02.2023 00:00	6640.0	6980.0	6320.0	6740.0	120
01.03.2023 00:00	6720.0	7000.0	6640.0	6880.0	117
02.03.2023 00:00	6840.0	7040.0	6480.0	6800.0	233
03.03.2023 00:00	6780.0	7180.0	6760.0	6800.0	246
06.03.2023 00:00	6860.0	7040.0	6760.0	6840.0	227
07.03.2023 00:00	6880.0	6980.0	6700.0	6800.0	35
09.03.2023 00:00	6760.0	6960.0	6760.0	6820.0	19
10.03.2023 00:00	6820.0	6820.0	6760.0	6760.0	10
13.03.2023 00:00	6580.0	7160.0	6400.0	6720.0	172
14.03.2023 00:00	6780.0	6780.0	6520.0	6620.0	63
15.03.2023 00:00	6560.0	6700.0	6560.0	6680.0	27
16.03.2023 00:00	6720.0	6920.0	6580.0	6660.0	125
17.03.2023 00:00	6700.0	6780.0	6700.0	6720.0	28
20.03.2023 00:00	6640.0	6700.0	6540.0	6700.0	157
21.03.2023 00:00	6660.0	6820.0	6600.0	6820.0	149
22.03.2023 00:00	6600.0	6960.0	6600.0	6800.0	87
23.03.2023 00:00	6980.0	7800.0	6780.0	7800.0	836
24.03.2023 00:00	7900.0	10760.0	7720.0	9740.0	9692
27.03.2023 00:00	10000.0	10700.0	9060.0	9340.0	1829
28.03.2023 00:00	9780.0	12740.0	9120.0	10740.0	10056
29.03.2023 00:00	11140.0	12940.0	10740.0	12220.0	6701
30.03.2023 00:00	12580.0	13700.0	11500.0	11940.0	2583
31.03.2023 00:00	12140.0	12180.0	11460.0	11700.0	746
03.04.2023 00:00	11460.0	11900.0	11060.0	11640.0	726
04.04.2023 00:00	11800.0	11800.0	11260.0	11560.0	382
05.04.2023 00:00	11560.0	11600.0	11300.0	11460.0	137
06.04.2023 00:00	11480.0	11700.0	11120.0	11320.0	241
07.04.2023 00:00	11320.0	11480.0	11240.0	11380.0	93
10.04.2023 00:00	11380.0	11540.0	11320.0	11460.0	143
11.04.2023 00:00	11540.0	11540.0	11120.0	11220.0	152
12.04.2023 00:00	11160.0	11400.0	11080.0	11380.0	88
13.04.2023 00:00	11260.0	11360.0	11160.0	11240.0	34
14.04.2023 00:00	11360.0	11400.0	11180.0	11200.0	19
17.04.2023 00:00	11220.0	11540.0	11220.0	11340.0	218
18.04.2023 00:00	11500.0	11500.0	11340.0	11420.0	84
19.04.2023 00:00	11480.0	11480.0	11280.0	11340.0	148
20.04.2023 00:00	11260.0	11440.0	11180.0	11240.0	58
21.04.2023 00:00	11260.0	11260.0	11020.0	11200.0	52
24.04.2023 00:00	11320.0	11420.0	11040.0	11140.0	78
25.04.2023 00:00	11160.0	11160.0	11000.0	11100.0	100
26.04.2023 00:00	11020.0	11020.0	10180.0	10680.0	192
27.04.2023 00:00	10740.0	10760.0	9400.0	10000.0	178
28.04.2023 00:00	9880.0	10000.0	9500.0	10000.0	159
02.05.2023 00:00	10000.0	10360.0	9840.0	10360.0	115
03.05.2023 00:00	10360.0	11080.0	9820.0	10660.0	185
04.05.2023 00:00	10380.0	10760.0	10280.0	10320.0	42
05.05.2023 00:00	10100.0	10360.0	9300.0	9720.0	212
08.05.2023 00:00	9720.0	9880.0	9460.0	9760.0	46
10.05.2023 00:00	9640.0	11000.0	9480.0	10480.0	245
11.05.2023 00:00	10160.0	10580.0	10080.0	10500.0	199
12.05.2023 00:00	10260.0	10480.0	10000.0	10320.0	68
15.05.2023 00:00	10480.0	10480.0	10100.0	10280.0	27
16.05.2023 00:00	10280.0	10480.0	10200.0	10220.0	17
17.05.2023 00:00	10120.0	10500.0	10120.0	10480.0	90
18.05.2023 00:00	10280.0	10480.0	10220.0	10340.0	38
19.05.2023 00:00	10340.0	10400.0	10340.0	10340.0	13
22.05.2023 00:00	10500.0	12300.0	10400.0	11200.0	3083
23.05.2023 00:00	11300.0	11300.0	10020.0	10200.0	746
24.05.2023 00:00	10360.0	10500.0	10000.0	10020.0	274
25.05.2023 00:00	10020.0	10300.0	10020.0	10100.0	157
26.05.2023 00:00	9960.0	10100.0	9960.0	10060.0	86
29.05.2023 00:00	10100.0	10360.0	10020.0	10140.0	83
30.05.2023 00:00	10140.0	10140.0	9900.0	10000.0	117
31.05.2023 00:00	9980.0	10040.0	9960.0	9960.0	62
01.06.2023 00:00	9920.0	10000.0	9920.0	9980.0	14
02.06.2023 00:00	9920.0	9920.0	9880.0	9880.0	30
05.06.2023 00:00	9840.0	9880.0	9720.0	9880.0	50
06.06.2023 00:00	9860.0	9860.0	9020.0	9660.0	174
07.06.2023 00:00	9660.0	10660.0	9660.0	9700.0	506
08.06.2023 00:00	9840.0	10060.0	9760.0	10000.0	117
09.06.2023 00:00	10000.0	10020.0	9600.0	9820.0	96
13.06.2023 00:00	9700.0	9960.0	9700.0	9860.0	60
14.06.2023 00:00	9920.0	9960.0	9820.0	9960.0	49
15.06.2023 00:00	9980.0	10180.0	9880.0	9940.0	92
16.06.2023 00:00	9900.0	10320.0	9900.0	9980.0	81
19.06.2023 00:00	10340.0	10380.0	10000.0	10100.0	101
20.06.2023 00:00	10120.0	10500.0	10040.0	10200.0	79
21.06.2023 00:00	10320.0	10320.0	9900.0	9900.0	134
22.06.2023 00:00	9980.0	10260.0	9960.0	10060.0	208
23.06.2023 00:00	10200.0	11200.0	10140.0	10220.0	1109
26.06.2023 00:00	10240.0	10300.0	10040.0	10160.0	92
27.06.2023 00:00	10100.0	10300.0	10080.0	10200.0	30
28.06.2023 00:00	10340.0	10400.0	10200.0	10260.0	75
29.06.2023 00:00	10200.0	10280.0	10120.0	10140.0	14
30.06.2023 00:00	10200.0	10360.0	10140.0	10200.0	44
03.07.2023 00:00	10160.0	10340.0	10160.0	10180.0	53
04.07.2023 00:00	10180.0	10180.0	9760.0	10000.0	113
05.07.2023 00:00	10000.0	10260.0	10000.0	10080.0	34
06.07.2023 00:00	10100.0	12100.0	10000.0	11080.0	2076
07.07.2023 00:00	11000.0	11620.0	10160.0	10580.0	894
10.07.2023 00:00	10800.0	10800.0	10080.0	10480.0	218
11.07.2023 00:00	10480.0	10520.0	10080.0	10100.0	230
12.07.2023 00:00	10700.0	10700.0	10200.0	10420.0	241
13.07.2023 00:00	10600.0	10660.0	10200.0	10300.0	155
14.07.2023 00:00	10400.0	10500.0	10340.0	10400.0	73
17.07.2023 00:00	10300.0	10700.0	10300.0	10480.0	80
18.07.2023 00:00	10460.0	10760.0	10460.0	10700.0	107
19.07.2023 00:00	10740.0	10780.0	10500.0	10500.0	222
20.07.2023 00:00	10540.0	10540.0	10260.0	10360.0	86
21.07.2023 00:00	10440.0	10900.0	10440.0	10700.0	194
24.07.2023 00:00	10800.0	11800.0	10660.0	10940.0	691
25.07.2023 00:00	10980.0	11520.0	10980.0	11000.0	192
26.07.2023 00:00	11180.0	11360.0	11020.0	11360.0	108
27.07.2023 00:00	11360.0	11700.0	11280.0	11380.0	170
28.07.2023 00:00	11440.0	11480.0	11120.0	11240.0	73
31.07.2023 00:00	11460.0	12340.0	11260.0	11360.0	459
01.08.2023 00:00	11340.0	11660.0	11340.0	11440.0	159
02.08.2023 00:00	11440.0	12300.0	11440.0	11840.0	444
03.08.2023 00:00	11840.0	12380.0	11420.0	12060.0	264
04.08.2023 00:00	12060.0	12300.0	11340.0	11720.0	623
07.08.2023 00:00	11720.0	12180.0	11540.0	11720.0	124
08.08.2023 00:00	11680.0	11820.0	11360.0	11660.0	151
09.08.2023 00:00	11720.0	11820.0	11500.0	11700.0	127
10.08.2023 00:00	11880.0	13640.0	11560.0	13000.0	864
11.08.2023 00:00	13000.0	13000.0	12040.0	12720.0	661
14.08.2023 00:00	12740.0	15940.0	12520.0	13560.0	1228
15.08.2023 00:00	13380.0	16420.0	12760.0	15300.0	1746
16.08.2023 00:00	15000.0	21400.0	15000.0	21300.0	2629
17.08.2023 00:00	21300.0	22700.0	18280.0	19020.0	1308
18.08.2023 00:00	19800.0	19820.0	18400.0	19520.0	201
21.08.2023 00:00	18700.0	19400.0	18240.0	18520.0	666
22.08.2023 00:00	18520.0	18900.0	18100.0	18500.0	237
23.08.2023 00:00	18500.0	19340.0	18460.0	18900.0	371
24.08.2023 00:00	18500.0	19260.0	18420.0	18660.0	106
25.08.2023 00:00	18840.0	19500.0	18640.0	19180.0	419
28.08.2023 00:00	19460.0	19460.0	18920.0	19040.0	128
29.08.2023 00:00	19040.0	19940.0	19040.0	19620.0	270
30.08.2023 00:00	19240.0	19860.0	19100.0	19380.0	177
31.08.2023 00:00	19480.0	19740.0	19160.0	19740.0	133
01.09.2023 00:00	19720.0	20800.0	19400.0	19800.0	303
04.09.2023 00:00	19880.0	20800.0	19500.0	19980.0	222
05.09.2023 00:00	19980.0	20400.0	19040.0	19940.0	373
06.09.2023 00:00	20120.0	20160.0	18880.0	19440.0	192
07.09.2023 00:00	19500.0	20080.0	16540.0	18380.0	279
08.09.2023 00:00	18000.0	19380.0	17460.0	18660.0	244
11.09.2023 00:00	19120.0	19540.0	18120.0	18480.0	70
12.09.2023 00:00	18620.0	19120.0	18580.0	18700.0	39
13.09.2023 00:00	18800.0	19000.0	18000.0	18300.0	98
14.09.2023 00:00	18080.0	18140.0	14620.0	16520.0	199
15.09.2023 00:00	16520.0	18000.0	16220.0	17600.0	160
18.09.2023 00:00	17880.0	18500.0	17160.0	18140.0	154
19.09.2023 00:00	17560.0	18080.0	17020.0	17300.0	64
20.09.2023 00:00	16600.0	16800.0	15100.0	16680.0	124
21.09.2023 00:00	15800.0	16920.0	15800.0	16520.0	40
22.09.2023 00:00	15860.0	16800.0	15800.0	16800.0	49
25.09.2023 00:00	16800.0	16980.0	16500.0	16800.0	43
26.09.2023 00:00	16880.0	16880.0	16500.0	16500.0	16
27.09.2023 00:00	16560.0	16800.0	16480.0	16620.0	13
28.09.2023 00:00	16620.0	17380.0	16440.0	17360.0	65
29.09.2023 00:00	18060.0	18060.0	16860.0	17040.0	47
02.10.2023 00:00	16840.0	17660.0	16720.0	17280.0	52
03.10.2023 00:00	16540.0	17020.0	16540.0	17000.0	9
04.10.2023 00:00	17000.0	17380.0	16840.0	16840.0	27
05.10.2023 00:00	16820.0	16840.0	16300.0	16440.0	51
06.10.2023 00:00	16420.0	16420.0	16160.0	16160.0	13
09.10.2023 00:00	16280.0	16900.0	16020.0	16180.0	49
10.10.2023 00:00	16340.0	16580.0	15960.0	16320.0	79
11.10.2023 00:00	16000.0	16420.0	16000.0	16400.0	19
12.10.2023 00:00	16420.0	16420.0	16000.0	16020.0	33
13.10.2023 00:00	16020.0	16160.0	15720.0	16000.0	50
16.10.2023 00:00	15880.0	16060.0	15700.0	15980.0	70
17.10.2023 00:00	15860.0	16140.0	15840.0	16060.0	20
18.10.2023 00:00	16040.0	16040.0	15740.0	15900.0	123
19.10.2023 00:00	15820.0	16280.0	15820.0	15960.0	63
20.10.2023 00:00	16280.0	18500.0	15960.0	17040.0	972
23.10.2023 00:00	17840.0	18460.0	16540.0	18300.0	743
24.10.2023 00:00	18340.0	22120.0	17720.0	22120.0	2422
25.10.2023 00:00	24000.0	24320.0	20240.0	21020.0	2078
26.10.2023 00:00	21000.0	21000.0	19020.0	19040.0	495
27.10.2023 00:00	19020.0	19200.0	18580.0	19100.0	193
30.10.2023 00:00	19300.0	20600.0	19200.0	19480.0	452
31.10.2023 00:00	19020.0	19260.0	18060.0	18520.0	304
01.11.2023 00:00	18780.0	18820.0	17600.0	18480.0	170
02.11.2023 00:00	17520.0	18480.0	17520.0	18140.0	49
03.11.2023 00:00	18040.0	18080.0	17540.0	17840.0	49
06.11.2023 00:00	17960.0	18620.0	17740.0	18300.0	175
07.11.2023 00:00	18120.0	19500.0	18120.0	18720.0	252
08.11.2023 00:00	19360.0	19360.0	18220.0	18620.0	92
09.11.2023 00:00	18460.0	19280.0	17000.0	18000.0	251
10.11.2023 00:00	17860.0	18560.0	16800.0	17600.0	151
13.11.2023 00:00	17060.0	17560.0	16480.0	17060.0	239
14.11.2023 00:00	16780.0	16780.0	15000.0	15480.0	195
15.11.2023 00:00	15460.0	16800.0	14640.0	16680.0	102
16.11.2023 00:00	16580.0	17540.0	16500.0	16820.0	133
17.11.2023 00:00	16860.0	16860.0	16020.0	16520.0	32
20.11.2023 00:00	16540.0	16540.0	16140.0	16320.0	31
21.11.2023 00:00	16060.0	16240.0	15140.0	16000.0	57
22.11.2023 00:00	16180.0	16540.0	15960.0	16000.0	39
23.11.2023 00:00	16080.0	16080.0	15500.0	15560.0	29
24.11.2023 00:00	15460.0	15780.0	15140.0	15140.0	49
27.11.2023 00:00	15380.0	15380.0	14800.0	14800.0	24
28.11.2023 00:00	14860.0	15800.0	13360.0	14640.0	210
29.11.2023 00:00	14760.0	14780.0	13800.0	14280.0	42
30.11.2023 00:00	14280.0	14900.0	13920.0	14180.0	38
01.12.2023 00:00	14180.0	14280.0	13420.0	13580.0	68
04.12.2023 00:00	13440.0	13440.0	12900.0	12900.0	37
05.12.2023 00:00	12920.0	12920.0	11560.0	12200.0	113
06.12.2023 00:00	12060.0	12420.0	11520.0	11520.0	27
07.12.2023 00:00	11700.0	14120.0	11700.0	13240.0	414
08.12.2023 00:00	13220.0	13600.0	11920.0	12960.0	217
11.12.2023 00:00	13040.0	13180.0	12500.0	12740.0	66
12.12.2023 00:00	12520.0	12520.0	12100.0	12400.0	42
13.12.2023 00:00	12720.0	12720.0	12060.0	12260.0	52
14.12.2023 00:00	12680.0	14300.0	12680.0	13020.0	395
15.12.2023 00:00	13940.0	13960.0	12320.0	12640.0	75
18.12.2023 00:00	12940.0	13600.0	12720.0	13220.0	121
19.12.2023 00:00	12860.0	13900.0	12800.0	13680.0	63
20.12.2023 00:00	13880.0	14860.0	13880.0	14500.0	114
21.12.2023 00:00	14620.0	15140.0	14280.0	14360.0	73
22.12.2023 00:00	14780.0	14780.0	14380.0	14380.0	48
25.12.2023 00:00	14500.0	14600.0	13520.0	14060.0	74
26.12.2023 00:00	14100.0	14100.0	13560.0	13580.0	76
27.12.2023 00:00	13780.0	15080.0	13560.0	14620.0	107
28.12.2023 00:00	14800.0	14900.0	14560.0	14820.0	71
29.12.2023 00:00	15420.0	15420.0	13340.0	13760.0	171
03.01.2024 00:00	14700.0	14700.0	14120.0	14280.0	21
04.01.2024 00:00	15240.0	15240.0	13800.0	14160.0	173
05.01.2024 00:00	14280.0	14560.0	14220.0	14280.0	71
08.01.2024 00:00	14920.0	14940.0	14600.0	14600.0	62
09.01.2024 00:00	14900.0	15800.0	14640.0	15300.0	199
10.01.2024 00:00	14840.0	15400.0	14840.0	15300.0	61
11.01.2024 00:00	15380.0	15540.0	15020.0	15060.0	59
12.01.2024 00:00	15280.0	15400.0	14740.0	14920.0	149
15.01.2024 00:00	14980.0	15160.0	14960.0	15020.0	33
16.01.2024 00:00	15060.0	15100.0	14540.0	14840.0	106
17.01.2024 00:00	14840.0	15120.0	14740.0	14740.0	51
18.01.2024 00:00	14820.0	15680.0	14760.0	15040.0	124
19.01.2024 00:00	15200.0	15360.0	14780.0	14900.0	105
22.01.2024 00:00	14960.0	15200.0	14840.0	14940.0	37
23.01.2024 00:00	14880.0	15000.0	14880.0	14920.0	18
24.01.2024 00:00	14960.0	14980.0	14700.0	14700.0	71
25.01.2024 00:00	14920.0	14920.0	14700.0	14700.0	57
26.01.2024 00:00	14640.0	14640.0	14000.0	14360.0	139
29.01.2024 00:00	14440.0	15000.0	14440.0	14520.0	75
30.01.2024 00:00	14900.0	15720.0	14240.0	14500.0	210
31.01.2024 00:00	14500.0	14880.0	14500.0	14640.0	41
01.02.2024 00:00	14780.0	14780.0	14440.0	14520.0	67
02.02.2024 00:00	14420.0	14420.0	14220.0	14380.0	95
05.02.2024 00:00	14380.0	14380.0	14080.0	14220.0	35
06.02.2024 00:00	14340.0	14340.0	14180.0	14260.0	7
07.02.2024 00:00	14240.0	14380.0	14040.0	14100.0	52
08.02.2024 00:00	14080.0	14200.0	14080.0	14100.0	22
09.02.2024 00:00	13980.0	14200.0	13960.0	13960.0	35
12.02.2024 00:00	14000.0	14380.0	13940.0	14080.0	41
13.02.2024 00:00	14100.0	14100.0	13820.0	13920.0	24
14.02.2024 00:00	13840.0	14140.0	13840.0	14000.0	24
15.02.2024 00:00	13960.0	14120.0	13860.0	14100.0	8
16.02.2024 00:00	14100.0	14660.0	14100.0	14300.0	70
19.02.2024 00:00	14340.0	14420.0	13920.0	14160.0	60
20.02.2024 00:00	14160.0	14160.0	13900.0	14000.0	17
21.02.2024 00:00	14000.0	14000.0	13040.0	13520.0	72
22.02.2024 00:00	13500.0	13940.0	13420.0	13600.0	20
26.02.2024 00:00	13580.0	14080.0	13420.0	13660.0	43
27.02.2024 00:00	13800.0	13860.0	13440.0	13460.0	45
28.02.2024 00:00	13520.0	13520.0	13040.0	13280.0	54
29.02.2024 00:00	13320.0	13440.0	13300.0	13420.0	9
01.03.2024 00:00	13340.0	13760.0	13140.0	13260.0	76
04.03.2024 00:00	13200.0	13420.0	13020.0	13200.0	46
05.03.2024 00:00	13340.0	13980.0	13140.0	13480.0	97
06.03.2024 00:00	13680.0	13800.0	13480.0	13560.0	22
07.03.2024 00:00	13740.0	13760.0	13560.0	13600.0	14
11.03.2024 00:00	13840.0	13920.0	13720.0	13780.0	12
12.03.2024 00:00	13720.0	13720.0	13520.0	13720.0	8
13.03.2024 00:00	13720.0	13980.0	13680.0	13700.0	26
14.03.2024 00:00	13720.0	13720.0	13200.0	13280.0	52
15.03.2024 00:00	13300.0	14280.0	13300.0	13540.0	123
18.03.2024 00:00	13640.0	13640.0	13180.0	13460.0	43
19.03.2024 00:00	13340.0	13560.0	13340.0	13560.0	31
20.03.2024 00:00	13540.0	13540.0	13020.0	13200.0	44
21.03.2024 00:00	13260.0	13680.0	13200.0	13240.0	28
22.03.2024 00:00	13260.0	13280.0	13260.0	13280.0	4
25.03.2024 00:00	13120.0	13120.0	13120.0	13120.0	2
26.03.2024 00:00	13120.0	15000.0	13020.0	13440.0	371
27.03.2024 00:00	13540.0	16380.0	13540.0	16380.0	1346
28.03.2024 00:00	17980.0	18000.0	17200.0	18000.0	541
29.03.2024 00:00	19680.0	19760.0	18240.0	19760.0	725
01.04.2024 00:00	21680.0	21680.0	20240.0	21680.0	318
02.04.2024 00:00	23000.0	23820.0	22860.0	23820.0	504
03.04.2024 00:00	24000.0	26160.0	24000.0	26160.0	346
04.04.2024 00:00	28740.0	28740.0	21480.0	21820.0	5086
05.04.2024 00:00	21840.0	23400.0	21320.0	22360.0	1111
08.04.2024 00:00	22400.0	22680.0	21400.0	22020.0	538
09.04.2024 00:00	22300.0	23380.0	21020.0	21480.0	618
10.04.2024 00:00	21500.0	22780.0	21260.0	21820.0	592
11.04.2024 00:00	21840.0	23980.0	21820.0	23980.0	784
12.04.2024 00:00	26320.0	26320.0	22840.0	23540.0	2041
15.04.2024 00:00	23680.0	23820.0	22300.0	22640.0	261
16.04.2024 00:00	23100.0	24880.0	22780.0	23080.0	1584
17.04.2024 00:00	23060.0	23560.0	22820.0	22960.0	128
18.04.2024 00:00	23280.0	23280.0	22300.0	22820.0	210
19.04.2024 00:00	22640.0	23540.0	22320.0	23540.0	114
22.04.2024 00:00	23540.0	23540.0	22820.0	22820.0	73
23.04.2024 00:00	23200.0	23500.0	21560.0	22020.0	142
24.04.2024 00:00	22020.0	22020.0	21200.0	21260.0	145
25.04.2024 00:00	21380.0	21420.0	19760.0	20460.0	272
26.04.2024 00:00	20000.0	20700.0	19500.0	19740.0	182
27.04.2024 00:00	19760.0	20620.0	19760.0	19900.0	101
29.04.2024 00:00	20120.0	21860.0	20120.0	21860.0	279
30.04.2024 00:00	23180.0	24000.0	22800.0	24000.0	731
02.05.2024 00:00	24000.0	24220.0	21760.0	21760.0	1010
03.05.2024 00:00	21840.0	23920.0	21720.0	22000.0	319
06.05.2024 00:00	22420.0	22420.0	20840.0	21340.0	158
07.05.2024 00:00	21580.0	23440.0	21480.0	21640.0	1437
08.05.2024 00:00	21800.0	22780.0	21600.0	21900.0	159
10.05.2024 00:00	21620.0	23100.0	21540.0	22300.0	101
13.05.2024 00:00	22720.0	22780.0	21540.0	22200.0	167
14.05.2024 00:00	22120.0	22540.0	21540.0	21860.0	106
15.05.2024 00:00	22040.0	22100.0	21800.0	21800.0	64
16.05.2024 00:00	21620.0	22000.0	21260.0	21400.0	148
17.05.2024 00:00	21640.0	21980.0	21340.0	21460.0	93
20.05.2024 00:00	21640.0	21640.0	20880.0	21140.0	54
21.05.2024 00:00	21200.0	21220.0	20760.0	20960.0	40
22.05.2024 00:00	21380.0	21980.0	21100.0	21140.0	39
23.05.2024 00:00	21140.0	21360.0	20860.0	20920.0	19
24.05.2024 00:00	20860.0	21040.0	20000.0	20780.0	53
27.05.2024 00:00	20500.0	21800.0	19980.0	19980.0	74
28.05.2024 00:00	20820.0	20820.0	19520.0	20180.0	57
29.05.2024 00:00	20300.0	20300.0	19020.0	19460.0	53
30.05.2024 00:00	19720.0	20000.0	18580.0	18580.0	86
31.05.2024 00:00	18060.0	18860.0	16920.0	17800.0	171
03.06.2024 00:00	17160.0	18400.0	17120.0	17880.0	46
04.06.2024 00:00	17980.0	18400.0	17820.0	18160.0	47
05.06.2024 00:00	18360.0	19200.0	18180.0	18680.0	111
06.06.2024 00:00	18700.0	18700.0	17820.0	18000.0	23
07.06.2024 00:00	18180.0	18980.0	18180.0	18500.0	75
10.06.2024 00:00	18760.0	19160.0	18500.0	18620.0	46
11.06.2024 00:00	18580.0	18800.0	18320.0	18800.0	14
13.06.2024 00:00	17480.0	18680.0	17400.0	18220.0	75
14.06.2024 00:00	18380.0	18380.0	17880.0	17880.0	24
17.06.2024 00:00	18280.0	18360.0	17500.0	17680.0	61
18.06.2024 00:00	17740.0	17920.0	17120.0	17200.0	59
19.06.2024 00:00	17220.0	17220.0	16460.0	16600.0	33
20.06.2024 00:00	16760.0	16800.0	16460.0	16760.0	36
21.06.2024 00:00	16800.0	17040.0	16800.0	16920.0	8
24.06.2024 00:00	16960.0	17100.0	16480.0	16520.0	24
25.06.2024 00:00	16320.0	16520.0	16260.0	16300.0	12
26.06.2024 00:00	16620.0	17700.0	16040.0	16880.0	50
27.06.2024 00:00	16940.0	16940.0	16560.0	16560.0	10
28.06.2024 00:00	16740.0	17000.0	16120.0	16320.0	44
01.07.2024 00:00	16300.0	16440.0	16220.0	16420.0	7
02.07.2024 00:00	16820.0	19560.0	16820.0	17580.0	479
03.07.2024 00:00	17600.0	18720.0	16700.0	17040.0	217
04.07.2024 00:00	17200.0	17200.0	16920.0	16940.0	8
05.07.2024 00:00	16940.0	17260.0	16740.0	17240.0	20
08.07.2024 00:00	17000.0	17180.0	16760.0	16960.0	16
09.07.2024 00:00	16960.0	16960.0	15760.0	15760.0	41
10.07.2024 00:00	15720.0	16200.0	15600.0	15600.0	34
11.07.2024 00:00	15360.0	16100.0	15000.0	15900.0	36
12.07.2024 00:00	16120.0	16160.0	15700.0	15720.0	14
15.07.2024 00:00	15720.0	15900.0	15700.0	15900.0	5
16.07.2024 00:00	15680.0	15960.0	15400.0	15960.0	16
17.07.2024 00:00	16160.0	16680.0	15960.0	16000.0	29
18.07.2024 00:00	16020.0	16540.0	16000.0	16140.0	33
19.07.2024 00:00	16300.0	16660.0	16280.0	16520.0	17
22.07.2024 00:00	16800.0	17380.0	16560.0	16720.0	75
23.07.2024 00:00	16820.0	17100.0	16400.0	16840.0	163
24.07.2024 00:00	16620.0	17680.0	16620.0	17000.0	48
25.07.2024 00:00	16680.0	18440.0	16680.0	16960.0	172
26.07.2024 00:00	16920.0	17480.0	16120.0	16120.0	47
29.07.2024 00:00	16100.0	16140.0	15240.0	15320.0	42
30.07.2024 00:00	15440.0	16180.0	15440.0	15580.0	40
31.07.2024 00:00	15540.0	15800.0	15360.0	15640.0	18
01.08.2024 00:00	15640.0	16080.0	15640.0	15840.0	15
02.08.2024 00:00	15820.0	16240.0	15120.0	15340.0	50
05.08.2024 00:00	15040.0	15160.0	14920.0	15120.0	15
06.08.2024 00:00	15120.0	15500.0	15120.0	15200.0	20
07.08.2024 00:00	15200.0	15200.0	14860.0	15140.0	22
08.08.2024 00:00	14920.0	15380.0	14900.0	15200.0	21
09.08.2024 00:00	15140.0	15180.0	14920.0	15040.0	19
12.08.2024 00:00	14880.0	15100.0	14860.0	15000.0	12
13.08.2024 00:00	15000.0	15840.0	15000.0	15700.0	69
14.08.2024 00:00	15680.0	17060.0	15680.0	15800.0	96
15.08.2024 00:00	15740.0	16200.0	15420.0	15500.0	87
16.08.2024 00:00	15520.0	15520.0	15300.0	15300.0	12
19.08.2024 00:00	15300.0	15400.0	15020.0	15080.0	32
20.08.2024 00:00	15000.0	15320.0	15000.0	15100.0	38
21.08.2024 00:00	15180.0	15180.0	14960.0	14980.0	12
22.08.2024 00:00	14940.0	15020.0	14800.0	14800.0	16
23.08.2024 00:00	14640.0	14680.0	13760.0	13800.0	40
26.08.2024 00:00	14240.0	14400.0	13960.0	14400.0	16
27.08.2024 00:00	14500.0	14720.0	14100.0	14720.0	14
28.08.2024 00:00	14100.0	14560.0	14000.0	14040.0	29
29.08.2024 00:00	13840.0	14040.0	13460.0	13680.0	91
30.08.2024 00:00	13440.0	13920.0	13440.0	13860.0	25
02.09.2024 00:00	13440.0	14200.0	13160.0	13160.0	30
03.09.2024 00:00	13160.0	13700.0	13020.0	13280.0	36
04.09.2024 00:00	13600.0	13600.0	13260.0	13520.0	3
05.09.2024 00:00	13540.0	13920.0	13020.0	13040.0	170
06.09.2024 00:00	13240.0	13240.0	13060.0	13160.0	9
09.09.2024 00:00	13200.0	13420.0	13160.0	13420.0	18
10.09.2024 00:00	13420.0	13480.0	13200.0	13400.0	16
11.09.2024 00:00	13500.0	14660.0	13420.0	13580.0	52
12.09.2024 00:00	13260.0	13480.0	13140.0	13300.0	31
13.09.2024 00:00	13300.0	13300.0	13120.0	13300.0	19
16.09.2024 00:00	13180.0	13600.0	13180.0	13480.0	60
17.09.2024 00:00	13580.0	13920.0	13160.0	13920.0	121
18.09.2024 00:00	14180.0	14180.0	13360.0	13840.0	42
19.09.2024 00:00	13540.0	14180.0	13400.0	13520.0	74
20.09.2024 00:00	13480.0	13580.0	13400.0	13500.0	58
23.09.2024 00:00	13520.0	13860.0	13500.0	13500.0	60
24.09.2024 00:00	13620.0	13620.0	13120.0	13420.0	260
25.09.2024 00:00	13320.0	14760.0	13320.0	13540.0	358
26.09.2024 00:00	13620.0	13660.0	13440.0	13460.0	47
27.09.2024 00:00	13640.0	14520.0	13600.0	14300.0	161
30.09.2024 00:00	14260.0	16000.0	14020.0	15660.0	296
01.10.2024 00:00	15660.0	15660.0	14220.0	14300.0	145
02.10.2024 00:00	14300.0	15340.0	14120.0	14820.0	222
03.10.2024 00:00	15260.0	15260.0	14260.0	14260.0	61
04.10.2024 00:00	14260.0	14800.0	14260.0	14800.0	28
07.10.2024 00:00	14720.0	14800.0	14460.0	14480.0	11
08.10.2024 00:00	14760.0	14760.0	13880.0	13920.0	173
09.10.2024 00:00	13920.0	14000.0	13520.0	13640.0	36
10.10.2024 00:00	13640.0	13900.0	13520.0	13900.0	17
11.10.2024 00:00	13780.0	14080.0	13520.0	13540.0	31
14.10.2024 00:00	13500.0	14000.0	13500.0	13840.0	40
15.10.2024 00:00	14000.0	14040.0	13740.0	13800.0	14
16.10.2024 00:00	13880.0	14800.0	13780.0	14140.0	176
17.10.2024 00:00	14460.0	14460.0	13720.0	13780.0	41
18.10.2024 00:00	13720.0	14920.0	12900.0	14020.0	232
21.10.2024 00:00	13940.0	13940.0	12800.0	13460.0	102
22.10.2024 00:00	13400.0	13500.0	13260.0	13440.0	15
23.10.2024 00:00	13180.0	13380.0	13180.0	13380.0	4
24.10.2024 00:00	13380.0	13480.0	13100.0	13480.0	11
25.10.2024 00:00	13460.0	13460.0	13020.0	13160.0	14
28.10.2024 00:00	12920.0	13040.0	12900.0	12900.0	19
29.10.2024 00:00	12920.0	12920.0	12500.0	12660.0	23
30.10.2024 00:00	12680.0	13280.0	12580.0	12600.0	89
31.10.2024 00:00	12720.0	12860.0	12280.0	12440.0	47
01.11.2024 00:00	13040.0	13040.0	12560.0	12800.0	8
02.11.2024 00:00	12580.0	12580.0	12580.0	12580.0	2
05.11.2024 00:00	12620.0	12860.0	12400.0	12500.0	26
06.11.2024 00:00	12780.0	12840.0	12500.0	12700.0	34
07.11.2024 00:00	12520.0	13000.0	12300.0	12540.0	17
08.11.2024 00:00	12800.0	12800.0	12300.0	12440.0	85
11.11.2024 00:00	12800.0	12980.0	12720.0	12720.0	18
12.11.2024 00:00	12940.0	13320.0	12720.0	12720.0	45
13.11.2024 00:00	12700.0	12900.0	12480.0	12840.0	32
14.11.2024 00:00	12540.0	12700.0	12480.0	12480.0	16
15.11.2024 00:00	12660.0	12660.0	12420.0	12560.0	16
18.11.2024 00:00	12400.0	12400.0	12340.0	12340.0	8
19.11.2024 00:00	12360.0	12460.0	11760.0	12120.0	42
20.11.2024 00:00	12120.0	12460.0	11960.0	12000.0	36
21.11.2024 00:00	11980.0	11980.0	11560.0	11560.0	11
22.11.2024 00:00	11800.0	11820.0	10960.0	11000.0	90
25.11.2024 00:00	11060.0	11060.0	9900.0	10240.0	250
26.11.2024 00:00	10340.0	10340.0	10000.0	10000.0	39
27.11.2024 00:00	10000.0	10320.0	9480.0	9940.0	91
28.11.2024 00:00	10300.0	10300.0	9660.0	10000.0	47
29.11.2024 00:00	10040.0	10240.0	9900.0	9900.0	48
02.12.2024 00:00	10020.0	11860.0	9980.0	10620.0	278
03.12.2024 00:00	10620.0	10620.0	9840.0	9980.0	136
04.12.2024 00:00	9980.0	10080.0	9980.0	10060.0	16
05.12.2024 00:00	9800.0	10100.0	9600.0	10020.0	107
06.12.2024 00:00	9700.0	10040.0	9700.0	9980.0	17
09.12.2024 00:00	9960.0	10180.0	9920.0	10140.0	42
10.12.2024 00:00	9780.0	10100.0	9520.0	10100.0	21
11.12.2024 00:00	9780.0	9880.0	9760.0	9760.0	19
12.12.2024 00:00	9840.0	9880.0	9380.0	9380.0	58
13.12.2024 00:00	9360.0	9440.0	8180.0	8880.0	286
16.12.2024 00:00	8600.0	8760.0	8140.0	8280.0	53
17.12.2024 00:00	8300.0	8300.0	8000.0	8200.0	20
18.12.2024 00:00	8260.0	8620.0	8020.0	8600.0	34
19.12.2024 00:00	8420.0	8780.0	8420.0	8700.0	23
20.12.2024 00:00	8700.0	9380.0	8700.0	9160.0	50
23.12.2024 00:00	9200.0	9460.0	9060.0	9260.0	44
24.12.2024 00:00	9080.0	9080.0	8860.0	9040.0	14
25.12.2024 00:00	9020.0	9140.0	8940.0	9140.0	19
26.12.2024 00:00	9180.0	9180.0	8920.0	9140.0	19
27.12.2024 00:00	8960.0	9100.0	8780.0	8920.0	49
28.12.2024 00:00	8880.0	9140.0	8880.0	9000.0	26
30.12.2024 00:00	9400.0	9580.0	9060.0	9280.0	28
03.01.2025 00:00	9120.0	9480.0	9100.0	9220.0	35
06.01.2025 00:00	9400.0	9820.0	9100.0	9260.0	103
08.01.2025 00:00	9460.0	9720.0	9340.0	9720.0	55
09.01.2025 00:00	9920.0	10000.0	9400.0	9400.0	91
10.01.2025 00:00	9400.0	9620.0	9400.0	9580.0	39
13.01.2025 00:00	9580.0	9740.0	9560.0	9660.0	24
14.01.2025 00:00	9660.0	9800.0	9640.0	9660.0	15
15.01.2025 00:00	9660.0	10200.0	9660.0	9940.0	155
16.01.2025 00:00	9720.0	10480.0	9720.0	10480.0	59
17.01.2025 00:00	10120.0	10600.0	10120.0	10400.0	62
20.01.2025 00:00	10300.0	10800.0	10120.0	10800.0	64
21.01.2025 00:00	10540.0	10800.0	10540.0	10700.0	46
22.01.2025 00:00	10720.0	11260.0	10620.0	11260.0	135
23.01.2025 00:00	11100.0	11900.0	11000.0	11860.0	162
24.01.2025 00:00	11780.0	11900.0	11400.0	11400.0	110
27.01.2025 00:00	11320.0	11340.0	10980.0	11180.0	68
28.01.2025 00:00	11020.0	11060.0	10680.0	10760.0	136
29.01.2025 00:00	11000.0	11100.0	10880.0	10960.0	31
30.01.2025 00:00	11020.0	11020.0	10920.0	10960.0	10
31.01.2025 00:00	11600.0	11600.0	10760.0	10960.0	73
03.02.2025 00:00	10960.0	10960.0	10620.0	10800.0	17
04.02.2025 00:00	10860.0	10920.0	10600.0	10600.0	25
05.02.2025 00:00	10620.0	10620.0	10320.0	10580.0	41
06.02.2025 00:00	10560.0	10860.0	10560.0	10740.0	25
07.02.2025 00:00	10760.0	10760.0	10740.0	10740.0	16
10.02.2025 00:00	10760.0	10920.0	10620.0	10620.0	32
11.02.2025 00:00	10880.0	11100.0	10680.0	10680.0	92
12.02.2025 00:00	10820.0	10840.0	10700.0	10700.0	5
13.02.2025 00:00	11740.0	12000.0	10480.0	10700.0	120
14.02.2025 00:00	10500.0	10880.0	10500.0	10740.0	71
17.02.2025 00:00	10820.0	11500.0	10820.0	11140.0	85
18.02.2025 00:00	11280.0	11280.0	10900.0	10940.0	37
19.02.2025 00:00	10820.0	11200.0	10800.0	11200.0	29
20.02.2025 00:00	11360.0	11800.0	11180.0	11700.0	100
21.02.2025 00:00	11860.0	11940.0	11460.0	11560.0	39
24.02.2025 00:00	11560.0	13500.0	11400.0	12900.0	534
25.02.2025 00:00	12920.0	13240.0	12560.0	12680.0	170
26.02.2025 00:00	12920.0	13100.0	12120.0	12600.0	139
27.02.2025 00:00	12600.0	13020.0	12480.0	12860.0	50
28.02.2025 00:00	12660.0	12760.0	12000.0	12400.0	77
03.03.2025 00:00	12120.0	12400.0	12080.0	12300.0	23
04.03.2025 00:00	12400.0	12900.0	12400.0	12760.0	36
05.03.2025 00:00	12760.0	13000.0	12760.0	12960.0	37
06.03.2025 00:00	12960.0	12960.0	12520.0	12640.0	40
07.03.2025 00:00	12600.0	12780.0	12580.0	12620.0	25
10.03.2025 00:00	12620.0	12960.0	12620.0	12800.0	36
11.03.2025 00:00	12640.0	12800.0	12380.0	12800.0	37
12.03.2025 00:00	12820.0	12880.0	12520.0	12620.0	34
13.03.2025 00:00	12480.0	12480.0	12060.0	12100.0	28
14.03.2025 00:00	12100.0	13100.0	12100.0	12980.0	83
17.03.2025 00:00	13100.0	13360.0	12880.0	13060.0	63
18.03.2025 00:00	13060.0	13780.0	12980.0	13500.0	89
19.03.2025 00:00	13100.0	13780.0	12700.0	13780.0	97
20.03.2025 00:00	13800.0	16460.0	13800.0	15160.0	1113
21.03.2025 00:00	15640.0	16000.0	14320.0	15720.0	454
24.03.2025 00:00	16000.0	16000.0	14540.0	15000.0	258
25.03.2025 00:00	15360.0	15380.0	14120.0	14480.0	188
26.03.2025 00:00	14220.0	15100.0	14220.0	14280.0	100
27.03.2025 00:00	14360.0	14620.0	13500.0	13740.0	244
28.03.2025 00:00	13520.0	13720.0	13100.0	13600.0	122
31.03.2025 00:00	13700.0	14760.0	13500.0	13960.0	196
01.04.2025 00:00	13980.0	14800.0	13640.0	13920.0	122
02.04.2025 00:00	14480.0	14480.0	13780.0	14200.0	31
03.04.2025 00:00	14440.0	14900.0	13720.0	13880.0	99
04.04.2025 00:00	13600.0	14120.0	12120.0	12620.0	327
07.04.2025 00:00	12180.0	12300.0	11880.0	12060.0	162
08.04.2025 00:00	12240.0	12540.0	11960.0	12080.0	42
09.04.2025 00:00	11860.0	11900.0	10920.0	10940.0	192
10.04.2025 00:00	11340.0	11880.0	11100.0	11740.0	184
11.04.2025 00:00	11840.0	12280.0	11760.0	12020.0	44
14.04.2025 00:00	12480.0	12480.0	11700.0	11860.0	22
15.04.2025 00:00	11860.0	11860.0	11420.0	11560.0	15
16.04.2025 00:00	11600.0	11720.0	11260.0	11260.0	54
17.04.2025 00:00	11420.0	12260.0	11380.0	11640.0	65
18.04.2025 00:00	11840.0	11840.0	11480.0	11540.0	12
21.04.2025 00:00	12000.0	12420.0	11620.0	11680.0	80
22.04.2025 00:00	11960.0	11980.0	11700.0	11700.0	16
23.04.2025 00:00	11720.0	11960.0	11720.0	11940.0	5
24.04.2025 00:00	11960.0	12600.0	11740.0	11760.0	82
25.04.2025 00:00	11880.0	11880.0	11420.0	11660.0	44
28.04.2025 00:00	11840.0	12520.0	11680.0	11740.0	124
29.04.2025 00:00	11780.0	11780.0	11700.0	11760.0	6
30.04.2025 00:00	11620.0	11620.0	10820.0	11220.0	131
02.05.2025 00:00	11240.0	11240.0	11220.0	11220.0	2
05.05.2025 00:00	11540.0	12100.0	10500.0	10500.0	119
06.05.2025 00:00	10760.0	11120.0	10680.0	11120.0	21
07.05.2025 00:00	11120.0	11120.0	10820.0	11100.0	13
08.05.2025 00:00	11120.0	11280.0	10880.0	10880.0	17
12.05.2025 00:00	11260.0	11700.0	11000.0	11000.0	35
13.05.2025 00:00	11120.0	11640.0	11080.0	11300.0	63
14.05.2025 00:00	11600.0	11600.0	11200.0	11560.0	14
15.05.2025 00:00	11420.0	11500.0	11180.0	11180.0	37
16.05.2025 00:00	11180.0	11180.0	10220.0	10720.0	111
19.05.2025 00:00	10820.0	10960.0	10620.0	10840.0	16
20.05.2025 00:00	10940.0	10940.0	10520.0	10620.0	15
21.05.2025 00:00	10600.0	10780.0	10300.0	10300.0	37
22.05.2025 00:00	10320.0	10320.0	10220.0	10300.0	9
