datetime	open	high	low	close	volume
09.03.2018 00:00	0.58	0.58	0.58	0.58	1
12.03.2018 00:00	0.592	0.596	0.584	0.588	64
13.03.2018 00:00	0.584	0.588	0.58	0.582	14
14.03.2018 00:00	0.58	0.592	0.5760000000000001	0.58	12
15.03.2018 00:00	0.578	0.594	0.578	0.592	17
16.03.2018 00:00	0.5760000000000001	0.59	0.5640000000000001	0.58	38
19.03.2018 00:00	0.59	0.6	0.584	0.598	18
20.03.2018 00:00	0.596	0.606	0.584	0.598	23
21.03.2018 00:00	0.598	0.604	0.594	0.6	53
22.03.2018 00:00	0.6	0.6	0.598	0.598	6
23.03.2018 00:00	0.598	0.598	0.596	0.596	6
26.03.2018 00:00	0.592	0.592	0.456	0.502	1033
27.03.2018 00:00	0.5	0.5	0.47000000000000003	0.486	331
28.03.2018 00:00	0.482	0.494	0.47200000000000003	0.484	105
29.03.2018 00:00	0.484	0.496	0.47800000000000004	0.484	75
30.03.2018 00:00	0.47600000000000003	0.496	0.468	0.486	62
02.04.2018 00:00	0.47800000000000004	0.47800000000000004	0.47000000000000003	0.47600000000000003	45
03.04.2018 00:00	0.47400000000000003	0.47400000000000003	0.464	0.468	102
04.04.2018 00:00	0.468	0.47400000000000003	0.458	0.464	100
05.04.2018 00:00	0.464	0.468	0.46	0.468	57
06.04.2018 00:00	0.468	0.468	0.458	0.468	39
09.04.2018 00:00	0.47400000000000003	0.47400000000000003	0.406	0.426	184
10.04.2018 00:00	0.418	0.448	0.41000000000000003	0.426	52
11.04.2018 00:00	0.428	0.438	0.418	0.438	41
12.04.2018 00:00	0.436	0.438	0.41600000000000004	0.41600000000000004	9
13.04.2018 00:00	0.422	0.438	0.422	0.438	12
16.04.2018 00:00	0.41200000000000003	0.45	0.41200000000000003	0.43	5
17.04.2018 00:00	0.43	0.458	0.428	0.448	37
18.04.2018 00:00	0.448	0.464	0.432	0.458	26
19.04.2018 00:00	0.456	0.464	0.444	0.464	8
20.04.2018 00:00	0.454	0.462	0.448	0.456	16
24.04.2018 00:00	0.45	0.462	0.45	0.45	3
25.04.2018 00:00	0.45	0.464	0.442	0.458	37
26.04.2018 00:00	0.458	0.458	0.436	0.45	17
27.04.2018 00:00	0.448	0.448	0.44	0.44	4
28.04.2018 00:00	0.45	0.45	0.45	0.45	4
30.04.2018 00:00	0.44	0.442	0.44	0.442	2
02.05.2018 00:00	0.45	0.452	0.45	0.45	2
03.05.2018 00:00	0.442	0.45	0.438	0.45	4
04.05.2018 00:00	0.44	0.45	0.438	0.438	3
07.05.2018 00:00	0.43	0.448	0.424	0.424	14
08.05.2018 00:00	0.426	0.438	0.426	0.434	29
10.05.2018 00:00	0.43	0.438	0.428	0.438	7
11.05.2018 00:00	0.428	0.43	0.428	0.43	4
14.05.2018 00:00	0.46	0.46	0.436	0.438	4
15.05.2018 00:00	0.43	0.438	0.43	0.438	32
16.05.2018 00:00	0.434	0.434	0.4	0.41400000000000003	104
17.05.2018 00:00	0.41400000000000003	0.418	0.404	0.40800000000000003	45
18.05.2018 00:00	0.40800000000000003	0.40800000000000003	0.40800000000000003	0.40800000000000003	3
21.05.2018 00:00	0.41200000000000003	0.41400000000000003	0.41200000000000003	0.41200000000000003	2
22.05.2018 00:00	0.41000000000000003	0.432	0.40800000000000003	0.41000000000000003	20
23.05.2018 00:00	0.41000000000000003	0.448	0.394	0.402	34
24.05.2018 00:00	0.41200000000000003	0.438	0.40800000000000003	0.428	102
25.05.2018 00:00	0.434	0.438	0.41000000000000003	0.43	67
28.05.2018 00:00	0.432	0.452	0.432	0.432	1
29.05.2018 00:00	0.448	0.448	0.43	0.438	45
30.05.2018 00:00	0.432	0.438	0.428	0.428	75
01.06.2018 00:00	0.428	0.428	0.428	0.428	20
04.06.2018 00:00	0.436	0.436	0.41400000000000003	0.428	22
05.06.2018 00:00	0.426	0.428	0.41600000000000004	0.428	63
06.06.2018 00:00	0.428	0.428	0.428	0.428	11
07.06.2018 00:00	0.43	0.43	0.428	0.428	12
08.06.2018 00:00	0.426	0.432	0.42	0.42	9
11.06.2018 00:00	0.424	0.43	0.422	0.43	42
13.06.2018 00:00	0.428	0.432	0.428	0.43	7
14.06.2018 00:00	0.43	0.43	0.428	0.428	3
15.06.2018 00:00	0.426	0.438	0.422	0.422	12
18.06.2018 00:00	0.432	0.432	0.428	0.428	2
19.06.2018 00:00	0.438	0.438	0.438	0.438	7
20.06.2018 00:00	0.424	0.428	0.424	0.428	2
21.06.2018 00:00	0.422	0.442	0.422	0.442	19
22.06.2018 00:00	0.442	0.448	0.418	0.424	27
25.06.2018 00:00	0.41600000000000004	0.434	0.41600000000000004	0.42	17
26.06.2018 00:00	0.426	0.426	0.426	0.426	1
27.06.2018 00:00	0.432	0.432	0.428	0.428	2
28.06.2018 00:00	0.426	0.426	0.42	0.42	7
29.06.2018 00:00	0.424	0.428	0.42	0.428	19
02.07.2018 00:00	0.43	0.434	0.428	0.432	7
03.07.2018 00:00	0.42	0.434	0.418	0.428	32
04.07.2018 00:00	0.432	0.436	0.43	0.436	13
05.07.2018 00:00	0.436	0.438	0.43	0.43	10
06.07.2018 00:00	0.42	0.424	0.406	0.422	44
09.07.2018 00:00	0.42	0.426	0.42	0.426	6
10.07.2018 00:00	0.438	0.438	0.426	0.428	33
11.07.2018 00:00	0.42	0.428	0.42	0.426	14
12.07.2018 00:00	0.422	0.424	0.422	0.422	11
16.07.2018 00:00	0.426	0.434	0.424	0.434	21
17.07.2018 00:00	0.43	0.432	0.428	0.428	5
18.07.2018 00:00	0.422	0.43	0.422	0.428	14
19.07.2018 00:00	0.43	0.432	0.43	0.432	7
20.07.2018 00:00	0.42	0.43	0.418	0.43	15
23.07.2018 00:00	0.43	0.43	0.43	0.43	1
24.07.2018 00:00	0.424	0.43	0.42	0.43	19
25.07.2018 00:00	0.432	0.434	0.424	0.426	30
26.07.2018 00:00	0.43	0.43	0.41400000000000003	0.41600000000000004	53
27.07.2018 00:00	0.42	0.422	0.41400000000000003	0.422	18
30.07.2018 00:00	0.418	0.426	0.418	0.426	13
31.07.2018 00:00	0.428	0.428	0.418	0.428	29
01.08.2018 00:00	0.432	0.432	0.428	0.428	45
02.08.2018 00:00	0.43	0.468	0.43	0.468	200
03.08.2018 00:00	0.448	0.494	0.444	0.456	102
06.08.2018 00:00	0.468	0.496	0.468	0.47400000000000003	89
07.08.2018 00:00	0.47400000000000003	0.47800000000000004	0.468	0.468	31
08.08.2018 00:00	0.468	0.47200000000000003	0.462	0.47200000000000003	54
09.08.2018 00:00	0.468	0.468	0.468	0.468	20
10.08.2018 00:00	0.486	0.486	0.466	0.468	43
13.08.2018 00:00	0.47400000000000003	0.47800000000000004	0.47000000000000003	0.47800000000000004	14
14.08.2018 00:00	0.47000000000000003	0.47400000000000003	0.46	0.47400000000000003	63
15.08.2018 00:00	0.468	0.47600000000000003	0.464	0.47600000000000003	5
16.08.2018 00:00	0.47400000000000003	0.47800000000000004	0.464	0.47800000000000004	41
17.08.2018 00:00	0.47800000000000004	0.484	0.47800000000000004	0.484	16
20.08.2018 00:00	0.47600000000000003	0.486	0.47600000000000003	0.47800000000000004	9
21.08.2018 00:00	0.484	0.488	0.482	0.488	23
22.08.2018 00:00	0.488	0.514	0.488	0.498	34
23.08.2018 00:00	0.5	0.502	0.494	0.498	17
24.08.2018 00:00	0.504	0.516	0.504	0.516	19
27.08.2018 00:00	0.516	0.598	0.516	0.598	193
28.08.2018 00:00	0.596	0.602	0.5700000000000001	0.584	69
29.08.2018 00:00	0.598	0.598	0.594	0.594	21
30.08.2018 00:00	0.592	0.61	0.592	0.61	73
31.08.2018 00:00	0.468	0.596	0.468	0.594	57
03.09.2018 00:00	0.586	0.598	0.586	0.598	8
04.09.2018 00:00	0.598	0.61	0.598	0.61	6
05.09.2018 00:00	0.6	0.602	0.6	0.6	6
06.09.2018 00:00	0.604	0.604	0.598	0.604	12
07.09.2018 00:00	0.58	0.608	0.562	0.58	34
10.09.2018 00:00	0.598	0.598	0.5740000000000001	0.586	13
11.09.2018 00:00	0.5760000000000001	0.606	0.5760000000000001	0.606	18
12.09.2018 00:00	0.582	0.582	0.582	0.582	2
13.09.2018 00:00	0.598	0.598	0.588	0.594	34
14.09.2018 00:00	0.598	0.598	0.598	0.598	3
17.09.2018 00:00	0.598	0.598	0.598	0.598	1
18.09.2018 00:00	0.602	0.616	0.522	0.58	19
19.09.2018 00:00	0.5700000000000001	0.5700000000000001	0.5700000000000001	0.5700000000000001	2
20.09.2018 00:00	0.594	0.594	0.594	0.594	1
21.09.2018 00:00	0.594	0.598	0.594	0.596	12
24.09.2018 00:00	0.596	0.596	0.596	0.596	2
25.09.2018 00:00	0.5740000000000001	0.578	0.534	0.5740000000000001	30
26.09.2018 00:00	0.55	0.5740000000000001	0.55	0.55	13
27.09.2018 00:00	0.55	0.55	0.55	0.55	3
28.09.2018 00:00	0.55	0.552	0.544	0.544	29
02.10.2018 00:00	0.54	0.562	0.54	0.56	15
03.10.2018 00:00	0.588	0.588	0.544	0.56	6
04.10.2018 00:00	0.546	0.55	0.546	0.55	3
05.10.2018 00:00	0.582	0.582	0.526	0.56	12
08.10.2018 00:00	0.556	0.556	0.542	0.542	4
11.10.2018 00:00	0.52	0.5680000000000001	0.52	0.56	8
12.10.2018 00:00	0.5680000000000001	0.5680000000000001	0.5660000000000001	0.5660000000000001	2
15.10.2018 00:00	0.584	0.588	0.562	0.562	25
17.10.2018 00:00	0.552	0.56	0.548	0.548	4
18.10.2018 00:00	0.636	0.636	0.55	0.5740000000000001	25
22.10.2018 00:00	0.556	0.56	0.498	0.498	260
23.10.2018 00:00	0.492	0.504	0.488	0.504	149
24.10.2018 00:00	0.514	0.514	0.514	0.514	3
25.10.2018 00:00	0.5	0.508	0.498	0.508	8
26.10.2018 00:00	0.508	0.508	0.452	0.452	140
29.10.2018 00:00	0.45	0.45	0.436	0.438	36
30.10.2018 00:00	0.418	0.438	0.418	0.438	20
31.10.2018 00:00	0.44	0.442	0.44	0.44	9
01.11.2018 00:00	0.45	0.45	0.444	0.444	3
02.11.2018 00:00	0.438	0.444	0.424	0.444	27
06.11.2018 00:00	0.452	0.454	0.432	0.438	8
07.11.2018 00:00	0.43	0.43	0.43	0.43	1
08.11.2018 00:00	0.448	0.448	0.448	0.448	4
09.11.2018 00:00	0.448	0.468	0.448	0.462	15
12.11.2018 00:00	0.45	0.45	0.44	0.45	7
13.11.2018 00:00	0.44	0.466	0.44	0.466	2
14.11.2018 00:00	0.54	0.54	0.45	0.45	12
15.11.2018 00:00	0.47400000000000003	0.47400000000000003	0.456	0.456	4
19.11.2018 00:00	0.458	0.458	0.458	0.458	1
20.11.2018 00:00	0.442	0.452	0.438	0.45	15
21.11.2018 00:00	0.45	0.46	0.424	0.438	35
27.11.2018 00:00	0.41000000000000003	0.428	0.40800000000000003	0.41400000000000003	109
28.11.2018 00:00	0.40800000000000003	0.42	0.402	0.418	51
29.11.2018 00:00	0.432	0.432	0.41000000000000003	0.422	6
30.11.2018 00:00	0.422	0.424	0.422	0.424	6
03.12.2018 00:00	0.41000000000000003	0.41600000000000004	0.40800000000000003	0.41200000000000003	60
04.12.2018 00:00	0.466	0.466	0.418	0.436	12
05.12.2018 00:00	0.456	0.456	0.418	0.418	9
06.12.2018 00:00	0.418	0.426	0.41400000000000003	0.41600000000000004	6
07.12.2018 00:00	0.41000000000000003	0.41600000000000004	0.41000000000000003	0.41600000000000004	6
10.12.2018 00:00	0.41200000000000003	0.41200000000000003	0.28800000000000003	0.402	80
11.12.2018 00:00	0.36	0.406	0.36	0.4	85
12.12.2018 00:00	0.394	0.398	0.392	0.394	14
13.12.2018 00:00	0.392	0.392	0.36	0.38	69
17.12.2018 00:00	0.384	0.384	0.384	0.384	1
18.12.2018 00:00	0.378	0.39	0.378	0.39	21
19.12.2018 00:00	0.386	0.386	0.378	0.386	31
20.12.2018 00:00	0.38	0.398	0.368	0.396	30
21.12.2018 00:00	0.38	0.406	0.38	0.398	7
24.12.2018 00:00	0.404	0.404	0.388	0.39	9
25.12.2018 00:00	0.402	0.402	0.386	0.394	11
26.12.2018 00:00	0.392	0.4	0.39	0.39	13
27.12.2018 00:00	0.4	0.4	0.378	0.388	31
28.12.2018 00:00	0.394	0.394	0.38	0.392	10
29.12.2018 00:00	0.392	0.394	0.384	0.394	7
03.01.2019 00:00	0.392	0.4	0.37	0.398	12
08.01.2019 00:00	0.396	0.396	0.374	0.392	73
09.01.2019 00:00	0.392	0.41600000000000004	0.384	0.388	47
10.01.2019 00:00	0.386	0.41000000000000003	0.386	0.40800000000000003	26
11.01.2019 00:00	0.392	0.406	0.392	0.406	30
14.01.2019 00:00	0.392	0.406	0.392	0.406	11
15.01.2019 00:00	0.396	0.4	0.396	0.398	14
16.01.2019 00:00	0.404	0.41200000000000003	0.398	0.406	32
17.01.2019 00:00	0.406	0.406	0.402	0.402	4
18.01.2019 00:00	0.422	0.422	0.402	0.406	27
21.01.2019 00:00	0.404	0.404	0.4	0.404	17
22.01.2019 00:00	0.402	0.406	0.402	0.402	13
23.01.2019 00:00	0.404	0.406	0.4	0.404	62
24.01.2019 00:00	0.398	0.52	0.398	0.454	599
25.01.2019 00:00	0.45	0.45	0.406	0.41600000000000004	117
28.01.2019 00:00	0.422	0.424	0.40800000000000003	0.418	57
29.01.2019 00:00	0.424	0.426	0.41400000000000003	0.426	10
30.01.2019 00:00	0.426	0.428	0.42	0.424	12
31.01.2019 00:00	0.428	0.434	0.40800000000000003	0.424	20
01.02.2019 00:00	0.424	0.424	0.41400000000000003	0.424	19
04.02.2019 00:00	0.41600000000000004	0.418	0.41600000000000004	0.418	5
05.02.2019 00:00	0.41600000000000004	0.426	0.41600000000000004	0.426	2
06.02.2019 00:00	0.426	0.428	0.418	0.426	22
07.02.2019 00:00	0.41600000000000004	0.418	0.396	0.41400000000000003	38
08.02.2019 00:00	0.41400000000000003	0.41400000000000003	0.41400000000000003	0.41400000000000003	1
11.02.2019 00:00	0.41600000000000004	0.418	0.41600000000000004	0.418	58
12.02.2019 00:00	0.42	0.426	0.41600000000000004	0.422	16
13.02.2019 00:00	0.424	0.424	0.40800000000000003	0.42	18
14.02.2019 00:00	0.418	0.418	0.41000000000000003	0.41000000000000003	28
15.02.2019 00:00	0.41200000000000003	0.41200000000000003	0.4	0.41000000000000003	92
18.02.2019 00:00	0.41200000000000003	0.41200000000000003	0.41200000000000003	0.41200000000000003	27
19.02.2019 00:00	0.406	0.418	0.4	0.406	193
20.02.2019 00:00	0.404	0.41000000000000003	0.392	0.41000000000000003	131
21.02.2019 00:00	0.404	0.40800000000000003	0.404	0.40800000000000003	12
22.02.2019 00:00	0.402	0.41000000000000003	0.402	0.41000000000000003	4
26.02.2019 00:00	0.402	0.424	0.4	0.418	72
27.02.2019 00:00	0.41400000000000003	0.422	0.406	0.42	16
28.02.2019 00:00	0.406	0.41200000000000003	0.406	0.41200000000000003	8
01.03.2019 00:00	0.40800000000000003	0.41200000000000003	0.40800000000000003	0.41200000000000003	17
04.03.2019 00:00	0.41200000000000003	0.426	0.41200000000000003	0.41400000000000003	44
05.03.2019 00:00	0.41400000000000003	0.424	0.41000000000000003	0.42	32
06.03.2019 00:00	0.40800000000000003	0.422	0.4	0.41400000000000003	130
07.03.2019 00:00	0.40800000000000003	0.41400000000000003	0.40800000000000003	0.41200000000000003	44
11.03.2019 00:00	0.41600000000000004	0.41600000000000004	0.40800000000000003	0.41400000000000003	15
12.03.2019 00:00	0.41600000000000004	0.422	0.41600000000000004	0.41600000000000004	7
13.03.2019 00:00	0.41000000000000003	0.41400000000000003	0.40800000000000003	0.41400000000000003	13
14.03.2019 00:00	0.40800000000000003	0.418	0.40800000000000003	0.418	22
15.03.2019 00:00	0.41000000000000003	0.42	0.41000000000000003	0.41600000000000004	22
18.03.2019 00:00	0.422	0.422	0.41200000000000003	0.41600000000000004	20
19.03.2019 00:00	0.42	0.422	0.41000000000000003	0.418	90
20.03.2019 00:00	0.42	0.482	0.42	0.438	229
21.03.2019 00:00	0.432	0.494	0.432	0.468	213
22.03.2019 00:00	0.46	0.46	0.434	0.454	29
25.03.2019 00:00	0.442	0.456	0.432	0.45	40
26.03.2019 00:00	0.464	0.47000000000000003	0.43	0.444	30
27.03.2019 00:00	0.444	0.444	0.4	0.42	92
28.03.2019 00:00	0.41400000000000003	0.426	0.41200000000000003	0.424	41
29.03.2019 00:00	0.41600000000000004	0.426	0.41000000000000003	0.418	31
01.04.2019 00:00	0.418	0.418	0.404	0.406	42
02.04.2019 00:00	0.404	0.41200000000000003	0.404	0.41000000000000003	69
03.04.2019 00:00	0.41200000000000003	0.418	0.406	0.41000000000000003	16
04.04.2019 00:00	0.41000000000000003	0.42	0.406	0.41200000000000003	35
05.04.2019 00:00	0.41200000000000003	0.418	0.40800000000000003	0.418	16
08.04.2019 00:00	0.40800000000000003	0.41600000000000004	0.406	0.41000000000000003	39
09.04.2019 00:00	0.40800000000000003	0.41400000000000003	0.406	0.41400000000000003	45
10.04.2019 00:00	0.41400000000000003	0.41400000000000003	0.406	0.40800000000000003	90
11.04.2019 00:00	0.406	0.41000000000000003	0.406	0.406	34
12.04.2019 00:00	0.40800000000000003	0.40800000000000003	0.402	0.406	29
15.04.2019 00:00	0.402	0.40800000000000003	0.4	0.406	41
16.04.2019 00:00	0.404	0.406	0.402	0.404	32
17.04.2019 00:00	0.40800000000000003	0.40800000000000003	0.4	0.406	50
18.04.2019 00:00	0.402	0.402	0.398	0.4	59
19.04.2019 00:00	0.402	0.402	0.4	0.4	2
22.04.2019 00:00	0.4	0.40800000000000003	0.398	0.4	13
23.04.2019 00:00	0.404	0.404	0.398	0.4	10
24.04.2019 00:00	0.404	0.404	0.402	0.402	3
25.04.2019 00:00	0.398	0.402	0.392	0.392	30
26.04.2019 00:00	0.394	0.406	0.386	0.388	114
29.04.2019 00:00	0.388	0.4	0.388	0.392	55
30.04.2019 00:00	0.394	0.404	0.394	0.398	6
02.05.2019 00:00	0.394	0.394	0.39	0.394	12
03.05.2019 00:00	0.392	0.394	0.39	0.39	17
06.05.2019 00:00	0.39	0.40800000000000003	0.39	0.392	8
07.05.2019 00:00	0.40800000000000003	0.40800000000000003	0.376	0.38	65
08.05.2019 00:00	0.374	0.374	0.34600000000000003	0.356	319
10.05.2019 00:00	0.356	0.378	0.356	0.378	36
13.05.2019 00:00	0.362	0.386	0.36	0.372	10
14.05.2019 00:00	0.358	0.37	0.356	0.368	9
15.05.2019 00:00	0.36	0.372	0.358	0.358	19
16.05.2019 00:00	0.376	0.41600000000000004	0.354	0.36	229
17.05.2019 00:00	0.356	0.37	0.352	0.364	44
20.05.2019 00:00	0.356	0.37	0.356	0.37	15
21.05.2019 00:00	0.368	0.368	0.368	0.368	1
22.05.2019 00:00	0.364	0.372	0.362	0.362	8
23.05.2019 00:00	0.362	0.386	0.362	0.376	8
24.05.2019 00:00	0.386	0.386	0.35000000000000003	0.366	16
27.05.2019 00:00	0.362	0.364	0.354	0.362	44
28.05.2019 00:00	0.358	0.374	0.358	0.366	3
29.05.2019 00:00	0.354	0.372	0.354	0.368	22
30.05.2019 00:00	0.372	0.372	0.372	0.372	1
31.05.2019 00:00	0.372	0.372	0.372	0.372	1
03.06.2019 00:00	0.356	0.37	0.356	0.368	25
04.06.2019 00:00	0.362	0.366	0.36	0.366	23
05.06.2019 00:00	0.372	0.372	0.364	0.37	11
06.06.2019 00:00	0.37	0.37	0.37	0.37	2
07.06.2019 00:00	0.358	0.372	0.358	0.372	7
10.06.2019 00:00	0.356	0.37	0.354	0.37	12
11.06.2019 00:00	0.37	0.37	0.358	0.37	6
13.06.2019 00:00	0.37	0.37	0.36	0.36	15
14.06.2019 00:00	0.37	0.37	0.358	0.364	22
17.06.2019 00:00	0.36	0.364	0.36	0.362	18
18.06.2019 00:00	0.36	0.364	0.36	0.364	13
19.06.2019 00:00	0.362	0.372	0.36	0.368	13
20.06.2019 00:00	0.366	0.368	0.364	0.364	10
21.06.2019 00:00	0.364	0.368	0.364	0.366	5
24.06.2019 00:00	0.368	0.368	0.368	0.368	2
25.06.2019 00:00	0.368	0.374	0.368	0.374	26
26.06.2019 00:00	0.374	0.39	0.372	0.372	35
27.06.2019 00:00	0.37	0.374	0.368	0.372	6
28.06.2019 00:00	0.368	0.374	0.366	0.374	4
01.07.2019 00:00	0.376	0.376	0.374	0.374	8
02.07.2019 00:00	0.364	0.372	0.36	0.372	15
03.07.2019 00:00	0.364	0.376	0.364	0.376	21
04.07.2019 00:00	0.376	0.378	0.376	0.378	8
08.07.2019 00:00	0.372	0.394	0.372	0.386	20
09.07.2019 00:00	0.39	0.398	0.386	0.392	25
10.07.2019 00:00	0.386	0.4	0.386	0.4	43
11.07.2019 00:00	0.398	0.398	0.388	0.396	37
12.07.2019 00:00	0.396	0.396	0.39	0.396	13
15.07.2019 00:00	0.39	0.4	0.39	0.4	11
16.07.2019 00:00	0.394	0.398	0.384	0.388	50
17.07.2019 00:00	0.388	0.4	0.378	0.392	44
18.07.2019 00:00	0.384	0.392	0.378	0.386	10
19.07.2019 00:00	0.378	0.392	0.378	0.384	9
22.07.2019 00:00	0.384	0.39	0.378	0.39	8
23.07.2019 00:00	0.378	0.392	0.378	0.39	4
24.07.2019 00:00	0.38	0.4	0.378	0.392	61
25.07.2019 00:00	0.38	0.40800000000000003	0.38	0.404	74
26.07.2019 00:00	0.41200000000000003	0.41200000000000003	0.396	0.406	14
29.07.2019 00:00	0.41000000000000003	0.41400000000000003	0.394	0.41200000000000003	20
30.07.2019 00:00	0.41200000000000003	0.41200000000000003	0.398	0.406	61
31.07.2019 00:00	0.402	0.40800000000000003	0.4	0.406	10
01.08.2019 00:00	0.398	0.41200000000000003	0.398	0.406	3
02.08.2019 00:00	0.41000000000000003	0.41000000000000003	0.376	0.384	99
05.08.2019 00:00	0.392	0.392	0.368	0.374	64
06.08.2019 00:00	0.372	0.386	0.358	0.378	178
07.08.2019 00:00	0.39	0.39	0.364	0.364	65
08.08.2019 00:00	0.364	0.376	0.364	0.376	55
09.08.2019 00:00	0.376	0.38	0.37	0.378	10
12.08.2019 00:00	0.37	0.378	0.368	0.376	12
13.08.2019 00:00	0.368	0.38	0.366	0.376	29
14.08.2019 00:00	0.368	0.37	0.362	0.368	28
15.08.2019 00:00	0.378	0.39	0.364	0.378	65
16.08.2019 00:00	0.384	0.384	0.384	0.384	1
19.08.2019 00:00	0.364	0.378	0.364	0.376	4
20.08.2019 00:00	0.386	0.386	0.368	0.378	7
21.08.2019 00:00	0.37	0.37	0.364	0.368	11
23.08.2019 00:00	0.38	0.38	0.36	0.37	30
26.08.2019 00:00	0.364	0.372	0.364	0.372	25
27.08.2019 00:00	0.368	0.372	0.368	0.372	19
28.08.2019 00:00	0.386	0.386	0.378	0.384	18
29.08.2019 00:00	0.366	0.384	0.366	0.372	23
30.08.2019 00:00	0.374	0.386	0.372	0.372	22
02.09.2019 00:00	0.37	0.376	0.366	0.374	16
03.09.2019 00:00	0.37	0.384	0.368	0.378	31
04.09.2019 00:00	0.386	0.386	0.384	0.384	3
05.09.2019 00:00	0.384	0.384	0.374	0.378	5
06.09.2019 00:00	0.38	0.384	0.374	0.384	24
09.09.2019 00:00	0.386	0.388	0.386	0.386	4
10.09.2019 00:00	0.388	0.388	0.388	0.388	2
13.09.2019 00:00	0.388	0.394	0.388	0.388	6
16.09.2019 00:00	0.376	0.392	0.37	0.392	39
17.09.2019 00:00	0.376	0.392	0.372	0.388	38
18.09.2019 00:00	0.38	0.384	0.376	0.384	25
19.09.2019 00:00	0.376	0.388	0.372	0.374	19
20.09.2019 00:00	0.372	0.38	0.372	0.378	7
23.09.2019 00:00	0.39	0.39	0.372	0.372	11
24.09.2019 00:00	0.372	0.378	0.366	0.368	24
25.09.2019 00:00	0.372	0.372	0.366	0.368	6
26.09.2019 00:00	0.366	0.37	0.364	0.37	7
27.09.2019 00:00	0.374	0.374	0.37	0.372	23
30.09.2019 00:00	0.372	0.388	0.372	0.376	18
01.10.2019 00:00	0.374	0.374	0.37	0.37	21
02.10.2019 00:00	0.37	0.372	0.368	0.37	26
03.10.2019 00:00	0.366	0.376	0.366	0.368	11
04.10.2019 00:00	0.37	0.372	0.368	0.372	6
07.10.2019 00:00	0.368	0.368	0.366	0.366	27
08.10.2019 00:00	0.366	0.366	0.366	0.366	1
09.10.2019 00:00	0.366	0.366	0.362	0.364	15
10.10.2019 00:00	0.362	0.366	0.362	0.364	3
11.10.2019 00:00	0.366	0.366	0.366	0.366	1
14.10.2019 00:00	0.362	0.366	0.362	0.364	8
15.10.2019 00:00	0.364	0.364	0.364	0.364	1
16.10.2019 00:00	0.364	0.422	0.36	0.366	673
17.10.2019 00:00	0.372	0.374	0.358	0.37	150
18.10.2019 00:00	0.374	0.38	0.368	0.378	68
21.10.2019 00:00	0.374	0.386	0.368	0.38	67
22.10.2019 00:00	0.384	0.386	0.376	0.376	23
23.10.2019 00:00	0.372	0.39	0.37	0.376	60
24.10.2019 00:00	0.378	0.386	0.378	0.384	25
25.10.2019 00:00	0.386	0.386	0.386	0.386	1
28.10.2019 00:00	0.378	0.386	0.376	0.384	31
29.10.2019 00:00	0.378	0.39	0.376	0.378	43
30.10.2019 00:00	0.378	0.386	0.376	0.384	82
31.10.2019 00:00	0.388	0.41200000000000003	0.386	0.392	100
01.11.2019 00:00	0.376	0.388	0.376	0.388	20
05.11.2019 00:00	0.378	0.386	0.368	0.386	96
06.11.2019 00:00	0.388	0.4	0.38	0.38	60
07.11.2019 00:00	0.376	0.394	0.372	0.376	227
08.11.2019 00:00	0.378	0.386	0.376	0.378	158
11.11.2019 00:00	0.378	0.384	0.376	0.384	36
12.11.2019 00:00	0.386	0.39	0.372	0.38	146
13.11.2019 00:00	0.386	0.386	0.376	0.376	34
14.11.2019 00:00	0.376	0.386	0.374	0.38	163
15.11.2019 00:00	0.38	0.386	0.37	0.376	159
18.11.2019 00:00	0.376	0.38	0.37	0.374	281
19.11.2019 00:00	0.378	0.38	0.368	0.374	274
20.11.2019 00:00	0.37	0.372	0.368	0.372	83
21.11.2019 00:00	0.372	0.376	0.372	0.374	95
22.11.2019 00:00	0.372	0.38	0.37	0.374	143
25.11.2019 00:00	0.374	0.38	0.374	0.374	116
26.11.2019 00:00	0.378	0.39	0.372	0.384	419
27.11.2019 00:00	0.39	0.394	0.384	0.386	644
28.11.2019 00:00	0.384	0.40800000000000003	0.38	0.388	689
29.11.2019 00:00	0.368	0.378	0.36	0.366	875
02.12.2019 00:00	0.362	0.37	0.36	0.366	89
03.12.2019 00:00	0.364	0.364	0.34600000000000003	0.35000000000000003	640
04.12.2019 00:00	0.354	0.358	0.35000000000000003	0.356	108
05.12.2019 00:00	0.354	0.356	0.34800000000000003	0.35000000000000003	89
06.12.2019 00:00	0.35000000000000003	0.352	0.34800000000000003	0.35000000000000003	19
09.12.2019 00:00	0.34800000000000003	0.356	0.34600000000000003	0.352	23
10.12.2019 00:00	0.352	0.354	0.35000000000000003	0.352	19
11.12.2019 00:00	0.352	0.352	0.352	0.352	16
12.12.2019 00:00	0.354	0.354	0.35000000000000003	0.354	21
13.12.2019 00:00	0.35000000000000003	0.354	0.342	0.35000000000000003	214
16.12.2019 00:00	0.35000000000000003	0.352	0.35000000000000003	0.352	31
17.12.2019 00:00	0.352	0.358	0.34800000000000003	0.352	101
18.12.2019 00:00	0.352	0.354	0.34800000000000003	0.354	26
19.12.2019 00:00	0.352	0.354	0.34800000000000003	0.35000000000000003	66
20.12.2019 00:00	0.35000000000000003	0.35000000000000003	0.34600000000000003	0.34800000000000003	31
23.12.2019 00:00	0.34800000000000003	0.35000000000000003	0.34800000000000003	0.35000000000000003	18
24.12.2019 00:00	0.352	0.352	0.34800000000000003	0.35000000000000003	27
25.12.2019 00:00	0.34800000000000003	0.35000000000000003	0.34600000000000003	0.35000000000000003	21
26.12.2019 00:00	0.34800000000000003	0.35000000000000003	0.34600000000000003	0.34800000000000003	26
27.12.2019 00:00	0.35000000000000003	0.35000000000000003	0.34800000000000003	0.34800000000000003	17
30.12.2019 00:00	0.34800000000000003	0.34800000000000003	0.34400000000000003	0.34800000000000003	45
03.01.2020 00:00	0.35000000000000003	0.35000000000000003	0.34	0.34400000000000003	248
06.01.2020 00:00	0.34600000000000003	0.35000000000000003	0.34600000000000003	0.34800000000000003	46
08.01.2020 00:00	0.34400000000000003	0.34600000000000003	0.34400000000000003	0.34600000000000003	17
09.01.2020 00:00	0.34600000000000003	0.35000000000000003	0.34400000000000003	0.34800000000000003	25
10.01.2020 00:00	0.34800000000000003	0.354	0.34600000000000003	0.354	65
13.01.2020 00:00	0.354	0.364	0.35000000000000003	0.364	147
14.01.2020 00:00	0.354	0.366	0.354	0.364	139
15.01.2020 00:00	0.354	0.364	0.354	0.364	68
17.01.2020 00:00	0.356	0.364	0.356	0.36	50
20.01.2020 00:00	0.364	0.364	0.356	0.36	68
21.01.2020 00:00	0.362	0.362	0.36	0.36	8
22.01.2020 00:00	0.36	0.362	0.354	0.354	25
23.01.2020 00:00	0.358	0.358	0.354	0.356	32
24.01.2020 00:00	0.352	0.358	0.352	0.358	70
27.01.2020 00:00	0.352	0.358	0.35000000000000003	0.35000000000000003	76
28.01.2020 00:00	0.35000000000000003	0.364	0.35000000000000003	0.36	61
29.01.2020 00:00	0.362	0.362	0.358	0.358	15
30.01.2020 00:00	0.358	0.364	0.356	0.36	12
31.01.2020 00:00	0.362	0.364	0.35000000000000003	0.354	45
03.02.2020 00:00	0.354	0.36	0.352	0.36	22
04.02.2020 00:00	0.352	0.362	0.352	0.358	31
05.02.2020 00:00	0.36	0.36	0.358	0.358	13
06.02.2020 00:00	0.354	0.356	0.35000000000000003	0.356	153
07.02.2020 00:00	0.352	0.358	0.35000000000000003	0.356	46
10.02.2020 00:00	0.352	0.364	0.35000000000000003	0.358	98
11.02.2020 00:00	0.358	0.364	0.358	0.358	60
12.02.2020 00:00	0.364	0.384	0.362	0.37	237
13.02.2020 00:00	0.37	0.374	0.362	0.37	45
14.02.2020 00:00	0.368	0.372	0.364	0.368	34
17.02.2020 00:00	0.366	0.388	0.366	0.378	220
18.02.2020 00:00	0.378	0.396	0.376	0.378	332
19.02.2020 00:00	0.376	0.386	0.374	0.378	120
20.02.2020 00:00	0.378	0.396	0.378	0.386	757
21.02.2020 00:00	0.384	0.396	0.384	0.39	170
25.02.2020 00:00	0.38	0.398	0.364	0.376	112
26.02.2020 00:00	0.374	0.374	0.364	0.372	84
27.02.2020 00:00	0.37	0.378	0.362	0.362	64
28.02.2020 00:00	0.358	0.366	0.34	0.342	154
02.03.2020 00:00	0.352	0.378	0.34800000000000003	0.358	174
03.03.2020 00:00	0.36	0.37	0.36	0.366	37
04.03.2020 00:00	0.364	0.368	0.362	0.368	13
05.03.2020 00:00	0.366	0.368	0.364	0.364	35
06.03.2020 00:00	0.358	0.36	0.352	0.358	24
10.03.2020 00:00	0.34	0.358	0.324	0.34600000000000003	100
11.03.2020 00:00	0.34800000000000003	0.34800000000000003	0.342	0.342	57
12.03.2020 00:00	0.342	0.34400000000000003	0.31	0.31	71
13.03.2020 00:00	0.324	0.334	0.32	0.332	58
16.03.2020 00:00	0.308	0.334	0.28800000000000003	0.306	48
17.03.2020 00:00	0.316	0.316	0.294	0.302	68
18.03.2020 00:00	0.296	0.32	0.296	0.298	43
19.03.2020 00:00	0.3	0.312	0.294	0.302	36
20.03.2020 00:00	0.312	0.342	0.312	0.324	89
23.03.2020 00:00	0.3	0.324	0.298	0.324	11
24.03.2020 00:00	0.336	0.34400000000000003	0.322	0.322	55
25.03.2020 00:00	0.34400000000000003	0.34600000000000003	0.316	0.316	133
26.03.2020 00:00	0.312	0.314	0.306	0.308	97
27.03.2020 00:00	0.312	0.312	0.304	0.304	7
30.03.2020 00:00	0.304	0.31	0.304	0.31	6
31.03.2020 00:00	0.33	0.33	0.308	0.308	28
01.04.2020 00:00	0.308	0.324	0.306	0.324	37
02.04.2020 00:00	0.34	0.354	0.326	0.334	91
03.04.2020 00:00	0.336	0.35000000000000003	0.306	0.326	214
06.04.2020 00:00	0.324	0.34600000000000003	0.32	0.326	49
07.04.2020 00:00	0.34600000000000003	0.352	0.34	0.34400000000000003	174
08.04.2020 00:00	0.34400000000000003	0.352	0.328	0.34800000000000003	45
09.04.2020 00:00	0.334	0.352	0.334	0.34800000000000003	20
10.04.2020 00:00	0.342	0.342	0.342	0.342	1
13.04.2020 00:00	0.336	0.34800000000000003	0.334	0.34400000000000003	66
14.04.2020 00:00	0.34600000000000003	0.34800000000000003	0.34	0.34	11
15.04.2020 00:00	0.336	0.342	0.322	0.332	24
16.04.2020 00:00	0.322	0.34400000000000003	0.322	0.34	16
17.04.2020 00:00	0.34400000000000003	0.354	0.342	0.34800000000000003	81
20.04.2020 00:00	0.34	0.356	0.34	0.34400000000000003	13
21.04.2020 00:00	0.342	0.342	0.328	0.342	23
22.04.2020 00:00	0.34	0.38	0.34	0.34800000000000003	64
23.04.2020 00:00	0.34400000000000003	0.352	0.34400000000000003	0.35000000000000003	5
24.04.2020 00:00	0.34600000000000003	0.34600000000000003	0.34600000000000003	0.34600000000000003	1
27.04.2020 00:00	0.35000000000000003	0.364	0.35000000000000003	0.354	39
28.04.2020 00:00	0.354	0.354	0.34800000000000003	0.354	10
29.04.2020 00:00	0.34600000000000003	0.35000000000000003	0.34600000000000003	0.34800000000000003	9
30.04.2020 00:00	0.358	0.364	0.354	0.354	111
04.05.2020 00:00	0.35000000000000003	0.35000000000000003	0.34600000000000003	0.34800000000000003	6
06.05.2020 00:00	0.358	0.358	0.34600000000000003	0.34800000000000003	6
07.05.2020 00:00	0.34600000000000003	0.362	0.34600000000000003	0.35000000000000003	27
08.05.2020 00:00	0.35000000000000003	0.358	0.34600000000000003	0.358	39
12.05.2020 00:00	0.34400000000000003	0.352	0.34400000000000003	0.35000000000000003	13
13.05.2020 00:00	0.356	0.356	0.356	0.356	3
14.05.2020 00:00	0.34400000000000003	0.356	0.34400000000000003	0.356	32
15.05.2020 00:00	0.358	0.358	0.34400000000000003	0.34400000000000003	11
18.05.2020 00:00	0.356	0.356	0.34	0.34400000000000003	33
20.05.2020 00:00	0.34600000000000003	0.34600000000000003	0.34400000000000003	0.34400000000000003	3
22.05.2020 00:00	0.354	0.354	0.352	0.352	4
25.05.2020 00:00	0.356	0.362	0.342	0.35000000000000003	18
26.05.2020 00:00	0.352	0.354	0.34600000000000003	0.354	60
27.05.2020 00:00	0.354	0.39	0.354	0.358	201
28.05.2020 00:00	0.354	0.40800000000000003	0.34800000000000003	0.362	636
29.05.2020 00:00	0.368	0.41400000000000003	0.354	0.362	547
01.06.2020 00:00	0.37	0.37	0.358	0.366	36
02.06.2020 00:00	0.368	0.368	0.358	0.364	78
03.06.2020 00:00	0.356	0.36	0.356	0.358	28
04.06.2020 00:00	0.362	0.364	0.35000000000000003	0.36	141
05.06.2020 00:00	0.352	0.362	0.35000000000000003	0.352	29
08.06.2020 00:00	0.356	0.358	0.352	0.358	17
09.06.2020 00:00	0.352	0.362	0.352	0.362	120
10.06.2020 00:00	0.364	0.368	0.358	0.358	43
11.06.2020 00:00	0.356	0.36	0.34800000000000003	0.35000000000000003	57
15.06.2020 00:00	0.354	0.354	0.34600000000000003	0.34800000000000003	27
16.06.2020 00:00	0.34800000000000003	0.34800000000000003	0.34	0.34800000000000003	96
17.06.2020 00:00	0.35000000000000003	0.35000000000000003	0.34	0.34600000000000003	237
18.06.2020 00:00	0.342	0.34400000000000003	0.342	0.342	34
19.06.2020 00:00	0.342	0.34600000000000003	0.342	0.342	44
22.06.2020 00:00	0.34400000000000003	0.34400000000000003	0.342	0.342	15
23.06.2020 00:00	0.34400000000000003	0.34400000000000003	0.34400000000000003	0.34400000000000003	5
25.06.2020 00:00	0.352	0.378	0.34600000000000003	0.34600000000000003	61
26.06.2020 00:00	0.34800000000000003	0.34800000000000003	0.342	0.342	6
29.06.2020 00:00	0.34600000000000003	0.39	0.34400000000000003	0.34600000000000003	226
30.06.2020 00:00	0.342	0.37	0.342	0.36	279
02.07.2020 00:00	0.366	0.366	0.34	0.34600000000000003	259
03.07.2020 00:00	0.34600000000000003	0.34800000000000003	0.34400000000000003	0.34800000000000003	22
06.07.2020 00:00	0.35000000000000003	0.35000000000000003	0.34400000000000003	0.34600000000000003	30
07.07.2020 00:00	0.34400000000000003	0.34600000000000003	0.34400000000000003	0.34600000000000003	7
08.07.2020 00:00	0.34400000000000003	0.352	0.34	0.342	55
09.07.2020 00:00	0.342	0.342	0.34	0.34	244
10.07.2020 00:00	0.34	0.34	0.334	0.338	41
13.07.2020 00:00	0.338	0.342	0.338	0.342	65
14.07.2020 00:00	0.34	0.342	0.334	0.34	16
15.07.2020 00:00	0.336	0.34	0.336	0.34	19
16.07.2020 00:00	0.342	0.34400000000000003	0.338	0.34	18
17.07.2020 00:00	0.34	0.34	0.34	0.34	2
20.07.2020 00:00	0.34800000000000003	0.34800000000000003	0.34400000000000003	0.34400000000000003	34
21.07.2020 00:00	0.34400000000000003	0.34600000000000003	0.338	0.34400000000000003	110
22.07.2020 00:00	0.342	0.34600000000000003	0.336	0.34600000000000003	69
23.07.2020 00:00	0.34600000000000003	0.34600000000000003	0.342	0.34400000000000003	27
24.07.2020 00:00	0.342	0.342	0.34	0.342	10
27.07.2020 00:00	0.342	0.34600000000000003	0.342	0.34400000000000003	29
28.07.2020 00:00	0.34400000000000003	0.34400000000000003	0.34	0.34400000000000003	45
29.07.2020 00:00	0.34600000000000003	0.368	0.342	0.352	280
30.07.2020 00:00	0.34600000000000003	0.358	0.34600000000000003	0.352	67
31.07.2020 00:00	0.35000000000000003	0.352	0.34	0.352	154
03.08.2020 00:00	0.34800000000000003	0.35000000000000003	0.342	0.35000000000000003	30
04.08.2020 00:00	0.35000000000000003	0.35000000000000003	0.35000000000000003	0.35000000000000003	21
05.08.2020 00:00	0.34800000000000003	0.354	0.34400000000000003	0.354	106
06.08.2020 00:00	0.35000000000000003	0.354	0.35000000000000003	0.352	30
07.08.2020 00:00	0.354	0.398	0.352	0.37	927
10.08.2020 00:00	0.372	0.39	0.354	0.374	694
11.08.2020 00:00	0.38	0.526	0.366	0.47200000000000003	10979
12.08.2020 00:00	0.486	0.496	0.42	0.424	3359
13.08.2020 00:00	0.41600000000000004	0.434	0.402	0.41000000000000003	905
14.08.2020 00:00	0.406	0.428	0.406	0.424	386
17.08.2020 00:00	0.434	0.45	0.42	0.438	522
18.08.2020 00:00	0.45	0.47800000000000004	0.438	0.454	732
19.08.2020 00:00	0.452	0.462	0.432	0.442	604
20.08.2020 00:00	0.432	0.438	0.428	0.434	147
21.08.2020 00:00	0.44	0.466	0.43	0.432	317
24.08.2020 00:00	0.436	0.436	0.422	0.424	251
25.08.2020 00:00	0.422	0.426	0.41000000000000003	0.418	72
26.08.2020 00:00	0.41600000000000004	0.418	0.40800000000000003	0.41400000000000003	181
27.08.2020 00:00	0.406	0.418	0.404	0.404	137
28.08.2020 00:00	0.41200000000000003	0.41200000000000003	0.404	0.406	61
31.08.2020 00:00	0.41000000000000003	0.432	0.406	0.424	76
01.09.2020 00:00	0.41400000000000003	0.424	0.406	0.41200000000000003	39
02.09.2020 00:00	0.404	0.41200000000000003	0.404	0.40800000000000003	33
03.09.2020 00:00	0.404	0.41600000000000004	0.404	0.406	20
04.09.2020 00:00	0.404	0.406	0.4	0.4	126
07.09.2020 00:00	0.398	0.41200000000000003	0.386	0.40800000000000003	149
08.09.2020 00:00	0.40800000000000003	0.41200000000000003	0.404	0.404	12
09.09.2020 00:00	0.41400000000000003	0.47600000000000003	0.406	0.41200000000000003	2415
10.09.2020 00:00	0.424	0.424	0.406	0.41200000000000003	161
11.09.2020 00:00	0.40800000000000003	0.41400000000000003	0.406	0.40800000000000003	232
14.09.2020 00:00	0.406	0.424	0.406	0.41200000000000003	140
15.09.2020 00:00	0.41000000000000003	0.418	0.406	0.41400000000000003	115
16.09.2020 00:00	0.41000000000000003	0.418	0.41000000000000003	0.418	48
17.09.2020 00:00	0.41000000000000003	0.418	0.41000000000000003	0.41400000000000003	54
18.09.2020 00:00	0.424	0.426	0.41200000000000003	0.41600000000000004	27
21.09.2020 00:00	0.426	0.436	0.41200000000000003	0.422	356
22.09.2020 00:00	0.428	0.436	0.422	0.43	435
23.09.2020 00:00	0.434	0.436	0.426	0.432	344
24.09.2020 00:00	0.434	0.47200000000000003	0.418	0.432	790
25.09.2020 00:00	0.428	0.436	0.41200000000000003	0.422	432
28.09.2020 00:00	0.436	0.438	0.426	0.438	618
29.09.2020 00:00	0.434	0.438	0.428	0.434	165
30.09.2020 00:00	0.436	0.436	0.428	0.436	70
01.10.2020 00:00	0.434	0.438	0.428	0.43	367
02.10.2020 00:00	0.428	0.436	0.426	0.432	243
05.10.2020 00:00	0.43	0.442	0.43	0.434	389
06.10.2020 00:00	0.434	0.438	0.428	0.438	259
07.10.2020 00:00	0.44	0.442	0.438	0.438	180
08.10.2020 00:00	0.434	0.44	0.43	0.434	352
09.10.2020 00:00	0.44	0.44	0.432	0.438	211
12.10.2020 00:00	0.438	0.442	0.436	0.442	211
13.10.2020 00:00	0.442	0.444	0.434	0.438	233
14.10.2020 00:00	0.442	0.444	0.43	0.436	667
15.10.2020 00:00	0.438	0.438	0.43	0.434	340
16.10.2020 00:00	0.434	0.436	0.432	0.434	212
19.10.2020 00:00	0.43	0.464	0.43	0.438	1177
20.10.2020 00:00	0.448	0.448	0.436	0.438	799
21.10.2020 00:00	0.442	0.444	0.436	0.44	290
22.10.2020 00:00	0.436	0.448	0.436	0.44	481
23.10.2020 00:00	0.448	0.448	0.434	0.442	877
26.10.2020 00:00	0.436	0.444	0.436	0.444	1182
27.10.2020 00:00	0.438	0.45	0.432	0.442	1224
28.10.2020 00:00	0.442	0.444	0.43	0.432	1285
29.10.2020 00:00	0.39	0.41200000000000003	0.352	0.368	3934
30.10.2020 00:00	0.37	0.378	0.358	0.362	660
02.11.2020 00:00	0.354	0.36	0.34400000000000003	0.34800000000000003	802
03.11.2020 00:00	0.34800000000000003	0.354	0.34	0.34800000000000003	823
05.11.2020 00:00	0.35000000000000003	0.354	0.34600000000000003	0.35000000000000003	435
06.11.2020 00:00	0.34800000000000003	0.35000000000000003	0.342	0.34600000000000003	351
09.11.2020 00:00	0.34400000000000003	0.34800000000000003	0.34	0.34600000000000003	597
10.11.2020 00:00	0.34400000000000003	0.352	0.342	0.34600000000000003	353
11.11.2020 00:00	0.34800000000000003	0.354	0.34800000000000003	0.354	487
12.11.2020 00:00	0.34800000000000003	0.356	0.34800000000000003	0.352	160
13.11.2020 00:00	0.35000000000000003	0.354	0.34800000000000003	0.34800000000000003	144
16.11.2020 00:00	0.356	0.358	0.34800000000000003	0.354	289
17.11.2020 00:00	0.352	0.358	0.352	0.356	202
18.11.2020 00:00	0.354	0.358	0.352	0.354	218
19.11.2020 00:00	0.352	0.356	0.34800000000000003	0.35000000000000003	121
20.11.2020 00:00	0.354	0.354	0.34800000000000003	0.354	74
23.11.2020 00:00	0.356	0.356	0.34800000000000003	0.352	143
24.11.2020 00:00	0.34800000000000003	0.352	0.34600000000000003	0.35000000000000003	82
25.11.2020 00:00	0.35000000000000003	0.35000000000000003	0.34600000000000003	0.35000000000000003	119
26.11.2020 00:00	0.35000000000000003	0.352	0.34400000000000003	0.352	169
27.11.2020 00:00	0.35000000000000003	0.352	0.34600000000000003	0.34800000000000003	184
30.11.2020 00:00	0.35000000000000003	0.352	0.34800000000000003	0.35000000000000003	88
01.12.2020 00:00	0.34800000000000003	0.352	0.34800000000000003	0.35000000000000003	46
02.12.2020 00:00	0.34800000000000003	0.352	0.34800000000000003	0.352	11
03.12.2020 00:00	0.352	0.352	0.34800000000000003	0.35000000000000003	77
04.12.2020 00:00	0.34800000000000003	0.35000000000000003	0.34400000000000003	0.34600000000000003	138
07.12.2020 00:00	0.35000000000000003	0.352	0.34800000000000003	0.35000000000000003	37
08.12.2020 00:00	0.34800000000000003	0.358	0.34800000000000003	0.354	587
09.12.2020 00:00	0.352	0.364	0.352	0.36	328
10.12.2020 00:00	0.36	0.36	0.34800000000000003	0.35000000000000003	169
11.12.2020 00:00	0.354	0.36	0.35000000000000003	0.356	139
14.12.2020 00:00	0.356	0.36	0.352	0.354	103
15.12.2020 00:00	0.358	0.36	0.354	0.358	49
16.12.2020 00:00	0.358	0.358	0.356	0.358	5
17.12.2020 00:00	0.356	0.364	0.34800000000000003	0.356	184
18.12.2020 00:00	0.358	0.362	0.356	0.358	34
21.12.2020 00:00	0.36	0.36	0.34600000000000003	0.358	214
22.12.2020 00:00	0.358	0.36	0.356	0.356	26
23.12.2020 00:00	0.356	0.36	0.356	0.358	30
24.12.2020 00:00	0.354	0.358	0.354	0.356	42
25.12.2020 00:00	0.352	0.36	0.35000000000000003	0.356	153
28.12.2020 00:00	0.358	0.366	0.35000000000000003	0.364	227
29.12.2020 00:00	0.362	0.364	0.356	0.358	45
30.12.2020 00:00	0.358	0.362	0.358	0.362	30
04.01.2021 00:00	0.366	0.372	0.356	0.36	76
05.01.2021 00:00	0.362	0.376	0.362	0.37	142
06.01.2021 00:00	0.378	0.378	0.364	0.376	82
08.01.2021 00:00	0.384	0.418	0.366	0.39	308
11.01.2021 00:00	0.396	0.398	0.374	0.378	213
12.01.2021 00:00	0.376	0.398	0.376	0.378	131
13.01.2021 00:00	0.38	0.38	0.374	0.376	98
14.01.2021 00:00	0.372	0.38	0.372	0.378	38
15.01.2021 00:00	0.38	0.386	0.37	0.374	115
18.01.2021 00:00	0.37	0.374	0.37	0.374	86
19.01.2021 00:00	0.37	0.38	0.37	0.376	30
20.01.2021 00:00	0.376	0.386	0.376	0.386	65
21.01.2021 00:00	0.386	0.39	0.37	0.372	146
22.01.2021 00:00	0.378	0.386	0.374	0.378	126
25.01.2021 00:00	0.374	0.38	0.374	0.38	12
26.01.2021 00:00	0.374	0.38	0.374	0.374	22
27.01.2021 00:00	0.376	0.38	0.372	0.38	84
28.01.2021 00:00	0.376	0.384	0.368	0.384	120
29.01.2021 00:00	0.37	0.384	0.37	0.376	43
01.02.2021 00:00	0.372	0.372	0.366	0.372	128
02.02.2021 00:00	0.37	0.386	0.37	0.378	109
03.02.2021 00:00	0.376	0.378	0.374	0.378	24
04.02.2021 00:00	0.378	0.378	0.376	0.376	5
05.02.2021 00:00	0.372	0.384	0.372	0.374	81
08.02.2021 00:00	0.372	0.378	0.37	0.374	56
09.02.2021 00:00	0.374	0.378	0.374	0.378	95
10.02.2021 00:00	0.376	0.378	0.37	0.376	135
11.02.2021 00:00	0.378	0.378	0.372	0.374	87
12.02.2021 00:00	0.372	0.374	0.37	0.374	144
15.02.2021 00:00	0.374	0.376	0.368	0.372	54
16.02.2021 00:00	0.372	0.374	0.372	0.374	58
17.02.2021 00:00	0.376	0.376	0.374	0.374	19
18.02.2021 00:00	0.374	0.378	0.374	0.374	39
19.02.2021 00:00	0.374	0.378	0.374	0.378	96
20.02.2021 00:00	0.378	0.378	0.368	0.374	136
22.02.2021 00:00	0.376	0.384	0.372	0.374	28
24.02.2021 00:00	0.37	0.384	0.37	0.376	98
25.02.2021 00:00	0.372	0.374	0.37	0.37	47
26.02.2021 00:00	0.368	0.372	0.366	0.368	77
01.03.2021 00:00	0.37	0.372	0.37	0.37	22
02.03.2021 00:00	0.372	0.376	0.37	0.37	24
03.03.2021 00:00	0.372	0.372	0.37	0.37	6
04.03.2021 00:00	0.37	0.37	0.364	0.368	138
05.03.2021 00:00	0.376	0.376	0.368	0.37	83
09.03.2021 00:00	0.37	0.376	0.368	0.376	114
10.03.2021 00:00	0.368	0.378	0.368	0.37	31
11.03.2021 00:00	0.372	0.38	0.37	0.374	80
12.03.2021 00:00	0.374	0.39	0.374	0.388	208
15.03.2021 00:00	0.398	0.398	0.376	0.39	68
16.03.2021 00:00	0.406	0.406	0.376	0.386	121
17.03.2021 00:00	0.384	0.384	0.378	0.378	3
18.03.2021 00:00	0.378	0.38	0.378	0.378	7
19.03.2021 00:00	0.376	0.378	0.376	0.378	13
22.03.2021 00:00	0.388	0.388	0.368	0.374	80
23.03.2021 00:00	0.372	0.378	0.372	0.378	132
24.03.2021 00:00	0.386	0.386	0.374	0.374	30
25.03.2021 00:00	0.38	0.38	0.378	0.378	8
26.03.2021 00:00	0.378	0.388	0.378	0.38	61
29.03.2021 00:00	0.376	0.4	0.376	0.394	146
30.03.2021 00:00	0.396	0.396	0.374	0.38	103
31.03.2021 00:00	0.376	0.386	0.376	0.378	119
01.04.2021 00:00	0.374	0.388	0.374	0.38	121
02.04.2021 00:00	0.388	0.388	0.378	0.378	99
05.04.2021 00:00	0.386	0.386	0.378	0.384	40
06.04.2021 00:00	0.384	0.4	0.378	0.392	270
07.04.2021 00:00	0.4	0.426	0.388	0.402	2005
08.04.2021 00:00	0.394	0.404	0.39	0.394	109
09.04.2021 00:00	0.39	0.394	0.384	0.39	273
12.04.2021 00:00	0.388	0.394	0.38	0.39	75
13.04.2021 00:00	0.386	0.392	0.384	0.388	43
14.04.2021 00:00	0.386	0.4	0.386	0.394	52
15.04.2021 00:00	0.388	0.402	0.388	0.4	52
16.04.2021 00:00	0.392	0.398	0.386	0.394	60
19.04.2021 00:00	0.39	0.392	0.384	0.39	117
20.04.2021 00:00	0.388	0.392	0.378	0.388	51
21.04.2021 00:00	0.39	0.394	0.39	0.39	38
22.04.2021 00:00	0.39	0.398	0.39	0.394	21
23.04.2021 00:00	0.396	0.396	0.386	0.39	62
26.04.2021 00:00	0.39	0.406	0.39	0.4	152
27.04.2021 00:00	0.406	0.41400000000000003	0.392	0.394	71
28.04.2021 00:00	0.392	0.394	0.388	0.392	44
29.04.2021 00:00	0.39	0.418	0.39	0.40800000000000003	873
30.04.2021 00:00	0.41600000000000004	0.422	0.402	0.406	691
04.05.2021 00:00	0.418	0.432	0.406	0.418	191
05.05.2021 00:00	0.40800000000000003	0.428	0.40800000000000003	0.41600000000000004	309
06.05.2021 00:00	0.426	0.426	0.40800000000000003	0.41400000000000003	68
07.05.2021 00:00	0.41000000000000003	0.424	0.41000000000000003	0.422	381
10.05.2021 00:00	0.426	0.434	0.41400000000000003	0.428	71
11.05.2021 00:00	0.418	0.43	0.418	0.428	488
12.05.2021 00:00	0.418	0.424	0.418	0.422	85
13.05.2021 00:00	0.424	0.436	0.41200000000000003	0.428	322
14.05.2021 00:00	0.436	0.436	0.424	0.424	104
17.05.2021 00:00	0.434	0.434	0.426	0.432	67
18.05.2021 00:00	0.428	0.428	0.418	0.424	65
19.05.2021 00:00	0.422	0.426	0.42	0.422	16
20.05.2021 00:00	0.424	0.428	0.41600000000000004	0.428	153
21.05.2021 00:00	0.436	0.438	0.41400000000000003	0.436	660
24.05.2021 00:00	0.438	0.47800000000000004	0.434	0.462	1708
25.05.2021 00:00	0.468	0.508	0.466	0.468	721
26.05.2021 00:00	0.464	0.48	0.46	0.468	327
27.05.2021 00:00	0.468	0.496	0.462	0.48	508
28.05.2021 00:00	0.492	0.504	0.468	0.47800000000000004	519
31.05.2021 00:00	0.484	0.492	0.47600000000000003	0.47800000000000004	178
01.06.2021 00:00	0.48	0.486	0.468	0.468	358
02.06.2021 00:00	0.47000000000000003	0.47800000000000004	0.47000000000000003	0.47200000000000003	254
03.06.2021 00:00	0.47400000000000003	0.48	0.468	0.48	257
04.06.2021 00:00	0.48	0.488	0.47400000000000003	0.482	255
07.06.2021 00:00	0.48	0.484	0.47000000000000003	0.47800000000000004	149
08.06.2021 00:00	0.482	0.484	0.47600000000000003	0.48	94
09.06.2021 00:00	0.47800000000000004	0.488	0.47800000000000004	0.488	84
10.06.2021 00:00	0.492	0.496	0.48	0.486	250
11.06.2021 00:00	0.49	0.502	0.484	0.498	421
14.06.2021 00:00	0.508	0.53	0.5	0.518	318
15.06.2021 00:00	0.522	0.55	0.512	0.524	687
16.06.2021 00:00	0.542	0.542	0.52	0.532	127
17.06.2021 00:00	0.54	0.54	0.502	0.508	240
18.06.2021 00:00	0.53	0.53	0.47800000000000004	0.48	391
21.06.2021 00:00	0.482	0.516	0.482	0.504	185
22.06.2021 00:00	0.514	0.528	0.5	0.506	209
23.06.2021 00:00	0.508	0.508	0.47800000000000004	0.492	338
24.06.2021 00:00	0.502	0.502	0.47800000000000004	0.482	368
25.06.2021 00:00	0.484	0.488	0.47800000000000004	0.47800000000000004	144
28.06.2021 00:00	0.484	0.504	0.484	0.49	412
29.06.2021 00:00	0.488	0.49	0.47800000000000004	0.486	183
30.06.2021 00:00	0.47200000000000003	0.484	0.46	0.466	425
01.07.2021 00:00	0.482	0.482	0.468	0.48	574
02.07.2021 00:00	0.486	0.498	0.448	0.468	1864
05.07.2021 00:00	0.428	0.438	0.428	0.43	818
06.07.2021 00:00	0.432	0.434	0.41400000000000003	0.42	332
07.07.2021 00:00	0.41600000000000004	0.418	0.406	0.41600000000000004	156
08.07.2021 00:00	0.424	0.424	0.406	0.40800000000000003	82
09.07.2021 00:00	0.40800000000000003	0.426	0.40800000000000003	0.41600000000000004	167
12.07.2021 00:00	0.426	0.426	0.424	0.424	50
13.07.2021 00:00	0.424	0.428	0.42	0.42	58
14.07.2021 00:00	0.41400000000000003	0.424	0.41400000000000003	0.424	205
15.07.2021 00:00	0.41400000000000003	0.424	0.402	0.41200000000000003	336
16.07.2021 00:00	0.418	0.418	0.4	0.406	114
19.07.2021 00:00	0.40800000000000003	0.40800000000000003	0.392	0.398	106
20.07.2021 00:00	0.394	0.40800000000000003	0.394	0.40800000000000003	90
21.07.2021 00:00	0.4	0.41400000000000003	0.4	0.41000000000000003	30
22.07.2021 00:00	0.41400000000000003	0.42	0.406	0.406	64
23.07.2021 00:00	0.41000000000000003	0.418	0.41000000000000003	0.418	26
26.07.2021 00:00	0.418	0.418	0.40800000000000003	0.41400000000000003	16
27.07.2021 00:00	0.418	0.442	0.41000000000000003	0.44	183
28.07.2021 00:00	0.44	0.45	0.438	0.438	109
29.07.2021 00:00	0.436	0.436	0.428	0.432	87
30.07.2021 00:00	0.432	0.448	0.432	0.436	93
02.08.2021 00:00	0.43	0.434	0.428	0.428	79
03.08.2021 00:00	0.434	0.434	0.41000000000000003	0.42	96
04.08.2021 00:00	0.41600000000000004	0.426	0.41200000000000003	0.422	596
05.08.2021 00:00	0.41400000000000003	0.426	0.41200000000000003	0.426	32
06.08.2021 00:00	0.428	0.436	0.42	0.422	35
09.08.2021 00:00	0.436	0.436	0.42	0.42	12
10.08.2021 00:00	0.428	0.444	0.41400000000000003	0.424	73
11.08.2021 00:00	0.428	0.428	0.42	0.424	270
12.08.2021 00:00	0.426	0.426	0.418	0.418	10
13.08.2021 00:00	0.418	0.418	0.40800000000000003	0.41600000000000004	113
16.08.2021 00:00	0.426	0.426	0.41400000000000003	0.426	26
17.08.2021 00:00	0.428	0.428	0.418	0.42	47
18.08.2021 00:00	0.42	0.428	0.41400000000000003	0.422	35
19.08.2021 00:00	0.418	0.422	0.41200000000000003	0.41200000000000003	55
20.08.2021 00:00	0.41400000000000003	0.418	0.41200000000000003	0.41200000000000003	21
23.08.2021 00:00	0.41200000000000003	0.422	0.41200000000000003	0.422	44
24.08.2021 00:00	0.422	0.424	0.41200000000000003	0.41600000000000004	44
25.08.2021 00:00	0.418	0.418	0.41200000000000003	0.41200000000000003	53
26.08.2021 00:00	0.41200000000000003	0.418	0.41200000000000003	0.418	28
27.08.2021 00:00	0.418	0.438	0.41400000000000003	0.418	122
30.08.2021 00:00	0.42	0.426	0.41200000000000003	0.422	52
31.08.2021 00:00	0.42	0.548	0.418	0.488	2148
01.09.2021 00:00	0.502	0.502	0.40800000000000003	0.454	789
02.09.2021 00:00	0.458	0.458	0.432	0.448	128
03.09.2021 00:00	0.434	0.444	0.43	0.442	73
06.09.2021 00:00	0.438	0.45	0.43	0.438	66
07.09.2021 00:00	0.436	0.45	0.434	0.448	108
08.09.2021 00:00	0.448	0.448	0.432	0.44	73
09.09.2021 00:00	0.442	0.442	0.428	0.438	93
10.09.2021 00:00	0.438	0.448	0.438	0.44	15
13.09.2021 00:00	0.438	0.448	0.438	0.442	28
14.09.2021 00:00	0.444	0.444	0.434	0.44	26
15.09.2021 00:00	0.44	0.47600000000000003	0.44	0.458	113
16.09.2021 00:00	0.466	0.466	0.448	0.452	47
17.09.2021 00:00	0.45	0.47200000000000003	0.448	0.454	65
20.09.2021 00:00	0.444	0.452	0.438	0.442	85
21.09.2021 00:00	0.45	0.47600000000000003	0.428	0.428	484
22.09.2021 00:00	0.43	0.44	0.43	0.438	30
23.09.2021 00:00	0.438	0.438	0.432	0.434	17
24.09.2021 00:00	0.438	0.458	0.436	0.448	103
27.09.2021 00:00	0.444	0.452	0.434	0.45	81
28.09.2021 00:00	0.45	0.46	0.444	0.448	62
29.09.2021 00:00	0.442	0.442	0.436	0.438	49
30.09.2021 00:00	0.436	0.444	0.436	0.438	13
01.10.2021 00:00	0.444	0.448	0.424	0.436	123
04.10.2021 00:00	0.432	0.434	0.43	0.43	22
05.10.2021 00:00	0.428	0.428	0.424	0.428	55
06.10.2021 00:00	0.424	0.432	0.424	0.432	20
07.10.2021 00:00	0.432	0.468	0.432	0.45	250
08.10.2021 00:00	0.45	0.488	0.448	0.456	545
11.10.2021 00:00	0.452	0.46	0.438	0.46	188
12.10.2021 00:00	0.452	0.468	0.434	0.466	269
13.10.2021 00:00	0.47400000000000003	0.528	0.464	0.508	1849
14.10.2021 00:00	0.516	0.54	0.47000000000000003	0.47800000000000004	659
15.10.2021 00:00	0.47200000000000003	0.526	0.466	0.518	1217
18.10.2021 00:00	0.524	0.53	0.468	0.496	1946
19.10.2021 00:00	0.498	0.498	0.48	0.484	470
20.10.2021 00:00	0.488	0.498	0.484	0.492	398
21.10.2021 00:00	0.492	0.496	0.47800000000000004	0.484	405
22.10.2021 00:00	0.492	0.498	0.47800000000000004	0.482	382
25.10.2021 00:00	0.484	0.498	0.47800000000000004	0.488	802
26.10.2021 00:00	0.484	0.49	0.48	0.484	305
27.10.2021 00:00	0.488	0.49	0.47400000000000003	0.482	274
28.10.2021 00:00	0.48	0.492	0.47400000000000003	0.48	615
29.10.2021 00:00	0.47600000000000003	0.52	0.47600000000000003	0.498	588
01.11.2021 00:00	0.526	0.526	0.504	0.514	774
02.11.2021 00:00	0.506	0.524	0.504	0.504	139
03.11.2021 00:00	0.5	0.518	0.496	0.498	125
05.11.2021 00:00	0.496	0.506	0.484	0.494	194
08.11.2021 00:00	0.512	0.514	0.486	0.49	222
09.11.2021 00:00	0.506	0.506	0.484	0.49	307
10.11.2021 00:00	0.502	0.502	0.47800000000000004	0.488	350
11.11.2021 00:00	0.484	0.484	0.468	0.47400000000000003	319
12.11.2021 00:00	0.47400000000000003	0.488	0.468	0.47800000000000004	217
15.11.2021 00:00	0.47800000000000004	0.488	0.47800000000000004	0.48	179
16.11.2021 00:00	0.47800000000000004	0.492	0.47800000000000004	0.484	356
17.11.2021 00:00	0.488	0.496	0.484	0.486	192
18.11.2021 00:00	0.488	0.498	0.486	0.486	327
19.11.2021 00:00	0.484	0.488	0.47600000000000003	0.47800000000000004	139
22.11.2021 00:00	0.484	0.484	0.466	0.47200000000000003	484
23.11.2021 00:00	0.47200000000000003	0.47800000000000004	0.468	0.47600000000000003	199
24.11.2021 00:00	0.47800000000000004	0.48	0.468	0.47000000000000003	153
25.11.2021 00:00	0.47800000000000004	0.47800000000000004	0.47000000000000003	0.47600000000000003	128
26.11.2021 00:00	0.47400000000000003	0.47800000000000004	0.46	0.468	285
29.11.2021 00:00	0.468	0.47600000000000003	0.456	0.47000000000000003	295
30.11.2021 00:00	0.468	0.48	0.462	0.468	577
01.12.2021 00:00	0.468	0.47800000000000004	0.468	0.47400000000000003	548
02.12.2021 00:00	0.47800000000000004	0.49	0.468	0.47000000000000003	2506
03.12.2021 00:00	0.44	0.456	0.434	0.442	1282
06.12.2021 00:00	0.434	0.438	0.42	0.426	356
07.12.2021 00:00	0.434	0.448	0.41400000000000003	0.424	360
08.12.2021 00:00	0.42	0.424	0.418	0.42	86
09.12.2021 00:00	0.418	0.418	0.406	0.418	162
10.12.2021 00:00	0.41000000000000003	0.42	0.41000000000000003	0.41600000000000004	107
13.12.2021 00:00	0.418	0.418	0.404	0.406	144
14.12.2021 00:00	0.402	0.41400000000000003	0.4	0.404	287
15.12.2021 00:00	0.41200000000000003	0.41200000000000003	0.404	0.406	131
16.12.2021 00:00	0.40800000000000003	0.41600000000000004	0.40800000000000003	0.41600000000000004	33
17.12.2021 00:00	0.41000000000000003	0.424	0.40800000000000003	0.40800000000000003	43
20.12.2021 00:00	0.41000000000000003	0.418	0.41000000000000003	0.41400000000000003	67
21.12.2021 00:00	0.41400000000000003	0.418	0.41200000000000003	0.418	32
22.12.2021 00:00	0.42	0.42	0.406	0.406	104
23.12.2021 00:00	0.41000000000000003	0.41000000000000003	0.384	0.406	189
24.12.2021 00:00	0.406	0.40800000000000003	0.404	0.406	15
27.12.2021 00:00	0.406	0.41000000000000003	0.404	0.40800000000000003	87
28.12.2021 00:00	0.41200000000000003	0.41200000000000003	0.404	0.40800000000000003	172
29.12.2021 00:00	0.406	0.41000000000000003	0.404	0.40800000000000003	34
30.12.2021 00:00	0.406	0.40800000000000003	0.406	0.40800000000000003	32
03.01.2022 00:00	0.41200000000000003	0.41600000000000004	0.406	0.41600000000000004	53
04.01.2022 00:00	0.406	0.424	0.406	0.42	82
05.01.2022 00:00	0.41000000000000003	0.422	0.41000000000000003	0.41200000000000003	31
06.01.2022 00:00	0.41000000000000003	0.418	0.41000000000000003	0.41600000000000004	63
10.01.2022 00:00	0.41000000000000003	0.418	0.41000000000000003	0.41200000000000003	19
11.01.2022 00:00	0.41000000000000003	0.41400000000000003	0.406	0.40800000000000003	230
12.01.2022 00:00	0.41000000000000003	0.41400000000000003	0.40800000000000003	0.41400000000000003	40
13.01.2022 00:00	0.41000000000000003	0.41600000000000004	0.41000000000000003	0.41200000000000003	30
14.01.2022 00:00	0.41200000000000003	0.41200000000000003	0.402	0.406	195
17.01.2022 00:00	0.406	0.418	0.406	0.40800000000000003	116
18.01.2022 00:00	0.40800000000000003	0.40800000000000003	0.39	0.394	126
19.01.2022 00:00	0.396	0.4	0.392	0.398	68
20.01.2022 00:00	0.398	0.398	0.39	0.396	64
21.01.2022 00:00	0.396	0.396	0.392	0.394	22
24.01.2022 00:00	0.396	0.396	0.358	0.368	128
25.01.2022 00:00	0.396	0.396	0.36	0.378	51
26.01.2022 00:00	0.378	0.4	0.378	0.4	183
27.01.2022 00:00	0.4	0.4	0.388	0.394	47
28.01.2022 00:00	0.392	0.402	0.378	0.396	65
31.01.2022 00:00	0.388	0.402	0.388	0.4	49
01.02.2022 00:00	0.396	0.41400000000000003	0.394	0.404	70
02.02.2022 00:00	0.406	0.406	0.396	0.4	24
03.02.2022 00:00	0.404	0.40800000000000003	0.384	0.394	95
04.02.2022 00:00	0.4	0.4	0.392	0.398	22
07.02.2022 00:00	0.406	0.406	0.396	0.398	11
08.02.2022 00:00	0.4	0.4	0.394	0.4	56
09.02.2022 00:00	0.394	0.402	0.392	0.398	31
10.02.2022 00:00	0.4	0.402	0.394	0.396	57
11.02.2022 00:00	0.402	0.402	0.392	0.392	10
14.02.2022 00:00	0.4	0.402	0.396	0.402	75
15.02.2022 00:00	0.398	0.406	0.398	0.398	23
16.02.2022 00:00	0.396	0.402	0.39	0.394	53
17.02.2022 00:00	0.396	0.396	0.378	0.384	188
18.02.2022 00:00	0.388	0.392	0.374	0.374	276
21.02.2022 00:00	0.384	0.384	0.35000000000000003	0.35000000000000003	149
22.02.2022 00:00	0.34800000000000003	0.374	0.342	0.372	82
24.02.2022 00:00	0.384	0.384	0.232	0.272	366
25.02.2022 00:00	0.376	0.376	0.266	0.32	62
28.03.2022 00:00	0.322	0.34	0.22	0.28600000000000003	57
29.03.2022 00:00	0.33	0.33	0.28400000000000003	0.31	167
30.03.2022 00:00	0.312	0.352	0.308	0.308	56
31.03.2022 00:00	0.328	0.4	0.322	0.338	422
01.04.2022 00:00	0.34	0.368	0.34	0.36	35
04.04.2022 00:00	0.362	0.378	0.34400000000000003	0.378	111
05.04.2022 00:00	0.394	0.444	0.368	0.374	626
06.04.2022 00:00	0.374	0.378	0.366	0.374	18
07.04.2022 00:00	0.388	0.388	0.374	0.374	19
08.04.2022 00:00	0.374	0.396	0.34800000000000003	0.368	29
11.04.2022 00:00	0.34800000000000003	0.366	0.342	0.352	49
12.04.2022 00:00	0.372	0.426	0.34400000000000003	0.37	816
13.04.2022 00:00	0.366	0.39	0.35000000000000003	0.368	216
14.04.2022 00:00	0.386	0.386	0.354	0.364	65
15.04.2022 00:00	0.36	0.4	0.354	0.378	60
18.04.2022 00:00	0.396	0.398	0.364	0.376	68
19.04.2022 00:00	0.366	0.384	0.362	0.364	54
20.04.2022 00:00	0.368	0.378	0.364	0.364	26
21.04.2022 00:00	0.376	0.376	0.364	0.374	33
22.04.2022 00:00	0.364	0.378	0.358	0.362	126
25.04.2022 00:00	0.362	0.362	0.35000000000000003	0.356	54
26.04.2022 00:00	0.35000000000000003	0.36	0.35000000000000003	0.36	43
27.04.2022 00:00	0.356	0.372	0.342	0.356	132
28.04.2022 00:00	0.358	0.366	0.352	0.356	52
29.04.2022 00:00	0.356	0.358	0.35000000000000003	0.356	43
04.05.2022 00:00	0.354	0.358	0.34600000000000003	0.354	46
05.05.2022 00:00	0.356	0.36	0.356	0.356	10
06.05.2022 00:00	0.354	0.358	0.352	0.358	5
11.05.2022 00:00	0.354	0.356	0.354	0.354	14
12.05.2022 00:00	0.352	0.352	0.35000000000000003	0.35000000000000003	4
13.05.2022 00:00	0.352	0.354	0.352	0.354	15
16.05.2022 00:00	0.36	0.36	0.34600000000000003	0.352	121
17.05.2022 00:00	0.354	0.368	0.352	0.354	132
18.05.2022 00:00	0.354	0.36	0.354	0.354	17
19.05.2022 00:00	0.35000000000000003	0.38	0.35000000000000003	0.378	105
20.05.2022 00:00	0.38	0.384	0.364	0.376	66
23.05.2022 00:00	0.376	0.376	0.35000000000000003	0.364	18
24.05.2022 00:00	0.358	0.376	0.352	0.354	73
25.05.2022 00:00	0.354	0.368	0.352	0.368	89
26.05.2022 00:00	0.356	0.39	0.352	0.39	218
27.05.2022 00:00	0.4	0.438	0.342	0.356	1650
30.05.2022 00:00	0.356	0.358	0.34	0.342	298
31.05.2022 00:00	0.342	0.342	0.332	0.336	94
01.06.2022 00:00	0.332	0.34	0.328	0.332	108
02.06.2022 00:00	0.338	0.338	0.33	0.332	36
03.06.2022 00:00	0.334	0.342	0.328	0.33	29
06.06.2022 00:00	0.322	0.326	0.32	0.322	55
07.06.2022 00:00	0.324	0.34	0.324	0.33	101
08.06.2022 00:00	0.324	0.34	0.324	0.338	73
09.06.2022 00:00	0.334	0.338	0.332	0.334	35
10.06.2022 00:00	0.328	0.34400000000000003	0.322	0.332	129
14.06.2022 00:00	0.332	0.334	0.322	0.33	39
15.06.2022 00:00	0.334	0.334	0.33	0.332	27
16.06.2022 00:00	0.338	0.34	0.33	0.334	36
17.06.2022 00:00	0.338	0.34400000000000003	0.326	0.334	118
20.06.2022 00:00	0.33	0.336	0.322	0.33	101
21.06.2022 00:00	0.342	0.342	0.326	0.328	71
22.06.2022 00:00	0.33	0.334	0.33	0.33	36
23.06.2022 00:00	0.328	0.332	0.328	0.332	15
24.06.2022 00:00	0.332	0.336	0.324	0.328	92
27.06.2022 00:00	0.334	0.334	0.326	0.328	98
28.06.2022 00:00	0.328	0.33	0.326	0.33	40
29.06.2022 00:00	0.326	0.328	0.32	0.328	71
30.06.2022 00:00	0.328	0.328	0.316	0.326	39
01.07.2022 00:00	0.316	0.33	0.314	0.33	77
04.07.2022 00:00	0.324	0.33	0.324	0.33	24
05.07.2022 00:00	0.326	0.334	0.326	0.33	12
06.07.2022 00:00	0.326	0.33	0.322	0.326	12
07.07.2022 00:00	0.326	0.326	0.316	0.322	29
08.07.2022 00:00	0.324	0.326	0.322	0.326	11
11.07.2022 00:00	0.328	0.328	0.32	0.322	16
12.07.2022 00:00	0.326	0.326	0.316	0.326	19
13.07.2022 00:00	0.324	0.324	0.314	0.32	51
14.07.2022 00:00	0.314	0.314	0.306	0.31	123
15.07.2022 00:00	0.314	0.314	0.304	0.31	63
18.07.2022 00:00	0.324	0.334	0.322	0.326	64
19.07.2022 00:00	0.322	0.33	0.32	0.33	14
20.07.2022 00:00	0.326	0.326	0.32	0.324	32
21.07.2022 00:00	0.32	0.322	0.31	0.314	17
22.07.2022 00:00	0.308	0.314	0.308	0.314	10
25.07.2022 00:00	0.314	0.316	0.312	0.316	7
26.07.2022 00:00	0.316	0.326	0.316	0.326	8
27.07.2022 00:00	0.328	0.33	0.324	0.33	11
28.07.2022 00:00	0.326	0.332	0.326	0.332	99
29.07.2022 00:00	0.334	0.334	0.33	0.332	17
01.08.2022 00:00	0.334	0.334	0.33	0.33	10
02.08.2022 00:00	0.326	0.33	0.316	0.33	21
03.08.2022 00:00	0.33	0.33	0.314	0.326	47
04.08.2022 00:00	0.334	0.334	0.33	0.33	9
05.08.2022 00:00	0.332	0.34	0.324	0.33	89
08.08.2022 00:00	0.33	0.334	0.322	0.33	70
09.08.2022 00:00	0.328	0.334	0.328	0.332	202
10.08.2022 00:00	0.336	0.336	0.334	0.334	54
11.08.2022 00:00	0.332	0.332	0.322	0.326	118
12.08.2022 00:00	0.324	0.332	0.322	0.328	49
15.08.2022 00:00	0.326	0.326	0.324	0.324	4
16.08.2022 00:00	0.324	0.328	0.308	0.324	127
17.08.2022 00:00	0.326	0.332	0.324	0.328	19
18.08.2022 00:00	0.33	0.334	0.33	0.332	41
19.08.2022 00:00	0.334	0.334	0.33	0.334	61
22.08.2022 00:00	0.332	0.336	0.332	0.334	5
23.08.2022 00:00	0.338	0.34	0.33	0.338	37
24.08.2022 00:00	0.334	0.336	0.332	0.334	12
25.08.2022 00:00	0.332	0.34800000000000003	0.332	0.342	242
26.08.2022 00:00	0.34600000000000003	0.34600000000000003	0.336	0.336	12
29.08.2022 00:00	0.34	0.34800000000000003	0.33	0.334	467
30.08.2022 00:00	0.332	0.342	0.332	0.34	59
31.08.2022 00:00	0.33	0.34	0.328	0.334	142
01.09.2022 00:00	0.336	0.336	0.332	0.334	10
02.09.2022 00:00	0.336	0.338	0.334	0.334	42
05.09.2022 00:00	0.332	0.338	0.326	0.334	104
06.09.2022 00:00	0.332	0.336	0.33	0.334	34
07.09.2022 00:00	0.33	0.338	0.33	0.332	14
08.09.2022 00:00	0.332	0.334	0.32	0.326	119
09.09.2022 00:00	0.33	0.338	0.326	0.334	93
12.09.2022 00:00	0.33	0.362	0.33	0.342	195
13.09.2022 00:00	0.342	0.358	0.336	0.34400000000000003	346
14.09.2022 00:00	0.342	0.364	0.34	0.358	532
15.09.2022 00:00	0.372	0.374	0.34800000000000003	0.354	299
16.09.2022 00:00	0.354	0.36	0.34600000000000003	0.35000000000000003	175
19.09.2022 00:00	0.352	0.354	0.34800000000000003	0.352	79
20.09.2022 00:00	0.35000000000000003	0.356	0.298	0.32	480
21.09.2022 00:00	0.3	0.316	0.276	0.306	263
22.09.2022 00:00	0.338	0.338	0.31	0.314	39
23.09.2022 00:00	0.316	0.316	0.3	0.306	41
26.09.2022 00:00	0.3	0.3	0.276	0.28600000000000003	482
27.09.2022 00:00	0.28800000000000003	0.292	0.28600000000000003	0.29	38
28.09.2022 00:00	0.28600000000000003	0.28800000000000003	0.28	0.28800000000000003	79
29.09.2022 00:00	0.28200000000000003	0.28600000000000003	0.28	0.28400000000000003	14
30.09.2022 00:00	0.28200000000000003	0.28400000000000003	0.28	0.28400000000000003	22
03.10.2022 00:00	0.28600000000000003	0.28600000000000003	0.27	0.28400000000000003	336
04.10.2022 00:00	0.28600000000000003	0.32	0.28400000000000003	0.28600000000000003	94
05.10.2022 00:00	0.28400000000000003	0.296	0.28	0.28	36
06.10.2022 00:00	0.28200000000000003	0.28400000000000003	0.28	0.28	14
07.10.2022 00:00	0.28	0.298	0.28	0.28400000000000003	92
10.10.2022 00:00	0.28200000000000003	0.28400000000000003	0.28	0.28400000000000003	52
11.10.2022 00:00	0.28400000000000003	0.28600000000000003	0.28400000000000003	0.28600000000000003	4
12.10.2022 00:00	0.296	0.298	0.292	0.296	29
13.10.2022 00:00	0.28400000000000003	0.336	0.28400000000000003	0.292	986
14.10.2022 00:00	0.29	0.296	0.28400000000000003	0.292	79
17.10.2022 00:00	0.292	0.302	0.29	0.302	46
18.10.2022 00:00	0.29	0.304	0.29	0.296	35
19.10.2022 00:00	0.296	0.296	0.292	0.292	25
20.10.2022 00:00	0.298	0.304	0.298	0.302	62
21.10.2022 00:00	0.306	0.306	0.302	0.306	11
24.10.2022 00:00	0.308	0.31	0.308	0.308	66
25.10.2022 00:00	0.308	0.31	0.304	0.31	14
26.10.2022 00:00	0.312	0.314	0.304	0.312	60
27.10.2022 00:00	0.312	0.328	0.312	0.32	149
28.10.2022 00:00	0.324	0.328	0.312	0.322	60
31.10.2022 00:00	0.32	0.34400000000000003	0.314	0.342	167
01.11.2022 00:00	0.33	0.34400000000000003	0.33	0.338	73
02.11.2022 00:00	0.342	0.342	0.31	0.324	127
03.11.2022 00:00	0.324	0.33	0.324	0.33	66
07.11.2022 00:00	0.332	0.336	0.328	0.336	12
08.11.2022 00:00	0.33	0.336	0.326	0.334	41
09.11.2022 00:00	0.33	0.332	0.33	0.332	7
10.11.2022 00:00	0.334	0.334	0.33	0.334	6
11.11.2022 00:00	0.336	0.336	0.33	0.334	14
14.11.2022 00:00	0.338	0.342	0.336	0.336	34
15.11.2022 00:00	0.334	0.334	0.332	0.332	6
16.11.2022 00:00	0.332	0.332	0.314	0.328	71
17.11.2022 00:00	0.33	0.33	0.328	0.328	15
18.11.2022 00:00	0.326	0.326	0.322	0.324	31
21.11.2022 00:00	0.324	0.33	0.324	0.324	39
22.11.2022 00:00	0.324	0.324	0.31	0.322	65
23.11.2022 00:00	0.32	0.322	0.32	0.322	4
24.11.2022 00:00	0.32	0.324	0.308	0.312	75
25.11.2022 00:00	0.312	0.322	0.298	0.308	371
28.11.2022 00:00	0.308	0.328	0.298	0.304	203
29.11.2022 00:00	0.306	0.314	0.304	0.308	69
30.11.2022 00:00	0.31	0.312	0.302	0.304	83
01.12.2022 00:00	0.306	0.312	0.304	0.31	23
02.12.2022 00:00	0.312	0.312	0.31	0.31	8
05.12.2022 00:00	0.312	0.314	0.306	0.31	23
06.12.2022 00:00	0.31	0.312	0.306	0.308	31
07.12.2022 00:00	0.308	0.308	0.306	0.306	6
08.12.2022 00:00	0.312	0.312	0.308	0.308	6
09.12.2022 00:00	0.31	0.31	0.308	0.308	6
12.12.2022 00:00	0.312	0.312	0.31	0.312	17
13.12.2022 00:00	0.312	0.312	0.31	0.31	9
14.12.2022 00:00	0.312	0.32	0.31	0.312	30
15.12.2022 00:00	0.312	0.316	0.312	0.312	16
16.12.2022 00:00	0.314	0.32	0.314	0.314	15
19.12.2022 00:00	0.314	0.314	0.312	0.312	7
20.12.2022 00:00	0.31	0.312	0.31	0.312	13
21.12.2022 00:00	0.316	0.316	0.312	0.316	22
22.12.2022 00:00	0.316	0.316	0.31	0.312	22
23.12.2022 00:00	0.316	0.32	0.312	0.316	26
26.12.2022 00:00	0.316	0.316	0.312	0.314	13
27.12.2022 00:00	0.312	0.316	0.31	0.31	35
28.12.2022 00:00	0.31	0.314	0.308	0.312	41
29.12.2022 00:00	0.31	0.314	0.31	0.314	31
30.12.2022 00:00	0.32	0.32	0.314	0.314	15
03.01.2023 00:00	0.314	0.316	0.314	0.316	5
04.01.2023 00:00	0.316	0.32	0.31	0.316	35
05.01.2023 00:00	0.32	0.324	0.32	0.32	53
06.01.2023 00:00	0.32	0.322	0.32	0.322	9
09.01.2023 00:00	0.324	0.324	0.32	0.324	33
10.01.2023 00:00	0.324	0.338	0.324	0.328	212
11.01.2023 00:00	0.328	0.342	0.324	0.34	125
12.01.2023 00:00	0.34	0.358	0.332	0.342	190
13.01.2023 00:00	0.342	0.34800000000000003	0.334	0.342	75
16.01.2023 00:00	0.34600000000000003	0.35000000000000003	0.334	0.338	50
17.01.2023 00:00	0.34600000000000003	0.34800000000000003	0.322	0.334	83
18.01.2023 00:00	0.332	0.334	0.332	0.332	9
19.01.2023 00:00	0.33	0.332	0.33	0.332	18
20.01.2023 00:00	0.33	0.332	0.33	0.332	8
23.01.2023 00:00	0.334	0.338	0.33	0.338	50
24.01.2023 00:00	0.338	0.342	0.336	0.34	26
25.01.2023 00:00	0.338	0.342	0.338	0.338	22
26.01.2023 00:00	0.336	0.34800000000000003	0.336	0.336	50
27.01.2023 00:00	0.338	0.34	0.33	0.33	45
30.01.2023 00:00	0.33	0.334	0.328	0.332	59
31.01.2023 00:00	0.34	0.342	0.33	0.336	98
01.02.2023 00:00	0.342	0.35000000000000003	0.336	0.34	111
02.02.2023 00:00	0.34600000000000003	0.34800000000000003	0.332	0.34	70
03.02.2023 00:00	0.342	0.358	0.336	0.34	115
06.02.2023 00:00	0.34600000000000003	0.35000000000000003	0.34	0.34600000000000003	35
07.02.2023 00:00	0.342	0.352	0.342	0.34400000000000003	49
08.02.2023 00:00	0.34600000000000003	0.35000000000000003	0.342	0.34400000000000003	37
09.02.2023 00:00	0.34600000000000003	0.358	0.34600000000000003	0.352	63
10.02.2023 00:00	0.354	0.376	0.34800000000000003	0.358	416
13.02.2023 00:00	0.366	0.378	0.352	0.358	113
14.02.2023 00:00	0.36	0.398	0.34800000000000003	0.354	481
15.02.2023 00:00	0.362	0.418	0.34800000000000003	0.352	1866
16.02.2023 00:00	0.35000000000000003	0.364	0.34	0.34400000000000003	181
17.02.2023 00:00	0.342	0.35000000000000003	0.342	0.35000000000000003	60
20.02.2023 00:00	0.34600000000000003	0.35000000000000003	0.336	0.342	96
21.02.2023 00:00	0.342	0.356	0.342	0.34800000000000003	41
22.02.2023 00:00	0.352	0.352	0.34800000000000003	0.34800000000000003	75
24.02.2023 00:00	0.34800000000000003	0.352	0.34800000000000003	0.34800000000000003	8
27.02.2023 00:00	0.352	0.352	0.34800000000000003	0.34800000000000003	20
28.02.2023 00:00	0.352	0.352	0.34400000000000003	0.35000000000000003	56
01.03.2023 00:00	0.356	0.37	0.35000000000000003	0.36	95
02.03.2023 00:00	0.36	0.366	0.352	0.356	66
03.03.2023 00:00	0.364	0.364	0.354	0.36	55
06.03.2023 00:00	0.36	0.364	0.358	0.358	97
07.03.2023 00:00	0.362	0.372	0.36	0.36	86
09.03.2023 00:00	0.364	0.366	0.36	0.364	33
10.03.2023 00:00	0.36	0.368	0.35000000000000003	0.362	63
13.03.2023 00:00	0.362	0.374	0.362	0.368	38
14.03.2023 00:00	0.364	0.368	0.36	0.36	46
15.03.2023 00:00	0.364	0.364	0.356	0.362	45
16.03.2023 00:00	0.354	0.36	0.35000000000000003	0.358	55
17.03.2023 00:00	0.354	0.358	0.352	0.354	35
20.03.2023 00:00	0.35000000000000003	0.356	0.342	0.356	86
21.03.2023 00:00	0.354	0.366	0.35000000000000003	0.358	123
22.03.2023 00:00	0.356	0.36	0.354	0.36	40
23.03.2023 00:00	0.366	0.37	0.358	0.358	65
24.03.2023 00:00	0.364	0.372	0.362	0.368	96
27.03.2023 00:00	0.37	0.378	0.368	0.374	78
28.03.2023 00:00	0.376	0.376	0.362	0.37	65
29.03.2023 00:00	0.372	0.376	0.366	0.372	43
30.03.2023 00:00	0.372	0.374	0.37	0.374	60
31.03.2023 00:00	0.372	0.372	0.364	0.37	96
03.04.2023 00:00	0.364	0.39	0.364	0.38	210
04.04.2023 00:00	0.384	0.4	0.378	0.378	120
05.04.2023 00:00	0.38	0.39	0.378	0.386	39
06.04.2023 00:00	0.394	0.406	0.39	0.402	264
07.04.2023 00:00	0.404	0.406	0.39	0.396	253
10.04.2023 00:00	0.406	0.406	0.392	0.404	257
11.04.2023 00:00	0.406	0.40800000000000003	0.392	0.392	188
12.04.2023 00:00	0.392	0.396	0.386	0.396	44
13.04.2023 00:00	0.396	0.402	0.39	0.394	100
14.04.2023 00:00	0.396	0.406	0.39	0.406	158
17.04.2023 00:00	0.40800000000000003	0.41600000000000004	0.404	0.41400000000000003	286
18.04.2023 00:00	0.41400000000000003	0.422	0.41000000000000003	0.41000000000000003	124
19.04.2023 00:00	0.41000000000000003	0.438	0.406	0.406	720
20.04.2023 00:00	0.406	0.52	0.406	0.48	11094
21.04.2023 00:00	0.484	0.5740000000000001	0.482	0.528	8591
24.04.2023 00:00	0.528	0.546	0.488	0.534	2445
25.04.2023 00:00	0.558	0.678	0.52	0.594	11949
26.04.2023 00:00	0.608	0.61	0.546	0.5680000000000001	2012
27.04.2023 00:00	0.5760000000000001	0.63	0.532	0.558	2186
28.04.2023 00:00	0.558	0.562	0.518	0.544	1052
02.05.2023 00:00	0.548	0.548	0.484	0.512	932
03.05.2023 00:00	0.52	0.522	0.462	0.47800000000000004	1000
04.05.2023 00:00	0.47800000000000004	0.496	0.462	0.47600000000000003	489
05.05.2023 00:00	0.47000000000000003	0.53	0.47000000000000003	0.492	1600
08.05.2023 00:00	0.494	0.506	0.462	0.47000000000000003	192
10.05.2023 00:00	0.466	0.504	0.466	0.5	396
11.05.2023 00:00	0.5	0.528	0.498	0.512	424
12.05.2023 00:00	0.5	0.524	0.498	0.524	147
15.05.2023 00:00	0.518	0.5660000000000001	0.486	0.534	1980
16.05.2023 00:00	0.534	0.55	0.504	0.54	1087
17.05.2023 00:00	0.53	0.5740000000000001	0.52	0.544	1184
18.05.2023 00:00	0.552	0.582	0.55	0.5680000000000001	1528
19.05.2023 00:00	0.58	0.582	0.52	0.532	1858
22.05.2023 00:00	0.542	0.546	0.504	0.53	506
23.05.2023 00:00	0.532	0.552	0.512	0.54	371
24.05.2023 00:00	0.54	0.5740000000000001	0.522	0.5660000000000001	1211
25.05.2023 00:00	0.562	0.5760000000000001	0.542	0.562	573
26.05.2023 00:00	0.5660000000000001	0.5740000000000001	0.55	0.5640000000000001	248
29.05.2023 00:00	0.5760000000000001	0.578	0.556	0.5680000000000001	325
30.05.2023 00:00	0.562	0.5660000000000001	0.542	0.554	289
31.05.2023 00:00	0.55	0.56	0.54	0.552	217
01.06.2023 00:00	0.546	0.56	0.546	0.554	63
02.06.2023 00:00	0.55	0.56	0.548	0.55	118
05.06.2023 00:00	0.554	0.556	0.54	0.554	363
06.06.2023 00:00	0.536	0.55	0.536	0.542	192
07.06.2023 00:00	0.546	0.558	0.538	0.558	214
08.06.2023 00:00	0.556	0.562	0.532	0.552	540
09.06.2023 00:00	0.548	0.558	0.5	0.522	3879
13.06.2023 00:00	0.524	0.53	0.498	0.52	1650
14.06.2023 00:00	0.524	0.532	0.516	0.524	773
15.06.2023 00:00	0.53	0.552	0.524	0.53	1817
16.06.2023 00:00	0.538	0.64	0.53	0.5680000000000001	6107
19.06.2023 00:00	0.578	0.586	0.532	0.578	1979
20.06.2023 00:00	0.596	0.612	0.562	0.584	1771
21.06.2023 00:00	0.586	0.646	0.586	0.616	2329
22.06.2023 00:00	0.618	0.636	0.598	0.616	775
23.06.2023 00:00	0.616	0.618	0.588	0.598	571
26.06.2023 00:00	0.594	0.596	0.562	0.584	771
27.06.2023 00:00	0.586	0.618	0.582	0.608	960
28.06.2023 00:00	0.606	0.618	0.59	0.618	586
29.06.2023 00:00	0.624	0.64	0.596	0.608	581
30.06.2023 00:00	0.614	0.614	0.596	0.606	439
03.07.2023 00:00	0.606	0.628	0.592	0.622	1008
04.07.2023 00:00	0.628	0.632	0.594	0.594	1385
05.07.2023 00:00	0.598	0.604	0.56	0.56	1740
06.07.2023 00:00	0.536	0.5660000000000001	0.526	0.552	837
07.07.2023 00:00	0.552	0.5640000000000001	0.548	0.56	339
10.07.2023 00:00	0.56	0.562	0.556	0.56	218
11.07.2023 00:00	0.562	0.5700000000000001	0.55	0.562	383
12.07.2023 00:00	0.562	0.582	0.562	0.5760000000000001	420
13.07.2023 00:00	0.58	0.584	0.5700000000000001	0.582	304
14.07.2023 00:00	0.582	0.59	0.5740000000000001	0.58	405
17.07.2023 00:00	0.578	0.582	0.56	0.5760000000000001	283
18.07.2023 00:00	0.58	0.58	0.55	0.5680000000000001	503
19.07.2023 00:00	0.5660000000000001	0.608	0.556	0.592	2094
20.07.2023 00:00	0.594	0.622	0.5700000000000001	0.598	892
21.07.2023 00:00	0.596	0.668	0.588	0.602	1920
24.07.2023 00:00	0.616	0.6980000000000001	0.606	0.664	4518
25.07.2023 00:00	0.666	0.6980000000000001	0.65	0.684	725
26.07.2023 00:00	0.682	0.712	0.666	0.6900000000000001	1772
27.07.2023 00:00	0.6980000000000001	0.708	0.618	0.67	3705
28.07.2023 00:00	0.678	0.678	0.642	0.668	994
31.07.2023 00:00	0.67	0.68	0.652	0.668	628
01.08.2023 00:00	0.672	0.674	0.646	0.66	1678
02.08.2023 00:00	0.66	0.6940000000000001	0.66	0.676	1567
03.08.2023 00:00	0.684	0.718	0.67	0.6980000000000001	1355
04.08.2023 00:00	0.718	0.8180000000000001	0.712	0.734	5955
07.08.2023 00:00	0.754	0.978	0.746	0.93	6395
08.08.2023 00:00	0.96	1.174	0.88	1.09	5977
09.08.2023 00:00	1.186	1.51	1.116	1.51	6045
10.08.2023 00:00	1.6600000000000001	1.974	0.922	1.1320000000000001	9788
11.08.2023 00:00	1.1480000000000001	1.244	1.1480000000000001	1.172	2249
14.08.2023 00:00	1.172	1.218	1.1520000000000001	1.162	1501
15.08.2023 00:00	1.048	1.16	0.926	1.1320000000000001	952
16.08.2023 00:00	1.1480000000000001	1.1480000000000001	0.922	0.998	2699
17.08.2023 00:00	1.008	1.064	0.914	1.006	1526
18.08.2023 00:00	1.026	1.048	0.9580000000000001	1.0	918
21.08.2023 00:00	1.008	1.1	0.982	1.096	1452
22.08.2023 00:00	1.186	1.198	1.056	1.198	2135
23.08.2023 00:00	1.194	1.216	1.12	1.156	1335
24.08.2023 00:00	1.1480000000000001	1.1480000000000001	1.11	1.1360000000000001	348
25.08.2023 00:00	1.1440000000000001	1.166	1.1280000000000001	1.1480000000000001	404
28.08.2023 00:00	1.158	1.268	1.158	1.248	2506
29.08.2023 00:00	1.25	1.254	1.174	1.2	1847
30.08.2023 00:00	1.216	1.228	1.182	1.208	666
31.08.2023 00:00	1.22	1.22	1.1320000000000001	1.182	959
01.09.2023 00:00	1.17	1.224	1.16	1.174	600
04.09.2023 00:00	1.184	1.238	1.168	1.228	1223
05.09.2023 00:00	1.244	1.3	1.192	1.222	1196
06.09.2023 00:00	1.228	1.29	1.17	1.19	940
07.09.2023 00:00	1.194	1.258	1.056	1.1360000000000001	1294
08.09.2023 00:00	1.1400000000000001	1.178	1.03	1.102	607
11.09.2023 00:00	1.1280000000000001	1.18	1.11	1.158	423
12.09.2023 00:00	1.1400000000000001	1.21	1.058	1.16	559
13.09.2023 00:00	1.156	1.188	1.116	1.154	294
14.09.2023 00:00	1.1460000000000001	1.1460000000000001	0.928	0.986	1507
15.09.2023 00:00	0.996	1.17	0.924	1.09	1087
18.09.2023 00:00	1.09	1.1280000000000001	1.082	1.096	402
19.09.2023 00:00	1.092	1.1360000000000001	0.97	1.002	1057
20.09.2023 00:00	1.018	1.018	0.928	0.9580000000000001	814
21.09.2023 00:00	0.978	1.016	0.848	0.89	584
22.09.2023 00:00	0.89	0.9440000000000001	0.85	0.9420000000000001	471
25.09.2023 00:00	0.9480000000000001	0.98	0.928	0.968	177
26.09.2023 00:00	0.97	0.97	0.9380000000000001	0.9480000000000001	221
27.09.2023 00:00	0.9560000000000001	0.98	0.9500000000000001	0.974	225
28.09.2023 00:00	0.972	1.064	0.962	1.016	613
29.09.2023 00:00	1.018	1.018	0.984	0.99	118
02.10.2023 00:00	0.992	1.014	0.984	0.994	197
03.10.2023 00:00	0.994	0.998	0.9560000000000001	0.998	477
04.10.2023 00:00	0.984	1.004	0.978	0.996	92
05.10.2023 00:00	0.99	0.998	0.962	0.984	280
06.10.2023 00:00	0.974	0.978	0.9500000000000001	0.974	159
09.10.2023 00:00	0.9580000000000001	0.984	0.9500000000000001	0.978	176
10.10.2023 00:00	0.984	1.058	0.982	1.028	1008
11.10.2023 00:00	1.012	1.03	1.0	1.018	155
12.10.2023 00:00	1.008	1.054	1.0	1.0	202
13.10.2023 00:00	1.0	1.12	0.962	1.054	760
16.10.2023 00:00	1.054	1.078	1.018	1.07	429
17.10.2023 00:00	1.088	1.178	1.084	1.1500000000000001	3460
18.10.2023 00:00	1.154	1.234	1.154	1.2	1749
19.10.2023 00:00	1.212	1.228	1.1500000000000001	1.154	680
20.10.2023 00:00	1.154	1.174	1.12	1.164	389
23.10.2023 00:00	1.172	1.174	1.124	1.1400000000000001	392
24.10.2023 00:00	1.1280000000000001	1.17	1.106	1.12	355
25.10.2023 00:00	1.12	1.154	1.112	1.1480000000000001	285
26.10.2023 00:00	1.164	1.166	1.12	1.12	241
27.10.2023 00:00	1.1280000000000001	1.1520000000000001	1.056	1.112	679
30.10.2023 00:00	1.102	1.108	1.082	1.098	191
31.10.2023 00:00	1.1	1.1	1.05	1.076	268
01.11.2023 00:00	1.066	1.09	1.056	1.08	94
02.11.2023 00:00	1.082	1.1	1.078	1.084	97
03.11.2023 00:00	1.086	1.096	1.07	1.086	98
06.11.2023 00:00	1.086	1.094	1.07	1.086	69
07.11.2023 00:00	1.09	1.09	1.03	1.064	403
08.11.2023 00:00	1.064	1.068	1.036	1.038	242
09.11.2023 00:00	1.038	1.068	1.018	1.018	305
10.11.2023 00:00	1.032	1.04	0.9500000000000001	0.978	691
13.11.2023 00:00	0.978	1.018	0.968	0.998	344
14.11.2023 00:00	0.998	1.03	0.858	0.908	1152
15.11.2023 00:00	0.902	0.996	0.872	0.978	451
16.11.2023 00:00	0.988	1.028	0.982	0.988	549
17.11.2023 00:00	0.994	1.026	0.992	1.008	173
20.11.2023 00:00	1.028	1.028	0.996	1.01	142
21.11.2023 00:00	1.024	1.064	0.976	1.044	480
22.11.2023 00:00	1.058	1.08	1.008	1.03	595
23.11.2023 00:00	1.046	1.08	1.014	1.038	594
24.11.2023 00:00	1.04	1.048	0.936	0.998	724
27.11.2023 00:00	0.984	0.998	0.974	0.992	182
28.11.2023 00:00	0.978	1.018	0.932	1.008	391
29.11.2023 00:00	1.028	1.048	0.974	0.99	267
30.11.2023 00:00	1.012	1.016	0.9400000000000001	0.984	338
01.12.2023 00:00	0.994	0.998	0.9580000000000001	0.97	441
04.12.2023 00:00	0.97	1.048	0.9460000000000001	0.9460000000000001	1500
05.12.2023 00:00	0.85	0.906	0.85	0.866	1249
06.12.2023 00:00	0.874	0.876	0.848	0.848	254
07.12.2023 00:00	0.84	0.86	0.808	0.8260000000000001	241
08.12.2023 00:00	0.836	0.846	0.81	0.834	65
11.12.2023 00:00	0.846	0.846	0.786	0.802	115
12.12.2023 00:00	0.792	0.794	0.762	0.778	180
13.12.2023 00:00	0.762	0.8280000000000001	0.76	0.8	82
14.12.2023 00:00	0.8240000000000001	0.864	0.794	0.794	331
15.12.2023 00:00	0.802	0.81	0.772	0.808	109
18.12.2023 00:00	0.794	0.8280000000000001	0.792	0.8140000000000001	238
19.12.2023 00:00	0.808	0.8260000000000001	0.79	0.8200000000000001	174
20.12.2023 00:00	0.8280000000000001	0.888	0.8180000000000001	0.87	694
21.12.2023 00:00	0.888	0.926	0.888	0.902	607
22.12.2023 00:00	0.904	0.92	0.886	0.902	203
25.12.2023 00:00	0.878	0.918	0.872	0.872	426
26.12.2023 00:00	0.87	0.874	0.838	0.846	131
27.12.2023 00:00	0.848	0.852	0.8300000000000001	0.8300000000000001	149
28.12.2023 00:00	0.8300000000000001	0.838	0.802	0.81	131
29.12.2023 00:00	0.8	0.808	0.78	0.782	221
03.01.2024 00:00	0.858	0.876	0.77	0.812	188
04.01.2024 00:00	0.8240000000000001	0.846	0.804	0.846	105
05.01.2024 00:00	0.854	0.916	0.8240000000000001	0.89	456
08.01.2024 00:00	0.902	0.9380000000000001	0.902	0.926	183
09.01.2024 00:00	0.934	0.9480000000000001	0.92	0.9400000000000001	169
10.01.2024 00:00	0.9480000000000001	0.9560000000000001	0.92	0.93	406
11.01.2024 00:00	0.9460000000000001	0.9580000000000001	0.9	0.906	396
12.01.2024 00:00	0.916	0.93	0.91	0.922	226
15.01.2024 00:00	0.922	1.038	0.918	1.018	1993
16.01.2024 00:00	1.036	1.1	0.968	0.988	1138
17.01.2024 00:00	0.986	0.998	0.968	0.99	388
18.01.2024 00:00	0.996	1.088	0.996	1.002	685
19.01.2024 00:00	1.014	1.046	0.998	1.008	391
22.01.2024 00:00	1.026	1.026	0.994	1.0	231
23.01.2024 00:00	0.998	1.04	0.986	1.03	594
24.01.2024 00:00	1.032	1.046	1.008	1.02	383
25.01.2024 00:00	1.02	1.02	1.01	1.012	93
26.01.2024 00:00	1.018	1.042	1.0	1.028	479
29.01.2024 00:00	1.036	1.104	1.026	1.064	947
30.01.2024 00:00	1.064	1.116	1.05	1.062	380
31.01.2024 00:00	1.062	1.07	1.032	1.054	117
01.02.2024 00:00	1.052	1.062	0.99	0.998	505
02.02.2024 00:00	1.002	1.006	0.98	0.996	126
05.02.2024 00:00	0.996	1.028	0.976	0.994	181
06.02.2024 00:00	0.994	1.024	0.988	1.008	141
07.02.2024 00:00	1.008	1.008	0.988	0.994	58
08.02.2024 00:00	0.994	0.994	0.97	0.984	160
09.02.2024 00:00	0.984	0.988	0.9580000000000001	0.966	95
12.02.2024 00:00	0.9540000000000001	0.976	0.912	0.9420000000000001	333
13.02.2024 00:00	0.9420000000000001	0.988	0.926	0.988	286
14.02.2024 00:00	0.988	0.988	0.964	0.984	206
15.02.2024 00:00	0.984	0.988	0.968	0.978	103
16.02.2024 00:00	0.988	1.008	0.974	0.982	171
19.02.2024 00:00	0.982	0.982	0.9560000000000001	0.972	97
20.02.2024 00:00	0.974	0.974	0.936	0.9480000000000001	104
21.02.2024 00:00	0.936	0.9480000000000001	0.9	0.916	182
22.02.2024 00:00	0.902	0.936	0.902	0.922	63
26.02.2024 00:00	0.934	0.9460000000000001	0.934	0.9460000000000001	50
27.02.2024 00:00	0.93	0.966	0.912	0.932	180
28.02.2024 00:00	0.936	0.9460000000000001	0.916	0.918	88
29.02.2024 00:00	0.9420000000000001	0.9460000000000001	0.918	0.928	66
01.03.2024 00:00	0.93	0.9380000000000001	0.912	0.934	65
04.03.2024 00:00	0.922	0.9420000000000001	0.912	0.922	131
05.03.2024 00:00	0.922	0.924	0.916	0.92	27
06.03.2024 00:00	0.916	0.918	0.892	0.912	194
07.03.2024 00:00	0.912	0.912	0.884	0.902	203
11.03.2024 00:00	0.904	0.91	0.88	0.896	277
12.03.2024 00:00	0.896	0.904	0.886	0.904	78
13.03.2024 00:00	0.908	1.102	0.908	0.964	4997
14.03.2024 00:00	0.964	0.964	0.904	0.934	773
15.03.2024 00:00	0.932	0.9440000000000001	0.914	0.924	165
18.03.2024 00:00	0.934	0.936	0.886	0.926	330
19.03.2024 00:00	0.926	0.926	0.882	0.896	361
20.03.2024 00:00	0.898	0.914	0.898	0.9	188
21.03.2024 00:00	0.902	0.906	0.896	0.906	121
22.03.2024 00:00	0.902	0.93	0.896	0.906	350
25.03.2024 00:00	0.906	0.906	0.89	0.9	137
26.03.2024 00:00	0.906	0.93	0.898	0.928	234
27.03.2024 00:00	0.936	1.012	0.916	0.93	1301
28.03.2024 00:00	0.936	0.9500000000000001	0.932	0.934	196
29.03.2024 00:00	0.922	0.9460000000000001	0.922	0.934	113
01.04.2024 00:00	0.9380000000000001	0.9440000000000001	0.928	0.934	124
02.04.2024 00:00	0.932	0.9400000000000001	0.92	0.924	196
03.04.2024 00:00	0.922	0.9380000000000001	0.918	0.924	296
04.04.2024 00:00	0.93	0.93	0.906	0.916	144
05.04.2024 00:00	0.916	0.9380000000000001	0.91	0.914	139
08.04.2024 00:00	0.914	0.926	0.896	0.902	555
09.04.2024 00:00	0.902	0.908	0.888	0.9	324
10.04.2024 00:00	0.89	0.908	0.89	0.908	144
11.04.2024 00:00	0.91	0.918	0.906	0.912	163
12.04.2024 00:00	0.918	0.918	0.9	0.906	178
15.04.2024 00:00	0.908	0.928	0.904	0.914	181
16.04.2024 00:00	0.916	0.9500000000000001	0.912	0.92	420
17.04.2024 00:00	0.934	0.9580000000000001	0.916	0.9480000000000001	715
18.04.2024 00:00	0.9500000000000001	0.978	0.926	0.9520000000000001	639
19.04.2024 00:00	0.968	0.974	0.92	0.9440000000000001	191
22.04.2024 00:00	0.9440000000000001	0.9500000000000001	0.922	0.93	279
23.04.2024 00:00	0.9380000000000001	0.974	0.922	0.932	437
24.04.2024 00:00	0.93	0.964	0.928	0.936	534
25.04.2024 00:00	0.9380000000000001	0.9480000000000001	0.922	0.93	334
26.04.2024 00:00	0.932	0.936	0.924	0.928	201
27.04.2024 00:00	0.9460000000000001	0.9540000000000001	0.93	0.9400000000000001	273
29.04.2024 00:00	0.9400000000000001	0.9440000000000001	0.928	0.936	151
30.04.2024 00:00	0.9460000000000001	0.9460000000000001	0.932	0.9380000000000001	229
02.05.2024 00:00	0.9540000000000001	0.9560000000000001	0.93	0.936	108
03.05.2024 00:00	0.936	0.9400000000000001	0.934	0.936	85
06.05.2024 00:00	0.9480000000000001	0.9480000000000001	0.934	0.936	80
07.05.2024 00:00	0.936	0.9380000000000001	0.9	0.932	546
08.05.2024 00:00	0.93	0.9380000000000001	0.926	0.928	97
10.05.2024 00:00	0.934	0.936	0.922	0.926	170
13.05.2024 00:00	0.928	0.9400000000000001	0.916	0.936	246
14.05.2024 00:00	0.9420000000000001	0.9480000000000001	0.936	0.936	103
15.05.2024 00:00	0.936	0.9380000000000001	0.93	0.936	110
16.05.2024 00:00	0.9520000000000001	0.9520000000000001	0.908	0.918	148
17.05.2024 00:00	0.924	0.936	0.916	0.934	148
20.05.2024 00:00	0.936	0.9500000000000001	0.92	0.9380000000000001	386
21.05.2024 00:00	0.9440000000000001	0.9440000000000001	0.93	0.9380000000000001	162
22.05.2024 00:00	0.9440000000000001	0.9580000000000001	0.936	0.9540000000000001	192
23.05.2024 00:00	0.9400000000000001	0.9400000000000001	0.922	0.922	324
24.05.2024 00:00	0.93	0.934	0.89	0.902	210
27.05.2024 00:00	0.906	0.906	0.848	0.87	257
28.05.2024 00:00	0.85	0.892	0.8280000000000001	0.892	133
29.05.2024 00:00	0.882	0.904	0.882	0.884	137
30.05.2024 00:00	0.878	0.906	0.878	0.906	38
31.05.2024 00:00	0.906	0.93	0.88	0.93	354
03.06.2024 00:00	0.918	0.928	0.856	0.88	499
04.06.2024 00:00	0.91	0.966	0.904	0.91	165
05.06.2024 00:00	0.912	0.93	0.896	0.898	113
06.06.2024 00:00	0.91	0.914	0.884	0.898	40
07.06.2024 00:00	0.888	0.9560000000000001	0.888	0.918	121
10.06.2024 00:00	0.92	0.92	0.902	0.902	70
11.06.2024 00:00	0.902	0.9580000000000001	0.878	0.898	359
13.06.2024 00:00	0.878	0.9	0.86	0.896	34
14.06.2024 00:00	0.886	0.928	0.886	0.902	71
17.06.2024 00:00	0.89	0.91	0.88	0.886	57
18.06.2024 00:00	0.89	0.896	0.878	0.878	42
19.06.2024 00:00	0.878	0.88	0.86	0.86	42
20.06.2024 00:00	0.868	0.882	0.858	0.868	39
21.06.2024 00:00	0.874	0.88	0.868	0.88	16
24.06.2024 00:00	0.878	0.886	0.87	0.87	10
25.06.2024 00:00	0.874	0.878	0.86	0.862	51
26.06.2024 00:00	0.868	0.884	0.864	0.882	25
27.06.2024 00:00	0.876	0.876	0.864	0.864	19
28.06.2024 00:00	0.864	0.872	0.84	0.84	32
01.07.2024 00:00	0.852	0.906	0.852	0.866	99
02.07.2024 00:00	0.886	0.91	0.878	0.892	62
03.07.2024 00:00	0.89	0.89	0.844	0.868	118
04.07.2024 00:00	0.858	0.884	0.858	0.872	23
05.07.2024 00:00	0.886	0.916	0.884	0.886	84
08.07.2024 00:00	0.886	0.886	0.848	0.862	88
09.07.2024 00:00	0.874	0.874	0.8320000000000001	0.846	67
10.07.2024 00:00	0.846	0.91	0.834	0.834	213
11.07.2024 00:00	0.842	0.86	0.8320000000000001	0.844	39
12.07.2024 00:00	0.844	0.848	0.834	0.844	48
15.07.2024 00:00	0.848	0.864	0.848	0.848	10
16.07.2024 00:00	0.848	0.848	0.8280000000000001	0.8280000000000001	40
17.07.2024 00:00	0.84	0.848	0.84	0.848	11
18.07.2024 00:00	0.846	0.846	0.846	0.846	4
19.07.2024 00:00	0.848	0.876	0.848	0.868	41
22.07.2024 00:00	0.858	0.876	0.858	0.864	8
23.07.2024 00:00	0.874	0.886	0.852	0.852	43
24.07.2024 00:00	0.86	0.886	0.86	0.886	35
25.07.2024 00:00	0.886	0.886	0.854	0.856	92
26.07.2024 00:00	0.864	0.878	0.86	0.864	29
29.07.2024 00:00	0.866	0.886	0.852	0.86	41
30.07.2024 00:00	0.86	0.868	0.854	0.862	47
31.07.2024 00:00	0.854	0.868	0.854	0.868	10
01.08.2024 00:00	0.858	0.868	0.8300000000000001	0.846	96
02.08.2024 00:00	0.862	0.862	0.842	0.848	13
05.08.2024 00:00	0.8320000000000001	0.928	0.8320000000000001	0.846	239
06.08.2024 00:00	0.848	0.852	0.846	0.852	24
07.08.2024 00:00	0.85	0.858	0.848	0.858	8
08.08.2024 00:00	0.86	0.86	0.85	0.852	7
09.08.2024 00:00	0.858	0.858	0.85	0.854	11
12.08.2024 00:00	0.854	0.864	0.846	0.854	13
13.08.2024 00:00	0.85	0.884	0.85	0.868	107
14.08.2024 00:00	0.886	0.908	0.866	0.88	127
15.08.2024 00:00	0.88	0.88	0.874	0.878	35
16.08.2024 00:00	0.876	0.882	0.874	0.876	19
19.08.2024 00:00	0.874	0.884	0.86	0.87	45
20.08.2024 00:00	0.862	0.87	0.852	0.868	42
21.08.2024 00:00	0.87	0.87	0.846	0.85	61
22.08.2024 00:00	0.864	0.864	0.808	0.81	147
23.08.2024 00:00	0.8260000000000001	0.8260000000000001	0.808	0.8180000000000001	35
26.08.2024 00:00	0.836	0.838	0.8140000000000001	0.8260000000000001	18
27.08.2024 00:00	0.8260000000000001	0.8260000000000001	0.8140000000000001	0.8140000000000001	18
28.08.2024 00:00	0.812	0.8140000000000001	0.8	0.8140000000000001	92
29.08.2024 00:00	0.8140000000000001	0.8280000000000001	0.8	0.8	37
30.08.2024 00:00	0.804	0.858	0.78	0.78	275
02.09.2024 00:00	0.776	0.796	0.712	0.776	49
03.09.2024 00:00	0.724	0.78	0.724	0.75	18
04.09.2024 00:00	0.778	0.778	0.754	0.754	5
05.09.2024 00:00	0.758	0.788	0.73	0.738	119
06.09.2024 00:00	0.724	0.758	0.714	0.74	147
09.09.2024 00:00	0.742	0.794	0.736	0.778	44
10.09.2024 00:00	0.798	0.806	0.778	0.784	10
11.09.2024 00:00	0.784	0.8	0.784	0.8	2
12.09.2024 00:00	0.8	0.808	0.774	0.794	9
13.09.2024 00:00	0.796	0.798	0.72	0.758	136
16.09.2024 00:00	0.778	0.796	0.772	0.784	39
17.09.2024 00:00	0.798	0.8	0.686	0.74	2527
18.09.2024 00:00	0.746	0.746	0.718	0.724	293
19.09.2024 00:00	0.726	0.746	0.714	0.73	107
20.09.2024 00:00	0.73	0.738	0.728	0.736	61
23.09.2024 00:00	0.736	0.754	0.732	0.738	272
24.09.2024 00:00	0.756	0.756	0.728	0.732	143
25.09.2024 00:00	0.736	0.746	0.73	0.73	61
26.09.2024 00:00	0.73	0.738	0.726	0.736	40
27.09.2024 00:00	0.736	0.736	0.724	0.734	17
30.09.2024 00:00	0.734	0.748	0.704	0.728	181
01.10.2024 00:00	0.728	0.748	0.704	0.712	200
02.10.2024 00:00	0.718	0.718	0.7000000000000001	0.708	73
03.10.2024 00:00	0.706	0.728	0.706	0.716	113
04.10.2024 00:00	0.718	0.718	0.712	0.718	12
07.10.2024 00:00	0.712	0.724	0.7000000000000001	0.7020000000000001	65
08.10.2024 00:00	0.7020000000000001	0.704	0.686	0.6940000000000001	194
09.10.2024 00:00	0.6900000000000001	0.6980000000000001	0.686	0.6920000000000001	36
10.10.2024 00:00	0.6960000000000001	0.704	0.6880000000000001	0.6960000000000001	36
11.10.2024 00:00	0.6880000000000001	0.6960000000000001	0.686	0.6960000000000001	22
14.10.2024 00:00	0.6940000000000001	0.7000000000000001	0.6900000000000001	0.7000000000000001	10
15.10.2024 00:00	0.6900000000000001	0.716	0.686	0.6980000000000001	106
16.10.2024 00:00	0.7000000000000001	0.706	0.6960000000000001	0.7000000000000001	17
17.10.2024 00:00	0.6980000000000001	0.6980000000000001	0.686	0.6900000000000001	41
18.10.2024 00:00	0.6900000000000001	0.6940000000000001	0.6900000000000001	0.6940000000000001	4
21.10.2024 00:00	0.686	0.6980000000000001	0.686	0.6900000000000001	16
22.10.2024 00:00	0.686	0.6960000000000001	0.686	0.6920000000000001	10
23.10.2024 00:00	0.6900000000000001	0.6920000000000001	0.672	0.682	87
24.10.2024 00:00	0.6880000000000001	0.738	0.682	0.718	391
25.10.2024 00:00	0.718	0.762	0.6900000000000001	0.738	1165
28.10.2024 00:00	0.774	0.91	0.75	0.866	3430
29.10.2024 00:00	0.878	0.9	0.778	0.842	927
30.10.2024 00:00	0.86	0.878	0.836	0.84	242
31.10.2024 00:00	0.86	0.872	0.8140000000000001	0.8320000000000001	309
01.11.2024 00:00	0.8320000000000001	0.84	0.804	0.8160000000000001	112
02.11.2024 00:00	0.8200000000000001	0.8300000000000001	0.8180000000000001	0.8280000000000001	27
05.11.2024 00:00	0.8300000000000001	0.854	0.762	0.808	696
06.11.2024 00:00	0.812	0.8220000000000001	0.81	0.8180000000000001	337
07.11.2024 00:00	0.8180000000000001	0.8200000000000001	0.8180000000000001	0.8200000000000001	71
08.11.2024 00:00	0.8220000000000001	0.8260000000000001	0.808	0.8140000000000001	168
11.11.2024 00:00	0.8200000000000001	0.8260000000000001	0.788	0.808	521
12.11.2024 00:00	0.812	0.8160000000000001	0.802	0.8140000000000001	164
13.11.2024 00:00	0.8140000000000001	0.8200000000000001	0.81	0.812	173
14.11.2024 00:00	0.8180000000000001	0.8180000000000001	0.81	0.812	65
15.11.2024 00:00	0.8180000000000001	0.898	0.794	0.85	799
18.11.2024 00:00	0.86	0.874	0.81	0.8280000000000001	506
19.11.2024 00:00	0.834	0.834	0.8	0.8140000000000001	413
20.11.2024 00:00	0.812	0.836	0.802	0.8140000000000001	175
21.11.2024 00:00	0.8280000000000001	0.8280000000000001	0.792	0.808	205
22.11.2024 00:00	0.8140000000000001	0.8260000000000001	0.802	0.812	95
25.11.2024 00:00	0.8160000000000001	0.8200000000000001	0.75	0.804	354
26.11.2024 00:00	0.788	0.81	0.756	0.758	582
27.11.2024 00:00	0.784	0.784	0.704	0.762	369
28.11.2024 00:00	0.782	0.8220000000000001	0.774	0.81	488
29.11.2024 00:00	0.8180000000000001	0.872	0.808	0.844	1014
02.12.2024 00:00	0.846	0.884	0.84	0.864	597
03.12.2024 00:00	0.864	0.888	0.84	0.848	530
04.12.2024 00:00	0.862	0.872	0.808	0.866	466
05.12.2024 00:00	0.868	0.868	0.85	0.864	285
06.12.2024 00:00	0.872	0.874	0.844	0.858	527
09.12.2024 00:00	0.862	0.9540000000000001	0.858	0.9380000000000001	3031
10.12.2024 00:00	0.858	0.858	0.752	0.776	3741
11.12.2024 00:00	0.78	0.782	0.726	0.726	2301
12.12.2024 00:00	0.724	0.736	0.686	0.706	1112
13.12.2024 00:00	0.708	0.708	0.676	0.682	308
16.12.2024 00:00	0.684	0.728	0.674	0.682	935
17.12.2024 00:00	0.674	0.684	0.646	0.652	434
18.12.2024 00:00	0.652	0.676	0.622	0.664	311
19.12.2024 00:00	0.67	0.676	0.664	0.668	104
20.12.2024 00:00	0.664	0.71	0.662	0.7000000000000001	379
23.12.2024 00:00	0.708	0.72	0.7000000000000001	0.706	363
24.12.2024 00:00	0.706	0.71	0.704	0.71	44
25.12.2024 00:00	0.71	0.71	0.686	0.7000000000000001	162
26.12.2024 00:00	0.704	0.708	0.7000000000000001	0.7000000000000001	67
27.12.2024 00:00	0.704	0.71	0.6880000000000001	0.6920000000000001	208
28.12.2024 00:00	0.6960000000000001	0.704	0.6940000000000001	0.6980000000000001	100
30.12.2024 00:00	0.7000000000000001	0.704	0.6940000000000001	0.6960000000000001	387
03.01.2025 00:00	0.6960000000000001	0.7000000000000001	0.686	0.6980000000000001	263
06.01.2025 00:00	0.7000000000000001	0.7000000000000001	0.686	0.6980000000000001	93
08.01.2025 00:00	0.6980000000000001	0.712	0.6980000000000001	0.708	223
09.01.2025 00:00	0.71	0.742	0.6900000000000001	0.6940000000000001	655
10.01.2025 00:00	0.6940000000000001	0.7020000000000001	0.6880000000000001	0.7000000000000001	131
13.01.2025 00:00	0.704	0.712	0.7020000000000001	0.706	154
14.01.2025 00:00	0.708	0.71	0.7020000000000001	0.7020000000000001	75
15.01.2025 00:00	0.7020000000000001	0.716	0.7020000000000001	0.704	80
16.01.2025 00:00	0.706	0.71	0.704	0.708	86
17.01.2025 00:00	0.708	0.73	0.7020000000000001	0.73	306
20.01.2025 00:00	0.734	0.748	0.724	0.746	437
21.01.2025 00:00	0.746	0.756	0.728	0.746	176
22.01.2025 00:00	0.748	0.806	0.74	0.804	440
23.01.2025 00:00	0.802	0.8280000000000001	0.78	0.802	522
24.01.2025 00:00	0.812	0.812	0.78	0.79	169
27.01.2025 00:00	0.8	0.8	0.762	0.772	228
28.01.2025 00:00	0.764	0.782	0.76	0.774	67
29.01.2025 00:00	0.776	0.782	0.768	0.774	61
30.01.2025 00:00	0.772	0.774	0.77	0.77	34
31.01.2025 00:00	0.77	0.774	0.758	0.772	93
03.02.2025 00:00	0.774	0.774	0.748	0.752	85
04.02.2025 00:00	0.752	0.758	0.738	0.74	104
05.02.2025 00:00	0.74	0.74	0.718	0.738	128
06.02.2025 00:00	0.738	0.768	0.738	0.742	45
07.02.2025 00:00	0.736	0.736	0.726	0.73	147
10.02.2025 00:00	0.736	0.77	0.734	0.768	272
11.02.2025 00:00	0.768	0.79	0.76	0.77	233
12.02.2025 00:00	0.78	0.79	0.772	0.774	103
13.02.2025 00:00	0.78	0.8	0.78	0.79	108
14.02.2025 00:00	0.784	0.812	0.77	0.772	407
17.02.2025 00:00	0.78	0.794	0.774	0.788	139
18.02.2025 00:00	0.794	0.808	0.784	0.798	160
19.02.2025 00:00	0.802	0.81	0.796	0.8	91
20.02.2025 00:00	0.798	0.804	0.796	0.804	111
21.02.2025 00:00	0.796	0.806	0.79	0.802	162
24.02.2025 00:00	0.8	0.838	0.794	0.8160000000000001	167
25.02.2025 00:00	0.8260000000000001	0.8260000000000001	0.796	0.81	211
26.02.2025 00:00	0.806	0.8180000000000001	0.796	0.798	154
27.02.2025 00:00	0.8	0.806	0.782	0.784	95
28.02.2025 00:00	0.784	0.792	0.764	0.77	122
03.03.2025 00:00	0.774	0.8	0.77	0.8	126
04.03.2025 00:00	0.802	0.808	0.798	0.8	140
05.03.2025 00:00	0.808	0.808	0.802	0.806	25
06.03.2025 00:00	0.8	0.806	0.798	0.804	33
07.03.2025 00:00	0.802	0.808	0.8	0.8	40
10.03.2025 00:00	0.8	0.81	0.79	0.806	80
11.03.2025 00:00	0.804	0.806	0.798	0.806	95
12.03.2025 00:00	0.806	0.808	0.8	0.804	50
13.03.2025 00:00	0.802	0.81	0.77	0.784	229
14.03.2025 00:00	0.782	0.794	0.782	0.792	50
17.03.2025 00:00	0.792	0.804	0.79	0.804	44
18.03.2025 00:00	0.804	0.8160000000000001	0.782	0.788	160
19.03.2025 00:00	0.788	0.808	0.788	0.79	105
20.03.2025 00:00	0.79	0.806	0.79	0.798	97
21.03.2025 00:00	0.798	0.798	0.78	0.782	79
24.03.2025 00:00	0.792	0.794	0.782	0.794	58
25.03.2025 00:00	0.796	0.8	0.778	0.782	108
26.03.2025 00:00	0.786	0.792	0.784	0.788	47
27.03.2025 00:00	0.78	0.784	0.756	0.77	79
28.03.2025 00:00	0.784	0.798	0.75	0.752	261
31.03.2025 00:00	0.738	0.772	0.73	0.756	167
01.04.2025 00:00	0.758	0.788	0.752	0.76	72
02.04.2025 00:00	0.76	0.778	0.758	0.772	16
03.04.2025 00:00	0.772	0.774	0.758	0.758	35
04.04.2025 00:00	0.756	0.756	0.734	0.734	89
07.04.2025 00:00	0.728	0.728	0.68	0.7000000000000001	215
08.04.2025 00:00	0.708	0.724	0.708	0.718	61
09.04.2025 00:00	0.718	0.718	0.678	0.686	127
10.04.2025 00:00	0.7020000000000001	0.726	0.6940000000000001	0.7000000000000001	42
11.04.2025 00:00	0.718	0.728	0.6980000000000001	0.718	130
14.04.2025 00:00	0.728	0.738	0.708	0.714	38
15.04.2025 00:00	0.714	0.726	0.71	0.71	28
16.04.2025 00:00	0.72	0.722	0.718	0.718	11
17.04.2025 00:00	0.714	0.72	0.71	0.72	6
18.04.2025 00:00	0.72	0.722	0.704	0.704	40
21.04.2025 00:00	0.716	0.724	0.708	0.708	92
22.04.2025 00:00	0.714	0.72	0.6960000000000001	0.706	54
23.04.2025 00:00	0.7020000000000001	0.728	0.7020000000000001	0.728	54
24.04.2025 00:00	0.738	0.738	0.726	0.726	21
25.04.2025 00:00	0.724	0.738	0.724	0.736	19
28.04.2025 00:00	0.746	0.772	0.736	0.744	115
29.04.2025 00:00	0.742	0.742	0.73	0.73	22
30.04.2025 00:00	0.722	0.74	0.71	0.74	38
02.05.2025 00:00	0.73	0.73	0.724	0.726	23
05.05.2025 00:00	0.734	0.754	0.708	0.734	61
06.05.2025 00:00	0.748	0.748	0.746	0.746	11
07.05.2025 00:00	0.756	0.758	0.746	0.746	19
08.05.2025 00:00	0.758	0.758	0.742	0.742	8
12.05.2025 00:00	0.74	0.748	0.73	0.748	27
13.05.2025 00:00	0.748	0.748	0.736	0.748	37
14.05.2025 00:00	0.748	0.758	0.748	0.758	48
15.05.2025 00:00	0.75	0.762	0.742	0.75	62
16.05.2025 00:00	0.758	0.76	0.748	0.748	24
19.05.2025 00:00	0.746	0.77	0.746	0.77	72
20.05.2025 00:00	0.758	0.774	0.752	0.76	27
21.05.2025 00:00	0.758	0.782	0.748	0.77	193
22.05.2025 00:00	0.76	0.778	0.758	0.778	58
