datetime	open	high	low	close	volume
12.03.2018 00:00	102.0	102.0	102.0	102.0	24
14.03.2018 00:00	102.0	102.0	100.0	102.0	11
16.03.2018 00:00	96.0	100.0	96.0	97.0	26
19.03.2018 00:00	97.0	97.0	97.0	97.0	20
23.03.2018 00:00	101.0	105.0	100.0	105.0	24
29.03.2018 00:00	106.0	106.0	106.0	106.0	1
03.04.2018 00:00	99.0	99.0	95.5	98.0	6
04.04.2018 00:00	96.0	96.0	95.0	95.0	871
05.04.2018 00:00	95.0	95.0	94.0	95.0	305
06.04.2018 00:00	92.0	94.0	92.0	93.0	5
09.04.2018 00:00	90.5	90.5	88.0	90.5	7
10.04.2018 00:00	90.0	90.0	86.0	88.0	11
11.04.2018 00:00	85.0	92.0	85.0	86.0	33
12.04.2018 00:00	92.0	92.0	88.0	90.0	3
18.04.2018 00:00	85.5	88.0	85.5	88.0	4
19.04.2018 00:00	79.0	92.0	79.0	84.0	33
20.04.2018 00:00	86.0	92.0	86.0	92.0	28
25.04.2018 00:00	85.0	88.0	85.0	86.0	6
28.04.2018 00:00	86.0	86.0	86.0	86.0	2
30.04.2018 00:00	94.0	94.0	81.0	92.0	5
03.05.2018 00:00	83.0	90.0	83.0	90.0	4
04.05.2018 00:00	90.0	90.0	90.0	90.0	21
10.05.2018 00:00	90.5	90.5	90.5	90.5	5
15.05.2018 00:00	85.0	87.0	85.0	85.0	1
16.05.2018 00:00	86.5	86.5	86.0	86.5	20
17.05.2018 00:00	87.0	87.0	86.0	86.0	8
18.05.2018 00:00	85.5	86.0	85.5	85.5	16
23.05.2018 00:00	83.0	83.0	83.0	83.0	1
24.05.2018 00:00	84.0	84.0	84.0	84.0	1
25.05.2018 00:00	83.0	83.0	83.0	83.0	2
31.05.2018 00:00	86.0	86.0	86.0	86.0	3
01.06.2018 00:00	86.0	86.0	81.0	82.0	4
05.06.2018 00:00	80.0	86.0	80.0	86.0	19
06.06.2018 00:00	90.0	94.5	80.0	84.0	104
15.06.2018 00:00	91.0	92.5	86.0	92.5	28
18.06.2018 00:00	93.5	94.0	93.5	94.0	2
20.06.2018 00:00	93.5	93.5	93.5	93.5	5
21.06.2018 00:00	81.0	93.5	81.0	90.0	3
27.06.2018 00:00	93.5	93.5	93.5	93.5	4
12.07.2018 00:00	80.0	90.0	80.0	88.0	8
17.07.2018 00:00	86.0	87.0	86.0	87.0	6
20.07.2018 00:00	81.5	85.0	81.5	85.0	3
24.07.2018 00:00	86.0	86.0	86.0	86.0	2
27.07.2018 00:00	81.5	93.0	81.0	93.0	164
30.07.2018 00:00	90.0	90.0	90.0	90.0	50
01.08.2018 00:00	90.0	90.0	90.0	90.0	2
02.08.2018 00:00	90.0	90.0	90.0	90.0	8
08.08.2018 00:00	90.0	90.0	90.0	90.0	106
10.08.2018 00:00	90.0	90.0	90.0	90.0	48
13.08.2018 00:00	90.0	90.0	90.0	90.0	53
21.08.2018 00:00	90.0	90.0	90.0	90.0	50
22.08.2018 00:00	94.5	94.5	94.0	94.0	2
23.08.2018 00:00	93.0	93.0	92.0	92.0	2
24.08.2018 00:00	90.0	92.0	90.0	92.0	26
28.08.2018 00:00	93.5	93.5	90.0	90.0	31
30.08.2018 00:00	90.0	90.0	90.0	90.0	6
31.08.2018 00:00	90.5	90.5	90.0	90.0	10
03.09.2018 00:00	90.0	90.5	90.0	90.5	33
04.09.2018 00:00	90.5	90.5	90.0	90.0	25
05.09.2018 00:00	91.0	91.0	91.0	91.0	3
06.09.2018 00:00	94.0	94.0	94.0	94.0	1
07.09.2018 00:00	90.0	90.0	90.0	90.0	1
10.09.2018 00:00	90.0	90.0	90.0	90.0	3
14.09.2018 00:00	90.0	90.0	90.0	90.0	3
20.09.2018 00:00	90.0	90.0	90.0	90.0	16
24.09.2018 00:00	90.0	90.0	90.0	90.0	50
26.09.2018 00:00	90.0	90.0	90.0	90.0	5
28.09.2018 00:00	90.0	90.5	90.0	90.5	34
03.10.2018 00:00	97.0	97.0	94.0	94.0	8
10.10.2018 00:00	90.5	92.0	90.5	92.0	3
11.10.2018 00:00	90.0	90.0	90.0	90.0	17
22.10.2018 00:00	90.0	90.0	90.0	90.0	40
23.10.2018 00:00	90.0	90.0	90.0	90.0	3
02.11.2018 00:00	90.0	90.0	90.0	90.0	2
07.11.2018 00:00	90.0	90.0	90.0	90.0	21
12.11.2018 00:00	90.0	90.0	90.0	90.0	2
13.11.2018 00:00	99.5	99.5	92.0	92.0	17
14.11.2018 00:00	80.0	90.0	80.0	88.0	11
15.11.2018 00:00	81.5	88.0	81.5	88.0	3
26.11.2018 00:00	78.0	86.0	78.0	86.0	2
03.12.2018 00:00	90.5	90.5	90.5	90.5	1
05.12.2018 00:00	92.0	92.0	88.0	88.0	11
06.12.2018 00:00	74.0	86.0	74.0	86.0	11
18.12.2018 00:00	74.0	88.0	74.0	86.5	16
19.12.2018 00:00	85.0	85.0	85.0	85.0	4
25.12.2018 00:00	74.0	84.0	73.5	84.0	7
28.12.2018 00:00	73.5	83.0	73.5	78.0	15
29.12.2018 00:00	90.0	90.0	90.0	90.0	1
11.01.2019 00:00	88.5	88.5	84.0	87.0	33
14.01.2019 00:00	87.0	87.0	87.0	87.0	2
15.01.2019 00:00	87.0	87.0	85.5	85.5	2
16.01.2019 00:00	78.0	84.0	78.0	84.0	4
31.01.2019 00:00	85.0	85.0	85.0	85.0	1
01.02.2019 00:00	80.0	90.0	80.0	85.0	14
05.02.2019 00:00	85.0	89.0	85.0	86.0	4
06.02.2019 00:00	89.0	90.0	88.0	90.0	7
07.02.2019 00:00	85.0	91.0	85.0	88.0	7
11.02.2019 00:00	90.0	90.0	90.0	90.0	5
12.02.2019 00:00	85.0	88.0	85.0	88.0	17
13.02.2019 00:00	92.0	92.0	89.0	89.0	12
19.02.2019 00:00	90.0	90.0	82.0	87.0	6
22.02.2019 00:00	89.0	89.0	89.0	89.0	2
01.03.2019 00:00	91.0	97.0	88.0	90.0	12
05.03.2019 00:00	96.0	96.0	90.0	90.0	2
11.03.2019 00:00	95.0	95.0	90.0	90.0	2
12.03.2019 00:00	95.0	95.0	90.0	90.0	6
13.03.2019 00:00	93.0	100.0	90.0	90.0	56
14.03.2019 00:00	85.0	94.0	85.0	89.0	15
19.03.2019 00:00	85.0	88.0	85.0	88.0	3
21.03.2019 00:00	86.0	87.0	86.0	86.0	9
27.03.2019 00:00	88.0	88.0	86.0	86.0	9
29.03.2019 00:00	88.0	88.0	85.0	86.0	4
01.04.2019 00:00	87.0	87.0	87.0	87.0	1
08.04.2019 00:00	87.0	121.0	87.0	121.0	2311
09.04.2019 00:00	133.0	150.0	101.0	106.0	1430
10.04.2019 00:00	109.0	148.0	100.0	106.0	7232
11.04.2019 00:00	108.0	112.0	91.0	96.0	1490
12.04.2019 00:00	97.0	113.0	93.0	108.0	1611
15.04.2019 00:00	108.0	111.0	102.0	106.0	515
16.04.2019 00:00	106.0	123.0	105.0	110.0	1462
17.04.2019 00:00	108.0	114.0	102.0	104.0	341
18.04.2019 00:00	103.0	105.0	96.0	100.0	153
19.04.2019 00:00	100.0	104.0	95.0	104.0	282
22.04.2019 00:00	103.0	107.0	98.0	104.0	238
23.04.2019 00:00	104.0	105.0	98.0	100.0	133
24.04.2019 00:00	100.0	101.0	95.0	98.0	309
25.04.2019 00:00	95.0	97.0	90.0	92.0	728
26.04.2019 00:00	92.0	94.0	90.0	90.0	80
29.04.2019 00:00	91.0	94.0	88.0	90.0	62
30.04.2019 00:00	92.0	104.0	92.0	94.0	157
02.05.2019 00:00	97.0	97.0	91.0	92.0	55
03.05.2019 00:00	94.0	94.0	92.0	92.0	6
06.05.2019 00:00	91.0	93.0	91.0	93.0	42
07.05.2019 00:00	94.0	95.0	91.0	94.0	79
08.05.2019 00:00	93.0	93.0	89.0	91.0	41
10.05.2019 00:00	89.0	90.0	88.0	90.0	52
13.05.2019 00:00	92.0	92.0	89.0	89.0	15
14.05.2019 00:00	86.0	89.0	86.0	89.0	9
15.05.2019 00:00	85.0	90.0	85.0	89.0	34
16.05.2019 00:00	89.0	89.0	85.0	88.0	18
17.05.2019 00:00	86.0	92.0	83.0	85.0	187
20.05.2019 00:00	90.0	96.0	84.0	95.0	565
21.05.2019 00:00	101.0	101.0	89.0	95.0	401
22.05.2019 00:00	99.0	114.0	92.0	105.0	2517
23.05.2019 00:00	104.0	104.0	97.0	100.0	125
24.05.2019 00:00	99.0	100.0	95.0	99.0	91
27.05.2019 00:00	96.0	97.0	94.0	96.0	41
28.05.2019 00:00	94.0	100.0	94.0	94.0	43
29.05.2019 00:00	99.0	100.0	96.0	100.0	62
30.05.2019 00:00	98.0	101.0	94.0	97.0	123
31.05.2019 00:00	100.0	100.0	95.0	99.0	55
03.06.2019 00:00	99.0	100.0	97.0	97.0	30
04.06.2019 00:00	100.0	100.0	92.0	94.0	246
05.06.2019 00:00	92.0	95.0	89.0	92.0	119
06.06.2019 00:00	90.0	100.0	84.0	94.0	1370
07.06.2019 00:00	102.0	102.0	95.0	97.0	147
10.06.2019 00:00	99.0	99.0	92.0	94.0	711
11.06.2019 00:00	96.0	98.0	94.0	97.0	351
13.06.2019 00:00	98.0	100.0	95.0	99.0	124
14.06.2019 00:00	99.0	100.0	95.0	96.0	16
17.06.2019 00:00	100.0	100.0	91.0	97.0	258
18.06.2019 00:00	99.0	99.0	93.0	96.0	346
19.06.2019 00:00	97.0	97.0	95.0	97.0	4
20.06.2019 00:00	95.0	96.0	90.0	94.0	260
21.06.2019 00:00	91.0	94.0	91.0	94.0	34
24.06.2019 00:00	92.0	94.0	92.0	94.0	5
25.06.2019 00:00	91.0	94.0	90.0	94.0	53
26.06.2019 00:00	93.0	94.0	89.0	93.0	79
27.06.2019 00:00	94.0	95.0	94.0	94.0	37
28.06.2019 00:00	94.0	94.0	92.0	94.0	27
01.07.2019 00:00	92.0	92.0	92.0	92.0	2
02.07.2019 00:00	91.0	93.0	91.0	93.0	17
03.07.2019 00:00	93.0	97.0	90.0	93.0	138
04.07.2019 00:00	94.0	95.0	89.0	93.0	97
05.07.2019 00:00	93.0	95.0	93.0	94.0	18
08.07.2019 00:00	95.0	95.0	95.0	95.0	3
09.07.2019 00:00	95.0	95.0	92.0	93.0	72
10.07.2019 00:00	93.0	94.0	93.0	94.0	2
11.07.2019 00:00	91.0	94.0	91.0	93.0	32
12.07.2019 00:00	94.0	94.0	90.0	93.0	5
15.07.2019 00:00	94.0	95.0	91.0	93.0	40
16.07.2019 00:00	93.0	93.0	93.0	93.0	2
18.07.2019 00:00	92.0	93.0	90.0	90.0	38
19.07.2019 00:00	92.0	92.0	88.0	90.0	60
22.07.2019 00:00	90.0	91.0	87.0	88.0	65
23.07.2019 00:00	89.0	89.0	89.0	89.0	11
24.07.2019 00:00	89.0	92.0	87.0	89.0	40
25.07.2019 00:00	88.0	89.0	86.0	87.0	117
29.07.2019 00:00	86.0	86.0	86.0	86.0	11
30.07.2019 00:00	88.0	89.0	88.0	89.0	6
01.08.2019 00:00	89.0	89.0	86.0	86.0	5
02.08.2019 00:00	86.0	87.0	86.0	87.0	16
05.08.2019 00:00	85.0	87.0	85.0	85.0	22
06.08.2019 00:00	85.0	88.0	85.0	86.0	34
07.08.2019 00:00	88.0	92.0	88.0	89.0	33
08.08.2019 00:00	91.0	92.0	87.0	89.0	53
09.08.2019 00:00	90.0	97.0	87.0	94.0	582
12.08.2019 00:00	95.0	95.0	90.0	93.0	70
13.08.2019 00:00	94.0	94.0	90.0	90.0	57
14.08.2019 00:00	91.0	93.0	89.0	90.0	63
15.08.2019 00:00	91.0	93.0	90.0	92.0	143
16.08.2019 00:00	91.0	95.0	86.0	91.0	64
19.08.2019 00:00	91.0	95.0	91.0	92.0	18
20.08.2019 00:00	91.0	95.0	90.0	92.0	29
21.08.2019 00:00	91.0	92.0	90.0	91.0	44
22.08.2019 00:00	91.0	93.0	91.0	91.0	111
23.08.2019 00:00	91.0	91.0	90.0	90.0	35
26.08.2019 00:00	91.0	91.0	90.0	91.0	21
27.08.2019 00:00	90.0	92.0	90.0	91.0	106
28.08.2019 00:00	91.0	91.0	90.0	90.0	64
29.08.2019 00:00	90.0	91.0	90.0	91.0	134
30.08.2019 00:00	91.0	94.0	90.0	91.0	59
02.09.2019 00:00	92.0	94.0	90.0	92.0	130
03.09.2019 00:00	92.0	92.0	90.0	91.0	46
04.09.2019 00:00	92.0	92.0	91.0	92.0	29
05.09.2019 00:00	91.0	92.0	90.0	91.0	48
06.09.2019 00:00	91.0	91.0	91.0	91.0	29
09.09.2019 00:00	90.0	92.0	90.0	91.0	37
10.09.2019 00:00	91.0	98.0	91.0	98.0	461
11.09.2019 00:00	97.0	97.0	96.0	96.0	156
12.09.2019 00:00	97.0	98.0	92.0	92.0	290
13.09.2019 00:00	91.0	92.0	91.0	92.0	70
16.09.2019 00:00	91.0	91.0	91.0	91.0	187
17.09.2019 00:00	92.0	92.0	90.0	92.0	52
18.09.2019 00:00	92.0	92.0	91.0	92.0	85
19.09.2019 00:00	92.0	92.0	88.0	91.0	110
20.09.2019 00:00	91.0	91.0	91.0	91.0	28
23.09.2019 00:00	90.0	92.0	90.0	92.0	11
24.09.2019 00:00	92.0	92.0	91.0	91.0	16
25.09.2019 00:00	91.0	93.0	90.0	91.0	220
26.09.2019 00:00	92.0	92.0	90.0	91.0	42
27.09.2019 00:00	92.0	92.0	90.0	90.0	120
30.09.2019 00:00	91.0	125.0	90.0	110.0	6328
01.10.2019 00:00	111.0	111.0	92.0	97.0	1492
02.10.2019 00:00	98.0	98.0	92.0	96.0	689
03.10.2019 00:00	97.0	107.0	97.0	100.0	797
04.10.2019 00:00	98.0	102.0	92.0	95.0	250
07.10.2019 00:00	98.0	99.0	93.0	95.0	52
08.10.2019 00:00	93.0	101.0	93.0	98.0	91
09.10.2019 00:00	108.0	108.0	94.0	98.0	136
10.10.2019 00:00	106.0	106.0	96.0	98.0	68
11.10.2019 00:00	103.0	103.0	91.0	95.0	167
14.10.2019 00:00	96.0	98.0	94.0	96.0	146
15.10.2019 00:00	103.0	103.0	94.0	96.0	243
16.10.2019 00:00	94.0	97.0	92.0	94.0	333
17.10.2019 00:00	95.0	96.0	91.0	93.0	208
18.10.2019 00:00	94.0	96.0	92.0	93.0	89
21.10.2019 00:00	94.0	96.0	92.0	94.0	67
22.10.2019 00:00	94.0	97.0	93.0	95.0	47
23.10.2019 00:00	94.0	94.0	89.0	91.0	577
24.10.2019 00:00	92.0	93.0	91.0	93.0	125
25.10.2019 00:00	91.0	91.0	90.0	91.0	34
28.10.2019 00:00	92.0	92.0	89.0	90.0	75
29.10.2019 00:00	91.0	92.0	89.0	90.0	74
30.10.2019 00:00	92.0	95.0	89.0	90.0	290
31.10.2019 00:00	91.0	94.0	89.0	91.0	216
01.11.2019 00:00	92.0	92.0	90.0	92.0	16
05.11.2019 00:00	92.0	93.0	91.0	92.0	35
06.11.2019 00:00	92.0	95.0	91.0	93.0	209
07.11.2019 00:00	94.0	94.0	90.0	92.0	104
08.11.2019 00:00	92.0	93.0	91.0	91.0	19
11.11.2019 00:00	92.0	93.0	92.0	92.0	24
12.11.2019 00:00	93.0	93.0	92.0	93.0	10
13.11.2019 00:00	91.0	94.0	91.0	92.0	32
14.11.2019 00:00	93.0	93.0	92.0	92.0	42
15.11.2019 00:00	93.0	93.0	93.0	93.0	14
18.11.2019 00:00	92.0	93.0	92.0	93.0	16
19.11.2019 00:00	93.0	93.0	92.0	93.0	19
20.11.2019 00:00	92.0	95.0	91.0	92.0	64
21.11.2019 00:00	93.0	95.0	93.0	93.0	85
22.11.2019 00:00	93.0	93.0	92.0	92.0	106
25.11.2019 00:00	92.0	93.0	92.0	92.0	19
26.11.2019 00:00	93.0	93.0	92.0	93.0	26
27.11.2019 00:00	93.0	93.0	92.0	93.0	42
28.11.2019 00:00	93.0	94.0	93.0	94.0	16
29.11.2019 00:00	96.0	96.0	92.0	93.0	24
02.12.2019 00:00	94.0	120.0	93.0	113.0	2156
03.12.2019 00:00	106.0	112.0	92.0	97.0	3595
04.12.2019 00:00	97.0	103.0	96.0	96.0	1719
05.12.2019 00:00	96.0	100.0	95.0	98.0	294
06.12.2019 00:00	97.0	98.0	95.0	95.0	224
09.12.2019 00:00	95.0	97.0	95.0	95.0	107
10.12.2019 00:00	95.0	96.0	93.0	95.0	72
11.12.2019 00:00	95.0	97.0	95.0	96.0	168
12.12.2019 00:00	96.0	97.0	95.0	96.0	75
13.12.2019 00:00	96.0	96.0	93.0	95.0	149
16.12.2019 00:00	94.0	99.0	94.0	94.0	501
17.12.2019 00:00	95.0	95.0	94.0	94.0	365
18.12.2019 00:00	95.0	95.0	93.0	94.0	125
19.12.2019 00:00	93.0	95.0	93.0	94.0	135
20.12.2019 00:00	95.0	95.0	94.0	94.0	13
23.12.2019 00:00	93.0	95.0	93.0	95.0	5
24.12.2019 00:00	93.0	95.0	93.0	93.0	130
25.12.2019 00:00	94.0	94.0	92.0	93.0	146
26.12.2019 00:00	94.0	95.0	93.0	94.0	100
27.12.2019 00:00	94.0	95.0	93.0	93.0	34
30.12.2019 00:00	94.0	96.0	94.0	94.0	142
03.01.2020 00:00	95.0	96.0	94.0	95.0	35
06.01.2020 00:00	96.0	105.0	92.0	95.0	2007
08.01.2020 00:00	94.0	96.0	94.0	95.0	499
09.01.2020 00:00	95.0	95.0	94.0	95.0	75
10.01.2020 00:00	95.0	96.0	94.0	96.0	96
13.01.2020 00:00	96.0	96.0	94.0	96.0	109
14.01.2020 00:00	95.0	98.0	95.0	96.0	144
15.01.2020 00:00	97.0	98.0	95.0	95.0	390
16.01.2020 00:00	96.0	96.0	94.0	96.0	142
17.01.2020 00:00	95.0	96.0	95.0	96.0	36
20.01.2020 00:00	96.0	99.0	95.0	96.0	854
21.01.2020 00:00	97.0	98.0	96.0	97.0	82
22.01.2020 00:00	97.0	101.0	97.0	99.0	151
23.01.2020 00:00	97.0	103.0	97.0	98.0	393
24.01.2020 00:00	99.0	100.0	97.0	98.0	67
27.01.2020 00:00	98.0	99.0	97.0	98.0	316
28.01.2020 00:00	97.0	103.0	97.0	101.0	461
29.01.2020 00:00	104.0	104.0	100.0	101.0	34
30.01.2020 00:00	105.0	105.0	96.0	96.0	512
31.01.2020 00:00	96.0	97.0	96.0	97.0	8
03.02.2020 00:00	96.0	97.0	96.0	97.0	26
04.02.2020 00:00	98.0	102.0	97.0	98.0	217
05.02.2020 00:00	99.0	116.0	99.0	103.0	3940
06.02.2020 00:00	105.0	109.0	98.0	106.0	1089
07.02.2020 00:00	108.0	108.0	104.0	105.0	121
10.02.2020 00:00	103.0	120.0	103.0	110.0	988
11.02.2020 00:00	105.0	115.0	104.0	110.0	683
12.02.2020 00:00	113.0	114.0	99.0	107.0	1232
13.02.2020 00:00	109.0	109.0	103.0	104.0	327
14.02.2020 00:00	103.0	103.0	101.0	102.0	147
17.02.2020 00:00	102.0	103.0	100.0	102.0	70
18.02.2020 00:00	100.0	102.0	97.0	100.0	775
19.02.2020 00:00	99.0	102.0	99.0	101.0	106
20.02.2020 00:00	99.0	102.0	99.0	100.0	150
21.02.2020 00:00	101.0	101.0	98.0	99.0	427
25.02.2020 00:00	98.0	98.0	96.0	96.0	209
26.02.2020 00:00	96.0	97.0	94.0	95.0	205
27.02.2020 00:00	95.0	96.0	92.0	92.0	233
28.02.2020 00:00	91.0	92.0	88.0	91.0	172
02.03.2020 00:00	90.0	93.0	90.0	92.0	92
03.03.2020 00:00	92.0	92.0	91.0	92.0	26
04.03.2020 00:00	91.0	92.0	91.0	91.0	8
05.03.2020 00:00	91.0	92.0	82.0	86.0	425
06.03.2020 00:00	87.0	91.0	85.0	88.0	435
10.03.2020 00:00	85.0	92.0	84.0	86.0	269
11.03.2020 00:00	86.0	86.0	86.0	86.0	5
12.03.2020 00:00	83.0	84.0	67.0	68.0	483
13.03.2020 00:00	75.0	80.0	66.0	76.0	108
16.03.2020 00:00	72.0	72.0	69.0	70.0	143
17.03.2020 00:00	71.0	72.0	70.0	71.0	61
18.03.2020 00:00	69.0	69.0	66.0	66.0	38
19.03.2020 00:00	69.0	72.0	66.0	72.0	18
20.03.2020 00:00	72.0	75.0	72.0	75.0	92
23.03.2020 00:00	68.0	73.0	68.0	73.0	22
24.03.2020 00:00	72.0	79.0	71.0	76.0	80
25.03.2020 00:00	76.0	78.0	70.0	73.0	181
26.03.2020 00:00	73.0	73.0	72.0	73.0	25
27.03.2020 00:00	74.0	74.0	73.0	73.0	29
30.03.2020 00:00	72.0	74.0	72.0	74.0	17
31.03.2020 00:00	74.0	75.0	69.0	74.0	279
01.04.2020 00:00	74.0	75.0	74.0	74.0	22
02.04.2020 00:00	74.0	75.0	73.0	74.0	32
03.04.2020 00:00	75.0	75.0	75.0	75.0	24
06.04.2020 00:00	76.0	77.0	68.0	77.0	558
07.04.2020 00:00	77.0	82.0	76.0	80.0	648
08.04.2020 00:00	82.0	82.0	76.0	80.0	178
09.04.2020 00:00	81.0	82.0	79.0	80.0	158
10.04.2020 00:00	80.0	85.0	80.0	82.0	704
13.04.2020 00:00	83.0	84.0	78.0	82.0	119
14.04.2020 00:00	81.0	82.0	80.0	81.0	98
15.04.2020 00:00	79.0	80.0	78.0	78.0	78
16.04.2020 00:00	79.0	81.0	78.0	80.0	62
17.04.2020 00:00	81.0	81.0	79.0	81.0	4
20.04.2020 00:00	82.0	82.0	80.0	80.0	24
21.04.2020 00:00	80.0	80.0	77.0	79.0	40
22.04.2020 00:00	77.0	79.0	77.0	79.0	4
23.04.2020 00:00	80.0	110.0	79.0	110.0	8984
24.04.2020 00:00	121.0	153.0	104.0	107.0	18740
27.04.2020 00:00	106.0	117.0	96.0	106.0	4350
28.04.2020 00:00	102.0	111.0	101.0	104.0	1560
29.04.2020 00:00	102.0	105.0	97.0	100.0	942
30.04.2020 00:00	101.0	102.0	95.0	97.0	1288
04.05.2020 00:00	98.0	100.0	97.0	100.0	155
05.05.2020 00:00	98.0	98.0	94.0	96.0	549
06.05.2020 00:00	96.0	97.0	93.0	94.0	267
07.05.2020 00:00	95.0	96.0	92.0	95.0	363
08.05.2020 00:00	95.0	98.0	94.0	96.0	160
12.05.2020 00:00	99.0	99.0	94.0	94.0	209
13.05.2020 00:00	95.0	103.0	94.0	102.0	403
14.05.2020 00:00	104.0	119.0	93.0	96.0	8260
15.05.2020 00:00	97.0	102.0	91.0	94.0	1853
18.05.2020 00:00	95.0	97.0	93.0	95.0	296
19.05.2020 00:00	96.0	97.0	94.0	95.0	151
20.05.2020 00:00	96.0	97.0	95.0	97.0	178
21.05.2020 00:00	96.0	97.0	95.0	96.0	112
22.05.2020 00:00	97.0	97.0	94.0	97.0	217
25.05.2020 00:00	97.0	100.0	96.0	96.0	36
26.05.2020 00:00	97.0	98.0	96.0	96.0	130
27.05.2020 00:00	96.0	97.0	95.0	96.0	85
28.05.2020 00:00	95.0	96.0	95.0	95.0	22
29.05.2020 00:00	95.0	96.0	94.0	95.0	76
01.06.2020 00:00	96.0	96.0	94.0	95.0	102
02.06.2020 00:00	96.0	96.0	94.0	95.0	37
03.06.2020 00:00	94.0	96.0	94.0	96.0	37
04.06.2020 00:00	95.0	95.0	95.0	95.0	12
05.06.2020 00:00	95.0	105.0	94.0	97.0	1275
08.06.2020 00:00	96.0	99.0	95.0	96.0	323
09.06.2020 00:00	96.0	97.0	93.0	95.0	425
10.06.2020 00:00	94.0	103.0	94.0	95.0	1654
11.06.2020 00:00	95.0	96.0	94.0	94.0	257
15.06.2020 00:00	94.0	96.0	93.0	95.0	262
16.06.2020 00:00	94.0	98.0	93.0	95.0	285
17.06.2020 00:00	96.0	97.0	95.0	96.0	108
18.06.2020 00:00	98.0	102.0	95.0	96.0	527
19.06.2020 00:00	97.0	98.0	95.0	96.0	161
22.06.2020 00:00	97.0	97.0	95.0	96.0	385
23.06.2020 00:00	95.0	97.0	95.0	97.0	64
25.06.2020 00:00	95.0	96.0	94.0	95.0	108
26.06.2020 00:00	95.0	95.0	94.0	95.0	38
29.06.2020 00:00	95.0	95.0	94.0	94.0	50
30.06.2020 00:00	94.0	95.0	94.0	95.0	61
02.07.2020 00:00	94.0	96.0	94.0	96.0	48
03.07.2020 00:00	95.0	96.0	95.0	95.0	97
06.07.2020 00:00	95.0	95.0	94.0	95.0	75
07.07.2020 00:00	95.0	95.0	94.0	94.0	105
08.07.2020 00:00	95.0	95.0	94.0	94.0	9
09.07.2020 00:00	94.0	94.0	94.0	94.0	37
10.07.2020 00:00	94.0	94.0	93.0	94.0	13
13.07.2020 00:00	95.0	95.0	94.0	95.0	20
14.07.2020 00:00	94.0	94.0	93.0	93.0	104
15.07.2020 00:00	93.0	95.0	93.0	95.0	69
16.07.2020 00:00	95.0	95.0	92.0	94.0	310
17.07.2020 00:00	94.0	94.0	94.0	94.0	2
20.07.2020 00:00	93.0	94.0	92.0	94.0	40
21.07.2020 00:00	93.0	94.0	92.0	94.0	57
22.07.2020 00:00	94.0	94.0	93.0	94.0	121
23.07.2020 00:00	93.0	94.0	93.0	93.0	182
24.07.2020 00:00	92.0	94.0	91.0	93.0	163
27.07.2020 00:00	92.0	93.0	91.0	93.0	58
28.07.2020 00:00	93.0	93.0	93.0	93.0	2
29.07.2020 00:00	93.0	93.0	90.0	93.0	291
30.07.2020 00:00	92.0	94.0	92.0	93.0	579
31.07.2020 00:00	93.0	93.0	92.0	93.0	34
03.08.2020 00:00	93.0	128.0	93.0	115.0	16511
04.08.2020 00:00	115.0	115.0	99.0	103.0	5050
05.08.2020 00:00	101.0	102.0	98.0	100.0	1217
06.08.2020 00:00	99.0	101.0	98.0	100.0	890
07.08.2020 00:00	99.0	104.0	97.0	100.0	1337
10.08.2020 00:00	100.0	104.0	99.0	100.0	400
11.08.2020 00:00	102.0	102.0	99.0	100.0	515
12.08.2020 00:00	99.0	100.0	99.0	100.0	420
13.08.2020 00:00	100.0	100.0	99.0	99.0	148
14.08.2020 00:00	100.0	109.0	100.0	105.0	2597
17.08.2020 00:00	105.0	107.0	100.0	105.0	5439
18.08.2020 00:00	105.0	106.0	102.0	104.0	218
19.08.2020 00:00	102.0	105.0	102.0	103.0	100
20.08.2020 00:00	102.0	102.0	101.0	101.0	80
21.08.2020 00:00	102.0	103.0	101.0	101.0	115
24.08.2020 00:00	102.0	102.0	101.0	101.0	23
25.08.2020 00:00	102.0	111.0	98.0	106.0	1090
26.08.2020 00:00	106.0	108.0	103.0	107.0	316
27.08.2020 00:00	108.0	117.0	105.0	109.0	1040
28.08.2020 00:00	108.0	112.0	101.0	103.0	922
31.08.2020 00:00	103.0	107.0	103.0	106.0	233
01.09.2020 00:00	105.0	108.0	102.0	106.0	315
02.09.2020 00:00	107.0	125.0	107.0	118.0	10462
03.09.2020 00:00	128.0	128.0	104.0	105.0	2706
04.09.2020 00:00	104.0	109.0	103.0	105.0	603
07.09.2020 00:00	107.0	109.0	101.0	105.0	465
08.09.2020 00:00	103.0	107.0	103.0	104.0	271
09.09.2020 00:00	103.0	109.0	103.0	109.0	129
10.09.2020 00:00	110.0	112.0	106.0	108.0	259
11.09.2020 00:00	115.0	120.0	107.0	109.0	893
14.09.2020 00:00	112.0	112.0	106.0	109.0	123
15.09.2020 00:00	107.0	108.0	103.0	105.0	881
16.09.2020 00:00	107.0	107.0	103.0	106.0	276
17.09.2020 00:00	105.0	107.0	104.0	105.0	260
18.09.2020 00:00	105.0	107.0	105.0	105.0	110
21.09.2020 00:00	104.0	107.0	104.0	106.0	166
22.09.2020 00:00	105.0	107.0	104.0	105.0	136
23.09.2020 00:00	105.0	105.0	104.0	105.0	167
24.09.2020 00:00	104.0	110.0	103.0	104.0	680
25.09.2020 00:00	104.0	106.0	104.0	105.0	112
28.09.2020 00:00	105.0	106.0	104.0	105.0	70
29.09.2020 00:00	104.0	105.0	103.0	105.0	235
30.09.2020 00:00	105.0	105.0	103.0	104.0	36
01.10.2020 00:00	105.0	105.0	103.0	104.0	71
02.10.2020 00:00	103.0	105.0	103.0	104.0	31
05.10.2020 00:00	105.0	105.0	104.0	105.0	37
06.10.2020 00:00	105.0	110.0	103.0	105.0	860
07.10.2020 00:00	106.0	106.0	104.0	105.0	62
08.10.2020 00:00	104.0	104.0	102.0	103.0	268
09.10.2020 00:00	103.0	104.0	102.0	103.0	55
12.10.2020 00:00	103.0	105.0	103.0	105.0	56
13.10.2020 00:00	103.0	104.0	102.0	104.0	181
14.10.2020 00:00	103.0	104.0	102.0	102.0	125
15.10.2020 00:00	103.0	103.0	102.0	102.0	273
16.10.2020 00:00	102.0	103.0	102.0	103.0	89
19.10.2020 00:00	102.0	103.0	102.0	103.0	12
20.10.2020 00:00	102.0	103.0	101.0	103.0	229
21.10.2020 00:00	103.0	103.0	101.0	102.0	51
22.10.2020 00:00	101.0	103.0	101.0	102.0	45
23.10.2020 00:00	102.0	103.0	101.0	103.0	12
26.10.2020 00:00	102.0	103.0	102.0	103.0	14
27.10.2020 00:00	101.0	103.0	101.0	102.0	7
28.10.2020 00:00	101.0	103.0	95.0	97.0	344
29.10.2020 00:00	97.0	97.0	93.0	95.0	238
30.10.2020 00:00	95.0	95.0	90.0	93.0	529
02.11.2020 00:00	91.0	92.0	90.0	92.0	169
03.11.2020 00:00	92.0	93.0	92.0	93.0	169
05.11.2020 00:00	93.0	96.0	93.0	96.0	908
06.11.2020 00:00	94.0	95.0	93.0	95.0	228
09.11.2020 00:00	95.0	96.0	94.0	96.0	444
10.11.2020 00:00	96.0	96.0	94.0	96.0	56
11.11.2020 00:00	95.0	96.0	94.0	96.0	158
12.11.2020 00:00	95.0	101.0	95.0	100.0	420
13.11.2020 00:00	100.0	100.0	98.0	100.0	94
16.11.2020 00:00	99.0	101.0	96.0	100.0	576
17.11.2020 00:00	100.0	105.0	99.0	100.0	86
18.11.2020 00:00	100.0	101.0	97.0	99.0	294
19.11.2020 00:00	99.0	100.0	99.0	100.0	40
20.11.2020 00:00	99.0	100.0	96.0	100.0	3322
23.11.2020 00:00	100.0	100.0	98.0	99.0	281
24.11.2020 00:00	99.0	99.0	98.0	99.0	63
25.11.2020 00:00	98.0	99.0	97.0	99.0	63
26.11.2020 00:00	99.0	100.0	98.0	99.0	221
27.11.2020 00:00	98.0	99.0	98.0	99.0	94
30.11.2020 00:00	99.0	99.0	96.0	99.0	178
01.12.2020 00:00	98.0	99.0	97.0	99.0	191
02.12.2020 00:00	98.0	99.0	97.0	99.0	49
03.12.2020 00:00	99.0	99.0	98.0	99.0	26
04.12.2020 00:00	99.0	99.0	98.0	99.0	94
07.12.2020 00:00	99.0	100.0	97.0	99.0	185
08.12.2020 00:00	99.0	100.0	98.0	99.0	75
09.12.2020 00:00	98.0	99.0	97.0	98.0	100
10.12.2020 00:00	97.0	99.0	97.0	97.0	131
11.12.2020 00:00	97.0	100.0	97.0	99.0	130
14.12.2020 00:00	97.0	98.0	97.0	98.0	91
15.12.2020 00:00	98.0	99.0	98.0	99.0	81
16.12.2020 00:00	98.0	99.0	97.0	98.0	257
17.12.2020 00:00	99.0	99.0	97.0	99.0	31
18.12.2020 00:00	99.0	100.0	98.0	99.0	86
21.12.2020 00:00	99.0	103.0	96.0	98.0	690
22.12.2020 00:00	98.0	99.0	97.0	98.0	143
23.12.2020 00:00	98.0	100.0	98.0	99.0	205
24.12.2020 00:00	100.0	104.0	98.0	100.0	747
25.12.2020 00:00	100.0	100.0	98.0	99.0	189
28.12.2020 00:00	100.0	100.0	99.0	99.0	21
29.12.2020 00:00	99.0	102.0	99.0	101.0	190
30.12.2020 00:00	100.0	101.0	97.0	99.0	333
04.01.2021 00:00	99.0	100.0	97.0	100.0	220
05.01.2021 00:00	99.0	115.0	99.0	104.0	2555
06.01.2021 00:00	102.0	105.0	102.0	102.0	97
08.01.2021 00:00	103.0	103.0	99.0	101.0	411
11.01.2021 00:00	101.0	101.0	98.0	100.0	450
12.01.2021 00:00	99.0	101.0	99.0	100.0	197
13.01.2021 00:00	100.0	101.0	99.0	101.0	189
14.01.2021 00:00	101.0	101.0	99.0	100.0	111
15.01.2021 00:00	99.0	100.0	96.0	99.0	782
18.01.2021 00:00	100.0	100.0	98.0	99.0	98
19.01.2021 00:00	98.0	99.0	98.0	99.0	3
20.01.2021 00:00	98.0	99.0	98.0	99.0	124
21.01.2021 00:00	99.0	108.0	99.0	102.0	2897
22.01.2021 00:00	103.0	112.0	100.0	101.0	1704
25.01.2021 00:00	102.0	105.0	101.0	101.0	493
26.01.2021 00:00	101.0	102.0	100.0	102.0	190
27.01.2021 00:00	102.0	102.0	100.0	100.0	87
28.01.2021 00:00	100.0	100.0	98.0	98.0	302
29.01.2021 00:00	99.0	105.0	98.0	100.0	612
01.02.2021 00:00	99.0	100.5	98.5	99.0	334
02.02.2021 00:00	99.0	99.5	98.0	98.5	99
03.02.2021 00:00	99.0	100.0	98.5	99.5	178
04.02.2021 00:00	98.5	112.5	98.5	100.5	14117
05.02.2021 00:00	100.0	104.5	100.0	100.5	957
08.02.2021 00:00	101.5	102.0	98.0	99.0	3432
09.02.2021 00:00	99.0	102.0	98.0	99.0	1314
10.02.2021 00:00	98.5	99.0	97.5	97.5	661
11.02.2021 00:00	98.5	101.0	98.0	99.0	1388
12.02.2021 00:00	99.0	99.0	98.0	99.0	550
15.02.2021 00:00	99.0	99.0	98.0	99.0	91
16.02.2021 00:00	98.0	99.0	98.0	99.0	104
17.02.2021 00:00	99.0	99.0	98.0	99.0	84
18.02.2021 00:00	98.0	99.0	98.0	99.0	72
19.02.2021 00:00	99.0	99.0	98.5	99.0	840
20.02.2021 00:00	99.0	99.0	98.5	99.0	250
22.02.2021 00:00	99.0	99.0	98.0	98.5	136
24.02.2021 00:00	98.5	101.0	98.0	100.5	306
25.02.2021 00:00	100.5	101.5	98.0	99.0	299
26.02.2021 00:00	98.0	99.0	97.5	98.0	332
01.03.2021 00:00	98.0	99.0	98.0	99.0	110
02.03.2021 00:00	97.5	99.0	97.5	99.0	25
03.03.2021 00:00	99.0	99.0	97.5	98.5	22
04.03.2021 00:00	98.0	99.0	97.5	98.0	143
05.03.2021 00:00	97.5	98.5	95.0	96.0	412
09.03.2021 00:00	96.5	97.0	96.0	97.0	336
10.03.2021 00:00	97.0	97.5	95.5	96.0	213
11.03.2021 00:00	96.5	97.5	96.0	97.0	74
12.03.2021 00:00	97.0	97.0	93.0	95.0	952
15.03.2021 00:00	95.0	96.0	95.0	95.0	126
16.03.2021 00:00	96.0	96.5	94.5	95.0	140
17.03.2021 00:00	95.5	100.0	94.5	95.0	714
18.03.2021 00:00	94.5	95.0	93.5	95.0	87
19.03.2021 00:00	95.0	95.0	93.5	95.0	169
22.03.2021 00:00	95.0	95.0	94.0	95.0	16
23.03.2021 00:00	95.0	95.0	92.5	95.0	89
24.03.2021 00:00	94.5	94.5	93.0	94.5	129
25.03.2021 00:00	94.5	94.5	89.5	90.0	1048
26.03.2021 00:00	90.5	94.0	90.0	92.0	596
29.03.2021 00:00	92.0	92.0	89.5	91.5	409
30.03.2021 00:00	91.0	92.0	89.5	91.0	570
31.03.2021 00:00	91.0	92.5	90.0	92.5	750
01.04.2021 00:00	92.5	96.0	91.5	93.5	1763
02.04.2021 00:00	93.5	94.0	92.5	94.0	149
05.04.2021 00:00	93.0	96.0	93.0	96.0	313
06.04.2021 00:00	96.0	96.0	93.0	94.0	182
07.04.2021 00:00	93.0	94.0	90.0	92.5	2616
08.04.2021 00:00	92.0	92.5	91.5	92.0	81
09.04.2021 00:00	92.0	92.5	91.0	92.5	87
12.04.2021 00:00	92.5	93.0	91.5	92.5	126
13.04.2021 00:00	92.0	92.5	91.0	92.0	29
14.04.2021 00:00	92.5	92.5	91.0	92.5	66
15.04.2021 00:00	92.5	93.0	92.0	93.0	112
16.04.2021 00:00	92.5	93.0	92.0	93.0	155
19.04.2021 00:00	92.5	94.0	92.0	93.0	218
20.04.2021 00:00	94.0	94.0	92.0	93.5	224
21.04.2021 00:00	92.5	92.5	91.5	92.5	460
22.04.2021 00:00	92.0	95.0	91.5	95.0	465
23.04.2021 00:00	95.0	95.5	90.5	95.0	699
26.04.2021 00:00	93.5	96.5	93.5	96.5	310
27.04.2021 00:00	96.5	97.0	93.0	95.0	315
28.04.2021 00:00	95.0	96.0	93.5	94.0	221
29.04.2021 00:00	95.0	95.0	93.5	94.0	234
30.04.2021 00:00	93.0	94.0	93.0	94.0	38
04.05.2021 00:00	93.0	94.0	93.0	93.0	8
05.05.2021 00:00	93.0	95.0	93.0	93.5	47
06.05.2021 00:00	93.5	94.5	93.5	94.5	18
07.05.2021 00:00	93.0	95.0	93.0	95.0	84
10.05.2021 00:00	95.5	95.5	94.0	94.0	59
11.05.2021 00:00	93.5	94.5	93.5	94.0	30
12.05.2021 00:00	94.5	94.5	93.5	94.5	15
13.05.2021 00:00	94.5	94.5	93.5	94.0	75
14.05.2021 00:00	94.0	94.0	93.0	94.0	35
17.05.2021 00:00	94.5	95.5	94.0	95.0	173
18.05.2021 00:00	94.5	94.5	94.0	94.5	39
19.05.2021 00:00	95.0	95.0	94.0	95.0	45
20.05.2021 00:00	94.0	95.0	94.0	94.5	27
21.05.2021 00:00	94.5	95.0	94.0	94.5	52
24.05.2021 00:00	94.0	95.0	93.5	94.5	25
25.05.2021 00:00	94.5	96.0	94.0	95.5	211
26.05.2021 00:00	97.0	97.0	94.0	96.0	111
27.05.2021 00:00	95.0	98.0	95.0	97.5	408
28.05.2021 00:00	95.0	98.5	95.0	96.5	68
31.05.2021 00:00	97.5	98.0	96.5	98.0	79
01.06.2021 00:00	98.0	98.0	96.0	96.0	152
02.06.2021 00:00	96.5	96.5	95.5	96.0	44
03.06.2021 00:00	96.0	96.0	95.0	96.0	122
04.06.2021 00:00	95.5	96.0	95.0	96.0	48
07.06.2021 00:00	95.5	96.0	95.5	96.0	32
08.06.2021 00:00	96.0	96.5	95.5	95.5	169
09.06.2021 00:00	96.5	96.5	95.0	96.0	34
10.06.2021 00:00	96.0	96.5	95.0	96.0	29
11.06.2021 00:00	96.5	96.5	95.0	96.0	48
14.06.2021 00:00	95.5	96.5	94.5	96.0	166
15.06.2021 00:00	95.0	96.0	95.0	96.0	43
16.06.2021 00:00	95.0	96.0	95.0	96.0	59
17.06.2021 00:00	96.0	96.5	95.5	96.0	70
18.06.2021 00:00	95.5	96.5	95.0	96.0	117
21.06.2021 00:00	95.5	96.0	95.0	96.0	37
22.06.2021 00:00	95.0	95.5	94.5	95.0	41
23.06.2021 00:00	95.5	95.5	94.0	95.0	79
24.06.2021 00:00	94.5	94.5	93.0	93.0	124
25.06.2021 00:00	93.5	94.0	93.0	93.5	62
28.06.2021 00:00	92.5	93.0	92.0	93.0	42
29.06.2021 00:00	92.5	92.5	91.5	92.0	75
30.06.2021 00:00	91.5	92.0	91.5	92.0	19
01.07.2021 00:00	91.0	92.0	91.0	92.0	12
02.07.2021 00:00	91.5	92.0	90.5	91.5	45
05.07.2021 00:00	91.5	91.5	91.0	91.0	8
06.07.2021 00:00	91.5	91.5	89.5	90.0	154
07.07.2021 00:00	89.5	90.5	89.0	89.0	85
08.07.2021 00:00	89.5	89.5	89.0	89.5	30
09.07.2021 00:00	88.5	91.5	88.5	91.5	57
12.07.2021 00:00	90.0	91.5	90.0	91.5	37
13.07.2021 00:00	91.5	95.0	89.0	93.0	483
14.07.2021 00:00	93.0	96.5	92.5	94.5	143
15.07.2021 00:00	96.0	96.0	93.5	95.5	40
16.07.2021 00:00	94.0	95.0	94.0	94.5	12
19.07.2021 00:00	93.0	93.5	92.0	93.5	83
20.07.2021 00:00	93.5	93.5	92.0	93.5	23
21.07.2021 00:00	93.5	94.0	93.5	93.5	42
22.07.2021 00:00	92.5	94.0	92.0	92.5	18
23.07.2021 00:00	92.0	93.5	89.5	93.0	92
26.07.2021 00:00	92.0	93.0	92.0	93.0	14
27.07.2021 00:00	92.5	93.0	92.5	93.0	32
28.07.2021 00:00	93.0	93.5	92.5	93.5	27
29.07.2021 00:00	93.5	97.0	93.5	95.5	256
30.07.2021 00:00	95.0	96.0	86.5	93.5	277
02.08.2021 00:00	91.0	93.5	89.0	93.5	91
03.08.2021 00:00	93.5	94.5	93.5	94.5	46
04.08.2021 00:00	94.0	94.5	90.0	94.0	90
05.08.2021 00:00	93.5	94.0	92.5	93.0	18
06.08.2021 00:00	93.5	94.0	93.5	93.5	22
09.08.2021 00:00	93.0	94.0	91.5	94.0	130
10.08.2021 00:00	94.0	94.0	94.0	94.0	34
11.08.2021 00:00	93.5	94.5	93.5	94.5	112
12.08.2021 00:00	94.0	95.0	93.5	95.0	27
13.08.2021 00:00	94.0	95.0	93.0	93.5	59
16.08.2021 00:00	94.0	96.0	94.0	95.0	118
17.08.2021 00:00	95.5	95.5	93.5	95.0	53
18.08.2021 00:00	94.0	95.0	94.0	95.0	93
19.08.2021 00:00	95.0	95.0	91.5	93.0	229
20.08.2021 00:00	93.0	93.5	93.0	93.5	12
23.08.2021 00:00	92.5	93.5	92.0	92.5	84
24.08.2021 00:00	92.0	107.0	92.0	96.0	4335
25.08.2021 00:00	96.5	103.5	94.0	96.0	1632
26.08.2021 00:00	96.0	101.0	92.5	94.5	2100
27.08.2021 00:00	97.5	97.5	92.0	95.0	1162
30.08.2021 00:00	94.0	101.0	93.0	97.5	2224
31.08.2021 00:00	100.5	107.0	98.0	105.0	2616
01.09.2021 00:00	105.0	106.5	97.5	99.0	1099
02.09.2021 00:00	99.5	99.5	96.5	98.0	602
03.09.2021 00:00	97.0	100.0	95.0	98.5	998
06.09.2021 00:00	98.5	101.0	97.5	98.5	339
07.09.2021 00:00	98.0	100.0	97.0	99.0	335
08.09.2021 00:00	98.5	99.0	95.0	98.0	1166
09.09.2021 00:00	98.0	98.5	97.0	98.0	48
10.09.2021 00:00	98.0	102.0	97.5	97.5	329
13.09.2021 00:00	99.0	106.0	98.5	101.0	842
14.09.2021 00:00	102.5	105.0	99.5	102.5	295
15.09.2021 00:00	101.5	103.0	96.0	100.0	476
16.09.2021 00:00	100.0	100.5	97.0	98.0	175
17.09.2021 00:00	98.0	98.5	96.0	97.0	327
20.09.2021 00:00	97.5	99.5	96.5	97.5	460
21.09.2021 00:00	97.5	99.0	96.5	98.5	244
22.09.2021 00:00	99.0	100.5	98.5	100.0	82
23.09.2021 00:00	99.0	100.5	96.5	98.0	772
24.09.2021 00:00	98.0	100.0	97.5	98.5	171
27.09.2021 00:00	99.0	101.0	98.5	99.5	98
28.09.2021 00:00	99.5	101.5	97.5	98.5	421
29.09.2021 00:00	98.5	99.5	98.0	98.5	49
30.09.2021 00:00	99.0	100.5	98.5	100.5	160
01.10.2021 00:00	99.0	100.5	99.0	99.0	51
04.10.2021 00:00	100.0	101.5	99.0	99.5	199
05.10.2021 00:00	100.0	103.5	100.0	102.0	360
06.10.2021 00:00	103.5	107.0	101.5	103.5	1411
07.10.2021 00:00	103.0	106.5	103.0	104.0	558
08.10.2021 00:00	104.5	110.0	104.5	108.0	2599
11.10.2021 00:00	108.0	113.5	105.5	111.0	1485
12.10.2021 00:00	112.0	113.5	108.0	110.5	582
13.10.2021 00:00	108.5	114.5	107.5	112.5	564
14.10.2021 00:00	112.5	113.5	108.5	112.0	526
15.10.2021 00:00	112.0	113.0	110.0	110.0	311
18.10.2021 00:00	111.5	115.0	110.0	112.5	146
19.10.2021 00:00	112.0	114.5	111.5	114.5	301
20.10.2021 00:00	113.5	116.0	106.5	110.5	549
21.10.2021 00:00	110.0	113.0	108.5	110.0	204
22.10.2021 00:00	110.0	110.5	109.0	109.5	52
25.10.2021 00:00	110.0	112.5	109.0	111.0	141
26.10.2021 00:00	112.0	115.0	110.5	112.5	188
27.10.2021 00:00	113.5	114.0	110.0	112.0	147
28.10.2021 00:00	112.0	112.0	110.0	110.5	19
29.10.2021 00:00	110.5	111.0	110.5	110.5	14
01.11.2021 00:00	110.0	115.0	110.0	111.5	177
02.11.2021 00:00	111.5	115.5	108.0	110.0	264
03.11.2021 00:00	110.5	124.5	108.5	122.0	2494
05.11.2021 00:00	124.0	164.0	120.0	133.5	41277
08.11.2021 00:00	133.0	137.0	121.5	129.0	5882
09.11.2021 00:00	129.5	144.5	125.5	129.0	5365
10.11.2021 00:00	127.0	132.5	122.5	125.5	2071
11.11.2021 00:00	132.0	132.0	119.0	119.0	3279
12.11.2021 00:00	117.5	130.0	114.0	122.0	2989
15.11.2021 00:00	129.0	150.0	124.0	135.5	10913
16.11.2021 00:00	140.0	142.0	132.0	134.0	2011
17.11.2021 00:00	131.5	135.0	129.5	130.5	505
18.11.2021 00:00	129.5	138.0	126.0	128.5	1216
19.11.2021 00:00	129.5	135.0	124.0	125.5	652
22.11.2021 00:00	124.5	146.0	121.5	129.0	4972
23.11.2021 00:00	126.5	133.0	123.5	128.0	1112
24.11.2021 00:00	130.0	138.0	128.5	130.5	1524
25.11.2021 00:00	132.5	135.0	130.0	131.0	522
26.11.2021 00:00	131.0	132.0	124.0	124.5	765
29.11.2021 00:00	126.5	128.5	120.5	123.0	766
30.11.2021 00:00	128.0	128.0	118.0	122.0	765
01.12.2021 00:00	125.5	126.5	121.0	126.5	739
02.12.2021 00:00	127.5	155.0	124.5	147.0	7827
03.12.2021 00:00	140.0	161.5	134.0	137.0	2264
06.12.2021 00:00	137.0	157.5	134.5	144.5	2451
07.12.2021 00:00	146.0	148.5	138.0	146.5	1262
08.12.2021 00:00	143.5	147.0	138.0	140.0	447
09.12.2021 00:00	138.0	139.5	130.0	131.0	1708
10.12.2021 00:00	131.0	181.5	126.0	147.0	20033
13.12.2021 00:00	147.0	175.0	146.5	155.0	13647
14.12.2021 00:00	154.0	158.0	143.0	151.0	3558
15.12.2021 00:00	151.0	153.0	142.0	145.0	2336
16.12.2021 00:00	145.5	151.0	140.0	143.5	2463
17.12.2021 00:00	144.5	145.5	137.5	140.0	1484
20.12.2021 00:00	135.5	149.5	135.5	136.5	1157
21.12.2021 00:00	136.0	143.5	136.0	137.0	1176
22.12.2021 00:00	137.5	154.0	136.5	151.5	6045
23.12.2021 00:00	153.0	157.5	145.0	151.5	2888
24.12.2021 00:00	152.0	152.0	144.0	146.0	1348
27.12.2021 00:00	147.5	150.0	144.5	146.0	1223
28.12.2021 00:00	146.0	147.0	142.0	146.0	1120
29.12.2021 00:00	145.5	145.5	138.5	142.0	363
30.12.2021 00:00	143.0	151.0	141.0	144.5	698
03.01.2022 00:00	151.5	152.5	145.0	147.0	583
04.01.2022 00:00	150.5	150.5	144.5	145.0	473
05.01.2022 00:00	146.5	156.0	145.0	150.0	2702
06.01.2022 00:00	152.0	156.0	147.5	150.0	420
10.01.2022 00:00	151.5	152.0	140.5	142.5	2552
11.01.2022 00:00	143.0	143.5	137.5	140.0	2614
12.01.2022 00:00	140.5	141.5	136.0	139.0	1286
13.01.2022 00:00	138.0	142.0	136.0	138.5	1032
14.01.2022 00:00	138.5	141.0	130.5	134.0	1638
17.01.2022 00:00	135.0	137.5	131.0	133.5	518
18.01.2022 00:00	132.5	133.5	128.5	130.0	448
19.01.2022 00:00	126.5	134.0	122.0	131.0	1049
20.01.2022 00:00	132.5	135.0	130.5	134.0	389
21.01.2022 00:00	133.0	133.5	131.0	132.5	44
24.01.2022 00:00	130.5	133.0	119.5	127.5	765
25.01.2022 00:00	128.5	130.0	118.5	120.0	684
26.01.2022 00:00	125.0	132.0	124.0	129.0	500
27.01.2022 00:00	128.5	137.0	127.0	133.0	349
28.01.2022 00:00	132.5	136.5	126.5	129.0	481
31.01.2022 00:00	130.5	135.5	130.0	131.0	324
01.02.2022 00:00	132.5	140.5	130.0	139.0	555
02.02.2022 00:00	140.0	140.0	134.0	138.0	284
03.02.2022 00:00	136.0	138.0	135.0	135.0	114
04.02.2022 00:00	136.0	142.0	132.0	139.0	640
07.02.2022 00:00	141.5	141.5	133.0	136.0	447
08.02.2022 00:00	139.0	139.0	133.0	134.5	751
09.02.2022 00:00	139.5	140.0	133.0	134.0	753
10.02.2022 00:00	134.0	134.0	129.5	130.5	511
11.02.2022 00:00	130.0	130.0	125.0	128.5	671
14.02.2022 00:00	127.0	127.0	124.0	126.0	224
15.02.2022 00:00	126.5	128.5	120.5	125.0	1077
16.02.2022 00:00	125.0	129.0	124.5	126.5	384
17.02.2022 00:00	126.5	127.0	124.5	126.0	68
18.02.2022 00:00	125.5	126.0	122.5	123.5	255
21.02.2022 00:00	124.0	124.0	107.0	109.0	1473
22.02.2022 00:00	109.0	109.5	92.0	105.5	2424
24.02.2022 00:00	96.5	97.5	75.5	77.5	823
25.02.2022 00:00	84.5	95.5	82.0	89.5	717
28.03.2022 00:00	83.0	91.0	67.5	88.0	1237
29.03.2022 00:00	89.5	94.5	86.0	90.5	734
30.03.2022 00:00	99.0	99.0	91.0	93.0	995
31.03.2022 00:00	96.0	117.5	93.5	114.0	2410
01.04.2022 00:00	116.5	118.0	107.5	112.5	563
04.04.2022 00:00	108.5	115.0	102.0	106.0	948
05.04.2022 00:00	108.0	108.0	98.5	100.5	719
06.04.2022 00:00	100.5	103.5	97.5	100.0	304
07.04.2022 00:00	101.0	107.0	97.5	106.0	422
08.04.2022 00:00	105.5	106.5	93.0	100.5	1840
11.04.2022 00:00	100.0	109.5	94.0	98.0	2424
12.04.2022 00:00	100.0	102.5	95.5	100.0	663
13.04.2022 00:00	104.0	104.0	95.0	100.0	530
14.04.2022 00:00	98.5	103.0	95.5	100.0	727
15.04.2022 00:00	101.0	101.0	94.0	98.5	511
18.04.2022 00:00	98.5	101.0	97.0	98.5	130
19.04.2022 00:00	98.5	99.5	92.5	96.5	1696
20.04.2022 00:00	96.5	105.0	94.0	99.0	791
21.04.2022 00:00	98.5	100.0	96.0	97.0	742
22.04.2022 00:00	97.0	107.0	97.0	99.5	1083
25.04.2022 00:00	99.5	99.5	96.0	98.0	287
26.04.2022 00:00	98.5	103.5	97.0	100.0	1170
27.04.2022 00:00	100.5	102.5	100.5	102.0	222
28.04.2022 00:00	102.0	103.5	97.5	99.5	315
29.04.2022 00:00	98.5	100.5	96.0	100.0	196
04.05.2022 00:00	101.0	102.0	98.0	99.0	241
05.05.2022 00:00	99.0	102.0	99.0	100.0	150
06.05.2022 00:00	98.5	100.5	98.5	100.0	94
11.05.2022 00:00	99.0	99.0	97.5	97.5	211
12.05.2022 00:00	98.0	98.0	96.0	97.0	405
13.05.2022 00:00	97.0	97.5	95.0	96.0	136
16.05.2022 00:00	96.0	96.5	95.5	96.0	86
17.05.2022 00:00	95.5	99.0	95.0	99.0	183
18.05.2022 00:00	97.5	99.0	97.0	99.0	174
19.05.2022 00:00	97.5	97.5	95.5	96.5	199
20.05.2022 00:00	97.5	97.5	95.5	96.0	60
23.05.2022 00:00	96.0	96.5	95.5	96.5	68
24.05.2022 00:00	95.5	96.5	94.5	95.5	117
25.05.2022 00:00	95.5	96.0	94.5	95.5	74
26.05.2022 00:00	94.5	96.0	94.5	95.5	72
27.05.2022 00:00	95.0	96.0	94.0	94.5	97
30.05.2022 00:00	95.0	95.0	94.0	94.0	83
31.05.2022 00:00	94.0	95.0	94.0	94.0	25
01.06.2022 00:00	95.0	95.0	94.0	94.5	89
02.06.2022 00:00	95.0	95.0	94.0	94.0	28
03.06.2022 00:00	93.5	94.5	93.5	94.0	12
06.06.2022 00:00	94.5	94.5	93.5	93.5	41
07.06.2022 00:00	93.0	93.0	90.5	91.5	260
08.06.2022 00:00	91.5	96.0	91.5	92.5	454
09.06.2022 00:00	93.0	94.0	92.0	93.0	71
10.06.2022 00:00	93.0	93.0	92.0	92.0	14
14.06.2022 00:00	92.5	92.5	92.0	92.5	76
15.06.2022 00:00	92.0	93.0	92.0	92.0	13
16.06.2022 00:00	93.0	94.0	93.0	93.5	98
17.06.2022 00:00	94.5	94.5	93.0	94.0	38
20.06.2022 00:00	94.0	95.5	91.5	93.0	747
21.06.2022 00:00	93.0	93.0	91.5	92.0	340
22.06.2022 00:00	92.5	92.5	90.5	92.0	499
23.06.2022 00:00	92.0	93.0	90.5	90.5	315
24.06.2022 00:00	91.0	92.0	90.5	91.5	115
27.06.2022 00:00	92.0	92.0	91.0	92.0	284
28.06.2022 00:00	92.0	92.0	90.5	91.0	57
29.06.2022 00:00	90.5	91.0	88.0	90.0	172
30.06.2022 00:00	90.0	90.0	86.0	87.5	367
01.07.2022 00:00	87.0	94.0	87.0	90.5	592
04.07.2022 00:00	90.0	93.0	88.0	90.0	670
05.07.2022 00:00	90.5	90.5	88.0	89.5	263
06.07.2022 00:00	90.0	90.5	88.0	88.5	205
07.07.2022 00:00	88.5	89.5	86.5	88.5	467
08.07.2022 00:00	88.5	88.5	87.5	88.0	138
11.07.2022 00:00	88.0	88.0	86.0	87.5	157
12.07.2022 00:00	87.5	88.5	85.0	86.5	329
13.07.2022 00:00	85.5	86.5	84.0	84.5	422
14.07.2022 00:00	84.5	85.0	80.0	83.5	513
15.07.2022 00:00	83.5	84.5	80.0	81.5	1050
18.07.2022 00:00	82.0	86.0	79.5	84.5	669
19.07.2022 00:00	84.0	84.0	82.5	83.5	171
20.07.2022 00:00	84.0	84.0	80.0	82.5	769
21.07.2022 00:00	82.5	82.5	79.5	81.0	205
22.07.2022 00:00	81.0	82.5	80.0	81.5	371
25.07.2022 00:00	81.5	82.0	78.0	80.0	872
26.07.2022 00:00	80.0	81.0	80.0	81.0	55
27.07.2022 00:00	81.0	82.0	80.5	81.0	229
28.07.2022 00:00	82.0	83.0	82.0	82.5	207
29.07.2022 00:00	83.0	83.5	82.5	83.0	407
01.08.2022 00:00	83.5	87.5	83.0	85.0	766
02.08.2022 00:00	85.0	85.0	83.5	84.5	73
03.08.2022 00:00	84.5	88.0	83.5	86.5	324
04.08.2022 00:00	86.5	88.5	84.0	85.0	461
05.08.2022 00:00	85.0	85.0	82.0	82.5	297
08.08.2022 00:00	82.0	85.5	82.0	85.0	436
09.08.2022 00:00	85.0	86.5	85.0	85.5	191
10.08.2022 00:00	85.5	86.0	85.0	86.0	71
11.08.2022 00:00	85.0	88.0	84.5	85.5	510
12.08.2022 00:00	86.0	87.5	85.0	87.0	340
15.08.2022 00:00	87.0	98.5	86.0	93.5	2877
16.08.2022 00:00	93.0	94.5	90.0	92.5	1046
17.08.2022 00:00	93.0	93.5	90.0	92.0	493
18.08.2022 00:00	90.0	95.0	90.0	93.0	1013
19.08.2022 00:00	93.0	95.0	92.0	92.0	241
22.08.2022 00:00	92.0	93.0	91.5	92.0	83
23.08.2022 00:00	92.0	94.0	91.5	92.0	561
24.08.2022 00:00	92.5	94.0	90.0	93.5	767
25.08.2022 00:00	92.5	94.0	92.0	92.5	163
26.08.2022 00:00	92.5	93.0	92.0	92.0	52
29.08.2022 00:00	92.0	92.0	89.5	91.5	370
30.08.2022 00:00	92.0	92.0	90.0	92.0	443
31.08.2022 00:00	92.0	92.0	89.5	91.5	343
01.09.2022 00:00	90.5	91.0	89.0	91.0	270
02.09.2022 00:00	90.0	96.0	90.0	93.0	1019
05.09.2022 00:00	93.0	94.5	91.0	92.5	563
06.09.2022 00:00	92.5	96.0	91.5	92.5	1241
07.09.2022 00:00	92.5	92.5	91.0	92.5	255
08.09.2022 00:00	92.5	93.5	91.5	92.5	153
09.09.2022 00:00	92.5	94.0	91.5	94.0	350
12.09.2022 00:00	94.0	109.0	93.0	99.5	4191
13.09.2022 00:00	99.0	100.5	93.5	98.0	2005
14.09.2022 00:00	96.5	97.5	94.0	97.0	755
15.09.2022 00:00	96.0	96.0	92.5	96.0	627
16.09.2022 00:00	95.0	98.5	95.0	96.5	347
19.09.2022 00:00	95.5	98.5	95.0	97.5	493
20.09.2022 00:00	97.5	97.5	90.0	91.0	1031
21.09.2022 00:00	86.5	90.0	82.0	86.0	1271
22.09.2022 00:00	86.5	89.5	84.5	86.0	749
23.09.2022 00:00	86.0	86.5	74.5	81.0	1259
26.09.2022 00:00	80.0	80.0	74.0	78.5	564
27.09.2022 00:00	78.0	81.0	77.0	77.5	236
28.09.2022 00:00	78.0	83.5	78.0	79.0	224
29.09.2022 00:00	79.5	80.5	76.5	77.5	210
30.09.2022 00:00	78.0	78.5	76.0	78.0	243
03.10.2022 00:00	77.5	82.0	77.5	81.5	113
04.10.2022 00:00	81.5	81.5	79.5	81.5	43
05.10.2022 00:00	81.5	81.5	78.5	80.5	91
06.10.2022 00:00	80.0	81.0	79.5	80.5	50
07.10.2022 00:00	80.0	80.0	79.0	79.0	25
10.10.2022 00:00	79.5	82.5	79.0	79.5	230
11.10.2022 00:00	79.0	81.5	79.0	81.0	320
12.10.2022 00:00	80.5	81.5	79.0	80.0	564
13.10.2022 00:00	80.0	82.0	78.0	79.5	2161
14.10.2022 00:00	79.5	79.5	78.0	79.5	97
17.10.2022 00:00	79.5	81.0	78.5	80.5	1484
18.10.2022 00:00	80.0	80.5	79.0	80.0	200
19.10.2022 00:00	80.0	80.0	78.5	80.0	659
20.10.2022 00:00	80.0	82.5	78.5	81.0	1076
21.10.2022 00:00	80.0	81.0	80.0	80.5	90
24.10.2022 00:00	80.0	80.5	79.5	80.0	471
25.10.2022 00:00	81.0	86.0	81.0	82.5	2556
26.10.2022 00:00	82.5	83.5	81.5	82.5	355
27.10.2022 00:00	82.0	84.5	82.0	84.5	401
28.10.2022 00:00	84.5	87.0	83.0	84.0	258
31.10.2022 00:00	83.5	84.5	82.5	83.5	237
01.11.2022 00:00	83.5	83.5	82.0	83.0	143
02.11.2022 00:00	83.0	83.5	81.5	83.0	346
03.11.2022 00:00	83.0	91.0	82.0	85.0	3698
07.11.2022 00:00	85.0	85.5	83.5	85.0	343
08.11.2022 00:00	83.5	86.5	83.5	84.5	210
09.11.2022 00:00	83.5	84.5	82.5	83.5	255
10.11.2022 00:00	82.5	84.5	82.0	83.0	358
11.11.2022 00:00	82.0	83.0	80.5	82.5	634
14.11.2022 00:00	83.0	84.5	82.0	84.5	587
15.11.2022 00:00	84.5	84.5	82.0	84.0	202
16.11.2022 00:00	83.5	84.0	82.5	84.0	146
17.11.2022 00:00	84.0	84.5	83.0	84.0	202
18.11.2022 00:00	84.0	84.0	83.5	83.5	37
21.11.2022 00:00	83.0	83.5	82.5	82.5	87
22.11.2022 00:00	83.5	84.0	83.0	83.5	405
23.11.2022 00:00	84.0	86.0	84.0	84.5	681
24.11.2022 00:00	85.0	87.0	81.0	84.5	628
25.11.2022 00:00	83.5	85.5	83.5	85.5	120
28.11.2022 00:00	85.5	89.0	85.0	87.5	1070
29.11.2022 00:00	86.5	87.5	85.0	86.5	448
30.11.2022 00:00	85.5	86.5	85.5	86.5	289
01.12.2022 00:00	85.5	89.5	85.5	89.0	768
02.12.2022 00:00	87.0	89.5	87.0	88.0	129
05.12.2022 00:00	88.0	89.5	87.0	88.5	140
06.12.2022 00:00	89.0	109.5	89.0	103.5	18518
07.12.2022 00:00	101.5	106.0	95.0	97.0	3057
08.12.2022 00:00	96.0	101.0	93.0	94.5	3145
09.12.2022 00:00	96.0	97.0	90.5	91.0	2006
12.12.2022 00:00	91.0	98.5	91.0	92.0	1749
13.12.2022 00:00	93.0	94.0	91.5	94.0	564
14.12.2022 00:00	94.0	94.0	92.0	93.0	328
15.12.2022 00:00	93.0	94.5	90.0	90.5	797
16.12.2022 00:00	90.0	95.0	89.0	93.0	610
19.12.2022 00:00	92.0	94.0	91.5	92.5	127
20.12.2022 00:00	94.0	94.5	89.0	91.0	445
21.12.2022 00:00	91.0	94.5	91.0	92.0	815
22.12.2022 00:00	93.0	93.0	89.0	90.0	1065
23.12.2022 00:00	91.5	97.5	90.5	92.5	1484
26.12.2022 00:00	92.0	93.0	91.5	93.0	247
27.12.2022 00:00	92.0	94.0	92.0	93.0	282
28.12.2022 00:00	92.5	93.0	90.5	93.0	958
29.12.2022 00:00	91.5	92.5	91.5	92.5	96
30.12.2022 00:00	93.0	94.0	91.5	91.5	330
03.01.2023 00:00	92.5	95.5	92.5	95.5	379
04.01.2023 00:00	93.0	95.5	93.0	94.5	412
05.01.2023 00:00	94.0	95.5	92.5	93.0	431
06.01.2023 00:00	93.0	94.0	93.0	93.5	32
09.01.2023 00:00	93.5	100.0	93.5	99.0	1493
10.01.2023 00:00	99.0	103.0	95.0	101.5	1780
11.01.2023 00:00	98.5	102.5	98.5	100.5	298
12.01.2023 00:00	100.5	102.5	97.0	100.5	680
13.01.2023 00:00	100.0	101.0	98.0	98.5	152
16.01.2023 00:00	98.5	117.0	97.0	104.5	6865
17.01.2023 00:00	102.5	107.0	102.0	103.0	834
18.01.2023 00:00	102.5	103.5	99.0	103.0	867
19.01.2023 00:00	102.5	104.5	100.0	102.0	427
20.01.2023 00:00	101.5	105.5	101.5	105.0	618
23.01.2023 00:00	104.5	106.5	103.0	105.0	173
24.01.2023 00:00	106.0	106.5	102.5	105.5	350
25.01.2023 00:00	105.0	105.5	104.0	104.0	70
26.01.2023 00:00	104.5	107.0	104.0	105.0	362
27.01.2023 00:00	106.0	107.0	100.0	106.0	994
30.01.2023 00:00	104.5	108.5	104.5	104.5	1073
31.01.2023 00:00	106.5	136.5	106.5	117.0	29537
01.02.2023 00:00	116.5	122.5	112.5	113.5	5176
02.02.2023 00:00	113.0	119.5	112.5	115.5	1800
03.02.2023 00:00	116.0	118.0	109.0	111.0	3295
06.02.2023 00:00	111.5	112.5	110.0	111.5	1060
07.02.2023 00:00	111.0	112.0	108.0	110.5	1617
08.02.2023 00:00	111.0	125.0	109.5	125.0	7672
09.02.2023 00:00	125.0	127.0	116.0	117.0	1672
10.02.2023 00:00	118.5	152.5	116.5	129.0	24909
13.02.2023 00:00	129.0	131.5	123.5	129.0	1872
14.02.2023 00:00	127.0	128.0	125.0	128.0	504
15.02.2023 00:00	125.5	129.0	118.0	118.0	2246
16.02.2023 00:00	117.5	122.0	116.5	121.5	555
17.02.2023 00:00	122.5	145.0	116.0	129.5	7930
20.02.2023 00:00	128.0	151.0	128.0	137.0	5281
21.02.2023 00:00	123.5	139.0	123.5	137.5	1779
22.02.2023 00:00	139.0	139.5	130.0	136.5	944
24.02.2023 00:00	133.0	136.5	129.5	134.5	283
27.02.2023 00:00	133.5	140.5	130.0	135.0	1445
28.02.2023 00:00	135.0	138.0	134.5	136.0	434
01.03.2023 00:00	136.0	151.0	136.0	149.0	4332
02.03.2023 00:00	149.0	164.0	139.5	148.0	2600
03.03.2023 00:00	148.0	156.5	145.5	149.5	942
06.03.2023 00:00	156.5	164.0	152.0	159.0	2850
07.03.2023 00:00	159.0	163.0	154.5	156.0	2445
09.03.2023 00:00	157.0	158.0	155.0	157.5	668
10.03.2023 00:00	156.5	158.0	155.5	157.0	260
13.03.2023 00:00	158.5	160.0	152.5	155.5	1324
14.03.2023 00:00	155.5	155.5	150.5	154.0	775
15.03.2023 00:00	153.5	162.0	153.5	156.5	1297
16.03.2023 00:00	156.0	156.0	152.0	155.0	541
17.03.2023 00:00	153.0	156.0	153.0	155.5	254
20.03.2023 00:00	155.5	155.5	151.0	154.0	896
21.03.2023 00:00	153.0	154.5	151.5	153.0	311
22.03.2023 00:00	153.0	161.0	152.0	155.0	1289
23.03.2023 00:00	154.5	158.0	154.5	156.5	293
24.03.2023 00:00	157.5	164.0	155.5	160.5	1257
27.03.2023 00:00	163.5	167.5	159.5	160.5	743
28.03.2023 00:00	163.0	165.5	156.5	158.5	817
29.03.2023 00:00	158.5	159.0	154.5	158.0	367
30.03.2023 00:00	159.0	163.5	157.0	159.0	669
31.03.2023 00:00	160.0	161.5	157.0	160.0	247
03.04.2023 00:00	161.5	221.5	158.5	198.0	23246
04.04.2023 00:00	207.0	208.0	181.5	189.5	8058
05.04.2023 00:00	192.5	218.0	187.5	198.0	11851
06.04.2023 00:00	198.0	204.5	191.0	195.0	2236
07.04.2023 00:00	196.0	209.5	195.0	196.5	1400
10.04.2023 00:00	200.0	209.0	194.0	204.0	1772
11.04.2023 00:00	203.5	203.5	189.5	196.0	3722
12.04.2023 00:00	196.0	199.5	194.0	196.5	681
13.04.2023 00:00	198.0	199.5	192.0	197.5	438
14.04.2023 00:00	197.5	202.0	195.5	198.5	1138
17.04.2023 00:00	200.5	205.0	197.0	202.0	1120
18.04.2023 00:00	204.0	209.0	197.5	200.0	5212
19.04.2023 00:00	200.5	200.5	195.5	196.5	567
20.04.2023 00:00	197.5	200.0	190.5	195.0	608
21.04.2023 00:00	196.0	200.0	194.5	198.5	610
24.04.2023 00:00	196.0	199.5	195.5	198.0	479
25.04.2023 00:00	198.0	199.5	194.5	196.0	1226
26.04.2023 00:00	197.0	198.0	193.5	193.5	544
27.04.2023 00:00	194.0	196.0	193.5	195.5	103
28.04.2023 00:00	195.5	195.5	191.0	193.5	209
02.05.2023 00:00	194.0	194.5	181.5	187.0	883
03.05.2023 00:00	188.0	193.5	181.0	187.0	431
04.05.2023 00:00	184.5	185.0	173.5	181.0	583
05.05.2023 00:00	178.5	184.0	175.0	178.0	430
08.05.2023 00:00	177.0	179.0	166.5	172.5	336
10.05.2023 00:00	174.0	180.0	171.5	177.0	215
11.05.2023 00:00	183.5	190.0	177.0	186.0	969
12.05.2023 00:00	186.0	193.5	180.0	186.5	850
15.05.2023 00:00	186.5	200.0	186.0	189.0	1320
16.05.2023 00:00	190.5	191.0	182.0	185.5	536
17.05.2023 00:00	184.5	187.0	181.5	183.5	410
18.05.2023 00:00	184.0	185.5	181.0	182.5	234
19.05.2023 00:00	183.0	185.5	180.0	180.5	196
22.05.2023 00:00	189.0	216.0	183.0	190.5	10923
23.05.2023 00:00	196.5	202.5	187.5	193.5	2250
24.05.2023 00:00	193.5	199.0	184.5	188.5	906
25.05.2023 00:00	188.5	191.0	185.0	186.5	482
26.05.2023 00:00	188.0	188.0	172.0	177.0	2878
29.05.2023 00:00	179.0	181.5	167.5	175.5	2144
30.05.2023 00:00	175.5	179.5	171.0	173.0	682
31.05.2023 00:00	173.0	182.5	172.0	175.0	1405
01.06.2023 00:00	176.5	177.5	165.5	170.0	1109
02.06.2023 00:00	171.0	173.0	167.0	170.5	635
05.06.2023 00:00	168.0	174.0	167.5	170.5	824
06.06.2023 00:00	175.0	175.0	162.5	167.5	610
07.06.2023 00:00	167.5	173.5	167.0	169.5	670
08.06.2023 00:00	170.5	177.0	170.5	172.5	729
09.06.2023 00:00	173.5	175.0	169.5	171.0	670
13.06.2023 00:00	170.0	173.5	166.0	171.5	1097
14.06.2023 00:00	171.5	175.0	167.0	175.0	790
15.06.2023 00:00	174.0	174.0	168.5	171.0	1131
16.06.2023 00:00	171.5	173.0	165.5	169.5	1138
19.06.2023 00:00	169.5	171.0	166.5	169.0	635
20.06.2023 00:00	171.0	173.0	165.0	169.0	2739
21.06.2023 00:00	169.0	173.0	166.5	170.5	1646
22.06.2023 00:00	171.5	173.0	169.0	171.5	991
23.06.2023 00:00	172.5	184.0	171.5	173.5	4762
26.06.2023 00:00	172.5	176.0	164.5	172.0	2135
27.06.2023 00:00	170.0	173.0	164.0	170.5	990
28.06.2023 00:00	171.5	171.5	169.5	171.0	228
29.06.2023 00:00	172.0	172.0	166.5	169.0	1084
30.06.2023 00:00	169.0	169.5	164.0	166.5	1444
03.07.2023 00:00	167.5	170.0	166.0	167.5	1168
04.07.2023 00:00	167.5	183.5	167.5	170.5	6775
05.07.2023 00:00	170.5	175.0	165.0	169.0	2743
06.07.2023 00:00	169.0	169.0	166.0	167.0	1383
07.07.2023 00:00	166.5	170.5	165.0	168.5	1773
10.07.2023 00:00	168.5	173.5	166.5	168.5	2697
11.07.2023 00:00	168.5	168.5	165.5	167.0	1486
12.07.2023 00:00	167.5	170.0	166.0	166.5	3228
13.07.2023 00:00	167.5	170.0	165.0	167.5	2936
14.07.2023 00:00	169.0	169.0	165.0	167.0	3336
17.07.2023 00:00	167.0	167.0	164.5	166.5	3400
18.07.2023 00:00	166.5	169.0	165.0	167.0	4338
19.07.2023 00:00	168.0	176.0	165.5	169.5	8560
20.07.2023 00:00	169.5	173.0	165.5	166.5	6236
21.07.2023 00:00	166.0	167.5	165.0	166.5	4064
24.07.2023 00:00	166.5	168.0	165.0	167.5	7776
25.07.2023 00:00	168.5	169.0	166.0	166.5	4646
26.07.2023 00:00	167.5	168.0	166.0	166.0	6475
27.07.2023 00:00	168.0	180.0	166.0	175.0	34451
28.07.2023 00:00	177.5	179.0	169.0	173.5	12300
31.07.2023 00:00	183.0	189.5	179.0	183.0	24613
01.08.2023 00:00	184.0	184.0	175.0	178.0	11324
02.08.2023 00:00	178.5	180.0	173.5	177.0	7757
03.08.2023 00:00	178.0	194.0	177.0	183.5	20597
04.08.2023 00:00	185.0	190.0	168.5	175.5	14723
07.08.2023 00:00	176.5	181.0	175.0	176.0	7433
08.08.2023 00:00	177.0	177.0	168.5	171.0	8188
09.08.2023 00:00	172.0	174.5	168.5	170.5	10910
10.08.2023 00:00	172.5	178.0	170.0	171.0	10105
11.08.2023 00:00	172.5	179.5	170.0	173.0	8756
14.08.2023 00:00	173.0	175.0	170.0	170.0	9686
15.08.2023 00:00	169.5	173.0	168.5	172.0	8939
16.08.2023 00:00	171.5	174.0	165.5	167.0	10640
17.08.2023 00:00	167.5	169.5	165.5	167.0	8152
18.08.2023 00:00	167.5	178.0	167.0	175.5	22591
21.08.2023 00:00	178.5	181.0	171.0	174.5	18948
22.08.2023 00:00	174.5	174.5	169.5	174.0	10184
23.08.2023 00:00	174.0	176.0	169.5	171.5	11060
24.08.2023 00:00	170.5	172.0	169.0	170.0	9388
25.08.2023 00:00	170.0	172.0	169.5	171.0	6082
28.08.2023 00:00	172.5	181.5	169.0	176.0	20433
29.08.2023 00:00	177.0	184.5	174.5	180.0	15434
30.08.2023 00:00	183.0	198.0	178.0	192.0	42874
31.08.2023 00:00	195.0	208.0	193.0	193.0	32821
01.09.2023 00:00	193.0	214.5	189.5	214.5	22835
04.09.2023 00:00	219.0	262.0	219.0	253.5	69751
05.09.2023 00:00	256.0	259.5	228.5	245.0	36650
06.09.2023 00:00	246.0	250.0	233.5	244.5	11652
07.09.2023 00:00	244.5	247.0	200.5	222.5	17606
08.09.2023 00:00	225.0	229.5	207.0	220.0	11688
11.09.2023 00:00	228.5	238.5	219.5	222.5	13185
12.09.2023 00:00	224.0	229.0	217.5	221.0	5686
13.09.2023 00:00	223.0	225.0	210.5	214.5	4882
14.09.2023 00:00	215.0	216.0	190.0	206.5	12640
15.09.2023 00:00	209.0	219.0	198.0	214.5	4826
18.09.2023 00:00	219.0	219.0	207.0	211.5	4762
19.09.2023 00:00	212.0	214.0	195.0	203.5	9180
20.09.2023 00:00	202.5	203.5	186.0	200.0	8494
21.09.2023 00:00	200.5	204.0	194.0	196.0	3115
22.09.2023 00:00	196.0	204.5	193.0	204.5	3199
25.09.2023 00:00	208.0	211.0	200.0	206.0	5601
26.09.2023 00:00	206.0	206.0	198.5	202.5	2920
27.09.2023 00:00	203.0	207.0	202.0	203.5	3070
28.09.2023 00:00	207.5	207.5	200.5	202.0	2623
29.09.2023 00:00	203.5	206.0	200.5	201.0	2717
02.10.2023 00:00	202.5	207.0	201.5	207.0	5188
03.10.2023 00:00	207.0	208.0	201.0	203.5	4260
04.10.2023 00:00	211.5	215.0	204.5	211.0	11389
05.10.2023 00:00	212.5	215.5	210.0	210.5	3695
06.10.2023 00:00	214.0	216.0	204.5	207.5	2816
09.10.2023 00:00	209.0	210.0	205.0	207.0	1989
10.10.2023 00:00	207.5	208.5	202.0	206.5	2785
11.10.2023 00:00	206.5	210.0	201.5	202.5	5377
12.10.2023 00:00	202.5	204.0	199.0	200.5	3031
13.10.2023 00:00	202.0	203.0	200.0	203.0	1284
16.10.2023 00:00	204.0	224.0	204.0	213.5	27714
17.10.2023 00:00	211.0	217.0	210.0	213.0	4616
18.10.2023 00:00	214.0	215.5	207.5	211.5	4005
19.10.2023 00:00	211.5	244.0	210.0	224.5	35686
20.10.2023 00:00	226.0	231.5	215.5	230.5	14991
23.10.2023 00:00	231.0	240.5	226.0	234.5	8823
24.10.2023 00:00	234.5	235.0	221.5	227.0	5166
25.10.2023 00:00	228.5	228.5	219.0	223.5	4188
26.10.2023 00:00	223.5	224.0	215.0	216.5	6698
27.10.2023 00:00	216.0	221.0	210.0	215.0	4665
30.10.2023 00:00	215.5	223.0	215.0	219.5	2895
31.10.2023 00:00	220.0	220.5	212.5	216.5	2340
01.11.2023 00:00	216.5	219.0	214.0	217.0	2036
02.11.2023 00:00	218.0	228.5	218.0	220.0	7470
03.11.2023 00:00	222.0	227.0	219.0	221.5	3094
06.11.2023 00:00	222.0	224.0	219.5	222.0	1632
07.11.2023 00:00	223.0	223.0	216.5	218.5	1849
08.11.2023 00:00	220.0	221.5	216.5	217.5	1626
09.11.2023 00:00	217.5	218.0	212.0	214.5	2769
10.11.2023 00:00	214.5	215.0	208.0	209.0	2770
13.11.2023 00:00	209.0	210.0	200.5	204.0	3693
14.11.2023 00:00	204.0	204.0	196.0	199.0	3578
15.11.2023 00:00	199.0	206.5	195.5	206.0	2184
16.11.2023 00:00	206.0	206.0	201.0	204.0	1581
17.11.2023 00:00	203.0	203.5	198.0	203.0	2111
20.11.2023 00:00	203.0	205.0	200.0	203.5	1107
21.11.2023 00:00	204.0	210.0	203.0	206.0	1624
22.11.2023 00:00	206.5	214.0	205.0	208.5	1941
23.11.2023 00:00	208.5	210.5	198.5	200.5	1984
24.11.2023 00:00	200.5	202.0	198.0	199.0	1154
27.11.2023 00:00	201.5	201.5	191.5	194.5	1833
28.11.2023 00:00	195.0	202.0	195.0	197.0	1204
29.11.2023 00:00	197.0	198.5	194.0	197.0	1116
30.11.2023 00:00	197.5	198.5	194.0	196.0	1008
01.12.2023 00:00	197.0	197.0	189.0	190.5	1806
04.12.2023 00:00	190.5	190.5	183.5	184.0	1764
05.12.2023 00:00	184.0	184.5	176.0	182.5	2758
06.12.2023 00:00	183.0	184.5	173.0	176.0	1360
07.12.2023 00:00	175.0	198.0	173.5	195.5	6650
08.12.2023 00:00	195.0	198.0	186.0	190.5	2389
11.12.2023 00:00	190.0	194.0	180.5	183.0	1678
12.12.2023 00:00	184.0	184.0	176.5	179.5	1419
13.12.2023 00:00	179.0	181.5	173.5	180.0	3404
14.12.2023 00:00	183.5	187.0	177.5	179.0	1613
15.12.2023 00:00	180.0	183.5	179.0	183.5	1270
18.12.2023 00:00	184.0	193.0	183.5	189.0	6349
19.12.2023 00:00	190.0	194.5	184.0	186.0	3246
20.12.2023 00:00	189.0	192.5	187.0	190.0	1928
21.12.2023 00:00	190.0	190.5	185.5	186.0	1565
22.12.2023 00:00	187.0	194.0	185.5	187.5	3187
25.12.2023 00:00	189.5	192.5	185.0	191.0	4115
26.12.2023 00:00	191.5	191.5	188.0	189.5	1904
27.12.2023 00:00	190.0	191.5	187.5	189.0	2438
28.12.2023 00:00	189.0	193.5	187.5	190.5	4253
29.12.2023 00:00	191.5	193.0	188.0	191.0	2210
03.01.2024 00:00	192.0	198.5	192.0	197.0	1901
04.01.2024 00:00	198.0	198.5	190.5	198.0	3127
05.01.2024 00:00	198.5	206.0	198.0	204.5	2973
08.01.2024 00:00	205.0	208.5	203.0	205.0	2733
09.01.2024 00:00	207.0	209.5	205.0	208.5	2978
10.01.2024 00:00	210.0	210.0	206.5	208.0	2293
11.01.2024 00:00	210.0	210.5	201.0	204.0	3858
12.01.2024 00:00	204.0	216.0	202.5	209.5	9482
15.01.2024 00:00	211.0	213.5	206.0	209.0	3496
16.01.2024 00:00	209.0	210.5	203.0	205.5	3325
17.01.2024 00:00	206.5	210.0	205.5	208.0	3226
18.01.2024 00:00	209.0	210.0	207.0	208.0	1394
19.01.2024 00:00	209.0	209.0	205.0	208.5	2150
22.01.2024 00:00	210.0	214.0	209.5	214.0	5551
23.01.2024 00:00	214.0	220.0	214.0	215.0	4439
24.01.2024 00:00	215.5	216.5	211.5	212.0	1574
25.01.2024 00:00	212.5	212.5	208.5	212.0	1957
26.01.2024 00:00	212.5	214.5	211.0	212.5	2358
29.01.2024 00:00	213.0	218.0	213.0	215.5	3211
30.01.2024 00:00	216.0	222.5	213.0	215.5	3980
31.01.2024 00:00	216.0	218.0	212.0	217.5	2118
01.02.2024 00:00	218.0	218.0	214.5	216.0	2198
02.02.2024 00:00	216.0	217.0	213.5	215.0	1399
05.02.2024 00:00	215.0	219.0	213.0	217.5	3227
06.02.2024 00:00	217.5	220.0	215.5	219.5	1927
07.02.2024 00:00	220.5	248.0	218.0	238.0	37746
08.02.2024 00:00	240.0	273.5	238.5	266.5	60724
09.02.2024 00:00	269.5	272.5	250.0	253.0	20992
12.02.2024 00:00	255.0	268.5	240.5	244.5	15022
13.02.2024 00:00	248.0	260.5	244.5	258.0	6112
14.02.2024 00:00	258.0	262.0	251.0	254.5	6230
15.02.2024 00:00	255.0	260.0	250.0	255.5	4646
16.02.2024 00:00	255.5	259.5	243.5	247.5	6027
19.02.2024 00:00	251.5	252.0	235.0	237.0	13535
20.02.2024 00:00	237.0	242.0	234.0	240.0	5137
21.02.2024 00:00	239.5	240.5	231.5	240.0	5279
22.02.2024 00:00	242.0	248.0	237.0	238.0	3237
26.02.2024 00:00	240.0	250.0	240.0	244.0	3794
27.02.2024 00:00	246.0	258.0	244.0	253.5	6707
28.02.2024 00:00	254.5	260.0	251.5	252.0	4525
29.02.2024 00:00	253.0	262.0	253.0	261.0	7025
01.03.2024 00:00	262.0	282.5	259.5	273.5	36292
04.03.2024 00:00	275.0	279.0	264.0	269.0	12211
05.03.2024 00:00	271.0	275.5	262.5	266.0	6294
06.03.2024 00:00	267.0	274.0	266.5	269.5	4441
07.03.2024 00:00	271.5	271.5	265.5	270.0	2094
11.03.2024 00:00	271.5	274.0	267.0	271.0	5198
12.03.2024 00:00	271.5	272.5	264.0	265.0	3667
13.03.2024 00:00	266.0	267.0	260.0	262.0	4205
14.03.2024 00:00	262.5	262.5	256.0	257.5	4932
15.03.2024 00:00	259.0	260.5	254.5	258.5	2309
18.03.2024 00:00	260.0	265.0	259.0	260.0	3635
19.03.2024 00:00	260.0	271.5	255.5	260.0	9293
20.03.2024 00:00	261.0	272.5	260.0	261.0	7795
21.03.2024 00:00	261.5	268.5	257.5	265.5	6086
22.03.2024 00:00	266.0	268.5	261.0	263.0	3324
25.03.2024 00:00	264.0	266.0	252.5	260.0	4753
26.03.2024 00:00	260.0	269.0	260.0	266.5	2901
27.03.2024 00:00	266.0	285.0	265.5	280.0	19009
28.03.2024 00:00	282.5	302.0	275.0	294.0	37033
29.03.2024 00:00	294.0	308.0	291.0	294.5	11706
01.04.2024 00:00	295.5	301.0	280.5	285.5	9954
02.04.2024 00:00	286.0	299.5	283.5	292.0	4537
03.04.2024 00:00	293.5	297.0	287.0	288.5	3584
04.04.2024 00:00	290.5	295.5	286.0	289.5	4140
05.04.2024 00:00	290.0	300.0	287.0	291.0	4025
08.04.2024 00:00	292.0	292.0	285.0	289.0	3419
09.04.2024 00:00	291.0	292.5	285.5	287.0	3014
10.04.2024 00:00	287.0	291.5	285.0	291.0	2682
11.04.2024 00:00	292.0	294.0	288.5	289.5	984
12.04.2024 00:00	289.5	290.0	285.0	288.0	2366
15.04.2024 00:00	292.0	300.0	288.5	292.0	4576
16.04.2024 00:00	293.5	298.5	290.0	297.5	2762
17.04.2024 00:00	298.0	302.0	292.5	302.0	3770
18.04.2024 00:00	302.0	315.5	300.5	308.0	10334
19.04.2024 00:00	311.5	311.5	296.0	298.0	4822
22.04.2024 00:00	300.0	300.0	293.0	294.5	3425
23.04.2024 00:00	295.0	299.5	294.5	296.5	2106
24.04.2024 00:00	295.0	299.0	292.5	294.5	2501
25.04.2024 00:00	295.5	295.5	271.5	288.0	8060
26.04.2024 00:00	290.0	300.0	289.0	300.0	5694
27.04.2024 00:00	301.0	330.0	299.5	329.5	33358
29.04.2024 00:00	330.5	362.0	330.0	339.5	35316
30.04.2024 00:00	340.0	347.5	333.0	341.5	6580
02.05.2024 00:00	341.5	350.0	337.0	344.5	7236
03.05.2024 00:00	345.5	345.5	333.0	343.0	4090
06.05.2024 00:00	344.0	347.0	334.5	342.0	5190
07.05.2024 00:00	342.0	342.5	335.5	336.0	1835
08.05.2024 00:00	336.0	344.0	333.0	340.5	3553
10.05.2024 00:00	345.0	345.0	338.0	340.5	1440
13.05.2024 00:00	341.5	350.5	340.5	350.5	6775
14.05.2024 00:00	351.0	351.0	347.5	348.5	2783
15.05.2024 00:00	349.0	351.0	343.5	347.5	3032
16.05.2024 00:00	349.0	349.0	337.0	341.0	3411
17.05.2024 00:00	347.5	350.5	327.5	327.5	7365
20.05.2024 00:00	329.5	337.5	325.5	332.5	5266
21.05.2024 00:00	332.5	356.5	332.5	349.5	8998
22.05.2024 00:00	350.0	359.5	349.5	353.0	4809
23.05.2024 00:00	350.0	350.0	337.0	340.5	3812
24.05.2024 00:00	343.0	344.0	329.0	329.0	3156
27.05.2024 00:00	330.0	335.0	306.0	318.0	5302
28.05.2024 00:00	318.0	330.0	294.5	330.0	8858
29.05.2024 00:00	335.0	366.5	335.0	365.5	32738
30.05.2024 00:00	369.0	394.5	364.0	368.5	33095
31.05.2024 00:00	363.0	370.0	342.0	347.0	7929
03.06.2024 00:00	353.0	353.0	311.5	341.5	14523
04.06.2024 00:00	343.0	358.0	340.0	357.0	4252
05.06.2024 00:00	358.0	364.0	349.5	353.0	2800
06.06.2024 00:00	353.0	360.0	349.0	360.0	2517
07.06.2024 00:00	361.0	385.0	359.5	379.0	12436
10.06.2024 00:00	380.5	394.0	380.0	383.0	10212
11.06.2024 00:00	382.5	388.0	376.0	380.0	4469
13.06.2024 00:00	378.0	390.0	366.5	389.5	4809
14.06.2024 00:00	390.0	395.0	390.0	394.0	3919
17.06.2024 00:00	397.0	400.0	391.5	392.0	4386
18.06.2024 00:00	393.0	395.0	365.5	371.0	10812
19.06.2024 00:00	373.0	375.0	360.0	366.0	5299
20.06.2024 00:00	368.0	382.0	368.0	377.5	4737
21.06.2024 00:00	380.0	391.5	377.5	378.0	1918
24.06.2024 00:00	384.0	395.0	282.5	301.0	47570
25.06.2024 00:00	300.0	301.5	275.0	278.0	32990
26.06.2024 00:00	280.0	281.0	263.0	268.0	16295
27.06.2024 00:00	270.0	272.5	263.0	272.0	8580
28.06.2024 00:00	275.0	280.0	270.0	280.0	7559
01.07.2024 00:00	284.0	284.0	272.0	274.0	6769
02.07.2024 00:00	272.5	276.0	267.0	270.0	5866
03.07.2024 00:00	270.5	273.0	267.0	269.0	4978
04.07.2024 00:00	271.5	272.0	257.5	260.0	6546
05.07.2024 00:00	260.0	263.5	252.0	258.0	4076
08.07.2024 00:00	258.0	261.0	257.0	258.5	2202
09.07.2024 00:00	258.5	258.5	223.5	225.5	13952
10.07.2024 00:00	225.0	229.0	217.5	225.0	8882
11.07.2024 00:00	224.5	234.5	221.5	234.5	4818
12.07.2024 00:00	235.0	237.5	228.5	229.5	2393
15.07.2024 00:00	230.0	232.0	220.5	222.0	3543
16.07.2024 00:00	224.5	224.5	214.0	218.0	4415
17.07.2024 00:00	218.0	254.0	215.0	252.5	25031
18.07.2024 00:00	253.0	254.0	243.0	245.0	7914
19.07.2024 00:00	247.5	248.0	238.0	247.0	4073
22.07.2024 00:00	248.5	252.5	248.0	249.0	1678
23.07.2024 00:00	250.0	250.0	245.0	248.5	2002
24.07.2024 00:00	250.0	251.0	246.5	250.0	2636
25.07.2024 00:00	250.0	250.0	245.5	248.5	2182
26.07.2024 00:00	249.0	250.0	237.5	241.0	5239
29.07.2024 00:00	242.0	244.5	229.0	231.0	3109
30.07.2024 00:00	231.5	239.0	230.0	239.0	1839
31.07.2024 00:00	242.5	245.0	238.5	239.0	1215
01.08.2024 00:00	242.0	242.5	235.5	238.0	2167
02.08.2024 00:00	240.0	240.0	227.5	233.0	3091
05.08.2024 00:00	233.0	233.0	227.0	230.0	1693
06.08.2024 00:00	230.0	232.5	225.0	228.5	1847
07.08.2024 00:00	228.5	232.0	226.0	232.0	735
08.08.2024 00:00	232.0	233.0	227.0	229.0	2053
09.08.2024 00:00	231.5	232.0	227.0	227.5	815
12.08.2024 00:00	230.5	230.5	226.0	229.5	938
13.08.2024 00:00	229.5	243.0	229.5	238.0	6020
14.08.2024 00:00	238.5	240.0	235.5	236.5	1970
15.08.2024 00:00	234.0	239.5	232.5	235.0	2132
16.08.2024 00:00	238.0	244.5	235.0	243.5	3069
19.08.2024 00:00	243.5	246.5	229.0	237.5	5445
20.08.2024 00:00	237.5	239.5	233.5	237.0	2805
21.08.2024 00:00	239.5	239.5	234.0	237.5	1890
22.08.2024 00:00	239.0	239.0	231.0	232.5	1896
23.08.2024 00:00	233.0	233.0	222.5	226.0	3817
26.08.2024 00:00	231.5	232.5	228.5	230.0	1673
27.08.2024 00:00	232.0	234.0	228.0	229.0	953
28.08.2024 00:00	232.5	232.5	224.5	227.5	2593
29.08.2024 00:00	227.5	228.0	223.5	224.5	1190
30.08.2024 00:00	225.0	235.0	224.0	225.0	4418
02.09.2024 00:00	225.0	225.5	217.0	219.5	2312
03.09.2024 00:00	219.5	221.5	212.0	213.0	4550
04.09.2024 00:00	213.0	220.5	210.0	219.0	2181
05.09.2024 00:00	220.0	224.5	219.5	222.0	2057
06.09.2024 00:00	224.5	225.0	221.5	223.0	424
09.09.2024 00:00	225.0	225.5	221.0	225.5	1507
10.09.2024 00:00	225.5	231.0	224.5	225.0	997
11.09.2024 00:00	231.0	233.5	227.0	230.0	1314
12.09.2024 00:00	230.0	230.5	226.0	227.0	781
13.09.2024 00:00	227.5	227.5	219.0	225.5	2945
16.09.2024 00:00	225.5	232.5	225.5	229.5	2499
17.09.2024 00:00	236.0	237.0	228.5	232.0	2871
18.09.2024 00:00	233.0	235.5	231.5	234.0	1453
19.09.2024 00:00	234.5	236.0	229.0	231.5	1746
20.09.2024 00:00	232.0	235.5	226.0	233.0	3920
23.09.2024 00:00	233.0	238.5	233.0	238.5	3029
24.09.2024 00:00	239.0	242.0	238.0	241.0	1468
25.09.2024 00:00	242.5	263.0	241.0	251.0	15038
26.09.2024 00:00	254.0	255.0	242.0	243.5	3333
27.09.2024 00:00	247.5	255.0	245.0	253.0	2624
30.09.2024 00:00	254.0	268.0	253.5	259.0	8607
01.10.2024 00:00	260.0	265.0	253.5	265.0	2545
02.10.2024 00:00	267.0	269.0	256.0	257.0	2883
03.10.2024 00:00	257.0	259.5	249.0	253.0	2817
04.10.2024 00:00	253.0	256.5	248.0	249.5	1800
07.10.2024 00:00	252.0	253.0	247.5	248.0	691
08.10.2024 00:00	250.0	254.5	248.5	252.5	1320
09.10.2024 00:00	253.5	253.5	246.5	248.0	1267
10.10.2024 00:00	248.0	250.5	248.0	250.5	744
11.10.2024 00:00	250.5	251.0	247.5	250.0	717
14.10.2024 00:00	250.5	254.5	248.0	253.0	1459
15.10.2024 00:00	254.5	262.0	251.5	258.0	5408
16.10.2024 00:00	259.0	261.5	252.0	253.0	1528
17.10.2024 00:00	253.0	256.5	250.0	250.5	1270
18.10.2024 00:00	253.5	253.5	243.5	248.5	2275
21.10.2024 00:00	249.5	249.5	246.0	248.0	1542
22.10.2024 00:00	248.0	249.0	241.5	242.0	1864
23.10.2024 00:00	242.0	242.0	232.5	235.0	2613
24.10.2024 00:00	234.0	234.5	227.5	229.5	1175
25.10.2024 00:00	234.0	235.0	219.0	225.0	3403
28.10.2024 00:00	225.0	225.0	218.0	218.5	931
29.10.2024 00:00	222.0	222.0	215.0	221.5	2488
30.10.2024 00:00	222.0	226.5	219.0	226.0	1156
31.10.2024 00:00	225.0	233.0	223.0	232.0	3013
01.11.2024 00:00	232.0	232.0	226.0	227.5	668
02.11.2024 00:00	228.0	229.0	227.0	229.0	154
05.11.2024 00:00	230.5	230.5	224.5	229.5	556
06.11.2024 00:00	230.0	240.5	228.0	234.0	3858
07.11.2024 00:00	236.5	236.5	227.0	231.0	689
08.11.2024 00:00	233.5	241.5	231.0	235.5	1904
11.11.2024 00:00	241.0	241.0	236.5	237.5	1123
12.11.2024 00:00	238.0	242.5	235.5	236.5	339
13.11.2024 00:00	240.5	241.5	230.0	235.5	1512
14.11.2024 00:00	235.5	235.5	217.0	228.0	2463
15.11.2024 00:00	228.0	229.5	225.5	227.0	806
18.11.2024 00:00	227.0	230.0	212.5	223.5	3652
19.11.2024 00:00	225.0	225.0	211.5	216.0	1920
20.11.2024 00:00	216.0	217.5	212.5	213.0	1452
21.11.2024 00:00	214.0	217.5	209.0	213.0	2222
22.11.2024 00:00	214.5	215.0	210.0	210.5	1190
25.11.2024 00:00	214.5	231.0	202.5	208.0	4829
26.11.2024 00:00	211.5	211.5	191.0	195.0	5261
27.11.2024 00:00	200.0	204.0	184.5	188.0	3422
28.11.2024 00:00	199.0	199.0	189.0	193.5	2825
29.11.2024 00:00	197.5	204.0	192.0	196.0	2244
02.12.2024 00:00	196.5	201.0	196.5	197.5	511
03.12.2024 00:00	203.5	203.5	189.5	193.0	1149
04.12.2024 00:00	193.5	198.5	191.0	192.0	1111
05.12.2024 00:00	196.0	199.5	189.5	194.0	2061
06.12.2024 00:00	195.0	195.0	191.0	192.5	665
09.12.2024 00:00	194.5	196.0	193.0	194.0	527
10.12.2024 00:00	195.5	195.5	189.5	190.5	509
11.12.2024 00:00	194.0	194.0	186.5	187.0	476
12.12.2024 00:00	189.0	190.5	186.0	188.0	515
13.12.2024 00:00	188.0	189.0	186.5	189.0	441
16.12.2024 00:00	189.0	189.0	182.0	182.0	722
17.12.2024 00:00	182.5	187.0	176.5	182.5	987
18.12.2024 00:00	182.5	183.5	178.0	182.5	596
19.12.2024 00:00	183.0	185.0	178.5	182.0	882
20.12.2024 00:00	182.5	195.0	180.0	194.0	5630
23.12.2024 00:00	197.5	200.5	193.0	195.0	2899
24.12.2024 00:00	198.0	199.5	187.0	189.5	1632
25.12.2024 00:00	190.0	195.0	189.5	191.0	1780
26.12.2024 00:00	190.5	198.0	189.5	193.5	1603
27.12.2024 00:00	194.5	197.5	188.0	193.0	2021
28.12.2024 00:00	191.5	194.5	189.0	193.5	2650
30.12.2024 00:00	194.0	200.0	190.5	199.5	1938
03.01.2025 00:00	199.5	201.5	195.0	197.5	3075
06.01.2025 00:00	198.5	207.0	197.5	204.0	1555
08.01.2025 00:00	206.5	211.0	204.0	206.0	1816
09.01.2025 00:00	207.5	207.5	201.0	204.0	1369
10.01.2025 00:00	205.0	210.0	202.5	208.5	1466
13.01.2025 00:00	210.5	210.5	207.0	208.0	632
14.01.2025 00:00	209.0	215.5	208.0	214.5	1188
15.01.2025 00:00	215.5	216.5	212.0	214.0	991
16.01.2025 00:00	215.0	216.0	212.5	215.0	755
17.01.2025 00:00	215.0	220.0	212.0	219.0	1390
20.01.2025 00:00	220.5	222.5	211.0	215.0	1957
21.01.2025 00:00	216.0	216.0	205.0	213.5	2228
22.01.2025 00:00	215.0	219.0	214.0	218.5	772
23.01.2025 00:00	218.5	218.5	213.0	215.5	806
24.01.2025 00:00	217.0	220.5	213.0	217.5	1181
27.01.2025 00:00	220.5	224.5	216.0	217.5	1990
28.01.2025 00:00	217.5	218.0	214.5	217.0	642
29.01.2025 00:00	217.0	225.0	217.0	220.5	2679
30.01.2025 00:00	223.5	227.5	221.0	224.5	1354
31.01.2025 00:00	226.5	229.0	217.0	220.0	2988
03.02.2025 00:00	221.0	221.0	215.0	216.0	2006
04.02.2025 00:00	216.5	224.0	216.5	218.5	1359
05.02.2025 00:00	218.5	218.5	210.0	213.5	1849
06.02.2025 00:00	215.5	219.0	214.0	216.0	1543
07.02.2025 00:00	216.0	216.0	196.5	201.0	11615
10.02.2025 00:00	201.0	202.5	192.0	198.0	4336
11.02.2025 00:00	198.0	199.5	190.5	195.0	5257
12.02.2025 00:00	196.0	196.0	190.5	190.5	3118
13.02.2025 00:00	200.5	201.0	191.0	193.0	3171
14.02.2025 00:00	194.0	197.5	191.0	193.5	4217
17.02.2025 00:00	197.0	200.0	194.0	200.0	4904
18.02.2025 00:00	200.0	202.0	194.5	198.0	4725
19.02.2025 00:00	198.5	199.0	196.5	198.0	1551
20.02.2025 00:00	198.0	206.0	198.0	201.0	7417
21.02.2025 00:00	203.5	204.0	198.5	200.5	2131
24.02.2025 00:00	200.5	205.0	199.0	203.5	2675
25.02.2025 00:00	203.5	205.0	193.0	195.5	5106
26.02.2025 00:00	197.5	210.0	195.5	200.0	12176
27.02.2025 00:00	200.0	201.5	192.5	196.0	4739
28.02.2025 00:00	196.0	197.0	186.5	190.0	3467
03.03.2025 00:00	189.5	194.0	189.5	193.0	1254
04.03.2025 00:00	193.0	198.5	191.5	194.0	2619
05.03.2025 00:00	196.0	198.0	193.0	196.5	1486
06.03.2025 00:00	196.5	198.0	192.5	193.0	1307
07.03.2025 00:00	194.5	197.0	190.5	191.0	1654
10.03.2025 00:00	192.5	195.0	191.0	192.0	1591
11.03.2025 00:00	193.0	213.0	193.0	209.0	22561
12.03.2025 00:00	209.5	211.0	199.5	204.5	5304
13.03.2025 00:00	203.0	210.0	200.0	204.0	5201
14.03.2025 00:00	209.0	210.0	204.5	209.5	2768
17.03.2025 00:00	210.5	220.0	207.0	215.5	7277
18.03.2025 00:00	217.5	219.5	208.5	210.0	5190
19.03.2025 00:00	210.0	211.0	206.0	208.5	1507
20.03.2025 00:00	209.0	210.0	206.0	208.0	1239
21.03.2025 00:00	208.0	208.0	196.0	196.0	4069
24.03.2025 00:00	198.5	202.5	190.5	193.0	3935
25.03.2025 00:00	194.5	197.0	192.5	195.0	1135
26.03.2025 00:00	195.5	205.0	194.5	203.0	4323
27.03.2025 00:00	203.0	203.0	195.5	196.0	1522
28.03.2025 00:00	195.5	197.5	190.0	195.5	3531
31.03.2025 00:00	195.0	196.5	185.0	189.0	4035
01.04.2025 00:00	191.0	195.5	189.5	194.5	3021
02.04.2025 00:00	196.0	196.0	189.5	190.5	1106
03.04.2025 00:00	191.0	195.0	188.5	189.0	1818
04.04.2025 00:00	190.0	192.5	182.5	185.5	2366
07.04.2025 00:00	181.5	184.5	175.0	182.0	4146
08.04.2025 00:00	184.0	187.0	182.5	185.5	1240
09.04.2025 00:00	184.5	186.5	173.0	173.0	2493
10.04.2025 00:00	180.0	181.5	175.0	180.0	1830
11.04.2025 00:00	181.0	190.0	180.5	182.0	2054
14.04.2025 00:00	182.5	190.5	179.5	183.5	1981
15.04.2025 00:00	185.0	188.5	182.5	187.0	1544
16.04.2025 00:00	187.0	187.5	180.0	186.5	1347
17.04.2025 00:00	186.5	187.5	180.0	183.0	1416
18.04.2025 00:00	183.5	184.0	181.0	182.0	214
21.04.2025 00:00	183.5	187.5	181.0	184.0	1740
22.04.2025 00:00	184.5	186.5	184.0	185.0	276
23.04.2025 00:00	186.5	186.5	181.5	182.0	604
24.04.2025 00:00	185.0	185.0	181.5	183.0	234
25.04.2025 00:00	183.0	185.5	176.5	180.5	3320
28.04.2025 00:00	181.0	183.0	177.0	180.5	968
29.04.2025 00:00	180.5	180.5	173.0	175.0	2065
30.04.2025 00:00	175.0	181.0	167.5	170.0	4686
02.05.2025 00:00	170.5	172.5	160.5	161.0	3538
05.05.2025 00:00	160.5	161.5	156.0	159.0	1178
06.05.2025 00:00	160.0	164.5	159.5	164.5	891
07.05.2025 00:00	165.0	169.0	163.5	165.0	1341
08.05.2025 00:00	167.0	167.0	162.0	164.0	400
12.05.2025 00:00	165.0	168.0	165.0	167.0	405
13.05.2025 00:00	167.0	168.0	164.5	166.0	331
14.05.2025 00:00	167.5	167.5	164.0	165.0	650
15.05.2025 00:00	166.5	166.5	162.5	165.0	293
16.05.2025 00:00	165.5	166.5	160.5	163.0	437
19.05.2025 00:00	163.0	164.0	159.0	159.0	567
20.05.2025 00:00	159.0	160.0	153.0	155.0	1447
21.05.2025 00:00	156.0	156.5	153.5	154.5	86
22.05.2025 00:00	154.5	155.5	148.0	150.5	1850
