datetime	open	high	low	close	volume
07.03.2018 00:00	0.405	0.405	0.405	0.405	80
12.03.2018 00:00	0.405	0.405	0.4	0.405	60
13.03.2018 00:00	0.405	0.405	0.405	0.405	50
14.03.2018 00:00	0.4	0.41500000000000004	0.4	0.4	50
15.03.2018 00:00	0.405	0.41500000000000004	0.39	0.39	220
16.03.2018 00:00	0.395	0.395	0.395	0.395	10
19.03.2018 00:00	0.405	0.405	0.4	0.4	60
20.03.2018 00:00	0.4	0.4	0.4	0.4	70
21.03.2018 00:00	0.4	0.4	0.375	0.385	310
22.03.2018 00:00	0.385	0.42	0.23500000000000001	0.34500000000000003	490
23.03.2018 00:00	0.34	0.42	0.34	0.405	660
26.03.2018 00:00	0.365	0.405	0.34500000000000003	0.405	1320
27.03.2018 00:00	0.43	0.43	0.245	0.325	1500
28.03.2018 00:00	0.325	0.435	0.31	0.33	230
29.03.2018 00:00	0.33	0.355	0.33	0.355	750
03.04.2018 00:00	0.335	0.335	0.325	0.325	20
04.04.2018 00:00	0.34	0.34	0.34	0.34	10
06.04.2018 00:00	0.33	0.335	0.33	0.335	30
10.04.2018 00:00	0.325	0.325	0.325	0.325	10
04.05.2018 00:00	0.325	0.325	0.305	0.305	110
18.05.2018 00:00	0.3	0.33	0.25	0.295	390
25.05.2018 00:00	0.295	0.295	0.295	0.295	10
09.06.2018 00:00	0.305	0.305	0.305	0.305	10
13.06.2018 00:00	0.31	0.31	0.31	0.31	30
14.06.2018 00:00	0.295	0.3	0.295	0.3	60
15.06.2018 00:00	0.305	0.305	0.305	0.305	40
19.06.2018 00:00	0.41500000000000004	0.41500000000000004	0.31	0.335	460
20.06.2018 00:00	0.36	0.4	0.335	0.385	530
22.06.2018 00:00	0.385	0.385	0.385	0.385	130
25.06.2018 00:00	0.35000000000000003	0.365	0.35000000000000003	0.365	20
29.06.2018 00:00	0.34500000000000003	0.355	0.34500000000000003	0.35000000000000003	40
03.07.2018 00:00	0.29	0.34	0.29	0.3	220
09.07.2018 00:00	0.31	0.32	0.31	0.32	40
24.07.2018 00:00	0.32	0.32	0.32	0.32	10
30.07.2018 00:00	0.31	0.31	0.31	0.31	10
06.08.2018 00:00	0.31	0.31	0.31	0.31	20
27.08.2018 00:00	0.295	0.305	0.295	0.305	20
28.08.2018 00:00	0.325	0.325	0.305	0.305	50
04.09.2018 00:00	0.325	0.325	0.325	0.325	10
17.09.2018 00:00	0.28	0.305	0.28	0.305	30
25.09.2018 00:00	0.425	0.425	0.34	0.425	970
26.09.2018 00:00	0.42	0.495	0.42	0.45	510
27.09.2018 00:00	0.405	0.405	0.4	0.405	50
28.09.2018 00:00	0.42	0.42	0.385	0.385	300
01.10.2018 00:00	0.375	0.375	0.375	0.375	30
05.10.2018 00:00	0.34500000000000003	0.35000000000000003	0.34500000000000003	0.35000000000000003	60
09.10.2018 00:00	0.355	0.355	0.355	0.355	30
10.10.2018 00:00	0.355	0.355	0.355	0.355	60
11.10.2018 00:00	0.34	0.34500000000000003	0.34	0.34	30
16.10.2018 00:00	0.365	0.365	0.34500000000000003	0.34500000000000003	20
22.10.2018 00:00	0.34500000000000003	0.34500000000000003	0.295	0.34	170
31.10.2018 00:00	0.355	0.355	0.34500000000000003	0.34500000000000003	40
01.11.2018 00:00	0.33	0.375	0.33	0.34500000000000003	30
06.11.2018 00:00	0.34	0.34	0.34	0.34	10
14.11.2018 00:00	0.34	0.34500000000000003	0.34	0.34	60
16.11.2018 00:00	0.375	0.375	0.34500000000000003	0.34500000000000003	20
19.11.2018 00:00	0.34500000000000003	0.34500000000000003	0.34500000000000003	0.34500000000000003	10
29.11.2018 00:00	0.33	0.34	0.33	0.33	140
30.11.2018 00:00	0.335	0.335	0.335	0.335	10
03.12.2018 00:00	0.335	0.335	0.335	0.335	10
04.12.2018 00:00	0.335	0.335	0.335	0.335	10
06.12.2018 00:00	0.33	0.33	0.33	0.33	30
10.12.2018 00:00	0.295	0.32	0.295	0.32	30
18.12.2018 00:00	0.39	0.45	0.34	0.45	2440
19.12.2018 00:00	0.485	0.54	0.35000000000000003	0.37	2960
20.12.2018 00:00	0.355	0.39	0.355	0.355	60
21.12.2018 00:00	0.365	0.365	0.34	0.34	170
24.12.2018 00:00	0.37	0.37	0.34	0.35000000000000003	150
27.12.2018 00:00	0.375	0.435	0.34500000000000003	0.385	800
28.12.2018 00:00	0.41000000000000003	0.435	0.365	0.365	500
29.12.2018 00:00	0.435	0.455	0.365	0.4	800
03.01.2019 00:00	0.365	0.42	0.365	0.385	50
09.01.2019 00:00	0.41500000000000004	0.41500000000000004	0.4	0.41500000000000004	80
14.01.2019 00:00	0.405	0.405	0.405	0.405	20
16.01.2019 00:00	0.41000000000000003	0.41000000000000003	0.41000000000000003	0.41000000000000003	10
17.01.2019 00:00	0.39	0.4	0.39	0.4	40
18.01.2019 00:00	0.41000000000000003	0.41000000000000003	0.4	0.405	30
24.01.2019 00:00	0.405	0.41500000000000004	0.4	0.405	270
25.01.2019 00:00	0.41500000000000004	0.41500000000000004	0.355	0.375	250
28.01.2019 00:00	0.385	0.385	0.36	0.36	90
29.01.2019 00:00	0.375	0.375	0.375	0.375	10
04.02.2019 00:00	0.37	0.37	0.365	0.365	30
05.02.2019 00:00	0.36	0.365	0.34500000000000003	0.365	440
06.02.2019 00:00	0.365	0.375	0.35000000000000003	0.36	380
07.02.2019 00:00	0.385	0.39	0.375	0.39	170
08.02.2019 00:00	0.355	0.365	0.35000000000000003	0.36	140
11.02.2019 00:00	0.35000000000000003	0.35000000000000003	0.35000000000000003	0.35000000000000003	70
12.02.2019 00:00	0.35000000000000003	0.35000000000000003	0.35000000000000003	0.35000000000000003	20
14.02.2019 00:00	0.34500000000000003	0.34500000000000003	0.34500000000000003	0.34500000000000003	10
15.02.2019 00:00	0.34500000000000003	0.34500000000000003	0.34500000000000003	0.34500000000000003	10
18.02.2019 00:00	0.365	0.375	0.365	0.375	120
19.02.2019 00:00	0.34	0.365	0.34	0.34500000000000003	170
20.02.2019 00:00	0.375	0.42	0.35000000000000003	0.35000000000000003	1560
21.02.2019 00:00	0.355	0.36	0.355	0.355	70
25.02.2019 00:00	0.34500000000000003	0.34500000000000003	0.34500000000000003	0.34500000000000003	50
27.02.2019 00:00	0.34500000000000003	0.34500000000000003	0.34	0.34500000000000003	90
01.03.2019 00:00	0.34	0.34	0.34	0.34	10
04.03.2019 00:00	0.335	0.335	0.335	0.335	10
05.03.2019 00:00	0.34	0.44	0.33	0.335	3290
06.03.2019 00:00	0.365	0.37	0.325	0.33	2030
07.03.2019 00:00	0.33	0.33	0.31	0.32	150
11.03.2019 00:00	0.31	0.32	0.31	0.31	50
13.03.2019 00:00	0.335	0.335	0.325	0.325	70
14.03.2019 00:00	0.31	0.325	0.31	0.325	160
15.03.2019 00:00	0.31	0.33	0.31	0.32	130
18.03.2019 00:00	0.325	0.325	0.325	0.325	70
19.03.2019 00:00	0.33	0.33	0.33	0.33	30
20.03.2019 00:00	0.335	0.335	0.335	0.335	10
21.03.2019 00:00	0.335	0.335	0.335	0.335	20
22.03.2019 00:00	0.34	0.37	0.34	0.34	550
25.03.2019 00:00	0.355	0.355	0.34500000000000003	0.34500000000000003	580
26.03.2019 00:00	0.355	0.37	0.34500000000000003	0.34500000000000003	720
27.03.2019 00:00	0.34500000000000003	0.35000000000000003	0.34	0.34	250
28.03.2019 00:00	0.365	0.39	0.34500000000000003	0.35000000000000003	4230
29.03.2019 00:00	0.355	0.355	0.33	0.34	700
01.04.2019 00:00	0.335	0.34	0.325	0.34	270
02.04.2019 00:00	0.33	0.335	0.325	0.335	60
03.04.2019 00:00	0.335	0.335	0.33	0.335	180
04.04.2019 00:00	0.33	0.33	0.31	0.32	270
05.04.2019 00:00	0.33	0.34	0.32	0.325	330
08.04.2019 00:00	0.335	0.34	0.325	0.33	150
09.04.2019 00:00	0.34	0.39	0.34	0.36	2460
10.04.2019 00:00	0.375	0.44	0.34500000000000003	0.35000000000000003	3990
11.04.2019 00:00	0.34500000000000003	0.355	0.34500000000000003	0.35000000000000003	300
12.04.2019 00:00	0.36	0.36	0.34	0.36	100
15.04.2019 00:00	0.355	0.355	0.35000000000000003	0.35000000000000003	40
16.04.2019 00:00	0.34	0.34500000000000003	0.34	0.34	140
17.04.2019 00:00	0.34500000000000003	0.34500000000000003	0.34500000000000003	0.34500000000000003	220
18.04.2019 00:00	0.34500000000000003	0.34500000000000003	0.34500000000000003	0.34500000000000003	10
19.04.2019 00:00	0.355	0.355	0.34500000000000003	0.355	160
22.04.2019 00:00	0.335	0.35000000000000003	0.33	0.35000000000000003	200
23.04.2019 00:00	0.35000000000000003	0.36	0.35000000000000003	0.36	20
24.04.2019 00:00	0.35000000000000003	0.35000000000000003	0.34500000000000003	0.34500000000000003	100
26.04.2019 00:00	0.35000000000000003	0.35000000000000003	0.33	0.335	260
29.04.2019 00:00	0.33	0.34	0.33	0.335	170
30.04.2019 00:00	0.34500000000000003	0.34500000000000003	0.34500000000000003	0.34500000000000003	10
06.05.2019 00:00	0.335	0.34500000000000003	0.335	0.34	290
07.05.2019 00:00	0.33	0.34	0.33	0.34	100
08.05.2019 00:00	0.34500000000000003	0.34500000000000003	0.34500000000000003	0.34500000000000003	20
10.05.2019 00:00	0.335	0.34500000000000003	0.335	0.34	160
13.05.2019 00:00	0.34500000000000003	0.34500000000000003	0.34500000000000003	0.34500000000000003	110
14.05.2019 00:00	0.34	0.34	0.34	0.34	10
15.05.2019 00:00	0.34	0.35000000000000003	0.34	0.34	60
17.05.2019 00:00	0.335	0.34	0.335	0.34	220
20.05.2019 00:00	0.335	0.335	0.335	0.335	10
22.05.2019 00:00	0.335	0.335	0.335	0.335	20
23.05.2019 00:00	0.34	0.34	0.34	0.34	20
24.05.2019 00:00	0.34	0.34	0.33	0.34	80
27.05.2019 00:00	0.34	0.34	0.34	0.34	30
28.05.2019 00:00	0.34	0.34	0.34	0.34	50
29.05.2019 00:00	0.335	0.335	0.33	0.335	210
30.05.2019 00:00	0.34	0.34	0.335	0.34	90
31.05.2019 00:00	0.33	0.335	0.33	0.335	60
03.06.2019 00:00	0.33	0.33	0.325	0.33	160
04.06.2019 00:00	0.325	0.335	0.325	0.325	130
05.06.2019 00:00	0.335	0.335	0.325	0.33	150
06.06.2019 00:00	0.325	0.33	0.31	0.325	160
07.06.2019 00:00	0.33	0.33	0.33	0.33	10
10.06.2019 00:00	0.335	0.335	0.335	0.335	10
11.06.2019 00:00	0.335	0.335	0.335	0.335	10
13.06.2019 00:00	0.325	0.325	0.32	0.32	290
14.06.2019 00:00	0.325	0.33	0.325	0.325	140
17.06.2019 00:00	0.32	0.33	0.32	0.33	50
19.06.2019 00:00	0.325	0.325	0.32	0.325	30
20.06.2019 00:00	0.32	0.325	0.31	0.32	140
21.06.2019 00:00	0.32	0.32	0.32	0.32	10
24.06.2019 00:00	0.31	0.32	0.31	0.32	110
26.06.2019 00:00	0.32	0.32	0.32	0.32	20
01.07.2019 00:00	0.325	0.325	0.325	0.325	20
02.07.2019 00:00	0.33	0.33	0.33	0.33	20
03.07.2019 00:00	0.33	0.34	0.33	0.335	200
05.07.2019 00:00	0.33	0.33	0.325	0.325	130
08.07.2019 00:00	0.34	0.34	0.32	0.335	250
09.07.2019 00:00	0.32	0.32	0.32	0.32	20
10.07.2019 00:00	0.32	0.32	0.32	0.32	130
11.07.2019 00:00	0.31	0.325	0.305	0.32	230
12.07.2019 00:00	0.31	0.325	0.31	0.32	70
15.07.2019 00:00	0.33	0.33	0.325	0.325	40
16.07.2019 00:00	0.32	0.325	0.32	0.325	60
17.07.2019 00:00	0.32	0.325	0.31	0.325	180
18.07.2019 00:00	0.32	0.32	0.29	0.32	310
19.07.2019 00:00	0.32	0.32	0.32	0.32	10
24.07.2019 00:00	0.32	0.32	0.32	0.32	10
29.07.2019 00:00	0.325	0.325	0.325	0.325	50
02.08.2019 00:00	0.33	0.33	0.31	0.31	80
06.08.2019 00:00	0.32	0.32	0.32	0.32	30
08.08.2019 00:00	0.31	0.31	0.31	0.31	10
09.08.2019 00:00	0.31	0.335	0.305	0.33	170
12.08.2019 00:00	0.32	0.32	0.32	0.32	20
14.08.2019 00:00	0.31	0.31	0.31	0.31	50
15.08.2019 00:00	0.31	0.31	0.3	0.31	50
20.08.2019 00:00	0.32	0.32	0.32	0.32	20
21.08.2019 00:00	0.305	0.31	0.305	0.31	80
26.08.2019 00:00	0.31	0.31	0.31	0.31	20
27.08.2019 00:00	0.31	0.31	0.31	0.31	10
29.08.2019 00:00	0.31	0.31	0.31	0.31	20
30.08.2019 00:00	0.31	0.31	0.31	0.31	40
02.09.2019 00:00	0.32	0.32	0.32	0.32	20
03.09.2019 00:00	0.31	0.325	0.31	0.325	50
04.09.2019 00:00	0.325	0.325	0.3	0.32	120
09.09.2019 00:00	0.31	0.34	0.31	0.34	120
19.09.2019 00:00	0.34	0.405	0.32	0.33	3530
20.09.2019 00:00	0.33	0.44	0.33	0.34500000000000003	10290
23.09.2019 00:00	0.34500000000000003	0.34500000000000003	0.33	0.33	1210
24.09.2019 00:00	0.33	0.375	0.325	0.35000000000000003	4080
25.09.2019 00:00	0.35000000000000003	0.35000000000000003	0.325	0.335	1720
26.09.2019 00:00	0.33	0.335	0.33	0.33	310
27.09.2019 00:00	0.33	0.335	0.33	0.33	80
30.09.2019 00:00	0.335	0.335	0.33	0.33	60
01.10.2019 00:00	0.33	0.35000000000000003	0.325	0.34	1130
02.10.2019 00:00	0.34500000000000003	0.36	0.335	0.335	780
03.10.2019 00:00	0.335	0.34	0.33	0.335	640
04.10.2019 00:00	0.34	0.34	0.335	0.335	510
07.10.2019 00:00	0.33	0.33	0.33	0.33	80
08.10.2019 00:00	0.33	0.33	0.31	0.325	730
09.10.2019 00:00	0.32	0.325	0.31	0.325	260
10.10.2019 00:00	0.33	0.33	0.32	0.325	460
11.10.2019 00:00	0.32	0.33	0.32	0.325	600
14.10.2019 00:00	0.325	0.33	0.325	0.33	220
15.10.2019 00:00	0.33	0.33	0.33	0.33	100
16.10.2019 00:00	0.335	0.335	0.325	0.33	770
17.10.2019 00:00	0.335	0.34	0.33	0.34	280
18.10.2019 00:00	0.34	0.34	0.335	0.34	130
21.10.2019 00:00	0.34	0.34	0.33	0.34	40
24.10.2019 00:00	0.335	0.335	0.33	0.33	80
25.10.2019 00:00	0.325	0.33	0.325	0.325	80
29.10.2019 00:00	0.335	0.335	0.335	0.335	10
30.10.2019 00:00	0.33	0.34	0.325	0.325	80
31.10.2019 00:00	0.33	0.33	0.33	0.33	10
01.11.2019 00:00	0.33	0.33	0.32	0.325	120
05.11.2019 00:00	0.33	0.33	0.325	0.325	120
06.11.2019 00:00	0.33	0.33	0.325	0.325	90
07.11.2019 00:00	0.325	0.325	0.325	0.325	20
08.11.2019 00:00	0.325	0.325	0.325	0.325	10
11.11.2019 00:00	0.325	0.325	0.325	0.325	30
12.11.2019 00:00	0.33	0.335	0.325	0.325	130
13.11.2019 00:00	0.325	0.325	0.32	0.325	90
14.11.2019 00:00	0.325	0.33	0.325	0.33	100
18.11.2019 00:00	0.325	0.325	0.325	0.325	50
19.11.2019 00:00	0.33	0.33	0.33	0.33	30
21.11.2019 00:00	0.33	0.33	0.33	0.33	50
22.11.2019 00:00	0.33	0.33	0.33	0.33	50
25.11.2019 00:00	0.325	0.33	0.325	0.33	330
26.11.2019 00:00	0.33	0.335	0.33	0.335	300
27.11.2019 00:00	0.335	0.34	0.33	0.335	100
28.11.2019 00:00	0.33	0.33	0.33	0.33	10
29.11.2019 00:00	0.335	0.34	0.335	0.34	110
02.12.2019 00:00	0.335	0.34500000000000003	0.335	0.34	200
03.12.2019 00:00	0.34	0.34	0.34	0.34	10
04.12.2019 00:00	0.335	0.335	0.335	0.335	40
06.12.2019 00:00	0.335	0.335	0.325	0.325	110
09.12.2019 00:00	0.335	0.34	0.335	0.34	160
11.12.2019 00:00	0.34	0.34	0.335	0.335	80
12.12.2019 00:00	0.325	0.34500000000000003	0.325	0.34	130
16.12.2019 00:00	0.34	0.34	0.34	0.34	30
19.12.2019 00:00	0.34	0.34	0.34	0.34	10
24.12.2019 00:00	0.34	0.34	0.33	0.335	120
27.12.2019 00:00	0.34	0.34500000000000003	0.33	0.34	90
30.12.2019 00:00	0.34	0.36	0.34	0.34	300
03.01.2020 00:00	0.34	0.34	0.33	0.34	120
06.01.2020 00:00	0.34	0.35000000000000003	0.34	0.34500000000000003	210
08.01.2020 00:00	0.34	0.34	0.34	0.34	50
09.01.2020 00:00	0.34	0.34	0.34	0.34	30
10.01.2020 00:00	0.34	0.34	0.34	0.34	250
13.01.2020 00:00	0.34	0.34	0.34	0.34	50
14.01.2020 00:00	0.34	0.34	0.335	0.34	140
15.01.2020 00:00	0.34	0.35000000000000003	0.34	0.34500000000000003	380
16.01.2020 00:00	0.34	0.34	0.335	0.34	1600
17.01.2020 00:00	0.34	0.34500000000000003	0.34	0.34500000000000003	20
21.01.2020 00:00	0.34	0.34	0.33	0.34	420
22.01.2020 00:00	0.34	0.34	0.34	0.34	100
23.01.2020 00:00	0.34	0.34	0.34	0.34	10
24.01.2020 00:00	0.335	0.34	0.335	0.34	50
27.01.2020 00:00	0.34	0.34	0.335	0.34	80
28.01.2020 00:00	0.335	0.335	0.33	0.335	130
29.01.2020 00:00	0.335	0.335	0.335	0.335	40
30.01.2020 00:00	0.33	0.33	0.33	0.33	20
31.01.2020 00:00	0.335	0.34	0.335	0.335	130
03.02.2020 00:00	0.33	0.34	0.33	0.33	130
04.02.2020 00:00	0.33	0.34	0.33	0.34	80
05.02.2020 00:00	0.34	0.34	0.33	0.335	130
07.02.2020 00:00	0.33	0.33	0.32	0.33	1290
11.02.2020 00:00	0.33	0.33	0.33	0.33	390
12.02.2020 00:00	0.335	0.34	0.33	0.33	630
13.02.2020 00:00	0.34	0.34	0.335	0.335	280
14.02.2020 00:00	0.34	0.385	0.34	0.34	3280
17.02.2020 00:00	0.34	0.34500000000000003	0.335	0.34	700
18.02.2020 00:00	0.34	0.35000000000000003	0.335	0.34	710
19.02.2020 00:00	0.335	0.34	0.335	0.34	280
20.02.2020 00:00	0.34	0.365	0.34	0.36	1500
21.02.2020 00:00	0.37	0.37	0.34	0.35000000000000003	1110
25.02.2020 00:00	0.34500000000000003	0.34500000000000003	0.34	0.34500000000000003	140
26.02.2020 00:00	0.34500000000000003	0.34500000000000003	0.325	0.34	1130
27.02.2020 00:00	0.34	0.34	0.33	0.34	430
28.02.2020 00:00	0.325	0.33	0.32	0.32	210
02.03.2020 00:00	0.33	0.33	0.32	0.33	250
03.03.2020 00:00	0.335	0.335	0.335	0.335	100
04.03.2020 00:00	0.33	0.335	0.33	0.335	150
05.03.2020 00:00	0.335	0.335	0.33	0.335	90
06.03.2020 00:00	0.33	0.33	0.32	0.32	440
10.03.2020 00:00	0.305	0.32	0.295	0.295	420
11.03.2020 00:00	0.305	0.305	0.3	0.3	140
12.03.2020 00:00	0.295	0.3	0.27	0.3	320
13.03.2020 00:00	0.29	0.295	0.245	0.28	210
16.03.2020 00:00	0.265	0.27	0.25	0.27	240
17.03.2020 00:00	0.3	0.3	0.27	0.275	150
18.03.2020 00:00	0.28	0.28	0.265	0.265	20
19.03.2020 00:00	0.27	0.27	0.27	0.27	40
20.03.2020 00:00	0.27	0.29	0.27	0.29	40
24.03.2020 00:00	0.28500000000000003	0.305	0.28	0.28500000000000003	360
25.03.2020 00:00	0.28	0.295	0.28	0.29	340
26.03.2020 00:00	0.28500000000000003	0.28500000000000003	0.28500000000000003	0.28500000000000003	10
27.03.2020 00:00	0.295	0.295	0.28500000000000003	0.28500000000000003	40
31.03.2020 00:00	0.295	0.34	0.295	0.295	1800
02.04.2020 00:00	0.325	0.325	0.31	0.31	40
03.04.2020 00:00	0.31	0.31	0.305	0.305	30
06.04.2020 00:00	0.32	0.33	0.32	0.33	40
07.04.2020 00:00	0.31	0.33	0.31	0.325	180
10.04.2020 00:00	0.32	0.325	0.32	0.325	40
14.04.2020 00:00	0.33	0.34	0.32	0.335	190
15.04.2020 00:00	0.325	0.325	0.305	0.31	140
20.04.2020 00:00	0.32	0.325	0.31	0.32	150
21.04.2020 00:00	0.31	0.31	0.28500000000000003	0.3	650
22.04.2020 00:00	0.295	0.305	0.295	0.3	110
23.04.2020 00:00	0.295	0.3	0.295	0.3	110
24.04.2020 00:00	0.305	0.305	0.305	0.305	20
27.04.2020 00:00	0.305	0.335	0.3	0.305	650
28.04.2020 00:00	0.325	0.325	0.32	0.32	20
29.04.2020 00:00	0.32	0.32	0.32	0.32	20
30.04.2020 00:00	0.305	0.305	0.305	0.305	10
04.05.2020 00:00	0.31	0.335	0.31	0.31	720
05.05.2020 00:00	0.32	0.325	0.32	0.32	60
06.05.2020 00:00	0.31	0.32	0.31	0.32	130
07.05.2020 00:00	0.325	0.44	0.325	0.435	18970
08.05.2020 00:00	0.425	0.425	0.35000000000000003	0.375	5550
12.05.2020 00:00	0.365	0.365	0.355	0.36	480
13.05.2020 00:00	0.355	0.365	0.35000000000000003	0.365	200
14.05.2020 00:00	0.36	0.365	0.36	0.365	70
15.05.2020 00:00	0.36	0.36	0.36	0.36	20
18.05.2020 00:00	0.36	0.36	0.355	0.36	60
19.05.2020 00:00	0.365	0.365	0.36	0.36	90
20.05.2020 00:00	0.36	0.365	0.36	0.365	30
21.05.2020 00:00	0.365	0.365	0.34500000000000003	0.34500000000000003	280
22.05.2020 00:00	0.34	0.355	0.34	0.34500000000000003	170
25.05.2020 00:00	0.34	0.34500000000000003	0.335	0.34500000000000003	240
26.05.2020 00:00	0.34	0.34500000000000003	0.34	0.34	150
27.05.2020 00:00	0.34	0.34500000000000003	0.34	0.34500000000000003	350
28.05.2020 00:00	0.34500000000000003	0.34500000000000003	0.34	0.34	20
29.05.2020 00:00	0.34	0.34500000000000003	0.335	0.34	500
01.06.2020 00:00	0.34	0.34	0.335	0.335	200
02.06.2020 00:00	0.335	0.34	0.335	0.34	30
03.06.2020 00:00	0.34	0.34500000000000003	0.335	0.34	290
05.06.2020 00:00	0.34	0.34	0.34	0.34	130
08.06.2020 00:00	0.34	0.34	0.335	0.335	90
09.06.2020 00:00	0.34	0.405	0.34	0.35000000000000003	3030
10.06.2020 00:00	0.34500000000000003	0.4	0.34	0.36	3350
11.06.2020 00:00	0.35000000000000003	0.355	0.34500000000000003	0.355	260
15.06.2020 00:00	0.34500000000000003	0.35000000000000003	0.34500000000000003	0.34500000000000003	60
16.06.2020 00:00	0.35000000000000003	0.355	0.35000000000000003	0.355	40
17.06.2020 00:00	0.35000000000000003	0.385	0.34500000000000003	0.34500000000000003	3410
18.06.2020 00:00	0.355	0.435	0.355	0.41500000000000004	5890
19.06.2020 00:00	0.41500000000000004	0.53	0.4	0.41500000000000004	9740
22.06.2020 00:00	0.435	0.47000000000000003	0.41000000000000003	0.425	1330
23.06.2020 00:00	0.45	0.45	0.39	0.425	7490
25.06.2020 00:00	0.405	0.45	0.365	0.41000000000000003	10850
26.06.2020 00:00	0.425	0.425	0.39	0.405	1230
29.06.2020 00:00	0.395	0.405	0.37	0.405	1410
30.06.2020 00:00	0.405	0.405	0.37	0.375	1500
02.07.2020 00:00	0.385	0.405	0.37	0.39	9660
03.07.2020 00:00	0.39	0.4	0.39	0.395	170
06.07.2020 00:00	0.39	0.425	0.385	0.4	3090
07.07.2020 00:00	0.395	0.425	0.39	0.405	9100
08.07.2020 00:00	0.405	0.405	0.39	0.395	2310
09.07.2020 00:00	0.39	0.395	0.39	0.39	350
10.07.2020 00:00	0.395	0.405	0.39	0.4	680
13.07.2020 00:00	0.395	0.395	0.375	0.39	570
14.07.2020 00:00	0.385	0.39	0.375	0.375	230
15.07.2020 00:00	0.375	0.375	0.36	0.37	490
16.07.2020 00:00	0.37	0.375	0.37	0.37	290
17.07.2020 00:00	0.37	0.37	0.37	0.37	100
20.07.2020 00:00	0.365	0.365	0.365	0.365	20
21.07.2020 00:00	0.365	0.365	0.365	0.365	40
22.07.2020 00:00	0.365	0.405	0.36	0.39	7940
23.07.2020 00:00	0.375	0.44	0.375	0.405	5920
24.07.2020 00:00	0.4	0.425	0.39	0.405	6550
27.07.2020 00:00	0.405	0.41500000000000004	0.39	0.405	19770
28.07.2020 00:00	0.4	0.435	0.395	0.405	12020
29.07.2020 00:00	0.405	0.42	0.4	0.405	8670
30.07.2020 00:00	0.425	0.56	0.41500000000000004	0.465	14050
31.07.2020 00:00	0.47000000000000003	0.505	0.425	0.44	4810
03.08.2020 00:00	0.45	0.46	0.425	0.43	750
04.08.2020 00:00	0.43	0.47000000000000003	0.425	0.465	1430
05.08.2020 00:00	0.46	0.64	0.46	0.605	25150
06.08.2020 00:00	0.585	0.78	0.455	0.5650000000000001	25310
07.08.2020 00:00	0.54	0.58	0.5	0.515	3520
10.08.2020 00:00	0.525	0.58	0.495	0.535	5390
11.08.2020 00:00	0.54	0.685	0.535	0.5650000000000001	21540
12.08.2020 00:00	0.5650000000000001	0.6950000000000001	0.54	0.63	17550
13.08.2020 00:00	0.65	0.65	0.5750000000000001	0.605	4220
14.08.2020 00:00	0.61	0.61	0.56	0.585	2560
17.08.2020 00:00	0.59	0.655	0.5700000000000001	0.6	7920
18.08.2020 00:00	0.625	0.8200000000000001	0.5750000000000001	0.705	58810
19.08.2020 00:00	0.705	0.9400000000000001	0.655	0.805	41020
20.08.2020 00:00	0.8	0.8	0.72	0.73	2540
21.08.2020 00:00	0.72	0.855	0.715	0.8	7200
24.08.2020 00:00	0.8	0.8	0.73	0.77	2790
25.08.2020 00:00	0.75	0.77	0.735	0.74	1270
26.08.2020 00:00	0.735	0.775	0.7000000000000001	0.7000000000000001	2610
27.08.2020 00:00	0.72	0.72	0.65	0.685	1760
28.08.2020 00:00	0.675	0.685	0.5750000000000001	0.665	1390
31.08.2020 00:00	0.675	0.705	0.665	0.68	790
01.09.2020 00:00	0.705	0.705	0.67	0.675	440
02.09.2020 00:00	0.665	0.68	0.66	0.66	150
03.09.2020 00:00	0.65	0.65	0.56	0.6	1740
04.09.2020 00:00	0.6	0.6	0.56	0.5650000000000001	830
07.09.2020 00:00	0.59	0.595	0.58	0.59	180
08.09.2020 00:00	0.585	0.62	0.5750000000000001	0.6	990
09.09.2020 00:00	0.605	0.66	0.595	0.61	2110
10.09.2020 00:00	0.595	0.625	0.59	0.605	700
11.09.2020 00:00	0.605	0.61	0.59	0.595	370
14.09.2020 00:00	0.615	0.62	0.585	0.595	580
15.09.2020 00:00	0.59	0.595	0.59	0.595	60
16.09.2020 00:00	0.58	0.59	0.58	0.585	820
17.09.2020 00:00	0.5750000000000001	0.595	0.5700000000000001	0.5750000000000001	650
18.09.2020 00:00	0.5700000000000001	0.58	0.505	0.58	1220
21.09.2020 00:00	0.59	0.665	0.5700000000000001	0.58	870
22.09.2020 00:00	0.5700000000000001	0.59	0.5650000000000001	0.5750000000000001	400
23.09.2020 00:00	0.5750000000000001	0.605	0.55	0.5700000000000001	1610
24.09.2020 00:00	0.58	0.58	0.56	0.56	240
25.09.2020 00:00	0.56	0.56	0.525	0.545	1010
28.09.2020 00:00	0.535	0.54	0.525	0.53	390
29.09.2020 00:00	0.525	0.535	0.52	0.535	200
30.09.2020 00:00	0.525	0.525	0.495	0.505	390
01.10.2020 00:00	0.515	0.53	0.495	0.505	630
02.10.2020 00:00	0.505	0.6950000000000001	0.505	0.56	4490
05.10.2020 00:00	0.5700000000000001	0.5700000000000001	0.545	0.545	380
06.10.2020 00:00	0.56	0.58	0.535	0.555	1060
07.10.2020 00:00	0.555	0.555	0.555	0.555	50
08.10.2020 00:00	0.55	0.56	0.535	0.545	180
09.10.2020 00:00	0.56	0.5650000000000001	0.53	0.54	190
12.10.2020 00:00	0.55	0.55	0.535	0.535	470
13.10.2020 00:00	0.535	0.56	0.53	0.56	820
14.10.2020 00:00	0.555	0.555	0.545	0.55	60
15.10.2020 00:00	0.54	0.545	0.53	0.535	360
16.10.2020 00:00	0.53	0.53	0.53	0.53	10
19.10.2020 00:00	0.53	0.535	0.53	0.535	180
20.10.2020 00:00	0.53	0.54	0.515	0.54	460
21.10.2020 00:00	0.53	0.54	0.525	0.54	170
22.10.2020 00:00	0.54	0.54	0.52	0.525	330
23.10.2020 00:00	0.53	0.55	0.525	0.54	370
26.10.2020 00:00	0.545	0.545	0.52	0.54	300
27.10.2020 00:00	0.525	0.54	0.52	0.54	450
28.10.2020 00:00	0.53	0.535	0.505	0.505	290
29.10.2020 00:00	0.53	0.545	0.5	0.535	500
30.10.2020 00:00	0.515	0.53	0.505	0.525	220
02.11.2020 00:00	0.525	0.53	0.515	0.53	180
03.11.2020 00:00	0.535	0.54	0.525	0.525	130
05.11.2020 00:00	0.53	0.54	0.515	0.53	1000
06.11.2020 00:00	0.535	0.56	0.535	0.545	530
09.11.2020 00:00	0.545	0.545	0.525	0.525	710
10.11.2020 00:00	0.53	0.54	0.53	0.53	970
11.11.2020 00:00	0.525	0.53	0.52	0.525	330
12.11.2020 00:00	0.53	0.535	0.52	0.525	800
13.11.2020 00:00	0.53	0.545	0.525	0.535	860
16.11.2020 00:00	0.545	0.545	0.53	0.54	890
17.11.2020 00:00	0.53	0.535	0.53	0.535	920
18.11.2020 00:00	0.54	0.545	0.53	0.535	980
19.11.2020 00:00	0.535	0.535	0.52	0.525	290
20.11.2020 00:00	0.525	0.54	0.52	0.54	190
23.11.2020 00:00	0.525	0.545	0.525	0.535	750
24.11.2020 00:00	0.53	0.54	0.525	0.53	650
25.11.2020 00:00	0.53	0.535	0.53	0.53	770
26.11.2020 00:00	0.53	0.535	0.525	0.53	810
27.11.2020 00:00	0.535	0.535	0.525	0.53	800
30.11.2020 00:00	0.53	0.535	0.525	0.53	1100
01.12.2020 00:00	0.54	0.54	0.525	0.525	1240
02.12.2020 00:00	0.525	0.53	0.525	0.53	1300
03.12.2020 00:00	0.53	0.53	0.52	0.525	270
04.12.2020 00:00	0.52	0.53	0.515	0.53	1380
07.12.2020 00:00	0.53	0.535	0.52	0.525	880
08.12.2020 00:00	0.525	0.55	0.525	0.53	560
09.12.2020 00:00	0.54	0.54	0.515	0.52	860
10.12.2020 00:00	0.505	0.52	0.505	0.52	350
11.12.2020 00:00	0.515	0.515	0.505	0.515	280
14.12.2020 00:00	0.505	0.515	0.505	0.505	80
15.12.2020 00:00	0.505	0.515	0.5	0.515	600
16.12.2020 00:00	0.505	0.515	0.505	0.505	280
17.12.2020 00:00	0.505	0.52	0.505	0.515	370
18.12.2020 00:00	0.52	0.52	0.515	0.52	660
21.12.2020 00:00	0.515	0.515	0.505	0.515	890
22.12.2020 00:00	0.505	0.505	0.495	0.505	1320
23.12.2020 00:00	0.505	0.505	0.495	0.5	1420
24.12.2020 00:00	0.495	0.5	0.47500000000000003	0.485	870
25.12.2020 00:00	0.495	0.495	0.47000000000000003	0.49	1440
28.12.2020 00:00	0.485	0.485	0.48	0.48	860
29.12.2020 00:00	0.485	0.49	0.47500000000000003	0.48	730
30.12.2020 00:00	0.48	0.485	0.47500000000000003	0.47500000000000003	350
04.01.2021 00:00	0.48	0.485	0.48	0.485	220
05.01.2021 00:00	0.48	0.5	0.48	0.495	660
06.01.2021 00:00	0.5	0.505	0.495	0.5	470
08.01.2021 00:00	0.505	0.505	0.485	0.49	810
11.01.2021 00:00	0.495	0.5	0.495	0.5	280
12.01.2021 00:00	0.5	0.52	0.495	0.52	950
13.01.2021 00:00	0.5	0.52	0.5	0.505	880
14.01.2021 00:00	0.5	0.595	0.5	0.55	3900
15.01.2021 00:00	0.555	0.58	0.54	0.555	2430
18.01.2021 00:00	0.5650000000000001	0.5700000000000001	0.545	0.555	650
19.01.2021 00:00	0.545	0.5650000000000001	0.54	0.56	1180
20.01.2021 00:00	0.545	0.56	0.545	0.555	750
21.01.2021 00:00	0.56	0.56	0.54	0.54	200
22.01.2021 00:00	0.555	0.555	0.53	0.535	210
25.01.2021 00:00	0.55	0.555	0.525	0.525	410
26.01.2021 00:00	0.53	0.555	0.53	0.545	520
27.01.2021 00:00	0.545	0.55	0.535	0.54	60
28.01.2021 00:00	0.54	0.54	0.54	0.54	10
29.01.2021 00:00	0.54	0.545	0.53	0.535	460
01.02.2021 00:00	0.545	0.6	0.545	0.55	1640
02.02.2021 00:00	0.55	0.555	0.54	0.545	610
03.02.2021 00:00	0.55	0.55	0.54	0.54	100
04.02.2021 00:00	0.545	0.55	0.54	0.54	70
05.02.2021 00:00	0.54	0.545	0.535	0.54	620
08.02.2021 00:00	0.54	0.54	0.535	0.54	140
09.02.2021 00:00	0.54	0.54	0.535	0.535	80
10.02.2021 00:00	0.535	0.535	0.535	0.535	40
11.02.2021 00:00	0.53	0.535	0.525	0.535	70
12.02.2021 00:00	0.525	0.53	0.525	0.53	310
15.02.2021 00:00	0.52	0.595	0.52	0.535	2330
16.02.2021 00:00	0.535	0.535	0.53	0.535	310
17.02.2021 00:00	0.535	0.54	0.525	0.54	600
18.02.2021 00:00	0.54	0.54	0.525	0.53	100
19.02.2021 00:00	0.53	0.53	0.52	0.52	260
20.02.2021 00:00	0.525	0.55	0.52	0.54	710
22.02.2021 00:00	0.53	0.535	0.525	0.535	270
24.02.2021 00:00	0.535	0.58	0.525	0.55	890
25.02.2021 00:00	0.55	0.55	0.535	0.54	580
26.02.2021 00:00	0.535	0.535	0.495	0.53	1460
01.03.2021 00:00	0.52	0.53	0.515	0.52	295
02.03.2021 00:00	0.52	0.52	0.5	0.515	246
03.03.2021 00:00	0.5	0.535	0.5	0.52	283
04.03.2021 00:00	0.52	0.525	0.515	0.52	32
05.03.2021 00:00	0.515	0.515	0.505	0.515	86
09.03.2021 00:00	0.515	0.515	0.505	0.515	56
10.03.2021 00:00	0.515	0.52	0.505	0.52	25
11.03.2021 00:00	0.52	0.53	0.505	0.515	246
12.03.2021 00:00	0.515	0.515	0.505	0.515	140
15.03.2021 00:00	0.515	0.535	0.505	0.535	518
16.03.2021 00:00	0.54	0.54	0.515	0.525	35
17.03.2021 00:00	0.52	0.53	0.515	0.52	140
18.03.2021 00:00	0.53	0.53	0.515	0.525	43
19.03.2021 00:00	0.525	0.53	0.515	0.525	167
22.03.2021 00:00	0.525	0.525	0.52	0.52	15
23.03.2021 00:00	0.52	0.545	0.52	0.525	541
24.03.2021 00:00	0.52	0.52	0.495	0.505	527
25.03.2021 00:00	0.5	0.505	0.495	0.5	210
26.03.2021 00:00	0.5	0.505	0.495	0.5	45
29.03.2021 00:00	0.5	0.515	0.5	0.505	144
30.03.2021 00:00	0.515	0.515	0.5	0.505	17
31.03.2021 00:00	0.505	0.505	0.495	0.495	264
01.04.2021 00:00	0.505	0.515	0.5	0.5	102
02.04.2021 00:00	0.5	0.505	0.495	0.505	155
05.04.2021 00:00	0.5	0.505	0.495	0.5	164
06.04.2021 00:00	0.505	0.505	0.495	0.505	160
07.04.2021 00:00	0.495	0.505	0.495	0.505	98
08.04.2021 00:00	0.5	0.505	0.495	0.5	112
09.04.2021 00:00	0.495	0.5	0.495	0.5	20
12.04.2021 00:00	0.505	0.505	0.5	0.5	79
13.04.2021 00:00	0.505	0.505	0.505	0.505	16
14.04.2021 00:00	0.5	0.505	0.5	0.505	18
15.04.2021 00:00	0.505	0.505	0.495	0.5	89
16.04.2021 00:00	0.495	0.505	0.495	0.505	57
19.04.2021 00:00	0.505	0.515	0.505	0.505	46
20.04.2021 00:00	0.5	0.505	0.5	0.5	16
21.04.2021 00:00	0.505	0.515	0.505	0.505	94
22.04.2021 00:00	0.505	0.515	0.505	0.505	17
23.04.2021 00:00	0.5	0.505	0.495	0.505	239
26.04.2021 00:00	0.505	0.505	0.5	0.505	32
27.04.2021 00:00	0.5	0.505	0.5	0.5	115
28.04.2021 00:00	0.505	0.505	0.495	0.5	131
29.04.2021 00:00	0.5	0.5	0.495	0.495	29
30.04.2021 00:00	0.495	0.5	0.495	0.5	47
04.05.2021 00:00	0.5	0.5	0.5	0.5	37
05.05.2021 00:00	0.495	0.505	0.495	0.505	22
06.05.2021 00:00	0.505	0.52	0.495	0.495	443
07.05.2021 00:00	0.5	0.5	0.495	0.5	45
10.05.2021 00:00	0.5	0.5	0.49	0.5	93
11.05.2021 00:00	0.505	0.505	0.495	0.5	83
12.05.2021 00:00	0.5	0.505	0.5	0.505	30
13.05.2021 00:00	0.495	0.5	0.495	0.5	22
14.05.2021 00:00	0.5	0.5	0.495	0.495	145
17.05.2021 00:00	0.495	0.505	0.495	0.505	225
18.05.2021 00:00	0.505	0.505	0.495	0.5	45
19.05.2021 00:00	0.5	0.5	0.495	0.495	12
20.05.2021 00:00	0.5	0.5	0.495	0.495	21
21.05.2021 00:00	0.495	0.5	0.49	0.49	340
24.05.2021 00:00	0.49	0.495	0.49	0.495	59
25.05.2021 00:00	0.495	0.5	0.495	0.5	32
26.05.2021 00:00	0.49	0.495	0.49	0.495	39
27.05.2021 00:00	0.495	0.495	0.495	0.495	28
28.05.2021 00:00	0.495	0.505	0.49	0.495	261
31.05.2021 00:00	0.495	0.5	0.495	0.5	36
01.06.2021 00:00	0.495	0.495	0.495	0.495	2
02.06.2021 00:00	0.5	0.505	0.495	0.495	62
03.06.2021 00:00	0.5	0.5	0.495	0.495	30
04.06.2021 00:00	0.495	0.5	0.495	0.5	24
07.06.2021 00:00	0.495	0.5	0.495	0.5	21
08.06.2021 00:00	0.5	0.5	0.495	0.495	88
09.06.2021 00:00	0.5	0.5	0.495	0.495	52
10.06.2021 00:00	0.5	0.63	0.5	0.58	17914
11.06.2021 00:00	0.6	0.685	0.545	0.595	13096
14.06.2021 00:00	0.595	0.6	0.53	0.55	3098
15.06.2021 00:00	0.555	0.555	0.515	0.53	2024
16.06.2021 00:00	0.52	0.525	0.5	0.505	1721
17.06.2021 00:00	0.505	0.52	0.495	0.505	1108
18.06.2021 00:00	0.5	0.505	0.495	0.5	383
21.06.2021 00:00	0.495	0.5	0.485	0.495	433
22.06.2021 00:00	0.495	0.495	0.485	0.49	357
23.06.2021 00:00	0.485	0.485	0.47000000000000003	0.485	1067
24.06.2021 00:00	0.485	0.485	0.47500000000000003	0.48	281
25.06.2021 00:00	0.47500000000000003	0.48	0.46	0.465	618
28.06.2021 00:00	0.465	0.485	0.465	0.485	267
29.06.2021 00:00	0.485	0.485	0.47000000000000003	0.47000000000000003	335
30.06.2021 00:00	0.47500000000000003	0.47500000000000003	0.47000000000000003	0.47500000000000003	53
01.07.2021 00:00	0.47500000000000003	0.47500000000000003	0.47000000000000003	0.47000000000000003	16
02.07.2021 00:00	0.47000000000000003	0.47000000000000003	0.465	0.47000000000000003	134
05.07.2021 00:00	0.465	0.47000000000000003	0.465	0.465	85
06.07.2021 00:00	0.465	0.465	0.455	0.465	169
07.07.2021 00:00	0.465	0.465	0.465	0.465	72
08.07.2021 00:00	0.465	0.465	0.46	0.46	58
09.07.2021 00:00	0.465	0.465	0.465	0.465	95
12.07.2021 00:00	0.46	0.465	0.46	0.46	112
13.07.2021 00:00	0.46	0.46	0.455	0.455	26
14.07.2021 00:00	0.455	0.46	0.455	0.46	60
15.07.2021 00:00	0.46	0.465	0.46	0.465	202
16.07.2021 00:00	0.47000000000000003	0.47500000000000003	0.465	0.465	79
19.07.2021 00:00	0.465	0.465	0.46	0.465	84
20.07.2021 00:00	0.465	0.47000000000000003	0.46	0.465	55
21.07.2021 00:00	0.47000000000000003	0.47000000000000003	0.44	0.455	127
22.07.2021 00:00	0.455	0.465	0.455	0.465	62
23.07.2021 00:00	0.465	0.465	0.46	0.46	62
26.07.2021 00:00	0.46	0.465	0.455	0.46	19
27.07.2021 00:00	0.46	0.46	0.455	0.46	18
28.07.2021 00:00	0.46	0.49	0.46	0.465	993
29.07.2021 00:00	0.465	0.465	0.46	0.465	136
30.07.2021 00:00	0.47000000000000003	0.47000000000000003	0.45	0.465	314
02.08.2021 00:00	0.46	0.465	0.45	0.46	144
03.08.2021 00:00	0.455	0.465	0.455	0.465	95
04.08.2021 00:00	0.465	0.465	0.46	0.46	19
05.08.2021 00:00	0.46	0.465	0.46	0.465	22
06.08.2021 00:00	0.46	0.465	0.46	0.465	30
09.08.2021 00:00	0.465	0.465	0.46	0.46	109
10.08.2021 00:00	0.46	0.46	0.46	0.46	59
11.08.2021 00:00	0.46	0.46	0.455	0.46	12
12.08.2021 00:00	0.455	0.46	0.455	0.46	48
13.08.2021 00:00	0.46	0.46	0.46	0.46	30
16.08.2021 00:00	0.455	0.46	0.455	0.46	18
17.08.2021 00:00	0.455	0.46	0.455	0.455	38
18.08.2021 00:00	0.45	0.605	0.45	0.48	11437
19.08.2021 00:00	0.48	0.485	0.46	0.465	1336
20.08.2021 00:00	0.465	0.465	0.45	0.45	510
23.08.2021 00:00	0.49	0.595	0.47500000000000003	0.54	11336
24.08.2021 00:00	0.54	0.54	0.485	0.49	5134
25.08.2021 00:00	0.495	0.515	0.48	0.485	739
26.08.2021 00:00	0.48	0.555	0.47000000000000003	0.48	3203
27.08.2021 00:00	0.48	0.495	0.47500000000000003	0.48	564
30.08.2021 00:00	0.485	0.485	0.47500000000000003	0.48	45
31.08.2021 00:00	0.47500000000000003	0.485	0.47500000000000003	0.48	160
01.09.2021 00:00	0.47500000000000003	0.485	0.47500000000000003	0.48	67
02.09.2021 00:00	0.485	0.49	0.47500000000000003	0.485	370
03.09.2021 00:00	0.485	0.49	0.47500000000000003	0.48	66
06.09.2021 00:00	0.48	0.48	0.465	0.48	147
07.09.2021 00:00	0.48	0.49	0.47500000000000003	0.48	198
08.09.2021 00:00	0.485	0.49	0.48	0.48	38
09.09.2021 00:00	0.48	0.48	0.45	0.465	1133
10.09.2021 00:00	0.465	0.465	0.465	0.465	88
13.09.2021 00:00	0.465	0.47000000000000003	0.46	0.465	256
14.09.2021 00:00	0.47000000000000003	0.47000000000000003	0.465	0.465	81
15.09.2021 00:00	0.465	0.465	0.46	0.465	151
16.09.2021 00:00	0.46	0.465	0.46	0.46	112
17.09.2021 00:00	0.465	0.465	0.46	0.465	43
20.09.2021 00:00	0.465	0.56	0.46	0.505	9726
21.09.2021 00:00	0.515	0.59	0.47500000000000003	0.545	14115
22.09.2021 00:00	0.55	0.65	0.49	0.615	23308
23.09.2021 00:00	0.615	0.65	0.54	0.5650000000000001	5803
24.09.2021 00:00	0.5750000000000001	0.64	0.55	0.56	2701
27.09.2021 00:00	0.56	0.595	0.53	0.58	2566
28.09.2021 00:00	0.5650000000000001	0.585	0.5650000000000001	0.5650000000000001	909
29.09.2021 00:00	0.5650000000000001	0.625	0.5650000000000001	0.5750000000000001	2631
30.09.2021 00:00	0.5650000000000001	0.5750000000000001	0.55	0.5650000000000001	573
01.10.2021 00:00	0.5750000000000001	0.5750000000000001	0.545	0.555	529
04.10.2021 00:00	0.56	0.5750000000000001	0.54	0.555	808
05.10.2021 00:00	0.5650000000000001	0.6900000000000001	0.5650000000000001	0.6	12147
06.10.2021 00:00	0.595	0.835	0.595	0.835	27705
07.10.2021 00:00	0.88	1.145	0.855	1.04	28385
08.10.2021 00:00	1.05	1.07	0.86	0.935	10945
11.10.2021 00:00	0.935	0.965	0.8150000000000001	0.865	7683
12.10.2021 00:00	0.875	0.9450000000000001	0.81	0.88	8873
13.10.2021 00:00	0.9	0.935	0.865	0.885	5277
14.10.2021 00:00	0.905	0.935	0.835	0.855	1835
15.10.2021 00:00	0.855	0.875	0.8	0.81	1750
18.10.2021 00:00	0.8250000000000001	0.8250000000000001	0.755	0.79	1440
19.10.2021 00:00	0.78	0.855	0.78	0.8300000000000001	1394
20.10.2021 00:00	0.835	0.835	0.8	0.8150000000000001	590
21.10.2021 00:00	0.8200000000000001	0.8250000000000001	0.785	0.795	7537
22.10.2021 00:00	0.81	0.835	0.73	0.785	1517
25.10.2021 00:00	0.77	0.78	0.74	0.775	282
26.10.2021 00:00	0.775	0.79	0.755	0.755	402
27.10.2021 00:00	0.77	0.775	0.74	0.745	154
28.10.2021 00:00	0.77	0.985	0.76	0.92	19386
29.10.2021 00:00	0.92	0.935	0.79	0.8300000000000001	2584
01.11.2021 00:00	0.8150000000000001	0.865	0.775	0.8	4800
02.11.2021 00:00	0.8	0.8	0.785	0.79	553
03.11.2021 00:00	0.8	0.8	0.77	0.775	441
05.11.2021 00:00	0.785	0.81	0.775	0.795	1044
08.11.2021 00:00	0.785	0.795	0.78	0.79	322
09.11.2021 00:00	0.785	0.785	0.745	0.76	604
10.11.2021 00:00	0.77	0.8150000000000001	0.745	0.77	2339
11.11.2021 00:00	0.755	0.77	0.735	0.75	332
12.11.2021 00:00	0.74	0.755	0.73	0.75	447
15.11.2021 00:00	0.76	0.76	0.715	0.735	259
16.11.2021 00:00	0.735	0.8250000000000001	0.735	0.735	4131
17.11.2021 00:00	0.735	0.745	0.715	0.73	380
18.11.2021 00:00	0.745	0.755	0.72	0.74	348
19.11.2021 00:00	0.74	0.74	0.725	0.725	97
22.11.2021 00:00	0.735	0.735	0.6900000000000001	0.7000000000000001	490
23.11.2021 00:00	0.6950000000000001	0.6950000000000001	0.655	0.68	320
24.11.2021 00:00	0.68	0.685	0.665	0.68	149
25.11.2021 00:00	0.675	0.72	0.675	0.71	310
26.11.2021 00:00	0.7000000000000001	0.705	0.6950000000000001	0.6950000000000001	124
29.11.2021 00:00	0.7000000000000001	0.705	0.6950000000000001	0.6950000000000001	66
30.11.2021 00:00	0.675	0.71	0.67	0.685	97
01.12.2021 00:00	0.67	0.72	0.67	0.685	213
02.12.2021 00:00	0.6900000000000001	0.6900000000000001	0.675	0.68	84
03.12.2021 00:00	0.705	0.705	0.64	0.66	159
06.12.2021 00:00	0.67	0.67	0.6	0.6	173
07.12.2021 00:00	0.66	0.72	0.615	0.66	1026
08.12.2021 00:00	0.66	0.735	0.655	0.665	1401
09.12.2021 00:00	0.66	0.68	0.64	0.655	363
10.12.2021 00:00	0.66	0.67	0.625	0.65	161
13.12.2021 00:00	0.65	0.65	0.61	0.625	202
14.12.2021 00:00	0.62	0.62	0.47500000000000003	0.595	159
15.12.2021 00:00	0.64	0.665	0.605	0.625	319
16.12.2021 00:00	0.63	0.65	0.62	0.64	33
17.12.2021 00:00	0.63	0.63	0.615	0.62	7
20.12.2021 00:00	0.615	0.615	0.605	0.615	16
21.12.2021 00:00	0.615	0.615	0.56	0.61	127
22.12.2021 00:00	0.61	0.66	0.61	0.645	243
23.12.2021 00:00	0.625	0.71	0.595	0.625	1220
24.12.2021 00:00	0.63	0.66	0.625	0.64	82
27.12.2021 00:00	0.66	0.66	0.64	0.65	172
28.12.2021 00:00	0.655	0.66	0.645	0.65	231
29.12.2021 00:00	0.66	0.6950000000000001	0.64	0.65	625
30.12.2021 00:00	0.65	0.68	0.65	0.65	168
03.01.2022 00:00	0.65	0.685	0.65	0.655	132
04.01.2022 00:00	0.66	0.675	0.65	0.675	177
05.01.2022 00:00	0.68	0.705	0.64	0.67	925
06.01.2022 00:00	0.67	0.6950000000000001	0.64	0.66	833
10.01.2022 00:00	0.65	0.66	0.65	0.65	106
11.01.2022 00:00	0.655	0.66	0.625	0.64	108
12.01.2022 00:00	0.65	0.655	0.61	0.62	487
13.01.2022 00:00	0.62	0.625	0.61	0.615	92
14.01.2022 00:00	0.61	0.625	0.595	0.595	85
17.01.2022 00:00	0.615	0.625	0.585	0.615	118
18.01.2022 00:00	0.605	0.615	0.5700000000000001	0.585	116
19.01.2022 00:00	0.5650000000000001	0.615	0.495	0.5700000000000001	55
20.01.2022 00:00	0.62	0.67	0.5650000000000001	0.595	662
21.01.2022 00:00	0.59	0.61	0.56	0.58	82
24.01.2022 00:00	0.555	0.56	0.505	0.52	655
25.01.2022 00:00	0.5650000000000001	0.5650000000000001	0.53	0.56	34
26.01.2022 00:00	0.52	0.5650000000000001	0.52	0.5650000000000001	140
27.01.2022 00:00	0.5700000000000001	0.5750000000000001	0.54	0.5700000000000001	161
28.01.2022 00:00	0.5750000000000001	0.5750000000000001	0.525	0.56	255
31.01.2022 00:00	0.56	0.5750000000000001	0.56	0.5750000000000001	76
01.02.2022 00:00	0.5650000000000001	0.5750000000000001	0.56	0.56	136
02.02.2022 00:00	0.56	0.5700000000000001	0.545	0.5650000000000001	152
03.02.2022 00:00	0.56	0.56	0.545	0.56	68
04.02.2022 00:00	0.5650000000000001	0.5650000000000001	0.52	0.56	115
07.02.2022 00:00	0.54	0.5750000000000001	0.54	0.5750000000000001	20
08.02.2022 00:00	0.55	0.5650000000000001	0.535	0.56	97
09.02.2022 00:00	0.545	0.5750000000000001	0.545	0.56	170
10.02.2022 00:00	0.56	0.5700000000000001	0.555	0.56	81
11.02.2022 00:00	0.56	0.56	0.55	0.55	27
14.02.2022 00:00	0.53	0.56	0.505	0.54	89
15.02.2022 00:00	0.55	0.65	0.55	0.56	2268
16.02.2022 00:00	0.5650000000000001	0.5650000000000001	0.545	0.56	402
17.02.2022 00:00	0.55	0.55	0.54	0.55	173
18.02.2022 00:00	0.56	0.56	0.525	0.53	186
21.02.2022 00:00	0.55	0.555	0.425	0.455	575
22.02.2022 00:00	0.46	0.46	0.41000000000000003	0.455	155
24.02.2022 00:00	0.425	0.425	0.305	0.33	299
25.02.2022 00:00	0.44	0.44	0.34	0.41000000000000003	243
28.03.2022 00:00	0.31	0.45	0.31	0.36	123
29.03.2022 00:00	0.36	0.46	0.34	0.34	280
30.03.2022 00:00	0.375	0.49	0.375	0.49	785
31.03.2022 00:00	0.54	0.5650000000000001	0.465	0.53	711
01.04.2022 00:00	0.505	0.55	0.47500000000000003	0.53	176
04.04.2022 00:00	0.56	0.605	0.52	0.58	1165
05.04.2022 00:00	0.645	0.6950000000000001	0.555	0.615	2243
06.04.2022 00:00	0.595	0.62	0.58	0.62	664
07.04.2022 00:00	0.62	0.645	0.59	0.63	660
08.04.2022 00:00	0.63	0.67	0.595	0.615	899
11.04.2022 00:00	0.605	0.66	0.605	0.63	293
12.04.2022 00:00	0.62	0.685	0.62	0.67	362
13.04.2022 00:00	0.68	0.685	0.625	0.645	909
14.04.2022 00:00	0.65	0.68	0.64	0.67	395
15.04.2022 00:00	0.68	0.68	0.595	0.625	399
18.04.2022 00:00	0.64	0.65	0.5650000000000001	0.615	183
19.04.2022 00:00	0.615	0.65	0.6	0.61	161
20.04.2022 00:00	0.625	0.625	0.515	0.5700000000000001	680
21.04.2022 00:00	0.5700000000000001	0.5750000000000001	0.52	0.54	381
22.04.2022 00:00	0.535	0.545	0.53	0.545	13
25.04.2022 00:00	0.56	0.56	0.53	0.53	48
26.04.2022 00:00	0.54	0.55	0.495	0.535	312
27.04.2022 00:00	0.53	0.5650000000000001	0.52	0.555	456
28.04.2022 00:00	0.56	0.56	0.52	0.55	113
29.04.2022 00:00	0.535	0.55	0.495	0.52	2509
04.05.2022 00:00	0.525	0.54	0.495	0.505	440
05.05.2022 00:00	0.505	0.525	0.495	0.515	104
06.05.2022 00:00	0.52	0.53	0.485	0.495	328
11.05.2022 00:00	0.505	0.505	0.47500000000000003	0.49	264
12.05.2022 00:00	0.495	0.54	0.465	0.47500000000000003	1038
13.05.2022 00:00	0.47500000000000003	0.49	0.45	0.465	338
16.05.2022 00:00	0.47000000000000003	0.47000000000000003	0.465	0.465	132
17.05.2022 00:00	0.46	0.47500000000000003	0.46	0.47500000000000003	66
18.05.2022 00:00	0.47500000000000003	0.485	0.465	0.47500000000000003	89
19.05.2022 00:00	0.485	0.52	0.47000000000000003	0.515	654
20.05.2022 00:00	0.5	0.515	0.47000000000000003	0.5	530
23.05.2022 00:00	0.505	0.53	0.505	0.505	682
24.05.2022 00:00	0.525	0.675	0.52	0.5700000000000001	6116
25.05.2022 00:00	0.5750000000000001	0.585	0.53	0.5650000000000001	1132
26.05.2022 00:00	0.56	0.5650000000000001	0.52	0.545	769
27.05.2022 00:00	0.56	0.56	0.525	0.54	609
30.05.2022 00:00	0.545	0.55	0.53	0.54	230
31.05.2022 00:00	0.55	0.5750000000000001	0.53	0.545	805
01.06.2022 00:00	0.555	0.5700000000000001	0.535	0.55	462
02.06.2022 00:00	0.56	0.5650000000000001	0.535	0.545	469
03.06.2022 00:00	0.535	0.545	0.53	0.54	172
06.06.2022 00:00	0.54	0.555	0.535	0.555	215
07.06.2022 00:00	0.56	0.56	0.535	0.535	81
08.06.2022 00:00	0.54	0.54	0.535	0.54	65
09.06.2022 00:00	0.54	0.54	0.535	0.54	11
10.06.2022 00:00	0.535	0.54	0.525	0.535	54
14.06.2022 00:00	0.53	0.54	0.52	0.53	52
15.06.2022 00:00	0.525	0.55	0.525	0.54	145
16.06.2022 00:00	0.54	0.56	0.53	0.54	344
17.06.2022 00:00	0.54	0.545	0.54	0.54	97
20.06.2022 00:00	0.54	0.5650000000000001	0.535	0.55	266
21.06.2022 00:00	0.55	0.55	0.535	0.54	553
22.06.2022 00:00	0.54	0.545	0.54	0.54	24
23.06.2022 00:00	0.545	0.5650000000000001	0.54	0.545	369
24.06.2022 00:00	0.56	0.56	0.555	0.56	53
27.06.2022 00:00	0.55	0.56	0.55	0.555	220
28.06.2022 00:00	0.555	0.5650000000000001	0.555	0.56	161
29.06.2022 00:00	0.555	0.56	0.555	0.555	253
30.06.2022 00:00	0.55	0.56	0.5	0.53	319
01.07.2022 00:00	0.525	0.545	0.52	0.545	405
04.07.2022 00:00	0.545	0.5650000000000001	0.54	0.55	155
05.07.2022 00:00	0.55	0.56	0.52	0.55	474
06.07.2022 00:00	0.55	0.5700000000000001	0.53	0.54	717
07.07.2022 00:00	0.54	0.545	0.53	0.54	77
08.07.2022 00:00	0.54	0.545	0.535	0.535	18
11.07.2022 00:00	0.545	0.55	0.535	0.55	165
12.07.2022 00:00	0.555	0.585	0.53	0.58	599
13.07.2022 00:00	0.585	0.585	0.535	0.56	1773
14.07.2022 00:00	0.55	0.555	0.535	0.55	402
15.07.2022 00:00	0.555	0.555	0.54	0.55	276
18.07.2022 00:00	0.54	0.55	0.535	0.55	301
19.07.2022 00:00	0.525	0.54	0.49	0.525	362
20.07.2022 00:00	0.53	0.56	0.5	0.53	264
21.07.2022 00:00	0.56	0.56	0.52	0.54	846
22.07.2022 00:00	0.54	0.55	0.515	0.54	422
25.07.2022 00:00	0.53	0.54	0.53	0.54	47
26.07.2022 00:00	0.54	0.545	0.54	0.54	34
27.07.2022 00:00	0.545	0.545	0.52	0.54	140
28.07.2022 00:00	0.53	0.55	0.53	0.54	133
29.07.2022 00:00	0.54	0.56	0.53	0.55	167
01.08.2022 00:00	0.54	0.555	0.54	0.54	90
02.08.2022 00:00	0.545	0.55	0.54	0.54	28
03.08.2022 00:00	0.55	0.55	0.54	0.54	3
04.08.2022 00:00	0.55	0.55	0.53	0.54	103
05.08.2022 00:00	0.535	0.54	0.535	0.535	45
08.08.2022 00:00	0.53	0.55	0.53	0.55	74
09.08.2022 00:00	0.54	0.555	0.535	0.555	30
10.08.2022 00:00	0.55	0.55	0.535	0.54	54
11.08.2022 00:00	0.535	0.54	0.535	0.54	59
12.08.2022 00:00	0.535	0.54	0.535	0.54	34
15.08.2022 00:00	0.54	0.54	0.535	0.535	35
16.08.2022 00:00	0.54	0.54	0.535	0.54	25
17.08.2022 00:00	0.54	0.54	0.53	0.54	86
18.08.2022 00:00	0.54	0.54	0.535	0.535	78
19.08.2022 00:00	0.535	0.54	0.535	0.535	26
22.08.2022 00:00	0.54	0.555	0.53	0.54	59
23.08.2022 00:00	0.54	0.54	0.535	0.54	37
24.08.2022 00:00	0.535	0.545	0.535	0.54	296
25.08.2022 00:00	0.54	0.54	0.54	0.54	15
26.08.2022 00:00	0.54	0.54	0.535	0.54	37
29.08.2022 00:00	0.54	0.54	0.535	0.54	130
30.08.2022 00:00	0.54	0.56	0.525	0.535	944
31.08.2022 00:00	0.525	0.535	0.52	0.535	123
01.09.2022 00:00	0.53	0.535	0.53	0.535	85
02.09.2022 00:00	0.53	0.535	0.53	0.535	40
05.09.2022 00:00	0.53	0.54	0.53	0.535	61
06.09.2022 00:00	0.54	0.54	0.53	0.535	54
07.09.2022 00:00	0.53	0.54	0.53	0.54	100
08.09.2022 00:00	0.535	0.54	0.53	0.535	80
09.09.2022 00:00	0.535	0.54	0.535	0.535	64
12.09.2022 00:00	0.54	0.54	0.535	0.54	37
13.09.2022 00:00	0.54	0.5650000000000001	0.535	0.55	1190
14.09.2022 00:00	0.555	0.71	0.555	0.6	15420
15.09.2022 00:00	0.59	0.6	0.5650000000000001	0.585	1254
16.09.2022 00:00	0.5750000000000001	0.585	0.5650000000000001	0.5700000000000001	365
19.09.2022 00:00	0.5650000000000001	0.615	0.5650000000000001	0.595	1187
20.09.2022 00:00	0.585	0.605	0.56	0.5650000000000001	447
21.09.2022 00:00	0.55	0.56	0.455	0.54	387
22.09.2022 00:00	0.545	0.545	0.53	0.545	114
23.09.2022 00:00	0.54	0.54	0.53	0.53	49
26.09.2022 00:00	0.53	0.625	0.465	0.49	834
27.09.2022 00:00	0.49	0.515	0.455	0.47000000000000003	545
28.09.2022 00:00	0.465	0.495	0.465	0.485	182
29.09.2022 00:00	0.485	0.485	0.465	0.48	99
30.09.2022 00:00	0.485	0.5	0.47000000000000003	0.5	75
03.10.2022 00:00	0.505	0.52	0.465	0.5	55
04.10.2022 00:00	0.485	0.505	0.485	0.505	60
05.10.2022 00:00	0.495	0.505	0.495	0.5	54
06.10.2022 00:00	0.505	0.52	0.5	0.52	13
07.10.2022 00:00	0.52	0.52	0.52	0.52	14
10.10.2022 00:00	0.5	0.56	0.5	0.52	249
11.10.2022 00:00	0.52	0.52	0.485	0.505	71
12.10.2022 00:00	0.515	0.555	0.515	0.515	145
13.10.2022 00:00	0.53	0.53	0.52	0.525	28
14.10.2022 00:00	0.52	0.53	0.52	0.52	14
17.10.2022 00:00	0.515	0.53	0.5	0.515	58
18.10.2022 00:00	0.515	0.515	0.495	0.5	354
19.10.2022 00:00	0.5	0.505	0.48	0.495	224
20.10.2022 00:00	0.495	0.505	0.495	0.5	104
21.10.2022 00:00	0.495	0.5	0.495	0.5	26
24.10.2022 00:00	0.495	0.505	0.495	0.505	105
25.10.2022 00:00	0.505	0.505	0.5	0.505	28
26.10.2022 00:00	0.5	0.52	0.495	0.5	65
27.10.2022 00:00	0.505	0.52	0.505	0.52	89
28.10.2022 00:00	0.52	0.53	0.505	0.53	67
31.10.2022 00:00	0.52	0.56	0.52	0.56	214
01.11.2022 00:00	0.555	0.58	0.535	0.5750000000000001	312
02.11.2022 00:00	0.5750000000000001	0.5750000000000001	0.56	0.5650000000000001	87
03.11.2022 00:00	0.5650000000000001	0.6	0.5650000000000001	0.5650000000000001	780
07.11.2022 00:00	0.56	0.56	0.54	0.56	199
08.11.2022 00:00	0.555	0.56	0.545	0.555	41
09.11.2022 00:00	0.555	0.555	0.545	0.545	7
10.11.2022 00:00	0.555	0.56	0.545	0.55	63
11.11.2022 00:00	0.56	0.59	0.55	0.5650000000000001	743
14.11.2022 00:00	0.5700000000000001	0.5700000000000001	0.55	0.56	620
15.11.2022 00:00	0.56	0.56	0.555	0.555	71
16.11.2022 00:00	0.555	0.56	0.545	0.555	26
17.11.2022 00:00	0.56	0.56	0.56	0.56	58
18.11.2022 00:00	0.56	0.5650000000000001	0.545	0.55	100
21.11.2022 00:00	0.55	0.555	0.53	0.555	182
22.11.2022 00:00	0.555	0.555	0.55	0.55	9
23.11.2022 00:00	0.555	0.605	0.55	0.56	1832
24.11.2022 00:00	0.5650000000000001	0.595	0.56	0.5650000000000001	783
25.11.2022 00:00	0.5650000000000001	0.5700000000000001	0.56	0.5650000000000001	26
28.11.2022 00:00	0.5650000000000001	0.5700000000000001	0.56	0.5650000000000001	228
29.11.2022 00:00	0.56	0.605	0.56	0.5750000000000001	761
30.11.2022 00:00	0.58	0.595	0.5750000000000001	0.5750000000000001	134
01.12.2022 00:00	0.58	0.59	0.58	0.58	144
02.12.2022 00:00	0.59	0.595	0.5700000000000001	0.58	46
05.12.2022 00:00	0.58	0.59	0.58	0.59	32
06.12.2022 00:00	0.59	0.59	0.5750000000000001	0.5750000000000001	107
07.12.2022 00:00	0.5750000000000001	0.5750000000000001	0.5700000000000001	0.5750000000000001	11
08.12.2022 00:00	0.5750000000000001	0.58	0.5650000000000001	0.5650000000000001	25
09.12.2022 00:00	0.5750000000000001	0.5750000000000001	0.5750000000000001	0.5750000000000001	16
12.12.2022 00:00	0.5750000000000001	0.5750000000000001	0.5700000000000001	0.5700000000000001	71
13.12.2022 00:00	0.5700000000000001	0.5750000000000001	0.5650000000000001	0.5700000000000001	115
14.12.2022 00:00	0.5700000000000001	0.5700000000000001	0.55	0.56	105
15.12.2022 00:00	0.555	0.5750000000000001	0.555	0.5700000000000001	107
16.12.2022 00:00	0.56	0.5750000000000001	0.56	0.5700000000000001	117
19.12.2022 00:00	0.5650000000000001	0.5650000000000001	0.56	0.56	30
20.12.2022 00:00	0.5750000000000001	0.585	0.56	0.5700000000000001	55
21.12.2022 00:00	0.56	0.5750000000000001	0.56	0.5650000000000001	233
22.12.2022 00:00	0.5650000000000001	0.5650000000000001	0.555	0.5650000000000001	387
23.12.2022 00:00	0.5650000000000001	0.585	0.56	0.5750000000000001	444
26.12.2022 00:00	0.5750000000000001	0.62	0.5700000000000001	0.62	610
27.12.2022 00:00	0.61	0.645	0.58	0.6	2722
28.12.2022 00:00	0.6	0.6	0.58	0.585	142
29.12.2022 00:00	0.58	0.585	0.5750000000000001	0.585	59
30.12.2022 00:00	0.585	0.605	0.585	0.595	109
03.01.2023 00:00	0.59	0.595	0.585	0.595	242
04.01.2023 00:00	0.595	0.615	0.585	0.605	1200
05.01.2023 00:00	0.605	0.625	0.6	0.605	292
06.01.2023 00:00	0.605	0.605	0.595	0.595	73
09.01.2023 00:00	0.6	0.605	0.595	0.605	39
10.01.2023 00:00	0.6	0.605	0.595	0.605	73
11.01.2023 00:00	0.605	0.62	0.595	0.62	259
12.01.2023 00:00	0.625	0.66	0.605	0.61	1224
13.01.2023 00:00	0.615	0.63	0.61	0.615	164
16.01.2023 00:00	0.615	0.62	0.595	0.605	264
17.01.2023 00:00	0.605	0.625	0.6	0.625	256
18.01.2023 00:00	0.625	0.66	0.625	0.64	402
19.01.2023 00:00	0.645	0.66	0.64	0.65	127
20.01.2023 00:00	0.65	0.65	0.625	0.64	77
23.01.2023 00:00	0.63	0.65	0.625	0.63	81
24.01.2023 00:00	0.63	0.65	0.63	0.63	125
25.01.2023 00:00	0.63	0.63	0.615	0.625	158
26.01.2023 00:00	0.625	0.65	0.62	0.625	83
27.01.2023 00:00	0.625	0.625	0.615	0.625	54
30.01.2023 00:00	0.625	0.625	0.61	0.62	189
31.01.2023 00:00	0.615	0.625	0.61	0.625	75
01.02.2023 00:00	0.62	0.625	0.615	0.62	70
02.02.2023 00:00	0.625	0.625	0.615	0.615	46
03.02.2023 00:00	0.615	0.615	0.615	0.615	10
06.02.2023 00:00	0.615	0.62	0.615	0.615	30
07.02.2023 00:00	0.62	0.625	0.61	0.615	33
08.02.2023 00:00	0.62	0.65	0.61	0.64	374
09.02.2023 00:00	0.615	0.63	0.605	0.62	655
10.02.2023 00:00	0.62	0.625	0.615	0.625	21
13.02.2023 00:00	0.63	0.64	0.61	0.615	1120
14.02.2023 00:00	0.62	0.835	0.615	0.7000000000000001	14452
15.02.2023 00:00	0.715	0.72	0.645	0.66	1395
16.02.2023 00:00	0.66	0.8250000000000001	0.625	0.675	8420
17.02.2023 00:00	0.685	0.685	0.625	0.64	570
20.02.2023 00:00	0.65	0.67	0.625	0.625	556
21.02.2023 00:00	0.66	0.68	0.65	0.67	421
22.02.2023 00:00	0.665	0.71	0.645	0.675	489
24.02.2023 00:00	0.66	0.67	0.64	0.645	486
27.02.2023 00:00	0.65	0.68	0.65	0.675	611
28.02.2023 00:00	0.68	0.78	0.665	0.715	3686
01.03.2023 00:00	0.6950000000000001	0.73	0.6950000000000001	0.73	1139
02.03.2023 00:00	0.73	0.745	0.6950000000000001	0.705	544
03.03.2023 00:00	0.71	0.71	0.6950000000000001	0.705	519
06.03.2023 00:00	0.705	0.715	0.6950000000000001	0.715	430
07.03.2023 00:00	0.705	0.735	0.705	0.73	263
09.03.2023 00:00	0.735	0.735	0.705	0.73	266
10.03.2023 00:00	0.73	0.745	0.715	0.735	817
13.03.2023 00:00	0.725	0.73	0.715	0.72	218
14.03.2023 00:00	0.735	0.785	0.725	0.725	1375
15.03.2023 00:00	0.735	0.745	0.725	0.73	764
16.03.2023 00:00	0.73	0.73	0.71	0.715	381
17.03.2023 00:00	0.72	0.72	0.705	0.71	418
20.03.2023 00:00	0.71	0.715	0.71	0.715	100
21.03.2023 00:00	0.705	0.725	0.705	0.715	411
22.03.2023 00:00	0.715	0.72	0.685	0.71	540
23.03.2023 00:00	0.715	0.725	0.715	0.715	82
24.03.2023 00:00	0.72	0.72	0.715	0.715	11
27.03.2023 00:00	0.71	0.725	0.71	0.725	125
28.03.2023 00:00	0.725	0.735	0.715	0.715	50
29.03.2023 00:00	0.725	0.725	0.715	0.715	198
30.03.2023 00:00	0.72	0.72	0.71	0.715	81
31.03.2023 00:00	0.715	0.715	0.71	0.715	95
03.04.2023 00:00	0.725	0.725	0.71	0.715	160
04.04.2023 00:00	0.72	0.72	0.715	0.72	341
05.04.2023 00:00	0.72	0.77	0.72	0.75	1068
06.04.2023 00:00	0.76	1.07	0.76	1.07	14415
07.04.2023 00:00	1.165	1.495	1.0050000000000001	1.07	24625
10.04.2023 00:00	1.07	1.175	1.0050000000000001	1.07	6322
11.04.2023 00:00	1.07	1.07	1.03	1.04	1207
12.04.2023 00:00	1.04	1.07	1.04	1.07	832
13.04.2023 00:00	1.1	1.145	1.07	1.08	2022
14.04.2023 00:00	1.09	1.09	1.04	1.07	999
17.04.2023 00:00	1.08	1.1	1.04	1.1	658
18.04.2023 00:00	1.07	1.11	1.06	1.07	429
19.04.2023 00:00	1.08	1.1	1.07	1.09	503
20.04.2023 00:00	1.09	1.09	1.05	1.08	470
21.04.2023 00:00	1.07	1.09	1.06	1.09	267
24.04.2023 00:00	1.09	1.09	1.05	1.09	784
25.04.2023 00:00	1.08	1.1400000000000001	1.07	1.1300000000000001	1830
26.04.2023 00:00	1.1400000000000001	1.29	1.11	1.245	6647
27.04.2023 00:00	1.2550000000000001	1.745	1.2550000000000001	1.745	36826
28.04.2023 00:00	1.815	2.1	1.6	1.645	20568
02.05.2023 00:00	1.665	1.665	1.405	1.475	2374
03.05.2023 00:00	1.5050000000000001	1.5050000000000001	1.33	1.405	1937
04.05.2023 00:00	1.445	1.685	1.355	1.435	11790
05.05.2023 00:00	1.495	1.7750000000000001	1.435	1.5150000000000001	6941
08.05.2023 00:00	1.5150000000000001	1.7850000000000001	1.475	1.665	4179
10.05.2023 00:00	1.715	1.725	1.565	1.665	3585
11.05.2023 00:00	1.725	1.725	1.6	1.645	3960
12.05.2023 00:00	1.68	1.68	1.56	1.6	753
15.05.2023 00:00	1.6	1.62	1.495	1.55	1270
16.05.2023 00:00	1.58	1.62	1.5150000000000001	1.555	849
17.05.2023 00:00	1.55	1.55	1.475	1.54	1010
18.05.2023 00:00	1.54	1.58	1.495	1.56	1235
19.05.2023 00:00	1.54	1.56	1.425	1.425	785
22.05.2023 00:00	1.395	1.68	1.36	1.435	5147
23.05.2023 00:00	1.445	1.56	1.445	1.5150000000000001	748
24.05.2023 00:00	1.58	1.805	1.495	1.54	7376
25.05.2023 00:00	1.55	1.55	1.415	1.5150000000000001	1025
26.05.2023 00:00	1.5050000000000001	1.54	1.495	1.52	371
29.05.2023 00:00	1.5250000000000001	1.5250000000000001	1.485	1.5150000000000001	224
30.05.2023 00:00	1.495	1.5250000000000001	1.435	1.475	964
31.05.2023 00:00	1.475	1.5050000000000001	1.435	1.455	420
01.06.2023 00:00	1.455	1.465	1.435	1.455	92
02.06.2023 00:00	1.445	1.5050000000000001	1.435	1.48	265
05.06.2023 00:00	1.48	1.495	1.455	1.48	285
06.06.2023 00:00	1.455	1.48	1.435	1.475	220
07.06.2023 00:00	1.48	1.48	1.465	1.475	138
08.06.2023 00:00	1.465	1.475	1.455	1.475	242
09.06.2023 00:00	1.475	1.475	1.425	1.465	565
13.06.2023 00:00	1.435	1.495	1.435	1.475	257
14.06.2023 00:00	1.465	1.645	1.445	1.54	3209
15.06.2023 00:00	1.56	1.565	1.495	1.5250000000000001	614
16.06.2023 00:00	1.5050000000000001	1.59	1.5050000000000001	1.55	782
19.06.2023 00:00	1.565	1.81	1.55	1.71	6857
20.06.2023 00:00	1.555	1.695	1.555	1.6600000000000001	1948
21.06.2023 00:00	1.6500000000000001	1.745	1.645	1.685	2542
22.06.2023 00:00	1.685	1.745	1.6500000000000001	1.715	981
23.06.2023 00:00	1.695	1.715	1.685	1.705	408
26.06.2023 00:00	1.695	1.705	1.6400000000000001	1.705	486
27.06.2023 00:00	1.685	1.715	1.685	1.715	236
28.06.2023 00:00	1.715	1.87	1.675	1.815	3278
29.06.2023 00:00	1.8900000000000001	2.185	1.7550000000000001	1.85	11234
30.06.2023 00:00	1.85	1.875	1.8	1.87	1051
03.07.2023 00:00	1.87	2.045	1.85	1.935	4369
04.07.2023 00:00	1.955	2.025	1.8900000000000001	1.895	1016
05.07.2023 00:00	1.9000000000000001	2.04	1.82	1.955	1651
06.07.2023 00:00	1.985	1.995	1.93	1.975	731
07.07.2023 00:00	2.035	2.06	1.955	1.975	1008
10.07.2023 00:00	1.995	2.005	1.86	1.945	1054
11.07.2023 00:00	1.945	1.96	1.805	1.8900000000000001	2265
12.07.2023 00:00	1.945	1.945	1.8900000000000001	1.94	544
13.07.2023 00:00	1.94	1.94	1.85	1.9100000000000001	629
14.07.2023 00:00	1.915	1.915	1.8800000000000001	1.9100000000000001	201
17.07.2023 00:00	1.8900000000000001	1.915	1.875	1.9100000000000001	395
18.07.2023 00:00	1.9000000000000001	1.925	1.8900000000000001	1.925	440
19.07.2023 00:00	1.945	2.225	1.93	2.1	9005
20.07.2023 00:00	2.115	2.705	1.965	2.245	16801
21.07.2023 00:00	2.295	2.37	2.165	2.335	2226
24.07.2023 00:00	2.31	2.495	2.245	2.375	1741
25.07.2023 00:00	2.43	2.615	2.375	2.6	5332
26.07.2023 00:00	2.68	2.7	2.495	2.685	3037
27.07.2023 00:00	2.7	3.1	2.6	3.045	7965
28.07.2023 00:00	3.2	3.2	2.91	3.005	2218
31.07.2023 00:00	3.145	3.44	3.145	3.415	5434
01.08.2023 00:00	3.46	4.74	3.415	4.74	14443
02.08.2023 00:00	4.745	6.095	4.745	5.635	14232
03.08.2023 00:00	5.9	6.2	5.9	6.2	5628
04.08.2023 00:00	6.295	6.8100000000000005	5.7	6.705	5432
07.08.2023 00:00	6.7	7.365	6.7	7.365	2955
08.08.2023 00:00	7.45	8.095	7.45	8.095	1543
09.08.2023 00:00	8.9	8.905	8.595	8.905	2003
10.08.2023 00:00	9.195	9.790000000000001	5.595	6.795	17123
11.08.2023 00:00	6.15	7.465	5.165	7.295	5316
14.08.2023 00:00	7.0	7.995	7.0	7.42	3809
15.08.2023 00:00	7.415	7.625	6.01	6.65	2243
16.08.2023 00:00	6.65	7.305	5.345	5.73	4817
17.08.2023 00:00	5.9	5.9	5.32	5.625	1262
18.08.2023 00:00	5.625	5.71	5.495	5.67	486
21.08.2023 00:00	5.605	6.235	5.605	6.235	1533
22.08.2023 00:00	6.245	8.56	6.245	8.39	17367
23.08.2023 00:00	8.575000000000001	8.945	7.175	7.885	7964
24.08.2023 00:00	7.4	7.905	6.8100000000000005	7.575	1718
25.08.2023 00:00	7.9	8.4	7.615	7.6850000000000005	2648
28.08.2023 00:00	7.78	8.13	7.74	7.995	1712
29.08.2023 00:00	8.095	8.13	7.6850000000000005	7.785	1935
30.08.2023 00:00	7.795	7.795	7.455	7.7	473
31.08.2023 00:00	7.655	7.74	7.4	7.58	474
01.09.2023 00:00	7.545	7.57	7.275	7.455	1136
04.09.2023 00:00	7.5600000000000005	7.57	7.44	7.455	537
05.09.2023 00:00	7.965	7.965	7.405	7.45	502
06.09.2023 00:00	7.51	7.57	6.95	7.29	628
07.09.2023 00:00	7.295	7.295	6.545	6.7	1624
08.09.2023 00:00	6.7	6.78	6.035	6.73	794
11.09.2023 00:00	6.955	7.045	6.425	6.625	633
12.09.2023 00:00	6.74	6.845	6.365	6.63	396
13.09.2023 00:00	6.7	7.295	6.61	6.825	1928
14.09.2023 00:00	6.825	6.825	4.82	5.9	2874
15.09.2023 00:00	5.955	6.345	5.495	6.345	758
18.09.2023 00:00	6.495	6.615	6.285	6.285	585
19.09.2023 00:00	6.215	6.32	5.66	5.875	605
20.09.2023 00:00	6.015000000000001	6.015000000000001	4.995	5.48	1678
21.09.2023 00:00	5.6850000000000005	6.16	5.04	5.12	2012
22.09.2023 00:00	5.4	5.495	5.035	5.445	610
25.09.2023 00:00	5.9	5.995	5.595	5.625	993
26.09.2023 00:00	5.715	5.995	5.5600000000000005	5.745	356
27.09.2023 00:00	5.795	5.9	5.705	5.795	202
28.09.2023 00:00	5.875	6.095	5.875	5.9	665
29.09.2023 00:00	5.98	6.065	5.91	5.995	270
02.10.2023 00:00	6.045	6.12	5.945	6.12	591
03.10.2023 00:00	6.115	6.115	5.9	5.9	237
04.10.2023 00:00	5.98	6.115	5.9	6.04	327
05.10.2023 00:00	6.0	6.715	5.9350000000000005	6.45	1188
06.10.2023 00:00	6.4	6.48	6.015000000000001	6.295	489
09.10.2023 00:00	6.345	6.345	5.995	6.245	505
10.10.2023 00:00	6.255	6.345	6.045	6.24	623
11.10.2023 00:00	6.2	6.3	5.95	6.28	403
12.10.2023 00:00	6.095	6.28	6.095	6.235	289
13.10.2023 00:00	6.235	6.28	6.15	6.28	294
16.10.2023 00:00	6.285	6.7	6.28	6.415	657
17.10.2023 00:00	6.45	6.745	6.4	6.745	1075
18.10.2023 00:00	6.795	7.085	6.795	7.045	1180
19.10.2023 00:00	6.905	7.2	6.7	6.890000000000001	491
20.10.2023 00:00	6.845	6.845	6.13	6.45	696
23.10.2023 00:00	6.245	6.65	6.245	6.515000000000001	606
24.10.2023 00:00	6.515000000000001	6.865	6.13	6.405	1112
25.10.2023 00:00	6.155	6.37	6.13	6.245	989
26.10.2023 00:00	6.245	6.245	6.15	6.24	165
27.10.2023 00:00	6.105	6.345	6.105	6.24	400
30.10.2023 00:00	6.23	6.675	6.15	6.46	926
31.10.2023 00:00	6.465	6.465	6.2	6.365	210
01.11.2023 00:00	6.28	6.37	6.105	6.13	430
02.11.2023 00:00	6.19	6.575	6.19	6.325	661
03.11.2023 00:00	6.275	6.3	6.105	6.3	356
06.11.2023 00:00	6.125	6.315	6.105	6.2	101
07.11.2023 00:00	6.315	6.315	6.15	6.195	163
08.11.2023 00:00	6.165	6.2	5.865	6.07	558
09.11.2023 00:00	6.08	6.09	5.7	5.785	240
10.11.2023 00:00	5.745	5.79	5.2	5.36	1095
13.11.2023 00:00	5.495	5.72	4.7	5.085	917
14.11.2023 00:00	4.995	5.37	3.995	4.15	2346
15.11.2023 00:00	4.14	4.825	3.785	4.745	1452
16.11.2023 00:00	4.855	5.2	4.795	4.865	2732
17.11.2023 00:00	4.995	5.14	4.905	5.025	636
20.11.2023 00:00	5.025	5.095	4.795	4.8100000000000005	622
21.11.2023 00:00	4.82	4.86	4.47	4.585	293
22.11.2023 00:00	4.665	4.73	4.41	4.695	282
23.11.2023 00:00	4.64	4.71	4.095	4.15	962
24.11.2023 00:00	4.075	4.075	3.44	3.575	4725
27.11.2023 00:00	3.495	3.545	3.015	3.08	3300
28.11.2023 00:00	3.065	3.745	2.77	3.395	5307
29.11.2023 00:00	3.575	3.765	3.4050000000000002	3.52	1877
30.11.2023 00:00	3.365	3.505	3.205	3.305	694
01.12.2023 00:00	3.325	3.465	3.225	3.25	409
04.12.2023 00:00	3.255	3.315	2.955	3.14	635
05.12.2023 00:00	3.125	3.38	2.91	3.085	991
06.12.2023 00:00	3.1	3.205	2.87	2.95	329
07.12.2023 00:00	2.95	2.98	2.625	2.83	2136
08.12.2023 00:00	2.85	2.99	2.765	2.855	500
11.12.2023 00:00	2.92	3.245	2.63	2.69	1160
12.12.2023 00:00	2.64	2.705	2.5	2.64	586
13.12.2023 00:00	2.64	2.89	2.545	2.7800000000000002	1770
14.12.2023 00:00	2.73	3.1	2.6	2.77	1192
15.12.2023 00:00	2.79	2.99	2.755	2.865	303
18.12.2023 00:00	2.895	2.98	2.87	2.92	515
19.12.2023 00:00	2.98	3.34	2.98	3.205	2030
20.12.2023 00:00	3.295	3.93	3.295	3.93	3632
21.12.2023 00:00	3.995	4.295	3.815	3.99	3970
22.12.2023 00:00	4.095	4.235	3.815	3.825	1500
25.12.2023 00:00	3.52	4.055	3.52	3.66	788
26.12.2023 00:00	3.87	3.87	3.375	3.43	1046
27.12.2023 00:00	3.43	3.6	3.35	3.35	568
28.12.2023 00:00	3.305	3.395	3.205	3.285	343
29.12.2023 00:00	3.225	3.6	3.225	3.585	1071
03.01.2024 00:00	3.74	3.95	3.495	3.87	1453
04.01.2024 00:00	3.89	3.915	3.745	3.85	629
05.01.2024 00:00	4.04	4.04	3.79	3.92	749
08.01.2024 00:00	3.975	4.305	3.85	4.2	1126
09.01.2024 00:00	4.235	4.61	4.2	4.455	2177
10.01.2024 00:00	4.605	4.92	4.505	4.785	2210
11.01.2024 00:00	4.785	5.325	4.785	5.055	2704
12.01.2024 00:00	5.45	5.55	5.11	5.55	2464
15.01.2024 00:00	5.4	6.095	5.4	5.875	3054
16.01.2024 00:00	5.875	5.9	5.45	5.675	2695
17.01.2024 00:00	5.66	5.735	5.415	5.575	906
18.01.2024 00:00	5.575	5.89	5.575	5.7	821
19.01.2024 00:00	5.6850000000000005	5.885	5.585	5.825	703
22.01.2024 00:00	5.95	5.95	5.595	5.74	1208
23.01.2024 00:00	5.745	5.875	5.495	5.66	1051
24.01.2024 00:00	5.6850000000000005	5.79	5.6850000000000005	5.74	352
25.01.2024 00:00	5.74	5.785	5.595	5.695	335
26.01.2024 00:00	5.61	5.785	5.495	5.625	202
29.01.2024 00:00	5.605	5.605	5.325	5.46	1024
30.01.2024 00:00	5.54	5.54	5.21	5.42	673
31.01.2024 00:00	5.415	5.59	5.375	5.575	586
01.02.2024 00:00	5.51	5.595	5.325	5.325	241
02.02.2024 00:00	5.65	5.665	5.2	5.315	1321
05.02.2024 00:00	5.315	5.42	5.16	5.175	514
06.02.2024 00:00	5.39	5.45	5.12	5.24	987
07.02.2024 00:00	5.28	5.39	5.155	5.2	408
08.02.2024 00:00	5.18	5.5600000000000005	4.845	5.065	1439
09.02.2024 00:00	5.08	5.08	4.66	4.775	1906
12.02.2024 00:00	4.865	4.865	4.48	4.525	804
13.02.2024 00:00	4.515	5.48	4.505	5.34	2744
14.02.2024 00:00	5.405	5.405	4.995	5.12	1984
15.02.2024 00:00	5.135	5.15	4.995	5.11	477
16.02.2024 00:00	5.12	5.15	4.995	5.015	197
19.02.2024 00:00	5.125	5.135	4.95	5.05	270
20.02.2024 00:00	5.015	5.055	4.79	4.86	632
21.02.2024 00:00	4.775	4.84	4.4	4.505	864
22.02.2024 00:00	4.57	4.795	4.515	4.595	589
26.02.2024 00:00	4.83	4.875	4.515	4.785	1342
27.02.2024 00:00	4.87	5.04	4.705	4.83	869
28.02.2024 00:00	4.76	4.875	4.7	4.74	240
29.02.2024 00:00	4.745	4.84	4.57	4.62	229
01.03.2024 00:00	4.62	4.795	4.62	4.75	258
04.03.2024 00:00	4.7	4.825	4.675	4.71	210
05.03.2024 00:00	4.785	4.79	4.595	4.72	312
06.03.2024 00:00	4.7	4.755	4.63	4.665	323
07.03.2024 00:00	4.635	4.6850000000000005	4.44	4.575	346
11.03.2024 00:00	4.575	4.71	4.455	4.6850000000000005	393
12.03.2024 00:00	4.7	4.79	4.5600000000000005	4.61	350
13.03.2024 00:00	4.66	5.28	4.615	5.01	3291
14.03.2024 00:00	5.085	5.155	4.7	4.74	734
15.03.2024 00:00	4.875	4.88	4.62	4.715	321
18.03.2024 00:00	4.755	4.87	4.66	4.745	286
19.03.2024 00:00	4.7	5.0	4.595	4.66	707
20.03.2024 00:00	4.825	4.825	4.595	4.595	273
21.03.2024 00:00	4.62	4.7	4.595	4.63	187
22.03.2024 00:00	4.695	4.785	4.66	4.6850000000000005	70
25.03.2024 00:00	4.75	4.755	4.54	4.695	327
26.03.2024 00:00	4.705	4.965	4.7	4.9	737
27.03.2024 00:00	4.955	5.865	4.905	5.4	9201
28.03.2024 00:00	5.4	5.8	5.095	5.15	1765
29.03.2024 00:00	5.2	5.205	4.92	5.13	829
01.04.2024 00:00	5.035	6.15	5.035	5.84	10240
02.04.2024 00:00	5.745	6.035	5.45	5.7	3244
03.04.2024 00:00	5.7	5.74	5.345	5.4	842
04.04.2024 00:00	5.4	5.4	4.965	5.14	2211
05.04.2024 00:00	5.17	5.28	5.05	5.245	659
08.04.2024 00:00	5.28	5.43	5.05	5.15	1212
09.04.2024 00:00	5.2	5.2	5.055	5.095	159
10.04.2024 00:00	5.095	5.15	5.04	5.15	206
11.04.2024 00:00	5.015	5.135	5.01	5.05	313
12.04.2024 00:00	5.055	5.15	5.005	5.055	360
15.04.2024 00:00	5.055	5.125	5.005	5.12	473
16.04.2024 00:00	5.115	5.205	5.0	5.075	342
17.04.2024 00:00	5.075	5.15	5.01	5.15	512
18.04.2024 00:00	5.12	5.14	5.015	5.07	306
19.04.2024 00:00	5.045	5.075	5.005	5.04	329
22.04.2024 00:00	5.07	5.245	5.07	5.085	849
23.04.2024 00:00	5.2	5.955	5.115	5.65	9944
24.04.2024 00:00	5.65	5.745	5.24	5.265	2274
25.04.2024 00:00	5.245	5.295	5.15	5.28	572
26.04.2024 00:00	5.295	5.415	5.2	5.36	569
27.04.2024 00:00	5.365	5.365	5.215	5.285	170
29.04.2024 00:00	5.245	5.295	5.19	5.21	181
30.04.2024 00:00	5.24	5.285	5.21	5.255	102
02.05.2024 00:00	5.25	5.32	5.045	5.16	306
03.05.2024 00:00	5.18	5.495	5.095	5.16	637
06.05.2024 00:00	5.15	5.195	4.995	5.045	650
07.05.2024 00:00	5.04	5.325	5.005	5.12	554
08.05.2024 00:00	5.13	5.14	5.05	5.075	184
10.05.2024 00:00	5.13	5.13	5.07	5.085	91
13.05.2024 00:00	5.09	5.15	5.08	5.135	127
14.05.2024 00:00	5.14	5.265	5.035	5.085	351
15.05.2024 00:00	5.035	5.135	4.8	4.96	488
16.05.2024 00:00	4.96	5.19	4.9	4.96	230
17.05.2024 00:00	4.96	5.075	4.91	4.995	116
20.05.2024 00:00	4.965	4.98	4.785	4.87	208
21.05.2024 00:00	4.845	4.99	4.7	4.7	284
22.05.2024 00:00	4.785	4.95	4.735	4.82	281
23.05.2024 00:00	4.785	4.885	4.71	4.76	200
24.05.2024 00:00	4.775	4.795	4.5	4.71	244
27.05.2024 00:00	4.59	4.715	4.345	4.455	247
28.05.2024 00:00	4.455	4.795	4.41	4.745	594
29.05.2024 00:00	4.695	4.715	4.485	4.5600000000000005	240
30.05.2024 00:00	4.465	4.64	4.465	4.57	79
31.05.2024 00:00	4.535	4.535	3.995	4.035	393
03.06.2024 00:00	4.015	4.17	3.685	3.99	456
04.06.2024 00:00	3.99	4.245	3.9050000000000002	4.245	305
05.06.2024 00:00	4.3	5.08	4.3	4.61	2281
06.06.2024 00:00	4.695	5.07	4.675	4.695	998
07.06.2024 00:00	4.705	4.885	4.45	4.76	491
10.06.2024 00:00	4.78	4.785	4.67	4.675	110
11.06.2024 00:00	4.6850000000000005	5.055	4.6850000000000005	4.755	1071
13.06.2024 00:00	4.695	4.7	4.375	4.6850000000000005	173
14.06.2024 00:00	4.65	4.785	4.595	4.72	125
17.06.2024 00:00	4.73	4.775	4.5600000000000005	4.59	288
18.06.2024 00:00	4.655	4.66	4.36	4.36	118
19.06.2024 00:00	4.365	4.365	3.89	4.015	1058
20.06.2024 00:00	4.07	4.17	3.89	4.09	285
21.06.2024 00:00	4.15	4.405	4.115	4.115	263
24.06.2024 00:00	4.175	4.205	3.95	3.995	165
25.06.2024 00:00	4.03	4.03	3.895	3.98	157
26.06.2024 00:00	3.995	4.235	3.995	4.11	181
27.06.2024 00:00	4.2	4.37	3.935	4.0	358
28.06.2024 00:00	4.04	4.04	3.815	3.93	133
01.07.2024 00:00	3.93	3.93	3.805	3.875	422
02.07.2024 00:00	3.85	4.025	3.805	3.93	296
03.07.2024 00:00	3.91	3.975	3.85	3.89	436
04.07.2024 00:00	3.87	3.91	3.71	3.74	637
05.07.2024 00:00	3.725	4.215	3.725	3.85	1125
08.07.2024 00:00	3.865	3.995	3.825	3.84	471
09.07.2024 00:00	3.85	3.89	3.49	3.6	534
10.07.2024 00:00	3.725	3.725	3.33	3.435	330
11.07.2024 00:00	3.35	3.69	3.24	3.59	198
12.07.2024 00:00	3.585	3.63	3.355	3.575	166
15.07.2024 00:00	3.6	3.7	3.535	3.585	130
16.07.2024 00:00	3.625	3.66	3.535	3.535	88
17.07.2024 00:00	3.535	3.605	3.42	3.555	371
18.07.2024 00:00	3.585	4.195	3.46	3.705	895
19.07.2024 00:00	3.745	4.055	3.62	3.825	471
22.07.2024 00:00	3.83	4.095	3.765	3.89	254
23.07.2024 00:00	3.91	3.995	3.89	3.93	55
24.07.2024 00:00	3.93	3.94	3.855	3.91	48
25.07.2024 00:00	3.85	3.875	3.85	3.875	28
26.07.2024 00:00	3.95	3.975	3.785	3.825	79
29.07.2024 00:00	3.785	3.91	3.645	3.71	109
30.07.2024 00:00	3.7	3.875	3.6550000000000002	3.7	151
31.07.2024 00:00	3.745	3.745	3.605	3.64	87
01.08.2024 00:00	3.62	3.705	3.585	3.7	49
02.08.2024 00:00	3.785	3.785	3.66	3.73	41
05.08.2024 00:00	3.62	3.71	3.5300000000000002	3.6	67
06.08.2024 00:00	3.615	3.68	3.6	3.6	33
07.08.2024 00:00	3.605	3.605	3.5	3.575	132
08.08.2024 00:00	3.575	3.7	3.515	3.515	344
09.08.2024 00:00	3.515	3.62	3.515	3.58	75
12.08.2024 00:00	3.545	3.575	3.495	3.545	109
13.08.2024 00:00	3.5300000000000002	4.12	3.495	3.995	1274
14.08.2024 00:00	3.995	4.37	3.745	3.89	1195
15.08.2024 00:00	3.95	4.095	3.805	3.81	585
16.08.2024 00:00	3.84	3.84	3.685	3.685	432
19.08.2024 00:00	3.685	4.035	3.395	3.56	1216
20.08.2024 00:00	3.575	3.87	3.565	3.605	1168
21.08.2024 00:00	3.7	3.7	3.495	3.515	370
22.08.2024 00:00	3.515	3.555	3.355	3.435	298
23.08.2024 00:00	3.455	3.475	3.35	3.37	194
26.08.2024 00:00	3.49	3.49	3.41	3.435	68
27.08.2024 00:00	3.48	3.565	3.45	3.45	255
28.08.2024 00:00	3.46	3.505	3.33	3.38	146
29.08.2024 00:00	3.395	3.495	3.37	3.395	66
30.08.2024 00:00	3.49	3.49	3.225	3.305	173
02.09.2024 00:00	3.305	3.33	2.95	2.975	403
03.09.2024 00:00	3.14	3.14	2.955	2.955	186
04.09.2024 00:00	3.055	3.055	2.96	2.96	133
05.09.2024 00:00	3.045	3.265	3.02	3.06	530
06.09.2024 00:00	3.06	3.19	2.975	3.085	297
09.09.2024 00:00	3.085	3.12	3.0	3.065	282
10.09.2024 00:00	3.055	3.18	3.005	3.08	216
11.09.2024 00:00	3.1	3.1	2.95	3.015	263
12.09.2024 00:00	3.02	3.18	2.995	3.055	511
13.09.2024 00:00	3.1	3.1	2.965	3.045	105
16.09.2024 00:00	3.085	3.095	3.005	3.095	216
17.09.2024 00:00	3.1	3.265	3.055	3.055	293
18.09.2024 00:00	3.1	3.105	3.055	3.075	120
19.09.2024 00:00	3.1	3.1	2.995	3.025	172
20.09.2024 00:00	3.085	3.12	3.08	3.1	67
23.09.2024 00:00	3.1	3.16	3.075	3.145	179
24.09.2024 00:00	3.145	3.2	3.12	3.16	204
25.09.2024 00:00	3.185	3.225	3.12	3.18	237
26.09.2024 00:00	3.205	3.205	3.08	3.115	327
27.09.2024 00:00	3.06	3.1	2.995	3.08	237
30.09.2024 00:00	3.1	3.245	2.95	3.015	2268
01.10.2024 00:00	2.995	2.995	2.7800000000000002	2.805	941
02.10.2024 00:00	2.85	2.89	2.705	2.705	457
03.10.2024 00:00	2.7	2.785	2.64	2.645	268
04.10.2024 00:00	2.66	2.815	2.66	2.745	231
07.10.2024 00:00	2.835	2.85	2.715	2.725	369
08.10.2024 00:00	2.785	2.785	2.705	2.75	103
09.10.2024 00:00	2.7800000000000002	2.795	2.74	2.765	155
10.10.2024 00:00	2.785	2.81	2.7800000000000002	2.79	88
11.10.2024 00:00	2.77	2.795	2.74	2.74	90
14.10.2024 00:00	2.745	2.75	2.6550000000000002	2.68	410
15.10.2024 00:00	2.67	2.745	2.665	2.67	177
16.10.2024 00:00	2.715	2.725	2.625	2.705	322
17.10.2024 00:00	2.715	2.725	2.6550000000000002	2.6550000000000002	227
18.10.2024 00:00	2.645	2.7	2.58	2.615	132
21.10.2024 00:00	2.625	2.63	2.5300000000000002	2.545	218
22.10.2024 00:00	2.565	2.645	2.56	2.63	135
23.10.2024 00:00	2.59	2.66	2.495	2.515	483
24.10.2024 00:00	2.505	2.555	2.46	2.5	80
25.10.2024 00:00	2.48	2.515	2.4050000000000002	2.475	226
28.10.2024 00:00	2.435	2.475	2.265	2.355	214
29.10.2024 00:00	2.285	2.715	2.285	2.505	675
30.10.2024 00:00	2.64	2.7	2.565	2.6	254
31.10.2024 00:00	2.58	2.725	2.46	2.48	479
01.11.2024 00:00	2.465	2.56	2.465	2.5	58
02.11.2024 00:00	2.505	2.545	2.505	2.545	13
05.11.2024 00:00	2.6	2.6	2.535	2.565	65
06.11.2024 00:00	2.6	2.625	2.475	2.6	83
07.11.2024 00:00	2.625	2.625	2.58	2.58	23
08.11.2024 00:00	2.645	2.645	2.515	2.515	105
11.11.2024 00:00	2.515	2.665	2.515	2.62	316
12.11.2024 00:00	2.62	2.785	2.585	2.75	538
13.11.2024 00:00	2.75	2.91	2.73	2.875	1444
14.11.2024 00:00	2.895	3.0	2.7	2.765	1669
15.11.2024 00:00	2.705	2.815	2.645	2.705	523
18.11.2024 00:00	2.685	2.685	2.515	2.565	398
19.11.2024 00:00	2.615	2.615	2.43	2.435	202
20.11.2024 00:00	2.46	2.5	2.39	2.42	312
21.11.2024 00:00	2.44	2.44	2.35	2.355	194
22.11.2024 00:00	2.355	2.435	2.355	2.39	293
25.11.2024 00:00	2.41	2.41	2.285	2.31	152
26.11.2024 00:00	2.295	2.295	1.995	2.085	736
27.11.2024 00:00	2.1	2.125	1.94	2.02	324
28.11.2024 00:00	2.13	2.225	2.055	2.105	322
29.11.2024 00:00	2.08	2.16	2.075	2.14	71
02.12.2024 00:00	2.145	2.245	2.115	2.185	261
03.12.2024 00:00	2.16	2.205	2.055	2.16	293
04.12.2024 00:00	2.16	2.23	1.995	2.08	626
05.12.2024 00:00	2.065	2.12	2.065	2.105	72
06.12.2024 00:00	2.08	2.15	2.08	2.145	46
09.12.2024 00:00	2.14	2.23	2.14	2.17	77
10.12.2024 00:00	2.16	2.225	2.105	2.105	70
11.12.2024 00:00	2.105	2.185	2.105	2.12	75
12.12.2024 00:00	2.12	2.205	2.12	2.12	142
13.12.2024 00:00	2.105	2.145	2.015	2.025	139
16.12.2024 00:00	2.045	2.045	1.96	1.965	144
17.12.2024 00:00	2.015	2.015	1.9000000000000001	1.93	131
18.12.2024 00:00	1.955	2.06	1.945	2.06	162
19.12.2024 00:00	2.085	2.145	2.0	2.0	324
20.12.2024 00:00	2.005	2.14	1.985	2.13	230
23.12.2024 00:00	2.145	2.265	2.145	2.23	132
24.12.2024 00:00	2.285	2.6	2.22	2.415	761
25.12.2024 00:00	2.415	2.495	2.2800000000000002	2.37	528
26.12.2024 00:00	2.37	2.38	2.31	2.355	113
27.12.2024 00:00	2.355	2.355	2.285	2.315	165
28.12.2024 00:00	2.315	2.365	2.29	2.295	147
30.12.2024 00:00	2.35	2.415	2.33	2.37	154
03.01.2025 00:00	2.415	2.475	2.39	2.45	143
06.01.2025 00:00	2.42	2.45	2.395	2.435	96
08.01.2025 00:00	2.435	2.54	2.435	2.52	186
09.01.2025 00:00	2.535	2.575	2.475	2.5300000000000002	114
10.01.2025 00:00	2.5300000000000002	2.6	2.45	2.54	322
13.01.2025 00:00	2.465	3.035	2.46	2.83	4054
14.01.2025 00:00	2.83	2.83	2.5	2.7	2548
15.01.2025 00:00	2.745	2.915	2.705	2.84	1409
16.01.2025 00:00	2.85	2.85	2.75	2.83	690
17.01.2025 00:00	2.83	2.975	2.79	2.93	1737
20.01.2025 00:00	2.95	3.39	2.91	3.145	2734
21.01.2025 00:00	3.245	3.805	3.245	3.745	8466
22.01.2025 00:00	3.805	4.11	3.805	4.11	5263
23.01.2025 00:00	3.9050000000000002	4.51	3.87	3.93	4246
24.01.2025 00:00	3.93	4.32	3.815	4.17	3941
27.01.2025 00:00	4.175	4.32	3.98	4.015	1222
28.01.2025 00:00	4.015	4.39	4.015	4.22	2272
29.01.2025 00:00	4.23	4.4	3.935	4.155	1264
30.01.2025 00:00	4.16	4.275	3.95	4.115	1285
31.01.2025 00:00	4.09	4.11	3.855	3.99	1111
03.02.2025 00:00	3.93	4.01	3.665	3.705	1719
04.02.2025 00:00	3.74	3.875	3.67	3.745	1025
05.02.2025 00:00	3.665	3.795	3.515	3.585	812
06.02.2025 00:00	3.625	3.6550000000000002	3.4050000000000002	3.555	1244
07.02.2025 00:00	3.555	3.585	3.4050000000000002	3.43	780
10.02.2025 00:00	3.38	3.645	3.31	3.63	743
11.02.2025 00:00	3.64	3.95	3.64	3.91	2911
12.02.2025 00:00	4.29	4.29	3.91	3.93	3219
13.02.2025 00:00	3.95	4.195	3.77	3.835	1222
14.02.2025 00:00	3.835	3.88	3.68	3.715	1028
17.02.2025 00:00	3.74	3.85	3.6	3.825	842
18.02.2025 00:00	3.815	3.825	3.68	3.685	612
19.02.2025 00:00	3.69	3.795	3.62	3.785	609
20.02.2025 00:00	3.77	3.77	3.7	3.75	257
21.02.2025 00:00	3.765	3.88	3.66	3.73	621
24.02.2025 00:00	3.745	3.785	3.645	3.71	1456
25.02.2025 00:00	3.71	3.745	3.665	3.69	593
26.02.2025 00:00	3.665	3.785	3.555	3.64	908
27.02.2025 00:00	3.68	3.69	3.6	3.64	130
28.02.2025 00:00	3.6	3.6	3.45	3.585	335
03.03.2025 00:00	3.58	3.585	3.42	3.465	451
04.03.2025 00:00	3.58	3.58	3.465	3.495	236
05.03.2025 00:00	3.5	3.52	3.475	3.475	81
06.03.2025 00:00	3.505	3.515	3.45	3.455	171
07.03.2025 00:00	3.465	3.62	3.45	3.455	171
10.03.2025 00:00	3.515	3.575	3.455	3.52	133
11.03.2025 00:00	3.505	3.52	3.5	3.515	19
12.03.2025 00:00	3.495	3.495	3.335	3.41	368
13.03.2025 00:00	3.435	3.435	3.315	3.315	98
14.03.2025 00:00	3.39	3.495	3.305	3.33	477
17.03.2025 00:00	3.33	3.415	3.33	3.4050000000000002	143
18.03.2025 00:00	3.455	3.615	3.4050000000000002	3.4050000000000002	379
19.03.2025 00:00	3.415	3.465	3.35	3.4050000000000002	162
20.03.2025 00:00	3.395	3.395	3.33	3.37	104
21.03.2025 00:00	3.39	3.39	3.285	3.305	123
24.03.2025 00:00	3.35	3.38	3.295	3.315	96
25.03.2025 00:00	3.37	3.37	3.325	3.35	24
26.03.2025 00:00	3.33	3.37	3.265	3.295	118
27.03.2025 00:00	3.265	3.265	3.18	3.205	168
28.03.2025 00:00	3.205	3.21	3.015	3.075	155
31.03.2025 00:00	3.06	3.145	2.935	2.995	118
01.04.2025 00:00	3.0	3.18	2.93	3.015	493
02.04.2025 00:00	3.045	3.095	2.975	3.0	195
03.04.2025 00:00	3.075	3.08	2.815	2.83	569
04.04.2025 00:00	2.92	2.965	2.745	2.785	483
07.04.2025 00:00	2.745	2.7800000000000002	2.395	2.6	664
08.04.2025 00:00	2.69	2.745	2.66	2.745	187
09.04.2025 00:00	2.69	2.69	2.475	2.58	631
10.04.2025 00:00	2.705	2.73	2.585	2.665	302
11.04.2025 00:00	2.685	2.725	2.685	2.705	62
14.04.2025 00:00	2.725	2.74	2.62	2.645	115
15.04.2025 00:00	2.555	2.705	2.545	2.67	66
16.04.2025 00:00	2.665	2.745	2.66	2.71	89
17.04.2025 00:00	2.685	2.785	2.66	2.785	102
18.04.2025 00:00	2.785	2.975	2.73	2.79	274
21.04.2025 00:00	2.805	2.805	2.765	2.79	59
22.04.2025 00:00	2.81	2.92	2.81	2.85	91
23.04.2025 00:00	2.815	2.83	2.755	2.785	55
24.04.2025 00:00	2.79	2.85	2.785	2.83	58
25.04.2025 00:00	2.815	2.875	2.75	2.87	125
28.04.2025 00:00	2.895	2.96	2.815	2.89	144
29.04.2025 00:00	2.84	2.855	2.815	2.815	49
30.04.2025 00:00	2.77	2.77	2.665	2.68	143
02.05.2025 00:00	2.68	2.805	2.585	2.6	282
05.05.2025 00:00	2.6	2.85	2.565	2.7800000000000002	341
06.05.2025 00:00	2.765	2.89	2.745	2.88	116
07.05.2025 00:00	2.875	2.89	2.795	2.87	30
08.05.2025 00:00	2.805	2.855	2.785	2.84	30
12.05.2025 00:00	2.85	2.965	2.815	2.815	180
13.05.2025 00:00	2.9050000000000002	2.9050000000000002	2.81	2.81	22
14.05.2025 00:00	2.815	2.825	2.81	2.81	24
15.05.2025 00:00	2.805	2.81	2.77	2.77	19
16.05.2025 00:00	2.77	2.77	2.66	2.74	69
19.05.2025 00:00	2.74	2.755	2.705	2.705	29
20.05.2025 00:00	2.745	2.81	2.73	2.745	177
21.05.2025 00:00	2.745	2.995	2.745	2.965	404
22.05.2025 00:00	2.9050000000000002	3.105	2.705	2.73	814
