datetime	open	high	low	close	volume
26.04.2023 00:00	25.03	25.03	25.03	25.03	190696
27.04.2023 00:00	27.53	35.03	27.53	35.03	1039321
28.04.2023 00:00	38.49	38.49	36.99	38.49	391431
02.05.2023 00:00	38.49	41.99	31.6	37.49	4753506
03.05.2023 00:00	36.99	40.2	35.02	35.39	822390
04.05.2023 00:00	35.5	36.49	32.25	32.81	573912
05.05.2023 00:00	32.92	34.93	31.55	32.2	802403
08.05.2023 00:00	33.29	33.49	31.240000000000002	32.2	171147
10.05.2023 00:00	31.69	34.2	31.69	33.36	558594
11.05.2023 00:00	33.53	34.79	32.72	33.29	350600
12.05.2023 00:00	33.29	33.39	31.990000000000002	32.28	144706
15.05.2023 00:00	32.56	33.04	31.990000000000002	32.17	133837
16.05.2023 00:00	32.2	32.35	31.69	31.88	155239
17.05.2023 00:00	31.740000000000002	32.74	31.720000000000002	31.990000000000002	203996
18.05.2023 00:00	32.13	33.2	31.810000000000002	31.85	204877
19.05.2023 00:00	31.8	32.56	31.3	31.53	148983
22.05.2023 00:00	32.5	32.6	31.39	31.62	177610
23.05.2023 00:00	31.8	31.89	30.1	30.44	137388
24.05.2023 00:00	30.6	30.810000000000002	28.76	29.55	149896
25.05.2023 00:00	30.240000000000002	30.240000000000002	28.12	28.39	123592
26.05.2023 00:00	28.44	31.6	28.400000000000002	29.990000000000002	406806
29.05.2023 00:00	29.990000000000002	30.94	29.400000000000002	30.38	113726
30.05.2023 00:00	30.17	30.490000000000002	29.39	29.48	52323
31.05.2023 00:00	29.21	31.19	29.03	30.6	120112
01.06.2023 00:00	30.990000000000002	33.61	30.22	32.74	575806
02.06.2023 00:00	32.7	33.17	31.73	31.98	188606
05.06.2023 00:00	31.98	34.49	31.51	32.56	381222
06.06.2023 00:00	32.2	32.28	30.53	31.89	138469
07.06.2023 00:00	32.59	32.99	31.89	32.21	99917
08.06.2023 00:00	32.78	32.96	31.96	32.2	85243
09.06.2023 00:00	31.900000000000002	33.38	31.900000000000002	32.2	154718
13.06.2023 00:00	32.81	33.99	32.2	33.67	232130
14.06.2023 00:00	34.39	34.6	32.35	33.47	179713
15.06.2023 00:00	33.49	33.92	32.81	33.29	67456
16.06.2023 00:00	33.56	33.56	32.49	32.79	55833
19.06.2023 00:00	33.13	33.35	32.49	33.07	52083
20.06.2023 00:00	33.1	34.09	33.07	33.18	178301
21.06.2023 00:00	33.63	33.97	33.18	33.74	86137
22.06.2023 00:00	33.9	35.24	33.46	34.85	378798
23.06.2023 00:00	34.85	34.85	32.28	34.1	155250
26.06.2023 00:00	33.79	34.32	32.53	33.0	92233
27.06.2023 00:00	33.02	33.78	32.6	33.09	46777
28.06.2023 00:00	33.03	33.68	32.88	32.99	34332
29.06.2023 00:00	32.99	33.99	32.99	33.89	109783
30.06.2023 00:00	33.99	34.49	33.25	33.42	67118
03.07.2023 00:00	33.39	33.7	32.99	33.1	45508
04.07.2023 00:00	33.1	33.56	32.99	33.03	40263
05.07.2023 00:00	33.03	33.39	32.99	33.0	22605
06.07.2023 00:00	33.03	33.17	32.49	32.49	45462
07.07.2023 00:00	32.6	32.7	31.970000000000002	32.09	55143
10.07.2023 00:00	32.1	32.49	32.03	32.29	29421
11.07.2023 00:00	32.49	32.59	32.13	32.49	24663
12.07.2023 00:00	32.56	32.95	32.29	32.71	43102
13.07.2023 00:00	32.67	32.82	32.29	32.42	19994
14.07.2023 00:00	32.49	32.49	32.2	32.31	25121
17.07.2023 00:00	32.31	32.47	32.31	32.4	20363
18.07.2023 00:00	32.35	32.67	32.32	32.49	34013
19.07.2023 00:00	32.67	32.7	32.32	32.53	34294
20.07.2023 00:00	32.78	34.99	32.7	33.09	473182
21.07.2023 00:00	33.39	34.24	32.7	33.35	128510
24.07.2023 00:00	33.89	33.89	32.95	33.4	43402
25.07.2023 00:00	33.6	33.99	33.31	33.65	77924
26.07.2023 00:00	33.7	33.99	33.35	33.45	50022
27.07.2023 00:00	33.46	34.78	33.29	33.9	419476
28.07.2023 00:00	34.47	34.63	33.71	34.04	90488
31.07.2023 00:00	34.39	34.71	34.1	34.17	61655
01.08.2023 00:00	34.2	34.88	33.49	34.35	165095
02.08.2023 00:00	34.35	35.42	34.31	34.45	198198
03.08.2023 00:00	34.99	35.35	34.25	34.63	91221
04.08.2023 00:00	34.99	35.36	32.56	33.79	184137
07.08.2023 00:00	34.2	34.6	33.79	33.79	57528
08.08.2023 00:00	33.79	34.09	32.64	33.49	50837
09.08.2023 00:00	33.64	33.99	33.35	33.65	32202
10.08.2023 00:00	33.67	33.88	33.31	33.61	26895
11.08.2023 00:00	33.61	34.56	33.49	34.2	80051
14.08.2023 00:00	34.6	34.67	33.49	33.53	104103
15.08.2023 00:00	33.53	34.24	32.56	33.4	57927
16.08.2023 00:00	33.4	33.7	31.63	33.1	79190
17.08.2023 00:00	33.15	33.17	31.310000000000002	32.45	67302
18.08.2023 00:00	32.6	32.92	32.29	32.79	36201
21.08.2023 00:00	33.04	33.99	32.86	33.74	47953
22.08.2023 00:00	33.72	33.88	33.25	33.68	22743
23.08.2023 00:00	33.97	35.32	33.5	33.79	230111
24.08.2023 00:00	33.46	33.74	32.74	33.53	39550
25.08.2023 00:00	33.56	34.22	33.2	33.56	53404
28.08.2023 00:00	33.56	33.93	33.29	33.64	40761
29.08.2023 00:00	33.49	33.82	33.29	33.34	43324
30.08.2023 00:00	33.04	33.42	33.04	33.24	30029
31.08.2023 00:00	32.99	33.36	32.99	33.07	33575
01.09.2023 00:00	33.0	33.31	32.54	32.79	67781
04.09.2023 00:00	33.1	33.99	32.99	33.32	137028
05.09.2023 00:00	33.39	33.85	33.29	33.4	95861
06.09.2023 00:00	33.61	33.67	33.17	33.38	37145
07.09.2023 00:00	33.38	33.38	32.56	32.7	47974
08.09.2023 00:00	32.6	32.99	32.1	32.64	40298
11.09.2023 00:00	32.2	32.64	32.2	32.28	19981
12.09.2023 00:00	32.47	32.64	32.28	32.54	11995
13.09.2023 00:00	32.64	32.64	31.990000000000002	32.46	29421
14.09.2023 00:00	32.6	39.92	26.89	33.2	3172698
15.09.2023 00:00	33.32	39.31	33.32	37.29	3104793
18.09.2023 00:00	38.39	42.38	35.92	38.03	2219580
19.09.2023 00:00	38.6	51.6	36.36	50.92	5323123
20.09.2023 00:00	50.92	55.6	43.38	50.24	3455768
21.09.2023 00:00	49.99	57.1	46.89	52.14	3198490
22.09.2023 00:00	52.14	55.6	48.38	48.99	1531884
25.09.2023 00:00	49.1	50.74	45.14	46.1	912949
26.09.2023 00:00	46.6	46.6	42.54	43.29	786119
27.09.2023 00:00	43.57	52.2	43.32	51.1	3393964
28.09.2023 00:00	51.07	53.63	47.84	48.7	1467021
29.09.2023 00:00	49.67	49.67	46.5	46.79	374463
02.10.2023 00:00	50.99	53.38	48.82	53.38	2228273
03.10.2023 00:00	53.64	57.02	50.88	53.99	2324702
04.10.2023 00:00	54.06	54.79	51.7	51.96	383187
05.10.2023 00:00	52.57	52.79	50.67	51.24	246815
06.10.2023 00:00	51.31	55.39	49.99	52.79	1599399
09.10.2023 00:00	53.03	59.31	52.17	59.24	2677168
10.10.2023 00:00	59.53	67.45	57.67	60.4	4975016
11.10.2023 00:00	60.49	63.38	57.77	60.99	1538716
12.10.2023 00:00	59.99	66.37	58.64	63.11	2120596
13.10.2023 00:00	63.81	65.9	63.2	63.99	1074404
16.10.2023 00:00	65.2	65.26	61.03	61.27	606149
17.10.2023 00:00	61.2	63.24	59.27	61.49	670059
18.10.2023 00:00	60.99	62.39	59.7	60.06	360838
19.10.2023 00:00	60.2	61.42	58.5	59.79	305409
20.10.2023 00:00	59.99	60.02	56.56	56.74	323555
23.10.2023 00:00	56.74	57.47	52.79	53.5	543089
24.10.2023 00:00	53.5	58.85	52.29	58.79	1105842
25.10.2023 00:00	58.7	61.79	57.49	58.24	1031849
26.10.2023 00:00	58.99	59.81	55.38	55.6	381868
27.10.2023 00:00	55.74	57.49	54.56	55.82	222451
30.10.2023 00:00	55.99	58.89	55.99	57.35	391095
31.10.2023 00:00	57.39	58.04	55.2	55.99	172863
01.11.2023 00:00	55.99	56.99	55.2	56.49	102293
02.11.2023 00:00	56.42	58.2	54.63	56.17	187471
03.11.2023 00:00	56.15	56.28	54.24	54.6	118558
06.11.2023 00:00	54.92	56.17	54.7	55.35	77911
07.11.2023 00:00	55.47	55.95	53.99	54.25	105838
08.11.2023 00:00	54.25	55.49	52.99	53.04	185191
09.11.2023 00:00	53.1	53.88	50.79	51.6	180211
10.11.2023 00:00	51.6	51.79	47.63	51.46	498127
13.11.2023 00:00	51.56	53.49	46.72	47.74	290136
14.11.2023 00:00	47.49	47.64	39.99	42.36	521963
15.11.2023 00:00	42.57	46.6	40.28	44.99	558014
16.11.2023 00:00	44.99	49.85	44.49	47.79	534810
17.11.2023 00:00	48.4	49.39	45.64	47.03	156598
20.11.2023 00:00	47.28	48.79	45.79	46.15	179097
21.11.2023 00:00	46.57	46.57	44.4	45.45	138350
22.11.2023 00:00	45.45	49.54	45.03	49.21	490624
23.11.2023 00:00	49.15	50.84	45.79	46.47	294297
24.11.2023 00:00	46.99	47.95	45.74	46.18	124911
27.11.2023 00:00	46.84	46.99	44.99	45.04	93513
28.11.2023 00:00	45.5	45.88	43.56	44.27	97017
29.11.2023 00:00	44.42	46.71	43.0	45.67	179226
30.11.2023 00:00	45.65	46.06	43.6	44.34	66062
01.12.2023 00:00	44.85	44.88	43.49	43.96	56117
04.12.2023 00:00	43.9	43.9	41.0	41.17	95092
05.12.2023 00:00	41.31	41.99	38.13	39.29	157360
06.12.2023 00:00	39.67	41.95	39.34	39.6	148163
07.12.2023 00:00	39.79	40.21	36.85	38.22	100042
08.12.2023 00:00	38.54	39.47	37.31	37.7	103451
11.12.2023 00:00	37.7	38.04	35.77	36.89	91063
12.12.2023 00:00	36.89	38.24	36.22	36.68	101441
13.12.2023 00:00	36.68	38.77	36.31	37.47	144478
14.12.2023 00:00	38.79	38.79	37.1	37.1	77733
15.12.2023 00:00	37.1	38.2	36.11	37.74	56363
18.12.2023 00:00	37.95	45.96	37.6	44.1	673934
19.12.2023 00:00	44.68	46.54	43.04	44.07	327074
20.12.2023 00:00	44.32	45.47	43.57	43.82	91660
21.12.2023 00:00	43.84	45.89	42.1	44.03	413354
22.12.2023 00:00	43.63	45.2	42.75	44.13	153205
25.12.2023 00:00	44.28	44.99	43.2	43.84	65410
26.12.2023 00:00	43.99	44.2	42.22	43.17	64810
27.12.2023 00:00	43.17	47.85	42.24	45.74	437610
28.12.2023 00:00	45.79	46.85	44.02	44.49	126704
29.12.2023 00:00	44.72	45.56	43.7	43.81	58228
03.01.2024 00:00	43.81	44.95	43.31	44.92	60035
04.01.2024 00:00	45.04	46.84	44.84	45.97	221885
05.01.2024 00:00	45.97	47.25	44.85	45.9	187953
08.01.2024 00:00	46.79	48.99	46.6	48.2	388018
09.01.2024 00:00	48.2	48.79	46.78	47.74	85770
10.01.2024 00:00	47.64	51.42	47.49	49.35	426453
11.01.2024 00:00	49.39	49.74	47.25	48.2	153991
12.01.2024 00:00	48.29	50.1	48.14	48.81	166470
15.01.2024 00:00	48.81	51.79	48.81	51.17	457843
16.01.2024 00:00	50.6	52.1	49.53	50.68	238184
17.01.2024 00:00	50.92	52.35	49.7	51.35	328650
18.01.2024 00:00	51.84	52.1	49.85	50.79	174217
19.01.2024 00:00	50.89	51.7	49.78	49.99	98065
22.01.2024 00:00	49.99	50.99	48.1	48.89	134080
23.01.2024 00:00	49.06	50.1	48.92	49.59	113428
24.01.2024 00:00	49.92	49.99	48.4	48.7	66643
25.01.2024 00:00	48.97	50.96	47.04	48.5	294659
26.01.2024 00:00	48.5	49.46	48.02	48.99	73858
29.01.2024 00:00	49.32	49.49	48.5	48.79	57124
30.01.2024 00:00	48.99	49.57	48.5	49.03	111593
31.01.2024 00:00	49.28	49.63	48.81	49.1	76171
01.02.2024 00:00	49.1	49.7	48.99	48.99	49883
02.02.2024 00:00	49.38	49.38	47.61	48.5	40043
05.02.2024 00:00	48.6	48.96	47.99	48.1	29313
06.02.2024 00:00	48.35	48.79	47.72	48.49	29767
07.02.2024 00:00	48.49	48.78	47.85	48.02	46871
08.02.2024 00:00	47.99	48.18	44.49	46.56	110386
09.02.2024 00:00	45.99	46.6	45.53	45.7	38488
12.02.2024 00:00	45.72	48.89	45.72	47.59	192663
13.02.2024 00:00	47.99	47.99	46.39	47.28	65533
14.02.2024 00:00	47.59	47.67	46.25	47.06	84238
15.02.2024 00:00	47.06	47.18	46.11	46.49	30621
16.02.2024 00:00	46.47	46.74	44.61	44.95	100779
19.02.2024 00:00	45.47	45.47	44.11	44.7	59296
20.02.2024 00:00	44.7	44.7	43.2	43.42	61077
21.02.2024 00:00	42.99	43.31	39.99	40.96	148219
22.02.2024 00:00	41.0	45.72	40.64	44.06	268978
26.02.2024 00:00	44.47	45.6	44.21	44.4	63171
27.02.2024 00:00	44.72	44.88	43.6	44.03	40075
28.02.2024 00:00	44.04	44.24	42.49	42.57	93321
29.02.2024 00:00	42.79	45.6	42.79	43.7	224184
01.03.2024 00:00	43.95	45.39	43.35	44.09	100268
04.03.2024 00:00	44.97	47.61	44.17	47.17	320628
05.03.2024 00:00	47.2	47.89	46.04	46.7	94103
06.03.2024 00:00	46.9	48.68	46.49	47.81	234746
07.03.2024 00:00	47.99	49.29	47.82	48.22	146206
11.03.2024 00:00	48.24	49.99	47.49	48.59	181303
12.03.2024 00:00	48.79	49.24	47.28	47.78	97601
13.03.2024 00:00	47.81	48.45	46.79	46.9	53397
14.03.2024 00:00	46.88	47.35	45.04	45.2	86768
15.03.2024 00:00	45.45	46.45	45.06	46.07	40388
18.03.2024 00:00	46.2	46.2	45.06	45.24	55517
19.03.2024 00:00	45.25	45.53	44.49	44.71	79871
20.03.2024 00:00	44.6	47.21	44.53	44.99	247727
21.03.2024 00:00	45.04	47.61	45.04	47.59	224468
22.03.2024 00:00	47.1	48.42	46.59	47.4	107380
25.03.2024 00:00	47.39	47.54	45.1	46.36	134223
26.03.2024 00:00	46.36	46.99	46.11	46.31	40169
27.03.2024 00:00	46.31	47.49	46.31	46.49	60915
28.03.2024 00:00	46.88	47.11	46.49	46.53	42316
29.03.2024 00:00	46.96	46.96	46.31	46.45	30908
01.04.2024 00:00	46.45	49.27	46.36	48.7	265985
02.04.2024 00:00	48.99	50.57	47.7	49.14	227032
03.04.2024 00:00	50.02	53.99	49.31	52.77	1060247
04.04.2024 00:00	51.99	53.71	50.53	50.81	216322
05.04.2024 00:00	50.81	52.29	49.99	50.15	131847
08.04.2024 00:00	51.14	51.59	49.99	50.21	69056
09.04.2024 00:00	50.47	50.89	48.5	48.59	146367
10.04.2024 00:00	48.99	50.45	48.14	49.21	69385
11.04.2024 00:00	49.68	49.86	48.74	49.39	36151
12.04.2024 00:00	49.85	50.54	49.35	49.7	74310
15.04.2024 00:00	49.99	50.96	49.74	50.31	80472
16.04.2024 00:00	50.35	51.71	49.2	49.72	101842
17.04.2024 00:00	49.92	50.6	49.45	49.95	61553
18.04.2024 00:00	49.97	50.14	48.89	49.49	38576
19.04.2024 00:00	49.85	49.99	49.21	49.85	20527
22.04.2024 00:00	49.99	49.99	49.06	49.42	36784
23.04.2024 00:00	49.78	49.78	47.95	48.02	87771
24.04.2024 00:00	48.04	48.25	46.7	47.04	82990
25.04.2024 00:00	47.04	48.49	46.71	47.81	57132
26.04.2024 00:00	47.89	48.49	47.54	47.75	24695
27.04.2024 00:00	47.9	47.9	46.77	47.11	36454
29.04.2024 00:00	47.49	47.6	46.32	47.03	54832
30.04.2024 00:00	47.11	47.24	46.95	47.15	17089
02.05.2024 00:00	47.15	47.78	46.68	46.93	29058
03.05.2024 00:00	47.2	48.88	47.15	47.74	116449
06.05.2024 00:00	47.74	48.22	47.34	47.95	112229
07.05.2024 00:00	48.2	48.42	47.39	47.5	22330
08.05.2024 00:00	47.52	47.92	46.81	47.06	24635
10.05.2024 00:00	47.35	47.53	46.88	47.14	16574
13.05.2024 00:00	47.14	47.24	46.5	46.6	29291
14.05.2024 00:00	46.7	46.74	46.0	46.15	24090
15.05.2024 00:00	46.2	46.92	45.49	46.86	43137
16.05.2024 00:00	46.86	48.39	46.86	47.47	76835
17.05.2024 00:00	48.38	48.38	46.6	46.97	28676
20.05.2024 00:00	46.97	47.15	46.18	46.35	25858
21.05.2024 00:00	46.35	46.35	45.1	45.29	35689
22.05.2024 00:00	45.29	46.31	45.24	45.65	19711
23.05.2024 00:00	46.24	46.24	44.25	45.27	38033
24.05.2024 00:00	45.28	45.39	43.2	43.6	85215
27.05.2024 00:00	43.92	43.92	40.2	40.24	146156
28.05.2024 00:00	40.56	43.22	38.49	40.96	119432
29.05.2024 00:00	41.1	41.57	40.15	41.34	32192
30.05.2024 00:00	42.99	42.99	40.79	40.79	16488
31.05.2024 00:00	40.63	40.78	38.49	38.92	90031
03.06.2024 00:00	39.86	40.18	36.92	37.5	61989
04.06.2024 00:00	38.13	40.49	38.07	39.7	83245
05.06.2024 00:00	40.0	41.59	39.84	39.93	53227
06.06.2024 00:00	39.79	40.49	39.49	39.99	21602
07.06.2024 00:00	39.93	42.42	39.81	41.95	42585
10.06.2024 00:00	42.35	44.13	41.95	42.07	71280
11.06.2024 00:00	42.13	42.4	40.56	40.97	17831
13.06.2024 00:00	39.45	41.07	38.0	40.88	23932
14.06.2024 00:00	41.24	42.28	40.97	42.02	24212
17.06.2024 00:00	41.99	43.59	41.71	41.89	25936
18.06.2024 00:00	41.89	42.45	39.78	40.06	22898
19.06.2024 00:00	40.35	41.24	38.49	38.89	40209
20.06.2024 00:00	38.89	40.42	38.74	39.86	27475
21.06.2024 00:00	39.99	40.35	39.59	39.7	10220
24.06.2024 00:00	39.79	39.89	39.04	39.77	10095
25.06.2024 00:00	39.77	39.77	39.03	39.45	8056
26.06.2024 00:00	39.47	40.39	39.42	40.39	15021
27.06.2024 00:00	40.49	40.99	39.74	39.96	48705
28.06.2024 00:00	40.13	41.2	39.65	40.14	38122
01.07.2024 00:00	40.32	40.79	39.75	40.4	14388
02.07.2024 00:00	40.42	41.03	40.02	40.49	23667
03.07.2024 00:00	40.57	41.1	40.03	40.2	14982
04.07.2024 00:00	40.18	40.65	38.67	39.02	61248
05.07.2024 00:00	38.57	39.99	37.21	38.57	79262
08.07.2024 00:00	38.46	39.49	37.79	37.96	34065
09.07.2024 00:00	37.96	37.96	32.74	33.29	195652
10.07.2024 00:00	33.6	33.97	31.8	31.94	123807
11.07.2024 00:00	31.89	34.27	31.62	33.74	67190
12.07.2024 00:00	33.77	35.24	33.15	33.54	49896
15.07.2024 00:00	33.97	34.64	33.2	33.2	21922
16.07.2024 00:00	34.02	34.38	33.0	34.13	28746
17.07.2024 00:00	34.35	34.36	33.35	33.75	19901
18.07.2024 00:00	33.75	34.18	33.03	33.89	20215
19.07.2024 00:00	34.17	35.85	33.93	34.99	73404
22.07.2024 00:00	35.17	35.88	34.88	35.06	29607
23.07.2024 00:00	35.09	38.36	34.28	36.24	200814
24.07.2024 00:00	36.17	36.78	35.9	36.22	34124
25.07.2024 00:00	36.0	36.97	35.53	36.15	64300
26.07.2024 00:00	36.31	37.24	34.47	34.97	78714
29.07.2024 00:00	33.89	34.39	33.31	33.53	27664
30.07.2024 00:00	33.29	34.43	33.29	34.21	27267
31.07.2024 00:00	34.54	34.82	34.17	34.64	17604
01.08.2024 00:00	34.81	35.78	34.49	34.96	37676
02.08.2024 00:00	34.75	34.97	33.99	34.17	29614
05.08.2024 00:00	32.1	33.74	32.1	33.13	40209
06.08.2024 00:00	33.13	34.63	32.77	34.21	64304
07.08.2024 00:00	34.38	34.64	33.36	34.15	48986
08.08.2024 00:00	34.15	34.28	33.53	33.77	23416
09.08.2024 00:00	33.95	34.2	33.38	33.43	30237
12.08.2024 00:00	33.49	33.5	32.92	33.21	26226
13.08.2024 00:00	33.38	34.29	33.13	34.21	39188
14.08.2024 00:00	34.2	34.49	33.39	33.49	35846
15.08.2024 00:00	33.49	33.71	33.14	33.42	22848
16.08.2024 00:00	33.49	35.71	33.34	33.61	190307
19.08.2024 00:00	33.78	34.72	33.1	33.42	60349
20.08.2024 00:00	33.39	33.99	32.96	33.24	24664
21.08.2024 00:00	33.56	34.82	33.21	34.42	117047
22.08.2024 00:00	34.5	34.84	33.14	33.18	42809
23.08.2024 00:00	33.0	33.31	30.38	30.51	116155
26.08.2024 00:00	32.38	32.38	30.990000000000002	31.32	33178
27.08.2024 00:00	31.73	32.14	30.51	30.76	32186
28.08.2024 00:00	30.76	30.76	29.03	30.19	66947
29.08.2024 00:00	30.3	30.580000000000002	29.650000000000002	30.01	10682
30.08.2024 00:00	30.080000000000002	31.19	27.69	28.6	81109
02.09.2024 00:00	27.92	28.21	26.400000000000002	26.69	62995
03.09.2024 00:00	27.72	27.72	26.44	26.76	34360
04.09.2024 00:00	26.76	27.67	26.71	27.62	25265
05.09.2024 00:00	28.55	28.76	27.8	27.810000000000002	46754
06.09.2024 00:00	27.8	27.85	26.87	27.28	29938
09.09.2024 00:00	27.85	28.98	27.830000000000002	28.37	32058
10.09.2024 00:00	28.69	29.92	28.47	29.310000000000002	71778
11.09.2024 00:00	29.26	29.87	28.53	28.98	37790
12.09.2024 00:00	29.150000000000002	29.150000000000002	28.19	28.28	20010
13.09.2024 00:00	28.17	29.1	27.53	28.490000000000002	27535
16.09.2024 00:00	28.55	30.310000000000002	28.55	29.19	110728
17.09.2024 00:00	29.3	30.080000000000002	29.05	29.650000000000002	46717
18.09.2024 00:00	29.87	30.740000000000002	29.330000000000002	29.62	45966
19.09.2024 00:00	29.69	30.35	29.21	29.6	47019
20.09.2024 00:00	29.89	30.990000000000002	29.6	30.12	100971
23.09.2024 00:00	30.8	36.67	30.57	36.67	522433
24.09.2024 00:00	36.7	38.29	34.1	36.13	556358
25.09.2024 00:00	35.95	36.84	33.49	34.5	164700
26.09.2024 00:00	34.04	34.99	32.49	33.15	69836
27.09.2024 00:00	33.74	33.99	32.92	33.32	39152
30.09.2024 00:00	33.79	35.61	33.32	33.82	115466
01.10.2024 00:00	34.27	34.47	32.7	32.97	53092
02.10.2024 00:00	32.97	33.96	32.39	32.49	32536
03.10.2024 00:00	32.38	32.53	30.830000000000002	32.15	63639
04.10.2024 00:00	32.15	33.6	31.53	32.17	58445
07.10.2024 00:00	32.29	33.07	31.44	31.64	24459
08.10.2024 00:00	32.2	33.49	31.650000000000002	33.13	101179
09.10.2024 00:00	33.47	33.88	32.22	32.49	47443
10.10.2024 00:00	33.7	36.27	33.7	33.71	287681
11.10.2024 00:00	34.1	34.89	32.99	34.04	115665
14.10.2024 00:00	34.04	35.6	32.89	34.63	215346
15.10.2024 00:00	34.49	35.11	33.93	34.28	61330
16.10.2024 00:00	34.21	34.86	31.82	33.18	98119
17.10.2024 00:00	33.21	33.5	31.55	31.69	44627
18.10.2024 00:00	31.67	32.49	31.51	31.69	30995
21.10.2024 00:00	31.8	32.2	31.62	31.76	13424
22.10.2024 00:00	31.76	31.900000000000002	30.1	30.71	50605
23.10.2024 00:00	30.71	31.89	30.6	30.87	43413
24.10.2024 00:00	30.650000000000002	31.14	29.89	30.37	19901
25.10.2024 00:00	30.37	31.17	28.62	29.62	61160
28.10.2024 00:00	29.46	29.69	27.240000000000002	27.8	42819
29.10.2024 00:00	28.01	29.17	27.69	28.35	43881
30.10.2024 00:00	28.67	29.740000000000002	27.740000000000002	29.44	32887
31.10.2024 00:00	28.990000000000002	29.47	28.67	29.080000000000002	11674
01.11.2024 00:00	29.080000000000002	30.970000000000002	28.060000000000002	29.740000000000002	118134
02.11.2024 00:00	29.990000000000002	30.63	29.51	30.01	24183
05.11.2024 00:00	30.580000000000002	31.39	30.19	30.740000000000002	49341
06.11.2024 00:00	31.21	31.96	30.05	30.17	43459
07.11.2024 00:00	30.26	30.35	29.3	29.98	23205
08.11.2024 00:00	30.23	30.810000000000002	30.01	30.1	12195
11.11.2024 00:00	30.1	31.28	30.080000000000002	30.42	36411
12.11.2024 00:00	30.990000000000002	30.990000000000002	30.07	30.38	17191
13.11.2024 00:00	30.3	30.78	29.89	30.26	22556
14.11.2024 00:00	30.01	30.740000000000002	29.88	30.060000000000002	23844
15.11.2024 00:00	30.060000000000002	31.71	30.01	30.1	135624
18.11.2024 00:00	29.990000000000002	30.740000000000002	29.51	30.19	33126
19.11.2024 00:00	30.12	30.53	28.900000000000002	28.97	62437
20.11.2024 00:00	29.05	29.17	28.03	28.14	29634
21.11.2024 00:00	28.26	29.38	27.490000000000002	28.240000000000002	52815
22.11.2024 00:00	28.51	29.19	28.12	28.580000000000002	31888
25.11.2024 00:00	28.310000000000002	29.57	27.19	27.92	46243
26.11.2024 00:00	28.07	28.240000000000002	26.39	26.67	58269
27.11.2024 00:00	26.67	26.82	25.19	26.01	62665
28.11.2024 00:00	26.3	27.23	25.44	26.53	44822
29.11.2024 00:00	26.42	27.19	26.080000000000002	26.46	26070
02.12.2024 00:00	26.57	27.1	26.490000000000002	26.85	13488
03.12.2024 00:00	26.990000000000002	26.990000000000002	25.92	26.12	28231
04.12.2024 00:00	26.12	26.57	25.580000000000002	25.78	22320
05.12.2024 00:00	25.78	26.35	25.580000000000002	26.26	30744
06.12.2024 00:00	26.35	26.67	25.990000000000002	26.32	14682
09.12.2024 00:00	26.39	26.98	26.37	26.44	27934
10.12.2024 00:00	26.400000000000002	26.44	25.82	25.85	17644
11.12.2024 00:00	25.85	26.240000000000002	25.73	25.76	19090
12.12.2024 00:00	25.8	25.990000000000002	25.53	25.6	15216
13.12.2024 00:00	25.55	25.78	25.22	25.22	11588
16.12.2024 00:00	25.23	25.330000000000002	24.78	24.82	18965
17.12.2024 00:00	24.69	24.97	23.990000000000002	24.21	19735
18.12.2024 00:00	24.14	25.37	24.14	25.37	15083
19.12.2024 00:00	25.32	25.78	24.78	24.97	49578
20.12.2024 00:00	24.89	26.44	24.69	26.3	73154
23.12.2024 00:00	27.23	27.32	26.32	26.72	71872
24.12.2024 00:00	26.73	27.3	26.37	26.76	40191
25.12.2024 00:00	26.78	27.1	26.240000000000002	26.310000000000002	29780
26.12.2024 00:00	26.44	26.82	26.35	26.53	27960
27.12.2024 00:00	26.490000000000002	26.51	25.37	25.89	28585
28.12.2024 00:00	25.89	26.3	25.810000000000002	25.89	28224
30.12.2024 00:00	25.92	27.92	25.92	26.85	86789
03.01.2025 00:00	27.42	29.53	26.87	28.32	135543
06.01.2025 00:00	28.3	34.46	28.12	34.46	862549
08.01.2025 00:00	34.79	34.99	32.03	32.49	324505
09.01.2025 00:00	32.49	32.68	30.01	30.53	87600
10.01.2025 00:00	30.3	31.73	30.17	31.150000000000002	88921
13.01.2025 00:00	31.6	31.720000000000002	30.05	30.94	49335
14.01.2025 00:00	30.8	31.35	30.53	30.92	36825
15.01.2025 00:00	31.12	31.39	30.71	30.89	24191
16.01.2025 00:00	31.26	32.28	31.01	31.1	41035
17.01.2025 00:00	31.14	31.560000000000002	30.87	31.01	35638
20.01.2025 00:00	31.3	31.53	30.490000000000002	30.67	43789
21.01.2025 00:00	30.71	31.580000000000002	30.6	30.73	39830
22.01.2025 00:00	30.76	32.22	30.76	31.23	171814
23.01.2025 00:00	31.240000000000002	31.88	30.82	31.03	42743
24.01.2025 00:00	31.220000000000002	31.490000000000002	30.62	30.69	34421
27.01.2025 00:00	31.03	31.07	30.37	30.51	28437
28.01.2025 00:00	30.69	30.71	30.14	30.39	31161
29.01.2025 00:00	30.64	30.78	30.38	30.490000000000002	14509
30.01.2025 00:00	30.44	30.830000000000002	30.310000000000002	30.55	22355
31.01.2025 00:00	30.62	30.900000000000002	30.3	30.310000000000002	23870
03.02.2025 00:00	30.19	30.47	29.400000000000002	29.85	32550
04.02.2025 00:00	30.310000000000002	30.69	29.94	30.05	30815
05.02.2025 00:00	30.03	30.03	28.85	29.37	50484
06.02.2025 00:00	29.85	30.28	29.650000000000002	29.82	28181
07.02.2025 00:00	29.990000000000002	31.990000000000002	29.990000000000002	30.740000000000002	168302
10.02.2025 00:00	31.87	31.89	30.1	30.46	67390
11.02.2025 00:00	30.12	30.6	29.810000000000002	30.42	33541
12.02.2025 00:00	30.48	30.830000000000002	30.01	30.37	33257
13.02.2025 00:00	31.37	32.59	30.490000000000002	30.71	56626
14.02.2025 00:00	30.990000000000002	31.3	30.21	30.26	53207
17.02.2025 00:00	31.17	31.330000000000002	30.73	31.19	56590
18.02.2025 00:00	31.21	34.22	31.05	32.15	303098
19.02.2025 00:00	32.0	33.79	32.0	33.04	220007
20.02.2025 00:00	33.13	33.99	32.99	32.99	57195
21.02.2025 00:00	32.99	33.99	32.74	33.09	79144
24.02.2025 00:00	33.21	33.49	32.81	32.92	31882
25.02.2025 00:00	32.99	34.45	32.92	33.34	143074
26.02.2025 00:00	33.99	34.89	32.81	33.25	136236
27.02.2025 00:00	32.79	33.97	31.35	32.49	79719
28.02.2025 00:00	32.24	32.54	30.55	31.71	105645
03.03.2025 00:00	31.71	31.830000000000002	30.92	31.150000000000002	43374
04.03.2025 00:00	31.88	32.6	31.330000000000002	32.35	37322
05.03.2025 00:00	32.17	34.35	32.06	33.49	186396
06.03.2025 00:00	33.9	33.99	32.52	33.34	84961
07.03.2025 00:00	33.34	33.85	31.67	31.87	55072
10.03.2025 00:00	32.28	32.68	32.06	32.27	17146
11.03.2025 00:00	31.990000000000002	32.68	31.76	31.92	20788
12.03.2025 00:00	31.92	31.92	31.44	31.55	17218
13.03.2025 00:00	31.55	32.29	30.8	31.92	63145
14.03.2025 00:00	31.92	33.09	31.92	32.53	34948
17.03.2025 00:00	32.6	33.27	32.56	32.85	45857
18.03.2025 00:00	33.24	33.24	32.22	32.4	41468
19.03.2025 00:00	32.4	33.85	32.15	32.96	63515
20.03.2025 00:00	33.59	33.99	32.92	33.21	43106
21.03.2025 00:00	33.1	33.49	32.56	32.65	35774
24.03.2025 00:00	32.45	33.06	32.04	32.11	19569
25.03.2025 00:00	32.49	33.15	31.69	32.03	44440
26.03.2025 00:00	32.39	32.7	32.0	32.0	15500
27.03.2025 00:00	31.990000000000002	31.990000000000002	30.8	31.07	33727
28.03.2025 00:00	30.69	30.990000000000002	29.990000000000002	30.42	57325
31.03.2025 00:00	30.490000000000002	31.19	30.19	30.3	15618
01.04.2025 00:00	30.8	31.55	30.19	30.38	36862
02.04.2025 00:00	30.26	30.28	29.76	30.05	23118
03.04.2025 00:00	30.07	30.71	29.6	29.650000000000002	25936
04.04.2025 00:00	29.67	30.85	28.21	28.3	43667
07.04.2025 00:00	28.080000000000002	28.67	26.89	28.310000000000002	58797
08.04.2025 00:00	28.62	29.330000000000002	28.490000000000002	28.85	13043
09.04.2025 00:00	28.19	28.8	27.03	27.46	28902
10.04.2025 00:00	28.490000000000002	29.19	28.01	28.240000000000002	23976
11.04.2025 00:00	28.87	28.94	28.51	28.6	16276
14.04.2025 00:00	28.87	29.28	28.46	28.46	16513
15.04.2025 00:00	28.46	29.17	28.28	28.37	7152
16.04.2025 00:00	28.35	28.92	28.19	28.8	10784
17.04.2025 00:00	28.8	28.98	28.47	28.72	17935
18.04.2025 00:00	28.88	28.97	28.35	28.62	13651
21.04.2025 00:00	28.89	28.96	28.62	28.62	12426
22.04.2025 00:00	28.98	29.19	28.6	28.82	16644
23.04.2025 00:00	28.76	28.87	28.26	28.44	12223
24.04.2025 00:00	28.53	29.240000000000002	28.35	28.490000000000002	30179
25.04.2025 00:00	28.82	29.060000000000002	28.55	28.76	13150
28.04.2025 00:00	29.05	29.85	28.92	29.080000000000002	71461
29.04.2025 00:00	28.89	29.060000000000002	28.44	28.64	16568
30.04.2025 00:00	28.32	28.78	27.76	27.85	20925
02.05.2025 00:00	27.71	27.92	27.26	27.26	11638
05.05.2025 00:00	27.37	27.62	26.89	26.97	11535
06.05.2025 00:00	26.97	28.53	26.97	28.060000000000002	25041
07.05.2025 00:00	28.05	28.28	27.580000000000002	27.85	16979
08.05.2025 00:00	28.150000000000002	28.89	27.830000000000002	27.89	13915
12.05.2025 00:00	28.87	29.03	28.3	28.44	17573
13.05.2025 00:00	28.71	28.830000000000002	28.28	28.3	7843
14.05.2025 00:00	28.330000000000002	28.51	27.8	28.26	15317
15.05.2025 00:00	27.89	28.3	27.57	27.650000000000002	12446
16.05.2025 00:00	27.94	28.310000000000002	27.14	27.46	23461
19.05.2025 00:00	27.990000000000002	28.14	27.32	27.39	18288
20.05.2025 00:00	27.38	27.42	26.87	27.07	25708
21.05.2025 00:00	27.05	27.22	26.94	26.97	6310
22.05.2025 00:00	26.900000000000002	26.900000000000002	26.19	26.47	22166
