datetime	open	high	low	close	volume
25.09.2020 00:00	1875.0	1952.0	1850.0	1870.0	137778
28.09.2020 00:00	1890.0	1931.0	1860.0	1926.0	41368
29.09.2020 00:00	1955.0	2108.0	1930.0	1938.0	29953
30.09.2020 00:00	1940.0	1940.0	1893.0	1898.0	7161
01.10.2020 00:00	1896.0	1900.0	1879.0	1893.0	5571
02.10.2020 00:00	1893.0	1902.0	1860.0	1884.0	8808
05.10.2020 00:00	1880.0	1916.0	1880.0	1916.0	6507
06.10.2020 00:00	1925.0	1930.0	1887.0	1900.0	30429
07.10.2020 00:00	1900.0	1927.0	1884.0	1886.0	93243
08.10.2020 00:00	1867.0	1891.0	1800.0	1854.0	41515
09.10.2020 00:00	1853.0	1853.0	1826.0	1835.0	17403
12.10.2020 00:00	1825.0	1849.0	1805.0	1842.0	14829
13.10.2020 00:00	1840.0	1842.0	1792.0	1802.0	46775
14.10.2020 00:00	1800.0	1825.0	1780.0	1811.0	11455
15.10.2020 00:00	1800.0	1814.0	1775.0	1806.0	20646
16.10.2020 00:00	1801.0	1809.0	1798.0	1809.0	4043
19.10.2020 00:00	1780.0	1805.0	1780.0	1799.0	6079
20.10.2020 00:00	1799.0	1810.0	1786.0	1801.0	4295
21.10.2020 00:00	1814.0	1814.0	1749.0	1770.0	4420
22.10.2020 00:00	1765.0	1779.0	1759.0	1776.0	5924
23.10.2020 00:00	1768.0	1776.0	1750.0	1751.0	4088
26.10.2020 00:00	1750.0	1775.0	1740.0	1751.0	7274
27.10.2020 00:00	1755.0	1776.0	1750.0	1776.0	3724
28.10.2020 00:00	1751.0	1810.0	1750.0	1799.0	9469
29.10.2020 00:00	1805.0	1828.0	1797.0	1819.0	8867
30.10.2020 00:00	1828.0	1831.0	1799.0	1824.0	110855
02.11.2020 00:00	1831.0	1874.0	1830.0	1869.0	9270
03.11.2020 00:00	1875.0	1881.0	1863.0	1876.0	15527
05.11.2020 00:00	1850.0	1855.0	1845.0	1855.0	5818
06.11.2020 00:00	1863.0	1863.0	1809.0	1838.0	61949
09.11.2020 00:00	1835.0	1862.0	1827.0	1862.0	19764
10.11.2020 00:00	1874.0	1903.0	1860.0	1885.0	46471
11.11.2020 00:00	1891.0	1936.0	1891.0	1932.0	13663
12.11.2020 00:00	1932.0	1992.0	1925.0	1989.0	22263
13.11.2020 00:00	1988.0	2011.0	1985.0	1998.0	6834
16.11.2020 00:00	1992.0	1992.0	1964.0	1977.0	6498
17.11.2020 00:00	1992.0	2001.0	1970.0	1980.0	11902
18.11.2020 00:00	1918.0	1960.0	1918.0	1946.0	8003
19.11.2020 00:00	1950.0	2020.0	1945.0	1985.0	16302
20.11.2020 00:00	1999.0	1999.0	1875.0	1889.0	33593
23.11.2020 00:00	1889.0	1890.0	1833.0	1852.0	13733
24.11.2020 00:00	1850.0	1866.0	1838.0	1838.0	13157
25.11.2020 00:00	1844.0	1871.0	1841.0	1845.0	6572
26.11.2020 00:00	1852.0	1863.0	1851.0	1863.0	3135
27.11.2020 00:00	1863.0	1882.0	1863.0	1865.0	12275
30.11.2020 00:00	1870.0	1893.0	1860.0	1873.0	12075
01.12.2020 00:00	1879.0	1895.0	1872.0	1890.0	9198
02.12.2020 00:00	1896.0	1906.0	1875.0	1876.0	4195
03.12.2020 00:00	1889.0	1889.0	1867.0	1872.0	3863
04.12.2020 00:00	1863.0	1893.0	1860.0	1883.0	7693
07.12.2020 00:00	1867.0	1886.0	1860.0	1865.0	9313
08.12.2020 00:00	1845.0	1874.0	1831.0	1860.0	18078
09.12.2020 00:00	1863.0	1937.0	1854.0	1923.0	16100
10.12.2020 00:00	1923.0	2044.0	1923.0	2020.0	16508
11.12.2020 00:00	2039.0	2088.0	2033.0	2085.0	14672
14.12.2020 00:00	2085.0	2094.0	2041.0	2050.0	8986
15.12.2020 00:00	2055.0	2110.0	2033.0	2110.0	11440
16.12.2020 00:00	2120.0	2172.0	2120.0	2171.0	8797
17.12.2020 00:00	2151.0	2217.0	2151.0	2196.0	25567
18.12.2020 00:00	2101.0	2195.0	2100.0	2110.0	13974
21.12.2020 00:00	2000.0	2222.0	2000.0	2160.0	16439
22.12.2020 00:00	2150.0	2392.0	2150.0	2285.0	10246
23.12.2020 00:00	2310.0	2377.0	2275.0	2357.0	15406
24.12.2020 00:00	2338.0	2360.0	2300.0	2360.0	11055
25.12.2020 00:00	2300.0	2332.0	2300.0	2329.0	1056
28.12.2020 00:00	2330.0	2627.0	2257.0	2352.0	4777
29.12.2020 00:00	2400.0	2400.0	2280.0	2340.0	3767
30.12.2020 00:00	2300.0	2312.0	2225.0	2298.0	7639
04.01.2021 00:00	2300.0	2300.0	2182.0	2255.0	6549
05.01.2021 00:00	2202.0	2245.0	2165.0	2240.0	4369
06.01.2021 00:00	2240.0	2240.0	2130.0	2177.0	8076
08.01.2021 00:00	2195.0	2236.0	2125.0	2176.0	11232
11.01.2021 00:00	2165.0	2173.0	2116.0	2144.0	6634
12.01.2021 00:00	2126.0	2126.0	2037.0	2059.0	14413
13.01.2021 00:00	2099.0	2099.0	2012.0	2059.0	15209
14.01.2021 00:00	2022.0	2190.0	2021.0	2100.0	9948
15.01.2021 00:00	2122.0	2208.0	2087.0	2165.0	8029
18.01.2021 00:00	2108.0	2132.0	2037.0	2052.0	5368
19.01.2021 00:00	2110.0	2170.0	1988.0	2089.0	17332
20.01.2021 00:00	2122.0	2180.0	2082.0	2145.0	9593
21.01.2021 00:00	2130.0	2230.0	2120.0	2158.0	8278
22.01.2021 00:00	2189.0	2245.0	2140.0	2199.0	15731
25.01.2021 00:00	2200.0	2302.0	2162.0	2270.0	6207
26.01.2021 00:00	2300.0	2300.0	2193.0	2250.0	5288
27.01.2021 00:00	2265.0	2350.0	2220.0	2286.0	9344
28.01.2021 00:00	2274.0	2380.0	2200.0	2270.0	8884
29.01.2021 00:00	2347.0	2398.0	2273.0	2334.0	19683
01.02.2021 00:00	2302.0	2388.0	2302.0	2344.0	4756
02.02.2021 00:00	2390.0	2425.0	2331.0	2333.0	4205
03.02.2021 00:00	2291.0	2442.0	2291.0	2354.0	6782
04.02.2021 00:00	2400.0	2442.0	2350.0	2403.0	6329
05.02.2021 00:00	2403.0	2424.0	2361.0	2365.0	7737
08.02.2021 00:00	2402.0	2487.0	2380.0	2425.0	3091
09.02.2021 00:00	2520.0	2520.0	2403.0	2441.0	5721
10.02.2021 00:00	2415.0	2470.0	2325.0	2382.0	5213
11.02.2021 00:00	2390.0	2400.0	2346.0	2364.0	3361
12.02.2021 00:00	2360.0	2385.0	2289.0	2302.0	5349
15.02.2021 00:00	2310.0	2325.0	2253.0	2302.0	6427
16.02.2021 00:00	2330.0	2354.0	2314.0	2327.0	7056
17.02.2021 00:00	2340.0	2418.0	2300.0	2357.0	6778
18.02.2021 00:00	2370.0	2387.0	2316.0	2338.0	5896
19.02.2021 00:00	2325.0	2400.0	2314.0	2378.0	8820
20.02.2021 00:00	2390.0	2390.0	2335.0	2376.0	392
22.02.2021 00:00	2350.0	2406.0	2334.0	2357.0	3468
24.02.2021 00:00	2350.0	2437.0	2336.0	2387.0	14478
25.02.2021 00:00	2437.0	2588.0	2395.0	2485.0	17070
26.02.2021 00:00	2596.0	2679.0	2543.0	2621.0	8754
01.03.2021 00:00	2610.0	2647.0	2543.0	2565.0	8271
02.03.2021 00:00	2540.0	2598.0	2515.0	2582.0	6602
03.03.2021 00:00	2580.0	2750.0	2580.0	2681.0	9909
04.03.2021 00:00	2699.0	2750.0	2640.0	2704.0	8768
05.03.2021 00:00	2698.0	2698.0	2405.0	2415.0	6954
09.03.2021 00:00	2498.0	2699.0	2283.0	2342.0	12510
10.03.2021 00:00	2312.0	2445.0	2312.0	2380.0	6236
11.03.2021 00:00	2382.0	2539.0	2382.0	2467.0	12039
12.03.2021 00:00	2477.0	2590.0	2477.0	2509.0	4763
15.03.2021 00:00	2550.0	2650.0	2549.0	2586.0	7380
16.03.2021 00:00	2680.0	2688.0	2450.0	2492.0	9846
17.03.2021 00:00	2478.0	2540.0	2454.0	2460.0	12315
18.03.2021 00:00	2479.0	2754.0	2370.0	2467.0	41542
19.03.2021 00:00	2680.0	2750.0	2629.0	2742.0	18376
22.03.2021 00:00	2730.0	2760.0	2673.0	2750.0	4950
23.03.2021 00:00	2740.0	2782.0	2577.0	2741.0	10689
24.03.2021 00:00	2725.0	2769.0	2608.0	2743.0	6270
25.03.2021 00:00	2622.0	2761.0	2511.0	2560.0	7867
26.03.2021 00:00	2565.0	2626.0	2544.0	2567.0	5506
29.03.2021 00:00	2599.0	2651.0	2545.0	2586.0	4710
30.03.2021 00:00	2570.0	2604.0	2500.0	2601.0	2517
31.03.2021 00:00	2600.0	2649.0	2572.0	2580.0	7294
01.04.2021 00:00	2620.0	2650.0	2573.0	2598.0	2638
02.04.2021 00:00	2630.0	2650.0	2583.0	2645.0	392
05.04.2021 00:00	2645.0	2775.0	2600.0	2608.0	4051
06.04.2021 00:00	2679.0	2825.0	2662.0	2712.0	5603
07.04.2021 00:00	2775.0	2840.0	2736.0	2779.0	2243
08.04.2021 00:00	2755.0	2815.0	2701.0	2715.0	3650
09.04.2021 00:00	2700.0	2754.0	2637.0	2714.0	3466
12.04.2021 00:00	2614.0	2838.0	2600.0	2723.0	6868
13.04.2021 00:00	2749.0	2945.0	2676.0	2759.0	11511
14.04.2021 00:00	2795.0	2890.0	2780.0	2856.0	1517
15.04.2021 00:00	2771.0	2880.0	2771.0	2846.0	3474
16.04.2021 00:00	2846.0	2869.0	2807.0	2834.0	739
19.04.2021 00:00	2767.0	2920.0	2767.0	2871.0	1298
20.04.2021 00:00	2893.0	2893.0	2734.0	2826.0	3193
21.04.2021 00:00	2829.0	2950.0	2817.0	2880.0	2772
22.04.2021 00:00	2897.0	2897.0	2673.0	2807.0	13120
23.04.2021 00:00	2713.0	2750.0	2621.0	2639.0	5531
26.04.2021 00:00	2703.0	2917.0	2684.0	2820.0	5352
27.04.2021 00:00	2898.0	3092.0	2892.0	2931.0	2848
28.04.2021 00:00	3010.0	3300.0	2925.0	3196.0	10461
29.04.2021 00:00	3192.0	3219.0	3035.0	3084.0	5153
30.04.2021 00:00	3089.0	3177.0	3073.0	3120.0	2412
04.05.2021 00:00	3020.0	3497.0	3020.0	3150.0	7048
05.05.2021 00:00	3151.0	3306.0	3040.0	3168.0	14346
06.05.2021 00:00	3091.0	3236.0	3026.0	3162.0	11215
07.05.2021 00:00	3089.0	3170.0	3038.0	3111.0	4859
10.05.2021 00:00	3099.0	3142.0	2926.0	3064.0	3371
11.05.2021 00:00	2931.0	2996.0	2763.0	2827.0	15743
12.05.2021 00:00	2850.0	2879.0	2707.0	2780.0	17031
13.05.2021 00:00	2878.0	2892.0	2750.0	2752.0	18210
14.05.2021 00:00	2869.0	2907.0	2763.0	2881.0	8963
17.05.2021 00:00	2950.0	2950.0	2784.0	2855.0	7722
18.05.2021 00:00	2879.0	2993.0	2789.0	2896.0	5147
19.05.2021 00:00	2892.0	2935.0	2810.0	2875.0	6296
20.05.2021 00:00	2848.0	2960.0	2848.0	2906.0	10326
21.05.2021 00:00	2965.0	3010.0	2850.0	2901.0	4142
24.05.2021 00:00	2978.0	3013.0	2901.0	2932.0	2149
25.05.2021 00:00	3015.0	3048.0	2945.0	3008.0	3046
26.05.2021 00:00	3028.0	3085.0	2921.0	3032.0	6400
27.05.2021 00:00	3012.0	3070.0	2907.0	2982.0	5584
28.05.2021 00:00	3008.0	3089.0	2967.0	3018.0	7134
31.05.2021 00:00	3028.0	3085.0	3007.0	3026.0	2762
01.06.2021 00:00	3079.0	3115.0	3010.0	3036.0	5790
02.06.2021 00:00	3020.0	3023.0	2775.0	2800.0	45669
03.06.2021 00:00	2850.0	2855.0	2615.0	2684.0	50959
04.06.2021 00:00	2747.0	2768.0	2677.0	2708.0	36337
07.06.2021 00:00	2710.0	2780.0	2710.0	2754.0	15997
08.06.2021 00:00	2723.0	2798.0	2648.0	2665.0	13585
09.06.2021 00:00	2640.0	2705.0	2606.0	2623.0	22437
10.06.2021 00:00	2648.0	2719.0	2632.0	2657.0	7724
11.06.2021 00:00	2682.0	2704.0	2636.0	2660.0	9927
14.06.2021 00:00	2713.0	2730.0	2676.0	2724.0	5677
15.06.2021 00:00	2748.0	2748.0	2633.0	2661.0	5292
16.06.2021 00:00	2724.0	2749.0	2669.0	2740.0	8131
17.06.2021 00:00	2705.0	2747.0	2675.0	2721.0	14243
18.06.2021 00:00	2719.0	2836.0	2681.0	2768.0	13107
21.06.2021 00:00	2791.0	2848.0	2763.0	2789.0	5749
22.06.2021 00:00	2828.0	2887.0	2806.0	2824.0	7827
23.06.2021 00:00	2836.0	2836.0	2761.0	2775.0	8267
24.06.2021 00:00	2836.0	2836.0	2685.0	2726.0	45920
25.06.2021 00:00	2774.0	2813.0	2749.0	2781.0	3069
28.06.2021 00:00	2780.0	2841.0	2769.0	2823.0	3619
29.06.2021 00:00	2861.0	2993.0	2763.0	2940.0	11221
30.06.2021 00:00	2902.0	3181.0	2902.0	3103.0	13189
01.07.2021 00:00	3058.0	3124.0	3024.0	3030.0	16239
02.07.2021 00:00	3026.0	3198.0	3026.0	3159.0	6839
05.07.2021 00:00	3162.0	3194.0	3058.0	3182.0	2477
06.07.2021 00:00	3125.0	3230.0	3093.0	3154.0	12467
07.07.2021 00:00	3193.0	3377.0	3122.0	3352.0	10124
08.07.2021 00:00	3355.0	3391.0	3171.0	3353.0	20352
09.07.2021 00:00	3410.0	3450.0	3285.0	3351.0	11049
12.07.2021 00:00	3367.0	3750.0	3287.0	3357.0	17931
13.07.2021 00:00	3422.0	3441.0	3300.0	3351.0	41627
14.07.2021 00:00	3400.0	3400.0	3211.0	3265.0	10656
15.07.2021 00:00	3295.0	3295.0	2982.0	3040.0	21068
16.07.2021 00:00	3033.0	3340.0	3017.0	3247.0	21184
19.07.2021 00:00	3270.0	3323.0	3177.0	3177.0	49566
20.07.2021 00:00	3200.0	3245.0	3143.0	3170.0	9386
21.07.2021 00:00	3188.0	3269.0	3167.0	3268.0	10803
22.07.2021 00:00	3165.0	3317.0	3165.0	3268.0	5051
23.07.2021 00:00	3295.0	3348.0	3265.0	3348.0	4461
26.07.2021 00:00	3429.0	3429.0	3164.0	3186.0	9753
27.07.2021 00:00	3200.0	3211.0	3056.0	3137.0	9699
28.07.2021 00:00	3138.0	3263.0	3111.0	3250.0	6990
29.07.2021 00:00	3260.0	3262.0	3200.0	3204.0	2836
30.07.2021 00:00	3199.0	3254.0	3089.0	3128.0	10014
02.08.2021 00:00	3124.0	3205.0	3089.0	3135.0	7653
03.08.2021 00:00	3130.0	3154.0	3035.0	3061.0	16290
04.08.2021 00:00	3071.0	3126.0	3020.0	3045.0	20262
05.08.2021 00:00	3051.0	3206.0	3026.0	3202.0	14011
06.08.2021 00:00	3157.0	3246.0	3157.0	3231.0	7545
09.08.2021 00:00	3231.0	3510.0	3196.0	3510.0	17427
10.08.2021 00:00	3470.0	3728.0	3445.0	3679.0	14427
11.08.2021 00:00	3720.0	3720.0	3552.0	3590.0	10796
12.08.2021 00:00	3610.0	3700.0	3579.0	3580.0	6401
13.08.2021 00:00	3621.0	3830.0	3449.0	3547.0	4266
16.08.2021 00:00	3660.0	3747.0	3562.0	3705.0	23072
17.08.2021 00:00	3706.0	4075.0	3680.0	3779.0	39401
18.08.2021 00:00	3820.0	3849.0	3612.0	3650.0	16479
19.08.2021 00:00	3512.0	3887.0	3512.0	3853.0	20146
20.08.2021 00:00	3819.0	3883.0	3735.0	3789.0	7174
23.08.2021 00:00	3736.0	3876.0	3736.0	3802.0	9539
24.08.2021 00:00	3810.0	4014.0	3810.0	3926.0	14202
25.08.2021 00:00	3963.0	4003.0	3707.0	3892.0	17314
26.08.2021 00:00	3927.0	3927.0	3790.0	3897.0	8725
27.08.2021 00:00	3897.0	4021.0	3842.0	3949.0	9847
30.08.2021 00:00	3970.0	4100.0	3970.0	4086.0	12660
31.08.2021 00:00	4086.0	4114.0	3847.0	3911.0	20686
01.09.2021 00:00	3930.0	4029.0	3870.0	3985.0	9127
02.09.2021 00:00	4079.0	4142.0	3978.0	4142.0	11302
03.09.2021 00:00	4160.0	4160.0	3952.0	4027.0	13123
06.09.2021 00:00	4021.0	4066.0	3981.0	4062.0	3643
07.09.2021 00:00	4063.0	4085.0	3956.0	3975.0	12839
08.09.2021 00:00	3991.0	4021.0	3789.0	3960.0	7105
09.09.2021 00:00	3932.0	3981.0	3869.0	3929.0	8734
10.09.2021 00:00	3923.0	3969.0	3887.0	3888.0	3432
13.09.2021 00:00	3918.0	3978.0	3845.0	3880.0	5651
14.09.2021 00:00	3935.0	3949.0	3841.0	3855.0	8892
15.09.2021 00:00	3864.0	3969.0	3832.0	3950.0	12631
16.09.2021 00:00	4000.0	4068.0	3892.0	3927.0	30681
17.09.2021 00:00	3931.0	3988.0	3806.0	3831.0	14668
20.09.2021 00:00	3761.0	3890.0	3701.0	3780.0	16275
21.09.2021 00:00	3800.0	3819.0	3695.0	3700.0	4274
22.09.2021 00:00	3710.0	3804.0	3680.0	3780.0	10623
23.09.2021 00:00	3780.0	3830.0	3733.0	3767.0	7274
24.09.2021 00:00	3767.0	3790.0	3628.0	3696.0	9691
27.09.2021 00:00	3710.0	3752.0	3673.0	3727.0	9214
28.09.2021 00:00	3692.0	3712.0	3634.0	3634.0	5282
29.09.2021 00:00	3637.0	3670.0	3530.0	3556.0	13311
30.09.2021 00:00	3558.0	3640.0	3465.0	3558.0	24918
01.10.2021 00:00	3562.0	3628.0	3528.0	3628.0	8120
04.10.2021 00:00	3627.0	3744.0	3519.0	3577.0	19912
05.10.2021 00:00	3600.0	3739.0	3523.0	3692.0	14247
06.10.2021 00:00	3748.0	3856.0	3622.0	3852.0	28670
07.10.2021 00:00	3890.0	4171.0	3769.0	3957.0	40851
08.10.2021 00:00	3981.0	4064.0	3919.0	4012.0	16226
11.10.2021 00:00	4000.0	4083.0	3968.0	3971.0	11582
12.10.2021 00:00	3990.0	4084.0	3955.0	4040.0	10783
13.10.2021 00:00	4048.0	4054.0	3881.0	3926.0	12050
14.10.2021 00:00	3981.0	3981.0	3783.0	3879.0	18804
15.10.2021 00:00	3900.0	3945.0	3779.0	3920.0	10952
18.10.2021 00:00	3964.0	3964.0	3662.0	3809.0	53596
19.10.2021 00:00	3820.0	3991.0	3814.0	3979.0	12976
20.10.2021 00:00	3990.0	3990.0	3840.0	3876.0	9644
21.10.2021 00:00	3900.0	4040.0	3840.0	4007.0	11625
22.10.2021 00:00	4040.0	4111.0	3990.0	4036.0	14863
25.10.2021 00:00	4098.0	4224.0	3973.0	4215.0	17521
26.10.2021 00:00	4140.0	4308.0	4006.0	4039.0	21419
27.10.2021 00:00	4060.0	4140.0	3953.0	3986.0	18348
28.10.2021 00:00	4020.0	4037.0	3856.0	3908.0	18190
29.10.2021 00:00	3930.0	3994.0	3741.0	3776.0	21473
01.11.2021 00:00	3830.0	3867.0	3754.0	3838.0	11647
02.11.2021 00:00	3870.0	4010.0	3816.0	3855.0	16322
03.11.2021 00:00	3870.0	3889.0	3797.0	3826.0	9288
05.11.2021 00:00	3843.0	3849.0	3671.0	3756.0	13019
08.11.2021 00:00	3779.0	3897.0	3733.0	3892.0	18683
09.11.2021 00:00	3866.0	4153.0	3854.0	4099.0	20241
10.11.2021 00:00	4091.0	4104.0	3960.0	4085.0	10404
11.11.2021 00:00	4054.0	4155.0	3994.0	4053.0	12603
12.11.2021 00:00	4116.0	4291.0	4080.0	4178.0	19905
15.11.2021 00:00	4288.0	4952.0	4184.0	4610.0	75994
16.11.2021 00:00	4689.0	4819.0	4469.0	4773.0	25294
17.11.2021 00:00	4790.0	4790.0	4412.0	4484.0	15319
18.11.2021 00:00	4520.0	4587.0	4389.0	4546.0	9557
19.11.2021 00:00	4560.0	4610.0	4493.0	4539.0	9239
22.11.2021 00:00	4500.0	4555.0	4225.0	4230.0	44403
23.11.2021 00:00	4300.0	4400.0	4070.0	4192.0	31085
24.11.2021 00:00	4170.0	4300.0	4055.0	4126.0	24038
25.11.2021 00:00	4151.0	4212.0	4100.0	4198.0	8615
26.11.2021 00:00	4000.0	4136.0	3815.0	3955.0	17143
29.11.2021 00:00	4040.0	4172.0	3972.0	3996.0	92216
30.11.2021 00:00	3801.0	4122.0	3801.0	4113.0	73653
01.12.2021 00:00	4299.0	4322.0	4100.0	4189.0	54593
02.12.2021 00:00	4238.0	4292.0	4046.0	4084.0	27033
03.12.2021 00:00	4100.0	4150.0	3883.0	3887.0	20255
06.12.2021 00:00	3945.0	3986.0	3687.0	3854.0	23779
07.12.2021 00:00	3840.0	4051.0	3632.0	3953.0	32943
08.12.2021 00:00	3948.0	4086.0	3902.0	3933.0	31437
09.12.2021 00:00	3931.0	4073.0	3930.0	3987.0	28259
10.12.2021 00:00	4008.0	4100.0	3963.0	4084.0	17594
13.12.2021 00:00	4093.0	4150.0	3752.0	3787.0	45271
14.12.2021 00:00	3790.0	4070.0	3300.0	3700.0	52732
15.12.2021 00:00	3708.0	3800.0	3551.0	3700.0	54366
16.12.2021 00:00	3888.0	3888.0	3644.0	3721.0	64845
17.12.2021 00:00	3773.0	3840.0	3612.0	3722.0	25623
20.12.2021 00:00	3800.0	3964.0	3668.0	3696.0	40422
21.12.2021 00:00	3717.0	3843.0	3681.0	3842.0	17504
22.12.2021 00:00	3942.0	3942.0	3820.0	3844.0	23616
23.12.2021 00:00	3909.0	3915.0	3717.0	3802.0	34231
24.12.2021 00:00	3780.0	3850.0	3690.0	3812.0	9835
27.12.2021 00:00	3850.0	3925.0	3812.0	3885.0	19613
28.12.2021 00:00	3896.0	3963.0	3795.0	3830.0	25269
29.12.2021 00:00	3831.0	3866.0	3751.0	3809.0	23953
30.12.2021 00:00	3834.0	3889.0	3792.0	3889.0	13396
03.01.2022 00:00	3898.0	3960.0	3810.0	3873.0	16340
04.01.2022 00:00	3847.0	4002.0	3821.0	3898.0	28913
05.01.2022 00:00	3886.0	3951.0	3486.0	3510.0	60842
06.01.2022 00:00	3560.0	3616.0	3338.0	3458.0	46392
10.01.2022 00:00	3527.0	3530.0	3377.0	3484.0	35860
11.01.2022 00:00	3497.0	3579.0	3434.0	3513.0	30776
12.01.2022 00:00	3535.0	3635.0	3496.0	3555.0	32690
13.01.2022 00:00	3568.0	3629.0	3425.0	3570.0	44630
14.01.2022 00:00	3577.0	3632.0	3335.0	3566.0	69998
17.01.2022 00:00	3409.0	3796.0	3403.0	3719.0	29040
18.01.2022 00:00	3608.0	3756.0	3125.0	3150.0	97567
19.01.2022 00:00	3168.0	3299.0	2963.0	2984.0	96048
20.01.2022 00:00	3140.0	3250.0	2837.0	2837.0	144075
21.01.2022 00:00	2848.0	2959.0	2683.0	2694.0	74035
24.01.2022 00:00	2759.0	2852.0	2597.0	2846.0	81959
25.01.2022 00:00	2857.0	3040.0	2777.0	2969.0	76868
26.01.2022 00:00	2970.0	3214.0	2903.0	3031.0	58992
27.01.2022 00:00	3040.0	3276.0	3040.0	3268.0	46038
28.01.2022 00:00	3276.0	3360.0	3130.0	3306.0	38717
31.01.2022 00:00	3390.0	3524.0	3286.0	3421.0	44897
01.02.2022 00:00	3401.0	3698.0	3370.0	3555.0	37473
02.02.2022 00:00	3612.0	3670.0	3527.0	3658.0	21049
03.02.2022 00:00	3532.0	3680.0	3408.0	3465.0	28151
04.02.2022 00:00	3471.0	3585.0	3421.0	3530.0	16932
07.02.2022 00:00	3531.0	3589.0	3416.0	3483.0	13319
08.02.2022 00:00	3476.0	3546.0	3383.0	3490.0	13872
09.02.2022 00:00	3471.0	3586.0	3471.0	3569.0	16173
10.02.2022 00:00	3569.0	3760.0	3507.0	3639.0	20415
11.02.2022 00:00	3797.0	3797.0	3245.0	3256.0	35528
14.02.2022 00:00	3340.0	3483.0	3097.0	3251.0	35065
15.02.2022 00:00	3252.0	3508.0	3250.0	3451.0	45960
16.02.2022 00:00	3453.0	3797.0	3348.0	3355.0	43477
17.02.2022 00:00	3357.0	3488.0	3248.0	3325.0	35518
18.02.2022 00:00	3397.0	3555.0	3004.0	3028.0	37848
21.02.2022 00:00	3017.0	3279.0	2700.0	2876.0	40863
22.02.2022 00:00	2666.0	3110.0	2600.0	3069.0	42755
24.02.2022 00:00	2796.0	3100.0	1532.0	2094.0	43421
25.02.2022 00:00	1989.0	2400.0	1400.0	1549.0	65040
29.03.2022 00:00	1497.0	1730.0	1220.0	1320.0	17548
30.03.2022 00:00	1448.0	1768.0	1404.0	1580.0	30773
31.03.2022 00:00	1738.0	2362.0	1595.0	2280.0	36315
01.04.2022 00:00	2202.0	2808.0	2190.0	2299.0	31356
04.04.2022 00:00	2299.0	2498.0	2126.0	2167.0	17612
05.04.2022 00:00	2189.0	2198.0	2001.0	2051.0	15525
06.04.2022 00:00	2110.0	2110.0	1927.0	1992.0	5724
07.04.2022 00:00	1992.0	2052.0	1900.0	1910.0	6429
08.04.2022 00:00	1999.0	2390.0	1740.0	2163.0	11603
11.04.2022 00:00	2217.0	2300.0	1962.0	2072.0	3347
12.04.2022 00:00	2070.0	2136.0	1918.0	1991.0	1904
13.04.2022 00:00	2020.0	2059.0	1950.0	2018.0	1357
14.04.2022 00:00	2002.0	2098.0	1824.0	1889.0	2299
15.04.2022 00:00	1864.0	1924.0	1761.0	1860.0	2720
18.04.2022 00:00	1889.0	1916.0	1751.0	1799.0	2388
19.04.2022 00:00	1798.0	1848.0	1625.0	1729.0	2668
20.04.2022 00:00	1846.0	1886.0	1684.0	1795.0	2335
21.04.2022 00:00	1732.0	1846.0	1722.0	1820.0	2479
22.04.2022 00:00	1705.0	1868.0	1705.0	1720.0	999
25.04.2022 00:00	1720.0	1720.0	1502.0	1520.0	2445
26.04.2022 00:00	1520.0	1548.0	1450.0	1505.0	3187
27.04.2022 00:00	1582.0	1629.0	1489.0	1575.0	2560
28.04.2022 00:00	1571.0	1899.0	1570.0	1670.0	3643
29.04.2022 00:00	1783.0	1783.0	1566.0	1682.0	905
04.05.2022 00:00	1706.0	1725.0	1561.0	1575.0	2304
05.05.2022 00:00	1509.0	1644.0	1509.0	1555.0	2341
06.05.2022 00:00	1473.0	1579.0	1473.0	1496.0	1564
11.05.2022 00:00	1450.0	1616.0	1438.0	1593.0	2266
12.05.2022 00:00	1598.0	1598.0	1440.0	1483.0	2691
13.05.2022 00:00	1452.0	1523.0	1452.0	1490.0	639
16.05.2022 00:00	1514.0	1560.0	1456.0	1537.0	1158
17.05.2022 00:00	1535.0	1600.0	1499.0	1512.0	2911
18.05.2022 00:00	1540.0	1600.0	1476.0	1499.0	5450
19.05.2022 00:00	1475.0	1508.0	1460.0	1500.0	1161
20.05.2022 00:00	1514.0	1533.0	1441.0	1465.0	1816
23.05.2022 00:00	1480.0	1497.0	1352.0	1414.0	2181
24.05.2022 00:00	1387.0	1389.0	1310.0	1336.0	1730
25.05.2022 00:00	1383.0	1384.0	1300.0	1353.0	869
26.05.2022 00:00	1388.0	1450.0	1340.0	1404.0	1765
27.05.2022 00:00	1464.0	1494.0	1376.0	1465.0	1746
30.05.2022 00:00	1485.0	1488.0	1325.0	1329.0	1997
31.05.2022 00:00	1330.0	1350.0	1140.0	1180.0	9384
01.06.2022 00:00	1181.0	1246.0	1156.0	1193.0	3018
02.06.2022 00:00	1192.0	1195.0	1160.0	1177.0	8781
03.06.2022 00:00	1177.0	1192.0	1052.0	1082.0	4296
06.06.2022 00:00	1082.0	1132.0	970.0	987.0	3883
07.06.2022 00:00	981.0	1000.0	948.0	950.0	3318
08.06.2022 00:00	950.0	1086.0	931.0	1044.0	4874
09.06.2022 00:00	1098.0	1098.0	934.0	946.0	3555
10.06.2022 00:00	988.0	995.0	872.0	882.0	5242
14.06.2022 00:00	880.0	880.0	832.0	850.0	2163
15.06.2022 00:00	829.0	923.0	828.0	870.0	1501
16.06.2022 00:00	884.0	959.0	880.0	936.0	3010
17.06.2022 00:00	956.0	996.0	910.0	922.0	1553
20.06.2022 00:00	855.0	965.0	855.0	904.0	2773
21.06.2022 00:00	871.0	934.0	857.0	882.0	2653
22.06.2022 00:00	856.0	900.0	838.0	877.0	2052
23.06.2022 00:00	869.0	904.0	857.0	870.0	2229
24.06.2022 00:00	872.0	898.0	813.0	830.0	7482
27.06.2022 00:00	836.0	862.0	826.0	843.0	2016
28.06.2022 00:00	858.0	888.0	829.0	888.0	2210
29.06.2022 00:00	895.0	919.0	864.0	864.0	2185
30.06.2022 00:00	938.0	939.0	817.0	917.0	4157
01.07.2022 00:00	939.0	1010.0	890.0	941.0	3349
04.07.2022 00:00	957.0	969.0	944.0	952.0	6504
05.07.2022 00:00	936.0	1005.0	933.0	988.0	3340
06.07.2022 00:00	1022.0	1071.0	894.0	921.0	8894
07.07.2022 00:00	924.0	959.0	875.0	888.0	8192
08.07.2022 00:00	903.0	937.0	900.0	927.0	1457
11.07.2022 00:00	894.0	989.0	894.0	913.0	1240
12.07.2022 00:00	909.0	913.0	855.0	863.0	2074
13.07.2022 00:00	869.0	871.0	830.0	835.0	3737
14.07.2022 00:00	898.0	899.0	820.0	825.0	756
15.07.2022 00:00	868.0	868.0	820.0	825.0	1102
18.07.2022 00:00	850.0	901.0	832.0	872.0	4680
19.07.2022 00:00	871.0	935.0	853.0	895.0	7201
20.07.2022 00:00	925.0	929.0	855.0	908.0	5193
21.07.2022 00:00	924.0	926.0	890.0	917.0	1839
22.07.2022 00:00	920.0	946.0	907.0	940.0	2315
25.07.2022 00:00	949.0	1150.0	941.0	1073.0	14302
26.07.2022 00:00	1141.0	1340.0	1102.0	1159.0	31098
27.07.2022 00:00	1200.0	1340.0	1199.0	1296.0	23159
28.07.2022 00:00	1303.0	1569.0	1211.0	1530.0	50893
29.07.2022 00:00	1597.0	1850.0	1473.0	1628.0	68181
01.08.2022 00:00	1650.0	1697.0	1355.0	1455.0	20725
02.08.2022 00:00	1450.0	1487.0	1325.0	1360.0	10282
03.08.2022 00:00	1396.0	1438.0	1326.0	1357.0	6872
04.08.2022 00:00	1366.0	1845.0	1351.0	1710.0	51628
05.08.2022 00:00	1722.0	1845.0	1665.0	1680.0	35645
08.08.2022 00:00	1760.0	1928.0	1700.0	1795.0	26037
09.08.2022 00:00	1800.0	1843.0	1715.0	1762.0	10049
10.08.2022 00:00	1835.0	1835.0	1770.0	1780.0	4098
11.08.2022 00:00	1782.0	1794.0	1670.0	1684.0	8551
12.08.2022 00:00	1680.0	1810.0	1680.0	1780.0	5166
15.08.2022 00:00	1822.0	1823.0	1700.0	1716.0	3402
16.08.2022 00:00	1700.0	1776.0	1551.0	1666.0	6416
17.08.2022 00:00	1674.0	1740.0	1662.0	1695.0	2481
18.08.2022 00:00	1695.0	1695.0	1580.0	1610.0	4545
19.08.2022 00:00	1635.0	1635.0	1527.0	1553.0	3013
22.08.2022 00:00	1505.0	1671.0	1505.0	1596.0	6962
23.08.2022 00:00	1630.0	1646.0	1482.0	1500.0	17510
24.08.2022 00:00	1650.0	1650.0	1417.0	1473.0	15588
25.08.2022 00:00	1519.0	1519.0	1431.0	1466.0	4787
26.08.2022 00:00	1465.0	1482.0	1401.0	1460.0	4731
29.08.2022 00:00	1459.0	1600.0	1440.0	1591.0	10619
30.08.2022 00:00	1600.0	1603.0	1500.0	1512.0	12317
31.08.2022 00:00	1507.0	1540.0	1421.0	1516.0	6480
01.09.2022 00:00	1517.0	1519.0	1440.0	1470.0	11455
02.09.2022 00:00	1488.0	1494.0	1391.0	1399.0	14181
05.09.2022 00:00	1390.0	1450.0	1355.0	1387.0	13848
06.09.2022 00:00	1400.0	1400.0	1333.0	1342.0	15840
07.09.2022 00:00	1335.0	1400.0	1300.0	1336.0	16538
08.09.2022 00:00	1385.0	1385.0	1250.0	1279.0	14337
09.09.2022 00:00	1289.0	1367.0	1278.0	1353.0	6811
12.09.2022 00:00	1380.0	1440.0	1349.0	1400.0	12152
13.09.2022 00:00	1420.0	1420.0	1323.0	1382.0	8443
14.09.2022 00:00	1368.0	1385.0	1305.0	1350.0	8443
15.09.2022 00:00	1335.0	1371.0	1325.0	1348.0	5172
16.09.2022 00:00	1349.0	1449.0	1335.0	1400.0	16973
19.09.2022 00:00	1404.0	1475.0	1337.0	1470.0	20607
20.09.2022 00:00	1500.0	1502.0	1210.0	1309.0	31869
21.09.2022 00:00	1166.0	1309.0	983.0	1264.0	7287
22.09.2022 00:00	1284.0	1324.0	1245.0	1259.0	5764
23.09.2022 00:00	1291.0	1291.0	1111.0	1130.0	4565
26.09.2022 00:00	1111.0	1130.0	853.0	1019.0	15333
27.09.2022 00:00	1030.0	1090.0	1010.0	1049.0	4074
28.09.2022 00:00	1115.0	1115.0	1002.0	1043.0	6416
29.09.2022 00:00	1025.0	1091.0	924.0	989.0	12992
30.09.2022 00:00	994.0	1097.0	918.0	1050.0	11875
03.10.2022 00:00	1075.0	1200.0	1075.0	1186.0	10197
04.10.2022 00:00	1187.0	1289.0	1100.0	1193.0	15417
05.10.2022 00:00	1168.0	1174.0	1101.0	1152.0	3591
06.10.2022 00:00	1155.0	1220.0	1111.0	1139.0	3056
07.10.2022 00:00	1139.0	1139.0	1113.0	1135.0	3088
10.10.2022 00:00	1020.0	1169.0	1020.0	1167.0	3604
11.10.2022 00:00	1144.0	1175.0	1144.0	1165.0	1409
12.10.2022 00:00	1175.0	1194.0	1152.0	1169.0	1515
13.10.2022 00:00	1167.0	1239.0	1152.0	1197.0	6710
14.10.2022 00:00	1205.0	1210.0	1170.0	1194.0	1413
17.10.2022 00:00	1187.0	1300.0	1186.0	1299.0	6994
18.10.2022 00:00	1300.0	1357.0	1259.0	1290.0	5898
19.10.2022 00:00	1290.0	1295.0	1220.0	1259.0	3010
20.10.2022 00:00	1275.0	1288.0	1245.0	1246.0	2182
21.10.2022 00:00	1268.0	1290.0	1219.0	1255.0	3297
24.10.2022 00:00	1269.0	1297.0	1260.0	1286.0	1894
25.10.2022 00:00	1275.0	1291.0	1265.0	1287.0	4732
26.10.2022 00:00	1288.0	1300.0	1271.0	1282.0	2182
27.10.2022 00:00	1286.0	1293.0	1272.0	1279.0	1536
28.10.2022 00:00	1284.0	1425.0	1229.0	1334.0	13197
31.10.2022 00:00	1341.0	1410.0	1341.0	1385.0	4875
01.11.2022 00:00	1385.0	1475.0	1357.0	1380.0	5094
02.11.2022 00:00	1355.0	1390.0	1330.0	1345.0	3667
03.11.2022 00:00	1331.0	1381.0	1331.0	1356.0	3228
07.11.2022 00:00	1377.0	1425.0	1352.0	1399.0	9530
08.11.2022 00:00	1407.0	1414.0	1330.0	1379.0	8909
09.11.2022 00:00	1390.0	1444.0	1365.0	1375.0	4279
10.11.2022 00:00	1368.0	1410.0	1364.0	1393.0	3074
11.11.2022 00:00	1405.0	1405.0	1368.0	1390.0	3456
14.11.2022 00:00	1390.0	1400.0	1364.0	1399.0	1970
15.11.2022 00:00	1388.0	1400.0	1201.0	1375.0	5747
16.11.2022 00:00	1375.0	1394.0	1292.0	1362.0	38649
17.11.2022 00:00	1370.0	1400.0	1341.0	1360.0	24685
18.11.2022 00:00	1365.0	1440.0	1353.0	1385.0	5879
21.11.2022 00:00	1394.0	1396.0	1332.0	1363.0	5032
22.11.2022 00:00	1375.0	1379.0	1345.0	1358.0	2673
23.11.2022 00:00	1365.0	1396.0	1340.0	1374.0	2172
24.11.2022 00:00	1370.0	1370.0	1340.0	1358.0	1052
25.11.2022 00:00	1359.0	1369.0	1345.0	1351.0	665
28.11.2022 00:00	1343.0	1380.0	1312.0	1347.0	4438
29.11.2022 00:00	1359.0	1380.0	1342.0	1354.0	3306
30.11.2022 00:00	1361.0	1377.0	1361.0	1374.0	6935
01.12.2022 00:00	1365.0	1384.0	1348.0	1362.0	1493
02.12.2022 00:00	1359.0	1369.0	1334.0	1350.0	2043
05.12.2022 00:00	1359.0	1371.0	1332.0	1349.0	6021
06.12.2022 00:00	1353.0	1375.0	1346.0	1354.0	11600
07.12.2022 00:00	1369.0	1380.0	1352.0	1366.0	1431
08.12.2022 00:00	1369.0	1389.0	1361.0	1381.0	8817
09.12.2022 00:00	1360.0	1372.0	1346.0	1351.0	2094
12.12.2022 00:00	1365.0	1370.0	1355.0	1355.0	2971
13.12.2022 00:00	1355.0	1364.0	1337.0	1343.0	9753
14.12.2022 00:00	1342.0	1342.0	1280.0	1318.0	1867
15.12.2022 00:00	1337.0	1337.0	1275.0	1288.0	22756
16.12.2022 00:00	1276.0	1304.0	1273.0	1289.0	5433
19.12.2022 00:00	1294.0	1299.0	1261.0	1271.0	8379
20.12.2022 00:00	1270.0	1305.0	1270.0	1302.0	4962
21.12.2022 00:00	1286.0	1319.0	1285.0	1303.0	2294
22.12.2022 00:00	1301.0	1325.0	1272.0	1305.0	4921
23.12.2022 00:00	1319.0	1340.0	1246.0	1284.0	11275
26.12.2022 00:00	1294.0	1294.0	1240.0	1256.0	6268
27.12.2022 00:00	1241.0	1265.0	1225.0	1265.0	4351
28.12.2022 00:00	1259.0	1259.0	1186.0	1210.0	23664
29.12.2022 00:00	1222.0	1222.0	1161.0	1198.0	5887
30.12.2022 00:00	1196.0	1218.0	1174.0	1202.0	3451
03.01.2023 00:00	1222.0	1247.0	1210.0	1234.0	1172
04.01.2023 00:00	1227.0	1256.0	1214.0	1240.0	1035
05.01.2023 00:00	1242.0	1254.0	1230.0	1232.0	733
06.01.2023 00:00	1234.0	1257.0	1206.0	1212.0	2763
09.01.2023 00:00	1199.0	1262.0	1125.0	1167.0	34201
10.01.2023 00:00	1160.0	1160.0	1085.0	1104.0	21335
11.01.2023 00:00	1101.0	1189.0	1080.0	1181.0	47141
12.01.2023 00:00	1190.0	1239.0	1151.0	1200.0	19755
13.01.2023 00:00	1200.0	1228.0	1164.0	1221.0	24433
16.01.2023 00:00	1220.0	1338.0	1213.0	1298.0	33328
17.01.2023 00:00	1295.0	1339.0	1270.0	1273.0	31483
18.01.2023 00:00	1277.0	1319.0	1270.0	1310.0	16202
19.01.2023 00:00	1299.0	1308.0	1273.0	1287.0	12583
20.01.2023 00:00	1289.0	1314.0	1272.0	1290.0	8607
23.01.2023 00:00	1298.0	1436.0	1289.0	1390.0	63549
24.01.2023 00:00	1405.0	1405.0	1361.0	1390.0	15390
25.01.2023 00:00	1372.0	1400.0	1363.0	1385.0	4031
26.01.2023 00:00	1375.0	1395.0	1320.0	1382.0	10430
27.01.2023 00:00	1393.0	1410.0	1355.0	1391.0	9086
30.01.2023 00:00	1395.0	1425.0	1384.0	1415.0	12268
31.01.2023 00:00	1426.0	1435.0	1390.0	1399.0	9444
01.02.2023 00:00	1419.0	1425.0	1401.0	1414.0	4562
02.02.2023 00:00	1423.0	1440.0	1415.0	1440.0	2846
03.02.2023 00:00	1434.0	1434.0	1330.0	1390.0	9670
06.02.2023 00:00	1375.0	1421.0	1375.0	1401.0	5552
07.02.2023 00:00	1410.0	1426.0	1366.0	1411.0	12710
08.02.2023 00:00	1420.0	1438.0	1365.0	1383.0	18812
09.02.2023 00:00	1391.0	1391.0	1306.0	1342.0	12359
10.02.2023 00:00	1347.0	1348.0	1312.0	1319.0	6677
13.02.2023 00:00	1323.0	1371.0	1319.0	1368.0	11597
14.02.2023 00:00	1353.0	1368.0	1318.0	1350.0	6315
15.02.2023 00:00	1350.0	1350.0	1280.0	1308.0	10352
16.02.2023 00:00	1309.0	1345.0	1309.0	1327.0	5175
17.02.2023 00:00	1322.0	1334.0	1299.0	1319.0	2875
20.02.2023 00:00	1311.0	1319.0	1299.0	1315.0	2129
21.02.2023 00:00	1313.0	1369.0	1302.0	1333.0	2922
22.02.2023 00:00	1342.0	1346.0	1315.0	1337.0	1501
24.02.2023 00:00	1340.0	1340.0	1280.0	1330.0	1557
27.02.2023 00:00	1332.0	1332.0	1289.0	1328.0	5438
28.02.2023 00:00	1332.0	1360.0	1306.0	1331.0	11023
01.03.2023 00:00	1335.0	1352.0	1326.0	1342.0	4130
02.03.2023 00:00	1343.0	1349.0	1310.0	1325.0	7422
03.03.2023 00:00	1318.0	1351.0	1314.0	1333.0	3557
06.03.2023 00:00	1343.0	1348.0	1312.0	1338.0	4917
07.03.2023 00:00	1338.0	1342.0	1312.0	1330.0	8445
09.03.2023 00:00	1329.0	1329.0	1308.0	1316.0	3980
10.03.2023 00:00	1309.0	1332.0	1297.0	1320.0	4514
13.03.2023 00:00	1318.0	1327.0	1297.0	1311.0	4419
14.03.2023 00:00	1315.0	1316.0	1293.0	1305.0	5302
15.03.2023 00:00	1308.0	1314.0	1282.0	1298.0	5861
16.03.2023 00:00	1290.0	1304.0	1255.0	1293.0	9486
17.03.2023 00:00	1288.0	1310.0	1282.0	1300.0	2254
20.03.2023 00:00	1290.0	1305.0	1270.0	1305.0	3919
21.03.2023 00:00	1307.0	1307.0	1271.0	1286.0	9266
22.03.2023 00:00	1281.0	1305.0	1273.0	1295.0	2930
23.03.2023 00:00	1289.0	1297.0	1276.0	1281.0	2148
24.03.2023 00:00	1278.0	1297.0	1275.0	1297.0	1440
27.03.2023 00:00	1293.0	1310.0	1289.0	1309.0	4173
28.03.2023 00:00	1315.0	1336.0	1302.0	1323.0	6117
29.03.2023 00:00	1328.0	1348.0	1295.0	1310.0	22541
30.03.2023 00:00	1317.0	1388.0	1300.0	1381.0	13500
31.03.2023 00:00	1370.0	1387.0	1350.0	1366.0	6396
03.04.2023 00:00	1366.0	1450.0	1351.0	1424.0	18446
04.04.2023 00:00	1433.0	1436.0	1390.0	1421.0	7181
05.04.2023 00:00	1425.0	1425.0	1335.0	1388.0	35626
06.04.2023 00:00	1390.0	1450.0	1381.0	1416.0	26571
07.04.2023 00:00	1448.0	1450.0	1408.0	1439.0	12534
10.04.2023 00:00	1455.0	1589.0	1439.0	1545.0	26179
11.04.2023 00:00	1551.0	1650.0	1497.0	1535.0	32991
12.04.2023 00:00	1533.0	1554.0	1462.0	1521.0	9110
13.04.2023 00:00	1513.0	1517.0	1471.0	1485.0	7349
14.04.2023 00:00	1471.0	1600.0	1389.0	1540.0	32992
17.04.2023 00:00	1549.0	1589.0	1541.0	1549.0	7083
18.04.2023 00:00	1561.0	1650.0	1545.0	1650.0	20479
19.04.2023 00:00	1789.0	1789.0	1600.0	1653.0	22001
20.04.2023 00:00	1661.0	1670.0	1550.0	1630.0	8792
21.04.2023 00:00	1627.0	1739.0	1573.0	1691.0	9416
24.04.2023 00:00	1678.0	1699.0	1599.0	1632.0	29133
25.04.2023 00:00	1634.0	1638.0	1603.0	1603.0	5423
26.04.2023 00:00	1610.0	1623.0	1580.0	1618.0	4259
27.04.2023 00:00	1611.0	1641.0	1589.0	1639.0	5558
28.04.2023 00:00	1640.0	1640.0	1575.0	1603.0	4705
02.05.2023 00:00	1603.0	1617.0	1494.0	1543.0	11838
03.05.2023 00:00	1553.0	1562.0	1457.0	1480.0	7180
04.05.2023 00:00	1487.0	1511.0	1454.0	1511.0	4200
05.05.2023 00:00	1510.0	1511.0	1479.0	1485.0	2294
08.05.2023 00:00	1483.0	1511.0	1460.0	1464.0	1895
10.05.2023 00:00	1464.0	1589.0	1426.0	1547.0	13978
11.05.2023 00:00	1552.0	1683.0	1518.0	1622.0	46247
12.05.2023 00:00	1628.0	1668.0	1572.0	1623.0	11942
15.05.2023 00:00	1631.0	1660.0	1602.0	1659.0	11924
16.05.2023 00:00	1651.0	1749.0	1608.0	1662.0	29488
17.05.2023 00:00	1669.0	1696.0	1650.0	1680.0	9080
18.05.2023 00:00	1685.0	1720.0	1662.0	1677.0	8859
19.05.2023 00:00	1667.0	1747.0	1655.0	1728.0	11049
22.05.2023 00:00	1728.0	1780.0	1698.0	1724.0	11149
23.05.2023 00:00	1732.0	1782.0	1701.0	1757.0	16591
24.05.2023 00:00	1750.0	1889.0	1750.0	1828.0	23761
25.05.2023 00:00	1833.0	1878.0	1808.0	1859.0	27861
26.05.2023 00:00	1845.0	2088.0	1822.0	1982.0	91525
29.05.2023 00:00	1997.0	2080.0	1971.0	2019.0	53116
30.05.2023 00:00	2001.0	2014.0	1900.0	1977.0	22562
31.05.2023 00:00	1953.0	2045.0	1901.0	2021.0	20430
01.06.2023 00:00	2043.0	2102.0	2001.0	2039.0	28353
02.06.2023 00:00	2053.0	2068.0	2020.0	2041.0	9169
05.06.2023 00:00	2041.0	2050.0	1916.0	1950.0	22993
06.06.2023 00:00	1926.0	2000.0	1845.0	1995.0	24184
07.06.2023 00:00	1998.0	2146.0	1973.0	2063.0	36813
08.06.2023 00:00	2072.0	2250.0	2050.0	2250.0	50612
09.06.2023 00:00	2255.0	2548.0	2200.0	2221.0	143601
13.06.2023 00:00	2253.0	2302.0	2122.0	2175.0	71265
14.06.2023 00:00	2180.0	2220.0	2130.0	2158.0	40254
15.06.2023 00:00	2166.0	2169.0	2118.0	2137.0	16035
16.06.2023 00:00	2142.0	2192.0	2116.0	2167.0	20928
19.06.2023 00:00	2167.0	2168.0	2102.0	2140.0	21335
20.06.2023 00:00	2124.0	2189.0	2124.0	2176.0	23361
21.06.2023 00:00	2198.0	2230.0	2145.0	2223.0	21965
22.06.2023 00:00	2213.0	2320.0	2177.0	2278.0	49217
23.06.2023 00:00	2296.0	2322.0	2125.0	2174.0	61712
26.06.2023 00:00	2174.0	2226.0	2052.0	2138.0	31787
27.06.2023 00:00	2140.0	2202.0	2121.0	2164.0	13671
28.06.2023 00:00	2165.0	2207.0	2125.0	2154.0	15193
29.06.2023 00:00	2159.0	2188.0	2131.0	2165.0	11977
30.06.2023 00:00	2170.0	2205.0	2125.0	2144.0	9190
03.07.2023 00:00	2144.0	2165.0	2142.0	2158.0	7896
04.07.2023 00:00	2165.0	2182.0	2140.0	2146.0	8505
05.07.2023 00:00	2165.0	2165.0	2139.0	2142.0	6249
06.07.2023 00:00	2141.0	2151.0	2128.0	2131.0	9197
07.07.2023 00:00	2130.0	2250.0	2102.0	2174.0	47541
10.07.2023 00:00	2185.0	2189.0	2161.0	2177.0	9498
11.07.2023 00:00	2182.0	2199.0	2150.0	2182.0	11474
12.07.2023 00:00	2185.0	2215.0	2167.0	2191.0	14325
13.07.2023 00:00	2198.0	2200.0	2140.0	2177.0	14135
14.07.2023 00:00	2170.0	2196.0	2150.0	2185.0	10959
17.07.2023 00:00	2181.0	2232.0	2170.0	2227.0	17293
18.07.2023 00:00	2230.0	2270.0	2210.0	2264.0	34103
19.07.2023 00:00	2264.0	2264.0	2204.0	2235.0	22146
20.07.2023 00:00	2240.0	2242.0	2150.0	2173.0	19561
21.07.2023 00:00	2174.0	2233.0	2156.0	2221.0	12549
24.07.2023 00:00	2222.0	2243.0	2200.0	2239.0	15624
25.07.2023 00:00	2245.0	2387.0	2216.0	2364.0	54444
26.07.2023 00:00	2374.0	2383.0	2298.0	2341.0	37537
27.07.2023 00:00	2352.0	2447.0	2310.0	2433.0	58076
28.07.2023 00:00	2440.0	2494.0	2403.0	2429.0	28921
31.07.2023 00:00	2437.0	2520.0	2429.0	2495.0	41786
01.08.2023 00:00	2505.0	2600.0	2453.0	2545.0	49854
02.08.2023 00:00	2546.0	2600.0	2495.0	2575.0	37510
03.08.2023 00:00	2590.0	2670.0	2565.0	2632.0	41467
04.08.2023 00:00	2632.0	2645.0	2080.0	2570.0	82587
07.08.2023 00:00	2570.0	2651.0	2506.0	2525.0	51050
08.08.2023 00:00	2510.0	2540.0	2408.0	2523.0	37920
09.08.2023 00:00	2538.0	2538.0	2430.0	2488.0	26293
10.08.2023 00:00	2494.0	2567.0	2473.0	2560.0	20963
11.08.2023 00:00	2570.0	2570.0	2466.0	2555.0	29197
14.08.2023 00:00	2554.0	2570.0	2430.0	2440.0	32329
15.08.2023 00:00	2440.0	2550.0	2425.0	2494.0	23195
16.08.2023 00:00	2529.0	2844.0	2477.0	2754.0	141799
17.08.2023 00:00	2780.0	2950.0	2612.0	2813.0	149451
18.08.2023 00:00	2820.0	2898.0	2737.0	2830.0	59815
21.08.2023 00:00	2884.0	2985.0	2846.0	2974.0	52669
22.08.2023 00:00	2991.0	3259.0	2928.0	3178.0	115092
23.08.2023 00:00	3178.0	3500.0	3178.0	3322.0	268632
24.08.2023 00:00	3344.0	3569.0	3335.0	3523.0	198434
25.08.2023 00:00	3535.0	3750.0	3535.0	3725.0	165872
28.08.2023 00:00	3744.0	4192.0	3743.0	4107.0	249983
29.08.2023 00:00	4137.0	4250.0	3720.0	3845.0	320780
30.08.2023 00:00	3772.0	3843.0	3550.0	3775.0	223208
31.08.2023 00:00	3794.0	3795.0	3680.0	3750.0	62625
01.09.2023 00:00	3770.0	3785.0	3635.0	3724.0	51009
04.09.2023 00:00	3726.0	3840.0	3677.0	3749.0	63982
05.09.2023 00:00	3749.0	3762.0	3680.0	3734.0	30437
06.09.2023 00:00	3744.0	3744.0	3555.0	3610.0	78906
07.09.2023 00:00	3620.0	3624.0	3370.0	3457.0	96275
08.09.2023 00:00	3462.0	3476.0	3325.0	3362.0	34853
11.09.2023 00:00	3399.0	3488.0	3252.0	3338.0	49297
12.09.2023 00:00	3344.0	3573.0	3279.0	3480.0	69472
13.09.2023 00:00	3508.0	3600.0	3502.0	3521.0	37164
14.09.2023 00:00	3536.0	3536.0	3300.0	3443.0	32762
15.09.2023 00:00	3442.0	3500.0	3339.0	3485.0	27358
18.09.2023 00:00	3501.0	3588.0	3462.0	3468.0	24106
19.09.2023 00:00	3469.0	3523.0	3314.0	3364.0	34994
20.09.2023 00:00	3360.0	3361.0	3050.0	3210.0	47146
21.09.2023 00:00	3224.0	3300.0	3086.0	3086.0	27154
22.09.2023 00:00	3087.0	3211.0	3062.0	3169.0	31737
25.09.2023 00:00	3173.0	3403.0	3169.0	3334.0	60348
26.09.2023 00:00	3340.0	3388.0	3243.0	3322.0	24781
27.09.2023 00:00	3360.0	3450.0	3326.0	3418.0	34492
28.09.2023 00:00	3450.0	3487.0	3378.0	3410.0	20069
29.09.2023 00:00	3425.0	3438.0	3382.0	3385.0	8878
02.10.2023 00:00	3385.0	3594.0	3306.0	3492.0	76502
03.10.2023 00:00	3508.0	3585.0	3385.0	3551.0	28582
04.10.2023 00:00	3551.0	3671.0	3551.0	3625.0	71419
05.10.2023 00:00	3625.0	3625.0	3510.0	3569.0	25914
06.10.2023 00:00	3569.0	3620.0	3520.0	3581.0	15893
09.10.2023 00:00	3581.0	3609.0	3470.0	3571.0	19344
10.10.2023 00:00	3587.0	3611.0	3571.0	3582.0	20214
11.10.2023 00:00	3582.0	3789.0	3582.0	3760.0	76247
12.10.2023 00:00	3700.0	3744.0	3531.0	3700.0	29345
13.10.2023 00:00	3702.0	3772.0	3644.0	3644.0	28096
16.10.2023 00:00	3650.0	3823.0	3645.0	3785.0	44563
17.10.2023 00:00	3830.0	3873.0	3728.0	3728.0	46416
18.10.2023 00:00	3760.0	3777.0	3641.0	3738.0	56255
19.10.2023 00:00	3750.0	3930.0	3654.0	3930.0	23754
20.10.2023 00:00	3830.0	3879.0	3786.0	3802.0	28477
23.10.2023 00:00	3805.0	3850.0	3780.0	3827.0	18868
24.10.2023 00:00	3836.0	3848.0	3724.0	3778.0	25385
25.10.2023 00:00	3797.0	3819.0	3734.0	3762.0	14583
26.10.2023 00:00	3765.0	3765.0	3605.0	3700.0	46238
27.10.2023 00:00	3700.0	3743.0	3605.0	3665.0	22069
30.10.2023 00:00	3698.0	3810.0	3618.0	3805.0	20549
31.10.2023 00:00	3805.0	3810.0	3622.0	3745.0	20139
01.11.2023 00:00	3826.0	4000.0	3792.0	3832.0	101701
02.11.2023 00:00	3832.0	3925.0	3740.0	3770.0	37629
03.11.2023 00:00	3832.0	3832.0	3705.0	3722.0	11650
06.11.2023 00:00	3759.0	3785.0	3730.0	3761.0	4491
07.11.2023 00:00	3761.0	3803.0	3700.0	3708.0	11694
08.11.2023 00:00	3750.0	3750.0	3620.0	3665.0	26179
09.11.2023 00:00	3665.0	3675.0	3580.0	3615.0	15111
10.11.2023 00:00	3622.0	3622.0	3463.0	3485.0	25298
13.11.2023 00:00	3498.0	3609.0	3470.0	3505.0	61053
14.11.2023 00:00	3507.0	3570.0	3101.0	3530.0	66449
15.11.2023 00:00	3618.0	3618.0	3458.0	3557.0	50119
16.11.2023 00:00	3557.0	3635.0	3505.0	3547.0	21979
17.11.2023 00:00	3547.0	3565.0	3462.0	3500.0	15619
20.11.2023 00:00	3540.0	3540.0	3492.0	3520.0	12243
21.11.2023 00:00	3528.0	3675.0	3508.0	3646.0	18389
22.11.2023 00:00	3646.0	3726.0	3617.0	3675.0	30563
23.11.2023 00:00	3710.0	3710.0	3617.0	3650.0	13511
24.11.2023 00:00	3650.0	3670.0	3571.0	3600.0	14544
27.11.2023 00:00	3640.0	3648.0	3512.0	3528.0	10979
28.11.2023 00:00	3534.0	3534.0	3400.0	3474.0	13835
29.11.2023 00:00	3497.0	3723.0	3466.0	3597.0	24162
30.11.2023 00:00	3554.0	3617.0	3481.0	3481.0	10460
01.12.2023 00:00	3510.0	3529.0	3397.0	3419.0	9645
04.12.2023 00:00	3430.0	3430.0	3280.0	3342.0	18884
05.12.2023 00:00	3350.0	3350.0	3110.0	3222.0	47282
06.12.2023 00:00	3200.0	3200.0	2920.0	2920.0	87676
07.12.2023 00:00	2920.0	3092.0	2703.0	3030.0	95970
08.12.2023 00:00	3030.0	3170.0	2977.0	3075.0	29395
11.12.2023 00:00	3075.0	3086.0	2841.0	2860.0	27428
12.12.2023 00:00	2869.0	2942.0	2777.0	2903.0	19791
13.12.2023 00:00	2903.0	2957.0	2861.0	2947.0	15088
14.12.2023 00:00	3000.0	3055.0	2863.0	2881.0	16768
15.12.2023 00:00	2900.0	3013.0	2864.0	2994.0	20753
18.12.2023 00:00	2994.0	3096.0	2981.0	3079.0	20130
19.12.2023 00:00	3080.0	3188.0	2950.0	2973.0	38828
20.12.2023 00:00	3010.0	3110.0	2980.0	3085.0	33392
21.12.2023 00:00	3086.0	3099.0	2974.0	3000.0	21547
22.12.2023 00:00	3024.0	3068.0	2973.0	3045.0	25261
25.12.2023 00:00	3045.0	3090.0	3003.0	3003.0	33605
26.12.2023 00:00	3010.0	3074.0	3010.0	3066.0	33729
27.12.2023 00:00	3067.0	3069.0	3010.0	3035.0	19086
28.12.2023 00:00	3050.0	3069.0	3000.0	3023.0	19242
29.12.2023 00:00	3021.0	3026.0	2922.0	2950.0	31988
03.01.2024 00:00	2987.0	3019.0	2955.0	3008.0	9604
04.01.2024 00:00	3026.0	3139.0	3008.0	3136.0	26412
05.01.2024 00:00	3120.0	3158.0	3051.0	3121.0	17460
08.01.2024 00:00	3140.0	3175.0	3098.0	3142.0	14539
09.01.2024 00:00	3169.0	3252.0	3169.0	3192.0	37346
10.01.2024 00:00	3209.0	3247.0	3194.0	3210.0	14933
11.01.2024 00:00	3238.0	3238.0	3134.0	3160.0	24175
12.01.2024 00:00	3165.0	3226.0	3165.0	3190.0	14192
15.01.2024 00:00	3190.0	3219.0	3150.0	3169.0	12258
16.01.2024 00:00	3190.0	3227.0	3104.0	3155.0	20485
17.01.2024 00:00	3155.0	3220.0	3146.0	3163.0	9078
18.01.2024 00:00	3187.0	3194.0	3161.0	3179.0	14532
19.01.2024 00:00	3179.0	3190.0	3117.0	3145.0	13115
22.01.2024 00:00	3160.0	3169.0	3136.0	3163.0	11308
23.01.2024 00:00	3179.0	3208.0	3054.0	3054.0	28325
24.01.2024 00:00	3068.0	3129.0	3027.0	3046.0	49480
25.01.2024 00:00	3047.0	3181.0	3013.0	3138.0	40578
26.01.2024 00:00	3138.0	3300.0	3138.0	3205.0	88959
29.01.2024 00:00	3210.0	3263.0	3143.0	3177.0	29169
30.01.2024 00:00	3198.0	3233.0	3156.0	3205.0	19033
31.01.2024 00:00	3205.0	3294.0	3181.0	3248.0	52599
01.02.2024 00:00	3252.0	3400.0	3226.0	3350.0	54473
02.02.2024 00:00	3398.0	3510.0	3313.0	3504.0	57560
05.02.2024 00:00	3503.0	3650.0	3413.0	3599.0	63224
06.02.2024 00:00	3626.0	3748.0	3521.0	3692.0	123447
07.02.2024 00:00	3700.0	3777.0	3616.0	3715.0	70973
08.02.2024 00:00	3715.0	3734.0	3555.0	3560.0	52602
09.02.2024 00:00	3562.0	3564.0	3441.0	3491.0	35319
12.02.2024 00:00	3470.0	3698.0	3456.0	3645.0	50212
13.02.2024 00:00	3645.0	3703.0	3592.0	3640.0	23434
14.02.2024 00:00	3641.0	3668.0	3536.0	3575.0	24990
15.02.2024 00:00	3575.0	3600.0	3517.0	3600.0	13277
16.02.2024 00:00	3600.0	3689.0	3581.0	3595.0	29291
19.02.2024 00:00	3594.0	3633.0	3522.0	3570.0	16044
20.02.2024 00:00	3581.0	3587.0	3458.0	3458.0	20006
21.02.2024 00:00	3420.0	3420.0	3250.0	3364.0	49551
22.02.2024 00:00	3380.0	3569.0	3365.0	3411.0	27956
26.02.2024 00:00	3420.0	3530.0	3420.0	3476.0	21642
27.02.2024 00:00	3527.0	3527.0	3413.0	3466.0	14769
28.02.2024 00:00	3469.0	3498.0	3420.0	3423.0	11802
29.02.2024 00:00	3423.0	3477.0	3362.0	3397.0	33624
01.03.2024 00:00	3398.0	3430.0	3324.0	3381.0	20289
04.03.2024 00:00	3394.0	3440.0	3337.0	3414.0	28878
05.03.2024 00:00	3434.0	3647.0	3375.0	3631.0	80312
06.03.2024 00:00	3631.0	3731.0	3538.0	3660.0	136809
07.03.2024 00:00	3650.0	3748.0	3504.0	3716.0	72875
11.03.2024 00:00	3750.0	3974.0	3730.0	3934.0	145396
12.03.2024 00:00	3933.0	3980.0	3833.0	3870.0	72473
13.03.2024 00:00	3882.0	3954.0	3840.0	3840.0	60554
14.03.2024 00:00	3878.0	3888.0	3719.0	3720.0	55439
15.03.2024 00:00	3732.0	3884.0	3724.0	3860.0	42933
18.03.2024 00:00	3860.0	3890.0	3804.0	3858.0	20603
19.03.2024 00:00	3860.0	3943.0	3779.0	3800.0	43000
20.03.2024 00:00	3836.0	3913.0	3798.0	3843.0	24797
21.03.2024 00:00	3843.0	3954.0	3841.0	3920.0	29313
22.03.2024 00:00	3945.0	4048.0	3945.0	3982.0	58663
25.03.2024 00:00	3990.0	4048.0	3897.0	4014.0	45150
26.03.2024 00:00	4035.0	4081.0	3947.0	4010.0	61131
27.03.2024 00:00	4047.0	4149.0	4016.0	4107.0	90812
28.03.2024 00:00	4107.0	4203.0	4107.0	4182.0	54285
29.03.2024 00:00	4189.0	4361.0	4182.0	4226.0	73619
01.04.2024 00:00	4226.0	4424.0	4226.0	4365.0	48317
02.04.2024 00:00	4371.0	4499.0	4180.0	4292.0	66297
03.04.2024 00:00	4300.0	4477.0	4272.0	4382.0	50369
04.04.2024 00:00	4380.0	4700.0	4353.0	4573.0	66969
05.04.2024 00:00	4573.0	4573.0	4407.0	4430.0	61443
08.04.2024 00:00	4500.0	4556.0	4370.0	4458.0	44718
09.04.2024 00:00	4435.0	4636.0	4424.0	4539.0	48812
10.04.2024 00:00	4499.0	4684.0	4428.0	4665.0	57715
11.04.2024 00:00	4665.0	4715.0	4591.0	4701.0	35247
12.04.2024 00:00	4710.0	4867.0	4657.0	4856.0	39727
15.04.2024 00:00	4864.0	5073.0	4862.0	5073.0	55334
16.04.2024 00:00	5078.0	5268.0	4935.0	4949.0	98299
17.04.2024 00:00	4949.0	5087.0	4949.0	5026.0	40252
18.04.2024 00:00	5027.0	5036.0	4953.0	5007.0	21047
19.04.2024 00:00	5010.0	5015.0	4805.0	4960.0	86271
22.04.2024 00:00	4907.0	5091.0	4861.0	5011.0	46156
23.04.2024 00:00	5010.0	5039.0	4850.0	4850.0	27168
24.04.2024 00:00	4865.0	4900.0	4657.0	4842.0	45942
25.04.2024 00:00	4850.0	5049.0	4745.0	4932.0	45268
26.04.2024 00:00	4950.0	4970.0	4850.0	4909.0	20354
27.04.2024 00:00	4915.0	4936.0	4868.0	4918.0	8389
29.04.2024 00:00	4909.0	5175.0	4880.0	5163.0	47866
30.04.2024 00:00	5138.0	5159.0	5075.0	5159.0	10219
02.05.2024 00:00	5138.0	5298.0	4907.0	4951.0	46075
03.05.2024 00:00	4951.0	5147.0	4890.0	5147.0	34301
06.05.2024 00:00	5147.0	5147.0	4939.0	4980.0	33810
07.05.2024 00:00	5045.0	5076.0	4971.0	5030.0	15570
08.05.2024 00:00	5034.0	5090.0	4924.0	4944.0	16241
10.05.2024 00:00	4959.0	5046.0	4945.0	4957.0	8225
13.05.2024 00:00	4956.0	5078.0	4880.0	5078.0	44256
14.05.2024 00:00	5078.0	5190.0	5055.0	5176.0	32256
15.05.2024 00:00	5182.0	5375.0	5087.0	5120.0	63685
16.05.2024 00:00	5200.0	5315.0	5115.0	5184.0	44598
17.05.2024 00:00	5165.0	5295.0	5165.0	5180.0	18912
20.05.2024 00:00	5180.0	5228.0	5031.0	5100.0	29718
21.05.2024 00:00	5084.0	5200.0	5010.0	5180.0	17060
22.05.2024 00:00	5227.0	5313.0	5175.0	5184.0	17165
23.05.2024 00:00	5200.0	5252.0	5125.0	5151.0	12359
24.05.2024 00:00	5173.0	5182.0	4921.0	5077.0	26637
27.05.2024 00:00	5010.0	5047.0	4859.0	4978.0	33647
28.05.2024 00:00	4958.0	5175.0	4859.0	5175.0	27115
29.05.2024 00:00	5180.0	5180.0	4976.0	5057.0	19143
30.05.2024 00:00	5080.0	5149.0	4927.0	4984.0	14940
31.05.2024 00:00	4988.0	4988.0	4716.0	4722.0	44878
03.06.2024 00:00	4775.0	4804.0	4450.0	4631.0	68219
04.06.2024 00:00	4672.0	4957.0	4672.0	4888.0	40646
05.06.2024 00:00	4912.0	5160.0	4912.0	4934.0	48454
06.06.2024 00:00	4934.0	5030.0	4879.0	4879.0	20735
07.06.2024 00:00	4909.0	5149.0	4892.0	5031.0	28818
10.06.2024 00:00	5039.0	5150.0	5001.0	5100.0	22827
11.06.2024 00:00	5080.0	5150.0	4968.0	5059.0	16656
13.06.2024 00:00	4813.0	5060.0	4631.0	5017.0	19228
14.06.2024 00:00	4995.0	5309.0	4986.0	5020.0	44920
17.06.2024 00:00	5124.0	5158.0	4920.0	4927.0	32864
18.06.2024 00:00	4949.0	4971.0	4730.0	4738.0	18702
19.06.2024 00:00	4799.0	4980.0	4572.0	4643.0	43692
20.06.2024 00:00	4687.0	5043.0	4687.0	4861.0	47051
21.06.2024 00:00	4885.0	5058.0	4885.0	4994.0	17798
24.06.2024 00:00	4990.0	5118.0	4904.0	4994.0	21680
25.06.2024 00:00	4941.0	4992.0	4873.0	4945.0	6612
26.06.2024 00:00	4982.0	4989.0	4911.0	4921.0	7285
27.06.2024 00:00	4922.0	4953.0	4836.0	4909.0	8477
28.06.2024 00:00	4908.0	4929.0	4860.0	4900.0	5269
01.07.2024 00:00	4905.0	4943.0	4880.0	4941.0	5892
02.07.2024 00:00	4939.0	4945.0	4860.0	4885.0	7352
03.07.2024 00:00	4900.0	4920.0	4850.0	4850.0	5936
04.07.2024 00:00	4840.0	4849.0	4652.0	4746.0	18909
05.07.2024 00:00	4746.0	4786.0	4605.0	4749.0	11788
08.07.2024 00:00	4744.0	4770.0	4650.0	4680.0	9039
09.07.2024 00:00	4660.0	4661.0	4441.0	4470.0	20428
10.07.2024 00:00	4457.0	4475.0	4327.0	4363.0	13586
11.07.2024 00:00	4324.0	4728.0	4177.0	4698.0	21585
12.07.2024 00:00	4699.0	4749.0	4521.0	4715.0	11537
15.07.2024 00:00	4700.0	4773.0	4600.0	4710.0	15645
16.07.2024 00:00	4696.0	4895.0	4557.0	4895.0	17652
17.07.2024 00:00	4875.0	4899.0	4811.0	4850.0	8891
18.07.2024 00:00	4878.0	4918.0	4777.0	4910.0	10475
19.07.2024 00:00	4910.0	4941.0	4850.0	4891.0	6333
22.07.2024 00:00	4892.0	4950.0	4863.0	4907.0	7202
23.07.2024 00:00	4905.0	4906.0	4778.0	4798.0	4953
24.07.2024 00:00	4805.0	4839.0	4750.0	4761.0	11975
25.07.2024 00:00	4760.0	4771.0	4723.0	4740.0	18364
26.07.2024 00:00	4740.0	4821.0	4605.0	4697.0	14193
29.07.2024 00:00	4697.0	4697.0	4318.0	4338.0	26591
30.07.2024 00:00	4368.0	4516.0	4265.0	4516.0	28889
31.07.2024 00:00	4529.0	4593.0	4363.0	4397.0	20041
01.08.2024 00:00	4415.0	4469.0	4024.0	4098.0	53542
02.08.2024 00:00	4099.0	4239.0	4002.0	4112.0	27573
05.08.2024 00:00	4109.0	4109.0	3889.0	3927.0	33582
06.08.2024 00:00	3955.0	4100.0	3769.0	3802.0	38223
07.08.2024 00:00	3802.0	3952.0	3750.0	3924.0	34367
08.08.2024 00:00	3910.0	4076.0	3795.0	3842.0	36706
09.08.2024 00:00	3820.0	3925.0	3800.0	3908.0	26109
26.09.2024 00:00	3899.0	4095.0	3719.0	3935.0	2378148
27.09.2024 00:00	3949.0	4258.0	3940.0	4198.0	1061293
30.09.2024 00:00	4250.0	4498.0	4230.0	4498.0	982534
01.10.2024 00:00	4490.0	4548.0	4281.0	4281.0	914313
02.10.2024 00:00	4299.0	4400.0	4159.0	4226.0	587857
03.10.2024 00:00	4305.0	4383.0	4264.0	4280.0	972765
04.10.2024 00:00	4285.0	4305.0	4182.0	4240.0	405414
07.10.2024 00:00	4240.0	4270.0	4103.0	4164.0	344630
08.10.2024 00:00	4150.0	4256.0	4054.0	4201.0	497384
09.10.2024 00:00	4200.0	4248.0	4160.0	4170.0	212420
10.10.2024 00:00	4191.0	4219.0	4152.0	4189.0	208807
11.10.2024 00:00	4187.0	4187.0	4102.0	4140.0	133935
14.10.2024 00:00	4150.0	4189.0	4063.0	4150.0	288887
15.10.2024 00:00	4144.0	4183.0	4119.0	4149.0	225349
16.10.2024 00:00	4160.0	4218.0	4100.0	4117.0	246204
17.10.2024 00:00	4120.0	4159.0	4095.0	4113.0	172738
18.10.2024 00:00	4113.0	4131.0	4069.0	4070.0	157625
21.10.2024 00:00	4066.0	4113.0	4031.0	4060.0	188408
22.10.2024 00:00	4059.0	4059.0	3933.0	3998.0	368515
23.10.2024 00:00	3984.0	4177.0	3911.0	4090.0	634616
24.10.2024 00:00	4100.0	4231.0	4065.0	4195.0	382153
25.10.2024 00:00	4220.0	4250.0	4010.0	4160.0	633291
28.10.2024 00:00	4136.0	4136.0	4050.0	4100.0	277216
29.10.2024 00:00	4500.0	4500.0	4186.0	4312.0	1669968
30.10.2024 00:00	4329.0	4341.0	4275.0	4290.0	280974
31.10.2024 00:00	4250.0	4270.0	4186.0	4190.0	229771
01.11.2024 00:00	4202.0	4249.0	4194.0	4228.0	152088
02.11.2024 00:00	4233.0	4269.0	4221.0	4245.0	91695
05.11.2024 00:00	4283.0	4297.0	4246.0	4262.0	174821
06.11.2024 00:00	4300.0	4343.0	4273.0	4297.0	314362
07.11.2024 00:00	4299.0	4315.0	4276.0	4313.0	99728
08.11.2024 00:00	4320.0	4400.0	4317.0	4399.0	207701
11.11.2024 00:00	4431.0	4500.0	4370.0	4400.0	410165
12.11.2024 00:00	4400.0	4416.0	4330.0	4385.0	231041
13.11.2024 00:00	4390.0	4500.0	4362.0	4498.0	402641
14.11.2024 00:00	4465.0	4544.0	4385.0	4435.0	532640
15.11.2024 00:00	4500.0	4518.0	4402.0	4466.0	352899
18.11.2024 00:00	4400.0	4480.0	4350.0	4453.0	223837
19.11.2024 00:00	4460.0	4465.0	4285.0	4360.0	276265
20.11.2024 00:00	4360.0	4409.0	4320.0	4331.0	171571
21.11.2024 00:00	4345.0	4365.0	4210.0	4240.0	218013
22.11.2024 00:00	4300.0	4330.0	4225.0	4251.0	186085
25.11.2024 00:00	4250.0	4268.0	4101.0	4155.0	320981
26.11.2024 00:00	4131.0	4175.0	4032.0	4051.0	380078
27.11.2024 00:00	4053.0	4110.0	3965.0	4055.0	331122
28.11.2024 00:00	4170.0	4174.0	4079.0	4135.0	171385
29.11.2024 00:00	4141.0	4192.0	4080.0	4159.0	145014
02.12.2024 00:00	4200.0	4300.0	4191.0	4270.0	264344
03.12.2024 00:00	4285.0	4311.0	4200.0	4233.0	167553
04.12.2024 00:00	4233.0	4262.0	4180.0	4189.0	143659
05.12.2024 00:00	4190.0	4259.0	4170.0	4247.0	140794
06.12.2024 00:00	4298.0	4317.0	4262.0	4290.0	203519
09.12.2024 00:00	4301.0	4320.0	4281.0	4313.0	224011
10.12.2024 00:00	4325.0	4330.0	4287.0	4297.0	191478
11.12.2024 00:00	4300.0	4313.0	4212.0	4231.0	220078
12.12.2024 00:00	4250.0	4278.0	4130.0	4141.0	296962
13.12.2024 00:00	4142.0	4150.0	4000.0	4010.0	452192
16.12.2024 00:00	4012.0	4062.0	3901.0	3982.0	752784
17.12.2024 00:00	3584.0	3584.0	2983.0	3060.0	987771
18.12.2024 00:00	3070.0	3177.0	3062.0	3128.0	289324
19.12.2024 00:00	3141.0	3310.0	3138.0	3310.0	485494
20.12.2024 00:00	3299.0	3497.0	3205.0	3480.0	896525
23.12.2024 00:00	3563.0	3591.0	3491.0	3541.0	541711
24.12.2024 00:00	3540.0	3543.0	3383.0	3431.0	443552
25.12.2024 00:00	3420.0	3450.0	3370.0	3426.0	370411
26.12.2024 00:00	3440.0	3448.0	3358.0	3395.0	404289
27.12.2024 00:00	3418.0	3530.0	3395.0	3496.0	428752
28.12.2024 00:00	3500.0	3685.0	3500.0	3636.0	448470
30.12.2024 00:00	3654.0	3739.0	3650.0	3710.0	220494
03.01.2025 00:00	3725.0	3738.0	3590.0	3626.0	163467
06.01.2025 00:00	3619.0	3619.0	3553.0	3599.0	85647
08.01.2025 00:00	3617.0	3632.0	3574.0	3609.0	76625
09.01.2025 00:00	3622.0	3634.0	3504.0	3514.0	227412
10.01.2025 00:00	3534.0	3714.0	3521.0	3669.0	289049
13.01.2025 00:00	3690.0	3724.0	3674.0	3685.0	241179
14.01.2025 00:00	3699.0	3790.0	3645.0	3750.0	171415
15.01.2025 00:00	3750.0	3760.0	3679.0	3741.0	145323
16.01.2025 00:00	3758.0	3909.0	3758.0	3814.0	342659
17.01.2025 00:00	3826.0	3850.0	3783.0	3842.0	155902
20.01.2025 00:00	3852.0	3885.0	3800.0	3800.0	187302
21.01.2025 00:00	3800.0	3820.0	3707.0	3801.0	173659
22.01.2025 00:00	3810.0	3810.0	3751.0	3782.0	151598
23.01.2025 00:00	3800.0	3805.0	3742.0	3805.0	143801
24.01.2025 00:00	3805.0	3822.0	3735.0	3760.0	237454
27.01.2025 00:00	3784.0	3797.0	3659.0	3679.0	184122
28.01.2025 00:00	3679.0	3740.0	3619.0	3721.0	137586
29.01.2025 00:00	3721.0	3742.0	3682.0	3703.0	169705
30.01.2025 00:00	3710.0	3734.0	3688.0	3708.0	200462
31.01.2025 00:00	3710.0	3725.0	3644.0	3664.0	261183
03.02.2025 00:00	3664.0	3675.0	3595.0	3627.0	183026
04.02.2025 00:00	3617.0	3659.0	3541.0	3562.0	197828
05.02.2025 00:00	3565.0	3595.0	3518.0	3575.0	203822
06.02.2025 00:00	3580.0	3609.0	3540.0	3573.0	259033
07.02.2025 00:00	3575.0	3595.0	3444.0	3465.0	446475
10.02.2025 00:00	3485.0	3537.0	3459.0	3491.0	441984
11.02.2025 00:00	3491.0	3536.0	3475.0	3513.0	243511
12.02.2025 00:00	3515.0	3639.0	3484.0	3620.0	807213
13.02.2025 00:00	3620.0	3772.0	3491.0	3530.0	685951
14.02.2025 00:00	3635.0	3635.0	3470.0	3515.0	531420
17.02.2025 00:00	3534.0	3591.0	3505.0	3591.0	393439
18.02.2025 00:00	3591.0	3609.0	3500.0	3514.0	310089
19.02.2025 00:00	3536.0	3600.0	3506.0	3567.0	199705
20.02.2025 00:00	3570.0	3748.0	3545.0	3728.0	931847
21.02.2025 00:00	3725.0	3800.0	3701.0	3800.0	388202
24.02.2025 00:00	3825.0	3913.0	3812.0	3874.0	601697
25.02.2025 00:00	3889.0	3921.0	3853.0	3887.0	407228
26.02.2025 00:00	3887.0	3917.0	3663.0	3744.0	592353
27.02.2025 00:00	3745.0	3745.0	3603.0	3617.0	573374
28.02.2025 00:00	3617.0	3845.0	3617.0	3810.0	654551
01.03.2025 00:00	3828.0	3833.0	3790.0	3808.0	7406
02.03.2025 00:00	3808.0	3812.0	3780.0	3800.0	10600
03.03.2025 00:00	3770.0	3818.0	3701.0	3811.0	430114
04.03.2025 00:00	3822.0	3849.0	3750.0	3826.0	445591
05.03.2025 00:00	3845.0	3850.0	3630.0	3664.0	1012284
06.03.2025 00:00	3670.0	3692.0	3553.0	3563.0	719634
07.03.2025 00:00	3580.0	3598.0	3455.0	3516.0	598199
10.03.2025 00:00	3516.0	3538.0	3400.0	3422.0	577464
11.03.2025 00:00	3422.0	3486.0	3412.0	3443.0	317273
12.03.2025 00:00	3440.0	3459.0	3395.0	3429.0	206271
13.03.2025 00:00	3429.0	3445.0	3320.0	3356.0	414560
14.03.2025 00:00	3356.0	3450.0	3339.0	3422.0	295615
15.03.2025 00:00	3440.0	3457.0	3429.0	3445.0	16236
16.03.2025 00:00	3445.0	3485.0	3441.0	3484.0	24917
17.03.2025 00:00	3455.0	3500.0	3400.0	3438.0	312867
18.03.2025 00:00	3447.0	3453.0	3380.0	3390.0	334767
19.03.2025 00:00	3404.0	3412.0	3359.0	3397.0	138968
20.03.2025 00:00	3391.0	3420.0	3357.0	3391.0	213484
21.03.2025 00:00	3399.0	3434.0	3377.0	3381.0	142615
24.03.2025 00:00	3374.0	3380.0	3325.0	3343.0	217256
25.03.2025 00:00	3347.0	3369.0	3302.0	3354.0	209530
26.03.2025 00:00	3354.0	3365.0	3250.0	3262.0	200084
27.03.2025 00:00	3262.0	3267.0	3200.0	3204.0	263593
28.03.2025 00:00	3207.0	3220.0	3139.0	3181.0	321876
29.03.2025 00:00	3181.0	3181.0	3147.0	3150.0	23382
30.03.2025 00:00	3150.0	3152.0	3088.0	3088.0	36196
31.03.2025 00:00	3118.0	3399.0	3056.0	3358.0	820273
01.04.2025 00:00	3358.0	3393.0	3184.0	3184.0	445535
02.04.2025 00:00	3190.0	3312.0	3173.0	3283.0	332283
03.04.2025 00:00	3283.0	3325.0	3160.0	3213.0	217548
04.04.2025 00:00	3230.0	3258.0	3058.0	3088.0	376030
05.04.2025 00:00	3079.0	3083.0	3006.0	3064.0	61196
06.04.2025 00:00	3072.0	3123.0	3051.0	3099.0	29062
07.04.2025 00:00	3096.0	3096.0	2878.0	3040.0	423432
08.04.2025 00:00	3048.0	3094.0	2951.0	2958.0	165771
09.04.2025 00:00	2963.0	3075.0	2868.0	3073.0	409929
10.04.2025 00:00	3070.0	3070.0	2970.0	3012.0	207804
11.04.2025 00:00	3012.0	3098.0	2996.0	3084.0	179132
12.04.2025 00:00	3080.0	3105.0	3075.0	3096.0	18691
13.04.2025 00:00	3096.0	3110.0	3087.0	3095.0	15399
14.04.2025 00:00	3097.0	3132.0	3031.0	3100.0	152370
15.04.2025 00:00	3124.0	3214.0	3083.0	3194.0	178852
16.04.2025 00:00	3194.0	3200.0	3108.0	3144.0	184204
17.04.2025 00:00	3146.0	3173.0	3112.0	3151.0	168382
18.04.2025 00:00	3144.0	3155.0	3048.0	3080.0	153995
21.04.2025 00:00	3111.0	3144.0	3093.0	3125.0	155809
22.04.2025 00:00	3131.0	3170.0	3096.0	3145.0	191265
23.04.2025 00:00	3141.0	3168.0	3076.0	3123.0	230347
24.04.2025 00:00	3115.0	3177.0	3114.0	3127.0	120761
25.04.2025 00:00	3136.0	3300.0	3133.0	3297.0	371485
26.04.2025 00:00	3300.0	3330.0	3271.0	3288.0	30405
27.04.2025 00:00	3288.0	3306.0	3282.0	3298.0	6324
28.04.2025 00:00	3298.0	3328.0	3218.0	3233.0	153226
29.04.2025 00:00	3235.0	3255.0	3152.0	3162.0	94146
30.04.2025 00:00	3162.0	3215.0	3118.0	3204.0	105355
02.05.2025 00:00	3182.0	3193.0	3103.0	3107.0	51577
03.05.2025 00:00	3107.0	3119.0	3101.0	3114.0	5211
04.05.2025 00:00	3114.0	3135.0	3108.0	3131.0	6103
05.05.2025 00:00	3116.0	3136.0	3050.0	3066.0	106823
06.05.2025 00:00	3066.0	3131.0	3014.0	3074.0	104845
07.05.2025 00:00	3084.0	3148.0	3052.0	3105.0	66161
08.05.2025 00:00	3102.0	3127.0	3097.0	3102.0	20274
10.05.2025 00:00	3101.0	3114.0	3091.0	3100.0	3729
11.05.2025 00:00	3118.0	3140.0	3118.0	3123.0	8959
12.05.2025 00:00	3135.0	3213.0	3125.0	3191.0	124399
13.05.2025 00:00	3192.0	3223.0	3119.0	3148.0	137839
14.05.2025 00:00	3149.0	3194.0	3091.0	3096.0	118523
15.05.2025 00:00	3096.0	3123.0	3053.0	3089.0	79459
16.05.2025 00:00	3090.0	3193.0	3082.0	3163.0	236230
17.05.2025 00:00	3165.0	3193.0	3165.0	3185.0	8715
18.05.2025 00:00	3191.0	3200.0	3186.0	3190.0	13193
19.05.2025 00:00	3190.0	3196.0	3096.0	3110.0	196115
20.05.2025 00:00	3115.0	3119.0	3062.0	3091.0	73897
21.05.2025 00:00	3096.0	3106.0	3051.0	3058.0	64838
22.05.2025 00:00	3051.0	3096.0	2973.0	3041.0	151522
