datetime	open	high	low	close	volume
13.03.2018 00:00	0.28	0.28500000000000003	0.28	0.28500000000000003	30
16.03.2018 00:00	0.28	0.28	0.275	0.275	50
20.03.2018 00:00	0.28	0.28	0.27	0.28	190
21.03.2018 00:00	0.27	0.28	0.27	0.27	10
23.03.2018 00:00	0.275	0.28	0.275	0.28	20
27.03.2018 00:00	0.28500000000000003	0.305	0.28	0.28500000000000003	70
28.03.2018 00:00	0.29	0.425	0.29	0.29	30
29.03.2018 00:00	0.295	0.465	0.29	0.36	3230
30.03.2018 00:00	0.375	0.465	0.375	0.395	5270
02.04.2018 00:00	0.365	0.395	0.34500000000000003	0.385	120
03.04.2018 00:00	0.385	0.39	0.35000000000000003	0.35000000000000003	840
04.04.2018 00:00	0.36	0.385	0.34	0.34500000000000003	510
05.04.2018 00:00	0.36	0.385	0.34	0.385	60
06.04.2018 00:00	0.34500000000000003	0.35000000000000003	0.32	0.34	680
09.04.2018 00:00	0.32	0.33	0.295	0.33	520
10.04.2018 00:00	0.32	0.32	0.28500000000000003	0.32	140
11.04.2018 00:00	0.32	0.33	0.295	0.33	60
16.04.2018 00:00	0.28500000000000003	0.32	0.26	0.305	330
17.04.2018 00:00	0.31	0.32	0.31	0.31	50
18.04.2018 00:00	0.32	0.32	0.32	0.32	20
24.04.2018 00:00	0.33	0.33	0.33	0.33	10
26.04.2018 00:00	0.34	0.34	0.325	0.335	420
27.04.2018 00:00	0.34	0.34	0.325	0.33	480
28.04.2018 00:00	0.295	0.32	0.28	0.305	270
03.05.2018 00:00	0.295	0.325	0.295	0.295	470
04.05.2018 00:00	0.31	0.325	0.31	0.325	120
07.05.2018 00:00	0.305	0.305	0.305	0.305	100
08.05.2018 00:00	0.325	0.34	0.32	0.34	110
10.05.2018 00:00	0.305	0.305	0.3	0.3	790
18.05.2018 00:00	0.3	0.3	0.3	0.3	40
21.05.2018 00:00	0.29	0.355	0.29	0.295	120
23.05.2018 00:00	0.325	0.355	0.305	0.34500000000000003	890
24.05.2018 00:00	0.32	0.32	0.32	0.32	60
25.05.2018 00:00	0.31	0.32	0.31	0.32	180
28.05.2018 00:00	0.3	0.32	0.3	0.3	10
29.05.2018 00:00	0.325	0.325	0.3	0.32	160
30.05.2018 00:00	0.32	0.32	0.305	0.305	30
31.05.2018 00:00	0.305	0.305	0.305	0.305	50
06.06.2018 00:00	0.325	0.33	0.32	0.33	120
08.06.2018 00:00	0.33	0.33	0.33	0.33	10
13.06.2018 00:00	0.305	0.33	0.305	0.33	30
18.06.2018 00:00	0.31	0.32	0.31	0.31	120
19.06.2018 00:00	0.305	0.305	0.305	0.305	400
20.06.2018 00:00	0.325	0.325	0.325	0.325	130
21.06.2018 00:00	0.325	0.325	0.325	0.325	10
26.06.2018 00:00	0.305	0.305	0.305	0.305	10
27.06.2018 00:00	0.305	0.32	0.305	0.32	200
29.06.2018 00:00	0.31	0.31	0.31	0.31	180
02.07.2018 00:00	0.3	0.305	0.3	0.3	910
03.07.2018 00:00	0.31	0.31	0.31	0.31	210
04.07.2018 00:00	0.32	0.32	0.32	0.32	10
05.07.2018 00:00	0.3	0.31	0.295	0.31	2510
06.07.2018 00:00	0.305	0.305	0.305	0.305	10
13.07.2018 00:00	0.335	0.335	0.32	0.32	20
18.07.2018 00:00	0.33	0.335	0.325	0.335	600
19.07.2018 00:00	0.31	0.325	0.31	0.325	70
20.07.2018 00:00	0.305	0.32	0.305	0.32	20
01.08.2018 00:00	0.33	0.33	0.32	0.32	340
02.08.2018 00:00	0.31	0.32	0.31	0.32	20
07.08.2018 00:00	0.32	0.32	0.32	0.32	10
09.08.2018 00:00	0.32	0.32	0.31	0.31	60
10.08.2018 00:00	0.325	0.325	0.325	0.325	100
13.08.2018 00:00	0.305	0.305	0.305	0.305	10
14.08.2018 00:00	0.33	0.33	0.31	0.31	280
15.08.2018 00:00	0.305	0.305	0.305	0.305	10
16.08.2018 00:00	0.32	0.325	0.32	0.32	230
20.08.2018 00:00	0.325	0.33	0.325	0.33	20
23.08.2018 00:00	0.305	0.335	0.305	0.32	70
29.08.2018 00:00	0.335	0.335	0.335	0.335	10
30.08.2018 00:00	0.335	0.335	0.335	0.335	30
31.08.2018 00:00	0.31	0.32	0.295	0.305	810
03.09.2018 00:00	0.32	0.32	0.32	0.32	20
04.09.2018 00:00	0.32	0.32	0.32	0.32	20
05.09.2018 00:00	0.33	0.33	0.32	0.33	590
06.09.2018 00:00	0.32	0.32	0.305	0.31	100
07.09.2018 00:00	0.305	0.305	0.305	0.305	30
12.09.2018 00:00	0.32	0.32	0.28500000000000003	0.295	10070
13.09.2018 00:00	0.295	0.3	0.295	0.295	10000
14.09.2018 00:00	0.305	0.305	0.295	0.295	4970
17.09.2018 00:00	0.305	0.305	0.305	0.305	10
18.09.2018 00:00	0.295	0.3	0.295	0.295	150
19.09.2018 00:00	0.305	0.305	0.305	0.305	20
20.09.2018 00:00	0.295	0.295	0.295	0.295	20
21.09.2018 00:00	0.31	0.31	0.295	0.295	6010
24.09.2018 00:00	0.295	0.295	0.295	0.295	60
25.09.2018 00:00	0.295	0.295	0.295	0.295	500
26.09.2018 00:00	0.305	0.305	0.305	0.305	530
28.09.2018 00:00	0.305	0.305	0.305	0.305	20
01.10.2018 00:00	0.3	0.3	0.295	0.295	50
03.10.2018 00:00	0.305	0.305	0.305	0.305	60
04.10.2018 00:00	0.31	0.31	0.31	0.31	20
05.10.2018 00:00	0.305	0.305	0.305	0.305	5010
09.10.2018 00:00	0.31	0.31	0.31	0.31	10
10.10.2018 00:00	0.3	0.305	0.3	0.305	40
11.10.2018 00:00	0.28500000000000003	0.305	0.28500000000000003	0.305	5130
15.10.2018 00:00	0.3	0.3	0.3	0.3	10
19.10.2018 00:00	0.305	0.305	0.305	0.305	410
25.10.2018 00:00	0.31	0.31	0.3	0.3	30
06.11.2018 00:00	0.3	0.3	0.3	0.3	10
14.11.2018 00:00	0.305	0.305	0.305	0.305	2030
15.11.2018 00:00	0.325	0.325	0.32	0.325	40
16.11.2018 00:00	0.325	0.325	0.32	0.325	40
20.11.2018 00:00	0.31	0.33	0.31	0.33	20
21.11.2018 00:00	0.305	0.33	0.305	0.33	240
22.11.2018 00:00	0.305	0.32	0.3	0.32	90
23.11.2018 00:00	0.305	0.305	0.305	0.305	20
28.11.2018 00:00	0.305	0.305	0.305	0.305	10
29.11.2018 00:00	0.31	0.31	0.31	0.31	80
03.12.2018 00:00	0.33	0.33	0.32	0.33	30
04.12.2018 00:00	0.34	0.355	0.33	0.335	1070
05.12.2018 00:00	0.335	0.335	0.335	0.335	20
06.12.2018 00:00	0.34	0.34	0.34	0.34	310
10.12.2018 00:00	0.34	0.34500000000000003	0.34	0.34500000000000003	410
11.12.2018 00:00	0.34500000000000003	0.34500000000000003	0.34500000000000003	0.34500000000000003	310
18.12.2018 00:00	0.34500000000000003	0.34500000000000003	0.34500000000000003	0.34500000000000003	20
21.12.2018 00:00	0.32	0.32	0.32	0.32	10
25.12.2018 00:00	0.405	0.405	0.31	0.32	6890
26.12.2018 00:00	0.32	0.32	0.32	0.32	10
27.12.2018 00:00	0.33	0.335	0.3	0.32	480
28.12.2018 00:00	0.33	0.33	0.33	0.33	30
29.12.2018 00:00	0.33	0.33	0.33	0.33	20
04.01.2019 00:00	0.33	0.33	0.33	0.33	200
09.01.2019 00:00	0.33	0.33	0.33	0.33	60
10.01.2019 00:00	0.33	0.33	0.33	0.33	1020
11.01.2019 00:00	0.33	0.33	0.33	0.33	70
17.01.2019 00:00	0.33	0.33	0.33	0.33	10
21.01.2019 00:00	0.325	0.325	0.325	0.325	10
23.01.2019 00:00	0.355	0.355	0.33	0.34500000000000003	220
24.01.2019 00:00	0.35000000000000003	0.365	0.28500000000000003	0.295	4550
25.01.2019 00:00	0.31	0.325	0.295	0.32	1530
28.01.2019 00:00	0.305	0.32	0.295	0.31	290
29.01.2019 00:00	0.31	0.31	0.295	0.305	2390
30.01.2019 00:00	0.305	0.305	0.295	0.305	430
31.01.2019 00:00	0.31	0.32	0.31	0.32	830
01.02.2019 00:00	0.305	0.31	0.305	0.305	4030
04.02.2019 00:00	0.295	0.32	0.295	0.32	3400
05.02.2019 00:00	0.3	0.32	0.3	0.32	1140
06.02.2019 00:00	0.31	0.31	0.31	0.31	10
08.02.2019 00:00	0.32	0.325	0.31	0.31	70
14.02.2019 00:00	0.295	0.325	0.295	0.3	8030
15.02.2019 00:00	0.3	0.305	0.295	0.3	2190
18.02.2019 00:00	0.305	0.305	0.3	0.3	70
19.02.2019 00:00	0.295	0.305	0.295	0.305	2840
20.02.2019 00:00	0.305	0.305	0.295	0.295	5050
21.02.2019 00:00	0.295	0.3	0.295	0.3	9300
22.02.2019 00:00	0.295	0.3	0.295	0.3	30
25.02.2019 00:00	0.295	0.3	0.295	0.3	20
26.02.2019 00:00	0.295	0.3	0.295	0.3	70
27.02.2019 00:00	0.295	0.3	0.295	0.3	480
28.02.2019 00:00	0.295	0.3	0.295	0.295	440
01.03.2019 00:00	0.3	0.3	0.295	0.295	16260
04.03.2019 00:00	0.295	0.31	0.295	0.305	210
05.03.2019 00:00	0.3	0.305	0.3	0.3	190
06.03.2019 00:00	0.3	0.3	0.3	0.3	30
07.03.2019 00:00	0.3	0.305	0.3	0.305	20
12.03.2019 00:00	0.305	0.31	0.305	0.305	210
13.03.2019 00:00	0.305	0.31	0.305	0.31	150
14.03.2019 00:00	0.305	0.305	0.305	0.305	10
15.03.2019 00:00	0.31	0.31	0.305	0.31	280
18.03.2019 00:00	0.32	0.325	0.32	0.32	520
19.03.2019 00:00	0.32	0.33	0.32	0.325	150
20.03.2019 00:00	0.325	0.325	0.325	0.325	110
21.03.2019 00:00	0.31	0.33	0.31	0.33	190
22.03.2019 00:00	0.33	0.33	0.32	0.325	80
25.03.2019 00:00	0.32	0.325	0.32	0.325	40
26.03.2019 00:00	0.33	0.34	0.33	0.34	1540
27.03.2019 00:00	0.325	0.335	0.325	0.335	240
28.03.2019 00:00	0.34	0.34500000000000003	0.33	0.34500000000000003	790
29.03.2019 00:00	0.335	0.335	0.33	0.33	220
01.04.2019 00:00	0.34	0.34	0.335	0.335	130
02.04.2019 00:00	0.34	0.34	0.34	0.34	1740
03.04.2019 00:00	0.34	0.34500000000000003	0.34	0.34500000000000003	1380
05.04.2019 00:00	0.355	0.485	0.355	0.405	12130
08.04.2019 00:00	0.41000000000000003	0.42	0.375	0.4	2070
09.04.2019 00:00	0.385	0.395	0.375	0.375	160
10.04.2019 00:00	0.375	0.385	0.375	0.385	30
11.04.2019 00:00	0.375	0.375	0.37	0.37	110
12.04.2019 00:00	0.37	0.375	0.365	0.375	90
15.04.2019 00:00	0.39	0.39	0.39	0.39	10
16.04.2019 00:00	0.375	0.375	0.375	0.375	20
17.04.2019 00:00	0.375	0.375	0.375	0.375	220
18.04.2019 00:00	0.4	0.41500000000000004	0.395	0.4	340
22.04.2019 00:00	0.405	0.405	0.385	0.4	110
23.04.2019 00:00	0.385	0.385	0.365	0.365	40
24.04.2019 00:00	0.365	0.365	0.365	0.365	30
25.04.2019 00:00	0.365	0.365	0.28	0.305	89820
26.04.2019 00:00	0.31	0.32	0.295	0.3	4500
29.04.2019 00:00	0.295	0.305	0.295	0.305	530
30.04.2019 00:00	0.305	0.305	0.295	0.305	70
02.05.2019 00:00	0.305	0.31	0.305	0.31	480
03.05.2019 00:00	0.31	0.32	0.3	0.305	1680
06.05.2019 00:00	0.31	0.31	0.305	0.31	80
07.05.2019 00:00	0.32	0.32	0.305	0.32	590
08.05.2019 00:00	0.305	0.31	0.305	0.31	90
10.05.2019 00:00	0.305	0.305	0.3	0.3	90
13.05.2019 00:00	0.295	0.3	0.295	0.3	430
14.05.2019 00:00	0.31	0.31	0.295	0.295	740
16.05.2019 00:00	0.295	0.305	0.295	0.295	1820
17.05.2019 00:00	0.29	0.305	0.29	0.3	2000
20.05.2019 00:00	0.295	0.305	0.295	0.305	2250
22.05.2019 00:00	0.29	0.3	0.29	0.3	70
23.05.2019 00:00	0.305	0.305	0.3	0.3	20
24.05.2019 00:00	0.295	0.295	0.28500000000000003	0.29	220
27.05.2019 00:00	0.28500000000000003	0.29	0.28500000000000003	0.28500000000000003	50
28.05.2019 00:00	0.29	0.295	0.29	0.29	140
29.05.2019 00:00	0.28500000000000003	0.29	0.28	0.28500000000000003	90
30.05.2019 00:00	0.28500000000000003	0.28500000000000003	0.28	0.28500000000000003	450
31.05.2019 00:00	0.28	0.28	0.28	0.28	50
03.06.2019 00:00	0.28	0.28	0.28	0.28	750
04.06.2019 00:00	0.28	0.28	0.28	0.28	120
05.06.2019 00:00	0.28	0.28500000000000003	0.28	0.28	60
06.06.2019 00:00	0.28	0.28	0.28	0.28	140
07.06.2019 00:00	0.28500000000000003	0.29	0.28500000000000003	0.28500000000000003	100
10.06.2019 00:00	0.29	0.295	0.28500000000000003	0.295	400
11.06.2019 00:00	0.295	0.295	0.295	0.295	10
14.06.2019 00:00	0.29	0.3	0.29	0.295	160
17.06.2019 00:00	0.28500000000000003	0.29	0.28500000000000003	0.29	20
19.06.2019 00:00	0.29	0.29	0.29	0.29	10
20.06.2019 00:00	0.295	0.3	0.29	0.29	460
21.06.2019 00:00	0.29	0.3	0.29	0.295	1300
24.06.2019 00:00	0.295	0.295	0.295	0.295	490
25.06.2019 00:00	0.295	0.295	0.295	0.295	10
26.06.2019 00:00	0.295	0.295	0.295	0.295	10
27.06.2019 00:00	0.305	0.305	0.3	0.3	2080
02.07.2019 00:00	0.3	0.305	0.3	0.305	110
03.07.2019 00:00	0.3	0.305	0.3	0.305	160
05.07.2019 00:00	0.31	0.335	0.305	0.31	1080
08.07.2019 00:00	0.32	0.32	0.32	0.32	60
09.07.2019 00:00	0.305	0.31	0.305	0.31	20
10.07.2019 00:00	0.325	0.325	0.31	0.325	350
11.07.2019 00:00	0.325	0.325	0.325	0.325	400
12.07.2019 00:00	0.32	0.32	0.32	0.32	10
15.07.2019 00:00	0.335	0.34	0.33	0.34	80
16.07.2019 00:00	0.335	0.34	0.335	0.34	30
17.07.2019 00:00	0.32	0.335	0.32	0.335	50
18.07.2019 00:00	0.31	0.33	0.31	0.33	60
19.07.2019 00:00	0.33	0.33	0.31	0.31	90
22.07.2019 00:00	0.31	0.31	0.31	0.31	70
24.07.2019 00:00	0.325	0.325	0.32	0.32	290
25.07.2019 00:00	0.33	0.34	0.31	0.325	220
29.07.2019 00:00	0.32	0.335	0.32	0.33	340
30.07.2019 00:00	0.32	0.325	0.32	0.325	200
09.08.2019 00:00	0.305	0.32	0.305	0.32	20
13.08.2019 00:00	0.305	0.31	0.305	0.31	90
14.08.2019 00:00	0.33	0.33	0.295	0.295	530
15.08.2019 00:00	0.32	0.32	0.32	0.32	120
19.08.2019 00:00	0.3	0.32	0.3	0.32	30
20.08.2019 00:00	0.32	0.32	0.32	0.32	10
22.08.2019 00:00	0.32	0.32	0.32	0.32	10
23.08.2019 00:00	0.325	0.325	0.32	0.32	20
28.08.2019 00:00	0.325	0.335	0.305	0.305	250
30.08.2019 00:00	0.305	0.305	0.305	0.305	10
02.09.2019 00:00	0.325	0.33	0.32	0.32	210
03.09.2019 00:00	0.335	0.335	0.31	0.32	60
04.09.2019 00:00	0.33	0.34	0.32	0.32	480
05.09.2019 00:00	0.33	0.335	0.33	0.33	60
06.09.2019 00:00	0.325	0.325	0.325	0.325	240
09.09.2019 00:00	0.33	0.335	0.32	0.335	40
10.09.2019 00:00	0.33	0.34	0.33	0.34	280
11.09.2019 00:00	0.325	0.325	0.32	0.325	70
16.09.2019 00:00	0.335	0.335	0.335	0.335	40
17.09.2019 00:00	0.34	0.34	0.325	0.34	160
18.09.2019 00:00	0.34500000000000003	0.34500000000000003	0.34	0.34	20
19.09.2019 00:00	0.33	0.33	0.32	0.33	240
20.09.2019 00:00	0.325	0.34	0.325	0.34	180
23.09.2019 00:00	0.31	0.34500000000000003	0.31	0.34	280
24.09.2019 00:00	0.34	0.34	0.34	0.34	80
26.09.2019 00:00	0.33	0.34	0.33	0.34	200
27.09.2019 00:00	0.325	0.34	0.325	0.33	30
30.09.2019 00:00	0.34	0.34	0.325	0.325	90
01.10.2019 00:00	0.34	0.34	0.33	0.34	410
03.10.2019 00:00	0.325	0.34	0.325	0.335	50
04.10.2019 00:00	0.33	0.335	0.33	0.335	20
08.10.2019 00:00	0.34	0.355	0.34	0.34	1460
09.10.2019 00:00	0.335	0.34	0.335	0.335	110
11.10.2019 00:00	0.34	0.34	0.335	0.335	320
17.10.2019 00:00	0.35000000000000003	0.35000000000000003	0.35000000000000003	0.35000000000000003	10
18.10.2019 00:00	0.34500000000000003	0.355	0.34500000000000003	0.355	100
21.10.2019 00:00	0.355	0.355	0.34500000000000003	0.34500000000000003	20
22.10.2019 00:00	0.34500000000000003	0.34500000000000003	0.34500000000000003	0.34500000000000003	10
23.10.2019 00:00	0.37	0.37	0.34	0.34500000000000003	120
24.10.2019 00:00	0.34500000000000003	0.34500000000000003	0.34500000000000003	0.34500000000000003	50
25.10.2019 00:00	0.34	0.34500000000000003	0.34	0.34500000000000003	110
28.10.2019 00:00	0.34	0.35000000000000003	0.335	0.34	220
29.10.2019 00:00	0.34	0.34	0.335	0.335	300
30.10.2019 00:00	0.34	0.34500000000000003	0.34	0.34	220
31.10.2019 00:00	0.34500000000000003	0.34500000000000003	0.34	0.34	30
05.11.2019 00:00	0.34500000000000003	0.34500000000000003	0.34500000000000003	0.34500000000000003	40
06.11.2019 00:00	0.34	0.35000000000000003	0.34	0.35000000000000003	170
07.11.2019 00:00	0.355	0.355	0.355	0.355	60
11.11.2019 00:00	0.35000000000000003	0.35000000000000003	0.35000000000000003	0.35000000000000003	30
12.11.2019 00:00	0.34500000000000003	0.355	0.34500000000000003	0.35000000000000003	200
13.11.2019 00:00	0.35000000000000003	0.355	0.35000000000000003	0.355	40
14.11.2019 00:00	0.355	0.355	0.35000000000000003	0.35000000000000003	270
15.11.2019 00:00	0.365	0.37	0.355	0.36	210
19.11.2019 00:00	0.35000000000000003	0.36	0.35000000000000003	0.36	30
20.11.2019 00:00	0.375	0.375	0.36	0.365	110
22.11.2019 00:00	0.365	0.37	0.36	0.36	120
25.11.2019 00:00	0.36	0.36	0.34	0.36	940
26.11.2019 00:00	0.36	0.36	0.35000000000000003	0.35000000000000003	40
27.11.2019 00:00	0.355	0.355	0.355	0.355	20
02.12.2019 00:00	0.34	0.355	0.34	0.355	20
04.12.2019 00:00	0.355	0.355	0.355	0.355	10
10.12.2019 00:00	0.365	0.39	0.365	0.365	120
12.12.2019 00:00	0.355	0.36	0.355	0.36	90
13.12.2019 00:00	0.355	0.355	0.35000000000000003	0.355	130
17.12.2019 00:00	0.35000000000000003	0.35000000000000003	0.35000000000000003	0.35000000000000003	10
18.12.2019 00:00	0.34500000000000003	0.34500000000000003	0.34500000000000003	0.34500000000000003	20
20.12.2019 00:00	0.34	0.34	0.34	0.34	10
23.12.2019 00:00	0.35000000000000003	0.35000000000000003	0.35000000000000003	0.35000000000000003	120
24.12.2019 00:00	0.355	0.355	0.355	0.355	20
25.12.2019 00:00	0.35000000000000003	0.35000000000000003	0.35000000000000003	0.35000000000000003	20
26.12.2019 00:00	0.35000000000000003	0.36	0.35000000000000003	0.35000000000000003	40
27.12.2019 00:00	0.34500000000000003	0.355	0.34500000000000003	0.355	40
30.12.2019 00:00	0.355	0.365	0.355	0.36	80
03.01.2020 00:00	0.365	0.365	0.36	0.365	100
06.01.2020 00:00	0.355	0.355	0.34500000000000003	0.355	740
08.01.2020 00:00	0.355	0.375	0.355	0.375	800
09.01.2020 00:00	0.37	0.405	0.37	0.39	920
10.01.2020 00:00	0.405	0.41000000000000003	0.4	0.4	700
13.01.2020 00:00	0.4	0.41500000000000004	0.4	0.41500000000000004	230
14.01.2020 00:00	0.41500000000000004	0.425	0.41500000000000004	0.425	60
15.01.2020 00:00	0.425	0.425	0.405	0.405	120
16.01.2020 00:00	0.405	0.405	0.395	0.4	360
17.01.2020 00:00	0.4	0.4	0.385	0.4	100
20.01.2020 00:00	0.405	0.405	0.39	0.395	270
21.01.2020 00:00	0.405	0.41000000000000003	0.395	0.4	2810
22.01.2020 00:00	0.4	0.405	0.4	0.4	660
23.01.2020 00:00	0.405	0.41000000000000003	0.385	0.395	290
24.01.2020 00:00	0.405	0.405	0.405	0.405	130
27.01.2020 00:00	0.41000000000000003	0.43	0.4	0.405	400
28.01.2020 00:00	0.4	0.41500000000000004	0.395	0.405	400
29.01.2020 00:00	0.405	0.41000000000000003	0.39	0.395	530
30.01.2020 00:00	0.395	0.41500000000000004	0.39	0.405	490
31.01.2020 00:00	0.405	0.405	0.4	0.4	170
03.02.2020 00:00	0.4	0.405	0.4	0.4	60
04.02.2020 00:00	0.405	0.405	0.39	0.395	150
05.02.2020 00:00	0.4	0.4	0.395	0.4	50
06.02.2020 00:00	0.4	0.405	0.4	0.4	50
07.02.2020 00:00	0.395	0.395	0.395	0.395	10
11.02.2020 00:00	0.395	0.405	0.395	0.395	160
12.02.2020 00:00	0.405	0.405	0.4	0.405	100
13.02.2020 00:00	0.4	0.42	0.4	0.41000000000000003	440
14.02.2020 00:00	0.41500000000000004	0.42	0.4	0.41000000000000003	490
17.02.2020 00:00	0.405	0.41500000000000004	0.405	0.405	290
18.02.2020 00:00	0.405	0.41000000000000003	0.405	0.41000000000000003	170
19.02.2020 00:00	0.405	0.41500000000000004	0.405	0.405	110
20.02.2020 00:00	0.41500000000000004	0.42	0.405	0.41500000000000004	180
21.02.2020 00:00	0.41500000000000004	0.41500000000000004	0.41000000000000003	0.41000000000000003	40
25.02.2020 00:00	0.42	0.42	0.41000000000000003	0.41000000000000003	130
26.02.2020 00:00	0.405	0.41500000000000004	0.4	0.405	140
27.02.2020 00:00	0.405	0.405	0.4	0.4	200
28.02.2020 00:00	0.375	0.395	0.365	0.375	140
02.03.2020 00:00	0.39	0.39	0.39	0.39	20
03.03.2020 00:00	0.395	0.4	0.39	0.395	100
04.03.2020 00:00	0.375	0.395	0.365	0.39	210
05.03.2020 00:00	0.39	0.4	0.39	0.4	290
06.03.2020 00:00	0.39	0.39	0.37	0.375	580
10.03.2020 00:00	0.34	0.365	0.34	0.365	160
11.03.2020 00:00	0.37	0.37	0.35000000000000003	0.355	180
12.03.2020 00:00	0.36	0.36	0.335	0.34500000000000003	470
13.03.2020 00:00	0.37	0.37	0.35000000000000003	0.355	30
16.03.2020 00:00	0.325	0.34500000000000003	0.325	0.34500000000000003	1620
17.03.2020 00:00	0.34500000000000003	0.34500000000000003	0.34500000000000003	0.34500000000000003	140
18.03.2020 00:00	0.34500000000000003	0.34500000000000003	0.32	0.325	2350
19.03.2020 00:00	0.37	0.375	0.31	0.34500000000000003	1590
20.03.2020 00:00	0.37	0.375	0.37	0.375	80
23.03.2020 00:00	0.35000000000000003	0.39	0.33	0.34500000000000003	7430
24.03.2020 00:00	0.355	0.355	0.34	0.34	3090
25.03.2020 00:00	0.355	0.355	0.335	0.34	4370
26.03.2020 00:00	0.34	0.34500000000000003	0.335	0.335	9060
27.03.2020 00:00	0.34	0.35000000000000003	0.34	0.35000000000000003	4750
30.03.2020 00:00	0.34500000000000003	0.355	0.34	0.355	970
31.03.2020 00:00	0.355	0.355	0.34500000000000003	0.355	230
01.04.2020 00:00	0.355	0.36	0.355	0.36	150
02.04.2020 00:00	0.365	0.375	0.365	0.365	160
06.04.2020 00:00	0.355	0.365	0.355	0.365	130
07.04.2020 00:00	0.365	0.37	0.36	0.365	140
08.04.2020 00:00	0.35000000000000003	0.365	0.34500000000000003	0.365	130
09.04.2020 00:00	0.37	0.385	0.365	0.375	300
10.04.2020 00:00	0.365	0.375	0.365	0.375	20
13.04.2020 00:00	0.365	0.37	0.34500000000000003	0.37	570
14.04.2020 00:00	0.36	0.37	0.36	0.365	280
15.04.2020 00:00	0.36	0.365	0.355	0.355	90
17.04.2020 00:00	0.375	0.375	0.365	0.365	60
20.04.2020 00:00	0.375	0.375	0.365	0.365	30
21.04.2020 00:00	0.355	0.365	0.355	0.365	30
22.04.2020 00:00	0.365	0.365	0.36	0.365	30
23.04.2020 00:00	0.365	0.365	0.36	0.365	190
27.04.2020 00:00	0.365	0.365	0.36	0.365	100
28.04.2020 00:00	0.365	0.375	0.365	0.365	310
29.04.2020 00:00	0.36	0.365	0.36	0.365	140
30.04.2020 00:00	0.36	0.37	0.36	0.365	60
04.05.2020 00:00	0.365	0.365	0.365	0.365	80
05.05.2020 00:00	0.37	0.375	0.37	0.375	180
06.05.2020 00:00	0.375	0.375	0.375	0.375	30
07.05.2020 00:00	0.375	0.4	0.375	0.39	160
08.05.2020 00:00	0.39	0.39	0.385	0.385	40
12.05.2020 00:00	0.385	0.385	0.385	0.385	10
13.05.2020 00:00	0.39	0.405	0.385	0.385	240
14.05.2020 00:00	0.385	0.405	0.375	0.385	190
15.05.2020 00:00	0.355	0.375	0.34500000000000003	0.37	230
18.05.2020 00:00	0.405	0.405	0.37	0.385	60
20.05.2020 00:00	0.365	0.395	0.36	0.385	90
21.05.2020 00:00	0.395	0.4	0.385	0.385	310
22.05.2020 00:00	0.385	0.4	0.385	0.395	100
25.05.2020 00:00	0.385	0.395	0.385	0.395	90
26.05.2020 00:00	0.4	0.4	0.395	0.395	830
27.05.2020 00:00	0.395	0.465	0.355	0.405	1210
28.05.2020 00:00	0.395	0.405	0.37	0.4	680
29.05.2020 00:00	0.405	0.405	0.385	0.4	180
01.06.2020 00:00	0.39	0.39	0.355	0.385	1080
02.06.2020 00:00	0.39	0.4	0.385	0.4	300
03.06.2020 00:00	0.395	0.4	0.385	0.395	360
04.06.2020 00:00	0.395	0.395	0.39	0.39	90
05.06.2020 00:00	0.395	0.4	0.39	0.39	180
08.06.2020 00:00	0.375	0.39	0.365	0.385	220
09.06.2020 00:00	0.39	0.39	0.39	0.39	20
10.06.2020 00:00	0.395	0.395	0.375	0.395	140
11.06.2020 00:00	0.39	0.39	0.39	0.39	30
16.06.2020 00:00	0.385	0.385	0.385	0.385	20
17.06.2020 00:00	0.395	0.4	0.395	0.395	410
18.06.2020 00:00	0.395	0.405	0.395	0.4	360
19.06.2020 00:00	0.405	0.405	0.405	0.405	110
23.06.2020 00:00	0.4	0.43	0.4	0.405	310
25.06.2020 00:00	0.405	0.405	0.4	0.4	70
26.06.2020 00:00	0.4	0.405	0.39	0.405	150
29.06.2020 00:00	0.4	0.405	0.385	0.405	330
02.07.2020 00:00	0.395	0.405	0.39	0.405	200
03.07.2020 00:00	0.405	0.405	0.405	0.405	30
06.07.2020 00:00	0.405	0.41500000000000004	0.405	0.41000000000000003	120
07.07.2020 00:00	0.41500000000000004	0.41500000000000004	0.4	0.4	20
08.07.2020 00:00	0.405	0.41000000000000003	0.4	0.405	90
09.07.2020 00:00	0.405	0.405	0.395	0.4	180
10.07.2020 00:00	0.4	0.4	0.4	0.4	10
13.07.2020 00:00	0.395	0.4	0.39	0.4	130
14.07.2020 00:00	0.4	0.4	0.4	0.4	20
15.07.2020 00:00	0.405	0.56	0.405	0.43	11820
16.07.2020 00:00	0.435	0.45	0.41000000000000003	0.41500000000000004	1840
17.07.2020 00:00	0.425	0.44	0.405	0.405	1950
20.07.2020 00:00	0.435	0.435	0.41000000000000003	0.41000000000000003	610
21.07.2020 00:00	0.405	0.41000000000000003	0.405	0.405	750
22.07.2020 00:00	0.405	0.405	0.405	0.405	410
23.07.2020 00:00	0.405	0.405	0.405	0.405	40
24.07.2020 00:00	0.4	0.405	0.4	0.405	60
27.07.2020 00:00	0.405	0.41000000000000003	0.4	0.405	360
28.07.2020 00:00	0.405	0.405	0.405	0.405	200
29.07.2020 00:00	0.405	0.405	0.405	0.405	40
30.07.2020 00:00	0.4	0.41000000000000003	0.4	0.41000000000000003	100
31.07.2020 00:00	0.41000000000000003	0.41000000000000003	0.405	0.405	140
03.08.2020 00:00	0.41000000000000003	0.41500000000000004	0.41000000000000003	0.41500000000000004	20
05.08.2020 00:00	0.41500000000000004	0.42	0.405	0.41500000000000004	690
06.08.2020 00:00	0.41500000000000004	0.42	0.41000000000000003	0.41500000000000004	540
07.08.2020 00:00	0.41000000000000003	0.41500000000000004	0.41000000000000003	0.41500000000000004	190
10.08.2020 00:00	0.41500000000000004	0.41500000000000004	0.41000000000000003	0.41500000000000004	160
11.08.2020 00:00	0.41500000000000004	0.42	0.4	0.405	4430
12.08.2020 00:00	0.405	0.41000000000000003	0.4	0.405	580
13.08.2020 00:00	0.405	0.405	0.405	0.405	190
14.08.2020 00:00	0.41000000000000003	0.43	0.405	0.41500000000000004	2720
17.08.2020 00:00	0.41500000000000004	0.41500000000000004	0.405	0.405	240
18.08.2020 00:00	0.41000000000000003	0.42	0.405	0.41500000000000004	730
19.08.2020 00:00	0.41000000000000003	0.41500000000000004	0.4	0.405	1510
20.08.2020 00:00	0.405	0.405	0.405	0.405	150
21.08.2020 00:00	0.405	0.405	0.405	0.405	50
24.08.2020 00:00	0.405	0.42	0.4	0.405	1570
25.08.2020 00:00	0.405	0.405	0.405	0.405	320
26.08.2020 00:00	0.405	0.42	0.405	0.41000000000000003	1540
27.08.2020 00:00	0.41500000000000004	0.42	0.41500000000000004	0.41500000000000004	1160
28.08.2020 00:00	0.42	0.425	0.42	0.42	180
31.08.2020 00:00	0.41500000000000004	0.42	0.405	0.41000000000000003	750
01.09.2020 00:00	0.405	0.41500000000000004	0.405	0.41500000000000004	100
02.09.2020 00:00	0.41500000000000004	0.42	0.41500000000000004	0.41500000000000004	120
03.09.2020 00:00	0.41500000000000004	0.41500000000000004	0.405	0.41000000000000003	150
04.09.2020 00:00	0.405	0.405	0.405	0.405	250
07.09.2020 00:00	0.405	0.56	0.405	0.53	64740
08.09.2020 00:00	0.55	0.555	0.455	0.46	16140
09.09.2020 00:00	0.46	0.465	0.425	0.44	3700
10.09.2020 00:00	0.435	0.45	0.435	0.435	1110
11.09.2020 00:00	0.43	0.45	0.425	0.43	1360
14.09.2020 00:00	0.43	0.485	0.43	0.465	4670
15.09.2020 00:00	0.465	0.47000000000000003	0.45	0.47000000000000003	1270
16.09.2020 00:00	0.47000000000000003	0.47000000000000003	0.46	0.465	1160
17.09.2020 00:00	0.465	0.465	0.45	0.455	450
18.09.2020 00:00	0.46	0.465	0.455	0.46	290
21.09.2020 00:00	0.465	0.465	0.435	0.44	210
22.09.2020 00:00	0.45	0.46	0.44	0.45	230
23.09.2020 00:00	0.45	0.485	0.45	0.45	2740
24.09.2020 00:00	0.44	0.465	0.435	0.455	260
25.09.2020 00:00	0.45	0.455	0.425	0.44	1000
28.09.2020 00:00	0.44	0.44	0.43	0.435	250
29.09.2020 00:00	0.435	0.44	0.435	0.435	40
30.09.2020 00:00	0.435	0.505	0.435	0.46	1990
01.10.2020 00:00	0.49	0.505	0.45	0.465	2150
02.10.2020 00:00	0.46	0.49	0.435	0.47000000000000003	1830
05.10.2020 00:00	0.47000000000000003	0.485	0.465	0.47000000000000003	1340
06.10.2020 00:00	0.48	0.505	0.455	0.48	950
07.10.2020 00:00	0.5	0.5	0.47500000000000003	0.48	160
08.10.2020 00:00	0.49	0.49	0.47500000000000003	0.47500000000000003	230
09.10.2020 00:00	0.485	0.485	0.44	0.465	1100
12.10.2020 00:00	0.46	0.47500000000000003	0.46	0.47000000000000003	320
13.10.2020 00:00	0.47000000000000003	0.495	0.465	0.47000000000000003	750
14.10.2020 00:00	0.47000000000000003	0.47000000000000003	0.465	0.47000000000000003	50
15.10.2020 00:00	0.465	0.465	0.435	0.455	1480
16.10.2020 00:00	0.44	0.45	0.44	0.44	100
19.10.2020 00:00	0.46	0.46	0.46	0.46	40
20.10.2020 00:00	0.44	0.46	0.44	0.44	720
21.10.2020 00:00	0.44	0.44	0.435	0.44	100
22.10.2020 00:00	0.455	0.46	0.43	0.44	630
23.10.2020 00:00	0.44	0.455	0.44	0.44	150
26.10.2020 00:00	0.435	0.435	0.425	0.435	420
27.10.2020 00:00	0.43	0.435	0.425	0.435	190
28.10.2020 00:00	0.43	0.46	0.425	0.425	670
29.10.2020 00:00	0.425	0.43	0.425	0.425	40
30.10.2020 00:00	0.43	0.43	0.425	0.43	230
02.11.2020 00:00	0.43	0.43	0.43	0.43	20
03.11.2020 00:00	0.43	0.435	0.425	0.425	70
05.11.2020 00:00	0.44	0.44	0.435	0.44	100
06.11.2020 00:00	0.44	0.455	0.43	0.435	570
09.11.2020 00:00	0.435	0.44	0.425	0.44	850
10.11.2020 00:00	0.44	0.465	0.435	0.44	640
11.11.2020 00:00	0.43	0.45	0.43	0.435	830
12.11.2020 00:00	0.435	0.455	0.435	0.45	640
13.11.2020 00:00	0.435	0.46	0.435	0.45	940
16.11.2020 00:00	0.455	0.46	0.45	0.455	860
17.11.2020 00:00	0.455	0.46	0.435	0.45	830
18.11.2020 00:00	0.45	0.455	0.44	0.45	720
19.11.2020 00:00	0.455	0.455	0.44	0.45	680
20.11.2020 00:00	0.44	0.455	0.44	0.45	720
23.11.2020 00:00	0.45	0.455	0.44	0.45	920
24.11.2020 00:00	0.45	0.465	0.44	0.44	1110
25.11.2020 00:00	0.44	0.45	0.435	0.44	750
26.11.2020 00:00	0.45	0.45	0.44	0.44	660
27.11.2020 00:00	0.465	0.465	0.44	0.45	740
30.11.2020 00:00	0.46	0.465	0.44	0.45	1000
01.12.2020 00:00	0.45	0.46	0.44	0.455	650
02.12.2020 00:00	0.465	0.465	0.455	0.46	730
03.12.2020 00:00	0.45	0.465	0.45	0.465	150
04.12.2020 00:00	0.46	0.46	0.44	0.45	1110
07.12.2020 00:00	0.45	0.46	0.45	0.455	810
08.12.2020 00:00	0.455	0.455	0.45	0.45	430
09.12.2020 00:00	0.455	0.455	0.435	0.44	840
10.12.2020 00:00	0.45	0.45	0.44	0.44	440
11.12.2020 00:00	0.44	0.44	0.435	0.435	150
14.12.2020 00:00	0.435	0.44	0.43	0.435	920
15.12.2020 00:00	0.44	0.44	0.435	0.44	770
16.12.2020 00:00	0.435	0.45	0.435	0.44	790
17.12.2020 00:00	0.45	0.455	0.45	0.455	820
18.12.2020 00:00	0.45	0.46	0.44	0.455	860
21.12.2020 00:00	0.44	0.45	0.425	0.43	800
22.12.2020 00:00	0.43	0.455	0.43	0.44	980
23.12.2020 00:00	0.435	0.45	0.435	0.44	1000
24.12.2020 00:00	0.435	0.44	0.435	0.44	1000
25.12.2020 00:00	0.435	0.44	0.435	0.435	920
28.12.2020 00:00	0.44	0.44	0.43	0.435	880
29.12.2020 00:00	0.435	0.45	0.435	0.44	920
30.12.2020 00:00	0.45	0.45	0.435	0.44	70
04.01.2021 00:00	0.45	0.45	0.45	0.45	100
05.01.2021 00:00	0.45	0.45	0.44	0.44	710
06.01.2021 00:00	0.44	0.455	0.44	0.455	780
08.01.2021 00:00	0.455	0.455	0.44	0.45	80
11.01.2021 00:00	0.44	0.45	0.44	0.45	680
12.01.2021 00:00	0.45	0.45	0.44	0.45	780
13.01.2021 00:00	0.44	0.455	0.44	0.455	750
14.01.2021 00:00	0.45	0.455	0.45	0.455	1220
15.01.2021 00:00	0.45	0.455	0.45	0.45	750
18.01.2021 00:00	0.45	0.455	0.44	0.44	770
19.01.2021 00:00	0.44	0.45	0.44	0.45	910
20.01.2021 00:00	0.44	0.45	0.44	0.44	710
21.01.2021 00:00	0.44	0.45	0.44	0.45	720
22.01.2021 00:00	0.44	0.44	0.44	0.44	60
25.01.2021 00:00	0.45	0.455	0.44	0.45	650
26.01.2021 00:00	0.45	0.45	0.45	0.45	40
27.01.2021 00:00	0.44	0.44	0.44	0.44	40
28.01.2021 00:00	0.44	0.45	0.44	0.44	740
29.01.2021 00:00	0.45	0.465	0.45	0.45	1480
01.02.2021 00:00	0.45	0.45	0.45	0.45	90
02.02.2021 00:00	0.45	0.455	0.45	0.45	1450
03.02.2021 00:00	0.455	0.455	0.455	0.455	10
04.02.2021 00:00	0.45	0.455	0.45	0.45	750
05.02.2021 00:00	0.45	0.455	0.45	0.45	730
08.02.2021 00:00	0.45	0.455	0.435	0.455	4900
09.02.2021 00:00	0.455	0.455	0.45	0.455	910
10.02.2021 00:00	0.45	0.465	0.45	0.465	2170
11.02.2021 00:00	0.455	0.46	0.45	0.45	990
12.02.2021 00:00	0.46	0.465	0.455	0.46	1230
15.02.2021 00:00	0.46	0.465	0.455	0.465	990
16.02.2021 00:00	0.455	0.465	0.455	0.455	900
17.02.2021 00:00	0.455	0.465	0.45	0.46	1160
18.02.2021 00:00	0.465	0.465	0.455	0.455	1510
19.02.2021 00:00	0.45	0.465	0.45	0.46	1920
20.02.2021 00:00	0.465	0.465	0.455	0.465	50
22.02.2021 00:00	0.455	0.465	0.455	0.465	900
24.02.2021 00:00	0.46	0.47000000000000003	0.46	0.465	1350
25.02.2021 00:00	0.47000000000000003	0.47500000000000003	0.465	0.47500000000000003	1070
26.02.2021 00:00	0.47000000000000003	0.485	0.465	0.48	970
01.03.2021 00:00	0.465	0.485	0.465	0.47500000000000003	960
02.03.2021 00:00	0.47500000000000003	0.48	0.46	0.465	1010
03.03.2021 00:00	0.465	0.47000000000000003	0.465	0.465	390
04.03.2021 00:00	0.47500000000000003	0.48	0.465	0.465	750
05.03.2021 00:00	0.465	0.465	0.465	0.465	120
09.03.2021 00:00	0.465	0.48	0.46	0.465	1410
10.03.2021 00:00	0.465	0.47000000000000003	0.465	0.465	1180
11.03.2021 00:00	0.47000000000000003	0.47500000000000003	0.465	0.465	1270
12.03.2021 00:00	0.47000000000000003	0.48	0.465	0.47000000000000003	1320
15.03.2021 00:00	0.47000000000000003	0.48	0.47000000000000003	0.47000000000000003	1200
16.03.2021 00:00	0.47500000000000003	0.47500000000000003	0.465	0.47000000000000003	1110
17.03.2021 00:00	0.47000000000000003	0.47000000000000003	0.465	0.465	500
18.03.2021 00:00	0.47000000000000003	0.47000000000000003	0.465	0.47000000000000003	160
19.03.2021 00:00	0.465	0.465	0.465	0.465	70
22.03.2021 00:00	0.465	0.465	0.45	0.46	300
23.03.2021 00:00	0.455	0.46	0.45	0.46	190
24.03.2021 00:00	0.455	0.47500000000000003	0.455	0.47000000000000003	630
25.03.2021 00:00	0.47000000000000003	0.47000000000000003	0.47000000000000003	0.47000000000000003	200
26.03.2021 00:00	0.47000000000000003	0.47500000000000003	0.47000000000000003	0.47500000000000003	180
29.03.2021 00:00	0.47500000000000003	0.48	0.47500000000000003	0.47500000000000003	120
30.03.2021 00:00	0.47500000000000003	0.495	0.47500000000000003	0.485	2650
31.03.2021 00:00	0.485	0.49	0.48	0.485	300
01.04.2021 00:00	0.495	0.495	0.485	0.485	260
02.04.2021 00:00	0.485	0.485	0.465	0.47500000000000003	370
05.04.2021 00:00	0.48	0.49	0.48	0.48	210
06.04.2021 00:00	0.49	0.58	0.485	0.505	5010
07.04.2021 00:00	0.525	0.59	0.495	0.5	6400
08.04.2021 00:00	0.525	0.595	0.52	0.525	6890
09.04.2021 00:00	0.515	0.53	0.515	0.525	250
12.04.2021 00:00	0.52	0.53	0.515	0.52	320
13.04.2021 00:00	0.515	0.53	0.505	0.525	790
14.04.2021 00:00	0.52	0.53	0.52	0.52	120
15.04.2021 00:00	0.525	0.525	0.515	0.52	160
16.04.2021 00:00	0.515	0.525	0.515	0.525	130
19.04.2021 00:00	0.535	0.54	0.52	0.525	160
20.04.2021 00:00	0.52	0.525	0.52	0.52	100
21.04.2021 00:00	0.52	0.605	0.52	0.55	7770
22.04.2021 00:00	0.555	0.61	0.54	0.545	4010
23.04.2021 00:00	0.545	0.55	0.535	0.55	550
26.04.2021 00:00	0.555	0.555	0.535	0.555	980
27.04.2021 00:00	0.55	0.55	0.55	0.55	50
28.04.2021 00:00	0.53	0.55	0.53	0.55	200
29.04.2021 00:00	0.555	0.555	0.485	0.495	1800
30.04.2021 00:00	0.495	0.53	0.495	0.495	1800
04.05.2021 00:00	0.49	0.495	0.47500000000000003	0.485	290
05.05.2021 00:00	0.505	0.505	0.495	0.5	40
06.05.2021 00:00	0.5	0.505	0.5	0.505	120
07.05.2021 00:00	0.505	0.505	0.505	0.505	50
10.05.2021 00:00	0.505	0.515	0.505	0.515	30
11.05.2021 00:00	0.485	0.515	0.485	0.505	70
12.05.2021 00:00	0.505	0.505	0.5	0.5	60
13.05.2021 00:00	0.495	0.495	0.49	0.495	360
14.05.2021 00:00	0.495	0.495	0.49	0.495	30
17.05.2021 00:00	0.495	0.495	0.495	0.495	20
18.05.2021 00:00	0.495	0.495	0.495	0.495	60
19.05.2021 00:00	0.495	0.5	0.495	0.495	80
20.05.2021 00:00	0.49	0.495	0.48	0.495	160
21.05.2021 00:00	0.495	0.505	0.45	0.47500000000000003	2970
24.05.2021 00:00	0.47500000000000003	0.5	0.465	0.47500000000000003	900
25.05.2021 00:00	0.48	0.48	0.47000000000000003	0.48	140
26.05.2021 00:00	0.48	0.48	0.47500000000000003	0.47500000000000003	20
27.05.2021 00:00	0.47500000000000003	0.48	0.47500000000000003	0.48	80
28.05.2021 00:00	0.48	0.48	0.48	0.48	30
31.05.2021 00:00	0.48	0.48	0.48	0.48	10
01.06.2021 00:00	0.48	0.49	0.48	0.49	50
02.06.2021 00:00	0.49	0.49	0.485	0.485	20
03.06.2021 00:00	0.49	0.49	0.49	0.49	10
04.06.2021 00:00	0.48	0.48	0.48	0.48	40
07.06.2021 00:00	0.485	0.49	0.485	0.49	310
09.06.2021 00:00	0.49	0.49	0.48	0.48	310
10.06.2021 00:00	0.48	0.485	0.48	0.485	60
11.06.2021 00:00	0.485	0.485	0.47500000000000003	0.48	420
15.06.2021 00:00	0.49	0.55	0.49	0.53	1430
16.06.2021 00:00	0.53	0.53	0.495	0.515	150
17.06.2021 00:00	0.515	0.6	0.515	0.5750000000000001	13700
18.06.2021 00:00	0.56	0.6	0.535	0.5750000000000001	2480
21.06.2021 00:00	0.5650000000000001	0.5650000000000001	0.55	0.56	130
22.06.2021 00:00	0.555	0.61	0.555	0.59	1440
23.06.2021 00:00	0.605	0.68	0.5750000000000001	0.585	9400
24.06.2021 00:00	0.6	0.615	0.5750000000000001	0.5750000000000001	1700
25.06.2021 00:00	0.585	0.595	0.5750000000000001	0.5750000000000001	310
28.06.2021 00:00	0.59	0.61	0.5650000000000001	0.59	500
29.06.2021 00:00	0.605	0.61	0.5650000000000001	0.5700000000000001	270
30.06.2021 00:00	0.56	0.595	0.56	0.58	790
01.07.2021 00:00	0.6	0.6	0.58	0.58	120
02.07.2021 00:00	0.5750000000000001	0.5750000000000001	0.5750000000000001	0.5750000000000001	20
05.07.2021 00:00	0.58	0.58	0.58	0.58	20
06.07.2021 00:00	0.5750000000000001	0.625	0.56	0.585	1100
07.07.2021 00:00	0.59	0.595	0.59	0.59	50
08.07.2021 00:00	0.595	0.595	0.585	0.59	1590
09.07.2021 00:00	0.585	0.595	0.585	0.595	240
12.07.2021 00:00	0.56	0.605	0.555	0.595	160
13.07.2021 00:00	0.61	0.61	0.5750000000000001	0.585	120
14.07.2021 00:00	0.595	0.595	0.585	0.585	60
15.07.2021 00:00	0.585	0.605	0.5750000000000001	0.595	300
16.07.2021 00:00	0.6	0.605	0.5750000000000001	0.6	350
19.07.2021 00:00	0.58	0.605	0.58	0.6	3210
20.07.2021 00:00	0.605	0.605	0.605	0.605	50
21.07.2021 00:00	0.605	0.61	0.605	0.61	1230
22.07.2021 00:00	0.61	0.615	0.595	0.605	950
23.07.2021 00:00	0.59	0.595	0.585	0.595	40
26.07.2021 00:00	0.605	0.62	0.59	0.615	1060
27.07.2021 00:00	0.595	0.65	0.595	0.615	300
28.07.2021 00:00	0.64	0.65	0.62	0.64	210
29.07.2021 00:00	0.64	0.64	0.605	0.61	220
30.07.2021 00:00	0.63	0.64	0.615	0.62	60
02.08.2021 00:00	0.605	0.64	0.605	0.64	150
03.08.2021 00:00	0.615	0.63	0.615	0.63	40
04.08.2021 00:00	0.615	0.62	0.615	0.615	30
05.08.2021 00:00	0.61	0.62	0.61	0.62	80
06.08.2021 00:00	0.625	0.625	0.625	0.625	10
09.08.2021 00:00	0.645	0.645	0.615	0.615	150
10.08.2021 00:00	0.64	0.645	0.64	0.645	1040
11.08.2021 00:00	0.615	0.625	0.615	0.615	250
12.08.2021 00:00	0.615	0.62	0.615	0.615	420
17.08.2021 00:00	0.61	0.62	0.61	0.62	30
18.08.2021 00:00	0.645	0.645	0.615	0.62	40
19.08.2021 00:00	0.64	0.64	0.61	0.63	1080
20.08.2021 00:00	0.61	0.61	0.595	0.61	130
23.08.2021 00:00	0.605	0.605	0.605	0.605	80
25.08.2021 00:00	0.61	0.625	0.595	0.595	410
26.08.2021 00:00	0.6	0.605	0.6	0.605	40
27.08.2021 00:00	0.605	0.605	0.605	0.605	30
30.08.2021 00:00	0.605	0.605	0.605	0.605	30
31.08.2021 00:00	0.61	0.61	0.605	0.605	20
01.09.2021 00:00	0.61	0.62	0.61	0.62	40
02.09.2021 00:00	0.62	0.62	0.62	0.62	20
03.09.2021 00:00	0.62	0.64	0.62	0.64	890
06.09.2021 00:00	0.64	0.64	0.64	0.64	10
07.09.2021 00:00	0.655	0.66	0.64	0.66	170
08.09.2021 00:00	0.625	0.66	0.56	0.615	4330
09.09.2021 00:00	0.615	0.615	0.6	0.605	270
10.09.2021 00:00	0.61	0.62	0.595	0.62	610
13.09.2021 00:00	0.61	0.6950000000000001	0.61	0.68	2330
14.09.2021 00:00	0.6900000000000001	0.75	0.665	0.675	1590
15.09.2021 00:00	0.665	0.685	0.65	0.655	250
16.09.2021 00:00	0.65	0.655	0.64	0.65	130
17.09.2021 00:00	0.645	0.665	0.645	0.66	120
20.09.2021 00:00	0.64	0.655	0.62	0.65	380
21.09.2021 00:00	0.655	0.66	0.655	0.66	50
22.09.2021 00:00	0.645	0.665	0.645	0.665	70
23.09.2021 00:00	0.66	0.72	0.65	0.685	2350
24.09.2021 00:00	0.675	0.675	0.665	0.675	40
27.09.2021 00:00	0.75	0.75	0.615	0.665	180
28.09.2021 00:00	0.665	0.665	0.665	0.665	30
29.09.2021 00:00	0.655	0.67	0.65	0.665	110
30.09.2021 00:00	0.665	0.665	0.665	0.665	80
01.10.2021 00:00	0.655	0.7000000000000001	0.655	0.7000000000000001	240
04.10.2021 00:00	0.705	0.715	0.68	0.715	160
05.10.2021 00:00	0.68	0.73	0.68	0.725	690
06.10.2021 00:00	0.71	0.72	0.705	0.72	760
07.10.2021 00:00	0.715	0.73	0.715	0.725	50
08.10.2021 00:00	0.74	0.89	0.74	0.84	1570
11.10.2021 00:00	0.885	0.885	0.77	0.77	360
12.10.2021 00:00	0.8200000000000001	0.8200000000000001	0.77	0.79	310
13.10.2021 00:00	0.8200000000000001	0.88	0.775	0.845	2330
14.10.2021 00:00	0.88	0.97	0.88	0.935	2320
15.10.2021 00:00	0.965	0.965	0.885	0.905	1280
18.10.2021 00:00	0.905	0.91	0.88	0.885	910
19.10.2021 00:00	0.86	0.935	0.86	0.915	310
20.10.2021 00:00	0.935	0.935	0.905	0.92	330
21.10.2021 00:00	0.92	0.935	0.885	0.925	180
22.10.2021 00:00	0.915	0.92	0.905	0.915	580
25.10.2021 00:00	0.925	1.09	0.92	0.965	3120
26.10.2021 00:00	0.9500000000000001	1.09	0.935	1.04	3120
27.10.2021 00:00	1.03	1.215	1.03	1.155	2420
28.10.2021 00:00	1.155	1.155	0.995	1.03	3160
29.10.2021 00:00	1.04	1.1	1.01	1.09	640
01.11.2021 00:00	1.11	1.215	1.02	1.1	4260
02.11.2021 00:00	1.1	1.12	1.05	1.12	710
03.11.2021 00:00	1.1	1.1400000000000001	1.05	1.11	880
05.11.2021 00:00	1.11	1.12	1.08	1.11	160
08.11.2021 00:00	1.195	1.195	1.1	1.11	150
09.11.2021 00:00	1.11	1.11	1.08	1.11	690
10.11.2021 00:00	1.11	1.11	1.09	1.09	140
11.11.2021 00:00	1.04	1.175	1.04	1.12	1550
12.11.2021 00:00	1.1400000000000001	1.185	1.11	1.145	2510
15.11.2021 00:00	1.145	1.185	1.145	1.175	190
16.11.2021 00:00	1.12	1.195	1.12	1.145	210
17.11.2021 00:00	1.205	1.205	1.1400000000000001	1.145	120
18.11.2021 00:00	1.145	1.195	1.145	1.185	230
19.11.2021 00:00	1.195	1.195	1.1300000000000001	1.1400000000000001	290
22.11.2021 00:00	1.11	1.195	1.11	1.155	200
23.11.2021 00:00	1.06	1.205	1.06	1.155	130
24.11.2021 00:00	1.125	1.175	1.125	1.165	250
26.11.2021 00:00	1.195	1.195	1.145	1.185	830
29.11.2021 00:00	1.3900000000000001	1.3900000000000001	1.155	1.155	490
30.11.2021 00:00	1.195	1.205	1.155	1.155	1270
01.12.2021 00:00	1.165	1.165	1.165	1.165	10
02.12.2021 00:00	1.25	1.25	1.165	1.185	130
03.12.2021 00:00	1.165	1.185	1.165	1.185	30
06.12.2021 00:00	1.1	1.155	1.1	1.155	230
07.12.2021 00:00	1.155	1.205	1.155	1.165	100
08.12.2021 00:00	1.195	1.195	1.185	1.195	60
09.12.2021 00:00	1.125	1.23	1.125	1.185	100
10.12.2021 00:00	1.175	1.195	1.175	1.195	80
13.12.2021 00:00	1.175	1.185	1.145	1.145	60
14.12.2021 00:00	1.08	1.165	1.08	1.155	440
15.12.2021 00:00	1.145	1.145	1.1400000000000001	1.1400000000000001	110
16.12.2021 00:00	1.155	1.165	1.155	1.165	30
17.12.2021 00:00	1.175	1.175	1.175	1.175	20
20.12.2021 00:00	1.195	1.195	1.1	1.155	160
21.12.2021 00:00	1.185	1.185	1.155	1.155	70
22.12.2021 00:00	1.175	1.175	1.175	1.175	20
23.12.2021 00:00	1.195	1.195	1.165	1.165	20
24.12.2021 00:00	1.195	1.195	1.195	1.195	10
27.12.2021 00:00	1.1	1.195	1.1	1.185	80
29.12.2021 00:00	1.195	1.195	1.195	1.195	20
04.01.2022 00:00	1.125	1.195	1.125	1.195	100
05.01.2022 00:00	1.195	1.195	1.195	1.195	20
10.01.2022 00:00	1.215	1.215	1.185	1.185	60
11.01.2022 00:00	1.175	1.215	1.175	1.205	60
12.01.2022 00:00	1.215	1.215	1.215	1.215	10
13.01.2022 00:00	1.215	1.215	1.155	1.165	210
14.01.2022 00:00	1.155	1.165	1.125	1.155	590
17.01.2022 00:00	1.165	1.225	1.145	1.155	900
18.01.2022 00:00	1.145	1.165	1.145	1.155	1180
19.01.2022 00:00	1.195	1.195	1.185	1.185	60
20.01.2022 00:00	1.215	1.215	1.215	1.215	10
21.01.2022 00:00	1.245	1.245	1.245	1.245	10
24.01.2022 00:00	1.165	1.165	1.155	1.165	480
25.01.2022 00:00	1.145	1.155	1.145	1.155	40
26.01.2022 00:00	1.1400000000000001	1.145	1.1400000000000001	1.1400000000000001	30
27.01.2022 00:00	1.1400000000000001	1.1400000000000001	1.1400000000000001	1.1400000000000001	20
28.01.2022 00:00	1.155	1.155	1.155	1.155	10
01.02.2022 00:00	1.185	1.185	1.155	1.155	20
02.02.2022 00:00	1.185	1.35	1.185	1.29	760
03.02.2022 00:00	1.185	1.415	1.185	1.3	1030
04.02.2022 00:00	1.425	1.425	1.31	1.32	300
07.02.2022 00:00	1.32	1.32	1.2650000000000001	1.2650000000000001	100
08.02.2022 00:00	1.225	1.33	1.185	1.225	270
09.02.2022 00:00	1.23	1.29	1.225	1.225	160
10.02.2022 00:00	1.235	1.235	1.195	1.195	120
11.02.2022 00:00	1.195	1.195	1.185	1.185	50
14.02.2022 00:00	1.1300000000000001	1.235	1.1300000000000001	1.195	170
15.02.2022 00:00	1.245	1.245	1.235	1.235	30
16.02.2022 00:00	1.185	1.225	1.175	1.215	220
17.02.2022 00:00	1.215	1.425	1.215	1.29	1280
18.02.2022 00:00	1.3900000000000001	1.425	1.27	1.27	1190
21.02.2022 00:00	1.235	1.34	1.125	1.155	360
22.02.2022 00:00	1.155	1.375	1.155	1.195	3330
24.02.2022 00:00	1.155	1.155	0.845	1.03	25740
25.02.2022 00:00	1.3	1.3900000000000001	1.1300000000000001	1.1300000000000001	290
28.03.2022 00:00	1.3	1.3	1.01	1.12	70
29.03.2022 00:00	1.12	1.1300000000000001	1.11	1.12	110
30.03.2022 00:00	1.195	1.195	1.195	1.195	2
31.03.2022 00:00	1.245	1.28	1.185	1.185	84
01.04.2022 00:00	1.205	1.3	1.155	1.185	69
04.04.2022 00:00	1.27	1.375	1.175	1.235	445
05.04.2022 00:00	1.235	1.28	1.155	1.175	198
06.04.2022 00:00	1.155	1.205	1.11	1.145	237
07.04.2022 00:00	1.1300000000000001	1.425	1.1	1.195	243
08.04.2022 00:00	1.185	1.195	1.145	1.195	15
11.04.2022 00:00	1.29	1.35	1.145	1.175	158
12.04.2022 00:00	1.225	1.23	1.165	1.165	69
13.04.2022 00:00	1.165	1.215	1.145	1.155	104
14.04.2022 00:00	1.215	1.215	1.215	1.215	2
18.04.2022 00:00	1.165	1.195	1.145	1.195	37
19.04.2022 00:00	1.185	1.465	1.185	1.34	3793
20.04.2022 00:00	1.2650000000000001	1.37	1.245	1.245	704
21.04.2022 00:00	1.2550000000000001	1.33	1.245	1.32	28
22.04.2022 00:00	1.34	1.34	1.2550000000000001	1.34	75
25.04.2022 00:00	1.35	1.415	1.28	1.415	150
26.04.2022 00:00	1.33	1.405	1.33	1.3900000000000001	1146
27.04.2022 00:00	1.415	1.59	1.35	1.37	1116
28.04.2022 00:00	1.35	1.3900000000000001	1.31	1.355	544
29.04.2022 00:00	1.355	1.355	1.245	1.28	406
04.05.2022 00:00	1.31	1.31	1.225	1.23	204
05.05.2022 00:00	1.225	1.28	1.225	1.2650000000000001	21
06.05.2022 00:00	1.245	1.28	1.225	1.28	14
11.05.2022 00:00	1.235	1.32	1.235	1.25	60
12.05.2022 00:00	1.2550000000000001	1.29	1.245	1.2550000000000001	40
13.05.2022 00:00	1.2550000000000001	1.2550000000000001	1.235	1.2550000000000001	40
16.05.2022 00:00	1.2650000000000001	1.2650000000000001	1.245	1.25	24
17.05.2022 00:00	1.2550000000000001	1.2650000000000001	1.235	1.25	29
18.05.2022 00:00	1.245	1.2650000000000001	1.225	1.2650000000000001	55
19.05.2022 00:00	1.25	1.2650000000000001	1.185	1.25	117
20.05.2022 00:00	1.25	1.2550000000000001	1.215	1.2550000000000001	119
23.05.2022 00:00	1.2550000000000001	1.2550000000000001	1.185	1.205	48
24.05.2022 00:00	1.215	1.245	1.215	1.225	162
25.05.2022 00:00	1.23	1.23	1.195	1.215	1907
26.05.2022 00:00	1.215	1.215	1.175	1.205	29
27.05.2022 00:00	1.225	1.225	1.205	1.205	7
30.05.2022 00:00	1.215	1.215	1.195	1.205	18
31.05.2022 00:00	1.195	1.195	1.195	1.195	6
01.06.2022 00:00	1.185	1.195	1.185	1.195	23
02.06.2022 00:00	1.205	1.205	1.205	1.205	1
03.06.2022 00:00	1.195	1.215	1.195	1.195	108
06.06.2022 00:00	1.195	1.205	1.175	1.205	53
07.06.2022 00:00	1.185	1.425	1.185	1.215	2073
08.06.2022 00:00	1.185	1.2650000000000001	1.155	1.23	257
09.06.2022 00:00	1.235	1.29	1.225	1.245	135
10.06.2022 00:00	1.225	1.245	1.195	1.205	132
14.06.2022 00:00	1.23	1.245	1.165	1.195	170
15.06.2022 00:00	1.205	1.205	1.185	1.185	25
16.06.2022 00:00	1.205	1.215	1.205	1.215	43
17.06.2022 00:00	1.185	1.205	1.185	1.195	12
20.06.2022 00:00	1.185	1.195	1.185	1.195	6
21.06.2022 00:00	1.185	1.205	1.175	1.205	66
22.06.2022 00:00	1.195	1.205	1.185	1.205	15
23.06.2022 00:00	1.185	1.195	1.185	1.185	31
24.06.2022 00:00	1.195	1.195	1.195	1.195	10
27.06.2022 00:00	1.195	1.215	1.195	1.195	9980
28.06.2022 00:00	1.205	1.205	1.185	1.195	15540
29.06.2022 00:00	1.185	1.205	1.185	1.205	5
30.06.2022 00:00	1.195	1.195	1.165	1.185	716
01.07.2022 00:00	1.175	1.185	1.175	1.175	167
04.07.2022 00:00	1.175	1.195	1.175	1.195	23
05.07.2022 00:00	1.175	1.175	1.175	1.175	23
06.07.2022 00:00	1.195	1.195	1.185	1.195	10
07.07.2022 00:00	1.195	1.195	1.175	1.195	33
08.07.2022 00:00	1.195	1.195	1.195	1.195	1340
11.07.2022 00:00	1.195	1.205	1.195	1.205	2
12.07.2022 00:00	1.215	1.37	1.195	1.37	39703
13.07.2022 00:00	1.355	1.37	1.205	1.3	236
14.07.2022 00:00	1.3	1.3	1.2550000000000001	1.2550000000000001	23
15.07.2022 00:00	1.25	1.25	1.245	1.245	45
18.07.2022 00:00	1.235	1.425	1.235	1.29	325
19.07.2022 00:00	1.2550000000000001	1.2650000000000001	1.155	1.215	308
20.07.2022 00:00	1.205	1.205	1.205	1.205	15
21.07.2022 00:00	1.195	1.225	1.185	1.215	88
22.07.2022 00:00	1.185	1.25	1.185	1.25	9
25.07.2022 00:00	1.2550000000000001	1.2650000000000001	1.2550000000000001	1.2650000000000001	16
26.07.2022 00:00	1.2550000000000001	1.2550000000000001	1.205	1.245	63
27.07.2022 00:00	1.2650000000000001	1.34	1.225	1.225	184
28.07.2022 00:00	1.31	1.31	1.195	1.215	54
29.07.2022 00:00	1.225	1.225	1.195	1.225	9
01.08.2022 00:00	1.195	1.225	1.185	1.225	43
02.08.2022 00:00	1.225	1.23	1.225	1.23	7
03.08.2022 00:00	1.215	1.225	1.185	1.195	77
04.08.2022 00:00	1.205	1.215	1.185	1.195	20
05.08.2022 00:00	1.195	1.28	1.185	1.205	302
08.08.2022 00:00	1.205	1.205	1.205	1.205	1
09.08.2022 00:00	1.185	1.185	1.1400000000000001	1.175	191
10.08.2022 00:00	1.175	1.205	1.165	1.205	3743
11.08.2022 00:00	1.185	1.205	1.185	1.195	6
12.08.2022 00:00	1.205	1.205	1.205	1.205	1
15.08.2022 00:00	1.205	1.235	1.185	1.185	28
16.08.2022 00:00	1.175	1.235	1.175	1.235	13
17.08.2022 00:00	1.195	1.23	1.185	1.205	94
18.08.2022 00:00	1.215	1.215	1.215	1.215	3
19.08.2022 00:00	1.195	1.205	1.195	1.205	3
22.08.2022 00:00	1.185	1.205	1.185	1.205	6
23.08.2022 00:00	1.185	1.225	1.175	1.225	49
24.08.2022 00:00	1.195	1.215	1.195	1.195	14
25.08.2022 00:00	1.195	1.195	1.185	1.195	32
26.08.2022 00:00	1.185	1.205	1.175	1.205	21
29.08.2022 00:00	1.175	1.205	1.175	1.195	109
30.08.2022 00:00	1.185	1.215	1.185	1.215	81
31.08.2022 00:00	1.185	1.195	1.185	1.195	2
01.09.2022 00:00	1.205	1.215	1.195	1.215	16
02.09.2022 00:00	1.195	1.205	1.195	1.205	5
05.09.2022 00:00	1.205	1.225	1.195	1.215	34
06.09.2022 00:00	1.215	1.215	1.195	1.195	14
07.09.2022 00:00	1.195	1.205	1.195	1.205	8
08.09.2022 00:00	1.195	1.195	1.185	1.195	25
09.09.2022 00:00	1.185	1.185	1.175	1.185	9
12.09.2022 00:00	1.195	1.205	1.195	1.205	29
13.09.2022 00:00	1.195	1.195	1.185	1.195	13
14.09.2022 00:00	1.195	1.195	1.195	1.195	6
15.09.2022 00:00	1.205	1.205	1.205	1.205	75
16.09.2022 00:00	1.205	1.5150000000000001	1.205	1.28	2988
19.09.2022 00:00	1.28	1.28	1.205	1.25	100
20.09.2022 00:00	1.245	1.2650000000000001	1.195	1.205	142
21.09.2022 00:00	1.185	1.185	1.11	1.155	59
22.09.2022 00:00	1.165	1.175	1.165	1.175	14
23.09.2022 00:00	1.175	1.175	1.155	1.155	4
26.09.2022 00:00	1.145	1.145	0.995	1.07	174
27.09.2022 00:00	0.92	1.225	0.92	1.07	80
28.09.2022 00:00	1.0050000000000001	1.11	0.97	1.1	255
29.09.2022 00:00	1.03	1.1	1.03	1.08	27
30.09.2022 00:00	1.185	1.195	1.09	1.125	73
03.10.2022 00:00	1.145	1.145	1.09	1.145	4
04.10.2022 00:00	1.145	1.145	1.12	1.1400000000000001	12
05.10.2022 00:00	1.125	1.125	1.08	1.11	101
06.10.2022 00:00	1.05	1.11	1.05	1.08	10
07.10.2022 00:00	1.07	1.07	1.05	1.05	2
10.10.2022 00:00	1.07	1.1400000000000001	1.03	1.1400000000000001	61
11.10.2022 00:00	1.08	1.165	1.08	1.155	5
12.10.2022 00:00	1.1400000000000001	1.195	1.1400000000000001	1.195	17
13.10.2022 00:00	1.175	1.195	1.175	1.195	18
14.10.2022 00:00	1.165	1.175	1.165	1.175	16
17.10.2022 00:00	1.155	1.195	1.155	1.195	44
18.10.2022 00:00	1.145	1.215	1.145	1.185	14
19.10.2022 00:00	1.175	1.175	1.175	1.175	1
20.10.2022 00:00	1.175	1.195	1.165	1.195	20
21.10.2022 00:00	1.185	1.2550000000000001	1.175	1.225	108
24.10.2022 00:00	1.28	1.495	1.235	1.235	846
25.10.2022 00:00	1.235	1.32	1.235	1.2650000000000001	261
26.10.2022 00:00	1.2650000000000001	1.475	1.2650000000000001	1.35	509
27.10.2022 00:00	1.35	1.35	1.29	1.33	228
28.10.2022 00:00	1.33	1.33	1.245	1.3	188
31.10.2022 00:00	1.32	1.32	1.28	1.3	157
01.11.2022 00:00	1.3	1.32	1.3	1.32	4
02.11.2022 00:00	1.29	1.32	1.2650000000000001	1.3	112
03.11.2022 00:00	1.32	1.35	1.2650000000000001	1.32	123
07.11.2022 00:00	1.3	1.31	1.28	1.31	25
08.11.2022 00:00	1.3	1.3	1.2550000000000001	1.2550000000000001	193
09.11.2022 00:00	1.2550000000000001	1.3	1.245	1.25	95
10.11.2022 00:00	1.355	1.645	1.3	1.32	1594
11.11.2022 00:00	1.37	1.37	1.28	1.3	197
14.11.2022 00:00	1.3	1.3	1.2550000000000001	1.2550000000000001	104
15.11.2022 00:00	1.32	1.32	1.2650000000000001	1.2650000000000001	67
16.11.2022 00:00	1.29	1.33	1.2650000000000001	1.33	36
17.11.2022 00:00	1.3	1.32	1.29	1.31	29
18.11.2022 00:00	1.3	1.3	1.29	1.29	5
21.11.2022 00:00	1.28	1.28	1.27	1.27	13
22.11.2022 00:00	1.2550000000000001	1.28	1.2550000000000001	1.28	61
23.11.2022 00:00	1.2650000000000001	1.355	1.245	1.31	148
24.11.2022 00:00	1.29	1.3	1.28	1.3	9
25.11.2022 00:00	1.31	1.355	1.245	1.29	333
28.11.2022 00:00	1.28	1.28	1.245	1.245	214
29.11.2022 00:00	1.245	1.245	1.195	1.245	104
30.11.2022 00:00	1.245	1.2550000000000001	1.225	1.245	74
01.12.2022 00:00	1.2550000000000001	1.2550000000000001	1.245	1.245	81
02.12.2022 00:00	1.215	1.28	1.195	1.235	85
05.12.2022 00:00	1.245	1.245	1.23	1.245	11
06.12.2022 00:00	1.225	1.225	1.215	1.215	41
07.12.2022 00:00	1.25	1.2550000000000001	1.225	1.225	27
08.12.2022 00:00	1.225	1.23	1.215	1.215	8
09.12.2022 00:00	1.215	1.215	1.215	1.215	39
12.12.2022 00:00	1.205	1.225	1.195	1.225	25
13.12.2022 00:00	1.225	1.245	1.225	1.245	75
14.12.2022 00:00	1.23	1.23	1.195	1.225	13
15.12.2022 00:00	1.23	1.28	1.195	1.215	366
16.12.2022 00:00	1.2650000000000001	1.28	1.205	1.205	124
19.12.2022 00:00	1.215	1.215	1.195	1.195	55
20.12.2022 00:00	1.215	1.225	1.215	1.225	45
21.12.2022 00:00	1.23	1.23	1.215	1.215	3
22.12.2022 00:00	1.225	1.225	1.205	1.205	21
23.12.2022 00:00	1.205	1.205	1.195	1.195	28
26.12.2022 00:00	1.195	1.195	1.195	1.195	11
27.12.2022 00:00	1.195	1.195	1.195	1.195	15
28.12.2022 00:00	1.195	1.195	1.195	1.195	5
29.12.2022 00:00	1.195	1.215	1.195	1.215	13
30.12.2022 00:00	1.225	1.23	1.205	1.225	16
03.01.2023 00:00	1.205	1.225	1.205	1.215	40
04.01.2023 00:00	1.215	1.225	1.215	1.215	33
05.01.2023 00:00	1.225	1.235	1.215	1.225	12
06.01.2023 00:00	1.225	1.245	1.165	1.225	61
09.01.2023 00:00	1.245	1.245	1.225	1.23	23
10.01.2023 00:00	1.225	1.225	1.195	1.215	331
11.01.2023 00:00	1.225	1.245	1.205	1.245	164
12.01.2023 00:00	1.245	1.2550000000000001	1.23	1.235	72
13.01.2023 00:00	1.235	1.245	1.235	1.245	11
16.01.2023 00:00	1.245	1.245	1.235	1.245	42
17.01.2023 00:00	1.245	1.3	1.215	1.23	181
18.01.2023 00:00	1.215	1.235	1.215	1.235	12
19.01.2023 00:00	1.235	1.445	1.225	1.2550000000000001	1838
20.01.2023 00:00	1.235	1.29	1.225	1.2550000000000001	69
23.01.2023 00:00	1.245	1.29	1.235	1.28	94
24.01.2023 00:00	1.3	1.34	1.235	1.3	773
25.01.2023 00:00	1.29	1.29	1.28	1.28	35
26.01.2023 00:00	1.28	1.29	1.2550000000000001	1.27	88
27.01.2023 00:00	1.2650000000000001	1.34	1.2650000000000001	1.3	88
30.01.2023 00:00	1.29	1.29	1.2550000000000001	1.27	108
31.01.2023 00:00	1.29	1.32	1.27	1.29	26
01.02.2023 00:00	1.3	1.3	1.2550000000000001	1.2650000000000001	113
02.02.2023 00:00	1.28	1.28	1.2650000000000001	1.2650000000000001	12
03.02.2023 00:00	1.2650000000000001	1.2650000000000001	1.2550000000000001	1.2550000000000001	16
06.02.2023 00:00	1.2650000000000001	1.28	1.2650000000000001	1.28	11
07.02.2023 00:00	1.29	1.29	1.245	1.28	71
08.02.2023 00:00	1.27	1.28	1.2550000000000001	1.2650000000000001	24
09.02.2023 00:00	1.27	1.3	1.2650000000000001	1.3	157
10.02.2023 00:00	1.32	1.32	1.28	1.31	85
13.02.2023 00:00	1.31	1.31	1.29	1.3	70
14.02.2023 00:00	1.31	1.31	1.29	1.29	26
15.02.2023 00:00	1.3	1.495	1.3	1.3	2029
16.02.2023 00:00	1.33	1.33	1.28	1.3	324
17.02.2023 00:00	1.35	1.35	1.28	1.29	42
20.02.2023 00:00	1.29	1.31	1.28	1.28	33
21.02.2023 00:00	1.28	1.3	1.28	1.3	10
22.02.2023 00:00	1.29	1.3	1.29	1.29	21
24.02.2023 00:00	1.32	1.32	1.29	1.3	79
27.02.2023 00:00	1.3	1.3	1.2650000000000001	1.29	57
28.02.2023 00:00	1.3	1.3	1.28	1.3	159
01.03.2023 00:00	1.3	1.31	1.3	1.3	55
02.03.2023 00:00	1.3	1.32	1.3	1.32	54
03.03.2023 00:00	1.32	1.3900000000000001	1.32	1.33	250
06.03.2023 00:00	1.355	1.6	1.35	1.3900000000000001	4164
07.03.2023 00:00	1.3900000000000001	1.395	1.35	1.375	429
09.03.2023 00:00	1.405	1.405	1.355	1.375	74
10.03.2023 00:00	1.37	1.3900000000000001	1.37	1.37	45
13.03.2023 00:00	1.355	1.37	1.355	1.355	9
14.03.2023 00:00	1.355	1.375	1.355	1.36	10
15.03.2023 00:00	1.37	1.37	1.33	1.34	100
16.03.2023 00:00	1.34	1.34	1.3	1.33	141
17.03.2023 00:00	1.34	1.34	1.33	1.33	21
20.03.2023 00:00	1.32	1.355	1.32	1.34	171
21.03.2023 00:00	1.37	1.37	1.34	1.36	34
22.03.2023 00:00	1.355	1.37	1.35	1.37	22
23.03.2023 00:00	1.37	1.37	1.35	1.37	19
24.03.2023 00:00	1.37	1.375	1.355	1.36	67
27.03.2023 00:00	1.35	1.3900000000000001	1.35	1.3800000000000001	71
28.03.2023 00:00	1.3900000000000001	1.435	1.375	1.405	473
29.03.2023 00:00	1.4000000000000001	1.445	1.4000000000000001	1.405	126
30.03.2023 00:00	1.415	1.415	1.405	1.415	7
31.03.2023 00:00	1.425	1.425	1.405	1.405	8
03.04.2023 00:00	1.435	1.455	1.425	1.445	66
04.04.2023 00:00	1.425	1.445	1.415	1.415	242
05.04.2023 00:00	1.415	1.425	1.395	1.405	138
06.04.2023 00:00	1.415	1.435	1.395	1.415	294
07.04.2023 00:00	1.415	1.435	1.415	1.435	50
10.04.2023 00:00	1.435	1.56	1.435	1.485	1167
11.04.2023 00:00	1.495	1.6400000000000001	1.475	1.495	1636
12.04.2023 00:00	1.485	1.62	1.445	1.5250000000000001	299
13.04.2023 00:00	1.5250000000000001	1.56	1.5050000000000001	1.5150000000000001	63
14.04.2023 00:00	1.5150000000000001	1.55	1.495	1.5150000000000001	85
17.04.2023 00:00	1.5150000000000001	1.58	1.5150000000000001	1.54	186
18.04.2023 00:00	1.5250000000000001	1.61	1.5050000000000001	1.5350000000000001	181
19.04.2023 00:00	1.55	1.58	1.5150000000000001	1.5150000000000001	370
20.04.2023 00:00	1.55	1.815	1.54	1.62	3709
21.04.2023 00:00	1.745	1.745	1.485	1.605	3803
24.04.2023 00:00	1.605	2.245	1.59	2.245	7275
25.04.2023 00:00	2.475	2.855	1.915	2.055	13906
26.04.2023 00:00	2.055	2.285	1.935	2.095	3819
27.04.2023 00:00	2.105	2.59	2.075	2.35	7121
28.04.2023 00:00	2.255	2.38	2.145	2.25	1016
02.05.2023 00:00	2.265	2.285	2.0	2.165	436
03.05.2023 00:00	2.095	2.41	2.06	2.22	1496
04.05.2023 00:00	2.2	2.22	2.125	2.22	135
05.05.2023 00:00	2.17	2.79	2.105	2.12	4160
08.05.2023 00:00	2.165	2.205	2.005	2.1	775
10.05.2023 00:00	2.065	2.285	2.065	2.205	330
11.05.2023 00:00	2.14	2.335	2.14	2.31	211
12.05.2023 00:00	2.33	2.495	2.17	2.245	511
15.05.2023 00:00	2.245	2.35	2.185	2.2	386
16.05.2023 00:00	2.205	2.355	2.115	2.185	502
17.05.2023 00:00	2.225	3.055	2.18	3.055	9053
18.05.2023 00:00	3.355	3.875	2.915	3.16	7596
19.05.2023 00:00	3.24	3.895	2.41	2.645	9052
22.05.2023 00:00	2.645	2.715	2.42	2.6	1170
23.05.2023 00:00	2.615	2.615	2.435	2.565	512
24.05.2023 00:00	2.615	2.615	2.465	2.565	833
25.05.2023 00:00	2.605	2.7	2.49	2.59	715
26.05.2023 00:00	2.62	2.62	2.495	2.535	665
29.05.2023 00:00	2.545	2.56	2.515	2.5300000000000002	226
30.05.2023 00:00	2.495	2.765	2.48	2.685	1498
31.05.2023 00:00	2.685	2.93	2.625	2.7	1224
01.06.2023 00:00	2.715	2.895	2.645	2.795	1605
02.06.2023 00:00	2.84	2.85	2.715	2.7800000000000002	304
05.06.2023 00:00	2.835	2.84	2.715	2.765	313
06.06.2023 00:00	2.835	2.855	2.665	2.715	344
07.06.2023 00:00	2.745	2.745	2.7	2.705	92
08.06.2023 00:00	2.715	2.765	2.685	2.715	323
09.06.2023 00:00	2.71	2.73	2.685	2.685	465
13.06.2023 00:00	2.7	2.71	2.68	2.71	43
14.06.2023 00:00	2.815	2.895	2.67	2.83	1802
15.06.2023 00:00	2.83	2.84	2.745	2.77	431
16.06.2023 00:00	2.785	2.95	2.7800000000000002	2.89	796
19.06.2023 00:00	2.975	3.1	2.855	2.915	1184
20.06.2023 00:00	2.95	2.975	2.89	2.91	366
21.06.2023 00:00	2.915	3.1	2.895	2.95	494
22.06.2023 00:00	3.1	3.105	2.95	2.965	253
23.06.2023 00:00	2.935	2.965	2.795	2.9050000000000002	290
26.06.2023 00:00	2.89	2.895	2.795	2.895	163
27.06.2023 00:00	2.895	2.95	2.865	2.93	188
28.06.2023 00:00	2.975	2.98	2.87	2.91	170
29.06.2023 00:00	2.91	2.91	2.895	2.91	45
30.06.2023 00:00	2.915	2.94	2.84	2.855	203
03.07.2023 00:00	2.89	3.065	2.785	2.87	1503
04.07.2023 00:00	2.895	3.295	2.785	2.91	2347
05.07.2023 00:00	2.91	2.92	2.795	2.83	1005
06.07.2023 00:00	2.795	2.95	2.795	2.85	508
07.07.2023 00:00	2.795	2.855	2.795	2.835	217
10.07.2023 00:00	2.83	2.975	2.795	2.91	434
11.07.2023 00:00	2.91	3.095	2.89	2.955	550
12.07.2023 00:00	2.975	3.125	2.955	3.125	890
13.07.2023 00:00	3.125	3.375	3.02	3.185	1529
14.07.2023 00:00	3.225	3.89	3.225	3.335	6627
17.07.2023 00:00	3.0	3.39	2.995	3.265	2189
18.07.2023 00:00	3.245	3.35	3.245	3.315	467
19.07.2023 00:00	3.315	3.38	3.12	3.315	1239
20.07.2023 00:00	3.34	3.45	3.18	3.295	1178
21.07.2023 00:00	3.295	3.33	3.225	3.245	308
24.07.2023 00:00	3.285	3.365	3.265	3.33	347
25.07.2023 00:00	3.37	3.37	3.245	3.33	511
26.07.2023 00:00	3.335	3.37	3.285	3.37	219
27.07.2023 00:00	3.375	3.495	3.37	3.38	1016
28.07.2023 00:00	3.39	3.475	3.38	3.41	308
31.07.2023 00:00	3.395	3.475	3.39	3.45	920
01.08.2023 00:00	3.455	3.495	3.375	3.49	811
02.08.2023 00:00	3.5	3.605	3.45	3.46	775
03.08.2023 00:00	3.475	3.5	3.375	3.495	613
04.08.2023 00:00	3.49	3.495	3.285	3.37	1383
07.08.2023 00:00	3.355	3.745	3.295	3.645	2387
08.08.2023 00:00	3.795	4.09	3.245	3.995	6484
09.08.2023 00:00	4.075	4.785	4.07	4.59	13009
10.08.2023 00:00	4.5600000000000005	4.9	3.495	3.605	6278
11.08.2023 00:00	3.62	3.85	3.52	3.785	2354
14.08.2023 00:00	3.785	3.975	3.545	3.545	1331
15.08.2023 00:00	3.685	4.295	3.625	3.765	5927
16.08.2023 00:00	3.955	3.975	3.41	3.535	1591
17.08.2023 00:00	3.605	3.745	3.435	3.495	421
18.08.2023 00:00	3.515	3.745	3.465	3.625	377
21.08.2023 00:00	3.625	3.935	3.5300000000000002	3.915	1217
22.08.2023 00:00	3.93	3.9650000000000003	3.725	3.9650000000000003	2269
23.08.2023 00:00	3.975	3.995	3.795	3.85	1050
24.08.2023 00:00	3.795	3.875	3.74	3.825	292
25.08.2023 00:00	3.895	4.085	3.745	3.89	871
28.08.2023 00:00	3.995	4.085	3.835	4.03	1877
29.08.2023 00:00	4.03	4.11	3.6	3.865	2495
30.08.2023 00:00	3.895	4.085	3.795	3.915	692
31.08.2023 00:00	3.955	4.025	3.91	3.98	634
01.09.2023 00:00	3.98	3.995	3.89	3.91	290
04.09.2023 00:00	3.955	3.975	3.84	3.9050000000000002	1185
05.09.2023 00:00	3.91	4.095	3.895	4.015	1815
06.09.2023 00:00	4.025	4.055	3.895	3.935	1065
07.09.2023 00:00	4.115	4.175	3.725	3.85	2394
08.09.2023 00:00	3.815	3.89	3.63	3.74	521
11.09.2023 00:00	3.79	3.88	3.63	3.765	276
12.09.2023 00:00	3.7800000000000002	3.87	3.7800000000000002	3.815	133
13.09.2023 00:00	3.87	3.87	3.77	3.825	234
14.09.2023 00:00	3.825	3.825	3.255	3.455	1142
15.09.2023 00:00	3.495	3.77	3.34	3.77	699
18.09.2023 00:00	3.7800000000000002	3.7800000000000002	3.6	3.615	314
19.09.2023 00:00	3.615	3.665	3.295	3.395	417
20.09.2023 00:00	3.395	3.395	2.995	3.24	600
21.09.2023 00:00	3.205	3.24	2.7	2.865	963
22.09.2023 00:00	2.995	3.37	2.935	3.1	2463
25.09.2023 00:00	3.105	3.285	2.99	3.17	1011
26.09.2023 00:00	3.265	3.395	3.18	3.22	667
27.09.2023 00:00	3.39	3.665	3.21	3.38	1725
28.09.2023 00:00	3.39	3.44	3.39	3.43	146
29.09.2023 00:00	3.44	3.475	3.295	3.335	349
02.10.2023 00:00	3.35	3.355	3.2	3.315	302
03.10.2023 00:00	3.315	3.315	3.205	3.225	85
04.10.2023 00:00	3.265	3.265	3.13	3.17	111
05.10.2023 00:00	3.12	3.16	3.045	3.08	215
06.10.2023 00:00	3.08	3.08	3.005	3.025	112
09.10.2023 00:00	3.08	3.085	2.995	3.045	151
10.10.2023 00:00	3.035	3.085	3.035	3.08	69
11.10.2023 00:00	3.085	3.285	3.085	3.21	895
12.10.2023 00:00	3.2	3.285	3.095	3.265	207
13.10.2023 00:00	3.18	3.35	3.18	3.24	443
16.10.2023 00:00	3.24	3.35	3.19	3.24	515
17.10.2023 00:00	3.23	3.395	3.185	3.39	541
18.10.2023 00:00	3.39	3.45	3.35	3.37	211
19.10.2023 00:00	3.39	3.54	3.325	3.39	694
20.10.2023 00:00	3.355	3.39	3.205	3.255	202
23.10.2023 00:00	3.265	3.37	3.2	3.265	365
24.10.2023 00:00	3.335	3.35	3.225	3.31	276
25.10.2023 00:00	3.325	3.35	3.245	3.315	228
26.10.2023 00:00	3.335	3.335	3.245	3.245	226
27.10.2023 00:00	3.245	3.315	3.105	3.2	708
30.10.2023 00:00	3.305	3.6	3.23	3.33	1740
31.10.2023 00:00	3.48	3.48	3.18	3.285	389
01.11.2023 00:00	3.2	3.255	3.1	3.18	241
02.11.2023 00:00	3.18	3.25	3.15	3.185	81
03.11.2023 00:00	3.18	3.315	3.18	3.31	487
06.11.2023 00:00	3.25	3.335	3.225	3.305	141
07.11.2023 00:00	3.34	3.34	3.285	3.285	43
08.11.2023 00:00	3.305	3.395	3.255	3.2800000000000002	273
09.11.2023 00:00	3.2800000000000002	3.2800000000000002	3.16	3.205	54
10.11.2023 00:00	3.2800000000000002	3.43	3.025	3.125	1027
13.11.2023 00:00	3.34	3.715	3.34	3.49	3892
14.11.2023 00:00	3.49	3.58	3.305	3.505	1426
15.11.2023 00:00	3.545	3.69	3.5	3.66	1175
16.11.2023 00:00	3.6	3.79	3.505	3.535	968
17.11.2023 00:00	3.515	3.575	3.365	3.575	347
20.11.2023 00:00	3.63	3.645	3.375	3.495	315
21.11.2023 00:00	3.585	3.585	3.335	3.435	268
22.11.2023 00:00	3.365	3.43	3.34	3.415	78
23.11.2023 00:00	3.545	3.545	3.35	3.475	156
24.11.2023 00:00	3.39	3.45	3.35	3.37	141
27.11.2023 00:00	3.41	3.41	3.245	3.25	541
28.11.2023 00:00	3.325	3.495	3.2	3.44	329
29.11.2023 00:00	3.305	3.495	3.295	3.355	103
30.11.2023 00:00	3.33	3.33	3.16	3.2	210
01.12.2023 00:00	3.21	3.225	3.16	3.16	97
04.12.2023 00:00	3.145	3.17	3.055	3.055	229
05.12.2023 00:00	3.045	3.055	2.875	2.995	250
06.12.2023 00:00	3.045	3.13	3.005	3.12	239
07.12.2023 00:00	3.165	3.165	2.955	3.035	82
08.12.2023 00:00	3.06	3.145	3.06	3.06	119
11.12.2023 00:00	3.075	3.08	2.87	2.87	435
12.12.2023 00:00	2.875	3.1	2.795	2.995	769
13.12.2023 00:00	3.025	3.035	2.85	2.95	281
14.12.2023 00:00	2.955	2.975	2.855	2.91	320
15.12.2023 00:00	2.85	2.94	2.785	2.94	312
18.12.2023 00:00	2.94	3.1	2.94	3.055	204
19.12.2023 00:00	3.095	3.145	3.035	3.145	82
20.12.2023 00:00	3.145	3.19	3.035	3.145	229
21.12.2023 00:00	3.105	3.13	3.015	3.055	112
22.12.2023 00:00	3.055	3.12	3.025	3.095	104
25.12.2023 00:00	3.075	3.115	3.04	3.055	136
26.12.2023 00:00	3.035	3.18	2.975	3.125	328
27.12.2023 00:00	3.125	3.145	3.035	3.085	146
28.12.2023 00:00	3.13	3.13	2.94	2.955	192
29.12.2023 00:00	2.96	3.065	2.92	2.995	103
03.01.2024 00:00	3.06	3.115	2.96	3.08	78
04.01.2024 00:00	3.1	3.105	2.995	3.1	58
05.01.2024 00:00	3.13	3.495	3.005	3.125	959
08.01.2024 00:00	3.14	3.335	3.14	3.2800000000000002	450
09.01.2024 00:00	3.265	3.435	3.21	3.295	908
10.01.2024 00:00	3.39	3.495	3.23	3.325	839
11.01.2024 00:00	3.375	3.38	3.265	3.34	157
12.01.2024 00:00	3.295	3.455	3.295	3.35	167
15.01.2024 00:00	3.35	3.44	3.35	3.38	146
16.01.2024 00:00	3.35	3.4050000000000002	3.27	3.31	228
17.01.2024 00:00	3.315	3.565	3.31	3.365	610
18.01.2024 00:00	3.435	3.495	3.35	3.435	114
19.01.2024 00:00	3.43	3.43	3.34	3.43	179
22.01.2024 00:00	3.37	3.535	3.37	3.46	671
23.01.2024 00:00	3.46	3.505	3.395	3.495	256
24.01.2024 00:00	3.515	3.62	3.49	3.5300000000000002	490
25.01.2024 00:00	3.5	3.5	3.39	3.46	264
26.01.2024 00:00	3.45	3.495	3.41	3.45	119
29.01.2024 00:00	3.46	3.5300000000000002	3.42	3.515	336
30.01.2024 00:00	3.495	3.515	3.42	3.495	151
31.01.2024 00:00	3.495	3.495	3.435	3.475	198
01.02.2024 00:00	3.475	3.49	3.335	3.4050000000000002	396
02.02.2024 00:00	3.35	3.41	3.35	3.395	44
05.02.2024 00:00	3.37	3.395	3.355	3.39	44
06.02.2024 00:00	3.37	3.38	3.33	3.365	210
07.02.2024 00:00	3.335	3.375	3.325	3.35	65
08.02.2024 00:00	3.37	3.37	3.33	3.33	50
09.02.2024 00:00	3.33	3.33	3.2800000000000002	3.315	101
12.02.2024 00:00	3.305	3.31	3.205	3.29	92
13.02.2024 00:00	3.25	3.305	3.225	3.29	163
14.02.2024 00:00	3.29	3.415	3.23	3.33	353
15.02.2024 00:00	3.365	3.365	3.305	3.33	58
16.02.2024 00:00	3.37	3.37	3.285	3.295	57
19.02.2024 00:00	3.29	3.355	3.25	3.285	64
20.02.2024 00:00	3.295	3.295	3.245	3.25	129
21.02.2024 00:00	3.245	3.245	2.995	3.18	316
22.02.2024 00:00	3.16	3.165	3.125	3.14	96
26.02.2024 00:00	3.16	3.24	3.16	3.24	142
27.02.2024 00:00	3.27	3.27	3.17	3.225	82
28.02.2024 00:00	3.225	3.24	3.2	3.205	39
29.02.2024 00:00	3.205	3.24	3.185	3.24	51
01.03.2024 00:00	3.22	3.27	3.2	3.23	82
04.03.2024 00:00	3.265	3.265	3.21	3.22	53
05.03.2024 00:00	3.21	3.21	3.185	3.2	21
06.03.2024 00:00	3.205	3.205	3.14	3.205	123
07.03.2024 00:00	3.205	3.21	3.18	3.185	26
11.03.2024 00:00	3.185	3.19	3.15	3.18	63
12.03.2024 00:00	3.18	3.25	3.16	3.25	276
13.03.2024 00:00	3.22	3.395	3.22	3.315	634
14.03.2024 00:00	3.38	3.435	3.25	3.25	504
15.03.2024 00:00	3.305	3.33	3.18	3.285	273
18.03.2024 00:00	3.27	3.27	3.21	3.24	105
19.03.2024 00:00	3.225	3.37	3.08	3.225	498
20.03.2024 00:00	3.25	3.29	3.18	3.225	33
21.03.2024 00:00	3.265	3.285	3.24	3.285	34
22.03.2024 00:00	3.25	3.265	3.25	3.265	3
25.03.2024 00:00	3.21	3.27	3.205	3.245	14
26.03.2024 00:00	3.265	3.48	3.265	3.41	632
27.03.2024 00:00	3.37	3.475	3.37	3.38	428
28.03.2024 00:00	3.37	3.6	3.35	3.475	1594
29.03.2024 00:00	3.535	3.7800000000000002	3.515	3.715	3287
01.04.2024 00:00	3.715	3.79	3.59	3.6	561
02.04.2024 00:00	3.615	3.745	3.6	3.6	309
03.04.2024 00:00	3.6	4.19	3.495	3.875	7175
04.04.2024 00:00	3.975	4.32	3.745	3.9050000000000002	3321
05.04.2024 00:00	3.895	3.995	3.715	3.895	1236
08.04.2024 00:00	3.79	4.165	3.79	3.98	1095
09.04.2024 00:00	3.99	4.075	3.725	3.835	779
10.04.2024 00:00	3.87	3.895	3.805	3.805	119
11.04.2024 00:00	3.89	3.895	3.795	3.795	198
12.04.2024 00:00	3.85	3.855	3.755	3.855	135
15.04.2024 00:00	3.95	4.255	3.7800000000000002	4.255	3014
16.04.2024 00:00	4.255	5.12	4.11	4.965	7418
17.04.2024 00:00	4.9350000000000005	4.965	4.455	4.855	3299
18.04.2024 00:00	4.9	4.915	4.525	4.65	1221
19.04.2024 00:00	4.62	4.7	4.415	4.495	2020
22.04.2024 00:00	4.47	5.295	4.47	5.085	7046
23.04.2024 00:00	5.085	5.19	4.705	4.83	2080
24.04.2024 00:00	4.985	5.08	4.6850000000000005	4.825	1183
25.04.2024 00:00	4.905	5.085	4.615	4.735	1573
26.04.2024 00:00	4.745	4.86	4.675	4.795	1102
27.04.2024 00:00	4.8100000000000005	4.95	4.175	4.345	4308
29.04.2024 00:00	4.4	4.4	4.035	4.19	1873
30.04.2024 00:00	4.2	4.2	3.995	4.12	923
02.05.2024 00:00	4.12	4.16	4.05	4.115	620
03.05.2024 00:00	4.12	4.295	4.08	4.12	1081
06.05.2024 00:00	4.175	4.22	4.075	4.155	376
07.05.2024 00:00	4.15	4.155	4.015	4.095	381
08.05.2024 00:00	4.115	4.16	4.035	4.05	305
10.05.2024 00:00	4.09	4.205	4.01	4.095	426
13.05.2024 00:00	4.2	4.28	4.155	4.235	1348
14.05.2024 00:00	4.265	4.34	4.075	4.075	919
15.05.2024 00:00	4.075	4.165	4.075	4.085	375
16.05.2024 00:00	4.105	4.11	3.91	4.025	946
17.05.2024 00:00	3.96	4.09	3.96	4.0	346
20.05.2024 00:00	3.9650000000000003	4.035	3.94	4.015	256
21.05.2024 00:00	4.015	4.18	3.91	4.04	497
22.05.2024 00:00	4.095	4.14	3.96	4.0	141
23.05.2024 00:00	3.975	4.0	3.95	3.955	83
24.05.2024 00:00	3.995	4.04	3.95	3.975	436
27.05.2024 00:00	3.91	3.91	3.6	3.66	1033
28.05.2024 00:00	3.66	3.825	3.62	3.725	549
29.05.2024 00:00	3.745	3.805	3.73	3.79	93
30.05.2024 00:00	3.795	3.88	3.74	3.79	131
31.05.2024 00:00	3.745	3.745	3.6	3.69	268
03.06.2024 00:00	3.62	3.69	3.37	3.575	427
04.06.2024 00:00	3.615	3.825	3.5300000000000002	3.73	444
05.06.2024 00:00	3.785	4.095	3.785	4.03	1177
06.06.2024 00:00	4.12	4.29	3.825	3.91	852
07.06.2024 00:00	3.975	4.085	3.935	4.0	249
10.06.2024 00:00	4.05	4.075	3.87	3.875	235
11.06.2024 00:00	3.875	3.9050000000000002	3.805	3.9050000000000002	79
13.06.2024 00:00	3.895	3.9050000000000002	3.815	3.83	78
14.06.2024 00:00	3.85	3.89	3.805	3.83	68
17.06.2024 00:00	3.895	3.91	3.68	3.715	369
18.06.2024 00:00	3.705	3.745	3.6	3.615	444
19.06.2024 00:00	3.58	3.665	3.395	3.395	143
20.06.2024 00:00	3.49	3.49	3.41	3.45	58
21.06.2024 00:00	3.41	3.46	3.34	3.395	221
24.06.2024 00:00	3.35	3.39	3.31	3.33	45
25.06.2024 00:00	3.315	3.39	3.31	3.39	113
26.06.2024 00:00	3.41	3.45	3.35	3.355	72
27.06.2024 00:00	3.35	3.515	3.33	3.475	134
28.06.2024 00:00	3.515	3.515	3.325	3.39	165
01.07.2024 00:00	3.43	3.545	3.395	3.43	75
02.07.2024 00:00	3.45	3.56	3.45	3.505	56
03.07.2024 00:00	3.505	3.615	3.45	3.5	308
04.07.2024 00:00	3.495	3.495	3.43	3.475	49
05.07.2024 00:00	3.415	3.45	3.395	3.41	34
08.07.2024 00:00	3.4050000000000002	3.495	3.35	3.49	267
09.07.2024 00:00	3.475	3.79	3.35	3.39	460
10.07.2024 00:00	3.515	3.515	2.995	3.16	1195
11.07.2024 00:00	3.005	3.24	3.005	3.145	262
12.07.2024 00:00	3.245	3.285	3.085	3.1	389
15.07.2024 00:00	3.1	3.16	3.055	3.075	375
16.07.2024 00:00	3.065	3.1	3.065	3.08	28
17.07.2024 00:00	3.085	3.12	3.085	3.12	65
18.07.2024 00:00	3.125	3.14	3.095	3.14	24
19.07.2024 00:00	3.12	3.17	3.12	3.14	312
22.07.2024 00:00	3.14	3.205	3.14	3.19	403
23.07.2024 00:00	3.205	3.205	3.14	3.16	238
24.07.2024 00:00	3.165	3.19	3.165	3.185	25
25.07.2024 00:00	3.165	3.205	3.165	3.2	41
26.07.2024 00:00	3.185	3.205	3.18	3.185	83
29.07.2024 00:00	3.18	3.2	3.145	3.165	47
30.07.2024 00:00	3.17	3.18	3.015	3.16	225
31.07.2024 00:00	3.12	3.205	3.12	3.2	158
01.08.2024 00:00	3.2	3.315	3.2	3.245	436
02.08.2024 00:00	3.22	3.245	3.16	3.24	551
05.08.2024 00:00	3.165	3.24	3.015	3.115	2000
06.08.2024 00:00	3.08	3.15	3.045	3.14	223
07.08.2024 00:00	3.14	3.14	3.075	3.12	169
08.08.2024 00:00	3.085	3.125	3.085	3.12	36
09.08.2024 00:00	3.105	3.12	3.025	3.025	74
12.08.2024 00:00	3.1	3.1	3.035	3.085	152
13.08.2024 00:00	3.065	3.495	3.065	3.305	1487
14.08.2024 00:00	3.395	3.45	3.2	3.225	250
15.08.2024 00:00	3.27	3.33	3.18	3.24	215
16.08.2024 00:00	3.27	3.43	3.225	3.285	384
19.08.2024 00:00	3.23	3.285	3.1	3.1	359
20.08.2024 00:00	3.1	3.13	2.995	3.075	244
21.08.2024 00:00	3.045	3.08	2.965	3.035	222
22.08.2024 00:00	3.015	3.015	2.95	2.975	315
23.08.2024 00:00	2.955	2.975	2.88	2.89	233
26.08.2024 00:00	2.95	3.08	2.95	3.015	52
27.08.2024 00:00	2.96	3.12	2.92	3.095	164
28.08.2024 00:00	3.085	3.085	2.955	3.06	36
29.08.2024 00:00	3.025	3.035	2.99	2.99	71
30.08.2024 00:00	2.965	3.015	2.93	3.015	75
02.09.2024 00:00	2.93	3.005	2.85	2.995	213
03.09.2024 00:00	2.91	2.98	2.74	2.795	549
04.09.2024 00:00	2.805	2.98	2.785	2.965	119
05.09.2024 00:00	2.965	2.975	2.935	2.955	62
06.09.2024 00:00	2.99	2.99	2.915	2.95	60
09.09.2024 00:00	2.995	3.145	2.99	3.045	184
10.09.2024 00:00	3.125	3.14	3.055	3.065	30
11.09.2024 00:00	3.14	3.14	3.055	3.055	161
12.09.2024 00:00	3.005	3.12	3.0	3.0	80
13.09.2024 00:00	3.0	3.065	2.965	3.065	49
16.09.2024 00:00	3.06	3.125	3.0	3.0	157
17.09.2024 00:00	3.065	3.065	3.045	3.06	11
18.09.2024 00:00	3.015	3.055	2.975	3.055	160
19.09.2024 00:00	3.055	3.055	2.975	3.035	27
20.09.2024 00:00	2.98	3.04	2.975	3.005	111
23.09.2024 00:00	3.035	3.105	3.015	3.095	114
24.09.2024 00:00	3.055	3.12	3.045	3.08	70
25.09.2024 00:00	3.085	3.1	3.015	3.08	52
26.09.2024 00:00	3.08	3.08	3.015	3.04	38
27.09.2024 00:00	3.06	3.075	3.04	3.04	18
30.09.2024 00:00	3.075	3.1	2.975	3.02	142
01.10.2024 00:00	2.975	3.02	2.92	3.02	54
02.10.2024 00:00	3.015	3.02	2.965	2.995	63
03.10.2024 00:00	2.96	3.015	2.935	3.005	15
04.10.2024 00:00	3.005	3.005	2.95	3.0	59
07.10.2024 00:00	2.955	3.0	2.95	3.0	99
08.10.2024 00:00	3.005	3.065	2.975	2.99	19
09.10.2024 00:00	2.99	2.99	2.955	2.955	16
10.10.2024 00:00	2.92	2.975	2.89	2.94	36
11.10.2024 00:00	2.91	2.915	2.875	2.91	62
14.10.2024 00:00	2.91	2.91	2.84	2.87	72
15.10.2024 00:00	2.87	2.9050000000000002	2.87	2.9050000000000002	23
16.10.2024 00:00	2.92	2.92	2.9050000000000002	2.9050000000000002	17
17.10.2024 00:00	2.895	2.895	2.815	2.85	121
18.10.2024 00:00	2.83	2.83	2.805	2.825	12
21.10.2024 00:00	2.815	2.87	2.795	2.825	83
22.10.2024 00:00	2.825	2.825	2.795	2.825	59
23.10.2024 00:00	2.825	2.825	2.725	2.74	180
24.10.2024 00:00	2.77	2.77	2.725	2.74	44
25.10.2024 00:00	2.75	2.765	2.615	2.71	178
28.10.2024 00:00	2.64	2.64	2.58	2.605	65
29.10.2024 00:00	2.62	2.7	2.575	2.58	56
30.10.2024 00:00	2.625	2.765	2.52	2.665	199
31.10.2024 00:00	2.6	2.615	2.555	2.615	119
01.11.2024 00:00	2.56	2.62	2.56	2.62	21
02.11.2024 00:00	2.6550000000000002	2.6550000000000002	2.625	2.625	10
05.11.2024 00:00	2.68	2.77	2.66	2.665	139
06.11.2024 00:00	2.75	2.75	2.665	2.725	16
07.11.2024 00:00	2.75	3.075	2.75	2.975	1053
08.11.2024 00:00	2.965	3.055	2.95	2.98	261
11.11.2024 00:00	2.975	3.045	2.955	2.995	283
12.11.2024 00:00	3.095	3.095	2.915	2.99	295
13.11.2024 00:00	2.995	3.1	2.995	3.095	104
14.11.2024 00:00	3.04	3.1	3.005	3.015	49
15.11.2024 00:00	2.975	3.225	2.93	2.955	208
18.11.2024 00:00	2.98	2.995	2.975	2.975	6
19.11.2024 00:00	3.0	3.005	2.895	2.92	164
20.11.2024 00:00	2.975	2.98	2.96	2.96	68
21.11.2024 00:00	2.955	2.955	2.895	2.91	105
22.11.2024 00:00	2.93	2.975	2.89	2.89	54
25.11.2024 00:00	2.87	2.975	2.79	2.9050000000000002	196
26.11.2024 00:00	2.85	2.9050000000000002	2.795	2.88	88
27.11.2024 00:00	2.7800000000000002	2.88	2.66	2.77	223
28.11.2024 00:00	2.88	2.975	2.88	2.89	123
29.11.2024 00:00	2.93	2.93	2.88	2.91	21
02.12.2024 00:00	2.9050000000000002	2.975	2.785	2.89	150
03.12.2024 00:00	2.805	2.89	2.805	2.84	39
04.12.2024 00:00	2.85	2.92	2.84	2.89	34
05.12.2024 00:00	2.89	2.89	2.85	2.85	25
06.12.2024 00:00	2.89	2.89	2.84	2.87	18
09.12.2024 00:00	2.87	2.87	2.87	2.87	1
10.12.2024 00:00	2.84	2.85	2.84	2.84	18
11.12.2024 00:00	2.795	2.85	2.795	2.85	5
12.12.2024 00:00	2.83	2.83	2.795	2.795	25
13.12.2024 00:00	2.79	2.795	2.54	2.745	713
16.12.2024 00:00	2.745	2.93	2.7	2.7	2286
17.12.2024 00:00	2.73	2.74	2.6550000000000002	2.68	323
18.12.2024 00:00	2.68	2.705	2.66	2.705	33
19.12.2024 00:00	2.765	2.785	2.7	2.7	145
20.12.2024 00:00	2.7	2.895	2.62	2.785	880
23.12.2024 00:00	2.785	2.835	2.725	2.745	417
24.12.2024 00:00	2.75	2.795	2.745	2.75	77
25.12.2024 00:00	2.765	3.075	2.765	2.875	712
26.12.2024 00:00	2.91	3.02	2.77	2.84	764
27.12.2024 00:00	2.785	2.9050000000000002	2.74	2.855	348
28.12.2024 00:00	2.805	2.91	2.77	2.825	355
30.12.2024 00:00	2.825	2.89	2.765	2.865	368
03.01.2025 00:00	2.87	2.87	2.725	2.805	243
06.01.2025 00:00	2.7800000000000002	2.88	2.7800000000000002	2.84	247
08.01.2025 00:00	2.835	2.915	2.835	2.84	259
09.01.2025 00:00	2.84	2.915	2.715	2.765	384
10.01.2025 00:00	2.765	2.83	2.745	2.815	150
13.01.2025 00:00	2.7800000000000002	2.895	2.7800000000000002	2.85	423
14.01.2025 00:00	2.865	2.865	2.815	2.83	116
15.01.2025 00:00	2.83	2.85	2.815	2.815	434
16.01.2025 00:00	2.85	2.87	2.85	2.85	139
17.01.2025 00:00	2.875	3.0	2.85	2.855	964
20.01.2025 00:00	2.855	2.93	2.815	2.825	460
21.01.2025 00:00	2.81	2.87	2.64	2.73	4202
22.01.2025 00:00	2.785	2.785	2.7	2.74	828
23.01.2025 00:00	2.745	3.0	2.745	2.795	3892
24.01.2025 00:00	2.84	2.95	2.765	2.815	1664
27.01.2025 00:00	2.83	2.93	2.74	2.765	1211
28.01.2025 00:00	2.765	2.83	2.745	2.79	365
29.01.2025 00:00	2.79	2.825	2.745	2.7800000000000002	418
30.01.2025 00:00	2.765	2.81	2.745	2.805	418
31.01.2025 00:00	2.7800000000000002	3.08	2.7800000000000002	3.08	6045
03.02.2025 00:00	3.08	3.1	2.83	2.93	2593
04.02.2025 00:00	2.99	3.0	2.895	2.94	303
05.02.2025 00:00	2.94	2.995	2.87	2.875	348
06.02.2025 00:00	2.91	2.995	2.87	2.965	422
07.02.2025 00:00	2.975	3.02	2.85	2.895	318
10.02.2025 00:00	2.955	2.98	2.83	2.89	641
11.02.2025 00:00	2.9050000000000002	2.955	2.835	2.935	497
12.02.2025 00:00	2.94	2.98	2.88	2.93	412
13.02.2025 00:00	2.995	3.08	2.855	2.93	808
14.02.2025 00:00	2.93	3.08	2.83	2.89	1772
17.02.2025 00:00	2.89	2.975	2.87	2.92	832
18.02.2025 00:00	2.9050000000000002	2.98	2.875	2.88	566
19.02.2025 00:00	2.92	2.94	2.875	2.895	229
20.02.2025 00:00	2.9050000000000002	3.145	2.9050000000000002	3.1	2892
21.02.2025 00:00	3.145	3.18	3.065	3.075	1114
24.02.2025 00:00	3.12	3.265	3.085	3.16	888
25.02.2025 00:00	3.245	3.25	3.14	3.165	480
26.02.2025 00:00	3.17	3.285	3.14	3.205	1126
27.02.2025 00:00	3.205	3.23	3.15	3.23	324
28.02.2025 00:00	3.245	3.37	3.205	3.2800000000000002	725
03.03.2025 00:00	3.285	3.305	3.255	3.295	352
04.03.2025 00:00	3.31	3.41	3.265	3.375	660
05.03.2025 00:00	3.375	3.545	3.335	3.545	880
06.03.2025 00:00	3.565	3.565	3.265	3.39	911
07.03.2025 00:00	3.465	3.535	3.205	3.245	531
10.03.2025 00:00	3.2800000000000002	3.315	3.25	3.25	115
11.03.2025 00:00	3.29	3.29	3.1	3.245	537
12.03.2025 00:00	3.23	3.245	3.15	3.21	62
13.03.2025 00:00	3.17	3.19	3.075	3.14	280
14.03.2025 00:00	3.08	3.18	3.08	3.15	105
17.03.2025 00:00	3.185	3.245	3.16	3.22	151
18.03.2025 00:00	3.265	3.265	3.185	3.245	69
19.03.2025 00:00	3.16	3.245	3.15	3.24	94
20.03.2025 00:00	3.24	3.24	3.1	3.2	218
21.03.2025 00:00	3.18	3.22	3.16	3.16	51
24.03.2025 00:00	3.205	3.245	3.13	3.245	151
25.03.2025 00:00	3.245	3.265	3.16	3.24	157
26.03.2025 00:00	3.23	3.23	3.115	3.16	101
27.03.2025 00:00	3.15	3.16	3.12	3.15	59
28.03.2025 00:00	3.13	3.13	2.995	3.045	254
31.03.2025 00:00	3.005	3.12	2.795	3.085	306
01.04.2025 00:00	3.08	3.085	3.015	3.035	154
02.04.2025 00:00	3.02	3.025	2.995	3.02	26
03.04.2025 00:00	3.04	3.055	2.98	3.015	74
04.04.2025 00:00	3.015	3.015	2.85	2.995	163
07.04.2025 00:00	2.89	2.89	2.705	2.765	669
08.04.2025 00:00	2.835	2.93	2.785	2.9050000000000002	222
09.04.2025 00:00	2.95	2.95	2.69	2.785	259
10.04.2025 00:00	2.785	2.85	2.75	2.795	136
11.04.2025 00:00	2.835	2.88	2.73	2.81	176
14.04.2025 00:00	2.815	2.895	2.81	2.825	106
15.04.2025 00:00	2.83	2.865	2.765	2.805	216
16.04.2025 00:00	2.795	2.805	2.785	2.805	53
17.04.2025 00:00	2.81	2.825	2.785	2.795	70
18.04.2025 00:00	2.785	2.79	2.755	2.79	53
21.04.2025 00:00	2.785	2.835	2.7800000000000002	2.815	174
22.04.2025 00:00	2.81	2.84	2.785	2.83	157
23.04.2025 00:00	2.835	2.87	2.805	2.83	118
24.04.2025 00:00	2.81	2.95	2.805	2.865	236
25.04.2025 00:00	2.865	2.915	2.865	2.89	228
28.04.2025 00:00	2.89	2.95	2.87	2.935	145
29.04.2025 00:00	2.915	2.92	2.87	2.915	98
30.04.2025 00:00	2.87	2.955	2.87	2.91	234
02.05.2025 00:00	2.91	2.935	2.805	2.865	139
05.05.2025 00:00	2.81	2.965	2.73	2.785	280
06.05.2025 00:00	2.7800000000000002	2.87	2.7800000000000002	2.855	59
07.05.2025 00:00	2.855	3.245	2.725	2.785	894
08.05.2025 00:00	2.785	2.83	2.785	2.825	37
12.05.2025 00:00	2.785	2.915	2.785	2.865	288
13.05.2025 00:00	2.865	3.04	2.805	3.035	416
14.05.2025 00:00	3.035	3.12	2.91	2.99	555
15.05.2025 00:00	3.0	3.0	2.895	2.995	43
16.05.2025 00:00	2.895	2.955	2.89	2.955	13
19.05.2025 00:00	2.915	2.95	2.85	2.87	254
20.05.2025 00:00	2.85	2.85	2.705	2.765	290
21.05.2025 00:00	2.835	2.835	2.5300000000000002	2.665	465
22.05.2025 00:00	2.69	2.755	2.62	2.64	119
