datetime	open	high	low	close	volume
12.03.2018 00:00	660.0	680.0	660.0	680.0	3
13.03.2018 00:00	680.0	680.0	660.0	680.0	12
14.03.2018 00:00	660.0	680.0	660.0	660.0	4
15.03.2018 00:00	680.0	680.0	680.0	680.0	2
16.03.2018 00:00	680.0	680.0	680.0	680.0	2
20.03.2018 00:00	660.0	680.0	660.0	660.0	21
21.03.2018 00:00	680.0	700.0	660.0	680.0	8
22.03.2018 00:00	660.0	680.0	660.0	680.0	24
23.03.2018 00:00	680.0	680.0	680.0	680.0	16
27.03.2018 00:00	660.0	680.0	660.0	660.0	1
28.03.2018 00:00	680.0	680.0	660.0	680.0	3
29.03.2018 00:00	660.0	660.0	640.0	660.0	9
30.03.2018 00:00	640.0	660.0	600.0	660.0	24
03.04.2018 00:00	620.0	660.0	620.0	660.0	3
04.04.2018 00:00	660.0	660.0	640.0	660.0	1
05.04.2018 00:00	620.0	640.0	600.0	640.0	321
06.04.2018 00:00	620.0	640.0	620.0	640.0	2
10.04.2018 00:00	600.0	660.0	600.0	620.0	17
11.04.2018 00:00	640.0	640.0	640.0	640.0	5
12.04.2018 00:00	640.0	640.0	620.0	620.0	41
13.04.2018 00:00	620.0	640.0	600.0	600.0	35
16.04.2018 00:00	400.0	620.0	400.0	600.0	7
17.04.2018 00:00	580.0	620.0	580.0	600.0	9
18.04.2018 00:00	620.0	620.0	580.0	600.0	39
19.04.2018 00:00	620.0	640.0	600.0	620.0	20
20.04.2018 00:00	620.0	620.0	620.0	620.0	2
23.04.2018 00:00	600.0	600.0	560.0	580.0	134
24.04.2018 00:00	560.0	600.0	560.0	580.0	92
25.04.2018 00:00	580.0	620.0	580.0	600.0	8
27.04.2018 00:00	620.0	620.0	600.0	600.0	9
28.04.2018 00:00	600.0	620.0	600.0	620.0	6
30.04.2018 00:00	620.0	620.0	600.0	600.0	16
02.05.2018 00:00	600.0	620.0	600.0	600.0	1
03.05.2018 00:00	600.0	620.0	600.0	620.0	2
04.05.2018 00:00	600.0	620.0	600.0	620.0	2
08.05.2018 00:00	620.0	620.0	620.0	620.0	1
11.05.2018 00:00	620.0	620.0	620.0	620.0	1
15.05.2018 00:00	620.0	620.0	620.0	620.0	6
17.05.2018 00:00	620.0	620.0	620.0	620.0	5
18.05.2018 00:00	620.0	620.0	620.0	620.0	2
22.05.2018 00:00	620.0	640.0	620.0	620.0	1
23.05.2018 00:00	640.0	640.0	640.0	640.0	1
24.05.2018 00:00	640.0	660.0	620.0	620.0	5
25.05.2018 00:00	620.0	640.0	620.0	640.0	3
28.05.2018 00:00	660.0	680.0	660.0	660.0	3
29.05.2018 00:00	660.0	680.0	620.0	680.0	11
30.05.2018 00:00	600.0	660.0	520.0	620.0	51
31.05.2018 00:00	620.0	620.0	620.0	620.0	1
01.06.2018 00:00	640.0	640.0	620.0	620.0	4
04.06.2018 00:00	700.0	700.0	640.0	660.0	3
05.06.2018 00:00	640.0	660.0	640.0	660.0	3
06.06.2018 00:00	680.0	700.0	680.0	700.0	112
07.06.2018 00:00	680.0	700.0	680.0	680.0	19
09.06.2018 00:00	680.0	680.0	680.0	680.0	3
13.06.2018 00:00	640.0	680.0	640.0	680.0	16
14.06.2018 00:00	680.0	680.0	660.0	660.0	5
15.06.2018 00:00	680.0	680.0	680.0	680.0	2
18.06.2018 00:00	660.0	660.0	660.0	660.0	2
19.06.2018 00:00	620.0	660.0	620.0	660.0	46
20.06.2018 00:00	660.0	660.0	660.0	660.0	3
22.06.2018 00:00	660.0	660.0	660.0	660.0	2
25.06.2018 00:00	660.0	660.0	640.0	640.0	23
27.06.2018 00:00	680.0	680.0	640.0	640.0	6
28.06.2018 00:00	680.0	680.0	680.0	680.0	1
29.06.2018 00:00	660.0	680.0	660.0	680.0	6
02.07.2018 00:00	680.0	680.0	660.0	660.0	4
03.07.2018 00:00	660.0	700.0	660.0	680.0	206
04.07.2018 00:00	660.0	660.0	620.0	660.0	88
05.07.2018 00:00	640.0	660.0	640.0	660.0	46
06.07.2018 00:00	640.0	660.0	640.0	660.0	6
18.07.2018 00:00	680.0	700.0	620.0	640.0	131
19.07.2018 00:00	640.0	660.0	640.0	660.0	123
20.07.2018 00:00	660.0	660.0	660.0	660.0	39
23.07.2018 00:00	680.0	680.0	620.0	660.0	113
24.07.2018 00:00	640.0	660.0	640.0	660.0	11
26.07.2018 00:00	640.0	640.0	620.0	620.0	2
27.07.2018 00:00	640.0	660.0	640.0	660.0	23
30.07.2018 00:00	620.0	640.0	620.0	640.0	7
01.08.2018 00:00	640.0	640.0	640.0	640.0	1
02.08.2018 00:00	620.0	620.0	620.0	620.0	4
03.08.2018 00:00	620.0	680.0	620.0	660.0	8
06.08.2018 00:00	660.0	660.0	640.0	640.0	3
07.08.2018 00:00	640.0	640.0	640.0	640.0	1
08.08.2018 00:00	640.0	640.0	640.0	640.0	5
10.08.2018 00:00	580.0	640.0	540.0	640.0	24
13.08.2018 00:00	660.0	660.0	640.0	660.0	219
15.08.2018 00:00	660.0	660.0	600.0	620.0	7
16.08.2018 00:00	620.0	620.0	620.0	620.0	1
21.08.2018 00:00	620.0	620.0	620.0	620.0	17
27.08.2018 00:00	600.0	600.0	600.0	600.0	1
28.08.2018 00:00	620.0	620.0	620.0	620.0	1
29.08.2018 00:00	620.0	620.0	580.0	620.0	204
30.08.2018 00:00	620.0	620.0	600.0	600.0	10
31.08.2018 00:00	620.0	640.0	620.0	640.0	16
03.09.2018 00:00	660.0	660.0	580.0	600.0	35
04.09.2018 00:00	580.0	600.0	580.0	600.0	12
05.09.2018 00:00	620.0	620.0	620.0	620.0	10
06.09.2018 00:00	640.0	640.0	620.0	620.0	4
07.09.2018 00:00	620.0	620.0	600.0	600.0	17
11.09.2018 00:00	480.0	580.0	480.0	580.0	26
12.09.2018 00:00	600.0	600.0	600.0	600.0	1
13.09.2018 00:00	600.0	600.0	540.0	560.0	58
14.09.2018 00:00	580.0	580.0	560.0	580.0	11
20.09.2018 00:00	580.0	580.0	580.0	580.0	1
21.09.2018 00:00	580.0	580.0	580.0	580.0	2
25.09.2018 00:00	580.0	580.0	580.0	580.0	1
26.09.2018 00:00	560.0	720.0	540.0	620.0	603
27.09.2018 00:00	600.0	660.0	600.0	620.0	54
28.09.2018 00:00	620.0	660.0	600.0	620.0	959
01.10.2018 00:00	620.0	620.0	620.0	620.0	2
02.10.2018 00:00	620.0	660.0	620.0	640.0	45
03.10.2018 00:00	640.0	640.0	600.0	640.0	18
05.10.2018 00:00	640.0	740.0	620.0	640.0	225
08.10.2018 00:00	660.0	660.0	640.0	640.0	6
09.10.2018 00:00	640.0	640.0	600.0	640.0	41
11.10.2018 00:00	620.0	620.0	580.0	600.0	214
12.10.2018 00:00	600.0	600.0	560.0	580.0	27
15.10.2018 00:00	580.0	600.0	580.0	600.0	77
16.10.2018 00:00	580.0	580.0	580.0	580.0	7
17.10.2018 00:00	600.0	640.0	580.0	600.0	15
18.10.2018 00:00	600.0	600.0	600.0	600.0	1
19.10.2018 00:00	600.0	600.0	600.0	600.0	2
22.10.2018 00:00	620.0	620.0	600.0	600.0	4
23.10.2018 00:00	600.0	600.0	580.0	580.0	20
24.10.2018 00:00	600.0	620.0	600.0	600.0	53
26.10.2018 00:00	620.0	620.0	620.0	620.0	1
29.10.2018 00:00	600.0	600.0	560.0	560.0	69
30.10.2018 00:00	580.0	580.0	580.0	580.0	24
01.11.2018 00:00	580.0	580.0	580.0	580.0	1
02.11.2018 00:00	580.0	580.0	580.0	580.0	2
06.11.2018 00:00	580.0	640.0	580.0	600.0	54
07.11.2018 00:00	600.0	620.0	580.0	620.0	18
08.11.2018 00:00	600.0	600.0	600.0	600.0	2
09.11.2018 00:00	600.0	600.0	560.0	600.0	77
12.11.2018 00:00	600.0	600.0	600.0	600.0	4
15.11.2018 00:00	600.0	620.0	580.0	600.0	18
16.11.2018 00:00	600.0	600.0	580.0	580.0	14
19.11.2018 00:00	580.0	580.0	580.0	580.0	1
20.11.2018 00:00	600.0	600.0	600.0	600.0	2
26.11.2018 00:00	560.0	580.0	560.0	560.0	180
28.11.2018 00:00	560.0	600.0	560.0	600.0	127
29.11.2018 00:00	600.0	600.0	600.0	600.0	2
04.12.2018 00:00	600.0	600.0	600.0	600.0	1
05.12.2018 00:00	600.0	600.0	600.0	600.0	1
07.12.2018 00:00	600.0	600.0	600.0	600.0	1
10.12.2018 00:00	600.0	600.0	580.0	580.0	15
11.12.2018 00:00	580.0	600.0	580.0	600.0	8
13.12.2018 00:00	620.0	620.0	600.0	600.0	4
14.12.2018 00:00	600.0	600.0	580.0	580.0	6
19.12.2018 00:00	580.0	580.0	580.0	580.0	1
20.12.2018 00:00	560.0	580.0	540.0	560.0	25
24.12.2018 00:00	560.0	560.0	560.0	560.0	5
25.12.2018 00:00	580.0	580.0	580.0	580.0	1
26.12.2018 00:00	560.0	560.0	500.0	540.0	208
27.12.2018 00:00	520.0	540.0	520.0	540.0	49
28.12.2018 00:00	520.0	540.0	520.0	540.0	57
29.12.2018 00:00	560.0	600.0	540.0	560.0	56
03.01.2019 00:00	560.0	580.0	560.0	580.0	52
04.01.2019 00:00	560.0	560.0	520.0	560.0	13
08.01.2019 00:00	580.0	580.0	580.0	580.0	16
10.01.2019 00:00	580.0	580.0	560.0	560.0	35
11.01.2019 00:00	580.0	600.0	580.0	580.0	28
15.01.2019 00:00	600.0	600.0	600.0	600.0	25
16.01.2019 00:00	600.0	600.0	600.0	600.0	1
17.01.2019 00:00	600.0	600.0	600.0	600.0	21
18.01.2019 00:00	580.0	580.0	580.0	580.0	5
21.01.2019 00:00	580.0	600.0	540.0	600.0	17
22.01.2019 00:00	580.0	580.0	560.0	580.0	10
23.01.2019 00:00	580.0	600.0	580.0	600.0	51
24.01.2019 00:00	600.0	620.0	600.0	620.0	97
25.01.2019 00:00	600.0	600.0	600.0	600.0	2
30.01.2019 00:00	600.0	600.0	600.0	600.0	9
31.01.2019 00:00	600.0	600.0	600.0	600.0	49
01.02.2019 00:00	600.0	840.0	600.0	840.0	2126
04.02.2019 00:00	920.0	1180.0	900.0	1180.0	3379
05.02.2019 00:00	1300.0	1640.0	1140.0	1320.0	7609
06.02.2019 00:00	1300.0	1480.0	1180.0	1240.0	2537
07.02.2019 00:00	1220.0	1320.0	980.0	1000.0	3567
08.02.2019 00:00	1020.0	1020.0	880.0	940.0	620
11.02.2019 00:00	940.0	1320.0	900.0	1320.0	4128
12.02.2019 00:00	1440.0	1560.0	1000.0	1080.0	3968
13.02.2019 00:00	1020.0	1180.0	960.0	1120.0	1761
14.02.2019 00:00	1100.0	1100.0	1000.0	1040.0	402
15.02.2019 00:00	1060.0	1080.0	960.0	1020.0	529
18.02.2019 00:00	1020.0	1040.0	1020.0	1040.0	32
19.02.2019 00:00	1020.0	1120.0	900.0	980.0	591
20.02.2019 00:00	1000.0	1340.0	940.0	980.0	1396
21.02.2019 00:00	1020.0	1100.0	1000.0	1020.0	605
22.02.2019 00:00	1020.0	1040.0	960.0	980.0	566
25.02.2019 00:00	1000.0	1020.0	900.0	1000.0	326
26.02.2019 00:00	960.0	1000.0	940.0	1000.0	323
27.02.2019 00:00	1000.0	1000.0	940.0	960.0	120
28.02.2019 00:00	980.0	980.0	840.0	940.0	777
01.03.2019 00:00	940.0	980.0	900.0	900.0	206
04.03.2019 00:00	920.0	920.0	860.0	880.0	313
05.03.2019 00:00	880.0	880.0	860.0	880.0	119
06.03.2019 00:00	880.0	920.0	800.0	840.0	406
07.03.2019 00:00	840.0	880.0	800.0	860.0	260
11.03.2019 00:00	820.0	880.0	820.0	840.0	242
12.03.2019 00:00	840.0	840.0	820.0	820.0	83
13.03.2019 00:00	840.0	840.0	820.0	840.0	91
14.03.2019 00:00	820.0	860.0	820.0	860.0	89
15.03.2019 00:00	860.0	860.0	840.0	860.0	32
18.03.2019 00:00	860.0	1200.0	860.0	980.0	4198
19.03.2019 00:00	980.0	980.0	900.0	940.0	344
20.03.2019 00:00	980.0	980.0	920.0	940.0	93
21.03.2019 00:00	960.0	960.0	860.0	900.0	1285
22.03.2019 00:00	880.0	960.0	880.0	900.0	419
25.03.2019 00:00	860.0	920.0	860.0	900.0	165
26.03.2019 00:00	860.0	920.0	860.0	880.0	279
27.03.2019 00:00	880.0	880.0	860.0	880.0	70
28.03.2019 00:00	860.0	860.0	840.0	860.0	224
29.03.2019 00:00	860.0	860.0	840.0	860.0	49
01.04.2019 00:00	880.0	900.0	840.0	900.0	160
02.04.2019 00:00	840.0	880.0	840.0	880.0	40
03.04.2019 00:00	880.0	880.0	820.0	880.0	47
04.04.2019 00:00	840.0	860.0	820.0	860.0	73
05.04.2019 00:00	880.0	880.0	860.0	880.0	34
08.04.2019 00:00	880.0	880.0	860.0	880.0	9
09.04.2019 00:00	880.0	880.0	840.0	880.0	63
10.04.2019 00:00	860.0	880.0	860.0	880.0	13
11.04.2019 00:00	880.0	900.0	820.0	880.0	138
12.04.2019 00:00	880.0	880.0	840.0	860.0	78
15.04.2019 00:00	860.0	880.0	840.0	880.0	68
16.04.2019 00:00	840.0	880.0	820.0	860.0	88
17.04.2019 00:00	840.0	840.0	820.0	820.0	183
18.04.2019 00:00	820.0	860.0	820.0	820.0	206
19.04.2019 00:00	820.0	840.0	820.0	820.0	43
22.04.2019 00:00	820.0	820.0	780.0	800.0	135
23.04.2019 00:00	820.0	820.0	800.0	800.0	21
24.04.2019 00:00	820.0	820.0	820.0	820.0	29
25.04.2019 00:00	800.0	800.0	760.0	780.0	202
26.04.2019 00:00	780.0	780.0	760.0	760.0	23
29.04.2019 00:00	760.0	760.0	720.0	720.0	94
30.04.2019 00:00	720.0	740.0	720.0	740.0	47
02.05.2019 00:00	740.0	740.0	740.0	740.0	22
03.05.2019 00:00	760.0	760.0	720.0	740.0	36
06.05.2019 00:00	720.0	720.0	720.0	720.0	1
07.05.2019 00:00	740.0	760.0	740.0	760.0	15
08.05.2019 00:00	760.0	800.0	760.0	760.0	30
10.05.2019 00:00	760.0	760.0	760.0	760.0	5
13.05.2019 00:00	740.0	760.0	740.0	740.0	21
14.05.2019 00:00	740.0	740.0	700.0	720.0	67
15.05.2019 00:00	720.0	720.0	700.0	700.0	2
16.05.2019 00:00	720.0	760.0	720.0	760.0	51
17.05.2019 00:00	760.0	800.0	720.0	720.0	75
20.05.2019 00:00	740.0	1000.0	740.0	840.0	1992
21.05.2019 00:00	840.0	840.0	760.0	760.0	607
22.05.2019 00:00	760.0	760.0	740.0	740.0	151
23.05.2019 00:00	740.0	740.0	740.0	740.0	65
24.05.2019 00:00	740.0	740.0	740.0	740.0	50
27.05.2019 00:00	740.0	740.0	740.0	740.0	13
28.05.2019 00:00	740.0	740.0	740.0	740.0	6
29.05.2019 00:00	740.0	880.0	740.0	760.0	458
30.05.2019 00:00	740.0	780.0	720.0	720.0	313
31.05.2019 00:00	740.0	740.0	740.0	740.0	10
03.06.2019 00:00	720.0	740.0	720.0	720.0	155
04.06.2019 00:00	720.0	760.0	720.0	760.0	88
05.06.2019 00:00	740.0	780.0	740.0	760.0	63
06.06.2019 00:00	740.0	740.0	720.0	740.0	30
07.06.2019 00:00	740.0	780.0	740.0	760.0	46
10.06.2019 00:00	760.0	760.0	740.0	760.0	11
11.06.2019 00:00	760.0	780.0	740.0	760.0	88
13.06.2019 00:00	740.0	760.0	740.0	760.0	13
14.06.2019 00:00	760.0	760.0	740.0	740.0	14
17.06.2019 00:00	740.0	740.0	740.0	740.0	38
18.06.2019 00:00	740.0	740.0	740.0	740.0	15
19.06.2019 00:00	740.0	760.0	740.0	740.0	90
20.06.2019 00:00	720.0	760.0	720.0	740.0	16
21.06.2019 00:00	740.0	760.0	740.0	760.0	3
24.06.2019 00:00	740.0	740.0	740.0	740.0	1
25.06.2019 00:00	760.0	760.0	760.0	760.0	12
26.06.2019 00:00	760.0	840.0	760.0	780.0	338
27.06.2019 00:00	760.0	800.0	760.0	780.0	51
28.06.2019 00:00	760.0	820.0	760.0	760.0	55
01.07.2019 00:00	760.0	800.0	760.0	780.0	4
02.07.2019 00:00	800.0	800.0	780.0	780.0	43
03.07.2019 00:00	760.0	780.0	760.0	780.0	31
04.07.2019 00:00	800.0	800.0	760.0	760.0	37
05.07.2019 00:00	760.0	780.0	760.0	780.0	107
08.07.2019 00:00	780.0	800.0	760.0	800.0	46
09.07.2019 00:00	780.0	820.0	760.0	820.0	278
10.07.2019 00:00	780.0	820.0	780.0	820.0	28
11.07.2019 00:00	820.0	1140.0	820.0	840.0	6709
12.07.2019 00:00	820.0	980.0	800.0	820.0	1759
15.07.2019 00:00	840.0	840.0	800.0	820.0	113
16.07.2019 00:00	800.0	840.0	800.0	800.0	269
17.07.2019 00:00	800.0	840.0	800.0	800.0	138
18.07.2019 00:00	800.0	900.0	800.0	820.0	492
19.07.2019 00:00	800.0	820.0	800.0	820.0	109
22.07.2019 00:00	820.0	820.0	820.0	820.0	16
23.07.2019 00:00	800.0	820.0	780.0	800.0	219
24.07.2019 00:00	780.0	800.0	780.0	800.0	129
25.07.2019 00:00	800.0	820.0	800.0	800.0	25
26.07.2019 00:00	800.0	800.0	800.0	800.0	45
29.07.2019 00:00	780.0	780.0	780.0	780.0	15
30.07.2019 00:00	800.0	820.0	780.0	780.0	114
31.07.2019 00:00	780.0	800.0	780.0	800.0	13
01.08.2019 00:00	760.0	800.0	760.0	800.0	19
02.08.2019 00:00	780.0	800.0	780.0	800.0	23
05.08.2019 00:00	800.0	820.0	780.0	800.0	55
07.08.2019 00:00	780.0	820.0	780.0	820.0	38
08.08.2019 00:00	820.0	820.0	800.0	800.0	13
09.08.2019 00:00	820.0	820.0	820.0	820.0	2
12.08.2019 00:00	820.0	820.0	820.0	820.0	2
13.08.2019 00:00	820.0	980.0	820.0	860.0	348
14.08.2019 00:00	820.0	860.0	820.0	860.0	66
15.08.2019 00:00	860.0	900.0	860.0	880.0	54
16.08.2019 00:00	860.0	900.0	780.0	880.0	103
19.08.2019 00:00	880.0	880.0	880.0	880.0	20
20.08.2019 00:00	860.0	900.0	860.0	900.0	17
22.08.2019 00:00	880.0	880.0	820.0	880.0	28
23.08.2019 00:00	840.0	900.0	840.0	900.0	47
26.08.2019 00:00	840.0	900.0	840.0	840.0	38
27.08.2019 00:00	840.0	860.0	840.0	860.0	135
28.08.2019 00:00	840.0	860.0	840.0	860.0	24
29.08.2019 00:00	800.0	860.0	800.0	840.0	33
30.08.2019 00:00	840.0	860.0	840.0	860.0	13
02.09.2019 00:00	800.0	860.0	800.0	820.0	161
03.09.2019 00:00	840.0	860.0	820.0	860.0	152
04.09.2019 00:00	820.0	860.0	820.0	840.0	33
05.09.2019 00:00	840.0	860.0	820.0	860.0	7
06.09.2019 00:00	820.0	860.0	820.0	840.0	4
09.09.2019 00:00	860.0	860.0	840.0	840.0	13
10.09.2019 00:00	820.0	840.0	820.0	840.0	12
11.09.2019 00:00	820.0	840.0	820.0	840.0	22
12.09.2019 00:00	860.0	860.0	840.0	840.0	33
13.09.2019 00:00	860.0	860.0	840.0	840.0	21
16.09.2019 00:00	860.0	860.0	840.0	840.0	9
17.09.2019 00:00	860.0	860.0	820.0	820.0	56
18.09.2019 00:00	840.0	840.0	820.0	820.0	16
19.09.2019 00:00	820.0	840.0	820.0	840.0	121
20.09.2019 00:00	820.0	840.0	820.0	820.0	29
24.09.2019 00:00	820.0	820.0	800.0	820.0	295
26.09.2019 00:00	800.0	820.0	800.0	820.0	11
27.09.2019 00:00	800.0	820.0	800.0	820.0	32
30.09.2019 00:00	820.0	820.0	800.0	800.0	98
01.10.2019 00:00	800.0	1060.0	800.0	860.0	6003
02.10.2019 00:00	880.0	1020.0	860.0	880.0	4259
03.10.2019 00:00	900.0	900.0	800.0	840.0	983
04.10.2019 00:00	840.0	840.0	800.0	840.0	212
07.10.2019 00:00	840.0	840.0	800.0	820.0	329
08.10.2019 00:00	820.0	840.0	820.0	820.0	66
09.10.2019 00:00	820.0	840.0	800.0	820.0	418
10.10.2019 00:00	800.0	820.0	800.0	820.0	64
11.10.2019 00:00	820.0	840.0	800.0	840.0	103
14.10.2019 00:00	800.0	820.0	800.0	820.0	4
15.10.2019 00:00	820.0	820.0	800.0	820.0	26
16.10.2019 00:00	820.0	840.0	820.0	820.0	30
17.10.2019 00:00	820.0	820.0	820.0	820.0	15
18.10.2019 00:00	840.0	840.0	820.0	820.0	12
21.10.2019 00:00	820.0	840.0	820.0	840.0	100
22.10.2019 00:00	820.0	840.0	820.0	820.0	63
23.10.2019 00:00	820.0	820.0	820.0	820.0	16
24.10.2019 00:00	820.0	820.0	800.0	820.0	185
25.10.2019 00:00	820.0	820.0	800.0	820.0	124
28.10.2019 00:00	820.0	880.0	820.0	840.0	593
29.10.2019 00:00	820.0	860.0	820.0	860.0	97
30.10.2019 00:00	840.0	860.0	840.0	840.0	83
31.10.2019 00:00	840.0	840.0	820.0	840.0	36
01.11.2019 00:00	840.0	840.0	820.0	820.0	42
05.11.2019 00:00	840.0	840.0	820.0	840.0	57
06.11.2019 00:00	820.0	820.0	820.0	820.0	74
07.11.2019 00:00	840.0	880.0	840.0	860.0	461
08.11.2019 00:00	840.0	880.0	840.0	860.0	37
11.11.2019 00:00	900.0	900.0	840.0	860.0	83
12.11.2019 00:00	860.0	860.0	860.0	860.0	18
13.11.2019 00:00	860.0	1000.0	860.0	940.0	1309
14.11.2019 00:00	960.0	1000.0	880.0	900.0	647
15.11.2019 00:00	900.0	940.0	880.0	900.0	116
18.11.2019 00:00	900.0	900.0	880.0	900.0	104
19.11.2019 00:00	900.0	920.0	880.0	880.0	29
20.11.2019 00:00	920.0	920.0	880.0	880.0	186
21.11.2019 00:00	880.0	960.0	880.0	900.0	517
22.11.2019 00:00	880.0	920.0	880.0	900.0	22
25.11.2019 00:00	920.0	920.0	880.0	900.0	31
26.11.2019 00:00	900.0	900.0	880.0	880.0	80
27.11.2019 00:00	880.0	880.0	860.0	880.0	102
28.11.2019 00:00	880.0	880.0	880.0	880.0	1
29.11.2019 00:00	880.0	880.0	860.0	880.0	56
02.12.2019 00:00	880.0	900.0	860.0	880.0	180
03.12.2019 00:00	880.0	900.0	860.0	880.0	51
04.12.2019 00:00	860.0	880.0	860.0	880.0	28
05.12.2019 00:00	860.0	880.0	860.0	880.0	14
09.12.2019 00:00	880.0	880.0	860.0	860.0	51
10.12.2019 00:00	860.0	880.0	860.0	880.0	18
11.12.2019 00:00	880.0	920.0	880.0	880.0	161
13.12.2019 00:00	900.0	900.0	880.0	880.0	123
16.12.2019 00:00	880.0	880.0	860.0	880.0	77
17.12.2019 00:00	900.0	900.0	880.0	880.0	131
18.12.2019 00:00	880.0	880.0	880.0	880.0	9
19.12.2019 00:00	880.0	880.0	880.0	880.0	41
23.12.2019 00:00	880.0	880.0	880.0	880.0	10
24.12.2019 00:00	880.0	880.0	860.0	860.0	213
25.12.2019 00:00	880.0	880.0	860.0	880.0	52
26.12.2019 00:00	860.0	880.0	860.0	880.0	10
27.12.2019 00:00	860.0	880.0	860.0	880.0	288
30.12.2019 00:00	880.0	900.0	880.0	880.0	20
03.01.2020 00:00	880.0	880.0	880.0	880.0	73
06.01.2020 00:00	880.0	900.0	880.0	900.0	23
08.01.2020 00:00	900.0	1060.0	900.0	960.0	1275
09.01.2020 00:00	940.0	960.0	920.0	940.0	238
10.01.2020 00:00	960.0	1220.0	960.0	1020.0	4397
13.01.2020 00:00	1060.0	1100.0	960.0	980.0	1033
14.01.2020 00:00	980.0	1060.0	960.0	1020.0	615
15.01.2020 00:00	1040.0	1240.0	1000.0	1000.0	3438
16.01.2020 00:00	1020.0	1060.0	1000.0	1040.0	292
17.01.2020 00:00	1060.0	1060.0	1000.0	1020.0	137
20.01.2020 00:00	1020.0	1140.0	1020.0	1080.0	1696
21.01.2020 00:00	1080.0	1140.0	1040.0	1060.0	1019
22.01.2020 00:00	1060.0	1140.0	1060.0	1060.0	238
23.01.2020 00:00	1080.0	1500.0	1060.0	1060.0	1494
24.01.2020 00:00	1080.0	1120.0	1040.0	1040.0	542
27.01.2020 00:00	1080.0	1080.0	980.0	1000.0	434
28.01.2020 00:00	980.0	1020.0	980.0	1000.0	44
29.01.2020 00:00	1000.0	1100.0	960.0	1000.0	580
30.01.2020 00:00	980.0	1000.0	980.0	1000.0	169
31.01.2020 00:00	980.0	1000.0	980.0	980.0	293
03.02.2020 00:00	980.0	1060.0	960.0	1020.0	604
04.02.2020 00:00	1020.0	1060.0	980.0	1000.0	240
05.02.2020 00:00	1000.0	1000.0	960.0	1000.0	61
06.02.2020 00:00	1020.0	1020.0	1000.0	1020.0	69
07.02.2020 00:00	1000.0	1020.0	1000.0	1000.0	99
10.02.2020 00:00	1000.0	1020.0	1000.0	1020.0	87
11.02.2020 00:00	1020.0	1100.0	1020.0	1060.0	167
12.02.2020 00:00	1060.0	1060.0	1020.0	1040.0	159
13.02.2020 00:00	1040.0	1040.0	1020.0	1040.0	16
14.02.2020 00:00	1020.0	1020.0	1000.0	1020.0	75
17.02.2020 00:00	1020.0	1020.0	1000.0	1020.0	62
18.02.2020 00:00	1020.0	1020.0	980.0	1000.0	78
19.02.2020 00:00	1000.0	1080.0	1000.0	1040.0	301
20.02.2020 00:00	1020.0	1040.0	1000.0	1020.0	250
21.02.2020 00:00	1020.0	1020.0	1020.0	1020.0	3
25.02.2020 00:00	1000.0	1020.0	1000.0	1020.0	8
26.02.2020 00:00	1020.0	1100.0	960.0	1020.0	714
27.02.2020 00:00	980.0	1000.0	940.0	980.0	128
28.02.2020 00:00	960.0	960.0	840.0	860.0	631
02.03.2020 00:00	880.0	900.0	860.0	880.0	409
03.03.2020 00:00	880.0	880.0	860.0	880.0	31
04.03.2020 00:00	880.0	880.0	860.0	880.0	10
05.03.2020 00:00	880.0	880.0	860.0	860.0	118
06.03.2020 00:00	860.0	860.0	820.0	820.0	222
10.03.2020 00:00	800.0	800.0	740.0	800.0	845
11.03.2020 00:00	800.0	820.0	740.0	760.0	108
12.03.2020 00:00	760.0	780.0	640.0	660.0	221
13.03.2020 00:00	640.0	720.0	640.0	680.0	293
16.03.2020 00:00	620.0	740.0	620.0	660.0	154
17.03.2020 00:00	700.0	720.0	700.0	720.0	266
18.03.2020 00:00	660.0	700.0	600.0	640.0	732
19.03.2020 00:00	620.0	660.0	600.0	640.0	279
20.03.2020 00:00	680.0	720.0	660.0	680.0	280
23.03.2020 00:00	660.0	720.0	660.0	680.0	82
24.03.2020 00:00	720.0	720.0	680.0	680.0	63
25.03.2020 00:00	720.0	860.0	640.0	680.0	942
26.03.2020 00:00	680.0	700.0	660.0	680.0	114
27.03.2020 00:00	660.0	680.0	660.0	660.0	48
30.03.2020 00:00	660.0	680.0	600.0	660.0	158
31.03.2020 00:00	660.0	700.0	660.0	700.0	57
01.04.2020 00:00	700.0	800.0	680.0	700.0	202
02.04.2020 00:00	720.0	720.0	660.0	680.0	382
03.04.2020 00:00	680.0	720.0	680.0	700.0	62
06.04.2020 00:00	700.0	740.0	700.0	720.0	277
07.04.2020 00:00	720.0	780.0	720.0	740.0	275
08.04.2020 00:00	720.0	760.0	720.0	740.0	56
09.04.2020 00:00	720.0	880.0	720.0	820.0	1374
10.04.2020 00:00	840.0	960.0	840.0	880.0	4743
13.04.2020 00:00	880.0	920.0	800.0	840.0	529
14.04.2020 00:00	860.0	860.0	840.0	840.0	59
15.04.2020 00:00	840.0	840.0	700.0	760.0	201
16.04.2020 00:00	780.0	900.0	780.0	840.0	393
17.04.2020 00:00	800.0	900.0	800.0	860.0	210
21.04.2020 00:00	860.0	900.0	820.0	820.0	254
22.04.2020 00:00	820.0	880.0	820.0	860.0	109
23.04.2020 00:00	840.0	860.0	840.0	840.0	105
24.04.2020 00:00	860.0	860.0	820.0	820.0	39
27.04.2020 00:00	840.0	860.0	820.0	820.0	274
28.04.2020 00:00	840.0	920.0	840.0	860.0	551
29.04.2020 00:00	840.0	900.0	840.0	860.0	415
30.04.2020 00:00	880.0	900.0	840.0	840.0	1262
04.05.2020 00:00	860.0	860.0	840.0	860.0	27
05.05.2020 00:00	840.0	880.0	840.0	880.0	67
06.05.2020 00:00	880.0	900.0	860.0	860.0	20
07.05.2020 00:00	860.0	880.0	860.0	860.0	62
08.05.2020 00:00	860.0	880.0	860.0	880.0	98
12.05.2020 00:00	860.0	880.0	860.0	860.0	76
13.05.2020 00:00	880.0	900.0	860.0	860.0	229
14.05.2020 00:00	860.0	880.0	860.0	860.0	81
15.05.2020 00:00	880.0	880.0	860.0	880.0	60
18.05.2020 00:00	880.0	880.0	860.0	880.0	65
19.05.2020 00:00	860.0	860.0	860.0	860.0	6
20.05.2020 00:00	860.0	880.0	860.0	860.0	16
21.05.2020 00:00	860.0	1020.0	860.0	880.0	2773
22.05.2020 00:00	880.0	880.0	880.0	880.0	264
25.05.2020 00:00	880.0	900.0	880.0	880.0	56
26.05.2020 00:00	880.0	880.0	860.0	880.0	321
27.05.2020 00:00	880.0	880.0	860.0	860.0	85
28.05.2020 00:00	860.0	880.0	860.0	860.0	50
29.05.2020 00:00	880.0	880.0	860.0	860.0	27
01.06.2020 00:00	860.0	880.0	860.0	880.0	39
02.06.2020 00:00	880.0	880.0	880.0	880.0	13
03.06.2020 00:00	880.0	880.0	860.0	860.0	206
04.06.2020 00:00	860.0	860.0	860.0	860.0	144
05.06.2020 00:00	860.0	860.0	840.0	860.0	55
08.06.2020 00:00	860.0	860.0	820.0	860.0	73
09.06.2020 00:00	840.0	860.0	840.0	860.0	63
10.06.2020 00:00	840.0	860.0	840.0	860.0	158
11.06.2020 00:00	840.0	840.0	840.0	840.0	33
15.06.2020 00:00	820.0	840.0	820.0	840.0	54
16.06.2020 00:00	840.0	840.0	820.0	820.0	80
17.06.2020 00:00	820.0	940.0	800.0	840.0	1095
18.06.2020 00:00	840.0	860.0	820.0	840.0	150
19.06.2020 00:00	840.0	880.0	820.0	840.0	298
22.06.2020 00:00	860.0	880.0	840.0	860.0	116
23.06.2020 00:00	840.0	860.0	820.0	860.0	109
25.06.2020 00:00	820.0	860.0	820.0	840.0	159
26.06.2020 00:00	820.0	860.0	820.0	860.0	27
29.06.2020 00:00	820.0	840.0	820.0	840.0	39
30.06.2020 00:00	840.0	900.0	800.0	820.0	592
02.07.2020 00:00	820.0	840.0	820.0	820.0	228
03.07.2020 00:00	840.0	840.0	820.0	840.0	71
06.07.2020 00:00	820.0	880.0	820.0	840.0	75
07.07.2020 00:00	840.0	840.0	840.0	840.0	19
08.07.2020 00:00	840.0	840.0	840.0	840.0	4
09.07.2020 00:00	840.0	840.0	840.0	840.0	11
10.07.2020 00:00	860.0	860.0	840.0	840.0	12
13.07.2020 00:00	860.0	860.0	840.0	840.0	162
14.07.2020 00:00	840.0	860.0	840.0	860.0	96
15.07.2020 00:00	840.0	920.0	840.0	900.0	1117
16.07.2020 00:00	900.0	1120.0	860.0	1120.0	8386
17.07.2020 00:00	1180.0	1480.0	1000.0	1020.0	21469
20.07.2020 00:00	1020.0	1080.0	960.0	980.0	2974
21.07.2020 00:00	900.0	980.0	900.0	980.0	1152
22.07.2020 00:00	960.0	1020.0	960.0	1000.0	587
23.07.2020 00:00	1000.0	1020.0	980.0	1000.0	192
24.07.2020 00:00	980.0	1020.0	940.0	1020.0	342
27.07.2020 00:00	980.0	1000.0	960.0	960.0	178
28.07.2020 00:00	1000.0	1160.0	980.0	1080.0	3602
29.07.2020 00:00	1080.0	1400.0	1080.0	1220.0	18804
30.07.2020 00:00	1200.0	1220.0	1080.0	1100.0	4087
31.07.2020 00:00	1080.0	1260.0	1080.0	1100.0	1007
03.08.2020 00:00	1080.0	1160.0	1060.0	1100.0	1113
04.08.2020 00:00	1140.0	1140.0	1100.0	1120.0	66
05.08.2020 00:00	1120.0	1140.0	1100.0	1120.0	342
06.08.2020 00:00	1120.0	1120.0	1060.0	1060.0	812
07.08.2020 00:00	1060.0	1080.0	1000.0	1000.0	1182
10.08.2020 00:00	1000.0	1080.0	980.0	1020.0	731
11.08.2020 00:00	1000.0	1060.0	1000.0	1020.0	617
12.08.2020 00:00	1000.0	1060.0	980.0	1020.0	294
13.08.2020 00:00	1040.0	1040.0	1000.0	1020.0	406
14.08.2020 00:00	1020.0	1020.0	1000.0	1000.0	194
17.08.2020 00:00	1000.0	1020.0	960.0	1000.0	469
18.08.2020 00:00	1000.0	1060.0	1000.0	1020.0	395
19.08.2020 00:00	1020.0	1040.0	1020.0	1040.0	50
20.08.2020 00:00	1040.0	1040.0	1020.0	1040.0	27
21.08.2020 00:00	1020.0	1040.0	1020.0	1040.0	80
24.08.2020 00:00	1020.0	1040.0	1020.0	1040.0	57
25.08.2020 00:00	1040.0	1100.0	1000.0	1000.0	578
26.08.2020 00:00	1040.0	1080.0	1000.0	1000.0	413
27.08.2020 00:00	1020.0	1020.0	1000.0	1000.0	70
28.08.2020 00:00	1000.0	1000.0	980.0	980.0	173
31.08.2020 00:00	1000.0	1000.0	1000.0	1000.0	113
01.09.2020 00:00	1000.0	1040.0	980.0	1020.0	202
02.09.2020 00:00	1020.0	1040.0	1000.0	1000.0	266
03.09.2020 00:00	980.0	1000.0	960.0	1000.0	300
04.09.2020 00:00	980.0	1000.0	980.0	980.0	107
07.09.2020 00:00	960.0	1000.0	960.0	1000.0	145
08.09.2020 00:00	1000.0	1020.0	960.0	1000.0	194
09.09.2020 00:00	1020.0	1020.0	980.0	1000.0	31
10.09.2020 00:00	1020.0	1020.0	980.0	1000.0	55
11.09.2020 00:00	980.0	1000.0	980.0	1000.0	38
14.09.2020 00:00	1000.0	1000.0	980.0	1000.0	47
15.09.2020 00:00	980.0	1000.0	980.0	980.0	49
16.09.2020 00:00	1000.0	1000.0	980.0	980.0	345
17.09.2020 00:00	980.0	980.0	980.0	980.0	49
18.09.2020 00:00	960.0	980.0	960.0	980.0	22
21.09.2020 00:00	1000.0	1000.0	960.0	980.0	56
22.09.2020 00:00	980.0	980.0	980.0	980.0	61
23.09.2020 00:00	980.0	980.0	960.0	980.0	42
24.09.2020 00:00	980.0	980.0	960.0	980.0	165
25.09.2020 00:00	980.0	980.0	940.0	960.0	104
28.09.2020 00:00	980.0	1000.0	940.0	980.0	98
29.09.2020 00:00	980.0	980.0	960.0	960.0	193
30.09.2020 00:00	980.0	980.0	960.0	960.0	38
01.10.2020 00:00	960.0	980.0	960.0	960.0	29
02.10.2020 00:00	960.0	960.0	940.0	960.0	53
05.10.2020 00:00	940.0	940.0	940.0	940.0	426
06.10.2020 00:00	940.0	960.0	940.0	960.0	43
07.10.2020 00:00	940.0	960.0	940.0	940.0	35
08.10.2020 00:00	960.0	960.0	940.0	940.0	23
09.10.2020 00:00	960.0	960.0	940.0	940.0	95
12.10.2020 00:00	940.0	940.0	940.0	940.0	37
13.10.2020 00:00	940.0	960.0	920.0	920.0	142
14.10.2020 00:00	940.0	940.0	900.0	940.0	110
15.10.2020 00:00	940.0	940.0	920.0	920.0	71
16.10.2020 00:00	940.0	960.0	920.0	940.0	105
19.10.2020 00:00	900.0	940.0	840.0	860.0	1159
20.10.2020 00:00	860.0	880.0	800.0	820.0	709
21.10.2020 00:00	780.0	820.0	780.0	800.0	962
22.10.2020 00:00	820.0	840.0	800.0	820.0	150
23.10.2020 00:00	820.0	840.0	820.0	820.0	108
26.10.2020 00:00	840.0	840.0	820.0	820.0	21
27.10.2020 00:00	800.0	820.0	800.0	820.0	23
28.10.2020 00:00	820.0	840.0	800.0	800.0	53
29.10.2020 00:00	820.0	820.0	820.0	820.0	51
30.10.2020 00:00	840.0	840.0	800.0	820.0	56
02.11.2020 00:00	800.0	840.0	800.0	800.0	212
03.11.2020 00:00	820.0	840.0	820.0	820.0	29
05.11.2020 00:00	820.0	820.0	800.0	820.0	145
06.11.2020 00:00	820.0	820.0	800.0	820.0	71
09.11.2020 00:00	820.0	860.0	820.0	820.0	354
10.11.2020 00:00	840.0	860.0	820.0	840.0	686
11.11.2020 00:00	840.0	880.0	820.0	860.0	804
12.11.2020 00:00	860.0	860.0	840.0	860.0	283
13.11.2020 00:00	840.0	880.0	840.0	880.0	333
16.11.2020 00:00	880.0	1000.0	880.0	900.0	2481
17.11.2020 00:00	920.0	940.0	840.0	900.0	1358
18.11.2020 00:00	940.0	980.0	900.0	960.0	1330
19.11.2020 00:00	960.0	980.0	900.0	960.0	565
20.11.2020 00:00	920.0	940.0	900.0	920.0	474
23.11.2020 00:00	900.0	960.0	900.0	900.0	350
24.11.2020 00:00	920.0	960.0	900.0	920.0	254
25.11.2020 00:00	940.0	940.0	900.0	900.0	211
26.11.2020 00:00	920.0	920.0	900.0	900.0	22
27.11.2020 00:00	900.0	900.0	900.0	900.0	147
30.11.2020 00:00	920.0	920.0	900.0	900.0	150
01.12.2020 00:00	900.0	900.0	900.0	900.0	120
02.12.2020 00:00	920.0	920.0	900.0	900.0	176
03.12.2020 00:00	900.0	920.0	880.0	900.0	106
04.12.2020 00:00	900.0	920.0	880.0	880.0	187
07.12.2020 00:00	920.0	920.0	880.0	880.0	16
08.12.2020 00:00	880.0	900.0	880.0	880.0	166
09.12.2020 00:00	880.0	880.0	880.0	880.0	95
10.12.2020 00:00	880.0	880.0	860.0	860.0	80
11.12.2020 00:00	880.0	880.0	860.0	880.0	77
14.12.2020 00:00	920.0	940.0	880.0	900.0	1004
15.12.2020 00:00	900.0	920.0	900.0	920.0	207
16.12.2020 00:00	920.0	1000.0	920.0	960.0	1752
17.12.2020 00:00	960.0	1040.0	960.0	1020.0	3148
18.12.2020 00:00	1020.0	1100.0	1000.0	1000.0	750
21.12.2020 00:00	1020.0	1020.0	940.0	940.0	405
22.12.2020 00:00	1020.0	1020.0	920.0	960.0	923
23.12.2020 00:00	1000.0	1040.0	940.0	1020.0	1387
24.12.2020 00:00	980.0	1040.0	980.0	1020.0	740
25.12.2020 00:00	1000.0	1020.0	1000.0	1000.0	137
28.12.2020 00:00	980.0	1060.0	980.0	1040.0	683
29.12.2020 00:00	1040.0	1080.0	980.0	1020.0	586
30.12.2020 00:00	1020.0	1040.0	980.0	1000.0	134
04.01.2021 00:00	1000.0	1060.0	1000.0	1020.0	126
05.01.2021 00:00	1040.0	1040.0	1000.0	1020.0	136
06.01.2021 00:00	1020.0	1040.0	1020.0	1040.0	77
08.01.2021 00:00	1040.0	1100.0	1020.0	1040.0	683
11.01.2021 00:00	1020.0	1040.0	1000.0	1020.0	403
12.01.2021 00:00	1020.0	1020.0	1020.0	1020.0	116
13.01.2021 00:00	1020.0	1020.0	1020.0	1020.0	59
14.01.2021 00:00	1020.0	1080.0	1020.0	1040.0	1374
15.01.2021 00:00	1040.0	1040.0	980.0	1020.0	385
18.01.2021 00:00	1020.0	1020.0	1020.0	1020.0	22
19.01.2021 00:00	1020.0	1040.0	1020.0	1020.0	60
20.01.2021 00:00	1020.0	1080.0	1020.0	1040.0	622
21.01.2021 00:00	1060.0	1120.0	1040.0	1080.0	1160
22.01.2021 00:00	1100.0	1140.0	1060.0	1060.0	532
25.01.2021 00:00	1060.0	1140.0	1060.0	1060.0	435
26.01.2021 00:00	1060.0	1100.0	1060.0	1080.0	573
27.01.2021 00:00	1080.0	1100.0	1060.0	1080.0	170
28.01.2021 00:00	1080.0	1080.0	1040.0	1060.0	145
29.01.2021 00:00	1100.0	1100.0	1040.0	1040.0	320
01.02.2021 00:00	1040.0	1040.0	1040.0	1040.0	87
02.02.2021 00:00	1040.0	1080.0	1040.0	1080.0	164
03.02.2021 00:00	1080.0	1160.0	1040.0	1120.0	1173
04.02.2021 00:00	1140.0	1160.0	1100.0	1120.0	385
05.02.2021 00:00	1160.0	1160.0	1080.0	1080.0	277
08.02.2021 00:00	1100.0	1100.0	1080.0	1100.0	92
09.02.2021 00:00	1100.0	1100.0	1040.0	1040.0	291
10.02.2021 00:00	1040.0	1100.0	1040.0	1060.0	163
11.02.2021 00:00	1060.0	1180.0	1060.0	1100.0	2778
12.02.2021 00:00	1100.0	1160.0	1060.0	1140.0	2074
15.02.2021 00:00	1260.0	1340.0	1120.0	1120.0	4651
16.02.2021 00:00	1140.0	1180.0	1060.0	1080.0	2044
17.02.2021 00:00	1080.0	1100.0	1060.0	1060.0	610
18.02.2021 00:00	1060.0	1080.0	1060.0	1060.0	345
19.02.2021 00:00	1040.0	1080.0	1000.0	1060.0	450
20.02.2021 00:00	1060.0	1160.0	1040.0	1060.0	765
22.02.2021 00:00	1060.0	1120.0	1060.0	1100.0	503
24.02.2021 00:00	1060.0	1160.0	1060.0	1060.0	607
25.02.2021 00:00	1060.0	1100.0	1060.0	1080.0	22
26.02.2021 00:00	1060.0	1120.0	1060.0	1060.0	221
01.03.2021 00:00	1100.0	1100.0	1060.0	1080.0	39
02.03.2021 00:00	1060.0	1080.0	1060.0	1060.0	54
03.03.2021 00:00	1060.0	1060.0	1060.0	1060.0	22
04.03.2021 00:00	1080.0	1080.0	1040.0	1060.0	175
05.03.2021 00:00	1040.0	1060.0	1000.0	1020.0	568
09.03.2021 00:00	1060.0	1060.0	1020.0	1040.0	51
10.03.2021 00:00	1000.0	1060.0	1000.0	1020.0	75
11.03.2021 00:00	1060.0	1060.0	1020.0	1040.0	208
12.03.2021 00:00	1020.0	1040.0	1020.0	1040.0	13
15.03.2021 00:00	1040.0	1060.0	1040.0	1040.0	206
16.03.2021 00:00	1040.0	1040.0	1040.0	1040.0	71
17.03.2021 00:00	1040.0	1040.0	1020.0	1020.0	43
18.03.2021 00:00	1040.0	1040.0	1020.0	1020.0	26
19.03.2021 00:00	1040.0	1040.0	1040.0	1040.0	13
22.03.2021 00:00	1020.0	1020.0	1000.0	1020.0	247
23.03.2021 00:00	1020.0	1060.0	1020.0	1020.0	142
24.03.2021 00:00	1000.0	1040.0	1000.0	1020.0	197
25.03.2021 00:00	1020.0	1020.0	1020.0	1020.0	71
26.03.2021 00:00	1020.0	1080.0	1000.0	1020.0	367
29.03.2021 00:00	1020.0	1020.0	1000.0	1020.0	28
30.03.2021 00:00	1020.0	1020.0	1020.0	1020.0	103
31.03.2021 00:00	1020.0	1020.0	1020.0	1020.0	30
01.04.2021 00:00	1020.0	1040.0	1020.0	1040.0	173
02.04.2021 00:00	1040.0	1040.0	1020.0	1020.0	61
05.04.2021 00:00	1040.0	1080.0	1020.0	1040.0	334
06.04.2021 00:00	1040.0	1060.0	1040.0	1060.0	34
07.04.2021 00:00	1040.0	1060.0	1020.0	1040.0	179
08.04.2021 00:00	1020.0	1080.0	1020.0	1040.0	227
09.04.2021 00:00	1040.0	1040.0	1040.0	1040.0	1
12.04.2021 00:00	1020.0	1040.0	1000.0	1000.0	171
13.04.2021 00:00	1020.0	1180.0	1020.0	1080.0	6654
14.04.2021 00:00	1120.0	1440.0	1080.0	1240.0	15987
15.04.2021 00:00	1260.0	1260.0	1120.0	1140.0	4401
16.04.2021 00:00	1140.0	1300.0	1120.0	1160.0	4338
19.04.2021 00:00	1180.0	1280.0	1180.0	1260.0	3248
20.04.2021 00:00	1240.0	1340.0	1200.0	1280.0	1817
21.04.2021 00:00	1280.0	1280.0	1160.0	1220.0	4008
22.04.2021 00:00	1240.0	1240.0	1180.0	1200.0	586
23.04.2021 00:00	1200.0	1260.0	1180.0	1200.0	1155
26.04.2021 00:00	1280.0	1280.0	1180.0	1180.0	1179
27.04.2021 00:00	1200.0	1200.0	1120.0	1140.0	1098
28.04.2021 00:00	1120.0	1140.0	1100.0	1120.0	912
29.04.2021 00:00	1120.0	1140.0	1100.0	1120.0	308
30.04.2021 00:00	1120.0	1120.0	1100.0	1100.0	236
04.05.2021 00:00	1120.0	1140.0	1080.0	1100.0	317
05.05.2021 00:00	1080.0	1140.0	1080.0	1120.0	112
06.05.2021 00:00	1140.0	1160.0	1120.0	1120.0	94
07.05.2021 00:00	1100.0	1140.0	1100.0	1120.0	136
10.05.2021 00:00	1100.0	1160.0	1100.0	1140.0	172
11.05.2021 00:00	1140.0	1140.0	1120.0	1120.0	99
12.05.2021 00:00	1120.0	1140.0	1120.0	1120.0	223
13.05.2021 00:00	1120.0	1120.0	1100.0	1100.0	181
14.05.2021 00:00	1100.0	1100.0	1080.0	1100.0	100
17.05.2021 00:00	1100.0	1100.0	1080.0	1100.0	167
18.05.2021 00:00	1080.0	1100.0	1060.0	1100.0	67
19.05.2021 00:00	1080.0	1100.0	1060.0	1080.0	266
20.05.2021 00:00	1080.0	1080.0	1060.0	1060.0	260
21.05.2021 00:00	1080.0	1100.0	1080.0	1080.0	111
24.05.2021 00:00	1100.0	1100.0	1060.0	1080.0	267
25.05.2021 00:00	1080.0	1080.0	1040.0	1080.0	545
26.05.2021 00:00	1060.0	1080.0	1060.0	1080.0	101
27.05.2021 00:00	1060.0	1080.0	1060.0	1080.0	150
28.05.2021 00:00	1100.0	1100.0	1060.0	1080.0	59
31.05.2021 00:00	1080.0	1080.0	1080.0	1080.0	44
01.06.2021 00:00	1080.0	1080.0	1060.0	1080.0	101
02.06.2021 00:00	1060.0	1100.0	1060.0	1080.0	166
03.06.2021 00:00	1100.0	1100.0	1080.0	1080.0	33
04.06.2021 00:00	1100.0	1100.0	1040.0	1060.0	330
07.06.2021 00:00	1060.0	1060.0	1040.0	1040.0	123
08.06.2021 00:00	1060.0	1160.0	1040.0	1080.0	1841
09.06.2021 00:00	1060.0	1100.0	1060.0	1100.0	160
10.06.2021 00:00	1140.0	1140.0	1060.0	1080.0	208
11.06.2021 00:00	1080.0	1100.0	1060.0	1080.0	203
14.06.2021 00:00	1080.0	1080.0	1080.0	1080.0	48
15.06.2021 00:00	1080.0	1080.0	1060.0	1080.0	183
16.06.2021 00:00	1060.0	1080.0	1060.0	1080.0	82
17.06.2021 00:00	1080.0	1080.0	1060.0	1060.0	19
18.06.2021 00:00	1080.0	1080.0	1040.0	1040.0	137
21.06.2021 00:00	1040.0	1080.0	1020.0	1040.0	348
22.06.2021 00:00	1040.0	1060.0	1020.0	1040.0	213
23.06.2021 00:00	1040.0	1040.0	1020.0	1040.0	23
24.06.2021 00:00	1040.0	1060.0	1000.0	1020.0	484
25.06.2021 00:00	1040.0	1040.0	1000.0	1040.0	48
28.06.2021 00:00	1020.0	1080.0	1000.0	1020.0	917
29.06.2021 00:00	1020.0	1020.0	980.0	980.0	504
30.06.2021 00:00	1000.0	1000.0	980.0	1000.0	121
01.07.2021 00:00	1020.0	1020.0	960.0	980.0	662
02.07.2021 00:00	980.0	980.0	960.0	980.0	223
05.07.2021 00:00	1000.0	1000.0	960.0	960.0	266
06.07.2021 00:00	940.0	980.0	940.0	940.0	436
07.07.2021 00:00	960.0	960.0	900.0	940.0	185
08.07.2021 00:00	940.0	960.0	920.0	940.0	76
09.07.2021 00:00	940.0	940.0	940.0	940.0	40
12.07.2021 00:00	940.0	940.0	920.0	920.0	87
13.07.2021 00:00	920.0	1080.0	920.0	1020.0	1218
14.07.2021 00:00	1020.0	1040.0	960.0	960.0	835
15.07.2021 00:00	960.0	1020.0	940.0	960.0	521
16.07.2021 00:00	980.0	1080.0	940.0	980.0	1679
19.07.2021 00:00	980.0	980.0	960.0	960.0	441
20.07.2021 00:00	960.0	960.0	940.0	960.0	321
21.07.2021 00:00	960.0	960.0	940.0	960.0	191
22.07.2021 00:00	960.0	960.0	940.0	940.0	317
23.07.2021 00:00	940.0	1020.0	940.0	980.0	1058
26.07.2021 00:00	980.0	980.0	940.0	960.0	774
27.07.2021 00:00	960.0	980.0	960.0	960.0	119
28.07.2021 00:00	960.0	960.0	940.0	960.0	221
29.07.2021 00:00	980.0	1000.0	960.0	1000.0	781
30.07.2021 00:00	980.0	1000.0	940.0	940.0	330
02.08.2021 00:00	960.0	1000.0	960.0	980.0	304
03.08.2021 00:00	960.0	980.0	960.0	960.0	117
04.08.2021 00:00	980.0	980.0	960.0	960.0	58
05.08.2021 00:00	980.0	980.0	960.0	960.0	49
06.08.2021 00:00	960.0	980.0	940.0	960.0	278
09.08.2021 00:00	960.0	980.0	960.0	980.0	120
10.08.2021 00:00	980.0	980.0	940.0	960.0	241
11.08.2021 00:00	1000.0	1000.0	960.0	960.0	223
12.08.2021 00:00	960.0	960.0	960.0	960.0	87
13.08.2021 00:00	960.0	960.0	960.0	960.0	48
16.08.2021 00:00	960.0	980.0	960.0	960.0	104
17.08.2021 00:00	960.0	980.0	940.0	960.0	120
18.08.2021 00:00	960.0	960.0	940.0	960.0	79
19.08.2021 00:00	960.0	1140.0	960.0	1020.0	8223
20.08.2021 00:00	1040.0	1040.0	980.0	980.0	1748
23.08.2021 00:00	1000.0	1000.0	960.0	980.0	2220
24.08.2021 00:00	960.0	1020.0	960.0	980.0	2032
25.08.2021 00:00	1000.0	1160.0	980.0	1060.0	9983
26.08.2021 00:00	1060.0	1080.0	1020.0	1060.0	1058
27.08.2021 00:00	1080.0	1180.0	1040.0	1060.0	3017
30.08.2021 00:00	1060.0	1100.0	1060.0	1060.0	1517
31.08.2021 00:00	1080.0	1080.0	1020.0	1040.0	1130
01.09.2021 00:00	1020.0	1040.0	1000.0	1040.0	349
02.09.2021 00:00	1020.0	1060.0	1020.0	1040.0	424
03.09.2021 00:00	1040.0	1080.0	1040.0	1040.0	326
06.09.2021 00:00	1040.0	1080.0	1040.0	1060.0	448
07.09.2021 00:00	1040.0	1280.0	1040.0	1100.0	9194
08.09.2021 00:00	1100.0	1220.0	1080.0	1140.0	5713
09.09.2021 00:00	1140.0	1200.0	1100.0	1120.0	1394
10.09.2021 00:00	1120.0	1160.0	1080.0	1100.0	917
13.09.2021 00:00	1120.0	1140.0	1100.0	1120.0	1054
14.09.2021 00:00	1100.0	1120.0	1080.0	1080.0	491
15.09.2021 00:00	1100.0	1100.0	1080.0	1080.0	178
16.09.2021 00:00	1080.0	1100.0	1060.0	1060.0	158
17.09.2021 00:00	1080.0	1080.0	1040.0	1040.0	701
20.09.2021 00:00	1040.0	1040.0	960.0	1020.0	2627
21.09.2021 00:00	1020.0	1020.0	1000.0	1020.0	333
22.09.2021 00:00	1020.0	1060.0	1020.0	1060.0	462
23.09.2021 00:00	1060.0	1080.0	1020.0	1040.0	217
24.09.2021 00:00	1040.0	1060.0	1000.0	1020.0	255
27.09.2021 00:00	1020.0	1020.0	1000.0	1020.0	862
28.09.2021 00:00	1020.0	1020.0	1000.0	1000.0	269
29.09.2021 00:00	1000.0	1000.0	1000.0	1000.0	292
30.09.2021 00:00	1000.0	1100.0	1000.0	1060.0	1786
01.10.2021 00:00	1060.0	1060.0	1020.0	1020.0	1004
04.10.2021 00:00	1020.0	1040.0	1000.0	1020.0	689
05.10.2021 00:00	1020.0	1060.0	1020.0	1020.0	269
06.10.2021 00:00	1020.0	1020.0	1000.0	1020.0	285
07.10.2021 00:00	1020.0	1020.0	1000.0	1020.0	260
08.10.2021 00:00	1020.0	1020.0	1020.0	1020.0	316
11.10.2021 00:00	1020.0	1060.0	1020.0	1040.0	213
12.10.2021 00:00	1040.0	1060.0	1020.0	1020.0	196
13.10.2021 00:00	1040.0	1040.0	1020.0	1040.0	280
14.10.2021 00:00	1020.0	1040.0	1020.0	1040.0	511
15.10.2021 00:00	1040.0	1460.0	1020.0	1460.0	14172
18.10.2021 00:00	1600.0	1880.0	1300.0	1440.0	15446
19.10.2021 00:00	1420.0	2020.0	1380.0	2020.0	24372
20.10.2021 00:00	2020.0	2220.0	1800.0	2060.0	21306
21.10.2021 00:00	2140.0	2200.0	1840.0	1900.0	4573
22.10.2021 00:00	1900.0	1980.0	1640.0	1760.0	2672
25.10.2021 00:00	1760.0	1900.0	1700.0	1900.0	3998
26.10.2021 00:00	1980.0	2080.0	1940.0	2020.0	2289
27.10.2021 00:00	2020.0	2160.0	1880.0	2040.0	2497
28.10.2021 00:00	2140.0	2140.0	1900.0	2040.0	1698
29.10.2021 00:00	2100.0	2120.0	1880.0	2060.0	779
01.11.2021 00:00	2000.0	2220.0	2000.0	2200.0	1224
02.11.2021 00:00	2260.0	2300.0	2100.0	2220.0	716
03.11.2021 00:00	2240.0	2400.0	2040.0	2120.0	1393
05.11.2021 00:00	2120.0	2260.0	2040.0	2100.0	999
08.11.2021 00:00	2120.0	2180.0	2000.0	2100.0	714
09.11.2021 00:00	2100.0	2100.0	2000.0	2000.0	813
10.11.2021 00:00	2060.0	2060.0	1900.0	1940.0	881
11.11.2021 00:00	1940.0	1940.0	1760.0	1760.0	1718
12.11.2021 00:00	1780.0	2280.0	1760.0	1860.0	6653
15.11.2021 00:00	1860.0	1960.0	1800.0	1840.0	764
16.11.2021 00:00	1820.0	1940.0	1800.0	1820.0	738
17.11.2021 00:00	1820.0	1880.0	1720.0	1780.0	460
18.11.2021 00:00	1820.0	1960.0	1680.0	1840.0	3701
19.11.2021 00:00	1880.0	2200.0	1860.0	2120.0	11351
22.11.2021 00:00	2140.0	3000.0	2000.0	2920.0	20238
23.11.2021 00:00	2940.0	4100.0	2920.0	4100.0	24839
24.11.2021 00:00	3880.0	4060.0	3080.0	3160.0	11009
25.11.2021 00:00	3200.0	3460.0	3200.0	3420.0	3998
26.11.2021 00:00	3480.0	3500.0	2880.0	3000.0	5265
29.11.2021 00:00	3220.0	3220.0	2780.0	3040.0	3888
30.11.2021 00:00	3040.0	3180.0	2820.0	2840.0	1151
01.12.2021 00:00	2980.0	3000.0	2720.0	2980.0	1323
02.12.2021 00:00	2900.0	3000.0	2800.0	2860.0	1070
03.12.2021 00:00	2980.0	2980.0	2760.0	2920.0	718
06.12.2021 00:00	2820.0	3040.0	2780.0	2840.0	854
07.12.2021 00:00	2820.0	3080.0	2820.0	2880.0	1356
08.12.2021 00:00	3040.0	3040.0	2820.0	2880.0	492
09.12.2021 00:00	3040.0	3060.0	2760.0	2840.0	1553
10.12.2021 00:00	2960.0	2980.0	2760.0	2780.0	702
13.12.2021 00:00	2720.0	2840.0	2380.0	2480.0	531
14.12.2021 00:00	2380.0	2560.0	2000.0	2360.0	2766
15.12.2021 00:00	2440.0	2820.0	2340.0	2440.0	2544
16.12.2021 00:00	2680.0	2680.0	2440.0	2500.0	285
17.12.2021 00:00	2580.0	2620.0	2520.0	2580.0	102
20.12.2021 00:00	2600.0	2620.0	2400.0	2460.0	348
21.12.2021 00:00	2500.0	2560.0	2400.0	2480.0	306
22.12.2021 00:00	2520.0	2560.0	2400.0	2400.0	657
23.12.2021 00:00	2400.0	2460.0	2300.0	2420.0	396
24.12.2021 00:00	2460.0	2760.0	2240.0	2640.0	1370
27.12.2021 00:00	2480.0	2960.0	2420.0	2560.0	1512
28.12.2021 00:00	2620.0	2720.0	2540.0	2560.0	682
29.12.2021 00:00	2580.0	2620.0	2500.0	2560.0	174
30.12.2021 00:00	2500.0	2700.0	2460.0	2540.0	442
03.01.2022 00:00	2600.0	2620.0	2520.0	2600.0	161
04.01.2022 00:00	2580.0	2620.0	2560.0	2560.0	87
05.01.2022 00:00	2480.0	2600.0	2480.0	2540.0	218
06.01.2022 00:00	2460.0	2560.0	2460.0	2480.0	125
10.01.2022 00:00	2440.0	2580.0	2320.0	2460.0	692
11.01.2022 00:00	2460.0	2580.0	2380.0	2500.0	681
12.01.2022 00:00	2600.0	2600.0	2460.0	2540.0	200
13.01.2022 00:00	2520.0	2520.0	2460.0	2460.0	79
14.01.2022 00:00	2460.0	2520.0	2220.0	2300.0	748
17.01.2022 00:00	2460.0	2460.0	2120.0	2160.0	439
18.01.2022 00:00	2120.0	2220.0	1960.0	1980.0	356
19.01.2022 00:00	1940.0	2040.0	1840.0	1960.0	922
20.01.2022 00:00	2060.0	2060.0	1900.0	1940.0	204
21.01.2022 00:00	1940.0	1940.0	1800.0	1880.0	190
24.01.2022 00:00	1860.0	1980.0	1700.0	1720.0	442
25.01.2022 00:00	1700.0	1900.0	1700.0	1900.0	210
26.01.2022 00:00	1940.0	2000.0	1820.0	1960.0	256
27.01.2022 00:00	1980.0	2020.0	1920.0	2020.0	193
28.01.2022 00:00	2100.0	2120.0	1900.0	1980.0	220
31.01.2022 00:00	2060.0	2060.0	2000.0	2000.0	86
01.02.2022 00:00	2000.0	2000.0	1980.0	1980.0	104
02.02.2022 00:00	2040.0	2140.0	1960.0	2060.0	149
03.02.2022 00:00	2000.0	2060.0	1980.0	1980.0	28
04.02.2022 00:00	1980.0	2020.0	1960.0	1960.0	18
07.02.2022 00:00	1960.0	1960.0	1960.0	1960.0	22
08.02.2022 00:00	2040.0	2740.0	2040.0	2740.0	6674
09.02.2022 00:00	2740.0	2860.0	2440.0	2520.0	3492
10.02.2022 00:00	2600.0	2600.0	2320.0	2380.0	1138
11.02.2022 00:00	2300.0	2760.0	2300.0	2560.0	4684
14.02.2022 00:00	2480.0	3180.0	2380.0	2820.0	4235
15.02.2022 00:00	2960.0	3860.0	2840.0	3860.0	11337
16.02.2022 00:00	3880.0	4960.0	3240.0	3860.0	16571
17.02.2022 00:00	3920.0	4200.0	3460.0	3680.0	4101
18.02.2022 00:00	3740.0	4020.0	3500.0	3640.0	4451
21.02.2022 00:00	3760.0	3980.0	2680.0	3140.0	3967
22.02.2022 00:00	3140.0	3520.0	2520.0	3500.0	1997
24.02.2022 00:00	3160.0	3160.0	2200.0	2600.0	539
25.02.2022 00:00	2500.0	3240.0	2500.0	3000.0	708
28.03.2022 00:00	2260.0	3000.0	2260.0	2660.0	299
29.03.2022 00:00	2460.0	2940.0	2440.0	2860.0	391
30.03.2022 00:00	2760.0	3060.0	2760.0	2940.0	223
31.03.2022 00:00	2800.0	3060.0	2800.0	2940.0	333
01.04.2022 00:00	2920.0	2980.0	2800.0	2840.0	195
04.04.2022 00:00	3100.0	3840.0	2740.0	2920.0	453
05.04.2022 00:00	3100.0	3100.0	2720.0	2800.0	124
06.04.2022 00:00	2740.0	3060.0	2740.0	2880.0	339
07.04.2022 00:00	2900.0	2960.0	2800.0	2900.0	103
08.04.2022 00:00	2820.0	2920.0	2820.0	2880.0	57
11.04.2022 00:00	2820.0	2920.0	2800.0	2840.0	96
12.04.2022 00:00	2760.0	2800.0	2620.0	2720.0	124
13.04.2022 00:00	2760.0	3440.0	2700.0	2980.0	3225
14.04.2022 00:00	2920.0	2920.0	2720.0	2760.0	552
15.04.2022 00:00	2880.0	2880.0	2720.0	2780.0	110
18.04.2022 00:00	2720.0	2820.0	2700.0	2720.0	82
19.04.2022 00:00	2720.0	2800.0	2700.0	2700.0	167
20.04.2022 00:00	2700.0	2880.0	2640.0	2700.0	229
21.04.2022 00:00	2820.0	2820.0	2720.0	2740.0	58
22.04.2022 00:00	2820.0	2820.0	2660.0	2680.0	30
25.04.2022 00:00	2660.0	2660.0	2640.0	2640.0	24
26.04.2022 00:00	2660.0	2880.0	2600.0	2720.0	99
27.04.2022 00:00	2720.0	2800.0	2700.0	2740.0	56
28.04.2022 00:00	2760.0	2800.0	2620.0	2720.0	155
29.04.2022 00:00	2760.0	2780.0	2700.0	2780.0	137
04.05.2022 00:00	2780.0	2860.0	2640.0	2700.0	128
05.05.2022 00:00	2800.0	2860.0	2620.0	2660.0	133
06.05.2022 00:00	2660.0	3020.0	2640.0	2660.0	1270
11.05.2022 00:00	2740.0	2820.0	2680.0	2720.0	384
12.05.2022 00:00	2720.0	2780.0	2700.0	2740.0	154
13.05.2022 00:00	2720.0	2740.0	2720.0	2740.0	9
16.05.2022 00:00	2700.0	2880.0	2700.0	2720.0	157
17.05.2022 00:00	2780.0	2840.0	2700.0	2740.0	115
18.05.2022 00:00	2800.0	2800.0	2700.0	2760.0	76
19.05.2022 00:00	2720.0	2760.0	2700.0	2720.0	95
20.05.2022 00:00	2700.0	2720.0	2700.0	2700.0	24
23.05.2022 00:00	2700.0	2720.0	2660.0	2660.0	30
24.05.2022 00:00	2700.0	2700.0	2520.0	2580.0	89
25.05.2022 00:00	2600.0	2600.0	2560.0	2560.0	25
26.05.2022 00:00	2560.0	2560.0	2460.0	2540.0	117
27.05.2022 00:00	2560.0	2600.0	2400.0	2440.0	148
30.05.2022 00:00	2440.0	2460.0	2380.0	2420.0	97
31.05.2022 00:00	2380.0	2460.0	2380.0	2400.0	48
01.06.2022 00:00	2440.0	2680.0	2400.0	2400.0	689
02.06.2022 00:00	2400.0	2440.0	2340.0	2360.0	113
03.06.2022 00:00	2360.0	2460.0	2240.0	2300.0	144
06.06.2022 00:00	2300.0	2300.0	2160.0	2160.0	43
07.06.2022 00:00	2160.0	2180.0	2080.0	2120.0	73
08.06.2022 00:00	2100.0	2720.0	2080.0	2400.0	1765
09.06.2022 00:00	2420.0	2460.0	2220.0	2260.0	442
10.06.2022 00:00	2320.0	2340.0	2140.0	2160.0	196
14.06.2022 00:00	2220.0	2320.0	2080.0	2140.0	174
15.06.2022 00:00	2100.0	2180.0	2060.0	2120.0	65
16.06.2022 00:00	2160.0	2180.0	2140.0	2160.0	18
17.06.2022 00:00	2200.0	2540.0	2180.0	2280.0	503
20.06.2022 00:00	2220.0	2340.0	2180.0	2300.0	118
21.06.2022 00:00	2300.0	2500.0	2280.0	2360.0	375
22.06.2022 00:00	2440.0	2440.0	2200.0	2300.0	150
23.06.2022 00:00	2360.0	2400.0	2200.0	2300.0	204
24.06.2022 00:00	2440.0	2440.0	2240.0	2260.0	123
27.06.2022 00:00	2200.0	2920.0	2200.0	2780.0	1930
28.06.2022 00:00	3060.0	3440.0	2840.0	3140.0	2775
29.06.2022 00:00	3140.0	3860.0	3020.0	3160.0	3299
30.06.2022 00:00	3220.0	3580.0	2860.0	3220.0	2972
01.07.2022 00:00	2920.0	3260.0	2920.0	3040.0	406
04.07.2022 00:00	3060.0	3260.0	3040.0	3080.0	309
05.07.2022 00:00	3180.0	3180.0	2900.0	3020.0	271
06.07.2022 00:00	2940.0	2980.0	2880.0	2880.0	742
07.07.2022 00:00	2960.0	2980.0	2880.0	2940.0	86
08.07.2022 00:00	3000.0	3000.0	2820.0	2920.0	171
11.07.2022 00:00	2820.0	2900.0	2720.0	2880.0	109
12.07.2022 00:00	2900.0	2900.0	2720.0	2800.0	86
13.07.2022 00:00	2820.0	2900.0	2820.0	2900.0	61
14.07.2022 00:00	2720.0	2900.0	2720.0	2820.0	38
15.07.2022 00:00	2820.0	2860.0	2780.0	2780.0	49
18.07.2022 00:00	2720.0	2900.0	2700.0	2820.0	154
19.07.2022 00:00	2780.0	2820.0	2560.0	2580.0	612
20.07.2022 00:00	2580.0	2620.0	2520.0	2540.0	92
21.07.2022 00:00	2540.0	2540.0	2480.0	2520.0	35
22.07.2022 00:00	2560.0	2560.0	2500.0	2540.0	27
25.07.2022 00:00	2580.0	2900.0	2500.0	2700.0	808
26.07.2022 00:00	2740.0	2740.0	2640.0	2680.0	232
27.07.2022 00:00	2740.0	2760.0	2660.0	2680.0	128
28.07.2022 00:00	2740.0	2940.0	2740.0	2780.0	333
29.07.2022 00:00	2800.0	2840.0	2780.0	2800.0	28
01.08.2022 00:00	2840.0	2840.0	2720.0	2780.0	306
02.08.2022 00:00	2780.0	2780.0	2640.0	2740.0	111
03.08.2022 00:00	2740.0	2780.0	2700.0	2700.0	44
04.08.2022 00:00	2720.0	2760.0	2640.0	2660.0	52
05.08.2022 00:00	2700.0	2700.0	2660.0	2660.0	22
08.08.2022 00:00	2660.0	2700.0	2580.0	2700.0	51
09.08.2022 00:00	2700.0	2700.0	2660.0	2660.0	147
10.08.2022 00:00	2660.0	2700.0	2660.0	2680.0	72
11.08.2022 00:00	2700.0	2700.0	2540.0	2660.0	160
12.08.2022 00:00	2600.0	2680.0	2600.0	2680.0	152
15.08.2022 00:00	2660.0	2680.0	2660.0	2660.0	19
16.08.2022 00:00	2700.0	2720.0	2620.0	2660.0	76
17.08.2022 00:00	2680.0	2700.0	2660.0	2680.0	35
18.08.2022 00:00	2680.0	2680.0	2620.0	2660.0	74
19.08.2022 00:00	2720.0	2720.0	2680.0	2680.0	88
22.08.2022 00:00	2680.0	2680.0	2660.0	2660.0	62
23.08.2022 00:00	2680.0	2720.0	2660.0	2700.0	89
24.08.2022 00:00	2660.0	2900.0	2640.0	2680.0	490
25.08.2022 00:00	2660.0	2680.0	2660.0	2660.0	104
26.08.2022 00:00	2660.0	3160.0	2660.0	2720.0	1343
29.08.2022 00:00	2800.0	2960.0	2800.0	2920.0	147
30.08.2022 00:00	2880.0	2900.0	2860.0	2880.0	56
31.08.2022 00:00	2860.0	3320.0	2760.0	3000.0	837
01.09.2022 00:00	3000.0	3000.0	2820.0	2980.0	107
02.09.2022 00:00	3000.0	3120.0	2920.0	3080.0	413
05.09.2022 00:00	3260.0	3260.0	3000.0	3080.0	428
06.09.2022 00:00	3040.0	3140.0	3020.0	3080.0	282
07.09.2022 00:00	3080.0	3200.0	2960.0	3100.0	421
08.09.2022 00:00	3140.0	3340.0	2920.0	3100.0	591
09.09.2022 00:00	3120.0	3120.0	3000.0	3040.0	264
12.09.2022 00:00	3000.0	3100.0	3000.0	3060.0	35
13.09.2022 00:00	3020.0	3100.0	2980.0	3020.0	398
14.09.2022 00:00	3040.0	3040.0	3000.0	3020.0	30
15.09.2022 00:00	3020.0	3080.0	2980.0	3020.0	128
16.09.2022 00:00	3000.0	3000.0	2980.0	2980.0	36
19.09.2022 00:00	3000.0	3020.0	2980.0	3000.0	19
20.09.2022 00:00	3000.0	3000.0	2900.0	2940.0	275
21.09.2022 00:00	2900.0	2980.0	2600.0	2800.0	111
22.09.2022 00:00	3000.0	3080.0	2880.0	2900.0	135
23.09.2022 00:00	2940.0	3100.0	2900.0	2900.0	187
26.09.2022 00:00	2900.0	2900.0	2560.0	2660.0	209
27.09.2022 00:00	2660.0	2780.0	2560.0	2640.0	21
28.09.2022 00:00	2680.0	2680.0	2620.0	2620.0	18
29.09.2022 00:00	2640.0	2680.0	2540.0	2580.0	130
30.09.2022 00:00	2600.0	2620.0	2200.0	2600.0	308
03.10.2022 00:00	2560.0	2620.0	2460.0	2560.0	1538
04.10.2022 00:00	2540.0	2560.0	2500.0	2520.0	163
05.10.2022 00:00	2500.0	2520.0	2500.0	2520.0	48
06.10.2022 00:00	2540.0	2560.0	2500.0	2520.0	100
07.10.2022 00:00	2520.0	2540.0	2460.0	2460.0	78
10.10.2022 00:00	2360.0	2800.0	2360.0	2640.0	934
11.10.2022 00:00	2780.0	2800.0	2560.0	2640.0	110
12.10.2022 00:00	2600.0	2600.0	2580.0	2600.0	26
13.10.2022 00:00	2600.0	2780.0	2560.0	2600.0	194
14.10.2022 00:00	2580.0	2700.0	2580.0	2640.0	48
17.10.2022 00:00	2660.0	2760.0	2640.0	2760.0	64
18.10.2022 00:00	2720.0	2900.0	2660.0	2740.0	151
19.10.2022 00:00	2720.0	3200.0	2720.0	3060.0	2165
20.10.2022 00:00	3060.0	3380.0	2900.0	3020.0	1528
21.10.2022 00:00	3020.0	3100.0	2860.0	2960.0	326
24.10.2022 00:00	2880.0	3000.0	2880.0	2900.0	139
25.10.2022 00:00	2960.0	2960.0	2860.0	2920.0	190
26.10.2022 00:00	2920.0	2920.0	2860.0	2920.0	80
27.10.2022 00:00	2920.0	2920.0	2880.0	2900.0	233
28.10.2022 00:00	2900.0	2920.0	2860.0	2880.0	232
31.10.2022 00:00	2880.0	2920.0	2880.0	2880.0	40
01.11.2022 00:00	2880.0	2900.0	2840.0	2880.0	57
02.11.2022 00:00	2880.0	2880.0	2840.0	2860.0	14
03.11.2022 00:00	2880.0	2880.0	2840.0	2880.0	5
07.11.2022 00:00	2900.0	3140.0	2880.0	3000.0	293
08.11.2022 00:00	3040.0	3040.0	2800.0	2860.0	401
09.11.2022 00:00	2920.0	2940.0	2860.0	2880.0	90
10.11.2022 00:00	2900.0	2940.0	2820.0	2880.0	68
11.11.2022 00:00	2860.0	2880.0	2760.0	2820.0	256
14.11.2022 00:00	2820.0	2820.0	2760.0	2800.0	98
15.11.2022 00:00	2800.0	2820.0	2780.0	2800.0	44
16.11.2022 00:00	2800.0	2960.0	2800.0	2820.0	285
17.11.2022 00:00	2800.0	2820.0	2760.0	2780.0	192
18.11.2022 00:00	2780.0	3680.0	2760.0	3160.0	12124
21.11.2022 00:00	3180.0	3480.0	2900.0	3080.0	5363
22.11.2022 00:00	3080.0	3080.0	2900.0	2960.0	1428
23.11.2022 00:00	2960.0	2980.0	2880.0	2920.0	384
24.11.2022 00:00	2920.0	2960.0	2840.0	2860.0	639
25.11.2022 00:00	2840.0	2880.0	2800.0	2820.0	961
28.11.2022 00:00	2800.0	2880.0	2800.0	2840.0	178
29.11.2022 00:00	2860.0	3080.0	2860.0	2880.0	1149
30.11.2022 00:00	2860.0	2940.0	2860.0	2900.0	175
01.12.2022 00:00	2900.0	2920.0	2860.0	2880.0	109
02.12.2022 00:00	2900.0	2900.0	2860.0	2860.0	131
05.12.2022 00:00	2860.0	2880.0	2860.0	2860.0	30
06.12.2022 00:00	2860.0	2860.0	2820.0	2860.0	123
07.12.2022 00:00	2840.0	2860.0	2840.0	2840.0	29
08.12.2022 00:00	2840.0	2840.0	2820.0	2840.0	41
09.12.2022 00:00	2820.0	2840.0	2800.0	2820.0	89
12.12.2022 00:00	2840.0	2860.0	2820.0	2820.0	53
13.12.2022 00:00	2860.0	2860.0	2800.0	2820.0	117
14.12.2022 00:00	2820.0	2860.0	2820.0	2840.0	113
15.12.2022 00:00	2840.0	2840.0	2820.0	2820.0	60
16.12.2022 00:00	2820.0	3440.0	2800.0	2840.0	3730
19.12.2022 00:00	2880.0	2940.0	2840.0	2920.0	666
20.12.2022 00:00	2900.0	2920.0	2820.0	2880.0	281
21.12.2022 00:00	2880.0	2880.0	2840.0	2860.0	140
22.12.2022 00:00	2860.0	2860.0	2820.0	2860.0	57
23.12.2022 00:00	2860.0	2920.0	2840.0	2880.0	153
26.12.2022 00:00	2880.0	2900.0	2860.0	2900.0	111
27.12.2022 00:00	2860.0	2900.0	2860.0	2880.0	51
28.12.2022 00:00	2860.0	3280.0	2860.0	2900.0	1494
29.12.2022 00:00	2920.0	2920.0	2880.0	2900.0	34
30.12.2022 00:00	2900.0	2940.0	2880.0	2880.0	183
03.01.2023 00:00	2900.0	2940.0	2880.0	2940.0	148
04.01.2023 00:00	2920.0	2920.0	2900.0	2920.0	42
05.01.2023 00:00	2920.0	3180.0	2920.0	3060.0	724
06.01.2023 00:00	3100.0	3300.0	3000.0	3060.0	1777
09.01.2023 00:00	3040.0	3040.0	2920.0	2980.0	348
10.01.2023 00:00	2940.0	3000.0	2920.0	2980.0	132
11.01.2023 00:00	2980.0	3040.0	2960.0	3040.0	361
12.01.2023 00:00	3060.0	3060.0	2980.0	3020.0	264
13.01.2023 00:00	3000.0	3020.0	2980.0	3000.0	95
16.01.2023 00:00	3000.0	3100.0	3000.0	3020.0	124
17.01.2023 00:00	3040.0	3040.0	3000.0	3040.0	99
18.01.2023 00:00	3000.0	3020.0	2960.0	3000.0	309
19.01.2023 00:00	3000.0	3020.0	2980.0	2980.0	53
20.01.2023 00:00	3000.0	3000.0	2940.0	2980.0	70
23.01.2023 00:00	2980.0	3020.0	2980.0	3020.0	136
24.01.2023 00:00	3020.0	3020.0	3000.0	3000.0	145
25.01.2023 00:00	3000.0	3060.0	3000.0	3060.0	193
26.01.2023 00:00	3100.0	4280.0	3060.0	4280.0	30354
27.01.2023 00:00	4680.0	4980.0	3700.0	4000.0	18222
30.01.2023 00:00	4020.0	4200.0	3720.0	3960.0	1577
31.01.2023 00:00	3780.0	4060.0	3760.0	3840.0	785
01.02.2023 00:00	3900.0	4960.0	3840.0	4300.0	15292
02.02.2023 00:00	4360.0	4400.0	4020.0	4220.0	2266
03.02.2023 00:00	4280.0	4780.0	4220.0	4440.0	2475
06.02.2023 00:00	4460.0	4460.0	4220.0	4320.0	1213
07.02.2023 00:00	4380.0	4380.0	4100.0	4260.0	1659
08.02.2023 00:00	4300.0	4380.0	4200.0	4260.0	957
09.02.2023 00:00	4300.0	4300.0	4160.0	4200.0	424
10.02.2023 00:00	4260.0	4300.0	4100.0	4160.0	267
13.02.2023 00:00	4180.0	4180.0	4080.0	4140.0	146
14.02.2023 00:00	4140.0	4540.0	4080.0	4140.0	2026
15.02.2023 00:00	4140.0	4140.0	3780.0	3920.0	624
16.02.2023 00:00	3940.0	4160.0	3800.0	3860.0	273
17.02.2023 00:00	3900.0	3940.0	3780.0	3800.0	119
20.02.2023 00:00	3800.0	3940.0	3800.0	3880.0	137
21.02.2023 00:00	3920.0	4360.0	3920.0	4040.0	1364
22.02.2023 00:00	4060.0	4100.0	3940.0	4020.0	136
24.02.2023 00:00	4040.0	4060.0	3960.0	3980.0	115
27.02.2023 00:00	4060.0	4060.0	3960.0	4020.0	104
28.02.2023 00:00	3940.0	4120.0	3940.0	4020.0	105
01.03.2023 00:00	4080.0	4120.0	4020.0	4040.0	192
02.03.2023 00:00	4100.0	4240.0	4020.0	4060.0	862
03.03.2023 00:00	4060.0	4120.0	4060.0	4060.0	123
06.03.2023 00:00	4180.0	4180.0	4100.0	4100.0	102
07.03.2023 00:00	4100.0	4140.0	4040.0	4040.0	85
09.03.2023 00:00	4120.0	4120.0	4060.0	4080.0	60
10.03.2023 00:00	4040.0	4100.0	4040.0	4060.0	51
13.03.2023 00:00	4100.0	4200.0	4080.0	4100.0	305
14.03.2023 00:00	4100.0	4100.0	4080.0	4100.0	54
15.03.2023 00:00	4080.0	4180.0	4040.0	4100.0	206
16.03.2023 00:00	4160.0	4160.0	4060.0	4140.0	63
17.03.2023 00:00	4240.0	4260.0	4080.0	4200.0	429
20.03.2023 00:00	4500.0	5020.0	4280.0	4780.0	8982
21.03.2023 00:00	4780.0	4860.0	4600.0	4620.0	1498
22.03.2023 00:00	4620.0	4700.0	4580.0	4620.0	258
23.03.2023 00:00	4620.0	4780.0	4580.0	4640.0	259
24.03.2023 00:00	4700.0	5260.0	4640.0	4720.0	3425
27.03.2023 00:00	4760.0	4980.0	4680.0	4720.0	890
28.03.2023 00:00	4960.0	6120.0	4880.0	5360.0	20437
29.03.2023 00:00	5460.0	5460.0	5140.0	5260.0	2639
30.03.2023 00:00	5260.0	5280.0	5180.0	5200.0	483
31.03.2023 00:00	5200.0	5200.0	5140.0	5180.0	436
03.04.2023 00:00	5140.0	5360.0	5100.0	5340.0	653
04.04.2023 00:00	5340.0	5640.0	5200.0	5300.0	1940
05.04.2023 00:00	5200.0	5360.0	5160.0	5260.0	570
06.04.2023 00:00	5260.0	5300.0	5100.0	5300.0	477
07.04.2023 00:00	5300.0	5320.0	5220.0	5300.0	232
10.04.2023 00:00	5360.0	5360.0	5240.0	5340.0	287
11.04.2023 00:00	5340.0	5500.0	5200.0	5300.0	649
12.04.2023 00:00	5260.0	5380.0	5220.0	5280.0	111
13.04.2023 00:00	5300.0	5380.0	5100.0	5180.0	577
14.04.2023 00:00	5160.0	5460.0	5160.0	5280.0	465
17.04.2023 00:00	5300.0	5420.0	5300.0	5300.0	288
18.04.2023 00:00	5280.0	5380.0	5280.0	5320.0	100
19.04.2023 00:00	5320.0	5420.0	5280.0	5300.0	297
20.04.2023 00:00	5340.0	5340.0	5160.0	5240.0	216
21.04.2023 00:00	5240.0	5300.0	5200.0	5280.0	149
24.04.2023 00:00	5160.0	5300.0	5160.0	5300.0	217
25.04.2023 00:00	5240.0	5320.0	5180.0	5260.0	85
26.04.2023 00:00	5240.0	5340.0	5160.0	5240.0	222
27.04.2023 00:00	5220.0	5320.0	5200.0	5260.0	45
28.04.2023 00:00	5240.0	5340.0	5140.0	5160.0	144
02.05.2023 00:00	5200.0	5260.0	4640.0	4960.0	319
03.05.2023 00:00	4680.0	5060.0	4460.0	4800.0	529
04.05.2023 00:00	4780.0	4960.0	4500.0	4640.0	380
05.05.2023 00:00	4640.0	4680.0	4480.0	4600.0	276
08.05.2023 00:00	4580.0	4640.0	4540.0	4640.0	32
10.05.2023 00:00	4620.0	4820.0	4600.0	4760.0	308
11.05.2023 00:00	4820.0	5040.0	4660.0	4820.0	309
12.05.2023 00:00	5040.0	5040.0	4740.0	4800.0	87
15.05.2023 00:00	4740.0	5020.0	4740.0	4900.0	96
16.05.2023 00:00	4900.0	4980.0	4900.0	4980.0	86
17.05.2023 00:00	5020.0	5040.0	4900.0	5000.0	189
18.05.2023 00:00	5040.0	5080.0	4700.0	4880.0	168
19.05.2023 00:00	4800.0	4940.0	4760.0	4880.0	47
22.05.2023 00:00	4920.0	4920.0	4800.0	4800.0	56
23.05.2023 00:00	4800.0	4860.0	4760.0	4780.0	48
24.05.2023 00:00	4900.0	4900.0	4800.0	4800.0	54
25.05.2023 00:00	4860.0	4920.0	4800.0	4800.0	98
26.05.2023 00:00	4920.0	4920.0	4820.0	4860.0	48
29.05.2023 00:00	4860.0	4860.0	4800.0	4820.0	70
30.05.2023 00:00	4820.0	4900.0	4820.0	4840.0	48
31.05.2023 00:00	4800.0	4820.0	4660.0	4660.0	145
01.06.2023 00:00	4740.0	4780.0	4580.0	4760.0	180
02.06.2023 00:00	4800.0	4800.0	4620.0	4720.0	42
05.06.2023 00:00	4720.0	4740.0	4500.0	4640.0	203
06.06.2023 00:00	4520.0	4740.0	4520.0	4580.0	90
07.06.2023 00:00	4600.0	5280.0	4600.0	4820.0	1831
08.06.2023 00:00	5000.0	5500.0	4960.0	5220.0	2851
09.06.2023 00:00	5220.0	5340.0	5020.0	5080.0	454
13.06.2023 00:00	5140.0	5160.0	4920.0	4980.0	180
14.06.2023 00:00	5020.0	5100.0	4980.0	5040.0	147
15.06.2023 00:00	5080.0	5100.0	4980.0	5060.0	95
16.06.2023 00:00	5060.0	5100.0	4800.0	4960.0	444
19.06.2023 00:00	4980.0	5100.0	4900.0	5040.0	205
20.06.2023 00:00	5060.0	5120.0	4900.0	4900.0	227
21.06.2023 00:00	5000.0	5160.0	4980.0	5040.0	316
22.06.2023 00:00	5080.0	5160.0	5000.0	5160.0	265
23.06.2023 00:00	5200.0	5200.0	5000.0	5040.0	181
26.06.2023 00:00	5020.0	5080.0	5000.0	5040.0	54
27.06.2023 00:00	5020.0	5140.0	5020.0	5140.0	69
28.06.2023 00:00	5140.0	5140.0	5040.0	5060.0	68
29.06.2023 00:00	5060.0	5120.0	5040.0	5040.0	40
30.06.2023 00:00	5060.0	5100.0	5040.0	5060.0	34
03.07.2023 00:00	5060.0	5080.0	5040.0	5060.0	39
04.07.2023 00:00	5040.0	5160.0	5000.0	5020.0	159
05.07.2023 00:00	5040.0	5140.0	4980.0	5000.0	278
06.07.2023 00:00	5000.0	5080.0	4920.0	5080.0	92
07.07.2023 00:00	4960.0	5340.0	4820.0	5040.0	786
10.07.2023 00:00	5120.0	7040.0	5120.0	7040.0	26648
11.07.2023 00:00	7000.0	7000.0	6260.0	6460.0	5005
12.07.2023 00:00	6280.0	8300.0	6280.0	7300.0	12151
13.07.2023 00:00	7220.0	7220.0	6860.0	7040.0	2766
14.07.2023 00:00	7040.0	7080.0	6880.0	6920.0	1242
17.07.2023 00:00	7300.0	7720.0	6900.0	6960.0	3063
18.07.2023 00:00	7460.0	7460.0	6640.0	7020.0	1655
19.07.2023 00:00	7080.0	7080.0	6700.0	6920.0	892
20.07.2023 00:00	6920.0	6980.0	6720.0	6800.0	547
21.07.2023 00:00	6880.0	6880.0	6780.0	6840.0	238
24.07.2023 00:00	6780.0	7060.0	6760.0	7000.0	640
25.07.2023 00:00	7040.0	7060.0	6940.0	6960.0	239
26.07.2023 00:00	7040.0	7040.0	6800.0	6880.0	389
27.07.2023 00:00	6840.0	6960.0	6720.0	6900.0	314
28.07.2023 00:00	6920.0	6920.0	6820.0	6840.0	156
31.07.2023 00:00	6880.0	7460.0	6800.0	7000.0	5154
01.08.2023 00:00	7080.0	7080.0	6960.0	6980.0	698
02.08.2023 00:00	6980.0	7240.0	6980.0	7140.0	1250
03.08.2023 00:00	7200.0	7500.0	7100.0	7180.0	1373
04.08.2023 00:00	7180.0	7300.0	6900.0	6980.0	734
07.08.2023 00:00	6960.0	7280.0	6960.0	7140.0	335
08.08.2023 00:00	7260.0	7260.0	7160.0	7160.0	571
09.08.2023 00:00	7200.0	7200.0	6900.0	7140.0	517
10.08.2023 00:00	7160.0	7340.0	7100.0	7320.0	1034
11.08.2023 00:00	7340.0	7660.0	7160.0	7440.0	1445
14.08.2023 00:00	7460.0	7680.0	7200.0	7280.0	790
15.08.2023 00:00	7280.0	7480.0	6660.0	7260.0	687
16.08.2023 00:00	7060.0	7300.0	6820.0	7280.0	652
17.08.2023 00:00	7280.0	7400.0	7040.0	7380.0	418
18.08.2023 00:00	7380.0	7500.0	7140.0	7400.0	466
21.08.2023 00:00	7640.0	9860.0	7640.0	8600.0	13821
22.08.2023 00:00	8700.0	10720.0	8620.0	10160.0	11680
23.08.2023 00:00	10160.0	10300.0	9440.0	9560.0	3001
24.08.2023 00:00	9660.0	9800.0	9060.0	9340.0	894
25.08.2023 00:00	9480.0	9700.0	9220.0	9600.0	379
28.08.2023 00:00	9700.0	10480.0	9500.0	9780.0	3314
29.08.2023 00:00	10000.0	10440.0	9600.0	10080.0	1532
30.08.2023 00:00	10200.0	10420.0	9800.0	10160.0	513
31.08.2023 00:00	10280.0	14200.0	10280.0	14200.0	12652
01.09.2023 00:00	15620.0	19480.0	15060.0	17580.0	15141
04.09.2023 00:00	18040.0	19120.0	15640.0	17300.0	2208
05.09.2023 00:00	17680.0	18600.0	17100.0	17900.0	1108
06.09.2023 00:00	17900.0	18180.0	16820.0	17100.0	790
07.09.2023 00:00	16520.0	17260.0	15540.0	15740.0	828
08.09.2023 00:00	15060.0	17280.0	15060.0	16500.0	1493
11.09.2023 00:00	16340.0	16500.0	15600.0	15720.0	662
12.09.2023 00:00	15720.0	16120.0	15180.0	15520.0	718
13.09.2023 00:00	16120.0	16380.0	14280.0	14540.0	804
14.09.2023 00:00	14540.0	14540.0	12360.0	13340.0	740
15.09.2023 00:00	13340.0	14240.0	12820.0	14000.0	573
18.09.2023 00:00	14900.0	14900.0	13120.0	13560.0	636
19.09.2023 00:00	13800.0	13960.0	11340.0	12100.0	1327
20.09.2023 00:00	12240.0	12960.0	10860.0	11880.0	1609
21.09.2023 00:00	11700.0	11700.0	10680.0	11260.0	600
22.09.2023 00:00	11260.0	12140.0	10820.0	11900.0	368
25.09.2023 00:00	12140.0	14460.0	11900.0	13900.0	3212
26.09.2023 00:00	13900.0	14740.0	13040.0	13600.0	1449
27.09.2023 00:00	13580.0	13900.0	13320.0	13500.0	605
28.09.2023 00:00	13500.0	13780.0	13060.0	13340.0	340
29.09.2023 00:00	13260.0	13260.0	12580.0	12720.0	615
02.10.2023 00:00	13000.0	13000.0	12320.0	12440.0	541
03.10.2023 00:00	12540.0	13200.0	12040.0	12840.0	469
04.10.2023 00:00	12840.0	13640.0	12540.0	13400.0	918
05.10.2023 00:00	13480.0	13560.0	13040.0	13400.0	308
06.10.2023 00:00	13300.0	13500.0	12660.0	13080.0	423
09.10.2023 00:00	13240.0	13500.0	12760.0	13260.0	281
10.10.2023 00:00	13360.0	13440.0	13040.0	13440.0	300
11.10.2023 00:00	13480.0	13980.0	13000.0	13520.0	323
12.10.2023 00:00	13180.0	14400.0	13180.0	14320.0	1655
13.10.2023 00:00	15000.0	16000.0	13520.0	13900.0	1677
16.10.2023 00:00	14120.0	15660.0	13900.0	14800.0	1888
17.10.2023 00:00	15040.0	15460.0	14800.0	15300.0	654
18.10.2023 00:00	15300.0	15800.0	14840.0	14900.0	1024
19.10.2023 00:00	14980.0	15360.0	14120.0	14620.0	848
20.10.2023 00:00	14600.0	15080.0	14360.0	14480.0	369
23.10.2023 00:00	14580.0	15000.0	14180.0	14320.0	390
24.10.2023 00:00	14480.0	15340.0	14180.0	14920.0	358
25.10.2023 00:00	14940.0	17800.0	14500.0	17000.0	8910
26.10.2023 00:00	17320.0	17320.0	15480.0	15520.0	1490
27.10.2023 00:00	15460.0	16000.0	14800.0	15300.0	817
30.10.2023 00:00	15020.0	16000.0	15020.0	15300.0	828
31.10.2023 00:00	15300.0	15400.0	14220.0	14520.0	759
01.11.2023 00:00	14760.0	15700.0	14540.0	14800.0	753
02.11.2023 00:00	14840.0	15180.0	14800.0	15160.0	297
03.11.2023 00:00	15500.0	16200.0	15040.0	15360.0	1225
06.11.2023 00:00	15100.0	15580.0	15000.0	15340.0	271
07.11.2023 00:00	15440.0	15500.0	15080.0	15240.0	174
08.11.2023 00:00	15200.0	15440.0	15020.0	15160.0	180
09.11.2023 00:00	15060.0	15160.0	14400.0	14460.0	362
10.11.2023 00:00	14780.0	14780.0	13000.0	13740.0	1227
13.11.2023 00:00	13760.0	14300.0	13000.0	13040.0	487
14.11.2023 00:00	13460.0	13460.0	10420.0	11740.0	1154
15.11.2023 00:00	11740.0	14180.0	11020.0	13040.0	1161
16.11.2023 00:00	13820.0	13820.0	12980.0	13500.0	470
17.11.2023 00:00	13080.0	13440.0	13080.0	13160.0	95
20.11.2023 00:00	13220.0	13560.0	13000.0	13360.0	120
21.11.2023 00:00	13440.0	13460.0	12640.0	12900.0	396
22.11.2023 00:00	13180.0	13400.0	12860.0	12900.0	133
23.11.2023 00:00	12920.0	13480.0	12300.0	12380.0	151
24.11.2023 00:00	12520.0	12520.0	12000.0	12020.0	127
27.11.2023 00:00	12020.0	12620.0	11540.0	11580.0	182
28.11.2023 00:00	11580.0	12380.0	10880.0	12140.0	292
29.11.2023 00:00	12440.0	12440.0	11800.0	12100.0	110
30.11.2023 00:00	12100.0	12100.0	11520.0	11700.0	120
01.12.2023 00:00	11580.0	12000.0	11260.0	11460.0	115
04.12.2023 00:00	11980.0	11980.0	10660.0	10740.0	240
05.12.2023 00:00	10740.0	10740.0	9800.0	10040.0	421
06.12.2023 00:00	10040.0	10960.0	10020.0	10020.0	238
07.12.2023 00:00	10000.0	10220.0	9200.0	9500.0	339
08.12.2023 00:00	9500.0	10400.0	9260.0	9400.0	271
11.12.2023 00:00	9280.0	9460.0	9220.0	9380.0	111
12.12.2023 00:00	9400.0	9840.0	9220.0	9700.0	111
13.12.2023 00:00	9860.0	10000.0	9480.0	9660.0	135
14.12.2023 00:00	9920.0	10340.0	9500.0	9660.0	230
15.12.2023 00:00	9660.0	10340.0	9580.0	10040.0	105
18.12.2023 00:00	10320.0	11320.0	10320.0	11300.0	357
19.12.2023 00:00	11300.0	12100.0	11260.0	11640.0	368
20.12.2023 00:00	11320.0	12760.0	10620.0	11300.0	1318
21.12.2023 00:00	11540.0	11760.0	11360.0	11380.0	194
22.12.2023 00:00	11760.0	11780.0	11320.0	11680.0	163
25.12.2023 00:00	11540.0	11980.0	11020.0	11340.0	443
26.12.2023 00:00	11580.0	11580.0	11180.0	11360.0	87
27.12.2023 00:00	11040.0	11360.0	10780.0	11160.0	207
28.12.2023 00:00	11160.0	11260.0	10940.0	11020.0	94
29.12.2023 00:00	11240.0	11240.0	11140.0	11140.0	152
03.01.2024 00:00	10880.0	11320.0	10620.0	11160.0	153
04.01.2024 00:00	11340.0	11360.0	11000.0	11160.0	113
05.01.2024 00:00	10820.0	11700.0	10820.0	11400.0	247
08.01.2024 00:00	11800.0	12000.0	11460.0	11780.0	187
09.01.2024 00:00	12400.0	12960.0	11920.0	12840.0	1043
10.01.2024 00:00	12880.0	12940.0	12360.0	12560.0	476
11.01.2024 00:00	12700.0	12700.0	11720.0	12400.0	288
12.01.2024 00:00	12320.0	12380.0	12140.0	12280.0	195
15.01.2024 00:00	12400.0	12620.0	12300.0	12440.0	152
16.01.2024 00:00	12540.0	13860.0	12260.0	12820.0	2972
17.01.2024 00:00	13260.0	13260.0	12240.0	12880.0	453
18.01.2024 00:00	12940.0	14380.0	12780.0	13720.0	897
19.01.2024 00:00	13780.0	14280.0	13540.0	13560.0	286
22.01.2024 00:00	13960.0	14480.0	13720.0	13880.0	321
23.01.2024 00:00	14020.0	14760.0	13880.0	14260.0	417
24.01.2024 00:00	14840.0	15000.0	14280.0	14620.0	366
25.01.2024 00:00	14620.0	14620.0	13160.0	14000.0	800
26.01.2024 00:00	14300.0	14300.0	13700.0	13920.0	186
29.01.2024 00:00	13920.0	14200.0	13460.0	13800.0	235
30.01.2024 00:00	13660.0	14080.0	13420.0	13760.0	330
31.01.2024 00:00	13800.0	15260.0	13260.0	13640.0	14739
01.02.2024 00:00	13620.0	14300.0	13540.0	13800.0	493
02.02.2024 00:00	13800.0	13800.0	13320.0	13700.0	401
05.02.2024 00:00	13560.0	13860.0	13260.0	13520.0	384
06.02.2024 00:00	13520.0	13780.0	13340.0	13540.0	178
07.02.2024 00:00	13560.0	13680.0	13360.0	13460.0	121
08.02.2024 00:00	13460.0	13520.0	13300.0	13300.0	102
09.02.2024 00:00	13460.0	13640.0	13220.0	13420.0	88
12.02.2024 00:00	13420.0	13460.0	13040.0	13260.0	99
13.02.2024 00:00	13380.0	13440.0	13260.0	13260.0	53
14.02.2024 00:00	13220.0	13580.0	12900.0	13080.0	302
15.02.2024 00:00	13000.0	13020.0	12620.0	12920.0	178
16.02.2024 00:00	12840.0	13280.0	12840.0	12980.0	121
19.02.2024 00:00	13160.0	13180.0	12960.0	13080.0	64
20.02.2024 00:00	12920.0	13080.0	12760.0	12940.0	34
21.02.2024 00:00	12820.0	12820.0	12300.0	12460.0	200
22.02.2024 00:00	12020.0	12500.0	12020.0	12300.0	61
26.02.2024 00:00	12360.0	12680.0	12360.0	12560.0	45
27.02.2024 00:00	12640.0	12940.0	12640.0	12860.0	116
28.02.2024 00:00	12860.0	13140.0	12860.0	12940.0	97
29.02.2024 00:00	12080.0	12880.0	12080.0	12640.0	66
01.03.2024 00:00	12500.0	12760.0	12480.0	12580.0	46
04.03.2024 00:00	12720.0	13300.0	12460.0	12580.0	156
05.03.2024 00:00	12500.0	12600.0	12300.0	12560.0	154
06.03.2024 00:00	12580.0	12600.0	12080.0	12360.0	93
07.03.2024 00:00	12480.0	12560.0	12380.0	12460.0	37
11.03.2024 00:00	12280.0	12620.0	12000.0	12320.0	203
12.03.2024 00:00	12220.0	12360.0	12200.0	12200.0	78
13.03.2024 00:00	12380.0	12420.0	11920.0	12120.0	304
14.03.2024 00:00	12120.0	12120.0	11660.0	11820.0	203
15.03.2024 00:00	11880.0	12220.0	11740.0	11900.0	75
18.03.2024 00:00	12160.0	12160.0	11840.0	11960.0	101
19.03.2024 00:00	11880.0	12100.0	11820.0	11820.0	216
20.03.2024 00:00	11980.0	12020.0	11400.0	11400.0	119
21.03.2024 00:00	11520.0	11600.0	11060.0	11220.0	341
22.03.2024 00:00	11280.0	11980.0	11100.0	11460.0	221
25.03.2024 00:00	11300.0	11700.0	11200.0	11320.0	35
26.03.2024 00:00	11660.0	11980.0	11560.0	11700.0	155
27.03.2024 00:00	11840.0	11840.0	11620.0	11720.0	68
28.03.2024 00:00	11840.0	14000.0	11840.0	12860.0	6923
29.03.2024 00:00	12960.0	13080.0	11700.0	12080.0	1820
01.04.2024 00:00	11960.0	12340.0	11820.0	12240.0	507
02.04.2024 00:00	12040.0	12420.0	12040.0	12420.0	308
03.04.2024 00:00	12180.0	12680.0	12180.0	12300.0	530
04.04.2024 00:00	12280.0	12340.0	11460.0	11900.0	505
05.04.2024 00:00	11900.0	11940.0	11820.0	11880.0	165
08.04.2024 00:00	11840.0	12200.0	11740.0	12140.0	399
09.04.2024 00:00	12120.0	12200.0	11640.0	11900.0	322
10.04.2024 00:00	11920.0	12120.0	11740.0	11800.0	125
11.04.2024 00:00	11880.0	11940.0	11700.0	11820.0	106
12.04.2024 00:00	11740.0	11880.0	11640.0	11800.0	107
15.04.2024 00:00	11720.0	11800.0	11640.0	11740.0	117
16.04.2024 00:00	11700.0	11880.0	11700.0	11780.0	75
17.04.2024 00:00	11900.0	11900.0	11700.0	11740.0	86
18.04.2024 00:00	11740.0	11780.0	11640.0	11680.0	81
19.04.2024 00:00	11680.0	11740.0	11560.0	11560.0	118
22.04.2024 00:00	11740.0	11740.0	11560.0	11680.0	110
23.04.2024 00:00	11660.0	11800.0	11620.0	11780.0	83
24.04.2024 00:00	11780.0	11780.0	11520.0	11580.0	68
25.04.2024 00:00	11580.0	11640.0	11500.0	11640.0	149
26.04.2024 00:00	11640.0	11640.0	11460.0	11500.0	116
27.04.2024 00:00	11560.0	11580.0	11420.0	11440.0	48
29.04.2024 00:00	11440.0	11580.0	11440.0	11520.0	25
30.04.2024 00:00	11580.0	12080.0	11560.0	11620.0	291
02.05.2024 00:00	11560.0	11740.0	11460.0	11460.0	99
03.05.2024 00:00	11540.0	11600.0	11300.0	11400.0	93
06.05.2024 00:00	11400.0	11460.0	11220.0	11300.0	219
07.05.2024 00:00	11300.0	11380.0	11240.0	11240.0	92
08.05.2024 00:00	11280.0	11420.0	11100.0	11360.0	86
10.05.2024 00:00	11420.0	11540.0	11340.0	11500.0	28
13.05.2024 00:00	11320.0	11900.0	11220.0	11380.0	358
14.05.2024 00:00	11420.0	11640.0	11360.0	11420.0	150
15.05.2024 00:00	11500.0	11500.0	11280.0	11300.0	102
16.05.2024 00:00	11380.0	11380.0	11100.0	11120.0	132
17.05.2024 00:00	11200.0	11280.0	11120.0	11120.0	82
20.05.2024 00:00	11100.0	11120.0	10920.0	11060.0	87
21.05.2024 00:00	10920.0	10920.0	10700.0	10840.0	83
22.05.2024 00:00	10880.0	11240.0	10820.0	10880.0	62
23.05.2024 00:00	10820.0	11020.0	10760.0	10860.0	23
24.05.2024 00:00	10800.0	11520.0	10740.0	10840.0	206
27.05.2024 00:00	10820.0	10820.0	10380.0	10480.0	104
28.05.2024 00:00	10480.0	10940.0	10260.0	10760.0	72
29.05.2024 00:00	10800.0	10940.0	10640.0	10660.0	32
30.05.2024 00:00	10560.0	10580.0	10440.0	10460.0	29
31.05.2024 00:00	10360.0	10360.0	9860.0	10060.0	120
03.06.2024 00:00	10080.0	10080.0	9640.0	9780.0	67
04.06.2024 00:00	9780.0	10060.0	9780.0	10020.0	46
05.06.2024 00:00	10180.0	10400.0	10140.0	10280.0	35
06.06.2024 00:00	10200.0	10200.0	10060.0	10060.0	4
07.06.2024 00:00	10140.0	10840.0	9940.0	10400.0	96
10.06.2024 00:00	10600.0	10880.0	10500.0	10540.0	68
11.06.2024 00:00	10520.0	10520.0	10220.0	10260.0	57
13.06.2024 00:00	10260.0	10700.0	8640.0	10540.0	251
14.06.2024 00:00	10400.0	11000.0	10400.0	10860.0	127
17.06.2024 00:00	10860.0	10980.0	10640.0	10700.0	34
18.06.2024 00:00	10640.0	10840.0	10400.0	10400.0	41
19.06.2024 00:00	10500.0	10520.0	9920.0	9920.0	147
20.06.2024 00:00	9860.0	10360.0	9860.0	10360.0	20
21.06.2024 00:00	10320.0	10460.0	10200.0	10240.0	22
24.06.2024 00:00	10140.0	10240.0	10040.0	10240.0	12
25.06.2024 00:00	10280.0	10400.0	10280.0	10400.0	3
26.06.2024 00:00	10480.0	10480.0	10120.0	10120.0	19
27.06.2024 00:00	10260.0	10280.0	10080.0	10100.0	10
28.06.2024 00:00	10260.0	10280.0	10100.0	10100.0	14
01.07.2024 00:00	10100.0	10160.0	9880.0	10020.0	38
02.07.2024 00:00	10140.0	10260.0	9680.0	9760.0	139
03.07.2024 00:00	9920.0	9920.0	9620.0	9620.0	48
04.07.2024 00:00	9620.0	10080.0	9400.0	9740.0	67
05.07.2024 00:00	9500.0	9700.0	9300.0	9400.0	29
08.07.2024 00:00	9400.0	9580.0	9040.0	9240.0	68
09.07.2024 00:00	9300.0	9340.0	8860.0	9060.0	34
10.07.2024 00:00	9060.0	9360.0	8680.0	9000.0	94
11.07.2024 00:00	9080.0	9540.0	9080.0	9360.0	74
12.07.2024 00:00	9360.0	9360.0	9120.0	9120.0	12
15.07.2024 00:00	9040.0	9260.0	8840.0	8840.0	20
16.07.2024 00:00	8640.0	9000.0	8640.0	9000.0	16
17.07.2024 00:00	9020.0	9200.0	9000.0	9200.0	23
18.07.2024 00:00	8980.0	8980.0	8980.0	8980.0	1
19.07.2024 00:00	9220.0	9720.0	9020.0	9420.0	129
22.07.2024 00:00	9480.0	10160.0	9180.0	9500.0	260
23.07.2024 00:00	9320.0	9900.0	9320.0	9820.0	51
24.07.2024 00:00	9540.0	9820.0	9540.0	9800.0	36
25.07.2024 00:00	9860.0	9980.0	9680.0	9860.0	30
26.07.2024 00:00	9880.0	9900.0	9580.0	9580.0	41
29.07.2024 00:00	9640.0	9640.0	9140.0	9280.0	14
30.07.2024 00:00	9160.0	9620.0	9160.0	9580.0	31
31.07.2024 00:00	9480.0	9580.0	9420.0	9420.0	4
01.08.2024 00:00	9560.0	9660.0	9460.0	9460.0	19
02.08.2024 00:00	9480.0	9480.0	9340.0	9340.0	23
05.08.2024 00:00	9240.0	9660.0	9000.0	9220.0	307
06.08.2024 00:00	9060.0	9440.0	8920.0	9080.0	70
07.08.2024 00:00	9300.0	9300.0	8940.0	9000.0	270
08.08.2024 00:00	9040.0	9380.0	8840.0	8960.0	145
09.08.2024 00:00	8940.0	9080.0	8900.0	9080.0	53
12.08.2024 00:00	8940.0	9160.0	8700.0	9160.0	57
13.08.2024 00:00	8980.0	9500.0	8900.0	9300.0	133
14.08.2024 00:00	9480.0	9600.0	9420.0	9600.0	415
15.08.2024 00:00	9600.0	9600.0	9440.0	9440.0	85
16.08.2024 00:00	9440.0	9440.0	9080.0	9120.0	33
19.08.2024 00:00	9080.0	9120.0	8880.0	9000.0	79
20.08.2024 00:00	8900.0	8920.0	8800.0	8880.0	149
21.08.2024 00:00	8920.0	8920.0	8680.0	8700.0	86
22.08.2024 00:00	8740.0	8760.0	8540.0	8540.0	42
23.08.2024 00:00	8600.0	8600.0	7860.0	7900.0	88
26.08.2024 00:00	8180.0	8700.0	7740.0	8640.0	167
27.08.2024 00:00	8620.0	8820.0	8480.0	8480.0	35
28.08.2024 00:00	8320.0	9000.0	8020.0	8700.0	164
29.08.2024 00:00	8700.0	9120.0	8520.0	8740.0	109
30.08.2024 00:00	8800.0	8940.0	8460.0	8540.0	47
02.09.2024 00:00	8500.0	8720.0	7960.0	8180.0	43
03.09.2024 00:00	8180.0	8340.0	7780.0	8060.0	17
04.09.2024 00:00	8240.0	8520.0	8160.0	8280.0	69
05.09.2024 00:00	8800.0	8800.0	8120.0	8480.0	51
06.09.2024 00:00	8460.0	8720.0	8340.0	8340.0	7
09.09.2024 00:00	8260.0	8400.0	7960.0	8120.0	321
10.09.2024 00:00	8120.0	8700.0	8080.0	8080.0	359
11.09.2024 00:00	8080.0	8240.0	7860.0	8120.0	53
12.09.2024 00:00	8080.0	8080.0	7820.0	7820.0	36
13.09.2024 00:00	7960.0	8100.0	7880.0	8100.0	102
16.09.2024 00:00	8100.0	8380.0	7920.0	8040.0	202
17.09.2024 00:00	8240.0	8560.0	8060.0	8200.0	169
18.09.2024 00:00	8260.0	8280.0	7540.0	7820.0	288
19.09.2024 00:00	7780.0	8060.0	7680.0	7860.0	157
20.09.2024 00:00	7820.0	8280.0	7720.0	8200.0	114
23.09.2024 00:00	8260.0	8540.0	8200.0	8280.0	202
24.09.2024 00:00	8280.0	8700.0	8260.0	8600.0	141
25.09.2024 00:00	8900.0	9000.0	8560.0	8720.0	133
26.09.2024 00:00	8660.0	8660.0	8380.0	8420.0	147
27.09.2024 00:00	8480.0	8500.0	8260.0	8480.0	24
30.09.2024 00:00	8540.0	8780.0	8480.0	8480.0	70
01.10.2024 00:00	8520.0	8680.0	8260.0	8340.0	57
02.10.2024 00:00	8280.0	8280.0	8000.0	8140.0	32
03.10.2024 00:00	8120.0	8120.0	7920.0	8040.0	37
04.10.2024 00:00	7920.0	8040.0	7840.0	7920.0	155
07.10.2024 00:00	7980.0	7980.0	7800.0	7840.0	22
08.10.2024 00:00	7800.0	7840.0	7660.0	7840.0	59
09.10.2024 00:00	7920.0	7940.0	7780.0	7780.0	24
10.10.2024 00:00	7880.0	7920.0	7800.0	7920.0	7
11.10.2024 00:00	7800.0	7800.0	7760.0	7760.0	6
14.10.2024 00:00	7940.0	7940.0	7720.0	7760.0	41
15.10.2024 00:00	7780.0	7920.0	7740.0	7900.0	29
16.10.2024 00:00	7980.0	8020.0	7800.0	7980.0	28
17.10.2024 00:00	7980.0	8120.0	7840.0	7840.0	42
18.10.2024 00:00	7920.0	7940.0	7660.0	7660.0	30
21.10.2024 00:00	7680.0	8100.0	7680.0	7760.0	34
22.10.2024 00:00	7740.0	7860.0	7640.0	7660.0	39
23.10.2024 00:00	7760.0	7820.0	7540.0	7560.0	49
24.10.2024 00:00	7520.0	7520.0	7380.0	7380.0	33
25.10.2024 00:00	7320.0	7420.0	7040.0	7120.0	96
28.10.2024 00:00	7040.0	7040.0	6140.0	6700.0	559
29.10.2024 00:00	6480.0	6800.0	6420.0	6560.0	103
30.10.2024 00:00	6700.0	6700.0	6460.0	6540.0	42
31.10.2024 00:00	6380.0	6660.0	6220.0	6240.0	74
01.11.2024 00:00	6240.0	6640.0	6040.0	6360.0	144
02.11.2024 00:00	6200.0	6500.0	6200.0	6380.0	18
05.11.2024 00:00	6280.0	6580.0	6260.0	6360.0	51
06.11.2024 00:00	6320.0	6560.0	6300.0	6440.0	166
07.11.2024 00:00	6320.0	6900.0	6260.0	6460.0	113
08.11.2024 00:00	6620.0	6660.0	6260.0	6380.0	237
11.11.2024 00:00	6420.0	6580.0	6360.0	6420.0	96
12.11.2024 00:00	6400.0	6500.0	6400.0	6440.0	40
13.11.2024 00:00	6440.0	7340.0	6360.0	6660.0	343
14.11.2024 00:00	6660.0	6680.0	6440.0	6460.0	99
15.11.2024 00:00	6460.0	6580.0	6380.0	6500.0	85
18.11.2024 00:00	6480.0	6540.0	6460.0	6520.0	17
19.11.2024 00:00	6440.0	6440.0	6000.0	6140.0	244
20.11.2024 00:00	6200.0	6200.0	6020.0	6040.0	58
21.11.2024 00:00	6140.0	6140.0	5720.0	6040.0	72
22.11.2024 00:00	6040.0	6040.0	5720.0	5860.0	33
25.11.2024 00:00	5740.0	5880.0	5700.0	5700.0	36
26.11.2024 00:00	5620.0	6180.0	5580.0	5600.0	304
27.11.2024 00:00	5320.0	5900.0	5320.0	5640.0	110
28.11.2024 00:00	5800.0	5980.0	5580.0	5840.0	73
29.11.2024 00:00	5860.0	6200.0	5860.0	6000.0	71
02.12.2024 00:00	6260.0	6260.0	5940.0	6160.0	16
03.12.2024 00:00	6180.0	6700.0	6060.0	6340.0	232
04.12.2024 00:00	6320.0	6340.0	6120.0	6120.0	43
05.12.2024 00:00	6220.0	6380.0	5840.0	6060.0	85
06.12.2024 00:00	6180.0	6280.0	6040.0	6040.0	10
09.12.2024 00:00	6140.0	6500.0	6060.0	6140.0	46
10.12.2024 00:00	6140.0	6220.0	6080.0	6080.0	13
11.12.2024 00:00	6060.0	6120.0	5840.0	5860.0	60
12.12.2024 00:00	5780.0	5840.0	5760.0	5780.0	16
13.12.2024 00:00	5760.0	5960.0	5580.0	5960.0	62
16.12.2024 00:00	6000.0	6000.0	5680.0	5700.0	57
17.12.2024 00:00	5540.0	5660.0	5540.0	5580.0	46
18.12.2024 00:00	5560.0	5620.0	5500.0	5500.0	34
19.12.2024 00:00	5560.0	5740.0	5560.0	5680.0	47
20.12.2024 00:00	5640.0	6100.0	5560.0	6000.0	224
23.12.2024 00:00	6260.0	6260.0	6020.0	6080.0	43
24.12.2024 00:00	6040.0	6260.0	5880.0	6020.0	83
25.12.2024 00:00	6060.0	6060.0	5960.0	6000.0	55
26.12.2024 00:00	6100.0	7300.0	6060.0	6760.0	446
27.12.2024 00:00	7100.0	7200.0	6620.0	6740.0	1205
28.12.2024 00:00	6740.0	7280.0	6360.0	6720.0	536
30.12.2024 00:00	6760.0	7180.0	6600.0	6960.0	357
03.01.2025 00:00	7000.0	7280.0	6880.0	7280.0	154
06.01.2025 00:00	7280.0	7520.0	7100.0	7340.0	181
08.01.2025 00:00	7340.0	7700.0	7300.0	7400.0	199
09.01.2025 00:00	7400.0	7740.0	7180.0	7220.0	126
10.01.2025 00:00	7220.0	7380.0	6900.0	7140.0	310
13.01.2025 00:00	7360.0	7380.0	7080.0	7260.0	75
14.01.2025 00:00	7100.0	7180.0	7000.0	7180.0	61
15.01.2025 00:00	7180.0	7180.0	7000.0	7080.0	82
16.01.2025 00:00	7080.0	7280.0	7060.0	7220.0	168
17.01.2025 00:00	7240.0	7300.0	7100.0	7260.0	55
20.01.2025 00:00	7360.0	7460.0	7160.0	7220.0	148
21.01.2025 00:00	7300.0	7300.0	7080.0	7200.0	48
22.01.2025 00:00	7200.0	7280.0	7160.0	7280.0	17
23.01.2025 00:00	7160.0	7500.0	7080.0	7320.0	107
24.01.2025 00:00	7420.0	7700.0	7420.0	7480.0	239
27.01.2025 00:00	7540.0	7540.0	7180.0	7360.0	169
28.01.2025 00:00	7300.0	7320.0	7000.0	7280.0	84
29.01.2025 00:00	7300.0	7360.0	7240.0	7300.0	10
30.01.2025 00:00	7300.0	7460.0	7280.0	7300.0	63
31.01.2025 00:00	7340.0	8080.0	7340.0	7620.0	1197
03.02.2025 00:00	7640.0	8160.0	7460.0	7500.0	274
04.02.2025 00:00	7580.0	7580.0	7160.0	7200.0	245
05.02.2025 00:00	7200.0	7280.0	7140.0	7140.0	90
06.02.2025 00:00	7240.0	7300.0	7160.0	7240.0	49
07.02.2025 00:00	7240.0	7320.0	7160.0	7280.0	38
10.02.2025 00:00	7320.0	7320.0	7220.0	7260.0	34
11.02.2025 00:00	7180.0	7320.0	7180.0	7280.0	18
12.02.2025 00:00	7280.0	7440.0	7220.0	7260.0	60
13.02.2025 00:00	7580.0	7580.0	7180.0	7300.0	143
14.02.2025 00:00	7320.0	7780.0	7140.0	7140.0	423
17.02.2025 00:00	7260.0	7460.0	7140.0	7360.0	298
18.02.2025 00:00	7500.0	7580.0	7260.0	7260.0	183
19.02.2025 00:00	7260.0	7480.0	7260.0	7300.0	138
20.02.2025 00:00	7400.0	7400.0	7300.0	7360.0	21
21.02.2025 00:00	7360.0	7460.0	7320.0	7420.0	40
24.02.2025 00:00	7460.0	7660.0	7280.0	7320.0	122
25.02.2025 00:00	7380.0	8480.0	7380.0	7680.0	1640
26.02.2025 00:00	7760.0	7940.0	7460.0	7620.0	338
27.02.2025 00:00	7520.0	7840.0	7300.0	7500.0	280
28.02.2025 00:00	7540.0	7700.0	7360.0	7400.0	168
03.03.2025 00:00	7360.0	7380.0	7100.0	7100.0	158
04.03.2025 00:00	7160.0	7380.0	7140.0	7300.0	87
05.03.2025 00:00	7300.0	7980.0	7220.0	7440.0	181
06.03.2025 00:00	7460.0	7460.0	7300.0	7300.0	70
07.03.2025 00:00	7320.0	7720.0	7320.0	7400.0	117
10.03.2025 00:00	7520.0	7520.0	7420.0	7420.0	7
11.03.2025 00:00	7380.0	7380.0	7300.0	7300.0	17
12.03.2025 00:00	7300.0	7300.0	7120.0	7260.0	35
13.03.2025 00:00	7220.0	7340.0	7160.0	7160.0	41
14.03.2025 00:00	7180.0	7280.0	7180.0	7220.0	58
17.03.2025 00:00	7360.0	7640.0	7320.0	7460.0	126
18.03.2025 00:00	7420.0	7600.0	7360.0	7460.0	101
19.03.2025 00:00	7380.0	7500.0	7380.0	7460.0	31
20.03.2025 00:00	7400.0	7420.0	7340.0	7340.0	53
21.03.2025 00:00	7340.0	7480.0	7220.0	7220.0	61
24.03.2025 00:00	7340.0	7380.0	7020.0	7060.0	90
25.03.2025 00:00	7140.0	7640.0	7100.0	7280.0	127
26.03.2025 00:00	7280.0	7400.0	7240.0	7240.0	16
27.03.2025 00:00	7240.0	7240.0	7020.0	7040.0	137
28.03.2025 00:00	7020.0	7200.0	6900.0	7040.0	204
31.03.2025 00:00	7120.0	7120.0	6800.0	6860.0	67
01.04.2025 00:00	7040.0	7300.0	6820.0	6880.0	267
02.04.2025 00:00	6840.0	6920.0	6680.0	6720.0	112
03.04.2025 00:00	6720.0	6820.0	6500.0	6520.0	77
04.04.2025 00:00	6520.0	6680.0	6100.0	6440.0	163
07.04.2025 00:00	6460.0	6600.0	6080.0	6280.0	93
08.04.2025 00:00	6500.0	6500.0	6280.0	6280.0	69
09.04.2025 00:00	6280.0	6280.0	5640.0	5920.0	221
10.04.2025 00:00	6140.0	6180.0	6000.0	6060.0	20
11.04.2025 00:00	6200.0	6320.0	6100.0	6100.0	49
14.04.2025 00:00	6100.0	6140.0	6000.0	6040.0	55
15.04.2025 00:00	6060.0	6200.0	6020.0	6080.0	41
16.04.2025 00:00	6080.0	6160.0	6000.0	6060.0	82
17.04.2025 00:00	6140.0	6520.0	6040.0	6180.0	284
18.04.2025 00:00	6080.0	6080.0	5800.0	6020.0	403
21.04.2025 00:00	5980.0	6100.0	5980.0	6060.0	32
22.04.2025 00:00	6140.0	6260.0	6060.0	6200.0	130
23.04.2025 00:00	6200.0	6260.0	6080.0	6140.0	30
24.04.2025 00:00	6160.0	6200.0	6140.0	6140.0	6
25.04.2025 00:00	6100.0	6240.0	6080.0	6240.0	14
28.04.2025 00:00	6400.0	6400.0	6160.0	6200.0	112
29.04.2025 00:00	6200.0	6300.0	6140.0	6140.0	29
30.04.2025 00:00	6140.0	6140.0	5420.0	5860.0	444
02.05.2025 00:00	5820.0	5820.0	5680.0	5740.0	59
05.05.2025 00:00	5820.0	6020.0	5600.0	5600.0	70
06.05.2025 00:00	5600.0	5860.0	5600.0	5820.0	20
07.05.2025 00:00	5740.0	5840.0	5740.0	5800.0	32
08.05.2025 00:00	5800.0	5800.0	5800.0	5800.0	2
12.05.2025 00:00	5840.0	6500.0	5820.0	5940.0	172
13.05.2025 00:00	5980.0	6000.0	5860.0	5860.0	48
14.05.2025 00:00	5920.0	6020.0	5880.0	5980.0	54
15.05.2025 00:00	5980.0	6040.0	5840.0	5980.0	21
16.05.2025 00:00	5880.0	5980.0	5740.0	5880.0	32
19.05.2025 00:00	5880.0	5900.0	5700.0	5800.0	55
20.05.2025 00:00	5740.0	5740.0	5660.0	5680.0	31
21.05.2025 00:00	5640.0	5740.0	5600.0	5740.0	48
22.05.2025 00:00	5740.0	6340.0	5260.0	5520.0	831
