datetime	open	high	low	close	volume
07.03.2018 00:00	3.99	3.99	3.99	3.99	13
13.03.2018 00:00	3.95	4.03	3.95	3.95	3
14.03.2018 00:00	4.04	4.04	3.97	3.97	18
15.03.2018 00:00	4.03	4.03	3.99	4.03	6
16.03.2018 00:00	3.99	3.99	3.99	3.99	11
19.03.2018 00:00	3.99	3.99	3.99	3.99	12
20.03.2018 00:00	3.99	4.09	3.99	3.99	34
21.03.2018 00:00	4.04	4.07	4.04	4.07	5
22.03.2018 00:00	4.09	4.09	4.07	4.07	5
23.03.2018 00:00	4.04	4.04	4.04	4.04	7
28.03.2018 00:00	3.99	3.99	3.79	3.95	37
29.03.2018 00:00	3.96	4.01	3.96	3.97	5
02.04.2018 00:00	4.0	4.05	3.95	3.95	4
03.04.2018 00:00	4.01	4.04	3.97	4.04	7
05.04.2018 00:00	3.97	3.99	3.97	3.97	2
06.04.2018 00:00	3.95	3.96	3.89	3.96	7
10.04.2018 00:00	3.91	4.04	3.87	3.93	14
11.04.2018 00:00	3.95	4.04	3.95	3.99	5
12.04.2018 00:00	3.95	3.95	3.89	3.89	5
16.04.2018 00:00	3.99	3.99	3.93	3.99	5
18.04.2018 00:00	3.93	3.96	3.91	3.91	17
19.04.2018 00:00	3.89	3.95	3.89	3.95	7
20.04.2018 00:00	3.95	3.95	3.95	3.95	3
23.04.2018 00:00	3.89	3.95	3.87	3.87	13
24.04.2018 00:00	3.87	3.93	3.87	3.93	18
25.04.2018 00:00	3.95	3.95	3.89	3.95	1
26.04.2018 00:00	3.93	3.93	3.87	3.87	7
27.04.2018 00:00	3.89	3.89	3.89	3.89	1
30.04.2018 00:00	3.87	3.87	3.87	3.87	1
03.05.2018 00:00	3.89	3.91	3.87	3.87	4
07.05.2018 00:00	3.95	3.96	3.95	3.95	2
08.05.2018 00:00	3.95	3.95	3.95	3.95	1
11.05.2018 00:00	3.89	3.93	3.49	3.7800000000000002	1128
17.05.2018 00:00	3.87	3.87	3.87	3.87	1
18.05.2018 00:00	3.85	3.85	3.85	3.85	1
21.05.2018 00:00	3.89	3.91	3.89	3.89	5
22.05.2018 00:00	3.85	3.91	3.85	3.89	5
25.05.2018 00:00	3.89	3.89	3.89	3.89	1
29.05.2018 00:00	3.89	3.89	3.89	3.89	1
31.05.2018 00:00	3.85	3.85	3.8000000000000003	3.8000000000000003	9
01.06.2018 00:00	3.91	3.91	3.89	3.89	7
04.06.2018 00:00	3.97	4.07	3.97	4.05	11
05.06.2018 00:00	3.95	3.99	3.95	3.99	8
06.06.2018 00:00	4.03	4.07	3.99	3.99	24
07.06.2018 00:00	4.0	4.03	3.87	3.95	78
08.06.2018 00:00	4.01	4.01	3.93	3.93	22
09.06.2018 00:00	3.99	3.99	3.99	3.99	2
13.06.2018 00:00	3.99	4.03	3.99	4.0	19
14.06.2018 00:00	3.99	3.99	3.95	3.99	12
15.06.2018 00:00	4.0	4.0	3.96	3.96	7
18.06.2018 00:00	4.0	4.03	4.0	4.03	10
20.06.2018 00:00	3.99	3.99	3.97	3.97	6
21.06.2018 00:00	4.01	4.03	3.99	4.0	14
22.06.2018 00:00	4.01	4.08	3.99	4.0	51
25.06.2018 00:00	3.99	4.01	3.99	4.01	7
26.06.2018 00:00	3.99	3.99	3.99	3.99	2
27.06.2018 00:00	4.03	4.04	4.03	4.04	11
28.06.2018 00:00	4.01	4.04	4.0	4.03	6
29.06.2018 00:00	4.03	4.08	4.0	4.07	58
02.07.2018 00:00	4.08	4.24	4.08	4.24	43
03.07.2018 00:00	4.24	4.29	4.16	4.2	28
04.07.2018 00:00	4.17	4.26	4.17	4.26	50
05.07.2018 00:00	4.21	4.26	4.17	4.2	74
06.07.2018 00:00	4.24	4.29	4.17	4.2	164
09.07.2018 00:00	3.93	4.11	3.7	3.96	247
10.07.2018 00:00	3.99	3.99	3.89	3.99	69
11.07.2018 00:00	3.97	3.97	3.97	3.97	1
13.07.2018 00:00	3.99	4.0	3.99	4.0	49
16.07.2018 00:00	3.99	4.0	3.99	3.99	22
17.07.2018 00:00	3.95	3.99	3.95	3.95	10
18.07.2018 00:00	3.95	4.0	3.95	4.0	64
19.07.2018 00:00	3.96	3.96	3.96	3.96	1
20.07.2018 00:00	3.96	3.96	3.96	3.96	1
23.07.2018 00:00	3.97	3.99	3.97	3.99	6
24.07.2018 00:00	3.95	3.99	3.95	3.99	18
25.07.2018 00:00	4.03	4.03	3.96	3.99	8
26.07.2018 00:00	3.99	4.0	3.99	4.0	93
30.07.2018 00:00	3.91	3.99	3.81	3.99	522
31.07.2018 00:00	3.99	4.01	3.99	3.99	10
01.08.2018 00:00	3.97	3.99	3.97	3.99	14
02.08.2018 00:00	3.97	3.97	3.97	3.97	1
03.08.2018 00:00	3.99	3.99	3.99	3.99	1
06.08.2018 00:00	3.95	3.99	3.93	3.96	10
07.08.2018 00:00	3.99	3.99	3.96	3.97	15
08.08.2018 00:00	4.0	4.0	3.99	3.99	3
09.08.2018 00:00	4.0	4.0	3.89	3.93	65
10.08.2018 00:00	3.95	3.95	3.95	3.95	1
13.08.2018 00:00	3.97	3.97	3.97	3.97	1
14.08.2018 00:00	3.93	3.93	3.71	3.81	688
15.08.2018 00:00	3.83	3.91	3.83	3.91	24
16.08.2018 00:00	3.85	3.85	3.85	3.85	7
20.08.2018 00:00	3.79	3.79	3.79	3.79	7
21.08.2018 00:00	3.87	3.87	3.85	3.85	10
22.08.2018 00:00	3.8200000000000003	3.87	3.81	3.85	11
23.08.2018 00:00	3.83	3.89	3.8200000000000003	3.89	11
24.08.2018 00:00	3.85	3.87	3.81	3.87	3
27.08.2018 00:00	3.79	3.93	3.79	3.93	20
28.08.2018 00:00	3.93	3.97	3.93	3.97	18
29.08.2018 00:00	3.96	3.99	3.96	3.99	10
30.08.2018 00:00	4.01	4.01	3.85	3.89	45
31.08.2018 00:00	3.85	3.85	3.85	3.85	8
03.09.2018 00:00	3.85	3.89	3.85	3.89	5
04.09.2018 00:00	3.91	3.91	3.8200000000000003	3.8200000000000003	8
05.09.2018 00:00	3.83	3.85	3.7800000000000002	3.85	202
06.09.2018 00:00	3.83	3.87	3.79	3.79	6
07.09.2018 00:00	3.79	3.83	3.74	3.81	145
10.09.2018 00:00	3.81	3.8200000000000003	3.7800000000000002	3.7800000000000002	13
11.09.2018 00:00	3.8200000000000003	3.8200000000000003	3.7800000000000002	3.7800000000000002	29
12.09.2018 00:00	3.7800000000000002	3.8000000000000003	3.74	3.79	90
13.09.2018 00:00	3.85	3.89	3.79	3.89	90
14.09.2018 00:00	3.83	3.83	3.79	3.79	10
18.09.2018 00:00	3.89	3.93	3.87	3.93	18
19.09.2018 00:00	3.93	3.95	3.93	3.95	109
20.09.2018 00:00	3.93	4.07	3.93	3.99	25
21.09.2018 00:00	4.0	4.0	4.0	4.0	2
25.09.2018 00:00	4.03	4.03	4.03	4.03	2
27.09.2018 00:00	4.07	4.07	4.05	4.05	19
28.09.2018 00:00	4.03	4.03	4.03	4.03	1
01.10.2018 00:00	4.23	4.23	4.03	4.03	124
02.10.2018 00:00	4.16	4.16	4.16	4.16	8
04.10.2018 00:00	3.95	3.99	3.95	3.96	7
05.10.2018 00:00	3.96	4.0	3.91	3.99	53
08.10.2018 00:00	3.99	3.99	3.99	3.99	1
10.10.2018 00:00	4.05	4.07	4.04	4.04	4
11.10.2018 00:00	4.03	4.03	3.91	3.93	12
15.10.2018 00:00	3.93	3.93	3.93	3.93	6
16.10.2018 00:00	3.93	3.97	3.83	3.97	56
17.10.2018 00:00	3.97	3.97	3.97	3.97	1
19.10.2018 00:00	3.99	3.99	3.99	3.99	26
22.10.2018 00:00	3.99	3.99	3.99	3.99	1
23.10.2018 00:00	3.99	4.0	3.99	3.99	89
26.10.2018 00:00	3.85	3.89	3.85	3.89	6
29.10.2018 00:00	3.87	3.87	3.87	3.87	1
30.10.2018 00:00	3.87	3.87	3.85	3.85	2
31.10.2018 00:00	3.99	3.99	3.97	3.99	9
01.11.2018 00:00	3.99	3.99	3.91	3.99	53
06.11.2018 00:00	3.99	4.0	3.91	3.93	96
07.11.2018 00:00	3.99	3.99	3.99	3.99	1
08.11.2018 00:00	3.99	4.01	3.99	3.99	12
09.11.2018 00:00	3.99	3.99	3.99	3.99	2
13.11.2018 00:00	4.01	4.07	4.01	4.07	16
14.11.2018 00:00	4.08	4.09	4.01	4.08	39
15.11.2018 00:00	4.07	4.07	4.07	4.07	1
16.11.2018 00:00	3.97	3.97	3.97	3.97	1
21.11.2018 00:00	3.91	3.99	3.91	3.99	9
22.11.2018 00:00	3.93	3.93	3.91	3.91	5
23.11.2018 00:00	3.95	3.99	3.95	3.95	4
26.11.2018 00:00	3.99	3.99	3.93	3.93	3
29.11.2018 00:00	3.95	3.95	3.95	3.95	2
30.11.2018 00:00	3.95	3.95	3.95	3.95	2
03.12.2018 00:00	4.03	4.03	4.03	4.03	3
05.12.2018 00:00	4.01	4.03	3.99	3.99	24
06.12.2018 00:00	3.95	3.95	3.95	3.95	1
10.12.2018 00:00	3.97	3.99	3.97	3.99	2
11.12.2018 00:00	4.03	4.03	4.03	4.03	1
12.12.2018 00:00	4.05	4.07	4.01	4.01	3
14.12.2018 00:00	3.99	3.99	3.99	3.99	1
18.12.2018 00:00	3.95	3.95	3.95	3.95	4
20.12.2018 00:00	4.01	4.01	4.01	4.01	12
24.12.2018 00:00	4.03	4.03	4.03	4.03	3
26.12.2018 00:00	3.97	3.97	3.97	3.97	3
27.12.2018 00:00	4.0	4.0	3.97	3.97	22
28.12.2018 00:00	4.01	4.01	4.01	4.01	1
29.12.2018 00:00	4.0	4.0	4.0	4.0	1
03.01.2019 00:00	3.96	4.0	3.89	4.0	40
08.01.2019 00:00	3.93	4.03	3.93	4.03	11
09.01.2019 00:00	4.03	4.09	4.03	4.09	18
10.01.2019 00:00	4.11	4.12	4.11	4.12	5
15.01.2019 00:00	4.13	4.13	3.99	4.11	26
16.01.2019 00:00	4.09	4.09	3.99	4.05	40
18.01.2019 00:00	4.09	4.13	4.09	4.11	19
21.01.2019 00:00	4.11	4.11	4.11	4.11	9
22.01.2019 00:00	4.11	4.11	4.11	4.11	2
23.01.2019 00:00	4.0	4.11	3.93	4.04	31
24.01.2019 00:00	4.08	4.09	4.05	4.05	25
25.01.2019 00:00	4.11	4.11	4.11	4.11	4
28.01.2019 00:00	3.97	4.11	3.97	4.11	9
29.01.2019 00:00	4.12	4.12	4.03	4.11	128
30.01.2019 00:00	4.11	4.12	4.11	4.12	11
31.01.2019 00:00	4.13	4.16	4.13	4.16	11
01.02.2019 00:00	4.17	4.17	4.11	4.11	7
04.02.2019 00:00	4.37	4.37	4.37	4.37	1
05.02.2019 00:00	4.37	4.37	4.36	4.36	10
06.02.2019 00:00	4.07	4.2	4.07	4.09	169
07.02.2019 00:00	4.3	4.3	4.03	4.03	1219
08.02.2019 00:00	4.03	4.04	4.01	4.03	18
11.02.2019 00:00	4.04	4.04	4.04	4.04	6
12.02.2019 00:00	4.03	4.04	4.0	4.03	706
13.02.2019 00:00	4.0	4.01	4.0	4.01	2
14.02.2019 00:00	4.01	4.01	4.01	4.01	1
15.02.2019 00:00	4.04	4.04	4.04	4.04	3
19.02.2019 00:00	4.05	4.05	4.05	4.05	2
20.02.2019 00:00	4.05	4.07	4.05	4.07	2
21.02.2019 00:00	4.01	4.04	4.0	4.04	7
22.02.2019 00:00	3.99	4.04	3.99	4.0	4
25.02.2019 00:00	4.03	4.05	3.99	3.99	24
26.02.2019 00:00	4.07	4.08	3.99	3.99	62
27.02.2019 00:00	3.99	4.07	3.99	4.0	49
28.02.2019 00:00	3.99	4.08	3.97	3.99	52
01.03.2019 00:00	3.96	3.96	3.96	3.96	2
04.03.2019 00:00	4.01	4.01	4.01	4.01	1
05.03.2019 00:00	4.0	4.0	3.99	3.99	2
06.03.2019 00:00	3.99	3.99	3.99	3.99	3
07.03.2019 00:00	4.05	4.07	4.03	4.03	11
11.03.2019 00:00	3.99	4.03	3.99	4.03	2
12.03.2019 00:00	4.11	4.11	3.95	3.99	32
13.03.2019 00:00	3.99	4.01	3.99	4.01	10
14.03.2019 00:00	4.0	4.01	4.0	4.01	3
18.03.2019 00:00	4.01	4.09	4.01	4.03	30
19.03.2019 00:00	4.04	4.04	4.04	4.04	4
20.03.2019 00:00	3.96	4.08	3.96	4.08	106
21.03.2019 00:00	4.04	4.04	4.04	4.04	1
25.03.2019 00:00	4.05	4.74	3.99	4.36	387
26.03.2019 00:00	4.49	4.67	4.32	4.45	58
27.03.2019 00:00	4.53	4.62	4.38	4.49	17
28.03.2019 00:00	4.49	4.53	4.45	4.45	4
29.03.2019 00:00	4.49	4.49	4.49	4.49	14
01.04.2019 00:00	4.4	4.49	4.4	4.49	9
02.04.2019 00:00	4.48	4.49	4.4	4.45	38
03.04.2019 00:00	4.41	4.44	4.41	4.44	11
04.04.2019 00:00	4.45	4.46	4.45	4.45	3
05.04.2019 00:00	4.44	4.45	4.44	4.45	4
08.04.2019 00:00	4.45	4.51	4.45	4.49	21
09.04.2019 00:00	4.5	4.5	4.46	4.49	5
10.04.2019 00:00	4.44	4.45	4.41	4.45	23
11.04.2019 00:00	4.44	4.48	4.44	4.48	2
12.04.2019 00:00	4.49	4.49	4.41	4.48	7
15.04.2019 00:00	4.51	4.53	4.49	4.49	8
16.04.2019 00:00	4.45	4.49	4.45	4.49	4
17.04.2019 00:00	4.5	4.5	4.48	4.49	15
18.04.2019 00:00	4.49	4.49	4.45	4.46	19
19.04.2019 00:00	4.46	4.46	4.46	4.46	1
22.04.2019 00:00	4.48	4.49	4.48	4.49	8
23.04.2019 00:00	4.49	4.49	4.49	4.49	6
25.04.2019 00:00	4.61	4.62	4.53	4.62	8
26.04.2019 00:00	4.57	4.65	4.51	4.51	31
29.04.2019 00:00	4.99	4.99	4.48	4.66	35
30.04.2019 00:00	4.7	4.71	4.59	4.59	10
02.05.2019 00:00	4.67	4.67	4.67	4.67	2
06.05.2019 00:00	4.67	4.67	4.54	4.59	6
07.05.2019 00:00	4.61	4.61	4.61	4.61	5
08.05.2019 00:00	4.59	4.59	4.5	4.57	9
10.05.2019 00:00	4.49	4.5	4.49	4.49	5
13.05.2019 00:00	4.57	4.58	4.51	4.57	17
14.05.2019 00:00	4.67	4.67	4.59	4.59	5
15.05.2019 00:00	4.59	4.59	4.53	4.53	7
16.05.2019 00:00	4.54	4.54	4.51	4.51	14
17.05.2019 00:00	4.57	4.61	4.57	4.61	2
21.05.2019 00:00	4.54	4.54	4.51	4.51	5
22.05.2019 00:00	4.53	4.53	4.53	4.53	1
23.05.2019 00:00	4.57	4.57	4.49	4.53	8
27.05.2019 00:00	4.59	4.59	4.59	4.59	2
28.05.2019 00:00	4.53	4.57	4.53	4.57	5
29.05.2019 00:00	4.5600000000000005	4.57	4.5600000000000005	4.57	5
30.05.2019 00:00	4.58	4.7	4.58	4.7	30
31.05.2019 00:00	4.71	4.73	4.7	4.7	8
03.06.2019 00:00	4.74	4.88	4.7	4.7	31
04.06.2019 00:00	4.68	4.82	4.58	4.58	43
05.06.2019 00:00	4.7	4.7	4.65	4.66	9
06.06.2019 00:00	4.74	4.79	4.62	4.71	42
07.06.2019 00:00	4.8100000000000005	4.8100000000000005	4.79	4.8100000000000005	4
10.06.2019 00:00	4.8100000000000005	4.93	4.79	4.79	68
11.06.2019 00:00	4.87	4.91	4.82	4.87	107
13.06.2019 00:00	4.92	4.93	4.91	4.93	21
14.06.2019 00:00	4.91	4.95	4.9	4.95	12
17.06.2019 00:00	4.98	4.98	4.88	4.91	10
18.06.2019 00:00	4.91	5.13	4.91	5.05	96
19.06.2019 00:00	5.23	5.23	4.96	5.03	67
20.06.2019 00:00	5.08	5.08	5.03	5.05	19
21.06.2019 00:00	4.7	5.04	4.7	5.03	30
24.06.2019 00:00	5.11	5.23	5.11	5.23	163
25.06.2019 00:00	5.21	5.23	5.12	5.21	77
26.06.2019 00:00	5.23	5.23	5.17	5.21	14
27.06.2019 00:00	5.21	5.21	5.17	5.19	88
28.06.2019 00:00	5.2	5.2	5.17	5.19	31
01.07.2019 00:00	5.2	5.29	5.2	5.25	165
02.07.2019 00:00	5.29	5.29	5.16	5.24	75
03.07.2019 00:00	5.87	5.87	5.28	5.34	91
04.07.2019 00:00	5.36	5.49	5.36	5.41	55
05.07.2019 00:00	5.49	5.65	5.45	5.61	185
08.07.2019 00:00	5.63	5.84	5.41	5.61	633
09.07.2019 00:00	5.09	5.16	4.9	5.04	337
10.07.2019 00:00	5.03	5.03	4.91	4.93	70
11.07.2019 00:00	4.91	4.91	4.8100000000000005	4.86	61
12.07.2019 00:00	4.8100000000000005	4.8100000000000005	4.74	4.74	22
15.07.2019 00:00	4.75	4.78	4.7	4.7	30
16.07.2019 00:00	4.75	4.8100000000000005	4.7	4.8100000000000005	110
17.07.2019 00:00	4.73	4.78	4.73	4.74	168
18.07.2019 00:00	4.74	4.74	4.74	4.74	1
19.07.2019 00:00	4.91	4.91	4.73	4.78	30
22.07.2019 00:00	4.74	4.75	4.71	4.74	12
23.07.2019 00:00	4.71	4.82	4.71	4.82	26
24.07.2019 00:00	4.82	4.82	4.76	4.76	14
25.07.2019 00:00	4.79	4.79	4.49	4.71	55
26.07.2019 00:00	4.76	4.76	4.53	4.7	148
29.07.2019 00:00	4.66	4.74	4.66	4.7	18
30.07.2019 00:00	4.7	4.7	4.66	4.66	8
31.07.2019 00:00	4.7	4.71	4.66	4.7	29
01.08.2019 00:00	4.7	4.7	4.66	4.66	17
02.08.2019 00:00	4.65	4.7	4.65	4.66	43
05.08.2019 00:00	4.68	4.68	4.63	4.66	26
06.08.2019 00:00	4.68	4.68	4.59	4.67	12
07.08.2019 00:00	4.67	4.7	4.65	4.65	16
08.08.2019 00:00	4.66	4.68	4.65	4.66	26
09.08.2019 00:00	4.67	4.67	4.63	4.66	17
12.08.2019 00:00	4.67	4.73	4.67	4.73	39
13.08.2019 00:00	4.71	4.71	4.63	4.65	26
14.08.2019 00:00	4.65	4.7	4.62	4.67	80
15.08.2019 00:00	4.66	4.7	4.62	4.7	21
16.08.2019 00:00	4.7	4.7	4.67	4.67	21
19.08.2019 00:00	4.7	4.7	4.66	4.7	24
20.08.2019 00:00	4.7	4.76	4.67	4.76	28
21.08.2019 00:00	4.75	4.83	4.75	4.82	34
22.08.2019 00:00	4.82	4.87	4.78	4.79	23
23.08.2019 00:00	4.8100000000000005	4.82	4.79	4.82	66
26.08.2019 00:00	4.84	4.86	4.7	4.74	22
27.08.2019 00:00	4.79	4.82	4.78	4.78	30
28.08.2019 00:00	4.79	4.86	4.79	4.82	144
29.08.2019 00:00	4.92	4.99	4.78	4.95	60
30.08.2019 00:00	4.87	4.91	4.82	4.91	53
02.09.2019 00:00	4.84	4.9	4.82	4.9	7
03.09.2019 00:00	4.86	4.86	4.86	4.86	1
04.09.2019 00:00	5.05	5.05	4.87	4.87	8
05.09.2019 00:00	4.95	4.95	4.91	4.92	6
06.09.2019 00:00	4.87	5.04	4.87	4.95	30
09.09.2019 00:00	5.07	5.07	4.95	4.99	26
10.09.2019 00:00	4.96	5.04	4.96	5.04	37
11.09.2019 00:00	4.95	5.07	4.92	5.07	45
12.09.2019 00:00	5.08	5.2	5.08	5.2	35
13.09.2019 00:00	5.46	5.46	5.09	5.09	46
16.09.2019 00:00	5.11	5.11	5.11	5.11	4
17.09.2019 00:00	5.0	5.26	5.0	5.2	14
18.09.2019 00:00	5.04	5.07	5.0	5.07	7
19.09.2019 00:00	5.11	5.16	5.11	5.16	9
20.09.2019 00:00	5.15	5.19	5.04	5.15	99
23.09.2019 00:00	5.13	5.33	5.12	5.12	28
24.09.2019 00:00	5.12	5.21	5.12	5.16	9
25.09.2019 00:00	5.13	5.19	5.0	5.11	119
26.09.2019 00:00	5.16	5.2	5.08	5.13	15
27.09.2019 00:00	5.13	5.13	5.07	5.12	42
30.09.2019 00:00	5.12	5.15	5.12	5.15	7
01.10.2019 00:00	5.24	5.24	5.16	5.23	5
02.10.2019 00:00	5.2	5.2	5.12	5.13	8
03.10.2019 00:00	5.15	5.15	4.99	5.09	28
04.10.2019 00:00	5.07	5.16	5.07	5.16	4
07.10.2019 00:00	5.16	5.16	5.12	5.12	7
08.10.2019 00:00	5.12	5.16	5.12	5.16	8
09.10.2019 00:00	5.2	5.2	5.2	5.2	1
10.10.2019 00:00	5.24	5.24	5.24	5.24	3
11.10.2019 00:00	5.24	5.24	5.2	5.23	5
14.10.2019 00:00	5.28	5.28	5.2	5.2	12
15.10.2019 00:00	5.19	5.24	5.12	5.24	26
16.10.2019 00:00	5.24	6.08	5.24	5.32	90
17.10.2019 00:00	5.29	5.32	5.25	5.32	17
18.10.2019 00:00	5.38	5.57	5.36	5.41	19
21.10.2019 00:00	5.45	5.46	5.34	5.4	24
22.10.2019 00:00	5.4	5.49	5.4	5.46	17
23.10.2019 00:00	5.46	5.46	5.36	5.42	10
24.10.2019 00:00	5.41	5.41	5.38	5.38	25
25.10.2019 00:00	5.37	5.38	5.36	5.37	7
28.10.2019 00:00	5.28	5.49	5.26	5.45	34
29.10.2019 00:00	5.5	5.5	5.36	5.38	24
30.10.2019 00:00	5.44	5.44	5.32	5.38	33
31.10.2019 00:00	5.38	5.45	5.38	5.4	4
01.11.2019 00:00	5.44	5.45	5.42	5.44	7
05.11.2019 00:00	5.45	5.68	5.41	5.59	40
06.11.2019 00:00	5.49	5.54	5.49	5.53	51
07.11.2019 00:00	5.57	5.57	5.53	5.53	13
08.11.2019 00:00	5.61	5.79	5.46	5.57	56
11.11.2019 00:00	5.62	5.67	5.5	5.5600000000000005	12
12.11.2019 00:00	5.5600000000000005	5.5600000000000005	5.53	5.5600000000000005	5
13.11.2019 00:00	5.53	5.53	5.41	5.44	64
14.11.2019 00:00	5.41	5.61	5.4	5.57	46
15.11.2019 00:00	5.57	5.78	5.57	5.7	10
18.11.2019 00:00	5.7	5.96	5.68	5.95	66
19.11.2019 00:00	5.67	5.75	5.67	5.75	23
20.11.2019 00:00	5.76	5.82	5.76	5.82	3
21.11.2019 00:00	5.93	5.93	5.74	5.74	28
22.11.2019 00:00	5.86	5.86	5.7	5.79	22
26.11.2019 00:00	5.75	5.75	5.5600000000000005	5.62	17
27.11.2019 00:00	5.61	5.74	5.61	5.74	5
28.11.2019 00:00	5.65	5.65	5.63	5.65	2
29.11.2019 00:00	5.74	5.83	5.74	5.83	10
02.12.2019 00:00	5.75	5.87	5.74	5.75	14
03.12.2019 00:00	5.86	5.86	5.68	5.83	14
04.12.2019 00:00	5.84	5.88	5.76	5.88	15
05.12.2019 00:00	5.91	5.96	5.83	5.9	35
06.12.2019 00:00	5.86	5.95	5.82	5.9	33
09.12.2019 00:00	5.95	5.96	5.95	5.95	20
10.12.2019 00:00	5.96	5.99	5.62	5.96	15
11.12.2019 00:00	5.95	5.99	5.91	5.91	48
12.12.2019 00:00	6.11	6.11	5.9	5.95	13
13.12.2019 00:00	5.99	6.04	5.95	6.04	7
16.12.2019 00:00	5.9	6.15	5.9	5.99	32
17.12.2019 00:00	5.99	6.15	5.96	5.96	46
18.12.2019 00:00	6.03	6.03	5.93	6.01	8
19.12.2019 00:00	6.03	6.03	5.83	5.95	42
20.12.2019 00:00	5.91	6.0	5.91	5.95	40
23.12.2019 00:00	6.0	6.03	5.95	6.01	25
24.12.2019 00:00	6.08	6.15	6.03	6.12	13
25.12.2019 00:00	6.13	6.16	6.09	6.09	17
26.12.2019 00:00	6.13	6.13	6.0	6.04	13
27.12.2019 00:00	6.08	6.16	6.08	6.15	12
30.12.2019 00:00	6.15	6.16	6.08	6.11	44
03.01.2020 00:00	6.16	6.2	6.01	6.16	50
06.01.2020 00:00	6.15	6.21	6.11	6.21	37
08.01.2020 00:00	6.33	6.42	6.11	6.28	55
09.01.2020 00:00	6.32	6.41	6.32	6.34	26
10.01.2020 00:00	6.34	6.68	6.34	6.66	108
13.01.2020 00:00	6.58	6.74	6.57	6.59	64
14.01.2020 00:00	6.45	6.74	6.45	6.66	23
15.01.2020 00:00	6.65	6.74	6.53	6.62	50
16.01.2020 00:00	6.59	6.65	6.59	6.63	11
17.01.2020 00:00	6.67	6.74	6.65	6.67	57
20.01.2020 00:00	6.74	6.91	6.73	6.79	33
21.01.2020 00:00	6.86	6.91	6.8100000000000005	6.86	13
22.01.2020 00:00	6.92	6.93	6.76	6.78	55
23.01.2020 00:00	6.74	6.86	6.59	6.66	88
24.01.2020 00:00	6.59	6.73	6.59	6.73	19
27.01.2020 00:00	6.59	6.86	6.59	6.75	16
28.01.2020 00:00	6.68	6.78	6.68	6.78	8
29.01.2020 00:00	6.9	6.9	6.86	6.86	12
30.01.2020 00:00	6.74	7.15	6.7	6.9	126
31.01.2020 00:00	6.9	7.03	6.79	6.91	19
03.02.2020 00:00	6.9	7.29	6.9	7.28	87
04.02.2020 00:00	7.3	7.38	7.28	7.28	171
05.02.2020 00:00	7.37	7.58	7.36	7.58	63
06.02.2020 00:00	7.57	7.61	7.45	7.59	13
07.02.2020 00:00	7.48	7.57	7.28	7.5	38
10.02.2020 00:00	7.53	7.53	7.53	7.53	11
11.02.2020 00:00	7.67	7.68	7.53	7.66	39
12.02.2020 00:00	7.66	7.7	7.53	7.53	40
13.02.2020 00:00	7.59	7.59	7.5600000000000005	7.5600000000000005	7
14.02.2020 00:00	7.5	7.7	7.45	7.7	14
17.02.2020 00:00	7.7	7.71	7.5600000000000005	7.67	25
18.02.2020 00:00	7.67	7.68	7.58	7.68	34
19.02.2020 00:00	7.7	7.7	7.54	7.58	29
20.02.2020 00:00	7.7	7.82	7.66	7.82	11
21.02.2020 00:00	7.65	7.79	7.59	7.71	34
25.02.2020 00:00	7.65	7.82	7.65	7.7	9
26.02.2020 00:00	7.5600000000000005	7.59	7.4	7.59	22
27.02.2020 00:00	7.45	7.68	7.4	7.65	22
28.02.2020 00:00	7.0	7.4	6.61	7.11	78
02.03.2020 00:00	7.09	7.82	7.09	7.66	352
03.03.2020 00:00	7.67	7.67	7.42	7.5600000000000005	236
04.03.2020 00:00	7.7	7.7	7.25	7.51	187
05.03.2020 00:00	7.58	7.58	7.4	7.4	34
06.03.2020 00:00	7.3	7.44	7.05	7.08	156
10.03.2020 00:00	6.61	7.03	5.36	6.96	276
11.03.2020 00:00	6.99	6.99	6.41	6.63	458
12.03.2020 00:00	6.58	6.83	6.07	6.25	812
13.03.2020 00:00	6.08	6.38	6.07	6.2	67
16.03.2020 00:00	6.13	8.63	5.75	6.19	318
17.03.2020 00:00	6.44	7.29	6.07	6.21	570
18.03.2020 00:00	5.8100000000000005	6.82	5.8100000000000005	6.21	368
19.03.2020 00:00	6.03	6.78	5.99	6.48	163
20.03.2020 00:00	6.88	6.96	6.66	6.66	67
23.03.2020 00:00	6.66	6.66	6.29	6.58	168
24.03.2020 00:00	6.59	6.68	6.48	6.58	131
25.03.2020 00:00	6.7	6.84	6.41	6.53	367
26.03.2020 00:00	6.54	6.78	6.45	6.5	1178
27.03.2020 00:00	6.57	6.67	6.42	6.46	461
30.03.2020 00:00	6.74	6.74	6.45	6.54	88
31.03.2020 00:00	6.54	7.16	6.53	6.75	280
01.04.2020 00:00	6.88	6.99	6.61	6.96	178
02.04.2020 00:00	6.84	7.07	6.82	6.95	108
03.04.2020 00:00	6.95	7.09	6.5	6.95	256
06.04.2020 00:00	7.04	7.04	6.79	6.93	255
07.04.2020 00:00	6.82	7.12	6.79	6.87	940
08.04.2020 00:00	6.9	6.9	6.78	6.87	53
09.04.2020 00:00	6.79	7.03	6.78	6.9	159
10.04.2020 00:00	6.9	7.08	6.9	6.9	101
13.04.2020 00:00	6.99	6.99	6.49	6.58	5789
14.04.2020 00:00	6.74	6.79	6.49	6.57	1949
15.04.2020 00:00	6.49	6.53	6.4	6.49	745
16.04.2020 00:00	6.61	6.61	6.25	6.49	1346
17.04.2020 00:00	6.48	6.74	6.2	6.57	4216
20.04.2020 00:00	6.78	6.91	6.25	6.7	459
21.04.2020 00:00	6.58	6.66	6.2	6.53	639
22.04.2020 00:00	6.71	6.74	6.5	6.58	287
23.04.2020 00:00	6.51	6.67	6.51	6.67	43
24.04.2020 00:00	6.54	6.79	6.51	6.62	1396
27.04.2020 00:00	6.61	6.79	6.61	6.76	259
28.04.2020 00:00	6.74	6.75	6.67	6.7	482
29.04.2020 00:00	6.7	6.74	6.61	6.67	320
30.04.2020 00:00	6.74	6.75	6.67	6.73	219
04.05.2020 00:00	6.66	6.99	6.66	6.82	316
05.05.2020 00:00	6.75	6.99	6.75	6.86	196
06.05.2020 00:00	6.95	6.99	6.86	6.95	1120
07.05.2020 00:00	6.78	6.95	6.78	6.95	291
08.05.2020 00:00	6.95	7.0	6.95	7.0	260
12.05.2020 00:00	7.03	7.11	6.99	7.0	243
13.05.2020 00:00	6.99	7.07	6.96	6.99	311
14.05.2020 00:00	7.09	7.09	6.95	6.99	484
15.05.2020 00:00	7.03	7.03	6.79	6.86	1064
18.05.2020 00:00	6.96	6.99	6.87	6.91	146
19.05.2020 00:00	6.96	7.28	6.95	7.08	1364
20.05.2020 00:00	7.23	7.23	6.61	7.08	1159
21.05.2020 00:00	7.09	7.16	6.95	6.99	453
22.05.2020 00:00	7.01	7.15	6.99	6.99	297
25.05.2020 00:00	7.04	7.11	6.99	7.11	473
26.05.2020 00:00	7.11	7.83	6.91	7.4	684
27.05.2020 00:00	7.28	7.79	7.28	7.5600000000000005	652
28.05.2020 00:00	7.4	7.99	7.11	7.53	454
29.05.2020 00:00	7.42	7.99	7.34	7.54	246
01.06.2020 00:00	7.73	7.99	7.2	7.48	355
02.06.2020 00:00	7.49	7.54	7.3	7.53	353
03.06.2020 00:00	7.36	7.96	7.24	7.51	437
04.06.2020 00:00	7.42	7.99	7.36	7.49	1730
05.06.2020 00:00	7.54	7.59	7.41	7.59	180
08.06.2020 00:00	7.57	7.7	7.45	7.65	854
09.06.2020 00:00	7.75	8.35	7.75	8.08	2702
10.06.2020 00:00	8.24	8.3	7.91	7.96	752
11.06.2020 00:00	7.96	8.07	7.88	7.9	538
15.06.2020 00:00	7.83	7.930000000000001	7.7	7.91	344
16.06.2020 00:00	7.98	8.26	7.96	8.01	276
17.06.2020 00:00	8.24	8.49	8.0	8.14	1347
18.06.2020 00:00	8.11	8.3	8.11	8.23	275
19.06.2020 00:00	8.23	8.3	8.19	8.21	404
22.06.2020 00:00	8.28	8.3	8.19	8.26	144
23.06.2020 00:00	8.17	8.3	8.16	8.19	129
25.06.2020 00:00	8.24	8.24	8.05	8.07	131
26.06.2020 00:00	8.06	8.07	7.92	7.99	308
29.06.2020 00:00	8.15	8.27	7.99	8.19	359
30.06.2020 00:00	8.24	8.4	8.15	8.25	701
02.07.2020 00:00	8.24	8.42	8.14	8.23	289
03.07.2020 00:00	8.32	8.33	8.24	8.27	134
06.07.2020 00:00	8.21	8.4	8.21	8.31	441
07.07.2020 00:00	8.31	8.39	8.27	8.27	459
08.07.2020 00:00	8.35	8.47	8.35	8.4	234
09.07.2020 00:00	8.44	8.47	8.15	8.24	394
10.07.2020 00:00	8.34	8.38	8.15	8.38	194
13.07.2020 00:00	8.41	8.44	8.25	8.4	233
14.07.2020 00:00	8.32	8.42	8.25	8.34	147
15.07.2020 00:00	8.25	8.39	8.25	8.27	301
16.07.2020 00:00	8.27	8.39	8.24	8.32	486
17.07.2020 00:00	8.36	8.39	8.19	8.39	215
20.07.2020 00:00	8.39	8.4	8.35	8.39	497
21.07.2020 00:00	8.38	8.4	8.34	8.39	246
22.07.2020 00:00	8.39	8.39	8.31	8.34	86
23.07.2020 00:00	8.35	8.38	8.19	8.27	304
24.07.2020 00:00	8.19	8.32	8.15	8.24	682
27.07.2020 00:00	8.24	8.32	8.07	8.21	236
28.07.2020 00:00	8.26	8.4	8.17	8.31	1778
29.07.2020 00:00	8.36	8.36	8.24	8.26	175
30.07.2020 00:00	8.38	8.39	8.22	8.32	409
31.07.2020 00:00	8.21	8.43	8.21	8.32	354
03.08.2020 00:00	8.26	8.39	8.19	8.25	602
04.08.2020 00:00	8.34	8.59	8.24	8.38	474
05.08.2020 00:00	8.34	8.5	8.19	8.36	863
06.08.2020 00:00	8.21	8.69	8.0	8.59	1366
07.08.2020 00:00	8.74	8.9	8.39	8.9	613
10.08.2020 00:00	8.91	9.65	8.91	9.25	1105
11.08.2020 00:00	9.43	9.65	9.4	9.48	822
12.08.2020 00:00	9.41	9.55	9.24	9.51	506
13.08.2020 00:00	9.61	12.93	9.34	9.85	7953
14.08.2020 00:00	9.72	10.8	9.15	10.15	2050
17.08.2020 00:00	10.23	10.49	9.85	9.9	510
18.08.2020 00:00	9.9	10.48	9.9	9.99	217
19.08.2020 00:00	10.11	10.23	9.93	9.93	186
20.08.2020 00:00	10.0	13.89	9.6	12.780000000000001	37730
21.08.2020 00:00	12.72	12.75	10.38	10.73	8649
24.08.2020 00:00	11.07	11.44	10.13	10.59	2155
25.08.2020 00:00	10.59	11.99	10.22	10.94	9096
26.08.2020 00:00	10.94	10.94	10.48	10.64	1544
27.08.2020 00:00	10.84	10.88	10.1	10.65	1692
28.08.2020 00:00	10.8	10.99	10.14	10.3	6217
31.08.2020 00:00	10.65	10.8	10.19	10.41	1397
01.09.2020 00:00	10.58	10.73	10.46	10.5	747
02.09.2020 00:00	10.64	11.09	10.6	10.72	1940
03.09.2020 00:00	10.6	10.73	10.32	10.44	705
04.09.2020 00:00	10.47	10.47	10.0	10.07	376
07.09.2020 00:00	10.4	11.34	10.13	10.28	2066
08.09.2020 00:00	10.3	10.43	10.14	10.15	300
09.09.2020 00:00	10.14	10.14	9.75	10.11	284
10.09.2020 00:00	10.15	10.48	10.15	10.27	444
11.09.2020 00:00	10.48	10.48	10.16	10.22	542
14.09.2020 00:00	10.34	10.44	10.05	10.19	1004
15.09.2020 00:00	10.07	10.34	10.07	10.19	585
16.09.2020 00:00	10.19	10.23	10.06	10.14	180
17.09.2020 00:00	10.17	10.17	9.99	10.08	686
18.09.2020 00:00	10.16	10.22	10.02	10.03	148
21.09.2020 00:00	10.11	10.8	10.05	10.22	884
22.09.2020 00:00	10.22	10.75	10.15	10.36	2347
23.09.2020 00:00	10.55	10.55	9.99	10.48	796
24.09.2020 00:00	10.17	10.38	9.9	10.35	1300
25.09.2020 00:00	10.36	10.99	10.36	10.75	4013
28.09.2020 00:00	10.89	11.78	10.84	11.42	4580
29.09.2020 00:00	11.69	11.69	11.26	11.5	1257
30.09.2020 00:00	11.69	12.38	11.67	11.83	2266
01.10.2020 00:00	12.09	12.34	11.88	12.07	2153
02.10.2020 00:00	12.07	12.39	11.3	11.53	3304
05.10.2020 00:00	11.74	12.13	11.56	11.82	5227
06.10.2020 00:00	11.99	12.09	11.73	11.93	4042
07.10.2020 00:00	11.93	11.96	11.02	11.24	7224
08.10.2020 00:00	10.13	10.63	9.57	9.99	9586
09.10.2020 00:00	9.99	9.99	9.81	9.82	1213
12.10.2020 00:00	9.77	10.07	9.77	9.9	766
13.10.2020 00:00	9.98	10.03	9.82	10.02	719
14.10.2020 00:00	9.88	9.99	9.02	9.92	554
15.10.2020 00:00	9.92	9.92	9.36	9.5	1002
16.10.2020 00:00	9.43	9.69	9.43	9.6	341
19.10.2020 00:00	9.64	9.67	9.3	9.33	618
20.10.2020 00:00	9.33	9.33	8.73	9.05	615
21.10.2020 00:00	9.05	9.21	8.83	8.98	274
22.10.2020 00:00	9.11	9.11	8.93	9.09	235
23.10.2020 00:00	9.14	9.38	9.1	9.28	306
26.10.2020 00:00	9.19	9.78	9.19	9.38	785
27.10.2020 00:00	9.39	9.39	9.13	9.23	497
28.10.2020 00:00	9.24	9.24	8.91	9.05	236
29.10.2020 00:00	9.09	9.19	9.0	9.11	111
30.10.2020 00:00	9.07	9.11	8.99	9.0	197
02.11.2020 00:00	9.02	9.02	8.9	8.93	283
03.11.2020 00:00	8.99	9.15	8.6	8.99	689
05.11.2020 00:00	9.15	9.15	9.07	9.07	319
06.11.2020 00:00	9.14	9.27	9.01	9.03	309
09.11.2020 00:00	9.19	9.28	8.99	9.1	688
10.11.2020 00:00	9.15	9.27	9.03	9.26	377
11.11.2020 00:00	9.27	9.32	9.07	9.23	219
12.11.2020 00:00	9.32	9.42	9.15	9.4	277
13.11.2020 00:00	9.42	9.42	8.94	9.25	753
16.11.2020 00:00	9.06	9.25	9.06	9.25	359
17.11.2020 00:00	9.13	9.3	9.11	9.16	312
18.11.2020 00:00	9.21	9.32	9.21	9.26	482
19.11.2020 00:00	9.32	9.4	9.21	9.23	162
20.11.2020 00:00	9.24	9.39	9.24	9.38	139
23.11.2020 00:00	9.39	9.49	9.27	9.49	625
24.11.2020 00:00	9.4	10.3	9.4	9.96	3233
25.11.2020 00:00	9.94	9.96	9.5	9.65	922
26.11.2020 00:00	9.82	9.82	9.63	9.71	299
27.11.2020 00:00	9.69	10.24	9.69	9.9	1096
30.11.2020 00:00	9.84	10.08	9.69	10.0	417
01.12.2020 00:00	10.07	10.09	9.88	9.99	248
02.12.2020 00:00	9.9	10.03	9.9	9.92	183
03.12.2020 00:00	9.91	10.05	9.91	9.94	192
04.12.2020 00:00	9.9	10.0	9.8	9.9	276
07.12.2020 00:00	9.78	9.91	9.69	9.72	652
08.12.2020 00:00	9.75	9.75	9.53	9.65	439
09.12.2020 00:00	9.71	9.82	9.61	9.82	265
10.12.2020 00:00	9.82	9.82	9.61	9.65	307
11.12.2020 00:00	9.66	9.74	9.63	9.65	239
14.12.2020 00:00	9.66	9.89	9.64	9.69	205
15.12.2020 00:00	9.86	9.9	9.64	9.76	196
16.12.2020 00:00	9.84	9.9	9.76	9.77	393
17.12.2020 00:00	9.76	9.88	9.73	9.75	423
18.12.2020 00:00	9.73	9.84	9.69	9.71	213
21.12.2020 00:00	9.77	9.8	9.07	9.55	847
22.12.2020 00:00	9.27	9.48	9.27	9.46	188
23.12.2020 00:00	9.57	9.66	9.49	9.5	166
24.12.2020 00:00	9.67	9.67	9.47	9.47	150
25.12.2020 00:00	9.59	9.65	9.5	9.55	170
28.12.2020 00:00	9.59	9.59	9.14	9.32	958
29.12.2020 00:00	9.43	9.44	9.23	9.38	220
30.12.2020 00:00	9.49	9.74	9.3	9.44	980
04.01.2021 00:00	9.57	9.68	9.49	9.56	347
05.01.2021 00:00	9.66	9.69	9.65	9.69	231
06.01.2021 00:00	9.71	9.77	9.6	9.66	180
08.01.2021 00:00	9.61	9.77	9.61	9.74	283
11.01.2021 00:00	9.78	9.8	7.86	9.44	7924
12.01.2021 00:00	9.51	9.55	9.4	9.47	1212
13.01.2021 00:00	9.49	9.55	9.18	9.51	925
14.01.2021 00:00	9.52	9.65	9.46	9.5	576
15.01.2021 00:00	9.53	9.74	9.42	9.53	1851
18.01.2021 00:00	9.61	9.65	9.52	9.59	166
19.01.2021 00:00	9.53	9.68	9.53	9.61	208
20.01.2021 00:00	9.67	9.67	9.57	9.61	55
21.01.2021 00:00	9.69	9.69	9.55	9.6	111
22.01.2021 00:00	9.53	9.63	9.43	9.55	249
25.01.2021 00:00	9.44	9.66	9.41	9.65	279
26.01.2021 00:00	9.66	9.74	9.65	9.67	184
27.01.2021 00:00	9.74	9.74	9.55	9.57	123
28.01.2021 00:00	9.51	9.73	9.51	9.69	35
29.01.2021 00:00	9.57	9.74	9.5	9.53	217
01.02.2021 00:00	9.72	9.72	9.32	9.5	278
02.02.2021 00:00	9.73	9.73	9.35	9.47	203
03.02.2021 00:00	9.72	9.72	9.47	9.51	107
04.02.2021 00:00	9.56	9.64	9.49	9.56	403
05.02.2021 00:00	9.47	9.74	9.47	9.59	394
08.02.2021 00:00	9.74	9.99	9.58	9.78	641
09.02.2021 00:00	9.78	9.99	9.78	9.81	270
10.02.2021 00:00	9.81	9.81	9.65	9.66	160
11.02.2021 00:00	9.82	9.82	9.61	9.69	572
12.02.2021 00:00	9.76	9.76	9.6	9.74	224
15.02.2021 00:00	9.78	9.86	9.72	9.82	212
16.02.2021 00:00	9.88	9.9	9.69	9.74	247
17.02.2021 00:00	9.74	9.78	9.63	9.63	489
18.02.2021 00:00	9.8	9.88	9.65	9.74	681
19.02.2021 00:00	9.8	10.88	9.69	10.17	3182
20.02.2021 00:00	10.23	10.26	9.9	9.96	337
22.02.2021 00:00	10.07	10.18	9.89	10.06	125
24.02.2021 00:00	10.0	10.11	9.9	9.97	534
25.02.2021 00:00	9.99	10.09	9.93	10.05	301
26.02.2021 00:00	9.92	10.07	9.89	9.99	336
01.03.2021 00:00	10.07	10.07	9.88	9.97	210
02.03.2021 00:00	9.89	9.98	9.82	9.93	45
03.03.2021 00:00	9.9	9.99	9.83	9.86	301
04.03.2021 00:00	9.82	9.97	9.72	9.84	531
05.03.2021 00:00	9.99	9.99	9.8	9.86	83
09.03.2021 00:00	9.91	9.91	9.81	9.85	142
10.03.2021 00:00	9.82	9.96	9.81	9.94	185
11.03.2021 00:00	9.94	9.98	9.82	9.97	89
12.03.2021 00:00	9.97	9.97	9.85	9.9	60
15.03.2021 00:00	9.82	9.99	9.82	9.99	126
16.03.2021 00:00	9.99	9.99	9.86	9.9	127
17.03.2021 00:00	9.88	9.99	9.84	9.93	155
18.03.2021 00:00	9.99	9.99	9.84	9.85	180
19.03.2021 00:00	9.98	9.99	9.82	9.84	149
22.03.2021 00:00	9.98	10.17	9.82	10.08	618
23.03.2021 00:00	10.17	10.17	9.99	10.07	170
24.03.2021 00:00	9.99	10.11	9.4	9.65	2655
25.03.2021 00:00	9.69	9.69	9.33	9.47	1335
26.03.2021 00:00	9.49	9.55	9.41	9.49	288
29.03.2021 00:00	9.56	9.6	9.44	9.51	409
30.03.2021 00:00	9.48	9.55	9.48	9.53	325
31.03.2021 00:00	9.51	9.66	9.49	9.49	314
01.04.2021 00:00	9.53	9.53	9.41	9.44	216
02.04.2021 00:00	9.52	9.53	9.44	9.52	198
05.04.2021 00:00	9.52	9.53	9.38	9.49	228
06.04.2021 00:00	9.52	9.52	9.49	9.49	83
07.04.2021 00:00	9.52	9.52	9.46	9.48	116
08.04.2021 00:00	9.46	9.52	9.46	9.5	130
09.04.2021 00:00	9.47	9.52	9.39	9.43	369
12.04.2021 00:00	9.48	9.48	9.4	9.48	148
13.04.2021 00:00	9.41	9.49	9.4	9.47	235
14.04.2021 00:00	9.46	9.46	9.36	9.41	200
15.04.2021 00:00	9.46	9.46	9.32	9.41	387
16.04.2021 00:00	9.32	9.4	9.3	9.4	260
19.04.2021 00:00	9.41	9.44	9.33	9.4	62
20.04.2021 00:00	9.44	9.44	9.33	9.35	62
21.04.2021 00:00	9.33	9.43	9.33	9.41	77
22.04.2021 00:00	9.4	9.43	9.36	9.4	28
23.04.2021 00:00	9.38	9.4	9.36	9.39	64
26.04.2021 00:00	9.44	9.5	9.31	9.49	278
27.04.2021 00:00	9.4	9.49	9.39	9.46	40
28.04.2021 00:00	9.49	9.49	9.35	9.48	42
29.04.2021 00:00	9.36	9.48	9.36	9.4	30
30.04.2021 00:00	9.4	9.49	9.4	9.42	50
04.05.2021 00:00	9.4	9.49	9.21	9.39	169
05.05.2021 00:00	9.43	9.48	9.41	9.41	26
06.05.2021 00:00	9.36	9.69	8.99	9.08	1089
07.05.2021 00:00	9.06	9.25	9.06	9.21	225
10.05.2021 00:00	9.35	9.4	9.17	9.26	95
11.05.2021 00:00	9.4	9.4	9.06	9.27	155
12.05.2021 00:00	9.22	9.32	9.18	9.26	75
13.05.2021 00:00	9.21	9.36	9.15	9.21	137
14.05.2021 00:00	9.28	9.28	9.15	9.26	78
17.05.2021 00:00	9.15	9.3	9.13	9.25	184
18.05.2021 00:00	9.18	9.23	9.18	9.21	79
19.05.2021 00:00	9.32	9.32	9.15	9.16	63
20.05.2021 00:00	9.25	9.3	9.09	9.11	172
21.05.2021 00:00	9.15	9.15	9.09	9.13	97
24.05.2021 00:00	9.22	9.22	9.14	9.18	57
25.05.2021 00:00	9.22	9.25	9.1	9.15	40
26.05.2021 00:00	9.14	9.14	9.1	9.11	145
27.05.2021 00:00	9.13	9.96	9.11	9.24	1150
28.05.2021 00:00	9.32	9.49	9.3	9.47	213
31.05.2021 00:00	9.46	9.46	9.09	9.24	451
01.06.2021 00:00	9.24	9.27	9.14	9.19	96
02.06.2021 00:00	9.16	9.32	9.16	9.32	51
03.06.2021 00:00	9.32	9.32	9.21	9.23	56
04.06.2021 00:00	9.32	9.32	9.24	9.31	20
07.06.2021 00:00	9.33	9.33	9.15	9.22	102
08.06.2021 00:00	9.16	9.32	9.16	9.19	87
09.06.2021 00:00	9.19	9.19	8.99	9.19	261
10.06.2021 00:00	9.19	9.19	9.02	9.14	95
11.06.2021 00:00	9.16	9.17	9.09	9.17	201
14.06.2021 00:00	9.11	9.17	9.05	9.15	74
15.06.2021 00:00	9.15	9.15	9.08	9.14	125
16.06.2021 00:00	9.16	9.16	9.1	9.1	37
17.06.2021 00:00	9.15	9.17	9.1	9.14	73
18.06.2021 00:00	9.17	9.17	9.1	9.15	8
21.06.2021 00:00	9.16	9.16	9.0	9.07	145
22.06.2021 00:00	9.07	9.15	9.03	9.15	76
23.06.2021 00:00	9.03	9.07	8.97	9.07	588
24.06.2021 00:00	9.07	9.08	8.93	9.02	144
25.06.2021 00:00	9.1	9.1	8.98	9.07	82
28.06.2021 00:00	9.11	9.11	8.99	8.99	73
29.06.2021 00:00	8.99	9.03	8.99	9.02	68
30.06.2021 00:00	9.07	9.94	8.99	9.47	1203
01.07.2021 00:00	9.46	9.58	9.03	9.19	407
02.07.2021 00:00	9.15	9.19	9.15	9.15	91
05.07.2021 00:00	9.18	9.25	9.15	9.18	55
06.07.2021 00:00	9.24	9.24	9.06	9.07	238
07.07.2021 00:00	9.15	9.15	9.03	9.08	144
08.07.2021 00:00	9.21	9.21	9.05	9.09	57
09.07.2021 00:00	9.1	9.1	9.02	9.08	105
12.07.2021 00:00	9.09	9.18	9.08	9.1	109
13.07.2021 00:00	9.15	9.15	9.03	9.09	309
14.07.2021 00:00	8.99	8.99	8.78	8.8	867
15.07.2021 00:00	8.8	8.81	8.32	8.56	901
16.07.2021 00:00	8.59	8.59	8.21	8.31	278
19.07.2021 00:00	8.21	8.26	8.05	8.26	219
20.07.2021 00:00	8.07	8.38	8.07	8.36	96
21.07.2021 00:00	8.4	9.21	8.14	8.39	922
22.07.2021 00:00	8.42	8.52	8.38	8.52	164
23.07.2021 00:00	8.49	8.53	8.15	8.33	207
26.07.2021 00:00	8.3	8.4	8.16	8.36	85
27.07.2021 00:00	8.39	8.4	8.39	8.4	60
28.07.2021 00:00	8.4	8.4	8.21	8.26	98
29.07.2021 00:00	8.36	8.4	8.24	8.4	56
30.07.2021 00:00	8.4	8.42	8.34	8.4	35
02.08.2021 00:00	8.44	8.44	8.03	8.23	485
03.08.2021 00:00	8.35	8.35	8.24	8.24	33
04.08.2021 00:00	8.35	8.39	8.14	8.23	151
05.08.2021 00:00	8.18	8.21	8.06	8.21	105
06.08.2021 00:00	8.22	8.36	8.16	8.35	130
09.08.2021 00:00	8.34	8.34	8.13	8.21	180
10.08.2021 00:00	8.31	8.32	8.15	8.22	294
11.08.2021 00:00	8.24	8.34	8.14	8.32	112
12.08.2021 00:00	8.32	8.32	8.17	8.21	95
13.08.2021 00:00	8.28	8.39	8.27	8.35	56
16.08.2021 00:00	8.31	8.38	8.19	8.28	86
17.08.2021 00:00	8.27	8.27	8.15	8.15	210
18.08.2021 00:00	8.14	8.18	7.95	8.09	494
19.08.2021 00:00	8.15	8.15	7.99	8.07	330
20.08.2021 00:00	8.07	8.14	8.02	8.06	95
23.08.2021 00:00	8.08	8.28	8.0	8.16	169
24.08.2021 00:00	8.13	8.26	8.11	8.13	57
25.08.2021 00:00	8.13	8.15	8.09	8.11	198
26.08.2021 00:00	8.22	8.22	8.05	8.15	142
27.08.2021 00:00	8.22	8.25	8.15	8.19	81
30.08.2021 00:00	8.14	8.23	8.01	8.05	260
31.08.2021 00:00	8.11	8.13	8.05	8.1	120
01.09.2021 00:00	8.28	8.76	8.11	8.49	941
02.09.2021 00:00	8.44	8.8	8.44	8.56	206
03.09.2021 00:00	8.58	8.98	8.52	8.94	276
06.09.2021 00:00	8.69	9.03	8.69	8.84	146
07.09.2021 00:00	8.84	9.08	8.84	8.9	137
08.09.2021 00:00	8.9	8.9	8.67	8.72	96
09.09.2021 00:00	8.8	8.84	8.52	8.63	110
10.09.2021 00:00	8.66	8.66	8.31	8.4	219
13.09.2021 00:00	8.44	8.46	8.27	8.46	142
14.09.2021 00:00	8.47	8.65	8.39	8.52	100
15.09.2021 00:00	8.53	8.53	8.38	8.43	40
16.09.2021 00:00	8.48	8.48	8.23	8.28	137
17.09.2021 00:00	8.27	8.49	8.1	8.19	400
20.09.2021 00:00	8.19	8.26	8.1	8.15	72
21.09.2021 00:00	8.24	8.24	8.1	8.1	47
22.09.2021 00:00	8.1	8.24	8.09	8.23	51
23.09.2021 00:00	8.28	8.3	8.08	8.21	111
24.09.2021 00:00	8.24	8.24	8.19	8.19	42
27.09.2021 00:00	8.47	8.57	8.23	8.36	240
28.09.2021 00:00	8.56	8.66	8.38	8.49	454
29.09.2021 00:00	8.5	8.71	8.47	8.53	64
30.09.2021 00:00	8.69	8.69	8.49	8.49	22
01.10.2021 00:00	8.49	8.63	8.44	8.46	17
04.10.2021 00:00	8.43	8.61	8.32	8.47	91
05.10.2021 00:00	8.52	8.58	8.32	8.48	47
06.10.2021 00:00	8.4	8.6	8.35	8.36	105
07.10.2021 00:00	8.35	8.44	8.28	8.32	106
08.10.2021 00:00	8.43	8.44	8.27	8.39	238
11.10.2021 00:00	8.4	8.4	8.28	8.33	185
12.10.2021 00:00	8.4	8.47	8.23	8.32	284
13.10.2021 00:00	8.46	8.46	8.33	8.46	115
14.10.2021 00:00	8.31	8.49	8.31	8.43	177
15.10.2021 00:00	8.49	8.6	8.35	8.38	124
18.10.2021 00:00	8.51	8.75	8.4	8.51	192
19.10.2021 00:00	8.58	8.69	8.49	8.49	123
20.10.2021 00:00	8.66	8.68	8.3	8.4	201
21.10.2021 00:00	8.49	8.58	8.4	8.44	141
22.10.2021 00:00	8.4	8.6	8.27	8.51	187
25.10.2021 00:00	8.47	8.66	8.35	8.55	245
26.10.2021 00:00	8.5	8.63	8.5	8.59	1387
27.10.2021 00:00	8.68	8.68	8.47	8.53	32
28.10.2021 00:00	8.5	8.65	8.46	8.51	360
29.10.2021 00:00	8.59	8.59	8.48	8.52	44
01.11.2021 00:00	8.5	8.57	8.49	8.49	84
02.11.2021 00:00	8.53	8.59	8.46	8.49	279
03.11.2021 00:00	8.44	8.51	8.44	8.47	621
05.11.2021 00:00	8.56	8.56	8.44	8.48	66
08.11.2021 00:00	8.55	8.65	8.44	8.55	404
09.11.2021 00:00	8.65	8.73	8.51	8.65	117
10.11.2021 00:00	8.72	8.8	8.52	8.53	124
11.11.2021 00:00	8.53	8.74	8.47	8.49	180
12.11.2021 00:00	8.67	8.67	8.4	8.44	109
15.11.2021 00:00	8.52	8.74	8.4	8.55	242
16.11.2021 00:00	8.58	8.58	8.36	8.4	190
17.11.2021 00:00	8.4	8.41	8.27	8.36	160
18.11.2021 00:00	8.38	8.38	8.27	8.32	29
19.11.2021 00:00	8.26	8.49	8.24	8.3	293
22.11.2021 00:00	8.3	8.31	8.15	8.15	152
23.11.2021 00:00	8.15	8.24	7.79	8.05	994
24.11.2021 00:00	8.07	8.13	8.02	8.07	66
25.11.2021 00:00	8.18	8.18	8.01	8.16	107
26.11.2021 00:00	8.02	8.15	8.01	8.03	43
29.11.2021 00:00	8.05	8.15	7.99	8.07	89
30.11.2021 00:00	8.03	8.13	8.03	8.11	12
01.12.2021 00:00	8.13	8.13	7.96	8.11	106
02.12.2021 00:00	8.1	8.1	7.930000000000001	8.07	137
03.12.2021 00:00	8.18	8.18	7.9	8.01	160
06.12.2021 00:00	8.18	8.18	7.95	8.15	152
07.12.2021 00:00	8.15	8.15	7.91	7.99	172
08.12.2021 00:00	8.08	8.09	7.91	7.92	59
09.12.2021 00:00	7.91	8.01	7.9	8.01	390
10.12.2021 00:00	8.13	8.15	7.9	8.09	41
13.12.2021 00:00	8.17	8.17	7.9	7.9	160
14.12.2021 00:00	8.15	8.15	7.84	7.96	190
15.12.2021 00:00	7.99	8.1	7.88	8.03	66
16.12.2021 00:00	8.02	8.03	7.96	8.0	82
17.12.2021 00:00	8.14	8.14	8.0	8.06	44
20.12.2021 00:00	8.01	8.11	7.99	7.99	170
21.12.2021 00:00	8.0	8.15	7.99	8.0	57
22.12.2021 00:00	8.16	8.16	7.99	7.99	99
23.12.2021 00:00	7.99	8.17	7.96	8.0	96
24.12.2021 00:00	8.03	8.11	7.95	8.0	194
27.12.2021 00:00	8.05	11.19	7.91	10.69	31142
28.12.2021 00:00	10.89	11.48	9.65	10.85	22605
29.12.2021 00:00	10.82	10.98	10.47	10.98	2156
30.12.2021 00:00	10.98	11.48	10.65	11.4	10233
03.01.2022 00:00	11.49	11.98	11.49	11.97	8538
04.01.2022 00:00	12.08	12.19	11.58	12.13	8801
05.01.2022 00:00	12.13	12.5	12.13	12.44	20115
06.01.2022 00:00	12.49	12.99	12.19	12.9	16596
10.01.2022 00:00	12.88	12.99	12.19	12.69	14658
11.01.2022 00:00	12.8	12.8	11.93	12.11	16176
12.01.2022 00:00	11.26	11.26	9.57	9.77	24698
13.01.2022 00:00	9.78	9.82	9.01	9.13	9140
14.01.2022 00:00	9.13	9.24	8.4	8.49	5127
17.01.2022 00:00	8.66	8.88	8.26	8.49	2756
18.01.2022 00:00	8.6	8.73	8.0	8.19	2838
19.01.2022 00:00	8.22	8.49	8.0	8.14	2218
20.01.2022 00:00	8.16	8.32	8.07	8.11	1084
21.01.2022 00:00	8.28	8.28	7.9	7.96	1707
24.01.2022 00:00	7.92	7.96	7.11	7.74	1930
25.01.2022 00:00	7.79	7.92	7.57	7.87	622
26.01.2022 00:00	7.9	8.08	7.66	7.92	647
27.01.2022 00:00	7.930000000000001	8.4	7.9	8.01	1109
28.01.2022 00:00	8.01	8.26	8.01	8.19	468
31.01.2022 00:00	8.03	8.39	7.99	8.17	1389
01.02.2022 00:00	8.03	8.17	7.99	8.08	708
02.02.2022 00:00	8.11	8.4	8.03	8.1	1147
03.02.2022 00:00	8.1	8.11	7.82	7.95	751
04.02.2022 00:00	7.99	8.02	7.82	7.930000000000001	303
07.02.2022 00:00	7.86	7.99	7.63	7.82	735
08.02.2022 00:00	7.83	8.13	7.78	7.99	469
09.02.2022 00:00	8.02	8.11	7.86	8.02	589
10.02.2022 00:00	8.01	8.09	7.95	8.03	682
11.02.2022 00:00	7.95	8.0	7.79	7.930000000000001	561
14.02.2022 00:00	7.9	8.07	7.8100000000000005	7.9	1000
15.02.2022 00:00	7.930000000000001	8.05	7.86	7.92	684
16.02.2022 00:00	8.01	8.24	7.79	8.07	883
17.02.2022 00:00	7.99	8.06	7.76	7.9	488
18.02.2022 00:00	7.99	8.05	7.7	7.79	799
21.02.2022 00:00	7.95	7.95	7.36	7.44	1395
22.02.2022 00:00	7.45	7.49	6.61	7.49	2522
24.02.2022 00:00	6.87	6.9	5.2	6.28	1917
25.02.2022 00:00	7.37	7.38	6.24	6.8100000000000005	507
28.03.2022 00:00	6.8100000000000005	6.91	5.79	6.09	667
29.03.2022 00:00	6.15	6.21	5.9	6.21	572
30.03.2022 00:00	6.21	6.4	5.99	6.33	751
31.03.2022 00:00	6.44	7.88	6.44	7.2	1430
01.04.2022 00:00	7.24	7.37	7.15	7.23	320
04.04.2022 00:00	7.28	7.49	7.05	7.28	628
05.04.2022 00:00	7.26	7.26	6.73	7.08	1222
06.04.2022 00:00	6.88	7.09	6.86	7.09	480
07.04.2022 00:00	6.92	7.2	6.79	6.83	1899
08.04.2022 00:00	6.8100000000000005	7.7	6.8100000000000005	7.05	1187
11.04.2022 00:00	7.07	7.24	6.95	7.09	316
12.04.2022 00:00	7.03	7.15	6.82	7.03	234
13.04.2022 00:00	7.08	7.2	6.92	6.95	157
14.04.2022 00:00	6.95	7.13	6.74	6.9	320
15.04.2022 00:00	6.88	7.12	6.87	6.95	173
18.04.2022 00:00	7.11	7.11	6.93	7.04	196
19.04.2022 00:00	6.99	7.04	6.9	6.91	48
20.04.2022 00:00	6.99	7.2	6.49	6.9	645
21.04.2022 00:00	6.93	6.93	6.83	6.83	148
22.04.2022 00:00	6.84	6.95	6.79	6.9	84
25.04.2022 00:00	6.79	6.99	6.7	6.96	387
26.04.2022 00:00	6.83	7.04	6.83	6.92	1491
27.04.2022 00:00	6.99	7.03	6.86	6.93	251
28.04.2022 00:00	6.92	7.04	6.87	6.91	212
29.04.2022 00:00	6.95	7.2	6.79	6.91	890
04.05.2022 00:00	6.9	6.99	6.9	6.91	68
05.05.2022 00:00	6.98	7.19	6.93	6.99	376
06.05.2022 00:00	6.93	7.07	6.93	6.96	102
11.05.2022 00:00	7.0	7.01	6.91	6.99	164
12.05.2022 00:00	6.99	6.99	6.78	6.9	429
13.05.2022 00:00	6.92	6.99	6.9	6.98	150
16.05.2022 00:00	6.95	7.0	6.74	6.96	772
17.05.2022 00:00	6.96	7.08	6.92	6.99	335
18.05.2022 00:00	7.09	7.37	6.92	6.99	814
19.05.2022 00:00	6.99	7.17	6.99	7.11	153
20.05.2022 00:00	7.11	7.11	6.95	6.99	191
23.05.2022 00:00	6.95	7.01	6.9	6.93	94
24.05.2022 00:00	6.95	6.95	6.82	6.92	233
25.05.2022 00:00	6.9	6.9	6.5	6.82	530
26.05.2022 00:00	6.78	6.98	6.66	6.78	643
27.05.2022 00:00	6.74	6.86	6.7	6.74	305
30.05.2022 00:00	6.74	6.86	6.7	6.76	134
31.05.2022 00:00	6.78	6.99	6.7	6.74	375
01.06.2022 00:00	6.95	7.04	6.71	6.83	1025
02.06.2022 00:00	6.86	7.79	6.79	6.99	1910
03.06.2022 00:00	7.01	7.25	6.73	6.9	1055
06.06.2022 00:00	6.93	7.0	6.8100000000000005	6.95	747
07.06.2022 00:00	6.95	6.99	6.86	6.96	319
08.06.2022 00:00	6.92	7.03	6.9	6.9	185
09.06.2022 00:00	6.96	7.03	6.9	6.9	77
10.06.2022 00:00	6.91	7.11	6.82	7.0	560
14.06.2022 00:00	7.09	7.26	6.96	7.13	357
15.06.2022 00:00	7.11	7.32	7.07	7.25	1844
16.06.2022 00:00	7.24	7.25	7.09	7.19	220
17.06.2022 00:00	7.2	7.34	7.16	7.34	151
20.06.2022 00:00	7.36	7.49	7.24	7.46	265
21.06.2022 00:00	7.42	7.5	7.34	7.44	765
22.06.2022 00:00	7.45	7.45	7.12	7.21	2252
23.06.2022 00:00	7.13	7.17	6.92	7.11	335
24.06.2022 00:00	7.03	7.09	6.84	7.03	266
27.06.2022 00:00	7.03	7.16	7.03	7.04	126
28.06.2022 00:00	7.07	7.19	7.07	7.16	43
29.06.2022 00:00	7.01	7.16	7.01	7.04	551
30.06.2022 00:00	7.2	7.58	6.9	7.4	1645
01.07.2022 00:00	7.29	7.49	7.08	7.2	1813
04.07.2022 00:00	7.21	7.34	7.15	7.29	822
05.07.2022 00:00	7.15	7.38	7.15	7.23	815
06.07.2022 00:00	7.3	7.3	7.08	7.23	326
07.07.2022 00:00	7.24	7.32	7.12	7.26	410
08.07.2022 00:00	7.28	7.32	7.2	7.28	909
11.07.2022 00:00	7.28	7.59	7.15	7.26	1282
12.07.2022 00:00	7.25	7.28	7.24	7.28	563
13.07.2022 00:00	7.29	7.49	7.04	7.11	1777
14.07.2022 00:00	7.15	7.28	6.51	6.74	2752
15.07.2022 00:00	6.95	6.95	6.65	6.91	299
18.07.2022 00:00	6.8100000000000005	6.96	6.79	6.88	471
19.07.2022 00:00	6.86	6.88	6.76	6.86	66
20.07.2022 00:00	6.86	6.9	6.67	6.74	233
21.07.2022 00:00	6.86	6.9	6.7	6.74	110
22.07.2022 00:00	6.8100000000000005	6.82	6.74	6.82	85
25.07.2022 00:00	6.74	6.82	6.51	6.78	440
26.07.2022 00:00	6.8100000000000005	6.96	6.61	6.8100000000000005	866
27.07.2022 00:00	6.87	7.04	6.75	6.9	342
28.07.2022 00:00	6.99	7.2	6.86	7.0	1086
29.07.2022 00:00	7.04	7.09	6.9	7.09	840
01.08.2022 00:00	7.11	7.15	7.03	7.11	210
02.08.2022 00:00	7.11	7.12	7.07	7.11	75
03.08.2022 00:00	7.09	7.24	7.09	7.2	468
04.08.2022 00:00	7.15	7.24	7.15	7.2	269
05.08.2022 00:00	7.24	7.25	7.16	7.23	341
08.08.2022 00:00	7.19	7.29	7.17	7.28	213
09.08.2022 00:00	7.28	7.58	7.26	7.42	620
10.08.2022 00:00	7.45	7.98	7.45	7.65	1002
11.08.2022 00:00	7.78	7.95	7.68	7.78	664
12.08.2022 00:00	7.99	7.99	7.78	7.79	304
15.08.2022 00:00	7.91	7.91	7.78	7.78	110
16.08.2022 00:00	7.78	7.95	7.67	7.75	484
17.08.2022 00:00	7.9	7.930000000000001	7.74	7.74	112
18.08.2022 00:00	7.74	7.79	7.62	7.75	148
19.08.2022 00:00	7.75	7.75	7.51	7.61	353
22.08.2022 00:00	7.58	7.79	7.5	7.67	303
23.08.2022 00:00	7.63	7.68	7.54	7.67	63
24.08.2022 00:00	7.66	7.71	7.65	7.68	34
25.08.2022 00:00	7.65	7.78	7.65	7.65	123
26.08.2022 00:00	7.66	7.78	7.62	7.73	40
29.08.2022 00:00	7.57	7.79	7.51	7.65	333
30.08.2022 00:00	7.65	7.78	7.61	7.67	224
31.08.2022 00:00	7.49	7.73	7.49	7.7	623
01.09.2022 00:00	7.74	8.13	7.61	7.91	2505
02.09.2022 00:00	8.03	8.03	7.78	7.86	200
05.09.2022 00:00	7.86	8.02	7.74	7.82	1111
06.09.2022 00:00	7.99	8.09	7.57	7.79	1106
07.09.2022 00:00	7.76	7.87	7.49	7.61	1763
08.09.2022 00:00	7.57	7.7	7.53	7.61	241
09.09.2022 00:00	7.59	7.83	7.5	7.68	151
12.09.2022 00:00	7.62	7.79	7.59	7.74	195
13.09.2022 00:00	7.65	7.75	7.61	7.65	63
14.09.2022 00:00	7.7	7.7	7.44	7.53	1365
15.09.2022 00:00	7.44	7.63	7.44	7.58	746
16.09.2022 00:00	7.58	7.62	7.51	7.61	283
19.09.2022 00:00	7.65	7.7	7.54	7.57	240
20.09.2022 00:00	7.57	7.61	7.34	7.41	985
21.09.2022 00:00	7.3	7.4	7.0	7.09	785
22.09.2022 00:00	7.25	7.49	7.09	7.45	388
23.09.2022 00:00	7.32	7.58	7.15	7.15	183
26.09.2022 00:00	7.15	7.51	5.61	6.95	879
27.09.2022 00:00	6.68	7.2	6.5	7.13	128
28.09.2022 00:00	7.36	7.36	6.73	7.17	50
29.09.2022 00:00	7.07	7.07	6.57	6.88	140
30.09.2022 00:00	6.9	6.99	6.73	6.95	187
03.10.2022 00:00	7.16	7.16	6.7	7.01	155
04.10.2022 00:00	7.2	7.38	6.61	7.03	31
05.10.2022 00:00	7.0	7.0	6.82	6.98	34
06.10.2022 00:00	7.07	7.07	6.79	7.0	118
07.10.2022 00:00	7.07	7.09	6.92	6.95	172
10.10.2022 00:00	6.86	7.2	6.84	6.99	180
11.10.2022 00:00	7.17	7.17	7.0	7.09	47
12.10.2022 00:00	7.09	7.09	7.0	7.03	67
13.10.2022 00:00	7.01	7.24	6.91	7.05	70
14.10.2022 00:00	7.36	7.36	6.99	7.05	228
17.10.2022 00:00	7.09	7.29	7.03	7.12	188
18.10.2022 00:00	7.26	7.26	7.09	7.12	255
19.10.2022 00:00	7.15	7.21	6.98	6.99	679
20.10.2022 00:00	6.96	7.13	6.92	7.03	369
21.10.2022 00:00	7.03	7.13	7.01	7.13	161
24.10.2022 00:00	7.0	7.26	7.0	7.2	3051
25.10.2022 00:00	7.29	7.36	7.15	7.36	466
26.10.2022 00:00	7.36	7.59	7.23	7.45	434
27.10.2022 00:00	7.4	7.54	7.36	7.49	209
28.10.2022 00:00	7.48	7.7	7.28	7.4	1312
31.10.2022 00:00	7.62	7.62	7.36	7.36	172
01.11.2022 00:00	7.54	7.5600000000000005	7.32	7.36	93
02.11.2022 00:00	7.57	7.57	7.29	7.37	372
03.11.2022 00:00	7.34	7.36	7.15	7.21	620
07.11.2022 00:00	7.19	7.57	7.19	7.29	462
08.11.2022 00:00	7.53	7.53	7.17	7.4	288
09.11.2022 00:00	7.23	7.51	7.21	7.34	65
10.11.2022 00:00	7.2	7.57	7.2	7.45	256
11.11.2022 00:00	7.57	7.7	7.28	7.49	933
14.11.2022 00:00	7.58	7.67	7.49	7.62	386
15.11.2022 00:00	7.57	7.59	7.5	7.53	92
16.11.2022 00:00	7.61	7.61	7.46	7.53	106
17.11.2022 00:00	7.59	7.59	7.49	7.5600000000000005	54
18.11.2022 00:00	7.5600000000000005	7.61	7.49	7.58	20
21.11.2022 00:00	7.54	10.55	7.49	10.09	3060
22.11.2022 00:00	9.09	9.36	8.3	8.59	8641
23.11.2022 00:00	8.47	8.56	8.0	8.19	2710
24.11.2022 00:00	8.24	8.44	7.87	8.25	3089
25.11.2022 00:00	8.26	8.68	7.9	8.1	3967
28.11.2022 00:00	8.08	8.4	8.02	8.11	1378
29.11.2022 00:00	8.18	8.28	8.13	8.28	200
30.11.2022 00:00	8.19	8.23	8.09	8.14	222
01.12.2022 00:00	8.14	8.24	8.11	8.18	192
02.12.2022 00:00	8.19	8.24	8.13	8.15	123
05.12.2022 00:00	8.14	8.33	8.11	8.15	334
06.12.2022 00:00	8.15	8.26	8.15	8.19	145
07.12.2022 00:00	8.24	8.25	8.15	8.19	209
08.12.2022 00:00	8.22	8.39	8.19	8.24	229
09.12.2022 00:00	8.23	8.52	8.23	8.32	171
12.12.2022 00:00	8.22	8.38	8.19	8.27	181
13.12.2022 00:00	8.36	9.19	8.31	8.46	2982
14.12.2022 00:00	8.4	8.53	8.15	8.25	738
15.12.2022 00:00	8.25	8.3	8.0	8.15	525
16.12.2022 00:00	7.95	8.22	7.86	8.14	731
19.12.2022 00:00	8.11	8.14	8.02	8.09	385
20.12.2022 00:00	8.02	8.1	7.87	8.05	1159
21.12.2022 00:00	7.99	8.19	7.95	8.15	995
22.12.2022 00:00	8.15	8.19	7.99	8.08	247
23.12.2022 00:00	8.15	8.16	7.99	8.05	603
26.12.2022 00:00	8.0	8.15	7.99	8.06	197
27.12.2022 00:00	8.08	8.59	8.01	8.57	1942
28.12.2022 00:00	8.55	10.55	8.25	8.83	22725
29.12.2022 00:00	9.09	9.36	8.66	9.35	4479
30.12.2022 00:00	9.38	9.38	9.11	9.31	3336
03.01.2023 00:00	9.32	9.39	9.01	9.32	3138
04.01.2023 00:00	9.32	9.38	9.13	9.21	1721
05.01.2023 00:00	9.3	9.49	9.13	9.44	7119
06.01.2023 00:00	9.25	9.48	9.25	9.3	1347
09.01.2023 00:00	9.38	9.49	9.28	9.38	2283
10.01.2023 00:00	9.41	9.47	9.19	9.4	6295
11.01.2023 00:00	9.43	9.65	9.4	9.53	11120
12.01.2023 00:00	9.03	9.05	8.32	8.69	12304
13.01.2023 00:00	8.71	8.71	8.48	8.57	2450
16.01.2023 00:00	8.58	8.58	8.11	8.4	4010
17.01.2023 00:00	8.47	8.47	8.34	8.38	444
18.01.2023 00:00	8.35	8.48	8.35	8.44	435
19.01.2023 00:00	8.47	8.47	8.35	8.38	403
20.01.2023 00:00	8.4	8.43	8.32	8.35	728
23.01.2023 00:00	8.34	8.4	8.3	8.38	777
24.01.2023 00:00	8.28	8.39	8.28	8.33	565
25.01.2023 00:00	8.33	8.42	8.3	8.32	558
26.01.2023 00:00	8.38	8.38	8.3	8.32	671
27.01.2023 00:00	8.31	8.36	8.3	8.31	1005
30.01.2023 00:00	8.3	8.32	8.19	8.31	1085
31.01.2023 00:00	8.24	8.32	8.24	8.32	675
01.02.2023 00:00	8.3	8.39	8.27	8.34	671
02.02.2023 00:00	8.38	8.41	8.25	8.39	1054
03.02.2023 00:00	8.36	8.96	8.35	8.47	5996
06.02.2023 00:00	8.44	8.63	8.39	8.49	752
07.02.2023 00:00	8.49	8.61	8.4	8.61	933
08.02.2023 00:00	8.63	8.9	8.5	8.72	2790
09.02.2023 00:00	8.72	8.81	8.49	8.64	1844
10.02.2023 00:00	8.61	8.93	8.44	8.64	3606
13.02.2023 00:00	8.65	8.8	8.56	8.65	624
14.02.2023 00:00	8.63	8.65	8.49	8.52	622
15.02.2023 00:00	8.58	8.58	8.25	8.27	1421
16.02.2023 00:00	8.31	8.38	8.25	8.3	476
17.02.2023 00:00	8.39	8.41	8.26	8.3	471
20.02.2023 00:00	8.31	8.4	8.19	8.39	615
21.02.2023 00:00	8.31	8.56	8.31	8.49	694
22.02.2023 00:00	8.55	8.55	8.36	8.48	382
24.02.2023 00:00	8.53	8.53	8.36	8.41	328
27.02.2023 00:00	8.47	8.55	8.4	8.42	324
28.02.2023 00:00	8.42	8.65	8.34	8.57	1069
01.03.2023 00:00	8.63	8.63	8.43	8.57	861
02.03.2023 00:00	8.57	8.69	8.51	8.57	670
03.03.2023 00:00	8.55	8.65	8.52	8.6	628
06.03.2023 00:00	8.53	8.68	8.52	8.65	258
07.03.2023 00:00	8.65	9.1	8.65	8.84	2688
09.03.2023 00:00	8.69	9.22	8.66	8.82	2011
10.03.2023 00:00	8.83	8.96	8.74	8.89	644
13.03.2023 00:00	8.88	8.88	8.71	8.8	586
14.03.2023 00:00	8.82	8.88	8.69	8.74	331
15.03.2023 00:00	8.77	9.0	8.63	8.73	1103
16.03.2023 00:00	8.66	8.75	8.66	8.69	264
17.03.2023 00:00	8.74	8.99	8.64	8.82	598
20.03.2023 00:00	8.85	8.94	8.75	8.9	527
21.03.2023 00:00	8.9	8.9	8.77	8.81	426
22.03.2023 00:00	8.76	9.07	8.76	8.81	521
23.03.2023 00:00	8.88	9.4	8.76	9.1	3392
24.03.2023 00:00	9.26	9.78	9.01	9.09	3976
27.03.2023 00:00	9.15	9.22	9.1	9.14	341
28.03.2023 00:00	9.1	9.17	9.03	9.14	196
29.03.2023 00:00	9.14	9.4	9.11	9.24	771
30.03.2023 00:00	9.14	9.41	9.14	9.32	684
31.03.2023 00:00	9.34	9.34	9.07	9.15	811
03.04.2023 00:00	9.21	9.3	9.07	9.19	578
04.04.2023 00:00	9.17	9.3	9.15	9.24	692
05.04.2023 00:00	9.15	9.27	9.09	9.22	661
06.04.2023 00:00	9.23	9.26	9.14	9.23	513
07.04.2023 00:00	9.26	9.31	9.18	9.27	339
10.04.2023 00:00	9.65	9.65	9.27	9.39	1198
11.04.2023 00:00	9.42	9.42	9.19	9.24	713
12.04.2023 00:00	9.25	9.31	8.99	9.21	1202
13.04.2023 00:00	9.13	9.22	9.07	9.19	260
14.04.2023 00:00	9.18	9.64	9.15	9.42	1571
17.04.2023 00:00	9.4	9.63	9.31	9.57	915
18.04.2023 00:00	9.64	9.65	9.31	9.53	1084
19.04.2023 00:00	9.51	9.53	9.32	9.49	542
20.04.2023 00:00	9.49	9.49	9.31	9.47	677
21.04.2023 00:00	9.42	9.49	9.42	9.49	204
24.04.2023 00:00	9.49	10.0	9.43	9.72	4810
25.04.2023 00:00	9.67	9.94	9.56	9.71	421
26.04.2023 00:00	9.78	9.94	9.67	9.78	535
27.04.2023 00:00	9.73	9.86	9.69	9.74	462
28.04.2023 00:00	9.76	11.69	9.72	10.3	16265
02.05.2023 00:00	10.3	12.15	9.01	10.19	18873
03.05.2023 00:00	10.23	11.49	9.51	9.8	4913
04.05.2023 00:00	9.82	11.32	9.69	9.99	6653
05.05.2023 00:00	10.08	10.34	9.9	9.98	1016
08.05.2023 00:00	10.07	10.07	9.72	9.74	442
10.05.2023 00:00	9.69	10.11	9.23	9.81	2643
11.05.2023 00:00	9.84	9.94	9.75	9.86	883
12.05.2023 00:00	9.9	9.92	9.68	9.82	380
15.05.2023 00:00	9.81	9.99	9.76	9.89	658
16.05.2023 00:00	9.84	10.48	9.81	10.17	3002
17.05.2023 00:00	10.31	10.46	10.15	10.19	874
18.05.2023 00:00	10.31	10.39	10.11	10.38	1107
19.05.2023 00:00	10.24	10.74	9.81	9.81	930
22.05.2023 00:00	9.94	10.52	9.93	10.17	1310
23.05.2023 00:00	10.24	10.24	9.9	10.19	586
24.05.2023 00:00	10.07	13.99	10.07	11.99	54061
25.05.2023 00:00	11.99	12.98	11.19	11.84	12080
26.05.2023 00:00	11.84	12.15	11.32	11.99	1939
29.05.2023 00:00	11.99	11.99	11.58	11.77	1859
30.05.2023 00:00	11.73	11.99	10.97	11.23	5587
31.05.2023 00:00	11.13	11.23	10.85	11.08	1686
01.06.2023 00:00	10.98	11.14	10.65	10.92	2088
02.06.2023 00:00	10.74	11.65	10.74	11.33	5272
05.06.2023 00:00	11.33	11.93	11.16	11.4	2025
06.06.2023 00:00	11.57	11.59	10.99	11.16	1112
07.06.2023 00:00	11.25	11.9	11.14	11.48	830
08.06.2023 00:00	11.48	11.65	11.07	11.43	1741
09.06.2023 00:00	11.43	11.63	11.22	11.22	829
13.06.2023 00:00	11.4	11.4	11.22	11.4	786
14.06.2023 00:00	11.44	11.44	11.17	11.25	973
15.06.2023 00:00	11.32	12.49	10.9	11.11	18561
16.06.2023 00:00	11.11	11.14	10.88	11.09	3052
19.06.2023 00:00	11.0	11.14	10.94	11.01	995
20.06.2023 00:00	10.96	11.02	10.89	10.98	707
21.06.2023 00:00	10.96	11.15	10.94	11.09	1461
22.06.2023 00:00	11.02	11.24	10.68	10.8	2795
23.06.2023 00:00	10.94	10.94	10.71	10.81	1082
26.06.2023 00:00	10.86	11.05	10.69	10.88	767
27.06.2023 00:00	10.89	11.09	10.72	10.82	1045
28.06.2023 00:00	10.83	10.99	10.61	10.82	1513
29.06.2023 00:00	10.8	10.9	10.76	10.83	385
30.06.2023 00:00	10.88	11.22	10.72	11.0	1871
03.07.2023 00:00	10.92	11.09	10.92	11.03	522
04.07.2023 00:00	10.98	11.05	10.88	10.92	594
05.07.2023 00:00	10.9	11.0	10.82	10.91	486
06.07.2023 00:00	10.83	11.24	10.82	11.22	1391
07.07.2023 00:00	11.05	11.3	10.98	11.01	1563
10.07.2023 00:00	11.09	11.14	10.83	10.99	766
11.07.2023 00:00	10.98	11.03	10.91	10.97	394
12.07.2023 00:00	10.94	11.14	10.91	10.91	1243
13.07.2023 00:00	10.8	11.05	10.76	10.98	902
14.07.2023 00:00	10.99	11.03	10.84	10.93	928
17.07.2023 00:00	10.96	11.69	10.9	11.69	9693
18.07.2023 00:00	11.36	11.8	11.23	11.41	4421
19.07.2023 00:00	11.48	11.51	11.23	11.3	1542
20.07.2023 00:00	11.38	11.49	11.05	11.23	2906
21.07.2023 00:00	11.07	11.3	11.02	11.24	934
24.07.2023 00:00	11.3	11.3	11.1	11.23	841
25.07.2023 00:00	11.27	11.4	11.27	11.35	793
26.07.2023 00:00	11.39	11.48	11.23	11.4	1200
27.07.2023 00:00	11.42	11.49	11.32	11.32	1408
28.07.2023 00:00	11.4	12.74	11.23	11.85	12480
31.07.2023 00:00	11.99	12.9	11.9	12.86	8306
01.08.2023 00:00	13.01	13.22	12.52	12.57	5545
02.08.2023 00:00	12.52	12.76	12.26	12.4	2854
03.08.2023 00:00	12.5	12.57	12.06	12.32	2041
04.08.2023 00:00	12.33	12.47	12.23	12.26	1523
07.08.2023 00:00	12.22	12.44	12.19	12.280000000000001	1561
08.08.2023 00:00	12.27	12.4	11.85	11.93	1805
09.08.2023 00:00	11.99	12.16	11.82	11.9	2418
10.08.2023 00:00	11.98	12.91	11.9	12.32	4287
11.08.2023 00:00	12.32	12.74	12.07	12.26	2098
14.08.2023 00:00	12.25	12.63	12.09	12.1	3675
15.08.2023 00:00	12.1	12.27	11.91	12.09	2914
16.08.2023 00:00	12.09	12.44	11.09	11.49	5154
17.08.2023 00:00	11.53	11.61	11.24	11.48	1663
18.08.2023 00:00	11.49	11.9	11.48	11.76	1314
21.08.2023 00:00	11.8	12.19	11.61	12.02	1294
22.08.2023 00:00	12.05	12.3	11.91	11.91	1518
23.08.2023 00:00	12.09	12.09	11.82	11.98	730
24.08.2023 00:00	12.02	12.02	11.77	11.85	1230
25.08.2023 00:00	11.85	11.88	11.66	11.8	760
28.08.2023 00:00	11.9	12.19	11.76	12.11	2220
29.08.2023 00:00	12.18	12.75	11.94	12.65	6083
30.08.2023 00:00	12.59	12.69	12.26	12.38	1865
31.08.2023 00:00	12.49	12.65	12.19	12.51	2289
01.09.2023 00:00	12.57	13.09	12.41	12.69	4283
04.09.2023 00:00	12.83	13.86	12.61	13.52	9425
05.09.2023 00:00	13.780000000000001	13.780000000000001	12.51	13.39	7560
06.09.2023 00:00	13.59	15.19	13.09	14.17	25815
07.09.2023 00:00	14.17	15.69	12.66	13.23	13291
08.09.2023 00:00	13.69	14.13	12.52	13.42	8975
11.09.2023 00:00	13.59	13.74	12.99	13.24	4309
12.09.2023 00:00	13.3	17.37	13.16	16.1	35184
13.09.2023 00:00	16.490000000000002	16.490000000000002	14.61	15.19	17451
14.09.2023 00:00	15.09	15.09	12.9	13.44	6432
15.09.2023 00:00	13.71	14.76	12.98	14.76	6176
18.09.2023 00:00	15.05	16.21	14.49	15.91	13045
19.09.2023 00:00	15.84	17.21	14.85	15.23	15468
20.09.2023 00:00	15.23	15.33	13.83	15.16	3898
21.09.2023 00:00	15.23	15.23	13.73	14.06	3626
22.09.2023 00:00	13.81	15.13	13.81	14.99	2808
25.09.2023 00:00	15.35	15.9	14.85	15.31	2566
26.09.2023 00:00	15.19	15.49	14.94	15.3	785
27.09.2023 00:00	15.57	15.69	14.99	15.15	2096
28.09.2023 00:00	15.1	15.39	14.96	15.14	1778
29.09.2023 00:00	15.15	15.19	14.52	14.91	1674
02.10.2023 00:00	14.98	15.69	14.73	15.38	1862
03.10.2023 00:00	15.1	15.780000000000001	15.01	15.42	1240
04.10.2023 00:00	15.59	15.77	15.01	15.06	3523
05.10.2023 00:00	15.1	15.85	14.81	15.49	4225
06.10.2023 00:00	15.68	15.68	15.1	15.46	1972
09.10.2023 00:00	15.55	15.93	15.3	15.58	1893
10.10.2023 00:00	15.57	16.87	15.42	16.1	4399
11.10.2023 00:00	16.19	16.85	16.01	16.37	5036
12.10.2023 00:00	16.28	16.42	15.24	15.860000000000001	3923
13.10.2023 00:00	15.89	16.39	15.85	16.01	1358
16.10.2023 00:00	16.01	18.55	16.01	18.55	12751
17.10.2023 00:00	17.98	18.990000000000002	17.76	18.05	7072
18.10.2023 00:00	18.240000000000002	18.240000000000002	17.05	17.32	4200
19.10.2023 00:00	17.48	17.69	16.990000000000002	17.37	1901
20.10.2023 00:00	17.39	17.56	17.01	17.28	945
23.10.2023 00:00	17.28	18.1	17.12	17.35	2575
24.10.2023 00:00	17.56	17.94	16.85	17.39	2615
25.10.2023 00:00	17.56	17.56	17.14	17.490000000000002	2293
26.10.2023 00:00	17.31	17.6	17.17	17.19	1609
27.10.2023 00:00	17.37	17.6	16.94	17.53	1701
30.10.2023 00:00	17.6	18.1	17.12	17.35	2404
31.10.2023 00:00	17.23	17.39	17.14	17.28	777
01.11.2023 00:00	17.39	17.46	17.19	17.28	640
02.11.2023 00:00	17.23	17.94	17.23	17.37	929
03.11.2023 00:00	17.37	17.64	17.330000000000002	17.53	615
06.11.2023 00:00	17.67	17.8	17.490000000000002	17.53	748
07.11.2023 00:00	17.53	17.71	17.21	17.44	1340
08.11.2023 00:00	17.42	17.44	17.26	17.39	1003
09.11.2023 00:00	17.35	17.35	16.96	17.080000000000002	1432
10.11.2023 00:00	17.14	17.17	16.39	17.150000000000002	2271
13.11.2023 00:00	17.05	17.17	15.69	16.35	3152
14.11.2023 00:00	16.67	16.67	12.47	15.23	4515
15.11.2023 00:00	15.08	16.19	15.08	16.05	1703
16.11.2023 00:00	16.05	16.76	16.05	16.26	1161
17.11.2023 00:00	15.99	16.740000000000002	15.81	16.15	702
20.11.2023 00:00	16.14	16.69	16.1	16.1	792
21.11.2023 00:00	16.39	16.51	15.93	16.12	702
22.11.2023 00:00	15.96	16.39	15.91	16.23	1000
23.11.2023 00:00	16.23	16.23	15.85	16.03	499
24.11.2023 00:00	15.81	16.05	15.3	15.99	651
27.11.2023 00:00	15.99	15.99	15.23	15.51	1258
28.11.2023 00:00	15.33	15.9	15.11	15.43	749
29.11.2023 00:00	15.43	15.55	14.81	15.280000000000001	1510
30.11.2023 00:00	15.13	15.25	14.81	14.94	630
01.12.2023 00:00	14.93	14.93	14.82	14.86	413
04.12.2023 00:00	14.82	14.85	13.98	14.22	1475
05.12.2023 00:00	14.21	14.21	13.0	13.9	3149
06.12.2023 00:00	13.82	14.42	13.65	13.86	978
07.12.2023 00:00	13.8	14.58	13.5	13.88	1824
08.12.2023 00:00	13.88	14.0	13.8	13.88	475
11.12.2023 00:00	13.72	13.72	13.07	13.3	1009
12.12.2023 00:00	13.07	13.94	12.9	13.49	1040
13.12.2023 00:00	13.43	14.08	13.43	13.91	349
14.12.2023 00:00	14.08	14.49	13.61	13.71	564
15.12.2023 00:00	13.72	13.98	13.530000000000001	13.98	721
18.12.2023 00:00	13.92	15.18	13.81	14.59	1411
19.12.2023 00:00	14.88	15.32	14.67	14.93	800
20.12.2023 00:00	14.98	15.49	14.83	15.47	1084
21.12.2023 00:00	15.22	15.48	14.96	15.23	1007
22.12.2023 00:00	15.22	15.27	14.97	15.11	538
25.12.2023 00:00	15.23	15.48	14.98	14.99	441
26.12.2023 00:00	14.99	15.48	14.9	15.33	940
27.12.2023 00:00	15.32	15.68	14.99	15.18	609
28.12.2023 00:00	15.48	15.48	15.06	15.06	543
29.12.2023 00:00	15.19	15.44	14.58	14.98	590
03.01.2024 00:00	14.99	15.44	14.86	15.35	519
04.01.2024 00:00	15.14	15.48	14.99	15.11	4339
05.01.2024 00:00	15.23	15.24	14.98	15.09	1328
08.01.2024 00:00	15.06	15.31	14.91	15.15	657
09.01.2024 00:00	15.16	15.98	15.13	15.47	1128
10.01.2024 00:00	15.46	15.52	14.9	15.31	1544
11.01.2024 00:00	15.32	15.9	15.23	15.46	550
12.01.2024 00:00	15.46	15.76	15.31	15.73	823
15.01.2024 00:00	15.98	16.240000000000002	15.72	16.17	1894
16.01.2024 00:00	15.81	16.17	15.81	16.14	314
17.01.2024 00:00	15.84	16.12	15.610000000000001	15.69	2090
18.01.2024 00:00	15.74	15.89	15.33	15.43	1787
19.01.2024 00:00	15.5	15.74	15.18	15.47	1949
22.01.2024 00:00	15.47	16.69	14.74	16.35	10766
23.01.2024 00:00	16.330000000000002	17.3	16.03	16.3	3722
24.01.2024 00:00	16.32	16.67	15.73	16.1	1306
25.01.2024 00:00	16.1	16.23	15.83	15.94	1157
26.01.2024 00:00	15.94	16.1	15.51	15.58	1118
29.01.2024 00:00	15.65	16.19	15.65	15.93	1195
30.01.2024 00:00	15.81	16.12	15.81	16.01	730
31.01.2024 00:00	16.01	16.03	15.75	15.9	631
01.02.2024 00:00	15.9	15.93	15.69	15.73	590
02.02.2024 00:00	15.64	15.92	15.51	15.77	1180
05.02.2024 00:00	15.8	16.06	15.610000000000001	15.74	1370
06.02.2024 00:00	15.860000000000001	15.93	15.67	15.75	747
07.02.2024 00:00	15.82	15.9	15.610000000000001	15.73	630
08.02.2024 00:00	15.72	15.98	15.63	15.64	274
09.02.2024 00:00	15.65	15.82	15.09	15.32	1242
12.02.2024 00:00	15.47	15.48	15.25	15.31	513
13.02.2024 00:00	15.26	15.48	15.26	15.4	543
14.02.2024 00:00	15.47	15.780000000000001	15.4	15.55	812
15.02.2024 00:00	15.71	15.89	15.4	15.5	1326
16.02.2024 00:00	15.49	15.780000000000001	15.24	15.55	2808
19.02.2024 00:00	15.56	15.58	15.02	15.44	1675
20.02.2024 00:00	15.4	15.44	15.02	15.09	1290
21.02.2024 00:00	15.06	15.06	14.27	14.98	1215
22.02.2024 00:00	14.86	15.06	14.5	14.77	845
26.02.2024 00:00	14.83	15.35	14.56	15.1	868
27.02.2024 00:00	15.33	15.58	15.13	15.32	1161
28.02.2024 00:00	15.35	15.68	15.33	15.55	525
29.02.2024 00:00	15.43	15.64	15.31	15.41	490
01.03.2024 00:00	15.31	15.51	15.21	15.23	447
04.03.2024 00:00	15.23	15.34	14.55	15.23	2295
05.03.2024 00:00	14.99	15.32	14.97	15.14	269
06.03.2024 00:00	15.14	15.17	15.01	15.030000000000001	335
07.03.2024 00:00	15.16	15.16	15.02	15.16	161
11.03.2024 00:00	15.09	15.22	15.030000000000001	15.16	386
12.03.2024 00:00	15.19	15.31	14.91	15.030000000000001	499
13.03.2024 00:00	15.02	15.06	14.96	14.98	435
14.03.2024 00:00	14.98	15.05	14.83	15.05	536
15.03.2024 00:00	15.02	15.26	14.65	15.25	781
18.03.2024 00:00	15.3	15.3	14.89	15.06	665
19.03.2024 00:00	15.16	15.27	14.84	14.98	727
20.03.2024 00:00	14.99	15.36	14.99	15.07	495
21.03.2024 00:00	15.17	15.99	15.13	15.73	4296
22.03.2024 00:00	15.89	15.96	15.41	15.57	1765
25.03.2024 00:00	15.56	15.56	15.39	15.4	271
26.03.2024 00:00	15.4	15.58	15.38	15.55	238
27.03.2024 00:00	15.64	15.64	15.43	15.55	389
28.03.2024 00:00	15.63	15.63	15.24	15.31	832
29.03.2024 00:00	15.26	15.33	14.82	15.23	1976
01.04.2024 00:00	15.280000000000001	15.38	14.72	14.9	7845
02.04.2024 00:00	14.9	14.98	14.66	14.86	2759
03.04.2024 00:00	14.86	14.93	14.67	14.780000000000001	1201
04.04.2024 00:00	14.84	14.96	14.6	14.9	1086
05.04.2024 00:00	14.9	14.9	14.65	14.82	848
08.04.2024 00:00	14.88	14.9	14.71	14.81	663
09.04.2024 00:00	14.9	14.9	14.66	14.81	991
10.04.2024 00:00	14.81	14.84	14.24	14.71	1917
11.04.2024 00:00	14.780000000000001	14.780000000000001	14.49	14.56	1011
12.04.2024 00:00	14.56	14.61	14.280000000000001	14.41	1960
15.04.2024 00:00	14.46	14.6	14.4	14.5	946
16.04.2024 00:00	14.530000000000001	14.59	14.4	14.48	506
17.04.2024 00:00	14.48	14.61	14.48	14.59	1035
18.04.2024 00:00	14.59	14.780000000000001	14.46	14.58	486
19.04.2024 00:00	14.59	14.82	14.57	14.69	933
22.04.2024 00:00	14.81	14.81	14.52	14.66	215
23.04.2024 00:00	14.67	14.73	14.55	14.71	260
24.04.2024 00:00	14.57	14.58	14.4	14.58	607
25.04.2024 00:00	14.58	14.58	14.4	14.41	338
26.04.2024 00:00	14.4	14.48	14.38	14.46	356
27.04.2024 00:00	14.41	14.77	14.4	14.43	365
29.04.2024 00:00	14.63	14.65	14.48	14.49	248
30.04.2024 00:00	14.64	14.64	14.43	14.530000000000001	290
02.05.2024 00:00	14.43	14.55	14.4	14.43	405
03.05.2024 00:00	14.51	14.52	14.39	14.5	295
06.05.2024 00:00	14.42	14.48	14.24	14.39	457
07.05.2024 00:00	14.35	14.68	14.31	14.49	448
08.05.2024 00:00	14.48	14.66	14.38	14.48	380
10.05.2024 00:00	14.48	14.48	14.31	14.4	443
13.05.2024 00:00	14.4	14.47	14.24	14.33	572
14.05.2024 00:00	14.27	14.35	14.1	14.21	498
15.05.2024 00:00	14.1	14.33	13.99	14.19	987
16.05.2024 00:00	14.01	14.19	13.99	14.15	298
17.05.2024 00:00	14.05	14.13	14.01	14.02	181
20.05.2024 00:00	14.11	14.11	13.88	13.99	647
21.05.2024 00:00	14.06	14.15	13.19	13.65	1168
22.05.2024 00:00	13.68	13.81	13.43	13.69	419
23.05.2024 00:00	13.69	14.59	13.69	14.32	1333
24.05.2024 00:00	14.47	14.48	13.81	13.88	767
27.05.2024 00:00	13.97	13.97	12.9	13.65	1362
28.05.2024 00:00	13.5	13.77	13.49	13.57	274
29.05.2024 00:00	13.69	13.69	13.26	13.26	211
30.05.2024 00:00	13.26	13.32	13.26	13.3	108
31.05.2024 00:00	13.280000000000001	13.49	12.48	12.780000000000001	1401
03.06.2024 00:00	12.99	13.68	12.65	12.72	771
04.06.2024 00:00	12.72	13.280000000000001	12.72	13.280000000000001	357
05.06.2024 00:00	13.280000000000001	13.58	13.21	13.21	309
06.06.2024 00:00	13.32	13.32	12.98	13.26	307
07.06.2024 00:00	13.15	13.48	13.15	13.33	638
10.06.2024 00:00	13.44	14.07	13.36	13.63	543
11.06.2024 00:00	13.64	13.84	13.02	13.32	448
13.06.2024 00:00	13.19	13.24	12.6	13.18	632
14.06.2024 00:00	13.18	13.18	12.99	13.09	535
17.06.2024 00:00	13.1	13.15	13.01	13.08	126
18.06.2024 00:00	13.07	13.07	12.84	12.99	139
19.06.2024 00:00	12.99	12.99	12.32	12.56	739
20.06.2024 00:00	12.530000000000001	12.82	12.32	12.65	575
21.06.2024 00:00	12.72	12.8	12.55	12.61	260
24.06.2024 00:00	12.61	12.68	12.1	12.58	547
25.06.2024 00:00	12.49	12.49	12.34	12.47	127
26.06.2024 00:00	12.39	12.48	12.35	12.46	354
27.06.2024 00:00	12.47	13.280000000000001	12.39	12.780000000000001	603
28.06.2024 00:00	12.93	12.93	12.63	12.63	151
01.07.2024 00:00	12.68	12.8	12.6	12.63	296
02.07.2024 00:00	12.77	12.77	12.34	12.65	482
03.07.2024 00:00	12.65	12.72	12.48	12.57	379
04.07.2024 00:00	12.55	12.6	12.11	12.32	474
05.07.2024 00:00	12.33	12.34	12.13	12.23	383
08.07.2024 00:00	12.16	12.41	12.0	12.24	560
09.07.2024 00:00	12.15	12.15	11.61	11.71	1090
10.07.2024 00:00	11.92	11.97	11.13	11.15	1196
11.07.2024 00:00	11.11	11.49	10.9	11.21	1605
12.07.2024 00:00	10.69	10.98	10.56	10.65	1878
15.07.2024 00:00	10.86	11.18	10.32	10.32	549
16.07.2024 00:00	10.32	10.89	10.32	10.89	891
17.07.2024 00:00	10.89	11.28	10.74	11.11	587
18.07.2024 00:00	11.27	11.28	10.86	11.13	463
19.07.2024 00:00	11.14	11.39	11.07	11.28	546
22.07.2024 00:00	11.4	11.48	10.99	11.07	454
23.07.2024 00:00	11.18	11.18	10.88	11.1	510
24.07.2024 00:00	10.98	11.28	10.93	11.27	282
25.07.2024 00:00	11.28	11.3	10.99	11.08	444
26.07.2024 00:00	11.07	11.07	10.94	10.98	248
29.07.2024 00:00	10.94	11.03	10.81	10.85	235
30.07.2024 00:00	10.83	11.02	10.69	10.85	686
31.07.2024 00:00	10.84	11.15	10.82	10.89	229
01.08.2024 00:00	10.84	10.98	10.84	10.97	97
02.08.2024 00:00	11.03	11.03	10.73	10.92	244
05.08.2024 00:00	10.82	10.98	10.49	10.61	354
06.08.2024 00:00	10.65	10.78	10.52	10.64	122
07.08.2024 00:00	10.64	10.68	10.35	10.65	184
08.08.2024 00:00	10.61	11.0	10.61	10.64	349
09.08.2024 00:00	10.78	10.88	10.64	10.73	261
12.08.2024 00:00	10.72	10.8	10.6	10.67	191
13.08.2024 00:00	10.76	11.13	10.65	11.0	501
14.08.2024 00:00	10.97	11.28	10.97	11.07	183
15.08.2024 00:00	11.24	11.27	10.82	10.84	238
16.08.2024 00:00	10.88	10.91	10.83	10.84	146
19.08.2024 00:00	10.84	10.88	10.67	10.77	411
20.08.2024 00:00	10.77	10.92	10.77	10.78	158
21.08.2024 00:00	10.78	10.83	10.61	10.73	156
22.08.2024 00:00	10.81	10.81	10.27	10.38	291
23.08.2024 00:00	10.33	10.33	9.81	9.89	739
26.08.2024 00:00	9.97	10.18	9.82	10.0	124
27.08.2024 00:00	10.14	10.15	9.98	9.99	93
28.08.2024 00:00	10.0	10.0	9.3	9.4	1186
29.08.2024 00:00	9.41	9.58	8.99	9.17	1007
30.08.2024 00:00	9.21	9.32	9.17	9.17	211
02.09.2024 00:00	9.14	9.21	8.61	8.61	969
03.09.2024 00:00	8.6	9.68	8.6	8.8	949
04.09.2024 00:00	8.8	9.31	8.8	9.13	260
05.09.2024 00:00	9.27	9.38	9.09	9.15	624
06.09.2024 00:00	9.15	9.28	9.15	9.23	38
09.09.2024 00:00	9.27	9.69	9.27	9.44	207
10.09.2024 00:00	9.65	10.07	9.09	9.09	1769
11.09.2024 00:00	9.19	9.36	9.1	9.24	297
12.09.2024 00:00	9.11	9.23	8.92	9.14	201
13.09.2024 00:00	9.14	9.15	8.77	9.13	328
16.09.2024 00:00	8.99	9.68	8.83	9.42	421
17.09.2024 00:00	9.42	9.77	9.39	9.48	353
18.09.2024 00:00	9.5	9.65	9.34	9.46	134
19.09.2024 00:00	9.3	9.57	9.28	9.56	201
20.09.2024 00:00	9.56	9.78	9.49	9.78	87
23.09.2024 00:00	9.78	9.9	9.74	9.9	256
24.09.2024 00:00	9.94	10.32	9.9	10.07	648
25.09.2024 00:00	10.19	10.35	10.06	10.18	319
26.09.2024 00:00	10.18	10.18	9.9	9.99	125
27.09.2024 00:00	10.07	10.38	9.99	10.21	217
30.09.2024 00:00	10.14	10.25	10.06	10.06	145
01.10.2024 00:00	10.06	10.22	9.92	10.02	55
02.10.2024 00:00	9.99	10.13	9.88	9.91	155
03.10.2024 00:00	9.9	9.9	9.57	9.76	193
04.10.2024 00:00	9.88	9.88	9.66	9.83	75
07.10.2024 00:00	9.69	10.19	9.68	9.86	293
08.10.2024 00:00	9.88	9.88	9.75	9.88	71
09.10.2024 00:00	9.89	9.89	9.77	9.78	74
10.10.2024 00:00	9.86	9.88	9.74	9.77	45
11.10.2024 00:00	9.83	9.83	9.65	9.68	63
14.10.2024 00:00	9.82	9.82	9.61	9.8	56
15.10.2024 00:00	9.8	10.15	9.8	10.01	141
16.10.2024 00:00	10.01	10.23	9.99	10.07	153
17.10.2024 00:00	10.08	10.08	9.99	9.99	90
18.10.2024 00:00	10.07	10.07	9.8	9.99	228
21.10.2024 00:00	10.0	10.06	9.82	9.85	59
22.10.2024 00:00	9.85	10.0	9.69	9.73	76
23.10.2024 00:00	9.85	9.85	9.6	9.64	106
24.10.2024 00:00	9.4	9.57	9.4	9.57	51
25.10.2024 00:00	9.31	9.55	8.9	8.99	1062
28.10.2024 00:00	9.14	9.15	8.66	8.76	205
29.10.2024 00:00	8.85	9.57	8.83	9.07	639
30.10.2024 00:00	9.15	9.61	9.15	9.24	449
31.10.2024 00:00	9.22	9.24	8.96	9.09	112
01.11.2024 00:00	8.9	9.55	8.9	9.22	265
02.11.2024 00:00	9.02	9.31	8.99	9.18	148
05.11.2024 00:00	9.0	9.32	8.9	9.03	201
06.11.2024 00:00	9.09	9.31	8.91	9.26	204
07.11.2024 00:00	9.32	9.34	9.32	9.34	390
08.11.2024 00:00	9.36	9.52	9.28	9.28	322
11.11.2024 00:00	9.47	9.69	9.3	9.43	390
12.11.2024 00:00	9.42	9.88	9.35	9.53	401
13.11.2024 00:00	9.58	9.61	9.23	9.46	424
14.11.2024 00:00	9.47	9.5	9.17	9.22	285
15.11.2024 00:00	9.39	9.46	9.18	9.44	156
18.11.2024 00:00	9.48	9.57	9.25	9.48	149
19.11.2024 00:00	9.56	9.56	9.22	9.22	125
20.11.2024 00:00	9.35	9.35	9.19	9.26	201
21.11.2024 00:00	9.24	9.33	8.99	9.05	281
22.11.2024 00:00	9.15	9.57	8.88	8.97	385
25.11.2024 00:00	9.23	9.23	8.59	8.59	490
26.11.2024 00:00	8.6	8.74	8.3	8.3	653
27.11.2024 00:00	8.32	8.57	8.09	8.34	289
28.11.2024 00:00	8.3	8.71	8.22	8.55	221
29.11.2024 00:00	8.63	8.83	8.24	8.6	257
02.12.2024 00:00	8.67	9.59	8.56	9.06	1141
03.12.2024 00:00	9.24	9.35	8.81	8.83	209
04.12.2024 00:00	8.83	9.46	8.82	9.23	367
05.12.2024 00:00	9.02	9.27	8.9	9.21	150
06.12.2024 00:00	9.19	9.19	9.07	9.17	54
09.12.2024 00:00	9.07	9.26	9.02	9.24	66
10.12.2024 00:00	9.23	9.23	8.93	9.07	96
11.12.2024 00:00	8.9	9.09	8.9	9.08	19
12.12.2024 00:00	8.99	9.09	8.9	8.92	34
13.12.2024 00:00	8.75	9.06	8.49	8.64	453
16.12.2024 00:00	8.51	8.52	8.3	8.3	186
17.12.2024 00:00	8.32	8.36	8.27	8.3	101
18.12.2024 00:00	8.23	8.49	8.23	8.49	108
19.12.2024 00:00	8.42	8.66	8.32	8.47	194
20.12.2024 00:00	8.61	9.02	8.35	9.02	1076
23.12.2024 00:00	9.01	9.25	8.74	8.83	788
24.12.2024 00:00	8.89	9.0	8.8	8.84	129
25.12.2024 00:00	8.65	8.99	8.64	8.99	152
26.12.2024 00:00	9.07	9.07	8.81	8.9	121
27.12.2024 00:00	8.82	9.52	8.82	9.02	2011
28.12.2024 00:00	8.98	9.35	8.92	9.17	523
30.12.2024 00:00	9.24	9.35	9.07	9.27	368
03.01.2025 00:00	9.3	9.3	9.07	9.28	370
06.01.2025 00:00	9.38	9.47	9.18	9.36	203
08.01.2025 00:00	9.48	9.88	9.38	9.51	791
09.01.2025 00:00	9.67	10.0	9.3	9.41	903
10.01.2025 00:00	9.32	9.56	9.32	9.46	177
13.01.2025 00:00	9.55	9.57	9.34	9.5	308
14.01.2025 00:00	9.49	9.93	9.44	9.67	349
15.01.2025 00:00	9.66	11.3	9.59	10.26	8032
16.01.2025 00:00	10.49	11.59	10.49	10.82	6357
17.01.2025 00:00	10.8	10.89	10.49	10.57	1441
20.01.2025 00:00	10.59	10.8	10.11	10.4	1021
21.01.2025 00:00	10.4	10.44	10.01	10.33	858
22.01.2025 00:00	10.32	10.32	10.02	10.24	1233
23.01.2025 00:00	10.3	10.48	10.09	10.21	661
24.01.2025 00:00	10.31	10.39	10.24	10.36	212
27.01.2025 00:00	10.55	10.66	10.09	10.13	737
28.01.2025 00:00	10.07	10.19	9.99	10.09	274
29.01.2025 00:00	10.14	10.28	10.14	10.27	93
30.01.2025 00:00	10.27	10.3	10.15	10.27	120
31.01.2025 00:00	10.28	10.34	10.28	10.32	184
03.02.2025 00:00	10.32	10.33	10.14	10.23	144
04.02.2025 00:00	10.32	10.33	10.17	10.18	91
05.02.2025 00:00	10.09	10.13	10.01	10.07	211
06.02.2025 00:00	10.09	10.3	10.08	10.21	61
07.02.2025 00:00	10.21	10.32	10.11	10.32	145
10.02.2025 00:00	10.4	10.65	10.4	10.51	721
11.02.2025 00:00	10.5	10.64	10.32	10.53	353
12.02.2025 00:00	10.63	10.63	10.48	10.48	245
13.02.2025 00:00	10.51	10.94	10.19	10.34	1767
14.02.2025 00:00	10.18	10.58	10.06	10.33	1322
17.02.2025 00:00	10.47	10.56	10.21	10.48	751
18.02.2025 00:00	10.48	10.55	10.33	10.43	365
19.02.2025 00:00	10.48	10.5	10.26	10.43	432
20.02.2025 00:00	10.33	10.57	10.33	10.46	395
21.02.2025 00:00	10.43	11.23	10.43	10.94	3793
24.02.2025 00:00	10.94	11.32	10.71	10.94	1187
25.02.2025 00:00	10.99	11.15	10.8	10.99	773
26.02.2025 00:00	10.99	11.16	10.76	10.96	843
27.02.2025 00:00	11.07	11.07	10.4	10.51	1626
28.02.2025 00:00	10.65	10.67	10.4	10.57	713
03.03.2025 00:00	10.58	10.58	10.06	10.22	972
04.03.2025 00:00	10.44	10.44	10.17	10.39	587
05.03.2025 00:00	10.42	10.51	10.32	10.49	202
06.03.2025 00:00	10.5	10.83	10.43	10.48	730
07.03.2025 00:00	10.73	10.73	9.61	9.9	1674
10.03.2025 00:00	10.09	10.32	9.84	10.02	722
11.03.2025 00:00	10.06	10.3	10.05	10.05	291
12.03.2025 00:00	10.15	10.15	9.99	10.0	535
13.03.2025 00:00	10.0	10.08	9.8	9.92	214
14.03.2025 00:00	9.94	10.16	9.93	10.13	312
17.03.2025 00:00	10.13	10.24	9.8	10.07	675
18.03.2025 00:00	10.07	10.22	10.07	10.18	359
19.03.2025 00:00	10.09	10.18	10.0	10.07	338
20.03.2025 00:00	10.1	10.19	10.0	10.08	573
21.03.2025 00:00	10.08	10.09	9.99	9.99	294
24.03.2025 00:00	10.06	10.06	9.9	9.97	357
25.03.2025 00:00	9.97	10.17	9.77	9.92	314
26.03.2025 00:00	10.02	10.05	9.92	9.93	114
27.03.2025 00:00	9.94	9.94	9.75	9.82	315
28.03.2025 00:00	9.74	9.82	9.25	9.38	1315
31.03.2025 00:00	9.38	9.57	9.11	9.47	383
01.04.2025 00:00	9.52	9.56	9.33	9.53	258
02.04.2025 00:00	9.35	9.53	9.15	9.4	489
03.04.2025 00:00	9.34	9.51	9.3	9.34	151
04.04.2025 00:00	9.32	9.46	9.07	9.09	611
07.04.2025 00:00	8.99	9.09	8.6	8.81	663
08.04.2025 00:00	8.81	9.06	8.71	8.9	706
09.04.2025 00:00	8.76	8.78	8.32	8.75	440
10.04.2025 00:00	8.99	9.17	8.84	8.99	167
11.04.2025 00:00	9.1	9.32	8.99	9.24	361
14.04.2025 00:00	9.24	9.24	8.96	9.16	141
15.04.2025 00:00	9.17	9.17	8.99	8.99	68
16.04.2025 00:00	9.02	9.33	9.02	9.21	115
17.04.2025 00:00	9.19	9.3	9.16	9.16	78
18.04.2025 00:00	9.16	9.24	8.99	8.99	172
21.04.2025 00:00	8.99	9.18	8.99	9.09	145
22.04.2025 00:00	9.24	9.27	9.15	9.24	83
23.04.2025 00:00	9.24	9.24	9.11	9.24	143
24.04.2025 00:00	9.26	9.4	9.22	9.3	137
25.04.2025 00:00	9.43	9.43	9.15	9.33	205
28.04.2025 00:00	9.4	9.65	9.15	9.35	218
29.04.2025 00:00	9.42	9.49	9.17	9.18	233
30.04.2025 00:00	9.17	9.17	9.01	9.08	194
02.05.2025 00:00	9.03	9.24	8.99	8.99	202
05.05.2025 00:00	9.08	9.19	8.8	8.8	206
06.05.2025 00:00	8.91	8.99	8.82	8.99	137
07.05.2025 00:00	8.86	8.99	8.85	8.97	23
08.05.2025 00:00	9.06	9.06	8.94	9.03	15
12.05.2025 00:00	9.05	9.16	9.05	9.11	53
13.05.2025 00:00	9.13	9.15	9.1	9.15	280
14.05.2025 00:00	9.09	9.25	9.08	9.15	95
15.05.2025 00:00	9.15	9.23	9.08	9.14	69
16.05.2025 00:00	9.13	9.21	9.06	9.11	104
19.05.2025 00:00	9.11	9.14	9.0	9.02	116
20.05.2025 00:00	9.01	9.08	8.8	8.8	280
21.05.2025 00:00	8.81	8.96	8.76	8.88	149
22.05.2025 00:00	8.78	8.83	8.74	8.76	70
