datetime	open	high	low	close	volume
28.04.2021 00:00	8.099	8.099	7.8	7.9670000000000005	1938132
29.04.2021 00:00	7.9990000000000006	7.9990000000000006	7.8790000000000004	7.9	832218
30.04.2021 00:00	7.9	7.964	7.65	7.8790000000000004	819909
04.05.2021 00:00	7.8790000000000004	7.948	7.8790000000000004	7.909	891856
05.05.2021 00:00	7.881	8.012	7.881	7.9990000000000006	437930
06.05.2021 00:00	7.9990000000000006	7.9990000000000006	7.9	7.9990000000000006	287325
07.05.2021 00:00	7.9990000000000006	8.019	7.924	7.9990000000000006	150665
10.05.2021 00:00	8.002	8.002	7.946	7.98	100294
11.05.2021 00:00	7.98	7.9990000000000006	7.889	7.993	356025
12.05.2021 00:00	7.9990000000000006	7.9990000000000006	7.9190000000000005	7.964	188153
13.05.2021 00:00	7.964	7.985	7.909	7.969	269528
14.05.2021 00:00	7.969	7.974	7.9190000000000005	7.95	123282
17.05.2021 00:00	7.98	7.98	7.917	7.95	126258
18.05.2021 00:00	7.962	7.98	7.905	7.925	300661
19.05.2021 00:00	7.9590000000000005	7.97	7.908	7.95	244392
20.05.2021 00:00	7.9350000000000005	8.015	7.599	7.993	560735
21.05.2021 00:00	7.996	7.996	7.9190000000000005	7.9590000000000005	246065
24.05.2021 00:00	7.921	7.996	7.921	7.99	581278
25.05.2021 00:00	7.996	7.996	7.9350000000000005	7.969	253570
26.05.2021 00:00	7.969	7.98	7.9350000000000005	7.969	177519
27.05.2021 00:00	7.969	7.9990000000000006	7.9350000000000005	7.9990000000000006	404903
28.05.2021 00:00	7.99	7.99	7.744	7.799	241660
31.05.2021 00:00	7.847	7.9190000000000005	7.805000000000001	7.823	85695
01.06.2021 00:00	7.839	7.905	7.839	7.86	56047
02.06.2021 00:00	7.878	7.878	7.799	7.799	81390
03.06.2021 00:00	7.804	7.8740000000000006	7.719	7.767	74630
04.06.2021 00:00	7.783	7.796	7.6290000000000004	7.658	101496
07.06.2021 00:00	7.658	7.748	7.599	7.599	89323
08.06.2021 00:00	7.639	7.7170000000000005	7.5600000000000005	7.611	162807
09.06.2021 00:00	7.615	7.898000000000001	7.57	7.893	128209
10.06.2021 00:00	7.889	7.9430000000000005	7.821	7.930000000000001	217916
11.06.2021 00:00	7.930000000000001	7.95	7.925	7.948	56665
14.06.2021 00:00	7.948	7.996	7.8500000000000005	7.964	57360
15.06.2021 00:00	7.921	7.966	7.83	7.868	135788
16.06.2021 00:00	7.892	7.892	7.772	7.783	38086
17.06.2021 00:00	7.839	7.884	7.727	7.773000000000001	42622
18.06.2021 00:00	7.773000000000001	7.801	7.602	7.602	72213
21.06.2021 00:00	7.666	7.728	7.666	7.679	32786
22.06.2021 00:00	7.7	7.727	7.615	7.659	38581
23.06.2021 00:00	7.6690000000000005	7.7	7.632000000000001	7.6850000000000005	78755
24.06.2021 00:00	7.719	7.748	7.554	7.599	156958
25.06.2021 00:00	7.621	7.674	7.551	7.554	98453
28.06.2021 00:00	7.589	7.6690000000000005	7.522	7.6290000000000004	45468
29.06.2021 00:00	7.628	7.628	7.4590000000000005	7.522	158330
30.06.2021 00:00	7.509	7.647	7.4990000000000006	7.619	52338
01.07.2021 00:00	7.603	7.69	7.599	7.651	41864
02.07.2021 00:00	7.651	7.651	7.562	7.562	35624
05.07.2021 00:00	7.599	7.651	7.509	7.65	48913
06.07.2021 00:00	7.65	7.663	7.554	7.555	100489
07.07.2021 00:00	7.559	7.623	7.4990000000000006	7.554	65101
08.07.2021 00:00	7.549	7.565	7.45	7.454	108499
09.07.2021 00:00	7.493	7.493	7.390000000000001	7.45	61653
12.07.2021 00:00	7.45	7.45	7.390000000000001	7.421	55385
13.07.2021 00:00	7.45	7.525	7.394	7.4	70030
14.07.2021 00:00	7.454	7.454	7.285	7.291	93240
15.07.2021 00:00	7.45	7.45	7.2	7.204	92639
16.07.2021 00:00	7.204	7.289000000000001	7.123	7.1850000000000005	52162
19.07.2021 00:00	7.2	7.23	6.804	6.804	172927
20.07.2021 00:00	6.8870000000000005	7.043	6.825	6.948	57739
21.07.2021 00:00	7.043	7.062	6.769	7.026	141317
22.07.2021 00:00	7.089	7.299	7.03	7.288	60944
23.07.2021 00:00	7.323	7.4590000000000005	7.301	7.409	58743
26.07.2021 00:00	7.416	7.549	7.041	7.232	73171
27.07.2021 00:00	7.349	7.394	7.23	7.285	32024
28.07.2021 00:00	7.2860000000000005	7.448	7.2860000000000005	7.3790000000000004	25646
29.07.2021 00:00	7.3790000000000004	7.509	7.349	7.4590000000000005	56600
30.07.2021 00:00	7.4590000000000005	7.519	7.28	7.349	51428
02.08.2021 00:00	7.413	7.45	7.3500000000000005	7.365	26413
03.08.2021 00:00	7.445	7.445	7.296	7.32	30541
04.08.2021 00:00	7.336	7.398000000000001	7.211	7.341	41328
05.08.2021 00:00	7.352	7.389	7.212	7.339	44874
06.08.2021 00:00	7.339	7.438	7.22	7.2490000000000006	52820
09.08.2021 00:00	7.283	7.299	7.131	7.1690000000000005	62314
10.08.2021 00:00	7.224	7.293	7.182	7.219	29531
11.08.2021 00:00	7.2250000000000005	7.309	7.2250000000000005	7.309	34080
12.08.2021 00:00	7.309	7.36	7.219	7.23	31335
13.08.2021 00:00	7.293	7.305	7.2	7.23	56445
16.08.2021 00:00	7.232	7.291	7.15	7.16	28252
17.08.2021 00:00	7.159	7.299	7.142	7.211	50023
18.08.2021 00:00	7.269	7.269	7.2	7.23	20615
19.08.2021 00:00	7.23	7.519	7.11	7.32	70066
20.08.2021 00:00	7.392	7.466	7.253	7.45	50158
23.08.2021 00:00	7.4590000000000005	7.605	7.45	7.53	200173
24.08.2021 00:00	7.557	7.735	7.49	7.689	170837
25.08.2021 00:00	7.7	8.05	7.692	8.005	306790
26.08.2021 00:00	8.005	8.039	7.7490000000000006	8.028	190991
27.08.2021 00:00	8.063	8.339	7.924	8.18	428725
30.08.2021 00:00	8.212	8.949	8.212	8.688	601132
31.08.2021 00:00	8.688	8.999	8.289	8.462	592389
01.09.2021 00:00	8.544	8.695	8.499	8.621	236539
02.09.2021 00:00	8.621	8.795	8.5	8.557	222873
03.09.2021 00:00	8.669	8.88	8.56	8.82	294491
06.09.2021 00:00	8.868	8.993	8.789	8.993	376960
07.09.2021 00:00	8.993	8.999	8.651	8.938	316238
08.09.2021 00:00	8.99	8.99	8.724	8.868	116809
09.09.2021 00:00	8.869	8.88	8.576	8.637	181136
10.09.2021 00:00	8.64	8.8	8.624	8.681000000000001	118164
13.09.2021 00:00	8.74	8.88	8.71	8.816	148009
14.09.2021 00:00	8.849	8.9	8.73	8.804	137665
15.09.2021 00:00	8.868	8.88	8.619	8.701	363060
16.09.2021 00:00	8.701	8.781	8.685	8.685	139934
17.09.2021 00:00	8.699	8.818	8.506	8.779	426954
20.09.2021 00:00	8.797	8.803	8.449	8.535	297301
21.09.2021 00:00	8.535	8.66	8.483	8.507	83008
22.09.2021 00:00	8.499	8.63	8.499	8.57	131635
23.09.2021 00:00	8.65	8.8	8.586	8.638	152619
24.09.2021 00:00	8.679	8.788	8.66	8.682	105179
27.09.2021 00:00	8.72	8.887	8.689	8.797	217150
28.09.2021 00:00	8.839	8.839	8.653	8.717	97892
29.09.2021 00:00	8.749	8.797	8.682	8.699	71035
30.09.2021 00:00	8.727	8.821	8.699	8.788	108257
01.10.2021 00:00	8.807	8.813	8.689	8.695	90072
04.10.2021 00:00	8.691	8.789	8.688	8.727	69950
05.10.2021 00:00	8.727	8.81	8.701	8.753	145782
06.10.2021 00:00	8.749	8.797	8.689	8.769	117886
07.10.2021 00:00	8.769	8.999	8.749	8.97	369064
08.10.2021 00:00	8.99	9.499	8.952	9.48	663530
11.10.2021 00:00	9.8	10.09	9.65	9.99	1399861
12.10.2021 00:00	9.999	10.098	9.582	9.779	541399
13.10.2021 00:00	9.781	10.499	9.769	10.358	774914
14.10.2021 00:00	10.349	11.019	10.31	10.451	1298394
15.10.2021 00:00	10.595	10.881	10.467	10.749	385074
18.10.2021 00:00	10.769	11.478	10.749	11.134	926813
19.10.2021 00:00	11.224	11.48	10.534	10.999	679720
20.10.2021 00:00	11.009	11.375	11.009	11.3	323485
21.10.2021 00:00	11.4	11.4	10.782	10.869	458663
22.10.2021 00:00	10.999	10.999	10.55	10.749	297809
25.10.2021 00:00	10.97	10.999	10.75	10.849	137611
26.10.2021 00:00	10.9	10.986	10.749	10.89	205511
27.10.2021 00:00	10.89	10.89	10.4	10.515	250763
28.10.2021 00:00	10.515	10.547	9.904	10.134	562477
29.10.2021 00:00	10.198	10.297	9.688	9.853	325922
01.11.2021 00:00	9.869	10.666	9.869	10.515	400653
02.11.2021 00:00	10.72	11.05	10.099	10.32	727160
03.11.2021 00:00	10.39	10.567	10.111	10.201	223433
05.11.2021 00:00	10.3	10.499	10.224	10.3	143381
08.11.2021 00:00	10.499	10.499	10.211	10.26	173053
09.11.2021 00:00	10.288	10.8	10.217	10.749	430546
10.11.2021 00:00	10.859	11.199	10.744	10.789	418275
11.11.2021 00:00	10.803	10.893	10.228	10.728	274417
12.11.2021 00:00	10.9	11.196	10.595	10.861	578638
15.11.2021 00:00	10.996	11.179	10.8	10.897	331472
16.11.2021 00:00	10.964	11.147	10.558	10.861	275149
17.11.2021 00:00	10.88	10.997	10.701	10.888	120944
18.11.2021 00:00	10.888	10.986	10.84	10.909	177404
19.11.2021 00:00	10.948	11.15	10.051	10.576	478685
22.11.2021 00:00	10.669	10.887	9.88	10.05	733791
23.11.2021 00:00	9.949	10.38	9.635	10.098	769950
24.11.2021 00:00	10.194	10.449	10.089	10.284	312757
25.11.2021 00:00	10.349	10.695	10.22	10.451	267823
26.11.2021 00:00	10.291	10.368	10.005	10.099	196905
29.11.2021 00:00	10.23	10.679	10.111	10.628	325596
30.11.2021 00:00	10.589	10.779	10.249	10.599	920069
01.12.2021 00:00	10.699	10.8	10.618	10.749	351680
02.12.2021 00:00	10.749	10.8	10.631	10.669	242881
03.12.2021 00:00	10.675	10.896	10.557	10.679	129153
06.12.2021 00:00	10.817	10.839	10.32	10.689	188206
07.12.2021 00:00	10.749	10.835	10.457	10.8	176696
08.12.2021 00:00	10.853	11.099	10.693	10.759	256122
09.12.2021 00:00	10.759	10.899000000000001	10.712	10.779	133581
10.12.2021 00:00	10.784	10.858	10.728	10.8	119323
13.12.2021 00:00	10.849	10.897	10.327	10.473	261817
14.12.2021 00:00	10.4	10.701	10.101	10.579	221215
15.12.2021 00:00	10.723	10.882	10.409	10.801	240814
16.12.2021 00:00	10.909	10.949	10.699	10.884	243463
17.12.2021 00:00	10.884	11.118	10.669	10.669	1240800
20.12.2021 00:00	10.688	10.858	10.5	10.813	206169
21.12.2021 00:00	10.864	11.07	10.73	10.865	273921
22.12.2021 00:00	10.865	10.999	10.81	10.931000000000001	151009
23.12.2021 00:00	10.986	11.009	10.9	10.942	256917
24.12.2021 00:00	10.987	10.987	10.839	10.928	77334
27.12.2021 00:00	10.945	10.986	10.916	10.939	183959
28.12.2021 00:00	10.942	11.183	10.877	11.06	325002
29.12.2021 00:00	11.099	11.288	11.002	11.083	188349
30.12.2021 00:00	11.118	11.233	11.066	11.089	293816
03.01.2022 00:00	11.141	11.3	10.951	11.07	260581
04.01.2022 00:00	11.07	11.199	11.0	11.079	206955
05.01.2022 00:00	10.756	11.038	10.63	10.906	231053
06.01.2022 00:00	10.8	10.899000000000001	10.599	10.621	182907
10.01.2022 00:00	10.605	10.824	10.599	10.724	159003
11.01.2022 00:00	10.73	10.824	10.622	10.666	168601
12.01.2022 00:00	10.657	10.749	10.634	10.675	165113
13.01.2022 00:00	10.663	10.868	10.63	10.63	217715
14.01.2022 00:00	10.798	10.798	10.23	10.449	726847
17.01.2022 00:00	10.5	10.723	10.039	10.204	397413
18.01.2022 00:00	10.199	10.204	9.56	9.919	394566
19.01.2022 00:00	9.919	10.4	9.631	9.76	332702
20.01.2022 00:00	9.967	10.199	9.8	10.044	224514
21.01.2022 00:00	9.99	10.039	9.8	9.8	261855
24.01.2022 00:00	9.919	9.919	8.999	9.353	369061
25.01.2022 00:00	9.499	9.749	9.122	9.236	197365
26.01.2022 00:00	9.47	9.874	9.274000000000001	9.76	244907
27.01.2022 00:00	9.789	10.112	9.662	9.919	177666
28.01.2022 00:00	9.999	10.3	9.942	9.999	242184
31.01.2022 00:00	10.098	10.188	9.92	9.983	195968
01.02.2022 00:00	10.148	10.148	9.704	9.82	128013
02.02.2022 00:00	9.948	9.948	9.672	9.717	103751
03.02.2022 00:00	9.698	9.698	9.24	9.4	234698
04.02.2022 00:00	9.4	9.728	9.4	9.595	221833
07.02.2022 00:00	9.599	9.759	9.475	9.698	113311
08.02.2022 00:00	9.74	9.975	9.711	9.975	116077
09.02.2022 00:00	9.986	10.249	9.964	10.15	158372
10.02.2022 00:00	10.156	10.183	9.92	10.115	76270
11.02.2022 00:00	9.864	10.06	9.669	9.778	98883
14.02.2022 00:00	9.662	9.984	9.57	9.689	134788
15.02.2022 00:00	9.989	10.089	9.689	9.939	160260
16.02.2022 00:00	10.01	10.246	9.939	9.971	158625
17.02.2022 00:00	9.9	9.932	9.749	9.813	123827
18.02.2022 00:00	9.9	9.99	9.15	9.449	163013
21.02.2022 00:00	9.765	9.949	8.05	8.5	519609
22.02.2022 00:00	8.246	8.71	7.539000000000001	8.599	581110
24.02.2022 00:00	7.759	7.9990000000000006	6.049	6.602	660260
25.02.2022 00:00	7.2620000000000005	8.317	7.1000000000000005	7.74	391371
28.03.2022 00:00	7.9990000000000006	8.499	7.147	8.199	515604
29.03.2022 00:00	8.439	9.627	8.199	8.65	535605
30.03.2022 00:00	9.4	9.4	8.699	8.849	223215
31.03.2022 00:00	8.999	9.688	8.939	9.547	446363
01.04.2022 00:00	9.65	9.999	9.547	9.627	329887
04.04.2022 00:00	9.746	9.9	8.999	9.531	308349
05.04.2022 00:00	9.56	9.619	8.717	9.082	273367
06.04.2022 00:00	8.999	9.448	8.779	9.224	157371
07.04.2022 00:00	9.4	9.4	8.804	9.179	159254
08.04.2022 00:00	9.182	9.292	8.8	8.97	110722
11.04.2022 00:00	9.095	9.095	8.849	8.855	87008
12.04.2022 00:00	8.8	8.9	8.4	8.63	254372
13.04.2022 00:00	8.699	8.875	8.5	8.598	108544
14.04.2022 00:00	8.676	8.769	8.438	8.512	156687
15.04.2022 00:00	8.513	9.122	8.211	8.894	434023
18.04.2022 00:00	8.98	9.099	8.88	8.933	165392
19.04.2022 00:00	8.933	8.96	8.46	8.82	184905
20.04.2022 00:00	8.849	8.99	8.74	8.824	94527
21.04.2022 00:00	8.855	8.98	8.8	8.929	81079
22.04.2022 00:00	8.929	8.99	8.711	8.769	73353
25.04.2022 00:00	8.8	8.8	8.55	8.638	78183
26.04.2022 00:00	8.71	8.864	8.579	8.795	138448
27.04.2022 00:00	8.8	8.977	8.701	8.939	87700
28.04.2022 00:00	8.99	9.4	8.977	9.032	176601
29.04.2022 00:00	9.032	9.297	9.002	9.153	83221
04.05.2022 00:00	9.15	9.259	8.8	8.952	124641
05.05.2022 00:00	8.99	9.199	8.839	9.025	93676
06.05.2022 00:00	9.029	9.085	8.919	9.006	54759
11.05.2022 00:00	9.006	9.199	9.006	9.099	88214
12.05.2022 00:00	9.14	9.14	8.897	8.97	85420
13.05.2022 00:00	8.906	9.038	8.9	8.986	55558
16.05.2022 00:00	9.079	9.175	8.98	9.09	117017
17.05.2022 00:00	9.15	9.15	9.006	9.05	120360
18.05.2022 00:00	9.095	9.15	9.05	9.102	155057
19.05.2022 00:00	9.148	9.188	8.939	8.999	209782
20.05.2022 00:00	9.099	9.15	8.916	9.009	186597
23.05.2022 00:00	8.199	9.015	8.199	8.954	148340
24.05.2022 00:00	8.96	8.999	8.82	8.894	102960
25.05.2022 00:00	8.97	8.97	8.804	8.855	157258
26.05.2022 00:00	8.858	8.935	8.755	8.82	242143
27.05.2022 00:00	8.82	8.999	8.81	8.983	252405
30.05.2022 00:00	9.15	9.24	8.909	8.999	384483
31.05.2022 00:00	9.019	9.019	8.909	8.999	316584
01.06.2022 00:00	8.199	8.699	7.799	8.499	497362
02.06.2022 00:00	8.55	8.567	8.218	8.22	152477
03.06.2022 00:00	8.201	8.404	8.15	8.321	155630
06.06.2022 00:00	8.4	8.4	8.252	8.368	142483
07.06.2022 00:00	8.374	8.4	8.217	8.321	162283
08.06.2022 00:00	8.47	8.474	8.324	8.423	188754
09.06.2022 00:00	8.4	8.422	8.3	8.323	88367
10.06.2022 00:00	8.346	8.378	8.166	8.214	115069
14.06.2022 00:00	8.199	8.288	7.95	8.025	232659
15.06.2022 00:00	8.025	8.073	7.99	8.019	114542
16.06.2022 00:00	8.039	8.288	8.012	8.25	273328
17.06.2022 00:00	8.32	8.478	8.249	8.284	168854
20.06.2022 00:00	8.372	8.595	8.3	8.573	293643
21.06.2022 00:00	8.599	8.872	8.547	8.662	379135
22.06.2022 00:00	8.669	8.698	8.346	8.568	157655
23.06.2022 00:00	8.669	8.669	8.4	8.499	153783
24.06.2022 00:00	8.499	8.529	8.316	8.353	124726
27.06.2022 00:00	8.39	8.49	8.201	8.358	166573
28.06.2022 00:00	8.359	8.474	8.249	8.31	135034
29.06.2022 00:00	8.31	8.348	8.089	8.207	114247
30.06.2022 00:00	8.185	8.339	7.921	8.07	237268
01.07.2022 00:00	8.089	8.106	7.8740000000000006	8.087	112231
04.07.2022 00:00	8.087	8.099	7.95	8.041	102325
05.07.2022 00:00	8.041	8.275	8.006	8.172	153705
06.07.2022 00:00	8.221	8.236	7.9	8.089	91001
07.07.2022 00:00	8.15	8.218	8.099	8.18	97203
08.07.2022 00:00	8.18	8.275	8.099	8.148	101162
11.07.2022 00:00	8.159	8.159	7.99	8.015	124462
12.07.2022 00:00	7.9990000000000006	8.073	7.5840000000000005	7.799	289994
13.07.2022 00:00	7.799	7.857	7.4990000000000006	7.534	145904
14.07.2022 00:00	7.5040000000000004	8.163	7.409	7.921	421614
15.07.2022 00:00	7.95	7.985	7.6290000000000004	7.849	257626
18.07.2022 00:00	7.921	7.921	7.639	7.682	103747
19.07.2022 00:00	7.689	7.748	7.53	7.621	77030
20.07.2022 00:00	7.689	7.8020000000000005	7.619	7.65	99344
21.07.2022 00:00	7.719	7.719	7.55	7.607	70715
22.07.2022 00:00	7.599	7.679	7.562	7.578	104988
25.07.2022 00:00	7.578	7.607	7.4990000000000006	7.589	121158
26.07.2022 00:00	7.607	7.7490000000000006	7.583	7.68	187483
27.07.2022 00:00	7.797000000000001	7.909	7.621	7.8180000000000005	304326
28.07.2022 00:00	7.844	7.889	7.78	7.855	94495
29.07.2022 00:00	7.8	7.9990000000000006	7.7090000000000005	7.849	148693
01.08.2022 00:00	7.799	7.849	7.634	7.65	131472
02.08.2022 00:00	7.6690000000000005	7.799	7.57	7.7	100598
03.08.2022 00:00	7.7010000000000005	7.799	7.65	7.659	64526
04.08.2022 00:00	7.721	7.721	7.571	7.594	86499
05.08.2022 00:00	7.597	7.61	7.4	7.438	125194
08.08.2022 00:00	7.61	7.61	7.405	7.4510000000000005	125830
09.08.2022 00:00	7.454	7.578	7.401	7.5280000000000005	89102
10.08.2022 00:00	7.53	7.595	7.464	7.535	86984
11.08.2022 00:00	7.5360000000000005	7.7410000000000005	7.4990000000000006	7.619	201087
12.08.2022 00:00	7.61	7.7090000000000005	7.461	7.509	238232
15.08.2022 00:00	7.4990000000000006	7.547000000000001	7.494	7.523000000000001	71289
16.08.2022 00:00	7.526	7.703	7.523000000000001	7.639	194689
17.08.2022 00:00	7.679	7.7	7.519	7.535	148128
18.08.2022 00:00	7.535	7.589	7.519	7.551	72042
19.08.2022 00:00	7.599	7.599	7.4990000000000006	7.506	88473
22.08.2022 00:00	7.549	7.639	7.519	7.594	161939
23.08.2022 00:00	7.599	7.65	7.4990000000000006	7.559	285767
24.08.2022 00:00	7.594	7.619	7.523000000000001	7.539000000000001	144094
25.08.2022 00:00	7.599	7.6290000000000004	7.5440000000000005	7.6290000000000004	382578
26.08.2022 00:00	8.05	8.099	7.44	7.48	2205100
29.08.2022 00:00	7.494	7.4990000000000006	7.41	7.432	494088
30.08.2022 00:00	7.429	7.4830000000000005	7.289000000000001	7.329	496367
31.08.2022 00:00	7.339	7.36	7.2	7.24	451492
01.09.2022 00:00	7.26	7.382000000000001	7.216	7.26	344886
02.09.2022 00:00	7.2620000000000005	7.284	7.1290000000000004	7.2250000000000005	720583
05.09.2022 00:00	7.297	7.299	7.19	7.28	363887
06.09.2022 00:00	7.301	7.469	7.127	7.2090000000000005	989156
07.09.2022 00:00	7.2090000000000005	7.248	7.15	7.151	344290
08.09.2022 00:00	7.1690000000000005	7.187	7.054	7.086	391098
09.09.2022 00:00	7.102	7.156000000000001	7.059	7.094	260999
12.09.2022 00:00	7.118	7.184	7.089	7.099	293835
13.09.2022 00:00	7.099	7.139	7.031000000000001	7.051	264105
14.09.2022 00:00	7.23	7.317	7.079	7.11	605117
15.09.2022 00:00	7.121	7.131	7.049	7.054	311254
16.09.2022 00:00	7.065	7.079	6.969	6.99	689056
19.09.2022 00:00	6.969	6.993	6.86	6.914	417798
20.09.2022 00:00	6.929	6.9350000000000005	6.113	6.3870000000000005	1039331
21.09.2022 00:00	5.9990000000000006	6.44	5.249	6.051	1315676
22.09.2022 00:00	6.081	6.299	5.9990000000000006	6.075	439451
23.09.2022 00:00	6.105	6.174	5.602	5.6770000000000005	532196
26.09.2022 00:00	5.618	5.648	4.799	5.128	852462
27.09.2022 00:00	5.099	5.331	4.902	5.003	731722
28.09.2022 00:00	5.099	5.329	4.998	5.0680000000000005	366291
29.09.2022 00:00	5.15	5.289	4.799	4.892	457425
30.09.2022 00:00	4.95	4.999	4.66	4.769	529824
03.10.2022 00:00	4.9830000000000005	5.094	4.828	5.035	385413
04.10.2022 00:00	5.099	5.19	4.939	5.0040000000000004	304836
05.10.2022 00:00	5.049	5.049	4.799	4.8870000000000005	302360
06.10.2022 00:00	4.932	4.948	4.8790000000000004	4.894	126511
07.10.2022 00:00	4.894	4.894	4.712	4.737	203687
10.10.2022 00:00	4.549	4.7940000000000005	4.4	4.721	323849
11.10.2022 00:00	4.767	4.809	4.7	4.773	198588
12.10.2022 00:00	4.8100000000000005	4.99	4.7940000000000005	4.9	382957
13.10.2022 00:00	4.9	4.945	4.831	4.8790000000000004	196474
14.10.2022 00:00	4.9190000000000005	4.9190000000000005	4.833	4.861	151321
17.10.2022 00:00	4.978	4.978	4.876	4.9110000000000005	327750
18.10.2022 00:00	4.978	5.035	4.9190000000000005	4.956	414310
19.10.2022 00:00	4.9110000000000005	4.926	4.7	4.813	270345
20.10.2022 00:00	4.884	4.9430000000000005	4.78	4.8580000000000005	255652
21.10.2022 00:00	4.889	4.906	4.82	4.8950000000000005	186709
24.10.2022 00:00	4.9	4.978	4.871	4.938	299485
25.10.2022 00:00	4.953	5.36	4.902	5.285	1847959
26.10.2022 00:00	5.204	5.589	5.15	5.361	1913237
27.10.2022 00:00	5.442	5.53	5.249	5.299	1077769
28.10.2022 00:00	5.204	5.267	5.1290000000000004	5.219	688797
31.10.2022 00:00	5.249	5.352	5.222	5.3020000000000005	886299
01.11.2022 00:00	5.214	5.347	5.1690000000000005	5.24	663935
02.11.2022 00:00	5.253	5.259	5.1690000000000005	5.2	359282
03.11.2022 00:00	5.198	5.198	5.001	5.0840000000000005	618951
07.11.2022 00:00	5.15	5.203	5.099	5.152	602589
08.11.2022 00:00	5.179	5.179	5.067	5.079	352579
09.11.2022 00:00	5.099	5.1290000000000004	4.999	4.999	493495
10.11.2022 00:00	4.999	5.158	4.948	5.0440000000000005	537007
11.11.2022 00:00	5.087	5.087	4.999	5.022	318930
14.11.2022 00:00	5.051	5.1930000000000005	5.035	5.115	645405
15.11.2022 00:00	5.115	5.1770000000000005	5.051	5.083	282972
16.11.2022 00:00	5.041	5.0680000000000005	4.955	5.03	680269
17.11.2022 00:00	5.0680000000000005	5.0760000000000005	5.009	5.017	213416
18.11.2022 00:00	5.025	5.0440000000000005	5.001	5.017	147609
21.11.2022 00:00	5.017	5.065	4.95	4.9510000000000005	439013
22.11.2022 00:00	4.98	4.999	4.9510000000000005	4.9590000000000005	180941
23.11.2022 00:00	4.961	5.022	4.961	4.9750000000000005	228332
24.11.2022 00:00	4.98	5.009	4.964	4.974	224496
25.11.2022 00:00	4.99	4.998	4.9670000000000005	4.985	162201
28.11.2022 00:00	4.98	4.9830000000000005	4.9	4.9110000000000005	299469
29.11.2022 00:00	4.93	4.964	4.926	4.9430000000000005	116912
30.11.2022 00:00	4.955	4.9670000000000005	4.9190000000000005	4.921	126219
01.12.2022 00:00	4.918	4.939	4.9110000000000005	4.924	171275
02.12.2022 00:00	4.9270000000000005	4.9270000000000005	4.87	4.8790000000000004	204780
05.12.2022 00:00	4.881	4.954	4.881	4.9190000000000005	402483
06.12.2022 00:00	4.9190000000000005	4.939	4.874	4.882	186340
07.12.2022 00:00	4.8790000000000004	4.881	4.721	4.789	499836
08.12.2022 00:00	4.82	4.82	4.7	4.727	399095
09.12.2022 00:00	4.703	4.759	4.6000000000000005	4.605	623202
12.12.2022 00:00	4.6000000000000005	4.623	4.41	4.434	937419
13.12.2022 00:00	4.44	4.5360000000000005	4.344	4.4110000000000005	1231128
14.12.2022 00:00	4.45	4.45	4.355	4.389	396991
15.12.2022 00:00	4.374	4.4	4.237	4.2780000000000005	523895
16.12.2022 00:00	4.277	4.349	4.2090000000000005	4.313	407789
19.12.2022 00:00	4.309	4.5520000000000005	4.304	4.498	1155608
20.12.2022 00:00	4.549	4.796	4.471	4.727	859033
21.12.2022 00:00	4.78	4.8790000000000004	4.514	4.586	906372
22.12.2022 00:00	4.647	4.759	4.559	4.5600000000000005	488450
23.12.2022 00:00	4.583	4.62	4.448	4.499	471165
26.12.2022 00:00	4.589	4.719	4.555	4.634	402107
27.12.2022 00:00	4.687	4.7170000000000005	4.631	4.666	392473
28.12.2022 00:00	4.679	4.6930000000000005	4.563	4.579	252745
29.12.2022 00:00	4.586	4.639	4.5120000000000005	4.61	178815
30.12.2022 00:00	4.61	4.644	4.549	4.575	166509
03.01.2023 00:00	4.581	4.671	4.575	4.655	131692
04.01.2023 00:00	4.6690000000000005	4.7330000000000005	4.612	4.6690000000000005	146570
05.01.2023 00:00	4.671	4.695	4.6290000000000004	4.644	100455
06.01.2023 00:00	4.648	4.648	4.602	4.634	63779
09.01.2023 00:00	4.639	4.841	4.634	4.78	528654
10.01.2023 00:00	4.799	4.805	4.69	4.769	226710
11.01.2023 00:00	4.7860000000000005	4.839	4.7620000000000005	4.812	256416
12.01.2023 00:00	4.812	4.873	4.799	4.817	261206
13.01.2023 00:00	4.825	4.8260000000000005	4.73	4.796	220621
16.01.2023 00:00	4.8100000000000005	4.91	4.797	4.9030000000000005	342201
17.01.2023 00:00	4.91	4.929	4.781	4.804	389947
18.01.2023 00:00	4.801	4.833	4.74	4.796	232632
19.01.2023 00:00	4.8020000000000005	4.8020000000000005	4.615	4.6290000000000004	332009
20.01.2023 00:00	4.65	4.68	4.5760000000000005	4.674	203129
23.01.2023 00:00	4.679	4.756	4.648	4.72	146072
24.01.2023 00:00	4.714	4.817	4.687	4.689	187053
25.01.2023 00:00	4.727	4.757	4.674	4.7010000000000005	140542
26.01.2023 00:00	4.719	4.756	4.705	4.737	112177
27.01.2023 00:00	4.74	4.756	4.711	4.732	102044
30.01.2023 00:00	4.757	4.861	4.756	4.823	266792
31.01.2023 00:00	4.825	4.99	4.825	4.948	583756
01.02.2023 00:00	4.964	5.0680000000000005	4.799	4.8790000000000004	607663
02.02.2023 00:00	4.978	4.999	4.87	4.9590000000000005	298603
03.02.2023 00:00	4.9590000000000005	4.966	4.849	4.921	191142
06.02.2023 00:00	4.939	5.041	4.9350000000000005	5.015	333493
07.02.2023 00:00	5.038	5.099	5.015	5.079	438505
08.02.2023 00:00	5.089	5.179	4.999	5.07	524485
09.02.2023 00:00	5.099	5.16	5.009	5.158	509408
10.02.2023 00:00	5.2	5.469	5.158	5.269	3522872
13.02.2023 00:00	5.4190000000000005	5.44	5.22	5.28	753396
14.02.2023 00:00	5.28	5.28	5.049	5.065	564452
15.02.2023 00:00	5.059	5.059	4.884	4.898	511928
16.02.2023 00:00	4.905	5.067	4.9030000000000005	5.025	340456
17.02.2023 00:00	5.049	5.054	4.974	4.988	178899
20.02.2023 00:00	4.999	4.999	4.86	4.948	291502
21.02.2023 00:00	4.939	5.148	4.9	5.011	484337
22.02.2023 00:00	5.014	5.099	4.999	5.0520000000000005	192676
24.02.2023 00:00	5.091	5.091	5.014	5.039	102110
27.02.2023 00:00	4.999	5.147	4.913	5.144	320595
28.02.2023 00:00	5.15	5.237	5.1290000000000004	5.208	385034
01.03.2023 00:00	5.24	5.283	5.224	5.246	243968
02.03.2023 00:00	5.269	5.299	5.171	5.182	565258
03.03.2023 00:00	5.19	5.244	5.174	5.195	164880
06.03.2023 00:00	5.238	5.249	5.19	5.2	221554
07.03.2023 00:00	5.2	5.246	5.171	5.203	208936
09.03.2023 00:00	5.219	5.232	5.19	5.2	137413
10.03.2023 00:00	5.19	5.204	5.144	5.179	174788
13.03.2023 00:00	5.179	5.198	5.07	5.11	307925
14.03.2023 00:00	5.049	5.2	5.049	5.118	336663
15.03.2023 00:00	5.144	5.164	5.0600000000000005	5.083	143330
16.03.2023 00:00	5.099	5.1290000000000004	5.019	5.0920000000000005	203834
17.03.2023 00:00	5.071	5.121	5.07	5.1000000000000005	231308
20.03.2023 00:00	5.102	5.296	5.073	5.272	583132
21.03.2023 00:00	5.275	5.328	5.144	5.256	673407
22.03.2023 00:00	5.299	5.32	5.22	5.261	375949
23.03.2023 00:00	5.249	5.493	5.249	5.438	953490
24.03.2023 00:00	5.429	5.44	5.312	5.365	609573
27.03.2023 00:00	5.3790000000000004	5.57	5.365	5.531	1073570
28.03.2023 00:00	5.563	5.599	5.4	5.469	681760
29.03.2023 00:00	5.4990000000000006	5.61	5.421	5.472	667273
30.03.2023 00:00	5.4990000000000006	5.549	5.454	5.541	483059
31.03.2023 00:00	5.543	5.748	5.352	5.424	2331012
03.04.2023 00:00	5.424	5.44	5.331	5.3870000000000005	836630
04.04.2023 00:00	5.394	5.523	5.331	5.422	2271384
05.04.2023 00:00	5.43	5.541	5.36	5.498	658731
06.04.2023 00:00	5.4990000000000006	5.735	5.4990000000000006	5.652	1355356
07.04.2023 00:00	5.68	5.743	5.61	5.666	731262
10.04.2023 00:00	5.735	5.7490000000000006	5.66	5.7010000000000005	446203
11.04.2023 00:00	5.721	5.721	5.4990000000000006	5.573	841107
12.04.2023 00:00	5.579	5.6850000000000005	5.579	5.642	389144
13.04.2023 00:00	5.679	5.679	5.5440000000000005	5.612	216012
14.04.2023 00:00	5.612	5.619	5.551	5.597	173274
17.04.2023 00:00	5.644	5.714	5.6000000000000005	5.6850000000000005	377765
18.04.2023 00:00	5.698	5.714	5.579	5.668	342127
19.04.2023 00:00	5.666	5.687	5.4990000000000006	5.5920000000000005	394122
20.04.2023 00:00	5.605	5.631	5.535	5.591	301463
21.04.2023 00:00	5.591	5.65	5.571	5.627	264228
24.04.2023 00:00	5.664	5.7090000000000005	5.583	5.676	392058
25.04.2023 00:00	5.679	5.7940000000000005	5.65	5.738	919235
26.04.2023 00:00	5.74	5.82	5.7	5.719	583865
27.04.2023 00:00	5.7	5.769	5.66	5.736	436889
28.04.2023 00:00	5.759	5.7620000000000005	5.621	5.671	306711
02.05.2023 00:00	5.64	5.6690000000000005	5.39	5.49	505782
03.05.2023 00:00	5.49	5.4990000000000006	5.2	5.227	514494
04.05.2023 00:00	5.24	5.355	5.24	5.32	342451
05.05.2023 00:00	5.321	5.48	5.2	5.257	343276
08.05.2023 00:00	5.269	5.389	5.251	5.301	138715
10.05.2023 00:00	5.289	5.573	5.289	5.562	451155
11.05.2023 00:00	5.57	5.619	5.325	5.45	613241
12.05.2023 00:00	5.5040000000000004	5.595	5.458	5.5280000000000005	339718
15.05.2023 00:00	5.578	5.68	5.549	5.648	522783
16.05.2023 00:00	5.684	5.7	5.58	5.671	468297
17.05.2023 00:00	5.687	5.687	5.6160000000000005	5.664	200278
18.05.2023 00:00	5.698	5.698	5.472	5.618	434286
19.05.2023 00:00	5.6240000000000006	5.676	5.361	5.501	999472
22.05.2023 00:00	5.5680000000000005	5.599	5.429	5.4670000000000005	287348
23.05.2023 00:00	5.496	5.498	5.349	5.474	471053
24.05.2023 00:00	5.453	5.49	5.115	5.214	1887813
25.05.2023 00:00	5.2	5.259	5.03	5.1000000000000005	1219730
26.05.2023 00:00	5.124	5.168	5.071	5.115	569219
29.05.2023 00:00	5.12	5.168	4.999	5.087	799124
30.05.2023 00:00	5.099	5.328	5.089	5.224	1674976
31.05.2023 00:00	5.246	5.259	5.099	5.174	602539
01.06.2023 00:00	5.184	5.214	5.094	5.121	587905
02.06.2023 00:00	5.1370000000000005	5.269	5.094	5.176	565024
05.06.2023 00:00	5.235	5.237	5.102	5.16	528817
06.06.2023 00:00	5.105	5.166	5.103	5.16	241590
07.06.2023 00:00	5.187	5.203	5.136	5.182	239272
08.06.2023 00:00	5.198	5.236	5.1610000000000005	5.224	373718
09.06.2023 00:00	5.24	5.243	5.163	5.174	252102
13.06.2023 00:00	5.2	5.36	5.184	5.349	930535
14.06.2023 00:00	5.361	5.429	5.325	5.389	808946
15.06.2023 00:00	5.392	5.486	5.341	5.4830000000000005	794253
16.06.2023 00:00	5.4990000000000006	5.519	5.371	5.474	766711
19.06.2023 00:00	5.469	5.4990000000000006	5.3660000000000005	5.434	557813
20.06.2023 00:00	5.448	5.448	5.224	5.378	514871
21.06.2023 00:00	5.389	5.486	5.304	5.381	601305
22.06.2023 00:00	5.394	5.4	5.3100000000000005	5.3340000000000005	264069
23.06.2023 00:00	5.344	5.344	5.1690000000000005	5.2	663609
26.06.2023 00:00	5.288	5.345	5.171	5.283	584760
27.06.2023 00:00	5.2860000000000005	5.333	5.24	5.296	251868
28.06.2023 00:00	5.283	5.4430000000000005	5.283	5.422	694280
29.06.2023 00:00	5.45	5.769	5.424	5.6930000000000005	3455360
30.06.2023 00:00	5.7010000000000005	5.986	5.64	5.844	3774247
03.07.2023 00:00	5.877	6.039	5.708	5.97	2472219
04.07.2023 00:00	5.97	6.046	5.801	5.817	1139813
05.07.2023 00:00	5.889	6.166	5.82	6.134	3068331
06.07.2023 00:00	6.176	6.422	6.16	6.402	4003321
07.07.2023 00:00	6.402	6.402	6.123	6.134	2164423
10.07.2023 00:00	6.179	6.283	6.0520000000000005	6.144	1616880
11.07.2023 00:00	6.142	6.16	5.969	6.067	1280828
12.07.2023 00:00	6.054	6.288	6.033	6.26	2073488
13.07.2023 00:00	6.24	6.3180000000000005	6.118	6.168	1274083
14.07.2023 00:00	6.187	6.187	6.11	6.142	600647
17.07.2023 00:00	6.126	6.203	6.099	6.16	646397
18.07.2023 00:00	6.179	6.2490000000000006	6.142	6.18	977300
19.07.2023 00:00	6.203	6.256	6.152	6.164	811089
20.07.2023 00:00	6.1690000000000005	6.238	6.054	6.062	885867
21.07.2023 00:00	6.091	6.140000000000001	5.9030000000000005	6.094	817558
24.07.2023 00:00	6.139	6.188	6.099	6.126	453839
25.07.2023 00:00	6.144	6.432	6.121	6.41	3147730
26.07.2023 00:00	6.432	6.446	6.251	6.32	1504303
27.07.2023 00:00	6.32	6.371	6.267	6.299	608695
28.07.2023 00:00	6.277	6.3660000000000005	6.155	6.304	911834
31.07.2023 00:00	6.32	6.539	6.313	6.506	1899662
01.08.2023 00:00	6.509	6.5600000000000005	6.369	6.48	1400341
02.08.2023 00:00	6.48	6.488	6.371	6.422	1088569
03.08.2023 00:00	6.4590000000000005	6.4590000000000005	6.3740000000000006	6.432	659895
04.08.2023 00:00	6.405	6.49	5.98	6.214	2120896
07.08.2023 00:00	6.224	6.3500000000000005	6.1290000000000004	6.163	1186196
08.08.2023 00:00	6.1690000000000005	6.2540000000000004	6.0040000000000004	6.188	909890
09.08.2023 00:00	6.23	6.256	6.113	6.192	440016
10.08.2023 00:00	6.2	6.2490000000000006	6.16	6.222	469072
11.08.2023 00:00	6.2490000000000006	6.299	6.187	6.275	819294
14.08.2023 00:00	6.329	6.519	6.079	6.158	3379606
15.08.2023 00:00	6.059	6.2490000000000006	6.007000000000001	6.123	1258403
16.08.2023 00:00	6.102	6.174	5.852	5.985	1373653
17.08.2023 00:00	6.059	6.094	5.9	5.9990000000000006	982783
18.08.2023 00:00	6.007000000000001	6.059	5.905	6.049	715531
21.08.2023 00:00	6.099	6.16	6.054	6.089	611798
22.08.2023 00:00	6.113	6.1240000000000006	6.03	6.097	566006
23.08.2023 00:00	6.087	6.155	5.9110000000000005	5.958	1271778
24.08.2023 00:00	5.994	6.049	5.946	6.046	394146
25.08.2023 00:00	6.039	6.1080000000000005	5.998	6.03	612223
28.08.2023 00:00	6.041	6.119	6.011	6.089	727598
29.08.2023 00:00	6.009	6.046	5.892	5.942	1658958
30.08.2023 00:00	5.916	5.946	5.799	5.868	1292999
31.08.2023 00:00	5.869	5.982	5.823	5.916	904783
01.09.2023 00:00	5.932	5.948	5.871	5.876	407084
04.09.2023 00:00	5.869	5.985	5.869	5.9190000000000005	634178
05.09.2023 00:00	5.9190000000000005	5.945	5.871	5.892	469724
06.09.2023 00:00	5.892	5.892	5.804	5.837	568739
07.09.2023 00:00	5.799	5.833	5.642	5.674	1650850
08.09.2023 00:00	5.679	5.735	5.408	5.539	1351177
11.09.2023 00:00	5.533	5.562	5.429	5.464	709038
12.09.2023 00:00	5.539	5.642	5.469	5.6240000000000006	757051
13.09.2023 00:00	5.648	5.648	5.503	5.533	395107
14.09.2023 00:00	5.535	5.539	5.235	5.365	1006569
15.09.2023 00:00	5.352	5.535	5.341	5.49	520975
18.09.2023 00:00	5.547	5.554	5.373	5.416	502156
19.09.2023 00:00	5.416	5.474	5.248	5.272	922320
20.09.2023 00:00	5.293	5.293	5.099	5.253	837225
21.09.2023 00:00	5.269	5.269	5.12	5.134	409370
22.09.2023 00:00	5.11	5.203	5.0760000000000005	5.158	537098
25.09.2023 00:00	5.16	5.179	5.049	5.089	576716
26.09.2023 00:00	5.105	5.198	5.031	5.1690000000000005	840910
27.09.2023 00:00	5.2	5.246	5.081	5.1290000000000004	1177309
28.09.2023 00:00	5.142	5.172	5.099	5.166	587315
29.09.2023 00:00	5.187	5.192	5.099	5.115	560383
02.10.2023 00:00	5.15	5.184	5.102	5.1690000000000005	609287
03.10.2023 00:00	5.179	5.2330000000000005	5.11	5.163	783339
04.10.2023 00:00	5.2	5.339	5.156	5.2940000000000005	1250465
05.10.2023 00:00	5.2940000000000005	5.493	5.243	5.414	2269054
06.10.2023 00:00	5.4190000000000005	5.4590000000000005	5.339	5.389	594446
09.10.2023 00:00	5.413	5.4430000000000005	5.36	5.368	397468
10.10.2023 00:00	5.384	5.398	5.304	5.353	425844
11.10.2023 00:00	5.378	5.382	5.2	5.227	661654
12.10.2023 00:00	5.2	5.309	5.16	5.269	682857
13.10.2023 00:00	5.251	5.3580000000000005	5.251	5.28	506050
16.10.2023 00:00	5.333	5.3790000000000004	5.28	5.349	591227
17.10.2023 00:00	5.349	5.349	5.291	5.309	377276
18.10.2023 00:00	5.304	5.339	5.249	5.273	372432
19.10.2023 00:00	5.269	5.349	5.259	5.301	438147
20.10.2023 00:00	5.315	5.315	5.261	5.296	335272
23.10.2023 00:00	5.328	5.3340000000000005	5.227	5.259	439668
24.10.2023 00:00	5.259	5.299	5.227	5.2540000000000004	340671
25.10.2023 00:00	5.259	5.261	5.172	5.203	481976
26.10.2023 00:00	5.203	5.238	5.1160000000000005	5.121	587196
27.10.2023 00:00	5.132	5.166	4.964	5.019	1526357
30.10.2023 00:00	5.017	5.019	4.861	4.878	1326466
31.10.2023 00:00	4.87	4.964	4.78	4.8100000000000005	1578613
01.11.2023 00:00	4.809	4.8950000000000005	4.69	4.814	1577487
02.11.2023 00:00	4.801	4.924	4.621	4.647	3367380
03.11.2023 00:00	4.62	4.724	4.583	4.6930000000000005	1832958
06.11.2023 00:00	4.6930000000000005	4.7940000000000005	4.6930000000000005	4.756	595876
07.11.2023 00:00	4.7620000000000005	4.793	4.7	4.732	655256
08.11.2023 00:00	4.732	4.743	4.65	4.6850000000000005	705606
09.11.2023 00:00	4.671	4.684	4.6000000000000005	4.621	783425
10.11.2023 00:00	4.615	4.738	4.599	4.7010000000000005	1117094
13.11.2023 00:00	4.689	4.785	4.422	4.437	3365738
14.11.2023 00:00	4.421	4.4350000000000005	4.099	4.224	9100191
15.11.2023 00:00	4.192	4.354	4.1690000000000005	4.3260000000000005	2646194
16.11.2023 00:00	4.309	4.32	4.206	4.2620000000000005	1585510
17.11.2023 00:00	4.259	4.288	4.214	4.277	688661
20.11.2023 00:00	4.264	4.317	4.24	4.261	692951
21.11.2023 00:00	4.289	4.392	4.2090000000000005	4.248	2893900
22.11.2023 00:00	4.245	4.288	4.079	4.12	5454915
23.11.2023 00:00	4.12	4.134	3.915	3.9290000000000003	6424084
24.11.2023 00:00	3.9210000000000003	3.979	3.847	3.939	5430130
27.11.2023 00:00	3.95	3.956	3.85	3.895	2499664
28.11.2023 00:00	3.895	4.3790000000000004	3.8810000000000002	4.357	14391966
29.11.2023 00:00	4.331	4.689	4.2	4.253	23752388
30.11.2023 00:00	4.249	4.3180000000000005	4.126	4.166	6210685
01.12.2023 00:00	4.16	4.179	3.955	3.99	5567926
04.12.2023 00:00	3.939	4.121	3.86	4.007	7542420
05.12.2023 00:00	4.001	4.086	3.979	4.027	2413510
06.12.2023 00:00	4.049	4.0760000000000005	3.891	3.95	2888164
07.12.2023 00:00	3.952	3.979	3.8810000000000002	3.958	2312809
08.12.2023 00:00	3.975	4.011	3.914	3.95	1505878
11.12.2023 00:00	3.939	4.039	3.884	3.975	2843845
12.12.2023 00:00	3.987	4.011	3.9370000000000003	3.987	1262776
13.12.2023 00:00	3.971	4.03	3.942	3.999	992209
14.12.2023 00:00	4.023	4.065	3.908	3.938	2077038
15.12.2023 00:00	3.934	4.043	3.899	4.017	3444151
18.12.2023 00:00	4.0200000000000005	4.16	4.006	4.126	3095518
19.12.2023 00:00	4.126	4.142	4.041	4.07	1406257
20.12.2023 00:00	4.07	4.115	4.055	4.078	863908
21.12.2023 00:00	4.0760000000000005	4.081	4.017	4.054	1282869
22.12.2023 00:00	4.065	4.097	4.033	4.049	1080454
25.12.2023 00:00	4.07	4.089	4.03	4.051	662833
26.12.2023 00:00	4.051	4.059	3.914	3.9290000000000003	2059058
27.12.2023 00:00	3.919	3.924	3.785	3.81	2984244
28.12.2023 00:00	3.81	3.81	3.68	3.696	2143088
29.12.2023 00:00	3.704	3.805	3.69	3.7	2539246
03.01.2024 00:00	3.7	3.794	3.7	3.781	1001778
04.01.2024 00:00	3.793	3.837	3.778	3.817	1249381
05.01.2024 00:00	3.83	3.83	3.794	3.809	490940
08.01.2024 00:00	3.81	3.878	3.81	3.859	954406
09.01.2024 00:00	3.899	3.976	3.802	3.955	2604924
10.01.2024 00:00	3.959	4.097	3.959	4.031	2954911
11.01.2024 00:00	4.049	4.049	3.899	4.001	1873816
12.01.2024 00:00	4.0760000000000005	4.0760000000000005	3.999	4.007	1594390
15.01.2024 00:00	4.009	4.038	3.9450000000000003	3.974	1583536
16.01.2024 00:00	3.974	4.0040000000000004	3.915	3.958	1148377
17.01.2024 00:00	3.95	4.022	3.948	3.996	946762
18.01.2024 00:00	3.996	4.017	3.95	3.979	645525
19.01.2024 00:00	3.979	3.995	3.951	3.985	685516
22.01.2024 00:00	3.995	4.099	3.987	4.075	2654024
23.01.2024 00:00	4.079	4.1370000000000005	4.025	4.054	1293778
24.01.2024 00:00	4.0760000000000005	4.0760000000000005	3.967	3.999	1139571
25.01.2024 00:00	3.999	4.049	3.96	4.0040000000000004	674435
26.01.2024 00:00	4.017	4.065	3.99	4.0360000000000005	907516
29.01.2024 00:00	4.051	4.246	4.0360000000000005	4.243	4014694
30.01.2024 00:00	4.2540000000000004	4.267	4.11	4.136	4317162
31.01.2024 00:00	4.144	4.2090000000000005	4.121	4.1770000000000005	1705863
01.02.2024 00:00	4.188	4.196	4.118	4.134	1085359
02.02.2024 00:00	4.136	4.1690000000000005	4.102	4.132	977964
05.02.2024 00:00	4.123	4.19	4.11	4.147	566581
06.02.2024 00:00	4.142	4.227	4.142	4.204	2083462
07.02.2024 00:00	4.224	4.259	4.136	4.1690000000000005	1787769
08.02.2024 00:00	4.1690000000000005	4.184	4.065	4.118	1273015
09.02.2024 00:00	4.123	4.1530000000000005	4.081	4.11	565549
12.02.2024 00:00	4.118	4.128	4.022	4.0520000000000005	980707
13.02.2024 00:00	4.049	4.0840000000000005	4.0200000000000005	4.073	522861
14.02.2024 00:00	4.097	4.105	4.041	4.057	496371
15.02.2024 00:00	4.054	4.0760000000000005	4.041	4.046	457284
16.02.2024 00:00	4.046	4.097	3.9610000000000003	3.998	1308938
19.02.2024 00:00	3.998	4.049	3.844	3.883	2200946
20.02.2024 00:00	3.873	3.946	3.819	3.874	1675061
21.02.2024 00:00	3.874	3.924	3.799	3.863	1106090
22.02.2024 00:00	3.862	3.907	3.825	3.854	611819
26.02.2024 00:00	3.87	3.944	3.85	3.9370000000000003	593532
27.02.2024 00:00	3.946	3.946	3.852	3.891	571615
28.02.2024 00:00	3.891	3.938	3.89	3.926	431216
29.02.2024 00:00	3.939	3.995	3.923	3.94	761422
01.03.2024 00:00	3.948	3.975	3.922	3.9370000000000003	451244
04.03.2024 00:00	3.944	3.983	3.938	3.962	550928
05.03.2024 00:00	3.969	3.971	3.934	3.939	297744
06.03.2024 00:00	3.939	3.946	3.9	3.932	249871
07.03.2024 00:00	3.9210000000000003	3.967	3.9210000000000003	3.9610000000000003	497763
11.03.2024 00:00	3.964	4.102	3.964	4.078	1637554
12.03.2024 00:00	4.096	4.097	4.011	4.0440000000000005	798273
13.03.2024 00:00	4.049	4.0920000000000005	4.019	4.023	556108
14.03.2024 00:00	4.035	4.051	3.926	3.934	714951
15.03.2024 00:00	3.934	4.03	3.934	3.995	714829
18.03.2024 00:00	4.022	4.049	3.975	3.992	594883
19.03.2024 00:00	3.992	4.014	3.902	3.938	859686
20.03.2024 00:00	3.939	3.948	3.829	3.85	1563462
21.03.2024 00:00	3.862	4.001	3.854	3.911	2639623
22.03.2024 00:00	3.661	3.887	3.66	3.822	7064449
25.03.2024 00:00	3.799	3.8280000000000003	3.6870000000000003	3.743	2517045
26.03.2024 00:00	3.745	3.745	3.7	3.713	701978
27.03.2024 00:00	3.725	3.725	3.672	3.713	851397
28.03.2024 00:00	3.713	3.829	3.692	3.761	1042306
29.03.2024 00:00	3.749	3.778	3.729	3.732	841551
01.04.2024 00:00	3.734	3.833	3.734	3.805	975095
02.04.2024 00:00	3.805	3.819	3.769	3.778	723363
03.04.2024 00:00	3.7800000000000002	3.854	3.77	3.843	910629
04.04.2024 00:00	3.843	3.894	3.786	3.797	1414587
05.04.2024 00:00	3.801	3.815	3.759	3.77	553684
08.04.2024 00:00	3.7720000000000002	3.826	3.75	3.797	664335
09.04.2024 00:00	3.785	3.821	3.777	3.807	545413
10.04.2024 00:00	3.806	3.862	3.789	3.809	833660
11.04.2024 00:00	3.801	3.825	3.7800000000000002	3.793	447215
12.04.2024 00:00	3.806	3.817	3.785	3.791	321169
15.04.2024 00:00	3.7880000000000003	3.813	3.757	3.775	485113
16.04.2024 00:00	3.781	3.85	3.759	3.8360000000000003	548658
17.04.2024 00:00	3.847	3.847	3.791	3.8120000000000003	521564
18.04.2024 00:00	3.823	3.89	3.8120000000000003	3.879	1194316
19.04.2024 00:00	3.89	3.918	3.846	3.867	523004
22.04.2024 00:00	3.865	3.882	3.8120000000000003	3.829	527232
23.04.2024 00:00	3.829	3.843	3.799	3.813	444362
24.04.2024 00:00	3.813	3.984	3.79	3.844	4163499
25.04.2024 00:00	3.842	3.91	3.781	3.814	2375599
26.04.2024 00:00	3.815	3.817	3.77	3.801	746419
27.04.2024 00:00	3.805	3.831	3.7800000000000002	3.809	545602
29.04.2024 00:00	3.801	3.829	3.7960000000000003	3.8280000000000003	325380
30.04.2024 00:00	3.833	3.87	3.819	3.839	376261
02.05.2024 00:00	3.8360000000000003	3.846	3.777	3.785	394759
03.05.2024 00:00	3.794	3.794	3.713	3.729	657430
06.05.2024 00:00	3.749	3.761	3.7	3.704	518263
07.05.2024 00:00	3.704	3.748	3.693	3.725	438326
08.05.2024 00:00	3.733	3.7560000000000002	3.719	3.721	325222
10.05.2024 00:00	3.725	3.732	3.7110000000000003	3.717	142609
13.05.2024 00:00	3.717	3.727	3.684	3.706	549534
14.05.2024 00:00	3.713	3.782	3.68	3.708	1649214
15.05.2024 00:00	3.719	3.742	3.7	3.708	505584
16.05.2024 00:00	3.706	3.724	3.6630000000000003	3.718	694568
17.05.2024 00:00	3.725	3.725	3.664	3.7030000000000003	434350
20.05.2024 00:00	3.7	3.719	3.604	3.628	819536
21.05.2024 00:00	3.629	3.682	3.438	3.669	2059844
22.05.2024 00:00	3.666	3.71	3.559	3.5780000000000003	734704
23.05.2024 00:00	3.5780000000000003	3.5780000000000003	3.456	3.467	1448996
24.05.2024 00:00	3.459	3.523	3.262	3.287	3399918
27.05.2024 00:00	3.307	3.307	3.049	3.115	4245912
28.05.2024 00:00	3.115	3.181	3.039	3.157	1563205
29.05.2024 00:00	3.172	3.177	3.111	3.157	750438
30.05.2024 00:00	3.149	3.166	2.982	3.0	2266133
31.05.2024 00:00	2.99	3.013	2.77	2.79	3780404
03.06.2024 00:00	2.781	2.887	2.531	2.692	6700979
04.06.2024 00:00	2.693	3.011	2.568	2.951	12888619
05.06.2024 00:00	2.975	2.998	2.807	2.833	7501857
06.06.2024 00:00	2.834	2.919	2.773	2.874	4012153
07.06.2024 00:00	2.874	3.217	2.85	3.17	13756475
10.06.2024 00:00	3.17	3.31	3.015	3.128	8125617
11.06.2024 00:00	3.12	3.168	3.04	3.095	3470839
13.06.2024 00:00	2.899	3.192	2.851	3.156	3676870
14.06.2024 00:00	3.156	3.177	3.105	3.16	1508466
17.06.2024 00:00	3.162	3.176	3.055	3.067	1979132
18.06.2024 00:00	3.067	3.084	2.9050000000000002	2.908	2425078
19.06.2024 00:00	2.9130000000000003	2.951	2.805	2.886	3283979
20.06.2024 00:00	2.86	3.037	2.841	3.035	3928074
21.06.2024 00:00	3.035	3.037	2.971	3.003	1163778
24.06.2024 00:00	3.003	3.017	2.9210000000000003	2.939	1395481
25.06.2024 00:00	2.93	2.952	2.886	2.951	1224425
26.06.2024 00:00	2.951	2.984	2.9210000000000003	2.9370000000000003	1286103
27.06.2024 00:00	2.914	2.947	2.847	2.89	1204956
28.06.2024 00:00	2.887	2.919	2.8810000000000002	2.907	890414
01.07.2024 00:00	2.91	2.956	2.892	2.923	957409
02.07.2024 00:00	2.938	3.027	2.914	2.974	1714149
03.07.2024 00:00	2.993	2.993	2.9	2.91	1059124
04.07.2024 00:00	2.9050000000000002	2.918	2.789	2.79	2019108
05.07.2024 00:00	2.774	2.797	2.6870000000000003	2.741	3076225
08.07.2024 00:00	2.74	2.754	2.621	2.637	2370521
09.07.2024 00:00	2.6310000000000002	2.636	2.512	2.543	4221328
10.07.2024 00:00	2.543	2.577	2.428	2.48	4536748
11.07.2024 00:00	2.484	2.594	2.48	2.58	2488918
12.07.2024 00:00	2.581	2.6470000000000002	2.463	2.543	2502640
15.07.2024 00:00	2.52	2.549	2.446	2.471	1998989
16.07.2024 00:00	2.45	2.498	2.39	2.483	3140686
17.07.2024 00:00	2.459	2.49	2.391	2.391	2965473
18.07.2024 00:00	2.394	2.41	2.338	2.395	2737122
19.07.2024 00:00	2.4050000000000002	2.422	2.367	2.374	2563217
22.07.2024 00:00	2.398	2.415	2.359	2.3970000000000002	1552846
23.07.2024 00:00	2.395	2.524	2.3890000000000002	2.524	8831841
24.07.2024 00:00	2.535	2.539	2.475	2.5	3054372
25.07.2024 00:00	2.499	2.501	2.462	2.483	1417790
26.07.2024 00:00	2.483	2.584	2.342	2.358	9736677
29.07.2024 00:00	2.338	2.339	2.176	2.186	5448671
30.07.2024 00:00	2.185	2.226	2.144	2.21	3418193
31.07.2024 00:00	2.22	2.314	2.19	2.307	7609316
01.08.2024 00:00	2.305	2.329	2.222	2.237	3559206
02.08.2024 00:00	2.237	2.261	2.21	2.243	2093042
05.08.2024 00:00	2.225	2.234	2.169	2.193	3255908
06.08.2024 00:00	2.225	2.235	2.196	2.205	1312744
07.08.2024 00:00	2.206	2.314	2.182	2.2640000000000002	2810300
08.08.2024 00:00	2.269	2.275	2.225	2.245	1577669
09.08.2024 00:00	2.229	2.249	2.221	2.23	1114045
12.08.2024 00:00	2.212	2.225	2.174	2.224	2122895
13.08.2024 00:00	2.22	2.265	2.21	2.248	2035757
14.08.2024 00:00	2.249	2.2640000000000002	2.149	2.174	3227001
15.08.2024 00:00	2.184	2.209	2.161	2.185	1950969
16.08.2024 00:00	2.185	2.189	2.1	2.101	2692930
19.08.2024 00:00	2.108	2.134	2.016	2.056	4662573
20.08.2024 00:00	2.068	2.088	2.016	2.052	3911057
21.08.2024 00:00	2.047	2.055	2.001	2.02	2125317
22.08.2024 00:00	2.028	2.028	1.85	1.879	6834335
23.08.2024 00:00	1.895	1.8960000000000001	1.7570000000000001	1.808	10314874
26.08.2024 00:00	1.8980000000000001	1.949	1.7850000000000001	1.818	7200622
27.08.2024 00:00	1.818	1.822	1.649	1.6580000000000001	12320896
28.08.2024 00:00	1.6400000000000001	1.749	1.169	1.282	87999863
29.08.2024 00:00	1.254	1.306	1.074	1.129	51404830
30.08.2024 00:00	1.114	1.177	1.062	1.137	20934303
02.09.2024 00:00	1.1280000000000001	1.185	1.09	1.1480000000000001	8816593
03.09.2024 00:00	1.163	1.195	1.12	1.169	8853450
04.09.2024 00:00	1.159	1.368	1.1460000000000001	1.34	29255377
05.09.2024 00:00	1.3780000000000001	1.693	1.34	1.689	59285603
06.09.2024 00:00	1.721	1.729	1.52	1.582	33304555
09.09.2024 00:00	1.609	1.613	1.5010000000000001	1.548	9088810
10.09.2024 00:00	1.528	1.58	1.5090000000000001	1.564	5699081
11.09.2024 00:00	1.555	1.565	1.435	1.463	5040118
12.09.2024 00:00	1.449	1.459	1.364	1.399	10533282
13.09.2024 00:00	1.399	1.5070000000000001	1.322	1.3800000000000001	17273902
16.09.2024 00:00	1.387	1.445	1.371	1.4020000000000001	4866841
17.09.2024 00:00	1.407	1.419	1.359	1.4000000000000001	3791131
18.09.2024 00:00	1.4000000000000001	1.4060000000000001	1.383	1.3920000000000001	1961154
19.09.2024 00:00	1.3920000000000001	1.512	1.3800000000000001	1.447	7688554
20.09.2024 00:00	1.497	1.542	1.453	1.5290000000000001	5654190
23.09.2024 00:00	1.5290000000000001	1.616	1.5290000000000001	1.594	5913984
24.09.2024 00:00	1.6	1.608	1.5110000000000001	1.574	4227250
25.09.2024 00:00	1.58	1.58	1.443	1.483	4579500
26.09.2024 00:00	1.476	1.5030000000000001	1.425	1.473	3080284
27.09.2024 00:00	1.488	1.547	1.455	1.5310000000000001	2916270
30.09.2024 00:00	1.543	1.6320000000000001	1.5090000000000001	1.5350000000000001	5988485
01.10.2024 00:00	1.524	1.559	1.484	1.512	2848006
02.10.2024 00:00	1.512	1.5270000000000001	1.459	1.479	2631419
03.10.2024 00:00	1.476	1.5110000000000001	1.429	1.493	3395118
04.10.2024 00:00	1.495	1.5230000000000001	1.461	1.487	1982194
07.10.2024 00:00	1.493	1.493	1.455	1.487	1078617
08.10.2024 00:00	1.483	1.491	1.467	1.479	752743
09.10.2024 00:00	1.481	1.594	1.469	1.564	8773535
10.10.2024 00:00	1.556	1.56	1.5170000000000001	1.538	2095601
11.10.2024 00:00	1.5310000000000001	1.665	1.5310000000000001	1.624	9614333
14.10.2024 00:00	1.62	1.725	1.564	1.699	7608728
15.10.2024 00:00	1.68	1.984	1.68	1.948	30047414
16.10.2024 00:00	1.93	1.957	1.687	1.709	29929220
17.10.2024 00:00	1.714	1.742	1.6520000000000001	1.681	10877246
18.10.2024 00:00	1.68	1.717	1.653	1.697	3978872
21.10.2024 00:00	1.709	1.766	1.6560000000000001	1.701	6672876
22.10.2024 00:00	1.707	1.707	1.675	1.689	1359167
23.10.2024 00:00	1.685	1.693	1.594	1.594	3471080
24.10.2024 00:00	1.6	1.609	1.493	1.54	5071166
25.10.2024 00:00	1.538	1.597	1.461	1.555	8554376
28.10.2024 00:00	1.5290000000000001	1.593	1.5030000000000001	1.551	4745263
29.10.2024 00:00	1.551	1.722	1.532	1.669	9440670
30.10.2024 00:00	1.681	1.75	1.58	1.588	10148977
31.10.2024 00:00	1.572	1.6480000000000001	1.562	1.616	5691859
01.11.2024 00:00	1.6260000000000001	1.747	1.62	1.701	7640214
02.11.2024 00:00	1.705	1.7770000000000001	1.665	1.73	5642318
05.11.2024 00:00	1.729	1.7690000000000001	1.69	1.717	3122792
06.11.2024 00:00	1.7690000000000001	1.786	1.707	1.729	3079082
07.11.2024 00:00	1.729	1.794	1.701	1.778	1598188
08.11.2024 00:00	1.786	1.808	1.745	1.7790000000000001	2263227
11.11.2024 00:00	1.798	1.806	1.702	1.705	2549142
12.11.2024 00:00	1.705	1.707	1.6300000000000001	1.6460000000000001	2987112
13.11.2024 00:00	1.6580000000000001	1.681	1.605	1.6300000000000001	2599480
14.11.2024 00:00	1.6320000000000001	1.738	1.616	1.698	4058104
15.11.2024 00:00	1.694	1.73	1.669	1.711	1770901
18.11.2024 00:00	1.699	1.843	1.68	1.819	6740624
19.11.2024 00:00	1.81	1.838	1.739	1.7890000000000001	4282689
20.11.2024 00:00	1.7870000000000001	1.8780000000000001	1.5250000000000001	1.618	24184955
21.11.2024 00:00	1.6	1.614	1.2690000000000001	1.37	32145829
22.11.2024 00:00	1.37	1.419	1.284	1.354	15367932
25.11.2024 00:00	1.37	1.429	1.322	1.374	10909716
26.11.2024 00:00	1.375	1.409	1.304	1.332	5891747
27.11.2024 00:00	1.332	1.409	1.294	1.409	4808721
28.11.2024 00:00	1.411	1.6600000000000001	1.342	1.596	40570126
29.11.2024 00:00	1.614	1.624	1.451	1.479	11806335
02.12.2024 00:00	1.548	1.568	1.391	1.425	12429461
03.12.2024 00:00	1.32	1.3760000000000001	1.2770000000000001	1.336	7891687
04.12.2024 00:00	1.328	1.352	1.292	1.302	2963891
05.12.2024 00:00	1.302	1.352	1.302	1.338	2353666
06.12.2024 00:00	1.34	1.354	1.324	1.332	1144545
09.12.2024 00:00	1.334	1.375	1.334	1.346	1612063
10.12.2024 00:00	1.35	1.35	1.3	1.318	1420901
11.12.2024 00:00	1.314	1.355	1.31	1.343	1372069
12.12.2024 00:00	1.346	1.354	1.308	1.312	1207410
13.12.2024 00:00	1.312	1.324	1.298	1.308	1388822
16.12.2024 00:00	1.316	1.32	1.292	1.308	1574782
17.12.2024 00:00	1.308	1.36	1.288	1.32	3157533
18.12.2024 00:00	1.328	1.33	1.29	1.306	1807491
19.12.2024 00:00	1.308	1.308	1.2630000000000001	1.281	3241585
20.12.2024 00:00	1.2770000000000001	1.343	1.249	1.318	7228059
23.12.2024 00:00	1.334	1.346	1.312	1.324	3347210
24.12.2024 00:00	1.326	1.328	1.2630000000000001	1.266	2342512
25.12.2024 00:00	1.2650000000000001	1.29	1.233	1.2550000000000001	3443031
26.12.2024 00:00	1.2590000000000001	1.2690000000000001	1.241	1.2510000000000001	2020146
27.12.2024 00:00	1.2510000000000001	1.2570000000000001	1.234	1.239	1436114
28.12.2024 00:00	1.241	1.35	1.229	1.288	9854108
30.12.2024 00:00	1.312	1.318	1.2630000000000001	1.286	3407566
03.01.2025 00:00	1.294	1.296	1.258	1.2730000000000001	1752919
06.01.2025 00:00	1.2730000000000001	1.282	1.2590000000000001	1.2730000000000001	926373
08.01.2025 00:00	1.2730000000000001	1.294	1.2730000000000001	1.29	739746
09.01.2025 00:00	1.29	1.298	1.262	1.2650000000000001	914071
10.01.2025 00:00	1.2650000000000001	1.28	1.2590000000000001	1.2750000000000001	1137015
13.01.2025 00:00	1.29	1.29	1.2610000000000001	1.2730000000000001	1543766
14.01.2025 00:00	1.2730000000000001	1.29	1.2650000000000001	1.288	837930
15.01.2025 00:00	1.29	1.346	1.2750000000000001	1.332	2500754
16.01.2025 00:00	1.35	1.358	1.306	1.314	3309074
17.01.2025 00:00	1.32	1.463	1.314	1.3880000000000001	8404273
20.01.2025 00:00	1.399	1.495	1.364	1.391	10388952
21.01.2025 00:00	1.3980000000000001	1.423	1.344	1.409	3370087
22.01.2025 00:00	1.419	1.439	1.37	1.387	3031190
23.01.2025 00:00	1.3800000000000001	1.413	1.362	1.399	1237986
24.01.2025 00:00	1.399	1.437	1.3840000000000001	1.409	2743555
27.01.2025 00:00	1.415	1.427	1.37	1.3820000000000001	1441104
28.01.2025 00:00	1.3840000000000001	1.465	1.364	1.433	3708267
29.01.2025 00:00	1.433	1.459	1.4000000000000001	1.409	3852372
30.01.2025 00:00	1.409	1.423	1.379	1.4060000000000001	1972296
31.01.2025 00:00	1.4060000000000001	1.419	1.354	1.3760000000000001	3195797
03.02.2025 00:00	1.379	1.391	1.36	1.3800000000000001	1536569
04.02.2025 00:00	1.3800000000000001	1.4000000000000001	1.362	1.374	1428008
05.02.2025 00:00	1.374	1.391	1.355	1.379	2612625
06.02.2025 00:00	1.383	1.3980000000000001	1.368	1.372	1181375
07.02.2025 00:00	1.372	1.379	1.355	1.359	750786
10.02.2025 00:00	1.364	1.3820000000000001	1.274	1.33	2260650
11.02.2025 00:00	1.34	1.3960000000000001	1.314	1.363	4891449
12.02.2025 00:00	1.364	1.479	1.346	1.437	10202444
13.02.2025 00:00	1.445	1.487	1.403	1.461	6199452
14.02.2025 00:00	1.499	1.596	1.429	1.484	13379273
17.02.2025 00:00	1.559	1.952	1.532	1.943	39088935
18.02.2025 00:00	1.952	1.952	1.71	1.746	28938534
19.02.2025 00:00	1.7590000000000001	2.004	1.7590000000000001	1.935	32884180
20.02.2025 00:00	1.933	1.967	1.834	1.8980000000000001	14761904
21.02.2025 00:00	1.8980000000000001	1.919	1.81	1.8820000000000001	6873944
24.02.2025 00:00	1.87	1.9120000000000001	1.838	1.8960000000000001	6397057
25.02.2025 00:00	1.8960000000000001	2.132	1.863	2.061	29011732
26.02.2025 00:00	2.063	2.197	1.9180000000000001	1.979	23550454
27.02.2025 00:00	1.98	1.989	1.839	1.895	13934398
28.02.2025 00:00	1.8940000000000001	1.967	1.814	1.931	13789551
01.03.2025 00:00	1.937	1.937	1.925	1.937	163388
02.03.2025 00:00	1.937	1.937	1.919	1.931	143045
03.03.2025 00:00	1.935	1.935	1.85	1.899	5759664
04.03.2025 00:00	1.9140000000000001	1.964	1.8860000000000001	1.937	5658174
05.03.2025 00:00	1.933	1.935	1.812	1.875	4434390
06.03.2025 00:00	1.879	1.9020000000000001	1.834	1.859	2529204
07.03.2025 00:00	1.859	1.9140000000000001	1.836	1.864	3372651
10.03.2025 00:00	1.864	1.891	1.844	1.866	1696324
11.03.2025 00:00	1.866	1.8780000000000001	1.7770000000000001	1.818	2901708
12.03.2025 00:00	1.818	1.839	1.737	1.77	4604669
13.03.2025 00:00	1.77	1.83	1.687	1.7770000000000001	6823058
14.03.2025 00:00	1.7590000000000001	1.826	1.729	1.804	3926403
15.03.2025 00:00	1.808	1.839	1.802	1.824	329844
16.03.2025 00:00	1.824	1.847	1.82	1.847	406924
17.03.2025 00:00	1.879	1.969	1.866	1.934	7371614
18.03.2025 00:00	1.939	1.945	1.8	1.868	6672313
19.03.2025 00:00	1.868	1.957	1.835	1.895	6398450
20.03.2025 00:00	1.8960000000000001	1.9160000000000001	1.874	1.899	1585692
21.03.2025 00:00	1.8940000000000001	1.922	1.846	1.87	2899220
24.03.2025 00:00	1.87	1.872	1.782	1.805	2250985
25.03.2025 00:00	1.805	1.859	1.7530000000000001	1.844	2530894
26.03.2025 00:00	1.844	1.8900000000000001	1.7790000000000001	1.7890000000000001	2072095
27.03.2025 00:00	1.7770000000000001	1.792	1.695	1.705	2438505
28.03.2025 00:00	1.699	1.714	1.58	1.606	6371393
29.03.2025 00:00	1.601	1.62	1.588	1.588	301761
30.03.2025 00:00	1.588	1.588	1.588	1.588	28160
31.03.2025 00:00	1.58	1.665	1.5310000000000001	1.6640000000000001	4063807
01.04.2025 00:00	1.6580000000000001	1.718	1.544	1.56	6018086
02.04.2025 00:00	1.56	1.6280000000000001	1.551	1.614	3174350
03.04.2025 00:00	1.624	1.645	1.5110000000000001	1.58	3344791
04.04.2025 00:00	1.592	1.612	1.479	1.489	3622367
05.04.2025 00:00	1.475	1.479	1.459	1.476	354571
06.04.2025 00:00	1.476	1.528	1.468	1.528	598399
07.04.2025 00:00	1.5150000000000001	1.5150000000000001	1.354	1.445	6192888
08.04.2025 00:00	1.447	1.495	1.364	1.3780000000000001	3978495
09.04.2025 00:00	1.3780000000000001	1.465	1.33	1.459	5734684
10.04.2025 00:00	1.459	1.487	1.409	1.435	2682476
11.04.2025 00:00	1.437	1.489	1.429	1.461	3919331
12.04.2025 00:00	1.467	1.495	1.463	1.493	366360
13.04.2025 00:00	1.493	1.5150000000000001	1.479	1.5150000000000001	638298
14.04.2025 00:00	1.5070000000000001	1.697	1.459	1.616	19338862
15.04.2025 00:00	1.6260000000000001	1.6280000000000001	1.54	1.574	8484828
16.04.2025 00:00	1.56	1.586	1.548	1.562	2773286
17.04.2025 00:00	1.562	1.58	1.508	1.556	3126777
18.04.2025 00:00	1.536	1.554	1.504	1.5130000000000001	1519707
21.04.2025 00:00	1.5190000000000001	1.55	1.508	1.5350000000000001	1323150
22.04.2025 00:00	1.536	1.592	1.5310000000000001	1.568	3599487
23.04.2025 00:00	1.572	1.576	1.5230000000000001	1.546	1660759
24.04.2025 00:00	1.54	1.569	1.477	1.5110000000000001	1908427
25.04.2025 00:00	1.512	1.548	1.499	1.5310000000000001	2570556
26.04.2025 00:00	1.5350000000000001	1.554	1.5350000000000001	1.542	389266
27.04.2025 00:00	1.54	1.551	1.54	1.55	128356
28.04.2025 00:00	1.542	1.556	1.5070000000000001	1.528	2265581
29.04.2025 00:00	1.5290000000000001	1.5350000000000001	1.483	1.493	1356847
30.04.2025 00:00	1.495	1.5030000000000001	1.451	1.487	1507029
02.05.2025 00:00	1.495	1.495	1.4020000000000001	1.415	2099639
03.05.2025 00:00	1.417	1.423	1.409	1.419	107027
04.05.2025 00:00	1.415	1.433	1.413	1.429	92070
05.05.2025 00:00	1.425	1.431	1.3820000000000001	1.417	1183950
06.05.2025 00:00	1.417	1.463	1.411	1.437	1951931
07.05.2025 00:00	1.445	1.461	1.425	1.455	937139
08.05.2025 00:00	1.455	1.489	1.445	1.455	904604
10.05.2025 00:00	1.465	1.467	1.447	1.451	110378
11.05.2025 00:00	1.465	1.483	1.459	1.467	328533
12.05.2025 00:00	1.479	1.539	1.476	1.5130000000000001	1793768
13.05.2025 00:00	1.5150000000000001	1.5190000000000001	1.477	1.487	839420
14.05.2025 00:00	1.489	1.55	1.459	1.459	4150756
15.05.2025 00:00	1.463	1.524	1.461	1.508	2453753
16.05.2025 00:00	1.508	1.5150000000000001	1.425	1.492	2310733
17.05.2025 00:00	1.493	1.5230000000000001	1.492	1.5190000000000001	326609
18.05.2025 00:00	1.5230000000000001	1.539	1.52	1.536	322367
19.05.2025 00:00	1.536	1.584	1.495	1.508	1573635
20.05.2025 00:00	1.5190000000000001	1.5190000000000001	1.469	1.485	1400086
21.05.2025 00:00	1.487	1.491	1.463	1.469	820035
22.05.2025 00:00	1.469	1.495	1.437	1.472	1353830
