datetime	open	high	low	close	volume
20.02.2020 00:00	755.0500000000001	999.95	755.0500000000001	813.95	5552
21.02.2020 00:00	849.85	873.75	798.95	799.95	5769
25.02.2020 00:00	799.85	799.85	759.95	763.2	2812
26.02.2020 00:00	765.0500000000001	765.0500000000001	731.25	752.35	5149
27.02.2020 00:00	740.45	758.85	736.25	737.95	1967
28.02.2020 00:00	724.95	743.85	693.0500000000001	720.95	4766
02.03.2020 00:00	739.5500000000001	739.7	716.2	727.95	4377
03.03.2020 00:00	778.95	778.95	722.25	739.7	2004
04.03.2020 00:00	739.95	744.95	723.7	735.95	799
05.03.2020 00:00	731.2	747.85	718.95	720.25	1597
06.03.2020 00:00	723.95	723.95	655.75	679.85	5244
10.03.2020 00:00	607.5500000000001	667.95	590.45	630.5500000000001	6515
11.03.2020 00:00	639.95	668.95	619.95	630.0500000000001	1074
12.03.2020 00:00	610.0500000000001	639.95	524.95	572.75	9107
13.03.2020 00:00	569.95	628.95	518.25	589.95	4936
16.03.2020 00:00	579.95	589.85	531.35	563.95	3107
17.03.2020 00:00	564.95	593.85	540.95	566.25	4909
18.03.2020 00:00	535.2	584.5500000000001	529.85	540.75	7489
19.03.2020 00:00	549.75	549.95	526.0500000000001	542.2	2722
20.03.2020 00:00	544.85	579.85	544.85	562.75	18319
23.03.2020 00:00	589.95	589.95	527.0500000000001	558.75	10228
24.03.2020 00:00	578.85	581.95	557.5500000000001	577.85	14447
25.03.2020 00:00	588.95	668.85	537.95	586.5500000000001	43429
26.03.2020 00:00	619.95	619.95	559.95	581.75	8881
27.03.2020 00:00	570.95	576.95	559.95	561.95	14788
30.03.2020 00:00	563.95	563.95	548.5500000000001	552.95	18208
31.03.2020 00:00	555.95	555.95	545.5500000000001	551.35	25988
01.04.2020 00:00	549.95	552.0500000000001	547.95	551.85	33513
02.04.2020 00:00	556.95	556.95	529.95	550.45	26439
03.04.2020 00:00	549.0500000000001	551.45	545.85	547.95	62079
06.04.2020 00:00	548.2	553.0500000000001	548.2	550.7	41318
07.04.2020 00:00	551.85	558.85	550.95	555.7	55287
08.04.2020 00:00	559.85	569.85	553.45	568.75	39116
09.04.2020 00:00	569.75	569.75	554.45	559.5500000000001	43993
10.04.2020 00:00	564.75	564.95	550.95	553.75	17097
13.04.2020 00:00	553.95	553.95	548.95	549.45	46972
14.04.2020 00:00	552.75	562.7	548.95	556.95	24969
15.04.2020 00:00	556.95	561.85	544.95	561.2	80063
16.04.2020 00:00	558.5500000000001	572.5500000000001	556.25	572.0500000000001	36359
17.04.2020 00:00	572.95	572.95	559.35	571.95	33685
20.04.2020 00:00	569.75	571.2	565.0500000000001	568.85	6109
21.04.2020 00:00	565.2	565.25	551.95	555.35	14806
22.04.2020 00:00	555.95	579.2	554.0500000000001	576.95	21777
23.04.2020 00:00	577.95	598.95	576.75	597.0500000000001	39003
24.04.2020 00:00	596.7	629.7	596.7	621.2	46545
27.04.2020 00:00	624.85	678.95	615.85	659.95	49044
28.04.2020 00:00	664.85	670.2	635.2	635.95	11460
29.04.2020 00:00	635.0500000000001	644.95	621.2	628.45	11366
30.04.2020 00:00	626.5500000000001	637.95	619.95	619.95	18188
04.05.2020 00:00	644.45	669.45	624.95	654.95	48823
05.05.2020 00:00	664.45	664.45	647.95	647.95	6689
06.05.2020 00:00	650.45	650.45	643.45	643.45	2150
07.05.2020 00:00	642.95	644.45	629.95	636.45	10882
08.05.2020 00:00	630.45	636.95	629.95	629.95	2501
12.05.2020 00:00	630.95	631.95	620.45	620.45	3813
13.05.2020 00:00	619.95	622.45	607.95	614.95	23331
14.05.2020 00:00	610.45	616.45	604.45	606.95	14182
15.05.2020 00:00	607.95	608.45	597.95	601.45	14266
18.05.2020 00:00	600.45	609.95	600.45	604.95	9304
19.05.2020 00:00	612.95	612.95	597.45	599.95	7363
20.05.2020 00:00	614.95	619.95	597.45	604.95	31064
21.05.2020 00:00	609.45	609.45	598.95	600.95	5091
22.05.2020 00:00	597.95	600.45	586.95	593.95	53714
25.05.2020 00:00	604.45	618.95	595.45	615.95	39723
26.05.2020 00:00	616.95	622.95	611.95	611.95	39333
27.05.2020 00:00	610.45	613.45	607.45	612.45	116099
28.05.2020 00:00	613.95	620.95	612.45	619.95	22436
29.05.2020 00:00	619.45	620.95	614.95	617.95	48116
01.06.2020 00:00	614.95	621.95	613.45	621.95	27574
02.06.2020 00:00	621.95	629.95	621.45	626.45	19019
03.06.2020 00:00	624.95	628.95	620.95	621.45	14042
04.06.2020 00:00	620.45	621.45	579.95	592.95	125388
05.06.2020 00:00	599.45	610.95	599.45	608.95	8688
08.06.2020 00:00	610.95	616.45	609.45	610.95	7047
09.06.2020 00:00	609.95	619.95	598.95	617.95	39166
10.06.2020 00:00	619.45	620.95	612.95	620.95	21047
11.06.2020 00:00	615.45	615.45	597.95	602.95	14335
15.06.2020 00:00	604.45	609.45	588.45	600.45	11269
16.06.2020 00:00	604.45	607.95	602.95	603.95	8936
17.06.2020 00:00	604.95	609.45	604.45	604.45	2902
18.06.2020 00:00	603.95	604.95	598.95	604.45	3761
19.06.2020 00:00	609.45	609.45	602.95	604.95	5468
22.06.2020 00:00	601.95	603.95	596.45	597.95	23775
23.06.2020 00:00	599.45	600.95	591.45	599.45	9247
25.06.2020 00:00	595.45	596.45	580.95	584.95	25572
26.06.2020 00:00	588.95	597.95	586.45	591.95	34399
29.06.2020 00:00	590.95	596.45	584.95	595.95	17473
30.06.2020 00:00	597.45	597.45	579.45	585.45	91537
02.07.2020 00:00	589.45	593.45	587.95	589.95	4040
03.07.2020 00:00	591.45	593.45	590.45	591.95	3571
06.07.2020 00:00	594.45	603.95	586.95	587.45	12307
07.07.2020 00:00	587.95	594.45	582.95	588.95	15968
08.07.2020 00:00	586.45	589.95	584.95	587.45	5755
09.07.2020 00:00	587.45	593.95	581.45	583.45	5535
10.07.2020 00:00	585.95	586.45	582.45	586.45	4912
13.07.2020 00:00	588.95	590.45	578.45	579.45	8669
14.07.2020 00:00	577.95	590.95	577.95	590.45	26111
15.07.2020 00:00	594.45	595.95	585.45	587.45	9792
16.07.2020 00:00	586.45	589.95	584.45	589.95	2044
17.07.2020 00:00	591.95	599.45	587.95	596.95	13463
20.07.2020 00:00	600.95	603.95	590.45	591.45	34505
21.07.2020 00:00	591.45	598.45	590.45	592.45	46044
22.07.2020 00:00	594.45	632.95	594.45	631.95	95441
23.07.2020 00:00	631.95	664.95	631.95	662.45	92298
24.07.2020 00:00	660.45	689.95	640.95	685.45	53485
27.07.2020 00:00	685.95	746.45	660.45	731.45	67673
28.07.2020 00:00	743.95	749.45	679.95	747.45	94764
29.07.2020 00:00	754.45	754.95	732.95	743.95	67566
30.07.2020 00:00	759.95	759.95	733.45	750.95	72664
31.07.2020 00:00	758.45	762.45	748.45	752.45	73313
03.08.2020 00:00	753.45	758.45	734.95	734.95	19767
04.08.2020 00:00	733.45	733.45	703.45	704.45	32846
05.08.2020 00:00	709.45	723.95	701.95	706.95	36619
06.08.2020 00:00	704.95	708.45	684.95	687.45	27269
07.08.2020 00:00	683.45	693.45	683.45	692.95	9908
10.08.2020 00:00	693.45	700.45	683.95	685.45	15035
11.08.2020 00:00	689.45	690.45	684.95	687.45	13649
12.08.2020 00:00	685.45	691.45	675.45	677.45	18637
13.08.2020 00:00	676.45	680.95	666.45	669.95	20849
14.08.2020 00:00	674.45	676.45	665.95	669.95	7179
17.08.2020 00:00	673.95	677.95	668.45	668.45	17417
18.08.2020 00:00	674.45	676.45	660.95	661.95	15306
19.08.2020 00:00	662.95	671.45	659.95	669.95	12894
20.08.2020 00:00	666.95	671.95	665.45	665.95	12809
21.08.2020 00:00	665.45	681.95	665.45	671.95	22917
24.08.2020 00:00	677.95	708.45	665.45	699.95	65862
25.08.2020 00:00	706.95	724.45	696.95	702.45	29500
26.08.2020 00:00	699.95	704.45	688.45	694.95	17388
27.08.2020 00:00	699.45	699.45	678.45	684.45	18555
28.08.2020 00:00	689.45	699.45	672.45	687.95	15180
31.08.2020 00:00	685.95	698.45	685.95	689.95	6789
01.09.2020 00:00	690.95	692.45	681.95	684.95	18498
02.09.2020 00:00	682.45	687.95	668.95	669.95	24320
03.09.2020 00:00	678.95	681.45	664.95	667.45	28591
04.09.2020 00:00	665.45	666.45	656.95	658.95	23522
07.09.2020 00:00	655.95	674.45	655.45	661.95	9379
08.09.2020 00:00	663.95	663.95	647.95	650.45	9145
09.09.2020 00:00	646.45	649.95	642.45	643.95	8112
10.09.2020 00:00	662.45	662.45	636.95	640.45	12654
11.09.2020 00:00	646.45	646.95	637.45	644.45	7576
14.09.2020 00:00	646.95	656.95	638.95	650.45	24432
15.09.2020 00:00	654.45	676.95	651.95	670.95	42253
16.09.2020 00:00	669.95	674.45	664.95	666.95	9825
17.09.2020 00:00	664.95	674.45	659.95	669.45	8737
18.09.2020 00:00	674.45	674.45	653.45	660.95	21142
21.09.2020 00:00	658.95	660.45	649.45	650.95	14811
22.09.2020 00:00	650.45	688.95	649.95	686.95	64862
23.09.2020 00:00	688.45	692.45	670.95	689.95	28339
24.09.2020 00:00	683.95	699.95	683.95	697.45	36511
25.09.2020 00:00	691.45	700.95	690.45	699.95	79721
28.09.2020 00:00	696.95	706.45	695.45	702.95	203671
29.09.2020 00:00	701.45	706.95	699.95	701.45	19882
30.09.2020 00:00	703.95	882.45	698.95	706.95	76003
01.10.2020 00:00	708.45	710.45	700.95	701.95	14043
02.10.2020 00:00	700.95	708.45	696.95	705.95	26750
05.10.2020 00:00	701.45	712.95	701.45	710.95	11333
06.10.2020 00:00	711.95	716.95	703.95	704.95	9263
07.10.2020 00:00	700.45	706.45	694.95	704.95	213666
08.10.2020 00:00	704.95	708.95	699.45	699.95	4755
09.10.2020 00:00	699.95	699.95	689.95	693.95	6513
12.10.2020 00:00	699.45	703.95	692.95	695.95	4986
13.10.2020 00:00	697.95	698.95	694.95	697.45	7356
14.10.2020 00:00	699.45	706.95	691.95	704.95	201330
15.10.2020 00:00	709.45	709.45	697.95	702.45	6296
16.10.2020 00:00	703.45	704.95	696.45	704.45	22670
19.10.2020 00:00	708.95	724.45	702.95	716.45	53658
20.10.2020 00:00	715.45	724.45	711.95	712.95	55953
21.10.2020 00:00	719.45	722.95	707.95	708.45	25873
22.10.2020 00:00	714.45	714.45	690.45	699.45	52239
23.10.2020 00:00	703.95	705.95	693.45	694.45	7462
26.10.2020 00:00	699.45	703.95	693.45	698.45	22025
27.10.2020 00:00	704.45	704.45	686.45	686.45	17775
28.10.2020 00:00	693.95	693.95	630.45	638.95	123366
29.10.2020 00:00	638.95	659.95	638.95	656.45	22392
30.10.2020 00:00	655.95	659.95	649.95	659.95	10178
02.11.2020 00:00	659.95	671.95	659.95	670.95	32091
03.11.2020 00:00	674.45	681.45	670.45	677.95	19100
05.11.2020 00:00	682.95	694.95	677.45	693.95	13161
06.11.2020 00:00	690.45	703.95	686.95	696.95	9947
09.11.2020 00:00	700.95	707.45	695.95	700.95	24010
10.11.2020 00:00	704.95	705.95	691.95	691.95	23157
11.11.2020 00:00	690.95	699.95	690.95	695.45	4860
12.11.2020 00:00	690.45	698.95	690.45	696.95	4697
13.11.2020 00:00	698.45	702.45	691.45	696.45	20461
16.11.2020 00:00	699.45	707.45	698.95	702.45	18379
17.11.2020 00:00	704.45	706.45	692.95	693.95	8555
18.11.2020 00:00	693.45	704.45	691.95	698.95	40204
19.11.2020 00:00	695.45	718.45	693.95	705.45	107406
20.11.2020 00:00	705.95	713.45	703.95	704.95	38279
23.11.2020 00:00	709.95	727.45	690.95	708.95	59766
24.11.2020 00:00	709.45	716.95	702.95	716.45	26214
25.11.2020 00:00	721.95	736.95	715.95	735.45	98796
26.11.2020 00:00	738.95	738.95	729.45	731.45	29610
27.11.2020 00:00	730.45	734.95	725.45	726.95	19910
30.11.2020 00:00	725.95	732.95	719.95	723.45	22860
01.12.2020 00:00	729.45	755.95	724.45	754.95	208841
02.12.2020 00:00	755.95	779.95	739.95	777.95	97717
03.12.2020 00:00	777.95	777.95	755.95	763.45	63449
04.12.2020 00:00	767.45	776.95	763.95	773.95	37534
07.12.2020 00:00	770.95	775.95	754.95	769.95	44112
08.12.2020 00:00	765.45	776.95	761.45	766.95	12060
09.12.2020 00:00	773.95	784.95	767.45	777.95	32280
10.12.2020 00:00	783.95	788.95	773.95	783.95	11943
11.12.2020 00:00	793.95	793.95	782.45	788.45	12001
14.12.2020 00:00	788.95	800.45	788.95	790.45	115490
15.12.2020 00:00	789.95	790.45	759.45	789.95	23918
16.12.2020 00:00	788.95	788.95	776.45	779.95	18557
17.12.2020 00:00	781.95	789.45	739.95	750.95	37035
18.12.2020 00:00	750.95	764.95	730.45	730.95	59224
21.12.2020 00:00	734.45	744.95	695.95	695.95	31195
22.12.2020 00:00	695.45	734.95	695.45	734.45	76385
23.12.2020 00:00	730.45	733.95	709.95	729.45	17403
24.12.2020 00:00	729.95	757.45	721.95	754.95	30068
25.12.2020 00:00	750.45	759.45	750.45	755.95	4455
28.12.2020 00:00	755.95	755.95	741.45	747.95	8384
29.12.2020 00:00	754.45	778.95	749.95	777.95	34871
30.12.2020 00:00	771.95	776.45	769.95	769.95	4774
04.01.2021 00:00	774.45	777.45	767.95	770.45	12599
05.01.2021 00:00	771.95	786.95	761.45	783.45	16997
06.01.2021 00:00	780.95	803.45	780.95	799.95	33290
08.01.2021 00:00	811.95	827.45	798.45	827.45	24606
11.01.2021 00:00	824.95	854.45	800.45	836.95	23963
12.01.2021 00:00	838.95	854.95	820.45	838.95	20892
13.01.2021 00:00	840.45	867.95	811.95	813.45	12126
14.01.2021 00:00	819.45	833.95	809.95	812.45	9604
15.01.2021 00:00	814.45	824.45	790.95	793.95	11362
18.01.2021 00:00	799.45	820.95	799.45	815.95	15250
19.01.2021 00:00	819.45	828.95	790.95	795.45	18464
20.01.2021 00:00	799.45	818.95	795.95	798.45	6815
21.01.2021 00:00	832.95	832.95	778.95	782.45	7923
22.01.2021 00:00	784.45	788.95	744.45	755.45	21308
25.01.2021 00:00	761.95	779.95	761.95	772.45	9974
26.01.2021 00:00	771.95	771.95	762.95	770.95	4708
27.01.2021 00:00	773.45	786.45	762.95	771.45	16831
28.01.2021 00:00	765.45	774.45	749.95	772.95	10143
29.01.2021 00:00	774.95	774.95	759.95	762.45	7960
01.02.2021 00:00	765.45	765.95	724.95	758.95	21378
02.02.2021 00:00	759.95	761.45	742.95	742.95	34816
03.02.2021 00:00	749.45	752.45	737.45	740.95	19652
04.02.2021 00:00	740.95	750.45	740.95	743.95	18259
05.02.2021 00:00	741.95	752.95	741.95	746.95	9906
08.02.2021 00:00	751.95	769.95	747.95	762.95	23948
09.02.2021 00:00	769.45	789.95	742.45	761.95	55238
10.02.2021 00:00	763.45	784.45	753.45	780.95	50158
11.02.2021 00:00	780.95	784.45	771.45	783.95	32716
12.02.2021 00:00	775.45	779.95	758.45	768.95	16865
15.02.2021 00:00	774.45	795.95	766.45	771.95	17481
16.02.2021 00:00	774.95	779.45	747.45	754.95	41759
17.02.2021 00:00	774.95	777.95	756.95	760.45	20385
18.02.2021 00:00	764.45	773.95	758.45	759.95	27425
19.02.2021 00:00	764.45	767.95	753.45	761.45	25717
20.02.2021 00:00	770.45	772.45	763.45	765.45	33686
22.02.2021 00:00	774.45	774.45	764.95	765.95	32563
24.02.2021 00:00	761.95	763.95	728.45	752.45	32980
25.02.2021 00:00	761.95	761.95	753.45	756.95	13560
26.02.2021 00:00	749.95	749.95	738.95	743.95	14909
01.03.2021 00:00	745.95	755.95	744.95	749.45	7664
02.03.2021 00:00	749.45	752.95	735.45	745.45	13535
03.03.2021 00:00	748.95	754.95	742.95	750.95	10646
04.03.2021 00:00	747.45	747.95	738.45	744.45	7560
05.03.2021 00:00	749.95	749.95	737.45	747.95	6141
09.03.2021 00:00	745.45	755.45	740.95	752.45	11079
10.03.2021 00:00	759.45	772.95	740.95	771.95	18881
11.03.2021 00:00	774.95	798.95	774.45	798.95	41712
12.03.2021 00:00	799.95	804.45	792.95	794.95	19246
15.03.2021 00:00	799.95	822.95	795.45	821.45	33083
16.03.2021 00:00	827.95	827.95	779.95	800.95	44624
17.03.2021 00:00	794.95	799.45	784.45	788.45	18743
18.03.2021 00:00	790.45	809.45	788.95	794.45	44005
19.03.2021 00:00	785.95	801.95	785.95	797.95	17743
22.03.2021 00:00	809.95	812.95	801.95	804.95	18178
23.03.2021 00:00	806.95	852.45	798.95	831.95	77103
24.03.2021 00:00	839.45	842.45	799.95	799.95	37345
25.03.2021 00:00	804.45	814.45	759.95	769.95	81560
26.03.2021 00:00	780.95	799.95	780.95	792.45	26644
29.03.2021 00:00	790.45	817.95	783.45	807.95	83541
30.03.2021 00:00	808.45	834.95	805.95	820.45	70974
31.03.2021 00:00	822.95	837.95	809.95	818.45	98064
01.04.2021 00:00	824.45	826.95	809.45	809.95	32201
02.04.2021 00:00	814.45	831.95	814.45	826.45	47320
05.04.2021 00:00	825.45	864.95	817.95	837.95	205726
06.04.2021 00:00	839.95	858.95	798.45	817.95	131264
07.04.2021 00:00	826.45	859.95	821.95	841.95	97785
08.04.2021 00:00	840.95	854.45	840.95	847.45	30891
09.04.2021 00:00	849.45	853.95	838.45	838.45	32672
12.04.2021 00:00	834.95	862.45	821.45	859.95	156098
13.04.2021 00:00	867.95	896.95	844.95	857.95	116833
14.04.2021 00:00	854.95	884.95	854.45	881.45	65571
15.04.2021 00:00	869.95	896.95	837.95	861.45	122838
16.04.2021 00:00	862.45	918.95	862.45	904.95	173619
19.04.2021 00:00	912.45	939.45	899.95	906.45	75923
20.04.2021 00:00	906.45	924.45	890.95	900.45	40966
21.04.2021 00:00	910.95	932.95	900.95	919.95	28511
22.04.2021 00:00	909.95	918.45	899.95	899.95	51710
23.04.2021 00:00	900.45	917.45	899.95	906.45	21580
26.04.2021 00:00	904.45	913.45	899.95	902.95	29869
27.04.2021 00:00	904.45	909.95	889.95	890.45	55851
28.04.2021 00:00	892.45	893.45	879.45	879.45	22685
29.04.2021 00:00	884.95	891.95	874.95	876.95	19162
30.04.2021 00:00	894.45	894.45	859.95	859.95	43102
04.05.2021 00:00	871.95	899.95	870.95	883.95	63809
05.05.2021 00:00	889.45	899.95	889.45	893.45	16693
06.05.2021 00:00	899.45	928.45	894.45	920.45	40662
07.05.2021 00:00	922.95	939.95	917.45	924.45	62029
10.05.2021 00:00	923.95	966.95	920.45	961.95	42609
11.05.2021 00:00	959.95	968.95	940.45	947.45	59932
12.05.2021 00:00	964.45	965.95	950.45	950.95	80117
13.05.2021 00:00	947.45	952.95	931.45	940.95	48074
14.05.2021 00:00	949.95	973.95	947.45	950.45	61468
17.05.2021 00:00	952.45	965.95	940.45	963.45	36414
18.05.2021 00:00	954.45	982.45	929.95	934.95	156230
19.05.2021 00:00	935.95	938.95	886.45	890.95	60541
20.05.2021 00:00	899.95	911.45	880.45	897.45	93918
21.05.2021 00:00	894.95	906.95	890.45	898.95	72008
24.05.2021 00:00	896.45	910.45	885.95	889.45	42862
25.05.2021 00:00	889.95	903.45	887.45	890.45	32766
26.05.2021 00:00	890.95	907.95	875.95	880.95	41702
27.05.2021 00:00	881.95	889.95	876.95	880.45	72776
28.05.2021 00:00	889.95	899.95	879.95	882.45	52064
31.05.2021 00:00	891.95	914.45	890.45	904.95	44306
01.06.2021 00:00	908.45	911.45	880.95	893.45	80192
02.06.2021 00:00	895.45	903.45	890.45	901.45	38824
03.06.2021 00:00	901.95	906.95	881.95	885.95	154595
04.06.2021 00:00	890.95	895.45	869.95	876.95	98654
07.06.2021 00:00	886.45	891.45	877.95	886.95	70408
08.06.2021 00:00	894.45	906.95	884.95	893.45	174161
09.06.2021 00:00	899.95	899.95	878.45	881.95	113253
10.06.2021 00:00	894.95	894.95	880.45	885.95	57229
11.06.2021 00:00	886.45	892.95	884.95	884.95	55579
14.06.2021 00:00	884.95	894.95	884.95	886.95	25394
15.06.2021 00:00	884.95	886.95	877.95	877.95	36643
16.06.2021 00:00	876.95	883.45	875.95	877.45	20916
17.06.2021 00:00	878.95	879.45	855.45	869.95	105002
18.06.2021 00:00	876.45	876.45	859.95	860.45	33553
21.06.2021 00:00	866.95	881.95	847.95	866.95	38960
22.06.2021 00:00	887.95	887.95	867.45	877.45	28535
23.06.2021 00:00	878.45	893.45	869.95	889.95	385053
24.06.2021 00:00	894.95	897.95	837.95	854.95	519817
25.06.2021 00:00	859.95	859.95	836.95	840.45	73455
28.06.2021 00:00	840.95	850.95	816.95	824.95	97806
29.06.2021 00:00	828.95	834.95	792.45	794.95	198504
30.06.2021 00:00	794.95	807.45	769.45	788.45	354569
01.07.2021 00:00	789.95	806.45	779.95	788.45	77420
02.07.2021 00:00	796.95	829.45	785.45	809.95	60072
05.07.2021 00:00	806.95	830.95	806.95	829.95	58543
06.07.2021 00:00	834.45	834.45	796.45	799.95	44968
07.07.2021 00:00	802.95	817.95	802.95	804.45	39863
08.07.2021 00:00	806.95	806.95	782.45	793.45	52712
09.07.2021 00:00	802.45	806.95	795.95	797.45	36124
12.07.2021 00:00	806.95	806.95	796.45	799.95	24476
13.07.2021 00:00	804.45	806.45	791.45	792.95	40584
14.07.2021 00:00	792.95	804.45	791.45	792.95	23301
15.07.2021 00:00	802.45	802.45	778.45	779.95	46435
16.07.2021 00:00	779.95	791.95	778.95	788.95	100775
19.07.2021 00:00	790.95	791.45	748.95	757.45	168456
20.07.2021 00:00	762.95	764.95	745.45	754.45	50182
21.07.2021 00:00	761.95	766.95	758.45	759.45	20375
22.07.2021 00:00	764.95	764.95	754.95	756.95	61784
23.07.2021 00:00	759.45	774.95	757.45	761.95	52420
26.07.2021 00:00	756.95	763.95	747.45	749.95	51821
27.07.2021 00:00	749.95	763.45	736.95	737.95	74004
28.07.2021 00:00	739.95	750.45	727.95	729.95	241237
29.07.2021 00:00	733.95	739.45	728.45	736.45	353244
30.07.2021 00:00	737.95	750.95	734.95	742.45	333936
02.08.2021 00:00	749.95	761.45	729.95	739.95	228845
03.08.2021 00:00	740.95	743.45	727.95	732.95	102499
04.08.2021 00:00	742.45	742.45	728.45	735.45	84709
05.08.2021 00:00	735.45	740.45	731.45	734.95	62500
06.08.2021 00:00	741.95	741.95	721.95	721.95	75917
09.08.2021 00:00	728.95	738.95	725.95	728.95	107782
10.08.2021 00:00	728.95	736.45	725.95	728.95	134743
11.08.2021 00:00	729.95	732.95	714.95	723.45	158492
12.08.2021 00:00	723.45	729.45	721.95	724.45	55933
13.08.2021 00:00	724.45	748.95	716.95	733.45	178103
16.08.2021 00:00	732.45	734.95	721.95	731.45	66854
17.08.2021 00:00	727.95	733.45	722.45	723.45	73764
18.08.2021 00:00	724.45	739.95	713.95	738.95	137921
19.08.2021 00:00	739.95	748.95	722.95	724.95	95136
20.08.2021 00:00	729.95	729.95	718.45	721.45	43758
23.08.2021 00:00	728.45	732.45	721.95	727.95	75345
24.08.2021 00:00	727.95	738.95	722.95	726.95	95410
25.08.2021 00:00	729.45	732.95	722.45	727.95	49955
26.08.2021 00:00	732.45	736.95	724.95	727.45	102198
27.08.2021 00:00	735.95	735.95	726.95	730.95	88261
30.08.2021 00:00	734.45	739.95	724.45	737.45	112680
31.08.2021 00:00	739.95	762.45	739.95	739.95	365946
01.09.2021 00:00	749.45	751.95	742.95	744.95	216203
02.09.2021 00:00	749.45	794.95	739.95	754.95	1152863
03.09.2021 00:00	759.95	779.45	751.95	770.45	815725
06.09.2021 00:00	788.45	797.95	769.95	780.45	1195896
07.09.2021 00:00	784.95	826.95	780.45	813.95	611856
08.09.2021 00:00	823.95	866.45	817.45	851.95	754018
09.09.2021 00:00	877.95	878.95	825.45	837.95	405372
10.09.2021 00:00	826.95	852.95	826.95	842.45	370970
13.09.2021 00:00	856.95	864.95	833.95	835.45	421213
14.09.2021 00:00	835.95	844.95	794.45	805.45	458955
15.09.2021 00:00	806.45	823.45	788.95	795.95	228977
16.09.2021 00:00	801.95	803.95	773.45	774.95	195145
17.09.2021 00:00	774.95	812.95	772.95	800.95	253651
20.09.2021 00:00	786.45	794.45	773.45	780.95	238656
21.09.2021 00:00	780.95	810.45	780.95	794.45	163310
22.09.2021 00:00	800.95	825.45	800.95	814.95	209186
23.09.2021 00:00	829.45	829.95	810.95	814.95	143362
24.09.2021 00:00	810.45	812.95	790.95	793.45	89581
27.09.2021 00:00	799.95	821.45	787.95	818.45	241704
28.09.2021 00:00	824.95	839.45	802.95	813.45	357344
29.09.2021 00:00	814.95	829.45	813.45	823.45	222426
30.09.2021 00:00	829.45	834.45	823.95	825.95	125685
01.10.2021 00:00	825.95	829.95	809.95	826.95	148510
04.10.2021 00:00	836.95	843.45	824.95	835.95	266366
05.10.2021 00:00	848.45	848.95	831.95	834.45	413099
06.10.2021 00:00	844.95	848.45	828.95	831.95	171266
07.10.2021 00:00	839.45	844.95	820.95	832.95	455956
08.10.2021 00:00	836.95	839.45	827.45	829.95	663728
11.10.2021 00:00	837.95	874.95	835.45	856.95	1157407
12.10.2021 00:00	855.95	944.95	851.95	907.45	640248
13.10.2021 00:00	917.45	934.95	889.95	891.95	388292
14.10.2021 00:00	894.95	964.95	894.95	944.95	838992
15.10.2021 00:00	959.45	977.95	945.95	967.45	620367
18.10.2021 00:00	976.95	992.95	958.45	966.95	430334
19.10.2021 00:00	970.95	985.95	921.45	929.95	681281
20.10.2021 00:00	929.95	975.95	916.45	973.45	420087
21.10.2021 00:00	975.95	975.95	929.95	935.45	327628
22.10.2021 00:00	929.95	959.95	918.95	936.45	294776
25.10.2021 00:00	947.95	973.95	931.45	969.45	304417
26.10.2021 00:00	969.45	981.45	950.95	959.95	279924
27.10.2021 00:00	954.95	961.45	914.95	922.45	268645
28.10.2021 00:00	861.45	909.45	861.45	891.45	505679
29.10.2021 00:00	894.45	903.95	869.95	869.95	228343
01.11.2021 00:00	879.95	923.95	870.45	910.45	367832
02.11.2021 00:00	915.45	930.95	867.45	867.45	306545
03.11.2021 00:00	864.95	876.95	844.95	849.95	572762
05.11.2021 00:00	841.45	842.95	819.95	820.95	363275
08.11.2021 00:00	822.45	858.95	821.95	840.95	238270
09.11.2021 00:00	831.95	883.45	831.45	857.95	542707
10.11.2021 00:00	862.95	900.95	857.95	895.95	471232
11.11.2021 00:00	879.95	909.95	870.95	879.95	258959
12.11.2021 00:00	882.95	909.45	864.95	894.45	419928
15.11.2021 00:00	892.45	897.95	878.45	879.45	201533
16.11.2021 00:00	883.95	891.45	874.95	880.45	145490
17.11.2021 00:00	884.45	891.95	858.95	875.95	174053
18.11.2021 00:00	874.45	878.45	839.45	845.45	142155
19.11.2021 00:00	849.95	864.95	796.95	813.45	436961
22.11.2021 00:00	815.45	823.45	754.95	789.45	628959
23.11.2021 00:00	783.45	829.95	766.45	824.45	354611
24.11.2021 00:00	829.45	866.95	815.95	828.95	180657
25.11.2021 00:00	820.45	849.95	820.45	843.45	113115
26.11.2021 00:00	826.95	838.45	789.95	809.95	247786
29.11.2021 00:00	828.95	844.95	811.45	832.95	103995
30.11.2021 00:00	825.45	856.95	815.95	840.45	246485
01.12.2021 00:00	840.45	885.95	834.95	881.95	205774
02.12.2021 00:00	865.45	893.95	850.45	872.45	135404
03.12.2021 00:00	879.45	883.45	849.95	853.45	85669
06.12.2021 00:00	843.45	858.95	812.95	828.95	127739
07.12.2021 00:00	816.95	853.95	816.95	852.95	144818
08.12.2021 00:00	854.95	869.45	818.95	829.95	148872
09.12.2021 00:00	830.45	846.45	823.45	826.95	100021
10.12.2021 00:00	826.95	828.95	804.95	811.95	99186
13.12.2021 00:00	814.95	827.95	778.95	786.95	235896
14.12.2021 00:00	774.95	809.95	774.95	786.95	287005
15.12.2021 00:00	804.45	804.45	779.95	795.95	146921
16.12.2021 00:00	801.95	834.95	796.45	834.95	511958
17.12.2021 00:00	816.45	845.95	804.95	836.45	196203
20.12.2021 00:00	830.95	840.45	811.95	831.95	181052
21.12.2021 00:00	839.95	863.95	820.45	829.95	240780
22.12.2021 00:00	835.45	848.95	825.45	828.45	288777
23.12.2021 00:00	830.45	842.45	821.45	833.45	177476
24.12.2021 00:00	836.45	837.95	825.95	830.95	101581
27.12.2021 00:00	837.95	846.45	831.95	842.95	126058
28.12.2021 00:00	835.45	878.95	831.95	874.95	194195
29.12.2021 00:00	870.45	875.95	851.95	868.95	148236
30.12.2021 00:00	871.45	902.45	869.95	885.45	158109
03.01.2022 00:00	894.45	921.95	885.45	917.95	335637
04.01.2022 00:00	909.95	938.95	899.95	915.45	179706
05.01.2022 00:00	917.95	936.95	885.95	895.95	416426
06.01.2022 00:00	899.45	931.95	872.95	929.95	210777
10.01.2022 00:00	939.95	969.95	930.45	946.45	491309
11.01.2022 00:00	954.45	959.45	920.45	958.45	219760
12.01.2022 00:00	954.45	973.45	940.45	965.45	417936
13.01.2022 00:00	969.45	980.45	920.95	941.95	832416
14.01.2022 00:00	934.45	963.95	878.45	921.95	1182923
17.01.2022 00:00	939.95	939.95	890.45	915.45	594388
18.01.2022 00:00	919.45	919.95	835.95	867.95	1218714
19.01.2022 00:00	866.95	924.45	799.95	911.45	1234564
20.01.2022 00:00	905.95	939.95	888.95	904.95	756374
21.01.2022 00:00	919.95	925.45	886.45	902.95	361861
24.01.2022 00:00	906.95	907.45	819.95	879.45	1956656
25.01.2022 00:00	879.95	895.45	847.95	882.45	732304
26.01.2022 00:00	882.95	906.95	852.45	870.95	736945
27.01.2022 00:00	874.95	919.95	835.45	907.95	557162
28.01.2022 00:00	889.95	927.95	889.95	898.95	234798
31.01.2022 00:00	903.95	924.45	888.45	907.45	280524
01.02.2022 00:00	919.95	919.95	876.95	886.95	316368
02.02.2022 00:00	889.95	907.45	858.45	868.45	329343
03.02.2022 00:00	860.95	877.45	844.95	863.45	269803
04.02.2022 00:00	870.95	872.95	850.45	866.95	279025
07.02.2022 00:00	867.45	873.45	857.95	870.95	273828
08.02.2022 00:00	871.45	924.95	859.95	919.95	517098
09.02.2022 00:00	919.95	964.45	912.95	954.95	369598
10.02.2022 00:00	950.95	989.95	930.95	968.95	654646
11.02.2022 00:00	965.45	965.45	894.95	913.95	499140
14.02.2022 00:00	901.95	972.95	883.45	956.95	339496
15.02.2022 00:00	956.95	991.95	941.45	974.95	296452
16.02.2022 00:00	986.95	1010.95	971.95	997.95	617571
17.02.2022 00:00	999.95	999.95	947.95	958.95	293023
18.02.2022 00:00	973.95	996.95	911.95	926.95	349159
21.02.2022 00:00	924.95	958.95	709.45	815.95	1169876
22.02.2022 00:00	812.45	869.95	717.95	850.45	1191656
24.02.2022 00:00	762.45	762.45	316.95000000000005	649.95	1916403
25.02.2022 00:00	547.95	747.95	547.95	640.95	714450
24.03.2022 00:00	653.95	769.95	652.95	657.95	439484
25.03.2022 00:00	661.45	699.95	601.45	606.45	245542
28.03.2022 00:00	619.95	628.45	556.45	599.95	161473
29.03.2022 00:00	599.95	634.45	564.95	590.45	465917
30.03.2022 00:00	625.45	708.95	594.95	678.95	216333
31.03.2022 00:00	724.45	799.95	691.95	781.95	593504
01.04.2022 00:00	794.95	809.95	749.45	786.95	304699
04.04.2022 00:00	808.95	814.45	759.95	799.45	231808
05.04.2022 00:00	780.45	806.45	759.95	780.95	186633
06.04.2022 00:00	783.45	804.95	757.95	787.95	141565
07.04.2022 00:00	789.95	797.95	776.95	778.95	61576
08.04.2022 00:00	784.95	798.45	719.95	761.45	117056
11.04.2022 00:00	764.95	791.95	758.45	758.45	63713
12.04.2022 00:00	755.95	764.95	703.45	761.95	117969
13.04.2022 00:00	756.95	765.45	739.95	750.95	48144
14.04.2022 00:00	751.95	751.95	720.95	723.45	58713
15.04.2022 00:00	720.95	750.45	688.95	741.45	72245
18.04.2022 00:00	741.95	746.95	715.95	716.95	42462
19.04.2022 00:00	714.95	714.95	661.95	695.45	177574
20.04.2022 00:00	695.95	719.95	671.95	691.45	55609
21.04.2022 00:00	709.95	709.95	687.95	700.45	52388
22.04.2022 00:00	681.45	709.95	681.45	687.95	45620
25.04.2022 00:00	688.95	689.45	648.45	650.95	99838
26.04.2022 00:00	652.95	706.45	651.45	702.45	80386
27.04.2022 00:00	705.45	729.95	700.95	723.95	68116
28.04.2022 00:00	742.45	749.45	700.95	708.95	92649
29.04.2022 00:00	721.95	729.95	706.95	714.95	50604
04.05.2022 00:00	699.95	715.95	682.45	684.95	92971
05.05.2022 00:00	684.95	695.95	680.45	684.95	55344
06.05.2022 00:00	684.95	686.45	669.95	673.95	57481
11.05.2022 00:00	667.45	684.95	635.95	644.95	199180
12.05.2022 00:00	644.95	651.95	627.45	630.45	84340
13.05.2022 00:00	630.95	638.45	613.45	625.95	109936
16.05.2022 00:00	629.95	638.95	615.45	629.95	92808
17.05.2022 00:00	630.95	651.95	614.95	649.95	235096
18.05.2022 00:00	647.95	696.95	644.45	664.95	158055
19.05.2022 00:00	666.95	673.45	649.95	654.95	52981
20.05.2022 00:00	661.95	661.95	629.95	643.45	101618
23.05.2022 00:00	640.95	645.95	604.95	611.45	124535
24.05.2022 00:00	613.45	622.95	566.95	608.45	134034
25.05.2022 00:00	619.95	622.95	586.95	604.45	106100
26.05.2022 00:00	604.45	649.95	604.45	624.95	214673
27.05.2022 00:00	631.45	648.95	622.95	636.45	129425
30.05.2022 00:00	638.95	648.95	619.95	632.45	85607
31.05.2022 00:00	632.45	632.95	610.45	614.45	64365
01.06.2022 00:00	609.95	625.95	604.95	612.95	50783
02.06.2022 00:00	619.95	633.95	604.95	609.45	69995
03.06.2022 00:00	613.45	616.45	587.45	594.45	88554
06.06.2022 00:00	589.95	600.95	568.95	575.95	79968
07.06.2022 00:00	579.45	584.45	540.45	571.95	137077
08.06.2022 00:00	574.95	602.95	574.95	587.95	84970
09.06.2022 00:00	585.95	588.45	564.95	567.95	92280
10.06.2022 00:00	567.95	578.45	550.45	556.45	103248
14.06.2022 00:00	556.45	556.45	533.45	537.95	117056
15.06.2022 00:00	539.95	546.95	529.95	534.95	159852
16.06.2022 00:00	537.95	543.95	532.45	535.95	166651
17.06.2022 00:00	536.95	540.45	523.45	530.95	112034
20.06.2022 00:00	531.95	531.95	511.45000000000005	524.45	217171
21.06.2022 00:00	525.45	534.95	520.95	524.45	135094
22.06.2022 00:00	520.95	527.45	507.95000000000005	513.95	98160
23.06.2022 00:00	516.95	516.95	499.95000000000005	513.95	105351
24.06.2022 00:00	514.45	519.95	501.95000000000005	509.45000000000005	70585
27.06.2022 00:00	510.45000000000005	526.95	507.45000000000005	520.95	109427
28.06.2022 00:00	524.95	539.95	520.95	524.45	124321
29.06.2022 00:00	529.95	531.95	507.95000000000005	511.95000000000005	80185
30.06.2022 00:00	512.95	520.45	474.95000000000005	487.45000000000005	220385
01.07.2022 00:00	487.95000000000005	493.95000000000005	463.45000000000005	489.45000000000005	186742
04.07.2022 00:00	492.45000000000005	497.95000000000005	460.45000000000005	465.95000000000005	160583
05.07.2022 00:00	512.45	582.95	491.95000000000005	492.95000000000005	907244
06.07.2022 00:00	495.95000000000005	509.45000000000005	476.95000000000005	481.45000000000005	157573
07.07.2022 00:00	489.95000000000005	491.95000000000005	470.95000000000005	485.45000000000005	76973
08.07.2022 00:00	485.45000000000005	491.95000000000005	475.95000000000005	485.45000000000005	57816
11.07.2022 00:00	485.45000000000005	491.95000000000005	464.95000000000005	467.95000000000005	84757
12.07.2022 00:00	469.95000000000005	470.45000000000005	450.45000000000005	453.95000000000005	155104
13.07.2022 00:00	455.95000000000005	462.45000000000005	424.95000000000005	428.95000000000005	198636
14.07.2022 00:00	429.95000000000005	431.95000000000005	408.45000000000005	418.45000000000005	213468
15.07.2022 00:00	421.95000000000005	424.45000000000005	406.45000000000005	423.95000000000005	105323
18.07.2022 00:00	425.95000000000005	426.45000000000005	403.95000000000005	411.95000000000005	110598
19.07.2022 00:00	413.95000000000005	415.45000000000005	388.95000000000005	391.95000000000005	191217
20.07.2022 00:00	391.95000000000005	404.95000000000005	386.45000000000005	395.95000000000005	115759
21.07.2022 00:00	397.95000000000005	403.45000000000005	379.95000000000005	396.95000000000005	85714
22.07.2022 00:00	396.95000000000005	414.95000000000005	396.95000000000005	407.95000000000005	96945
25.07.2022 00:00	409.95000000000005	425.95000000000005	404.45000000000005	424.95000000000005	68920
26.07.2022 00:00	424.95000000000005	449.95000000000005	424.95000000000005	442.95000000000005	184786
27.07.2022 00:00	447.45000000000005	468.95000000000005	442.95000000000005	446.45000000000005	107539
28.07.2022 00:00	446.95000000000005	453.95000000000005	432.45000000000005	435.95000000000005	103111
29.07.2022 00:00	438.95000000000005	452.95000000000005	433.95000000000005	442.45000000000005	78085
01.08.2022 00:00	442.95000000000005	448.45000000000005	427.95000000000005	430.95000000000005	79914
02.08.2022 00:00	430.95000000000005	432.95000000000005	409.95000000000005	412.95000000000005	73566
03.08.2022 00:00	407.95000000000005	418.45000000000005	400.95000000000005	403.95000000000005	72797
04.08.2022 00:00	407.95000000000005	413.95000000000005	401.45000000000005	408.45000000000005	35874
05.08.2022 00:00	408.95000000000005	415.45000000000005	387.95000000000005	393.95000000000005	67319
08.08.2022 00:00	409.45000000000005	409.45000000000005	397.95000000000005	400.95000000000005	57118
09.08.2022 00:00	400.95000000000005	404.45000000000005	394.45000000000005	404.45000000000005	69343
10.08.2022 00:00	405.95000000000005	419.95000000000005	399.95000000000005	415.95000000000005	112247
11.08.2022 00:00	417.95000000000005	457.95000000000005	417.45000000000005	438.95000000000005	203190
12.08.2022 00:00	439.95000000000005	447.95000000000005	421.45000000000005	436.45000000000005	82843
15.08.2022 00:00	443.95000000000005	482.45000000000005	435.95000000000005	479.95000000000005	240483
16.08.2022 00:00	480.45000000000005	488.45000000000005	464.45000000000005	472.95000000000005	160288
17.08.2022 00:00	483.95000000000005	487.95000000000005	460.95000000000005	476.45000000000005	128264
18.08.2022 00:00	478.95000000000005	482.45000000000005	456.45000000000005	463.95000000000005	160776
19.08.2022 00:00	464.95000000000005	464.95000000000005	449.95000000000005	453.95000000000005	81728
22.08.2022 00:00	457.95000000000005	493.95000000000005	452.95000000000005	488.95000000000005	211749
23.08.2022 00:00	489.95000000000005	494.95000000000005	476.45000000000005	482.95000000000005	120614
24.08.2022 00:00	485.95000000000005	487.45000000000005	462.95000000000005	468.95000000000005	111257
25.08.2022 00:00	468.95000000000005	484.45000000000005	459.95000000000005	476.95000000000005	117871
26.08.2022 00:00	479.45000000000005	483.45000000000005	471.45000000000005	483.45000000000005	53350
29.08.2022 00:00	484.95000000000005	488.45000000000005	475.45000000000005	481.45000000000005	133444
30.08.2022 00:00	494.45000000000005	524.95	493.45000000000005	502.95000000000005	454437
31.08.2022 00:00	500.45000000000005	534.45	495.45000000000005	519.45	260358
01.09.2022 00:00	520.45	534.95	514.95	525.95	170642
02.09.2022 00:00	525.45	542.95	522.45	525.95	177154
05.09.2022 00:00	530.95	530.95	514.95	523.45	108361
06.09.2022 00:00	526.45	550.45	503.95000000000005	530.45	252904
07.09.2022 00:00	526.95	537.45	521.95	525.95	64880
08.09.2022 00:00	526.95	528.45	517.95	519.95	63929
09.09.2022 00:00	522.45	547.95	511.95000000000005	539.45	175262
12.09.2022 00:00	539.45	549.95	536.45	546.95	105200
13.09.2022 00:00	546.95	546.95	536.95	538.95	58968
14.09.2022 00:00	537.45	540.45	526.95	527.95	81443
15.09.2022 00:00	527.95	533.95	519.45	526.45	86734
16.09.2022 00:00	523.95	527.95	505.45000000000005	518.95	112642
19.09.2022 00:00	514.95	514.95	489.45000000000005	495.95000000000005	251889
20.09.2022 00:00	497.45000000000005	497.45000000000005	420.95000000000005	434.95000000000005	698930
21.09.2022 00:00	386.95000000000005	436.95000000000005	348.95000000000005	418.95000000000005	418397
22.09.2022 00:00	418.95000000000005	437.95000000000005	407.95000000000005	416.45000000000005	177868
23.09.2022 00:00	418.95000000000005	418.95000000000005	380.95000000000005	391.45000000000005	156056
26.09.2022 00:00	381.45000000000005	384.45000000000005	312.95000000000005	331.45000000000005	429637
27.09.2022 00:00	347.95000000000005	377.45000000000005	320.45000000000005	372.45000000000005	227208
28.09.2022 00:00	370.45000000000005	389.95000000000005	346.45000000000005	358.45000000000005	181279
29.09.2022 00:00	362.95000000000005	363.95000000000005	328.95000000000005	351.45000000000005	311359
30.09.2022 00:00	351.95000000000005	351.95000000000005	313.45000000000005	340.95000000000005	410447
03.10.2022 00:00	342.95000000000005	379.95000000000005	339.95000000000005	375.45000000000005	250515
04.10.2022 00:00	377.95000000000005	382.95000000000005	364.45000000000005	376.95000000000005	133055
05.10.2022 00:00	373.95000000000005	377.95000000000005	344.95000000000005	363.95000000000005	283348
06.10.2022 00:00	369.95000000000005	370.95000000000005	360.45000000000005	366.45000000000005	78311
07.10.2022 00:00	363.45000000000005	364.95000000000005	345.45000000000005	348.95000000000005	154151
10.10.2022 00:00	330.45000000000005	358.95000000000005	324.95000000000005	352.45000000000005	194594
11.10.2022 00:00	353.45000000000005	364.95000000000005	348.45000000000005	364.95000000000005	109181
12.10.2022 00:00	364.95000000000005	379.45000000000005	346.95000000000005	348.45000000000005	224970
13.10.2022 00:00	344.95000000000005	369.45000000000005	339.95000000000005	363.95000000000005	166534
14.10.2022 00:00	364.95000000000005	368.95000000000005	356.95000000000005	361.95000000000005	57504
17.10.2022 00:00	361.95000000000005	388.95000000000005	360.95000000000005	386.45000000000005	140530
18.10.2022 00:00	386.95000000000005	397.45000000000005	367.95000000000005	375.95000000000005	144740
19.10.2022 00:00	375.95000000000005	384.45000000000005	365.95000000000005	373.45000000000005	133392
20.10.2022 00:00	373.95000000000005	382.95000000000005	369.45000000000005	377.45000000000005	192959
21.10.2022 00:00	378.45000000000005	380.95000000000005	367.95000000000005	379.45000000000005	113087
24.10.2022 00:00	394.95000000000005	394.95000000000005	375.95000000000005	386.45000000000005	233197
25.10.2022 00:00	392.95000000000005	405.95000000000005	388.45000000000005	401.45000000000005	302775
26.10.2022 00:00	401.45000000000005	414.95000000000005	392.45000000000005	403.45000000000005	182028
27.10.2022 00:00	404.95000000000005	426.45000000000005	401.95000000000005	421.45000000000005	198773
28.10.2022 00:00	421.45000000000005	429.45000000000005	411.95000000000005	419.95000000000005	138167
31.10.2022 00:00	423.95000000000005	423.95000000000005	404.95000000000005	413.45000000000005	134263
01.11.2022 00:00	416.95000000000005	419.45000000000005	407.95000000000005	408.95000000000005	91827
02.11.2022 00:00	410.45000000000005	410.45000000000005	390.95000000000005	398.45000000000005	74896
03.11.2022 00:00	397.95000000000005	397.95000000000005	383.95000000000005	392.95000000000005	169331
07.11.2022 00:00	397.45000000000005	410.95000000000005	393.95000000000005	410.45000000000005	148088
08.11.2022 00:00	409.95000000000005	426.45000000000005	400.45000000000005	412.45000000000005	229357
09.11.2022 00:00	412.45000000000005	419.95000000000005	400.95000000000005	406.95000000000005	177876
10.11.2022 00:00	399.95000000000005	417.45000000000005	399.95000000000005	416.95000000000005	174993
11.11.2022 00:00	418.95000000000005	422.95000000000005	410.45000000000005	422.95000000000005	160708
14.11.2022 00:00	425.95000000000005	443.95000000000005	424.95000000000005	437.45000000000005	350546
15.11.2022 00:00	439.45000000000005	440.45000000000005	394.95000000000005	420.45000000000005	375459
16.11.2022 00:00	416.95000000000005	432.95000000000005	416.95000000000005	427.45000000000005	108712
17.11.2022 00:00	431.45000000000005	431.45000000000005	412.95000000000005	417.95000000000005	86511
18.11.2022 00:00	420.45000000000005	420.95000000000005	410.45000000000005	414.45000000000005	96106
21.11.2022 00:00	414.45000000000005	414.45000000000005	400.95000000000005	406.95000000000005	82463
22.11.2022 00:00	405.95000000000005	413.95000000000005	403.45000000000005	410.45000000000005	73434
23.11.2022 00:00	409.95000000000005	415.45000000000005	405.45000000000005	410.45000000000005	102760
24.11.2022 00:00	410.45000000000005	413.95000000000005	402.45000000000005	405.95000000000005	103569
25.11.2022 00:00	407.95000000000005	407.95000000000005	398.45000000000005	403.95000000000005	128558
28.11.2022 00:00	402.45000000000005	402.95000000000005	397.45000000000005	399.95000000000005	69424
29.11.2022 00:00	404.95000000000005	404.95000000000005	398.45000000000005	402.95000000000005	81211
30.11.2022 00:00	403.45000000000005	406.95000000000005	398.45000000000005	406.95000000000005	83103
01.12.2022 00:00	406.95000000000005	410.95000000000005	402.95000000000005	408.95000000000005	211374
02.12.2022 00:00	410.45000000000005	413.95000000000005	401.95000000000005	405.95000000000005	166743
05.12.2022 00:00	408.95000000000005	415.95000000000005	405.95000000000005	407.95000000000005	204152
06.12.2022 00:00	409.95000000000005	409.95000000000005	391.95000000000005	398.95000000000005	226233
07.12.2022 00:00	395.45000000000005	399.95000000000005	392.45000000000005	396.95000000000005	94605
08.12.2022 00:00	400.45000000000005	400.45000000000005	393.45000000000005	394.95000000000005	86460
09.12.2022 00:00	396.95000000000005	397.95000000000005	387.95000000000005	392.45000000000005	92615
12.12.2022 00:00	395.45000000000005	395.45000000000005	374.95000000000005	384.95000000000005	181244
13.12.2022 00:00	385.45000000000005	386.95000000000005	370.95000000000005	380.45000000000005	229662
14.12.2022 00:00	381.95000000000005	381.95000000000005	374.45000000000005	375.95000000000005	101461
15.12.2022 00:00	378.95000000000005	378.95000000000005	364.95000000000005	370.95000000000005	166576
16.12.2022 00:00	371.95000000000005	373.95000000000005	367.45000000000005	371.45000000000005	62603
19.12.2022 00:00	371.45000000000005	381.45000000000005	365.95000000000005	379.45000000000005	220333
20.12.2022 00:00	379.95000000000005	397.45000000000005	378.45000000000005	394.45000000000005	243403
21.12.2022 00:00	398.95000000000005	399.95000000000005	381.45000000000005	389.45000000000005	185803
22.12.2022 00:00	387.95000000000005	394.45000000000005	382.95000000000005	385.95000000000005	125247
23.12.2022 00:00	385.95000000000005	387.45000000000005	371.95000000000005	374.95000000000005	275831
26.12.2022 00:00	375.95000000000005	377.45000000000005	368.95000000000005	376.95000000000005	180313
27.12.2022 00:00	377.95000000000005	378.45000000000005	369.45000000000005	373.45000000000005	270013
28.12.2022 00:00	374.45000000000005	375.45000000000005	360.95000000000005	366.45000000000005	335441
29.12.2022 00:00	365.95000000000005	373.95000000000005	365.45000000000005	373.95000000000005	111631
30.12.2022 00:00	374.45000000000005	378.95000000000005	370.95000000000005	374.95000000000005	161596
03.01.2023 00:00	376.95000000000005	382.95000000000005	373.95000000000005	379.95000000000005	117607
04.01.2023 00:00	379.45000000000005	382.45000000000005	376.95000000000005	378.95000000000005	39845
05.01.2023 00:00	378.95000000000005	380.95000000000005	374.95000000000005	376.95000000000005	48139
06.01.2023 00:00	374.95000000000005	377.95000000000005	374.95000000000005	376.95000000000005	24936
09.01.2023 00:00	378.95000000000005	397.45000000000005	376.95000000000005	388.95000000000005	216270
10.01.2023 00:00	389.95000000000005	394.45000000000005	382.95000000000005	391.45000000000005	127466
11.01.2023 00:00	395.45000000000005	408.95000000000005	390.95000000000005	403.45000000000005	199093
12.01.2023 00:00	403.95000000000005	407.95000000000005	398.45000000000005	404.45000000000005	147689
13.01.2023 00:00	408.95000000000005	415.95000000000005	405.45000000000005	411.95000000000005	225184
16.01.2023 00:00	415.95000000000005	418.95000000000005	407.45000000000005	415.95000000000005	249319
17.01.2023 00:00	416.95000000000005	421.95000000000005	403.45000000000005	405.45000000000005	259471
18.01.2023 00:00	404.45000000000005	416.45000000000005	399.95000000000005	408.95000000000005	192865
19.01.2023 00:00	409.95000000000005	416.45000000000005	399.95000000000005	405.95000000000005	281321
20.01.2023 00:00	408.45000000000005	415.95000000000005	406.45000000000005	412.95000000000005	129234
23.01.2023 00:00	415.95000000000005	423.95000000000005	411.95000000000005	421.95000000000005	159997
24.01.2023 00:00	423.45000000000005	424.95000000000005	409.45000000000005	416.45000000000005	113736
25.01.2023 00:00	415.95000000000005	417.95000000000005	410.45000000000005	416.95000000000005	61685
26.01.2023 00:00	417.95000000000005	418.45000000000005	409.95000000000005	416.45000000000005	96261
27.01.2023 00:00	414.45000000000005	422.95000000000005	413.95000000000005	417.45000000000005	119813
30.01.2023 00:00	418.95000000000005	421.45000000000005	412.95000000000005	419.45000000000005	87611
31.01.2023 00:00	418.95000000000005	424.45000000000005	416.95000000000005	424.45000000000005	105574
01.02.2023 00:00	425.95000000000005	429.45000000000005	420.95000000000005	427.45000000000005	152318
02.02.2023 00:00	427.95000000000005	427.95000000000005	423.95000000000005	425.95000000000005	72416
03.02.2023 00:00	425.95000000000005	425.95000000000005	415.95000000000005	418.95000000000005	140769
06.02.2023 00:00	423.95000000000005	428.45000000000005	410.95000000000005	420.45000000000005	270406
07.02.2023 00:00	421.95000000000005	421.95000000000005	414.95000000000005	419.45000000000005	139057
08.02.2023 00:00	419.45000000000005	419.95000000000005	403.95000000000005	416.45000000000005	284129
09.02.2023 00:00	416.45000000000005	421.95000000000005	412.45000000000005	417.45000000000005	132046
10.02.2023 00:00	417.45000000000005	417.45000000000005	414.95000000000005	416.45000000000005	48311
13.02.2023 00:00	415.45000000000005	419.45000000000005	413.45000000000005	414.95000000000005	87691
14.02.2023 00:00	415.45000000000005	415.95000000000005	401.95000000000005	404.95000000000005	159084
15.02.2023 00:00	404.95000000000005	404.95000000000005	376.95000000000005	382.95000000000005	751694
16.02.2023 00:00	389.95000000000005	390.95000000000005	382.45000000000005	387.45000000000005	206573
17.02.2023 00:00	388.95000000000005	388.95000000000005	381.95000000000005	385.95000000000005	130255
20.02.2023 00:00	386.45000000000005	394.45000000000005	378.45000000000005	391.95000000000005	165941
21.02.2023 00:00	393.95000000000005	398.45000000000005	389.95000000000005	394.45000000000005	235914
22.02.2023 00:00	392.95000000000005	394.95000000000005	389.45000000000005	389.95000000000005	66137
24.02.2023 00:00	391.45000000000005	392.95000000000005	386.95000000000005	389.45000000000005	62481
27.02.2023 00:00	387.95000000000005	392.95000000000005	384.95000000000005	392.45000000000005	103328
28.02.2023 00:00	391.95000000000005	394.95000000000005	387.95000000000005	393.45000000000005	141738
01.03.2023 00:00	394.95000000000005	404.45000000000005	391.95000000000005	402.95000000000005	342116
02.03.2023 00:00	402.95000000000005	412.45000000000005	391.95000000000005	399.45000000000005	564425
03.03.2023 00:00	399.95000000000005	403.45000000000005	397.95000000000005	402.95000000000005	119230
06.03.2023 00:00	403.45000000000005	411.95000000000005	403.45000000000005	409.45000000000005	162823
07.03.2023 00:00	413.45000000000005	413.45000000000005	403.95000000000005	406.45000000000005	129263
09.03.2023 00:00	407.95000000000005	407.95000000000005	400.95000000000005	403.95000000000005	98160
10.03.2023 00:00	403.95000000000005	405.95000000000005	399.95000000000005	402.45000000000005	123405
13.03.2023 00:00	402.45000000000005	407.95000000000005	396.95000000000005	401.45000000000005	226066
14.03.2023 00:00	400.95000000000005	402.95000000000005	397.95000000000005	400.45000000000005	161176
15.03.2023 00:00	401.45000000000005	401.45000000000005	391.45000000000005	393.95000000000005	149619
16.03.2023 00:00	393.95000000000005	396.95000000000005	385.95000000000005	393.95000000000005	154187
17.03.2023 00:00	395.45000000000005	400.95000000000005	392.45000000000005	399.95000000000005	175803
20.03.2023 00:00	400.95000000000005	409.95000000000005	396.95000000000005	404.95000000000005	311163
21.03.2023 00:00	405.95000000000005	407.95000000000005	401.45000000000005	403.95000000000005	188776
22.03.2023 00:00	404.95000000000005	409.45000000000005	401.45000000000005	405.45000000000005	135038
23.03.2023 00:00	407.95000000000005	414.95000000000005	400.95000000000005	404.95000000000005	311190
24.03.2023 00:00	404.95000000000005	413.95000000000005	403.95000000000005	411.45000000000005	269861
27.03.2023 00:00	412.95000000000005	418.45000000000005	408.95000000000005	415.45000000000005	297320
28.03.2023 00:00	415.45000000000005	416.95000000000005	406.95000000000005	410.45000000000005	172415
29.03.2023 00:00	411.45000000000005	422.95000000000005	407.95000000000005	419.95000000000005	368926
30.03.2023 00:00	420.95000000000005	444.45000000000005	420.95000000000005	441.95000000000005	966773
31.03.2023 00:00	442.45000000000005	444.45000000000005	420.45000000000005	433.95000000000005	434658
03.04.2023 00:00	434.95000000000005	437.45000000000005	426.45000000000005	434.45000000000005	230852
04.04.2023 00:00	434.45000000000005	436.95000000000005	429.95000000000005	430.95000000000005	227946
05.04.2023 00:00	429.95000000000005	452.95000000000005	425.95000000000005	445.95000000000005	651151
06.04.2023 00:00	448.95000000000005	478.95000000000005	445.95000000000005	472.95000000000005	943546
07.04.2023 00:00	479.95000000000005	479.95000000000005	460.45000000000005	467.45000000000005	472161
10.04.2023 00:00	466.95000000000005	479.95000000000005	466.45000000000005	477.95000000000005	363885
11.04.2023 00:00	479.95000000000005	483.45000000000005	455.95000000000005	464.95000000000005	468467
12.04.2023 00:00	466.45000000000005	468.95000000000005	453.95000000000005	459.95000000000005	295889
13.04.2023 00:00	461.45000000000005	464.95000000000005	456.95000000000005	459.95000000000005	222427
14.04.2023 00:00	461.95000000000005	461.95000000000005	452.95000000000005	460.95000000000005	138331
17.04.2023 00:00	461.95000000000005	478.95000000000005	460.95000000000005	477.45000000000005	232405
18.04.2023 00:00	476.95000000000005	484.95000000000005	469.95000000000005	483.95000000000005	398131
19.04.2023 00:00	483.95000000000005	494.95000000000005	471.95000000000005	480.45000000000005	540784
20.04.2023 00:00	485.45000000000005	485.45000000000005	469.95000000000005	476.95000000000005	211014
21.04.2023 00:00	479.95000000000005	479.95000000000005	471.45000000000005	474.45000000000005	108687
24.04.2023 00:00	472.45000000000005	481.95000000000005	470.45000000000005	477.95000000000005	139308
25.04.2023 00:00	479.95000000000005	479.95000000000005	471.45000000000005	475.45000000000005	161134
26.04.2023 00:00	475.45000000000005	481.95000000000005	470.95000000000005	471.95000000000005	138339
27.04.2023 00:00	473.45000000000005	475.45000000000005	463.45000000000005	473.95000000000005	312932
28.04.2023 00:00	475.45000000000005	477.95000000000005	459.95000000000005	460.95000000000005	207927
02.05.2023 00:00	455.95000000000005	459.45000000000005	437.95000000000005	442.45000000000005	471796
03.05.2023 00:00	442.45000000000005	443.45000000000005	416.45000000000005	418.95000000000005	353999
04.05.2023 00:00	419.95000000000005	444.95000000000005	419.45000000000005	441.45000000000005	395495
05.05.2023 00:00	440.95000000000005	446.45000000000005	432.45000000000005	434.95000000000005	193344
08.05.2023 00:00	434.95000000000005	439.45000000000005	429.95000000000005	431.95000000000005	35855
10.05.2023 00:00	433.95000000000005	459.45000000000005	432.45000000000005	455.95000000000005	273300
11.05.2023 00:00	457.45000000000005	465.95000000000005	437.45000000000005	446.95000000000005	219508
12.05.2023 00:00	449.95000000000005	450.45000000000005	439.95000000000005	448.45000000000005	97973
15.05.2023 00:00	448.45000000000005	459.95000000000005	448.45000000000005	459.95000000000005	106243
16.05.2023 00:00	461.95000000000005	464.95000000000005	451.75	458.15000000000003	122387
17.05.2023 00:00	456.35	465.95000000000005	454.95000000000005	462.95000000000005	180470
18.05.2023 00:00	464.95000000000005	465.95000000000005	452.55	457.55	148264
19.05.2023 00:00	454.35	458.55	443.95000000000005	454.75	106353
22.05.2023 00:00	456.95000000000005	468.55	447.95000000000005	454.35	189523
23.05.2023 00:00	454.55	460.35	448.95000000000005	457.75	85469
24.05.2023 00:00	459.95000000000005	467.95000000000005	442.35	444.75	289804
25.05.2023 00:00	444.75	449.55	435.55	439.95000000000005	264096
26.05.2023 00:00	441.15000000000003	442.35	436.95000000000005	438.75	135940
29.05.2023 00:00	440.35	447.75	438.95000000000005	446.75	219943
30.05.2023 00:00	445.75	446.15000000000003	434.95000000000005	438.35	249227
31.05.2023 00:00	442.75	442.75	432.35	436.15000000000003	126862
01.06.2023 00:00	437.95000000000005	437.95000000000005	430.35	435.75	109048
02.06.2023 00:00	436.35	443.75	431.95000000000005	442.55	254408
05.06.2023 00:00	443.95000000000005	451.95000000000005	437.55	440.95000000000005	305955
06.06.2023 00:00	436.95000000000005	442.75	432.75	441.15000000000003	143757
07.06.2023 00:00	442.15000000000003	453.55	437.95000000000005	451.35	237437
08.06.2023 00:00	452.95000000000005	453.35	444.95000000000005	452.15000000000003	217416
09.06.2023 00:00	453.95000000000005	455.75	444.15000000000003	446.75	152524
13.06.2023 00:00	446.75	464.95000000000005	446.35	461.95000000000005	323430
14.06.2023 00:00	464.95000000000005	469.35	456.15000000000003	459.95000000000005	305181
15.06.2023 00:00	459.95000000000005	475.75	459.35	471.35	478911
16.06.2023 00:00	474.55	476.55	460.95000000000005	464.75	259829
19.06.2023 00:00	464.75	474.95000000000005	462.15000000000003	471.95000000000005	313861
20.06.2023 00:00	472.95000000000005	472.95000000000005	433.95000000000005	467.75	421648
21.06.2023 00:00	468.95000000000005	496.15000000000003	468.35	493.95000000000005	1082378
22.06.2023 00:00	493.95000000000005	493.95000000000005	465.15000000000003	478.35	534924
23.06.2023 00:00	469.95000000000005	479.55	456.95000000000005	457.55	413850
26.06.2023 00:00	464.95000000000005	472.35	445.55	459.55	554919
27.06.2023 00:00	459.95000000000005	466.95000000000005	455.55	464.15000000000003	178841
28.06.2023 00:00	464.95000000000005	471.55	458.35	461.75	186719
29.06.2023 00:00	463.15000000000003	464.75	457.95000000000005	460.15000000000003	195419
30.06.2023 00:00	460.15000000000003	469.55	459.95000000000005	462.95000000000005	410769
03.07.2023 00:00	461.95000000000005	486.95000000000005	461.95000000000005	479.35	575767
04.07.2023 00:00	480.15000000000003	486.15000000000003	471.95000000000005	475.55	309855
05.07.2023 00:00	478.75	499.95000000000005	478.75	496.55	1253472
06.07.2023 00:00	498.55	504.15000000000003	480.95000000000005	488.35	720081
07.07.2023 00:00	489.55	489.55	477.35	483.15000000000003	400816
10.07.2023 00:00	485.95000000000005	494.15000000000003	483.15000000000003	489.15000000000003	269384
11.07.2023 00:00	490.75	491.75	482.55	488.75	194161
12.07.2023 00:00	494.55	494.55	485.35	490.55	291899
13.07.2023 00:00	492.35	492.95000000000005	483.95000000000005	485.55	188892
14.07.2023 00:00	486.75	491.75	475.95000000000005	486.95000000000005	343117
17.07.2023 00:00	487.95000000000005	529.95	486.95000000000005	527.5500000000001	2538254
18.07.2023 00:00	527.75	535.95	519.5500000000001	523.5500000000001	1210650
19.07.2023 00:00	523.95	528.75	514.95	522.75	401025
20.07.2023 00:00	521.5500000000001	523.2	503.75	506.15000000000003	381544
21.07.2023 00:00	507.55	528.5500000000001	505.15000000000003	520.95	430131
24.07.2023 00:00	520.95	528.2	519.75	527.5500000000001	390551
25.07.2023 00:00	529.5500000000001	538.2	527.5500000000001	533.35	1046088
26.07.2023 00:00	533.95	545.95	522.2	534.2	1052330
27.07.2023 00:00	536.2	536.75	526.2	530.75	255902
28.07.2023 00:00	530.75	532.5500000000001	526.75	528.5500000000001	214644
31.07.2023 00:00	530.35	539.75	529.35	538.2	395758
01.08.2023 00:00	538.2	569.75	536.5500000000001	563.75	1599657
02.08.2023 00:00	561.95	578.35	550.2	567.2	748515
03.08.2023 00:00	566.95	572.75	560.2	566.75	330586
04.08.2023 00:00	568.5500000000001	572.95	532.35	550.95	770603
07.08.2023 00:00	554.75	565.75	538.95	543.95	368504
08.08.2023 00:00	545.35	545.35	526.95	543.35	305315
09.08.2023 00:00	544.95	550.35	535.5500000000001	537.95	371369
10.08.2023 00:00	542.5500000000001	544.5500000000001	531.95	543.75	256535
11.08.2023 00:00	543.95	558.95	540.2	553.2	706571
14.08.2023 00:00	558.5500000000001	564.95	521.35	521.95	1218234
15.08.2023 00:00	522.95	541.75	510.15000000000003	526.2	852050
16.08.2023 00:00	526.2	531.35	503.95000000000005	509.55	487590
17.08.2023 00:00	512.2	518.75	503.95000000000005	513.2	271995
18.08.2023 00:00	513.35	522.95	506.95000000000005	520.75	214896
21.08.2023 00:00	522.5500000000001	544.95	522.5500000000001	539.5500000000001	896957
22.08.2023 00:00	543.75	543.75	530.35	538.35	211210
23.08.2023 00:00	539.75	544.95	517.35	519.95	496597
24.08.2023 00:00	522.5500000000001	531.95	520.2	530.95	175279
25.08.2023 00:00	532.5500000000001	537.95	527.75	532.35	193793
28.08.2023 00:00	535.95	542.95	532.95	539.95	248613
29.08.2023 00:00	542.95	543.95	535.95	538.95	264722
30.08.2023 00:00	540.75	542.35	525.35	537.95	298531
31.08.2023 00:00	539.2	540.5500000000001	535.35	537.95	187051
01.09.2023 00:00	539.75	541.95	531.2	536.2	216834
04.09.2023 00:00	535.95	557.5500000000001	531.95	554.5500000000001	799168
05.09.2023 00:00	554.95	564.2	532.95	560.35	1488041
06.09.2023 00:00	560.95	560.95	546.35	551.35	331491
07.09.2023 00:00	551.35	559.95	519.95	533.95	919104
08.09.2023 00:00	532.2	536.35	513.5500000000001	526.95	386879
11.09.2023 00:00	529.95	533.35	516.95	517.75	234716
12.09.2023 00:00	521.2	528.35	514.35	526.35	345091
13.09.2023 00:00	528.95	528.95	510.95000000000005	515.2	270766
14.09.2023 00:00	516.75	518.95	486.95000000000005	503.55	534724
15.09.2023 00:00	505.95000000000005	518.75	499.35	515.2	255186
18.09.2023 00:00	521.2	523.2	513.5500000000001	516.5500000000001	212138
19.09.2023 00:00	518.95	519.75	493.35	494.95000000000005	305012
20.09.2023 00:00	496.95000000000005	498.95000000000005	480.95000000000005	495.15000000000003	316621
21.09.2023 00:00	491.15000000000003	517.75	484.95000000000005	502.55	669382
22.09.2023 00:00	505.95000000000005	519.95	500.55	514.2	352393
25.09.2023 00:00	516.75	517.95	498.75	503.95000000000005	344797
26.09.2023 00:00	503.75	507.75	494.15000000000003	502.95000000000005	247278
27.09.2023 00:00	504.55	514.95	503.95000000000005	513.35	307602
28.09.2023 00:00	514.5500000000001	533.2	511.55	530.5500000000001	366919
29.09.2023 00:00	531.95	531.95	519.2	522.2	340034
02.10.2023 00:00	525.5500000000001	528.5500000000001	515.95	524.75	298454
03.10.2023 00:00	526.95	538.75	516.95	533.95	360141
04.10.2023 00:00	534.5500000000001	538.35	526.2	528.2	195966
05.10.2023 00:00	526.2	528.35	516.95	524.35	165151
06.10.2023 00:00	526.75	526.75	517.2	525.2	157935
09.10.2023 00:00	527.35	528.2	519.95	522.95	156481
10.10.2023 00:00	522.95	527.5500000000001	519.95	523.2	100393
11.10.2023 00:00	523.75	526.35	504.55	510.55	226118
12.10.2023 00:00	509.95000000000005	517.75	506.55	514.95	156829
13.10.2023 00:00	518.95	518.95	514.95	515.5500000000001	133967
16.10.2023 00:00	498.95000000000005	516.95	498.95000000000005	516.75	281282
17.10.2023 00:00	517.2	518.95	513.2	516.35	179869
18.10.2023 00:00	517.75	524.5500000000001	514.95	517.5500000000001	382988
19.10.2023 00:00	518.35	518.35	508.15000000000003	512.75	249918
20.10.2023 00:00	512.95	517.75	510.75	515.35	268467
23.10.2023 00:00	515.5500000000001	517.5500000000001	510.15000000000003	513.95	143231
24.10.2023 00:00	513.95	514.2	510.15000000000003	512.5500000000001	87841
25.10.2023 00:00	512.75	525.95	505.15000000000003	518.95	753499
26.10.2023 00:00	522.95	522.95	505.95000000000005	508.95000000000005	299089
27.10.2023 00:00	505.35	512.5500000000001	498.15000000000003	503.55	310912
30.10.2023 00:00	502.95000000000005	507.35	500.55	502.75	127951
31.10.2023 00:00	502.75	503.35	495.75	498.35	131639
01.11.2023 00:00	498.35	503.55	496.35	501.15000000000003	122948
02.11.2023 00:00	502.75	503.95000000000005	496.95000000000005	499.35	134851
03.11.2023 00:00	499.35	503.35	490.55	499.95000000000005	310884
06.11.2023 00:00	499.95000000000005	515.5500000000001	498.75	511.15000000000003	273249
07.11.2023 00:00	511.15000000000003	514.95	507.55	511.35	168433
08.11.2023 00:00	512.35	521.95	507.75	519.95	508890
09.11.2023 00:00	520.35	520.35	510.15000000000003	514.5500000000001	255380
10.11.2023 00:00	515.95	523.75	502.55	508.15000000000003	498611
13.11.2023 00:00	508.35	509.35	500.75	502.35	192225
14.11.2023 00:00	501.75	502.95000000000005	486.15000000000003	490.75	345069
15.11.2023 00:00	489.15000000000003	495.75	485.15000000000003	495.75	221277
16.11.2023 00:00	493.35	501.55	488.35	488.75	227771
17.11.2023 00:00	488.55	493.15000000000003	485.15000000000003	489.75	143563
20.11.2023 00:00	491.35	494.35	486.15000000000003	488.35	133110
21.11.2023 00:00	489.95000000000005	497.55	486.55	495.35	177348
22.11.2023 00:00	494.95000000000005	498.75	490.75	492.15000000000003	119832
23.11.2023 00:00	492.15000000000003	494.55	485.75	485.95000000000005	151960
24.11.2023 00:00	486.15000000000003	488.75	471.35	476.95000000000005	388444
27.11.2023 00:00	477.55	481.55	468.15000000000003	471.75	183646
28.11.2023 00:00	471.75	477.75	462.15000000000003	470.55	249785
29.11.2023 00:00	472.75	472.75	460.95000000000005	461.55	147859
30.11.2023 00:00	462.15000000000003	463.95000000000005	445.15000000000003	447.55	278861
01.12.2023 00:00	449.35	454.55	433.55	442.95000000000005	232267
04.12.2023 00:00	439.95000000000005	452.95000000000005	436.15000000000003	445.35	325355
05.12.2023 00:00	445.35	456.95000000000005	445.15000000000003	453.95000000000005	171542
06.12.2023 00:00	454.95000000000005	455.15000000000003	442.15000000000003	443.75	136519
07.12.2023 00:00	443.75	452.75	440.35	449.75	131531
08.12.2023 00:00	449.95000000000005	452.75	442.35	445.35	105483
11.12.2023 00:00	446.75	449.15000000000003	425.35	427.55	201370
12.12.2023 00:00	427.55	431.35	420.55	421.95000000000005	161419
13.12.2023 00:00	421.95000000000005	437.55	421.55	431.55	144114
14.12.2023 00:00	432.95000000000005	436.55	425.15000000000003	426.15000000000003	136778
15.12.2023 00:00	426.15000000000003	442.75	426.15000000000003	438.55	111931
18.12.2023 00:00	438.75	452.75	438.75	447.55	306839
19.12.2023 00:00	447.75	463.95000000000005	440.15000000000003	454.15000000000003	441831
20.12.2023 00:00	457.35	462.95000000000005	450.35	450.35	287151
21.12.2023 00:00	452.35	452.35	435.15000000000003	446.15000000000003	786507
22.12.2023 00:00	448.35	451.95000000000005	438.75	442.75	210407
25.12.2023 00:00	444.95000000000005	447.95000000000005	436.55	439.35	357264
26.12.2023 00:00	442.15000000000003	443.35	436.95000000000005	440.15000000000003	204627
27.12.2023 00:00	440.55	459.35	440.55	446.75	569351
28.12.2023 00:00	446.95000000000005	449.15000000000003	441.15000000000003	441.35	221591
29.12.2023 00:00	443.75	443.95000000000005	438.15000000000003	439.75	136632
03.01.2024 00:00	441.35	449.75	440.55	448.75	118840
04.01.2024 00:00	449.95000000000005	450.55	445.15000000000003	448.15000000000003	123315
05.01.2024 00:00	447.35	451.75	447.35	450.55	76389
08.01.2024 00:00	451.55	458.35	450.55	455.35	240200
09.01.2024 00:00	457.35	457.75	451.55	457.75	177398
10.01.2024 00:00	457.95000000000005	462.15000000000003	452.35	457.55	260679
11.01.2024 00:00	459.35	469.35	453.55	466.75	503354
12.01.2024 00:00	469.55	469.55	460.95000000000005	460.95000000000005	243913
15.01.2024 00:00	462.75	471.95000000000005	458.55	464.95000000000005	311364
16.01.2024 00:00	464.95000000000005	479.95000000000005	459.55	478.55	829032
17.01.2024 00:00	479.55	484.95000000000005	470.95000000000005	475.15000000000003	450218
18.01.2024 00:00	471.75	479.15000000000003	467.55	468.35	264363
19.01.2024 00:00	468.35	469.75	463.15000000000003	465.15000000000003	154231
22.01.2024 00:00	465.95000000000005	471.75	464.55	470.95000000000005	171187
23.01.2024 00:00	471.75	472.95000000000005	461.35	462.95000000000005	167732
24.01.2024 00:00	464.35	464.75	456.35	462.15000000000003	359044
25.01.2024 00:00	462.95000000000005	466.75	459.95000000000005	461.55	172525
26.01.2024 00:00	460.95000000000005	464.75	457.75	460.55	147790
29.01.2024 00:00	459.95000000000005	467.95000000000005	459.95000000000005	464.15000000000003	203565
30.01.2024 00:00	463.95000000000005	475.75	463.95000000000005	470.55	418518
31.01.2024 00:00	471.55	474.15000000000003	468.35	470.15000000000003	170304
01.02.2024 00:00	470.15000000000003	472.55	463.95000000000005	466.15000000000003	143175
02.02.2024 00:00	467.55	467.75	463.75	465.75	107106
05.02.2024 00:00	465.35	475.35	465.35	472.75	333015
06.02.2024 00:00	472.75	478.95000000000005	471.55	475.55	310381
07.02.2024 00:00	476.95000000000005	476.95000000000005	467.35	471.95000000000005	218535
08.02.2024 00:00	473.55	473.55	465.95000000000005	466.35	153902
09.02.2024 00:00	469.55	469.55	462.15000000000003	462.55	122756
12.02.2024 00:00	466.15000000000003	466.15000000000003	459.55	462.35	118131
13.02.2024 00:00	464.95000000000005	466.15000000000003	455.55	458.75	250074
14.02.2024 00:00	460.55	460.55	450.75	452.75	319879
15.02.2024 00:00	452.75	455.15000000000003	447.75	454.55	198838
16.02.2024 00:00	454.95000000000005	456.15000000000003	446.15000000000003	448.15000000000003	176738
19.02.2024 00:00	448.15000000000003	449.55	441.15000000000003	443.95000000000005	182773
20.02.2024 00:00	444.95000000000005	444.95000000000005	427.95000000000005	429.55	334257
21.02.2024 00:00	429.95000000000005	441.95000000000005	425.95000000000005	438.35	275570
22.02.2024 00:00	436.55	441.15000000000003	430.95000000000005	432.75	137485
26.02.2024 00:00	439.95000000000005	443.75	435.15000000000003	439.75	238083
27.02.2024 00:00	440.95000000000005	440.95000000000005	432.55	434.55	197398
28.02.2024 00:00	438.55	438.55	431.75	433.15000000000003	107185
29.02.2024 00:00	432.95000000000005	438.75	431.35	435.75	133897
01.03.2024 00:00	437.95000000000005	442.55	433.75	437.55	159148
04.03.2024 00:00	440.75	455.35	438.55	451.95000000000005	596203
05.03.2024 00:00	451.95000000000005	451.95000000000005	442.75	444.55	288646
06.03.2024 00:00	444.35	448.35	441.95000000000005	447.55	141372
07.03.2024 00:00	447.75	453.55	444.95000000000005	446.55	181520
11.03.2024 00:00	446.75	450.75	442.75	445.35	149611
12.03.2024 00:00	445.35	449.75	442.15000000000003	448.55	280069
13.03.2024 00:00	448.55	451.95000000000005	445.15000000000003	446.35	146210
14.03.2024 00:00	444.55	447.75	442.95000000000005	445.55	138906
15.03.2024 00:00	443.55	443.55	438.55	441.15000000000003	144245
18.03.2024 00:00	442.15000000000003	444.55	437.95000000000005	440.95000000000005	108646
19.03.2024 00:00	441.95000000000005	447.15000000000003	434.95000000000005	437.15000000000003	179227
20.03.2024 00:00	435.95000000000005	439.95000000000005	428.15000000000003	432.35	295669
21.03.2024 00:00	434.35	449.95000000000005	429.35	440.15000000000003	364705
22.03.2024 00:00	441.75	442.95000000000005	426.35	429.75	210779
25.03.2024 00:00	429.95000000000005	436.55	422.95000000000005	435.55	211899
26.03.2024 00:00	436.75	437.15000000000003	427.95000000000005	430.35	187145
27.03.2024 00:00	431.75	431.75	427.35	428.35	105884
28.03.2024 00:00	427.95000000000005	432.75	427.15000000000003	430.35	110290
29.03.2024 00:00	430.95000000000005	431.35	426.95000000000005	427.75	132802
01.04.2024 00:00	427.15000000000003	434.15000000000003	427.15000000000003	432.75	193159
02.04.2024 00:00	434.35	442.55	428.35	439.95000000000005	635414
03.04.2024 00:00	441.35	464.15000000000003	437.15000000000003	463.55	1139161
04.04.2024 00:00	464.55	484.75	456.95000000000005	467.95000000000005	2467008
05.04.2024 00:00	468.55	471.95000000000005	460.15000000000003	464.55	517469
08.04.2024 00:00	465.95000000000005	519.95	465.75	519.75	3194599
09.04.2024 00:00	520.95	548.95	493.35	511.15000000000003	4802807
10.04.2024 00:00	512.75	544.95	504.95000000000005	529.2	3565932
11.04.2024 00:00	527.2	538.5500000000001	512.2	517.2	1445401
12.04.2024 00:00	519.95	536.75	515.95	519.95	1444711
15.04.2024 00:00	519.95	519.95	497.75	500.15000000000003	2420853
16.04.2024 00:00	497.95000000000005	497.95000000000005	487.55	490.55	1173751
17.04.2024 00:00	490.35	492.75	478.75	487.15000000000003	1346371
18.04.2024 00:00	487.15000000000003	498.75	486.15000000000003	495.95000000000005	741030
19.04.2024 00:00	496.55	496.55	483.75	484.95000000000005	533784
22.04.2024 00:00	485.95000000000005	494.15000000000003	482.95000000000005	489.75	676216
23.04.2024 00:00	493.75	498.75	479.55	481.15000000000003	833635
24.04.2024 00:00	482.75	483.95000000000005	473.95000000000005	477.35	575504
25.04.2024 00:00	478.75	492.95000000000005	471.95000000000005	488.95000000000005	846097
26.04.2024 00:00	490.55	495.95000000000005	481.35	483.95000000000005	502938
27.04.2024 00:00	485.55	485.55	476.15000000000003	479.35	381056
29.04.2024 00:00	479.95000000000005	486.15000000000003	478.15000000000003	483.95000000000005	238804
30.04.2024 00:00	484.15000000000003	485.35	479.55	480.75	134093
02.05.2024 00:00	480.95000000000005	480.95000000000005	462.75	469.70000000000005	474433
03.05.2024 00:00	469.45000000000005	469.45000000000005	461.55	464.15000000000003	365556
06.05.2024 00:00	466.95000000000005	466.95000000000005	456.25	457.65000000000003	364906
07.05.2024 00:00	457.70000000000005	467.85	457.70000000000005	464.55	327163
08.05.2024 00:00	466.15000000000003	469.90000000000003	462.85	469.45000000000005	196162
10.05.2024 00:00	471.05	485.05	470.25	476.5	649219
13.05.2024 00:00	481.45000000000005	481.90000000000003	468.70000000000005	478.0	351805
14.05.2024 00:00	479.65000000000003	488.90000000000003	474.40000000000003	483.70000000000005	368985
15.05.2024 00:00	485.15000000000003	497.1	482.20000000000005	485.45000000000005	1223819
16.05.2024 00:00	485.45000000000005	486.85	475.1	475.95000000000005	537185
17.05.2024 00:00	475.6	491.95000000000005	475.0	479.65000000000003	551169
20.05.2024 00:00	478.45000000000005	480.5	464.95000000000005	466.75	467306
21.05.2024 00:00	466.75	470.15000000000003	458.55	463.55	527369
22.05.2024 00:00	463.8	466.8	455.0	457.95000000000005	472114
23.05.2024 00:00	455.95000000000005	466.95000000000005	449.95000000000005	463.20000000000005	625436
24.05.2024 00:00	463.90000000000003	464.70000000000005	444.35	446.90000000000003	369384
27.05.2024 00:00	447.65000000000003	454.90000000000003	438.35	451.70000000000005	463516
28.05.2024 00:00	452.05	457.85	445.70000000000005	447.6	257947
29.05.2024 00:00	449.15000000000003	461.95000000000005	447.25	460.3	275312
30.05.2024 00:00	460.25	464.25	439.15000000000003	442.85	296047
31.05.2024 00:00	444.40000000000003	446.90000000000003	426.45000000000005	433.6	332282
03.06.2024 00:00	433.70000000000005	439.70000000000005	411.65000000000003	428.15000000000003	440905
04.06.2024 00:00	429.6	432.35	419.95000000000005	430.3	245588
05.06.2024 00:00	430.35	439.75	429.95000000000005	431.1	275243
06.06.2024 00:00	433.90000000000003	436.55	428.1	433.15000000000003	100522
07.06.2024 00:00	433.25	446.90000000000003	433.15000000000003	441.0	256066
10.06.2024 00:00	450.90000000000003	471.95000000000005	446.15000000000003	455.5	1295190
11.06.2024 00:00	453.65000000000003	456.45000000000005	444.25	451.25	347967
13.06.2024 00:00	419.95000000000005	452.70000000000005	419.95000000000005	448.45000000000005	316065
14.06.2024 00:00	449.75	453.35	445.95000000000005	450.45000000000005	181337
17.06.2024 00:00	452.95000000000005	453.55	441.20000000000005	443.0	163519
18.06.2024 00:00	443.0	443.40000000000003	430.70000000000005	432.8	139652
19.06.2024 00:00	432.95000000000005	432.95000000000005	413.40000000000003	419.95000000000005	350545
20.06.2024 00:00	420.0	449.85	418.05	447.55	693027
21.06.2024 00:00	448.20000000000005	448.5	438.15000000000003	440.40000000000003	215317
24.06.2024 00:00	442.95000000000005	442.95000000000005	420.95000000000005	424.3	338076
25.06.2024 00:00	423.95000000000005	432.15000000000003	423.1	430.6	169591
26.06.2024 00:00	430.55	433.25	427.15000000000003	428.6	117379
27.06.2024 00:00	428.6	429.85	425.15000000000003	427.1	67473
28.06.2024 00:00	427.1	431.70000000000005	425.90000000000003	426.75	121640
01.07.2024 00:00	426.95000000000005	430.65000000000003	424.5	429.8	167427
02.07.2024 00:00	430.0	431.70000000000005	428.35	429.95000000000005	170080
03.07.2024 00:00	430.45000000000005	433.1	421.95000000000005	423.55	182829
04.07.2024 00:00	423.95000000000005	425.25	415.90000000000003	417.35	150469
05.07.2024 00:00	417.45000000000005	421.5	414.20000000000005	417.1	175648
08.07.2024 00:00	417.15000000000003	419.95000000000005	409.0	409.35	189178
09.07.2024 00:00	408.95000000000005	410.45000000000005	395.85	399.1	230034
10.07.2024 00:00	399.0	400.35	381.35	382.65000000000003	358497
11.07.2024 00:00	381.95000000000005	399.95000000000005	381.95000000000005	390.85	295902
12.07.2024 00:00	393.75	393.75	385.25	388.95000000000005	168835
15.07.2024 00:00	389.95000000000005	391.6	373.75	378.90000000000003	388034
16.07.2024 00:00	378.70000000000005	386.5	374.95000000000005	385.6	304497
17.07.2024 00:00	385.75	390.35	376.65000000000003	378.6	183744
18.07.2024 00:00	378.6	392.85	375.40000000000003	388.6	316358
19.07.2024 00:00	390.6	392.6	385.75	388.25	190870
22.07.2024 00:00	392.1	400.85	390.6	398.75	297401
23.07.2024 00:00	398.95000000000005	406.75	394.95000000000005	402.85	317023
24.07.2024 00:00	403.35	415.20000000000005	402.85	409.95000000000005	423939
25.07.2024 00:00	413.85	413.85	403.15000000000003	406.1	173774
26.07.2024 00:00	406.1	413.0	390.6	391.20000000000005	358609
29.07.2024 00:00	384.35	389.70000000000005	383.25	385.85	145859
30.07.2024 00:00	385.85	391.35	383.35	390.85	124010
31.07.2024 00:00	391.6	395.65000000000003	388.25	393.15000000000003	116276
01.08.2024 00:00	393.25	395.25	385.15000000000003	387.70000000000005	145017
02.08.2024 00:00	387.65000000000003	389.5	382.95000000000005	384.1	72090
05.08.2024 00:00	381.35	381.90000000000003	367.45000000000005	367.45000000000005	536042
06.08.2024 00:00	370.20000000000005	373.85	369.15000000000003	373.0	163313
07.08.2024 00:00	372.95000000000005	373.90000000000003	359.95000000000005	371.6	961485
08.08.2024 00:00	372.95000000000005	374.20000000000005	365.20000000000005	365.40000000000003	264998
09.08.2024 00:00	365.95000000000005	370.85	364.1	365.25	122456
12.08.2024 00:00	365.45000000000005	367.70000000000005	361.85	366.95000000000005	201567
13.08.2024 00:00	367.70000000000005	378.70000000000005	364.15000000000003	372.5	391235
14.08.2024 00:00	372.65000000000003	375.5	365.0	365.95000000000005	210018
15.08.2024 00:00	366.0	366.75	363.0	365.40000000000003	115562
16.08.2024 00:00	365.40000000000003	366.95000000000005	359.95000000000005	360.35	112415
19.08.2024 00:00	360.95000000000005	364.35	354.1	355.35	263364
20.08.2024 00:00	356.90000000000003	359.90000000000003	353.1	353.95000000000005	174906
21.08.2024 00:00	354.95000000000005	358.20000000000005	352.85	355.6	121776
22.08.2024 00:00	355.6	356.95000000000005	335.1	335.45000000000005	419725
23.08.2024 00:00	336.95000000000005	343.35	319.20000000000005	333.20000000000005	595859
26.08.2024 00:00	340.6	343.35	335.75	339.40000000000003	241284
27.08.2024 00:00	340.20000000000005	340.20000000000005	327.45000000000005	329.70000000000005	174970
28.08.2024 00:00	329.70000000000005	332.5	321.75	331.35	169364
29.08.2024 00:00	332.15000000000003	345.95000000000005	332.15000000000003	342.95000000000005	1037863
30.08.2024 00:00	344.95000000000005	344.95000000000005	324.15000000000003	329.85	478072
02.09.2024 00:00	329.75	332.45000000000005	317.35	319.20000000000005	438895
03.09.2024 00:00	320.95000000000005	326.85	307.40000000000003	308.95000000000005	793872
04.09.2024 00:00	309.95000000000005	318.90000000000003	303.75	318.1	663514
05.09.2024 00:00	319.95000000000005	320.65000000000003	311.45000000000005	313.35	388239
06.09.2024 00:00	311.25	320.95000000000005	310.95000000000005	317.65000000000003	334716
09.09.2024 00:00	317.65000000000003	324.1	317.65000000000003	322.75	323644
10.09.2024 00:00	324.15000000000003	326.6	316.45000000000005	318.40000000000003	238910
11.09.2024 00:00	318.40000000000003	320.35	310.1	310.75	204532
12.09.2024 00:00	310.1	313.90000000000003	305.6	308.25	221381
13.09.2024 00:00	307.5	312.40000000000003	296.65000000000003	310.6	475751
16.09.2024 00:00	310.95000000000005	325.35	310.6	323.40000000000003	441449
17.09.2024 00:00	322.85	323.95000000000005	316.25	323.90000000000003	290092
18.09.2024 00:00	324.25	324.35	317.5	318.85	159864
19.09.2024 00:00	318.85	329.6	317.6	328.1	578910
20.09.2024 00:00	329.35	333.95000000000005	328.20000000000005	330.35	306828
23.09.2024 00:00	331.20000000000005	336.6	331.20000000000005	335.6	264986
24.09.2024 00:00	335.90000000000003	349.85	331.1	345.35	960608
25.09.2024 00:00	347.95000000000005	353.95000000000005	339.15000000000003	343.75	629437
26.09.2024 00:00	342.95000000000005	347.85	336.0	345.5	334791
27.09.2024 00:00	346.45000000000005	351.15000000000003	345.0	348.1	292028
30.09.2024 00:00	349.0	352.95000000000005	336.85	337.70000000000005	363014
01.10.2024 00:00	337.70000000000005	338.75	329.1	330.75	266886
02.10.2024 00:00	330.75	335.35	319.95000000000005	321.95000000000005	240216
03.10.2024 00:00	322.35	333.70000000000005	320.25	331.40000000000003	298825
04.10.2024 00:00	333.45000000000005	334.90000000000003	326.20000000000005	328.70000000000005	206237
07.10.2024 00:00	330.90000000000003	331.1	326.1	328.35	185345
08.10.2024 00:00	327.95000000000005	334.95000000000005	326.70000000000005	332.35	222819
09.10.2024 00:00	333.85	334.85	324.15000000000003	329.85	111804
10.10.2024 00:00	328.15000000000003	331.5	327.1	329.65000000000003	75347
11.10.2024 00:00	329.65000000000003	339.1	328.20000000000005	333.95000000000005	116369
14.10.2024 00:00	334.95000000000005	342.85	329.35	341.35	225921
15.10.2024 00:00	341.65000000000003	347.1	339.95000000000005	344.85	168675
16.10.2024 00:00	346.85	349.35	334.15000000000003	338.40000000000003	219355
17.10.2024 00:00	338.95000000000005	341.20000000000005	332.6	335.85	170813
18.10.2024 00:00	335.85	339.20000000000005	333.85	336.75	106355
21.10.2024 00:00	336.85	339.35	330.1	331.35	123292
22.10.2024 00:00	331.35	333.1	326.0	326.45000000000005	123739
23.10.2024 00:00	326.45000000000005	336.90000000000003	325.70000000000005	331.1	437018
24.10.2024 00:00	330.75	333.1	327.85	331.0	184736
25.10.2024 00:00	331.0	334.15000000000003	322.1	328.40000000000003	290887
28.10.2024 00:00	328.25	328.25	308.90000000000003	314.20000000000005	365161
29.10.2024 00:00	314.20000000000005	317.20000000000005	308.35	314.65000000000003	320175
30.10.2024 00:00	314.65000000000003	319.75	312.6	314.95000000000005	253871
31.10.2024 00:00	314.65000000000003	317.70000000000005	307.1	308.90000000000003	315234
01.11.2024 00:00	309.6	316.85	307.70000000000005	316.35	209505
02.11.2024 00:00	316.35	319.70000000000005	312.25	314.35	170415
05.11.2024 00:00	317.75	317.75	312.20000000000005	316.35	209874
06.11.2024 00:00	323.6	326.85	318.95000000000005	320.40000000000003	347486
07.11.2024 00:00	320.40000000000003	329.20000000000005	316.85	327.90000000000003	265779
08.11.2024 00:00	329.95000000000005	331.85	322.45000000000005	331.1	370102
11.11.2024 00:00	332.90000000000003	335.70000000000005	328.25	334.45000000000005	350989
12.11.2024 00:00	333.95000000000005	334.5	329.45000000000005	329.6	173102
13.11.2024 00:00	329.95000000000005	334.15000000000003	319.90000000000003	323.1	191972
14.11.2024 00:00	323.1	326.85	319.1	320.95000000000005	118410
15.11.2024 00:00	320.95000000000005	333.90000000000003	319.45000000000005	333.90000000000003	488964
18.11.2024 00:00	325.1	332.40000000000003	316.85	329.65000000000003	334170
19.11.2024 00:00	331.0	331.5	316.95000000000005	319.6	337396
20.11.2024 00:00	319.6	323.75	309.1	313.70000000000005	266053
21.11.2024 00:00	314.75	315.45000000000005	307.95000000000005	314.45000000000005	249507
22.11.2024 00:00	315.0	315.95000000000005	309.25	311.40000000000003	208066
25.11.2024 00:00	311.25	313.85	296.25	298.5	385021
26.11.2024 00:00	298.0	304.6	281.95	285.65000000000003	400952
27.11.2024 00:00	285.6	292.65000000000003	275.45	290.65000000000003	606542
28.11.2024 00:00	290.95	294.85	287.0	293.65000000000003	280975
29.11.2024 00:00	293.85	296.95	289.45	291.1	237695
02.12.2024 00:00	293.7	304.95	291.6	302.7	357460
03.12.2024 00:00	302.7	303.45	292.2	297.7	285409
04.12.2024 00:00	297.65000000000003	300.2	285.65000000000003	286.40000000000003	252868
05.12.2024 00:00	286.35	299.95	282.95	299.95	326898
06.12.2024 00:00	299.85	302.95	294.6	298.85	187314
09.12.2024 00:00	299.95	305.90000000000003	298.1	302.1	184524
10.12.2024 00:00	302.25	303.75	289.65000000000003	291.95	272536
11.12.2024 00:00	291.40000000000003	298.7	287.95	295.6	179671
12.12.2024 00:00	295.5	295.5	284.15000000000003	285.85	219142
13.12.2024 00:00	285.85	288.2	283.25	286.1	129221
16.12.2024 00:00	286.1	287.35	276.6	278.35	373855
17.12.2024 00:00	294.95	294.95	278.7	282.75	295202
18.12.2024 00:00	284.85	290.6	281.35	289.35	292584
19.12.2024 00:00	289.95	302.1	288.1	292.45	596226
20.12.2024 00:00	292.1	312.70000000000005	290.95	309.90000000000003	784766
23.12.2024 00:00	310.75	318.95000000000005	310.75	314.35	354471
24.12.2024 00:00	315.70000000000005	315.70000000000005	310.1	311.20000000000005	143441
25.12.2024 00:00	309.85	324.20000000000005	305.95	322.65000000000003	680582
26.12.2024 00:00	324.15000000000003	328.45000000000005	321.40000000000003	325.1	277823
27.12.2024 00:00	325.15000000000003	329.35	322.85	325.75	224393
28.12.2024 00:00	325.95000000000005	334.90000000000003	325.95000000000005	334.25	289953
30.12.2024 00:00	338.85	348.90000000000003	337.85	348.15000000000003	348509
03.01.2025 00:00	352.0	353.15000000000003	339.20000000000005	351.1	307162
06.01.2025 00:00	345.95000000000005	349.65000000000003	342.95000000000005	348.65000000000003	110047
08.01.2025 00:00	347.25	358.95000000000005	347.25	357.6	209226
09.01.2025 00:00	356.1	360.95000000000005	348.45000000000005	351.75	320016
10.01.2025 00:00	351.65000000000003	365.35	347.25	364.90000000000003	326018
13.01.2025 00:00	365.0	374.95000000000005	365.0	372.0	545269
14.01.2025 00:00	367.85	375.35	360.65000000000003	363.85	413375
15.01.2025 00:00	360.75	367.75	352.5	367.35	460687
16.01.2025 00:00	367.95000000000005	372.90000000000003	365.75	369.20000000000005	241446
17.01.2025 00:00	369.20000000000005	384.45000000000005	368.35	382.45000000000005	430670
20.01.2025 00:00	386.95000000000005	394.1	370.1	371.15000000000003	525954
21.01.2025 00:00	372.85	374.5	367.45000000000005	374.15000000000003	225268
22.01.2025 00:00	374.20000000000005	381.1	369.6	373.1	397557
23.01.2025 00:00	373.1	377.70000000000005	368.70000000000005	374.6	183651
24.01.2025 00:00	374.6	383.20000000000005	373.70000000000005	376.90000000000003	240436
27.01.2025 00:00	380.65000000000003	385.40000000000003	371.95000000000005	374.0	369417
28.01.2025 00:00	374.0	381.95000000000005	369.95000000000005	381.1	312377
29.01.2025 00:00	380.95000000000005	384.6	378.0	380.95000000000005	208474
30.01.2025 00:00	382.15000000000003	382.15000000000003	374.95000000000005	376.6	193006
31.01.2025 00:00	377.75	378.35	368.20000000000005	369.45000000000005	364294
03.02.2025 00:00	369.85	375.45000000000005	366.1	372.95000000000005	381241
04.02.2025 00:00	372.6	376.5	366.95000000000005	367.45000000000005	204414
05.02.2025 00:00	367.35	380.90000000000003	362.35	379.70000000000005	333775
06.02.2025 00:00	379.70000000000005	381.95000000000005	373.85	378.20000000000005	150566
07.02.2025 00:00	376.95000000000005	379.85	375.5	378.65000000000003	92909
10.02.2025 00:00	378.90000000000003	429.85	378.65000000000003	408.45000000000005	7091607
11.02.2025 00:00	409.20000000000005	432.3	409.20000000000005	429.15000000000003	11106088
12.02.2025 00:00	429.95000000000005	440.5	412.95000000000005	431.40000000000003	4296434
13.02.2025 00:00	431.5	458.5	424.20000000000005	428.0	1751897
14.02.2025 00:00	438.95000000000005	443.0	408.95000000000005	419.75	1707842
17.02.2025 00:00	431.35	438.90000000000003	422.40000000000003	437.1	620433
18.02.2025 00:00	437.15000000000003	441.55	422.55	428.55	755652
19.02.2025 00:00	428.55	437.6	420.95000000000005	431.45000000000005	510014
20.02.2025 00:00	431.45000000000005	444.35	428.85	436.40000000000003	577472
21.02.2025 00:00	439.6	448.6	436.35	445.75	816798
24.02.2025 00:00	445.95000000000005	494.95000000000005	441.35	494.95000000000005	1901636
25.02.2025 00:00	494.95000000000005	530.95	494.95000000000005	501.95000000000005	3811740
26.02.2025 00:00	502.55	512.25	472.90000000000003	487.45000000000005	2214136
27.02.2025 00:00	487.45000000000005	490.6	464.45000000000005	467.6	887837
28.02.2025 00:00	464.95000000000005	485.90000000000003	463.6	483.3	1044747
01.03.2025 00:00	483.05	483.15000000000003	476.85	480.25	28533
02.03.2025 00:00	478.95000000000005	479.35	474.70000000000005	474.75	19027
03.03.2025 00:00	476.95000000000005	485.75	453.75	479.45000000000005	1022512
04.03.2025 00:00	479.45000000000005	504.85	479.45000000000005	498.90000000000003	785499
05.03.2025 00:00	498.95000000000005	502.3	479.95000000000005	482.25	750430
06.03.2025 00:00	482.25	493.95000000000005	477.45000000000005	483.05	430657
07.03.2025 00:00	480.95000000000005	497.55	480.95000000000005	491.95000000000005	736165
10.03.2025 00:00	492.15000000000003	514.95	491.95000000000005	507.15000000000003	1735545
11.03.2025 00:00	506.95000000000005	511.8	501.0	505.65000000000003	805746
12.03.2025 00:00	505.75	507.15000000000003	487.15000000000003	493.6	738435
13.03.2025 00:00	493.95000000000005	512.95	483.05	507.3	1575883
14.03.2025 00:00	506.65000000000003	527.3000000000001	502.0	522.95	1367961
15.03.2025 00:00	522.7	525.8000000000001	520.2	523.2	25871
16.03.2025 00:00	522.95	528.0500000000001	522.85	528.0500000000001	56132
17.03.2025 00:00	527.45	533.6	522.35	528.5	652053
18.03.2025 00:00	527.3000000000001	530.5	515.7	519.95	851923
19.03.2025 00:00	518.95	524.6	512.45	523.25	391996
20.03.2025 00:00	523.25	553.95	522.1	553.85	3181105
21.03.2025 00:00	553.95	556.7	545.25	551.95	1168962
24.03.2025 00:00	552.0	561.0500000000001	543.7	547.1	1031642
25.03.2025 00:00	547.1	566.95	542.2	564.95	919334
26.03.2025 00:00	564.95	569.45	546.85	547.95	551580
27.03.2025 00:00	544.95	552.2	523.0500000000001	526.45	1448328
28.03.2025 00:00	525.95	534.95	502.95000000000005	510.15000000000003	1567772
29.03.2025 00:00	508.6	508.6	492.25	493.15000000000003	151665
30.03.2025 00:00	492.25	492.25	492.25	492.25	18512
31.03.2025 00:00	489.95000000000005	524.85	485.15000000000003	523.95	1415703
01.04.2025 00:00	525.45	532.95	494.6	498.40000000000003	1414777
02.04.2025 00:00	497.8	522.75	496.35	519.8000000000001	1008971
03.04.2025 00:00	521.95	530.95	486.05	506.5	1332845
04.04.2025 00:00	509.0	518.95	459.05	463.20000000000005	1893531
05.04.2025 00:00	462.95000000000005	474.8	456.85	467.95000000000005	293973
06.04.2025 00:00	470.20000000000005	479.55	470.20000000000005	477.95000000000005	120601
07.04.2025 00:00	468.90000000000003	468.90000000000003	409.35	433.45000000000005	4703063
08.04.2025 00:00	435.05	446.70000000000005	394.0	396.90000000000003	2313038
09.04.2025 00:00	391.1	403.85	351.95000000000005	400.90000000000003	7544285
10.04.2025 00:00	400.90000000000003	427.25	388.45000000000005	410.70000000000005	4509245
11.04.2025 00:00	409.95000000000005	429.95000000000005	405.40000000000003	429.1	1910541
12.04.2025 00:00	429.35	430.70000000000005	426.40000000000003	430.70000000000005	150045
13.04.2025 00:00	430.70000000000005	430.70000000000005	430.15000000000003	430.70000000000005	11039
14.04.2025 00:00	431.15000000000003	438.20000000000005	408.1	415.40000000000003	1703938
15.04.2025 00:00	413.45000000000005	429.6	412.85	428.1	1052499
16.04.2025 00:00	427.95000000000005	442.95000000000005	418.20000000000005	437.35	1404116
17.04.2025 00:00	437.35	449.15000000000003	435.5	444.95000000000005	1292405
18.04.2025 00:00	437.85	442.95000000000005	429.25	438.05	957926
21.04.2025 00:00	441.65000000000003	445.85	434.45000000000005	439.95000000000005	586734
22.04.2025 00:00	438.75	447.65000000000003	429.5	445.05	1068918
23.04.2025 00:00	445.05	446.55	429.95000000000005	435.6	523510
24.04.2025 00:00	435.8	439.45000000000005	429.75	431.45000000000005	269395
25.04.2025 00:00	432.25	444.65000000000003	430.95000000000005	439.15000000000003	409286
26.04.2025 00:00	441.0	452.1	441.0	448.95000000000005	391115
27.04.2025 00:00	449.20000000000005	451.6	447.8	450.75	65186
28.04.2025 00:00	450.35	454.70000000000005	441.70000000000005	443.40000000000003	755505
29.04.2025 00:00	442.95000000000005	445.45000000000005	416.40000000000003	421.8	575211
30.04.2025 00:00	422.95000000000005	422.95000000000005	395.35	408.85	1564548
02.05.2025 00:00	405.85	407.40000000000003	387.6	392.40000000000003	720683
03.05.2025 00:00	392.75	398.75	391.35	393.0	42749
04.05.2025 00:00	393.0	395.90000000000003	391.15000000000003	392.70000000000005	45835
05.05.2025 00:00	392.70000000000005	394.45000000000005	381.95000000000005	386.45000000000005	602993
06.05.2025 00:00	386.40000000000003	405.95000000000005	386.40000000000003	401.1	1324320
07.05.2025 00:00	401.1	405.5	390.95000000000005	401.95000000000005	777349
08.05.2025 00:00	403.85	412.75	400.6	405.25	452124
10.05.2025 00:00	406.15000000000003	407.70000000000005	402.1	403.6	37093
11.05.2025 00:00	413.70000000000005	413.70000000000005	407.1	410.90000000000003	125579
12.05.2025 00:00	412.95000000000005	421.1	412.20000000000005	415.1	411304
13.05.2025 00:00	417.35	419.95000000000005	407.95000000000005	409.6	449128
14.05.2025 00:00	411.1	414.95000000000005	400.1	403.45000000000005	509638
15.05.2025 00:00	398.65000000000003	406.25	396.95000000000005	401.85	284157
16.05.2025 00:00	402.75	403.5	388.45000000000005	398.35	472748
17.05.2025 00:00	398.20000000000005	408.95000000000005	397.1	406.90000000000003	55833
18.05.2025 00:00	407.95000000000005	408.95000000000005	405.1	408.85	42286
19.05.2025 00:00	409.90000000000003	409.90000000000003	400.0	400.0	265311
20.05.2025 00:00	400.1	404.6	394.45000000000005	396.0	193816
21.05.2025 00:00	396.6	400.5	382.95000000000005	386.95000000000005	372820
22.05.2025 00:00	386.95000000000005	387.5	368.6	372.5	743722
