datetime	open	high	low	close	volume
07.03.2018 00:00	2600.0	2600.0	2600.0	2600.0	1
09.03.2018 00:00	2590.0	2590.0	2510.0	2510.0	11
12.03.2018 00:00	2600.0	2600.0	2520.0	2530.0	64
13.03.2018 00:00	2560.0	2560.0	2560.0	2560.0	1
16.03.2018 00:00	2520.0	2530.0	2500.0	2500.0	9
19.03.2018 00:00	2490.0	2650.0	2490.0	2500.0	2
20.03.2018 00:00	2500.0	2630.0	2500.0	2500.0	152
21.03.2018 00:00	2560.0	2600.0	2070.0	2600.0	241
22.03.2018 00:00	2600.0	2630.0	2570.0	2570.0	58
23.03.2018 00:00	2560.0	2560.0	2500.0	2500.0	21
27.03.2018 00:00	2560.0	2560.0	2510.0	2520.0	14
28.03.2018 00:00	2510.0	2510.0	2510.0	2510.0	1
29.03.2018 00:00	2510.0	2510.0	2510.0	2510.0	1
03.04.2018 00:00	2500.0	2620.0	2500.0	2580.0	75
04.04.2018 00:00	2570.0	2570.0	2550.0	2570.0	84
05.04.2018 00:00	2560.0	2890.0	2420.0	2550.0	15
06.04.2018 00:00	2550.0	2550.0	2490.0	2530.0	14
09.04.2018 00:00	2890.0	2890.0	2640.0	2730.0	56
10.04.2018 00:00	2720.0	2720.0	2460.0	2650.0	89
11.04.2018 00:00	2650.0	2680.0	2390.0	2660.0	19
12.04.2018 00:00	2670.0	2670.0	2630.0	2630.0	8
16.04.2018 00:00	2770.0	2770.0	2400.0	2610.0	204
17.04.2018 00:00	2600.0	2630.0	2600.0	2600.0	1
18.04.2018 00:00	2600.0	2600.0	2590.0	2590.0	65
19.04.2018 00:00	2620.0	2690.0	2590.0	2590.0	4
20.04.2018 00:00	2600.0	2610.0	2600.0	2610.0	2
23.04.2018 00:00	2690.0	2700.0	2660.0	2700.0	19
24.04.2018 00:00	2660.0	3100.0	2650.0	2650.0	18
25.04.2018 00:00	2680.0	2720.0	2650.0	2720.0	84
26.04.2018 00:00	2710.0	2710.0	2650.0	2700.0	6
27.04.2018 00:00	2690.0	2690.0	2530.0	2650.0	153
28.04.2018 00:00	2620.0	2690.0	2600.0	2680.0	87
30.04.2018 00:00	2650.0	2670.0	2610.0	2610.0	19
02.05.2018 00:00	3150.0	3250.0	2900.0	2960.0	44
03.05.2018 00:00	3000.0	3000.0	2710.0	2760.0	920
04.05.2018 00:00	2760.0	2780.0	2590.0	2620.0	261
07.05.2018 00:00	2750.0	3000.0	2580.0	3000.0	402
08.05.2018 00:00	3000.0	3010.0	2800.0	2800.0	161
10.05.2018 00:00	2860.0	2880.0	2800.0	2800.0	48
11.05.2018 00:00	2790.0	2860.0	2700.0	2780.0	252
14.05.2018 00:00	2890.0	2890.0	2750.0	2810.0	91
15.05.2018 00:00	2810.0	2810.0	2760.0	2790.0	63
16.05.2018 00:00	2800.0	2800.0	2700.0	2760.0	273
17.05.2018 00:00	2760.0	2770.0	2740.0	2760.0	52
18.05.2018 00:00	2740.0	2760.0	2740.0	2750.0	13
21.05.2018 00:00	2740.0	2850.0	2740.0	2740.0	13
22.05.2018 00:00	2750.0	2800.0	2750.0	2800.0	153
23.05.2018 00:00	2770.0	2770.0	2700.0	2720.0	160
24.05.2018 00:00	2720.0	2750.0	2700.0	2720.0	180
25.05.2018 00:00	2700.0	2750.0	2700.0	2740.0	102
28.05.2018 00:00	2740.0	2880.0	2740.0	2810.0	345
29.05.2018 00:00	2820.0	2880.0	2800.0	2850.0	307
30.05.2018 00:00	2850.0	2870.0	2820.0	2830.0	201
31.05.2018 00:00	2830.0	2870.0	2770.0	2780.0	257
01.06.2018 00:00	2770.0	2830.0	2750.0	2820.0	194
04.06.2018 00:00	2880.0	2900.0	2820.0	2870.0	269
05.06.2018 00:00	2870.0	2920.0	2860.0	2890.0	174
06.06.2018 00:00	2890.0	2900.0	2880.0	2880.0	361
07.06.2018 00:00	2870.0	2880.0	2590.0	2650.0	1808
08.06.2018 00:00	2660.0	2730.0	2520.0	2540.0	1098
09.06.2018 00:00	2600.0	2600.0	2420.0	2450.0	822
11.06.2018 00:00	2450.0	2660.0	2450.0	2570.0	370
13.06.2018 00:00	2570.0	2570.0	2360.0	2470.0	829
14.06.2018 00:00	2460.0	2510.0	2280.0	2340.0	680
15.06.2018 00:00	2380.0	2440.0	2090.0	2160.0	1583
18.06.2018 00:00	2130.0	2160.0	1920.0	2010.0	1736
19.06.2018 00:00	2020.0	2030.0	1970.0	2010.0	524
20.06.2018 00:00	2030.0	2200.0	2000.0	2100.0	2321
21.06.2018 00:00	2120.0	2130.0	1990.0	2010.0	831
22.06.2018 00:00	1980.0	2040.0	1970.0	2000.0	116
25.06.2018 00:00	2000.0	2060.0	1980.0	2060.0	271
26.06.2018 00:00	2060.0	2120.0	2030.0	2120.0	391
27.06.2018 00:00	2090.0	2190.0	2070.0	2160.0	586
28.06.2018 00:00	2130.0	2130.0	2100.0	2100.0	188
29.06.2018 00:00	2090.0	2100.0	2000.0	2080.0	138
02.07.2018 00:00	2060.0	2060.0	1920.0	1960.0	578
03.07.2018 00:00	1950.0	1960.0	1930.0	1940.0	45
04.07.2018 00:00	1930.0	1960.0	1920.0	1960.0	88
05.07.2018 00:00	1930.0	1960.0	1920.0	1950.0	101
06.07.2018 00:00	1930.0	1940.0	1900.0	1900.0	116
09.07.2018 00:00	1950.0	1980.0	1940.0	1960.0	96
10.07.2018 00:00	1960.0	1970.0	1920.0	1970.0	160
11.07.2018 00:00	1960.0	1970.0	1960.0	1970.0	24
13.07.2018 00:00	1970.0	1970.0	1930.0	1970.0	31
16.07.2018 00:00	1960.0	1970.0	1940.0	1940.0	45
17.07.2018 00:00	1950.0	1990.0	1940.0	1980.0	160
18.07.2018 00:00	1990.0	1990.0	1950.0	1970.0	20
19.07.2018 00:00	1960.0	1960.0	1900.0	1940.0	104
20.07.2018 00:00	1940.0	1970.0	1930.0	1970.0	78
23.07.2018 00:00	1980.0	1990.0	1960.0	1980.0	19
24.07.2018 00:00	1980.0	2000.0	1930.0	1980.0	104
25.07.2018 00:00	1970.0	2090.0	1970.0	2050.0	263
26.07.2018 00:00	2050.0	2060.0	2030.0	2040.0	33
27.07.2018 00:00	2040.0	2040.0	2000.0	2000.0	215
30.07.2018 00:00	2020.0	2030.0	1960.0	1980.0	248
31.07.2018 00:00	1990.0	2000.0	1970.0	2000.0	31
01.08.2018 00:00	1990.0	2000.0	1950.0	1950.0	64
02.08.2018 00:00	1980.0	1980.0	1960.0	1960.0	2
03.08.2018 00:00	1970.0	1990.0	1930.0	1960.0	47
06.08.2018 00:00	1990.0	2010.0	1980.0	2010.0	108
07.08.2018 00:00	1990.0	2020.0	1970.0	2000.0	259
08.08.2018 00:00	2020.0	2020.0	1960.0	2010.0	158
09.08.2018 00:00	2000.0	2000.0	1980.0	2000.0	64
10.08.2018 00:00	1980.0	2000.0	1940.0	2000.0	239
13.08.2018 00:00	1990.0	2000.0	1940.0	1940.0	15
14.08.2018 00:00	1970.0	1970.0	1970.0	1970.0	8
15.08.2018 00:00	1940.0	1970.0	1940.0	1970.0	25
16.08.2018 00:00	1990.0	2000.0	1970.0	1970.0	98
17.08.2018 00:00	1980.0	2000.0	1970.0	2000.0	193
20.08.2018 00:00	2010.0	2010.0	1980.0	1980.0	23
21.08.2018 00:00	1960.0	1980.0	1900.0	1970.0	25
22.08.2018 00:00	1970.0	1970.0	1950.0	1950.0	43
23.08.2018 00:00	1950.0	1950.0	1940.0	1940.0	14
24.08.2018 00:00	1940.0	1960.0	1900.0	1940.0	17
27.08.2018 00:00	1940.0	1960.0	1930.0	1960.0	18
29.08.2018 00:00	1940.0	1940.0	1900.0	1900.0	15
30.08.2018 00:00	1930.0	1960.0	1930.0	1940.0	12
31.08.2018 00:00	1910.0	1950.0	1880.0	1930.0	43
03.09.2018 00:00	1930.0	1960.0	1930.0	1950.0	7
04.09.2018 00:00	1930.0	1940.0	1930.0	1940.0	4
05.09.2018 00:00	1880.0	1950.0	1880.0	1930.0	12
06.09.2018 00:00	1950.0	2000.0	1950.0	1980.0	272
07.09.2018 00:00	1980.0	1990.0	1960.0	1960.0	41
10.09.2018 00:00	1960.0	1960.0	1950.0	1960.0	65
11.09.2018 00:00	1940.0	2290.0	1920.0	2070.0	423
12.09.2018 00:00	1980.0	2100.0	1980.0	2090.0	480
13.09.2018 00:00	2060.0	2110.0	2060.0	2110.0	41
14.09.2018 00:00	2090.0	2090.0	2090.0	2090.0	1
17.09.2018 00:00	2100.0	2130.0	2100.0	2120.0	41
18.09.2018 00:00	2140.0	2150.0	2120.0	2130.0	23
19.09.2018 00:00	2140.0	2140.0	2130.0	2130.0	108
20.09.2018 00:00	2150.0	2150.0	1960.0	2100.0	221
21.09.2018 00:00	2090.0	2090.0	2030.0	2070.0	428
24.09.2018 00:00	2040.0	2060.0	2020.0	2030.0	46
25.09.2018 00:00	2000.0	2070.0	2000.0	2050.0	341
26.09.2018 00:00	2030.0	2030.0	2010.0	2010.0	59
27.09.2018 00:00	2010.0	2020.0	1920.0	2000.0	162
28.09.2018 00:00	2000.0	2090.0	1950.0	2090.0	212
01.10.2018 00:00	2100.0	2100.0	2070.0	2100.0	23
02.10.2018 00:00	2070.0	2090.0	2070.0	2090.0	3
03.10.2018 00:00	2090.0	2090.0	2090.0	2090.0	2
04.10.2018 00:00	2090.0	2090.0	2080.0	2080.0	23
05.10.2018 00:00	2040.0	2080.0	2040.0	2060.0	19
08.10.2018 00:00	2050.0	2070.0	2050.0	2070.0	11
09.10.2018 00:00	2060.0	2060.0	2060.0	2060.0	9
10.10.2018 00:00	2070.0	2070.0	2000.0	2030.0	96
11.10.2018 00:00	2020.0	2020.0	2010.0	2010.0	12
12.10.2018 00:00	2010.0	2030.0	1950.0	2000.0	27
15.10.2018 00:00	2000.0	2090.0	2000.0	2070.0	162
16.10.2018 00:00	2050.0	2050.0	2050.0	2050.0	1
17.10.2018 00:00	2030.0	2050.0	2000.0	2040.0	17
18.10.2018 00:00	2040.0	2040.0	2040.0	2040.0	7
19.10.2018 00:00	2040.0	2040.0	2030.0	2030.0	5
22.10.2018 00:00	2030.0	2040.0	2030.0	2040.0	7
23.10.2018 00:00	1980.0	2030.0	1970.0	2020.0	28
24.10.2018 00:00	2040.0	2060.0	2040.0	2060.0	11
25.10.2018 00:00	2010.0	2040.0	1990.0	2040.0	35
26.10.2018 00:00	2030.0	2030.0	1990.0	2020.0	26
29.10.2018 00:00	2020.0	2020.0	2020.0	2020.0	6
30.10.2018 00:00	2010.0	2050.0	2010.0	2030.0	35
31.10.2018 00:00	2020.0	2040.0	2010.0	2040.0	30
01.11.2018 00:00	2040.0	2040.0	2040.0	2040.0	2
02.11.2018 00:00	2010.0	2040.0	2010.0	2040.0	15
06.11.2018 00:00	1980.0	2020.0	1980.0	2010.0	21
07.11.2018 00:00	2020.0	2040.0	2020.0	2040.0	62
08.11.2018 00:00	2020.0	2030.0	2010.0	2030.0	38
09.11.2018 00:00	2010.0	2020.0	2010.0	2020.0	7
12.11.2018 00:00	1980.0	2040.0	1980.0	2030.0	228
13.11.2018 00:00	2030.0	2030.0	2010.0	2030.0	34
14.11.2018 00:00	2000.0	2030.0	2000.0	2030.0	15
15.11.2018 00:00	2030.0	2040.0	2030.0	2040.0	68
19.11.2018 00:00	2010.0	2030.0	2010.0	2030.0	53
20.11.2018 00:00	2020.0	2050.0	2020.0	2050.0	71
21.11.2018 00:00	2050.0	2050.0	2040.0	2050.0	10
22.11.2018 00:00	2040.0	2050.0	2040.0	2050.0	7
23.11.2018 00:00	2050.0	2050.0	2040.0	2040.0	15
26.11.2018 00:00	2010.0	2070.0	2010.0	2060.0	72
27.11.2018 00:00	2030.0	2060.0	2020.0	2060.0	25
28.11.2018 00:00	2030.0	2050.0	2020.0	2050.0	6
30.11.2018 00:00	2030.0	2050.0	2010.0	2050.0	20
03.12.2018 00:00	2020.0	2050.0	2020.0	2020.0	61
04.12.2018 00:00	2030.0	2050.0	2030.0	2050.0	37
05.12.2018 00:00	2050.0	2050.0	2040.0	2050.0	87
06.12.2018 00:00	2030.0	2030.0	2000.0	2010.0	87
07.12.2018 00:00	2040.0	2040.0	2020.0	2020.0	10
10.12.2018 00:00	2030.0	2040.0	2020.0	2020.0	6
11.12.2018 00:00	2010.0	2020.0	2010.0	2020.0	17
12.12.2018 00:00	2010.0	2010.0	2010.0	2010.0	13
13.12.2018 00:00	2030.0	2030.0	2030.0	2030.0	2
14.12.2018 00:00	2010.0	2040.0	2010.0	2010.0	10
18.12.2018 00:00	2040.0	2040.0	1910.0	2020.0	53
19.12.2018 00:00	2010.0	2030.0	1940.0	2010.0	253
20.12.2018 00:00	2000.0	2030.0	2000.0	2010.0	11
21.12.2018 00:00	1980.0	2050.0	1960.0	2050.0	75
24.12.2018 00:00	2020.0	2030.0	2020.0	2020.0	5
25.12.2018 00:00	2020.0	2020.0	2010.0	2010.0	71
26.12.2018 00:00	2010.0	2010.0	2010.0	2010.0	41
27.12.2018 00:00	2010.0	2030.0	1980.0	2000.0	156
28.12.2018 00:00	2000.0	2020.0	1990.0	2020.0	54
03.01.2019 00:00	2000.0	2030.0	1990.0	2030.0	6
04.01.2019 00:00	2030.0	2030.0	2030.0	2030.0	4
08.01.2019 00:00	2020.0	2020.0	2020.0	2020.0	3
09.01.2019 00:00	2020.0	2020.0	2010.0	2010.0	11
10.01.2019 00:00	2020.0	2030.0	2000.0	2030.0	23
11.01.2019 00:00	2030.0	2030.0	2030.0	2030.0	8
14.01.2019 00:00	2030.0	2560.0	2030.0	2380.0	3170
15.01.2019 00:00	2420.0	2540.0	2260.0	2310.0	3004
16.01.2019 00:00	2320.0	2400.0	2270.0	2370.0	789
17.01.2019 00:00	2380.0	2450.0	2300.0	2420.0	3117
18.01.2019 00:00	2420.0	2520.0	2320.0	2370.0	910
21.01.2019 00:00	2390.0	2420.0	2290.0	2310.0	405
22.01.2019 00:00	2300.0	2320.0	2290.0	2310.0	52
23.01.2019 00:00	2290.0	2290.0	2230.0	2260.0	115
24.01.2019 00:00	2250.0	2280.0	2250.0	2260.0	20
25.01.2019 00:00	2250.0	2260.0	2230.0	2250.0	149
28.01.2019 00:00	2240.0	2360.0	2240.0	2350.0	338
29.01.2019 00:00	2340.0	2340.0	2290.0	2330.0	78
30.01.2019 00:00	2300.0	2300.0	2250.0	2290.0	88
31.01.2019 00:00	2280.0	2320.0	2280.0	2320.0	129
01.02.2019 00:00	2320.0	2330.0	2240.0	2260.0	477
04.02.2019 00:00	2230.0	2230.0	2220.0	2220.0	63
05.02.2019 00:00	2220.0	2230.0	2180.0	2210.0	232
06.02.2019 00:00	2190.0	2200.0	2190.0	2200.0	37
07.02.2019 00:00	2190.0	2290.0	2180.0	2250.0	326
08.02.2019 00:00	2200.0	2280.0	2200.0	2250.0	100
11.02.2019 00:00	2240.0	2330.0	2200.0	2330.0	312
12.02.2019 00:00	2320.0	2330.0	2300.0	2300.0	52
13.02.2019 00:00	2320.0	2350.0	2300.0	2300.0	82
14.02.2019 00:00	2310.0	2310.0	2220.0	2310.0	54
15.02.2019 00:00	2300.0	2300.0	2250.0	2290.0	39
18.02.2019 00:00	2260.0	2290.0	2260.0	2290.0	16
19.02.2019 00:00	2290.0	2330.0	2290.0	2290.0	42
20.02.2019 00:00	2300.0	2300.0	2270.0	2280.0	56
21.02.2019 00:00	2290.0	2310.0	2270.0	2290.0	31
22.02.2019 00:00	2290.0	2300.0	2280.0	2280.0	5
25.02.2019 00:00	2270.0	2290.0	2160.0	2290.0	331
26.02.2019 00:00	2290.0	2290.0	2190.0	2280.0	102
27.02.2019 00:00	2200.0	2280.0	2190.0	2270.0	62
28.02.2019 00:00	2250.0	2280.0	2250.0	2270.0	35
01.03.2019 00:00	2280.0	2280.0	2270.0	2280.0	4
04.03.2019 00:00	2260.0	2280.0	2260.0	2260.0	35
05.03.2019 00:00	2260.0	2300.0	2250.0	2260.0	47
06.03.2019 00:00	2260.0	2410.0	2240.0	2360.0	366
07.03.2019 00:00	2350.0	2370.0	2340.0	2340.0	15
11.03.2019 00:00	2370.0	2390.0	2320.0	2320.0	130
12.03.2019 00:00	2310.0	2310.0	2300.0	2300.0	42
13.03.2019 00:00	2310.0	2310.0	2290.0	2290.0	14
14.03.2019 00:00	2240.0	2290.0	2230.0	2290.0	138
15.03.2019 00:00	2300.0	2300.0	2280.0	2300.0	16
18.03.2019 00:00	2310.0	2310.0	2300.0	2300.0	44
19.03.2019 00:00	2280.0	2320.0	2280.0	2320.0	54
20.03.2019 00:00	2300.0	2300.0	2280.0	2300.0	86
21.03.2019 00:00	2280.0	2310.0	2280.0	2310.0	29
22.03.2019 00:00	2300.0	2330.0	2270.0	2310.0	38
25.03.2019 00:00	2290.0	2310.0	2270.0	2280.0	112
26.03.2019 00:00	2280.0	2300.0	2280.0	2300.0	16
27.03.2019 00:00	2280.0	2310.0	2230.0	2310.0	83
28.03.2019 00:00	2270.0	2300.0	2250.0	2290.0	35
29.03.2019 00:00	2300.0	2370.0	2270.0	2360.0	162
01.04.2019 00:00	2330.0	2340.0	2320.0	2320.0	63
02.04.2019 00:00	2320.0	2320.0	2310.0	2320.0	67
03.04.2019 00:00	2310.0	2340.0	2300.0	2340.0	117
04.04.2019 00:00	2320.0	2330.0	2200.0	2210.0	606
05.04.2019 00:00	2200.0	2220.0	2100.0	2120.0	877
08.04.2019 00:00	2120.0	2150.0	2100.0	2120.0	115
09.04.2019 00:00	2130.0	2130.0	2100.0	2110.0	692
10.04.2019 00:00	2110.0	2120.0	2090.0	2100.0	179
11.04.2019 00:00	2100.0	2100.0	2080.0	2100.0	65
12.04.2019 00:00	2100.0	2100.0	2090.0	2090.0	43
15.04.2019 00:00	2090.0	2090.0	2080.0	2080.0	116
16.04.2019 00:00	2090.0	2090.0	2080.0	2080.0	58
17.04.2019 00:00	2090.0	2110.0	2090.0	2100.0	21
18.04.2019 00:00	2110.0	2110.0	2110.0	2110.0	2
19.04.2019 00:00	2090.0	2100.0	2090.0	2090.0	16
22.04.2019 00:00	2080.0	2170.0	2080.0	2140.0	73
23.04.2019 00:00	2150.0	2150.0	2130.0	2130.0	14
24.04.2019 00:00	2100.0	2140.0	2090.0	2140.0	69
25.04.2019 00:00	2110.0	2110.0	2080.0	2110.0	29
26.04.2019 00:00	2110.0	2130.0	2110.0	2130.0	9
29.04.2019 00:00	2130.0	2160.0	2130.0	2150.0	65
30.04.2019 00:00	2110.0	2200.0	2060.0	2130.0	319
02.05.2019 00:00	2130.0	2140.0	2070.0	2120.0	128
03.05.2019 00:00	2140.0	2140.0	2100.0	2120.0	45
06.05.2019 00:00	2170.0	2170.0	2100.0	2110.0	56
07.05.2019 00:00	2120.0	2160.0	2120.0	2120.0	111
08.05.2019 00:00	2120.0	2130.0	2110.0	2120.0	52
10.05.2019 00:00	2120.0	2130.0	2110.0	2110.0	27
13.05.2019 00:00	2120.0	2120.0	2110.0	2110.0	36
14.05.2019 00:00	2110.0	2120.0	2080.0	2100.0	64
15.05.2019 00:00	2100.0	2100.0	2080.0	2080.0	494
16.05.2019 00:00	2120.0	2120.0	2080.0	2100.0	79
17.05.2019 00:00	2090.0	2090.0	2080.0	2080.0	19
20.05.2019 00:00	2090.0	2100.0	2080.0	2080.0	56
21.05.2019 00:00	2080.0	2100.0	2060.0	2100.0	30
22.05.2019 00:00	2110.0	2110.0	2070.0	2080.0	58
23.05.2019 00:00	2100.0	2110.0	2100.0	2100.0	42
24.05.2019 00:00	2070.0	2080.0	2030.0	2050.0	275
27.05.2019 00:00	2070.0	2070.0	1990.0	2010.0	291
28.05.2019 00:00	2020.0	2020.0	1990.0	2010.0	41
29.05.2019 00:00	2000.0	2020.0	2000.0	2020.0	6
30.05.2019 00:00	2020.0	2020.0	2010.0	2020.0	48
31.05.2019 00:00	2060.0	2060.0	2010.0	2030.0	32
03.06.2019 00:00	2030.0	2070.0	2030.0	2070.0	89
04.06.2019 00:00	2060.0	2070.0	2060.0	2060.0	4
05.06.2019 00:00	2060.0	2070.0	2020.0	2070.0	53
06.06.2019 00:00	2050.0	2070.0	2000.0	2050.0	39
07.06.2019 00:00	2080.0	2080.0	2040.0	2060.0	54
10.06.2019 00:00	2050.0	2090.0	1960.0	1990.0	972
11.06.2019 00:00	1990.0	2010.0	1960.0	1960.0	163
13.06.2019 00:00	1980.0	1980.0	1920.0	1950.0	352
14.06.2019 00:00	1960.0	1980.0	1940.0	1980.0	102
17.06.2019 00:00	1960.0	1960.0	1930.0	1940.0	82
18.06.2019 00:00	1940.0	1970.0	1930.0	1950.0	126
19.06.2019 00:00	1960.0	1970.0	1940.0	1940.0	62
20.06.2019 00:00	1960.0	1960.0	1920.0	1960.0	167
21.06.2019 00:00	1940.0	1970.0	1940.0	1940.0	48
24.06.2019 00:00	1950.0	1950.0	1920.0	1940.0	41
25.06.2019 00:00	1940.0	1940.0	1930.0	1930.0	74
26.06.2019 00:00	1930.0	1940.0	1930.0	1940.0	27
27.06.2019 00:00	1940.0	1940.0	1940.0	1940.0	9
28.06.2019 00:00	1950.0	1950.0	1950.0	1950.0	3
01.07.2019 00:00	1930.0	1930.0	1920.0	1930.0	12
02.07.2019 00:00	1930.0	1940.0	1920.0	1930.0	28
03.07.2019 00:00	1920.0	1930.0	1910.0	1920.0	35
04.07.2019 00:00	1920.0	1950.0	1910.0	1940.0	14
05.07.2019 00:00	1920.0	1940.0	1920.0	1920.0	59
08.07.2019 00:00	1920.0	1960.0	1920.0	1940.0	54
09.07.2019 00:00	1950.0	1970.0	1950.0	1960.0	48
10.07.2019 00:00	1970.0	1970.0	1960.0	1970.0	24
11.07.2019 00:00	1970.0	1970.0	1950.0	1950.0	10
12.07.2019 00:00	1950.0	1950.0	1900.0	1940.0	97
15.07.2019 00:00	1940.0	1950.0	1920.0	1940.0	13
16.07.2019 00:00	1940.0	1960.0	1930.0	1960.0	59
17.07.2019 00:00	1930.0	1930.0	1930.0	1930.0	48
18.07.2019 00:00	1930.0	1950.0	1920.0	1920.0	11
19.07.2019 00:00	1950.0	1950.0	1900.0	1950.0	93
22.07.2019 00:00	1950.0	1950.0	1920.0	1930.0	60
23.07.2019 00:00	1910.0	1910.0	1910.0	1910.0	3
24.07.2019 00:00	1930.0	1940.0	1930.0	1940.0	11
25.07.2019 00:00	1920.0	1930.0	1900.0	1930.0	55
26.07.2019 00:00	1930.0	1930.0	1930.0	1930.0	1
29.07.2019 00:00	1910.0	1930.0	1910.0	1930.0	36
30.07.2019 00:00	1910.0	1930.0	1910.0	1910.0	18
31.07.2019 00:00	1930.0	1940.0	1920.0	1940.0	30
01.08.2019 00:00	1910.0	1920.0	1890.0	1920.0	18
02.08.2019 00:00	1920.0	1920.0	1890.0	1890.0	16
05.08.2019 00:00	1930.0	1950.0	1930.0	1930.0	51
06.08.2019 00:00	1940.0	1940.0	1910.0	1910.0	3
07.08.2019 00:00	1940.0	1940.0	1910.0	1910.0	5
08.08.2019 00:00	1920.0	1920.0	1920.0	1920.0	2
09.08.2019 00:00	1940.0	1940.0	1940.0	1940.0	36
12.08.2019 00:00	1940.0	1970.0	1910.0	1960.0	106
13.08.2019 00:00	1960.0	1960.0	1920.0	1960.0	31
14.08.2019 00:00	1950.0	1950.0	1950.0	1950.0	24
15.08.2019 00:00	1950.0	1950.0	1910.0	1940.0	63
16.08.2019 00:00	1940.0	1940.0	1920.0	1920.0	15
19.08.2019 00:00	1940.0	1940.0	1880.0	1910.0	61
20.08.2019 00:00	1900.0	1950.0	1890.0	1920.0	197
21.08.2019 00:00	1920.0	1950.0	1920.0	1920.0	166
22.08.2019 00:00	1920.0	1920.0	1890.0	1890.0	62
23.08.2019 00:00	1890.0	1900.0	1880.0	1890.0	104
26.08.2019 00:00	1910.0	1910.0	1880.0	1900.0	8
27.08.2019 00:00	1910.0	1910.0	1880.0	1880.0	9
28.08.2019 00:00	1880.0	1890.0	1870.0	1880.0	65
29.08.2019 00:00	1880.0	1880.0	1870.0	1870.0	19
30.08.2019 00:00	1880.0	1880.0	1880.0	1880.0	16
02.09.2019 00:00	1880.0	1880.0	1880.0	1880.0	5
03.09.2019 00:00	1890.0	2050.0	1890.0	2010.0	520
04.09.2019 00:00	2020.0	2150.0	1980.0	2060.0	1156
05.09.2019 00:00	2100.0	2100.0	1950.0	2030.0	557
06.09.2019 00:00	2030.0	2040.0	1990.0	2040.0	11
09.09.2019 00:00	2020.0	2040.0	2000.0	2030.0	44
10.09.2019 00:00	2030.0	2030.0	2020.0	2020.0	39
11.09.2019 00:00	2020.0	2020.0	2020.0	2020.0	173
12.09.2019 00:00	2000.0	2000.0	1970.0	1970.0	228
13.09.2019 00:00	1980.0	1980.0	1980.0	1980.0	17
16.09.2019 00:00	2000.0	2000.0	1980.0	1980.0	19
17.09.2019 00:00	1980.0	2000.0	1980.0	1990.0	21
18.09.2019 00:00	1990.0	2050.0	1960.0	1990.0	131
19.09.2019 00:00	1990.0	1990.0	1980.0	1980.0	4
23.09.2019 00:00	1980.0	1990.0	1960.0	1970.0	18
24.09.2019 00:00	1980.0	1980.0	1970.0	1970.0	10
25.09.2019 00:00	1970.0	1970.0	1970.0	1970.0	7
26.09.2019 00:00	1990.0	2000.0	1990.0	2000.0	5
27.09.2019 00:00	1980.0	1980.0	1980.0	1980.0	19
30.09.2019 00:00	1970.0	1970.0	1960.0	1960.0	23
01.10.2019 00:00	1960.0	1960.0	1960.0	1960.0	1
02.10.2019 00:00	1960.0	1970.0	1950.0	1950.0	33
03.10.2019 00:00	1950.0	1950.0	1940.0	1950.0	28
04.10.2019 00:00	1950.0	1950.0	1950.0	1950.0	3
07.10.2019 00:00	1940.0	1940.0	1940.0	1940.0	6
08.10.2019 00:00	1940.0	1940.0	1940.0	1940.0	50
09.10.2019 00:00	1960.0	1980.0	1940.0	1940.0	34
11.10.2019 00:00	1980.0	1990.0	1920.0	1940.0	109
14.10.2019 00:00	1950.0	1950.0	1950.0	1950.0	3
15.10.2019 00:00	1950.0	1980.0	1920.0	1940.0	29
16.10.2019 00:00	1940.0	1950.0	1940.0	1950.0	4
17.10.2019 00:00	1940.0	1940.0	1940.0	1940.0	16
18.10.2019 00:00	1970.0	1980.0	1940.0	1950.0	38
21.10.2019 00:00	1940.0	1940.0	1920.0	1940.0	43
22.10.2019 00:00	1930.0	1930.0	1930.0	1930.0	3
23.10.2019 00:00	1930.0	1970.0	1910.0	1950.0	13
24.10.2019 00:00	1940.0	1940.0	1910.0	1930.0	57
25.10.2019 00:00	1920.0	1920.0	1910.0	1920.0	18
28.10.2019 00:00	1920.0	1940.0	1900.0	1920.0	57
29.10.2019 00:00	1910.0	1930.0	1910.0	1930.0	44
30.10.2019 00:00	1930.0	1930.0	1910.0	1910.0	7
31.10.2019 00:00	1940.0	1960.0	1920.0	1920.0	73
01.11.2019 00:00	1920.0	1940.0	1900.0	1930.0	90
05.11.2019 00:00	1940.0	1960.0	1910.0	1940.0	38
06.11.2019 00:00	1940.0	1950.0	1940.0	1950.0	2
07.11.2019 00:00	1950.0	1960.0	1950.0	1960.0	6
08.11.2019 00:00	1930.0	1970.0	1930.0	1970.0	157
11.11.2019 00:00	1960.0	1960.0	1960.0	1960.0	1
12.11.2019 00:00	1950.0	1960.0	1950.0	1960.0	28
13.11.2019 00:00	1960.0	1980.0	1960.0	1980.0	95
14.11.2019 00:00	1980.0	1990.0	1960.0	1960.0	32
15.11.2019 00:00	1980.0	2000.0	1970.0	2000.0	118
18.11.2019 00:00	1970.0	2020.0	1970.0	2000.0	55
19.11.2019 00:00	1990.0	2020.0	1990.0	2020.0	93
20.11.2019 00:00	2010.0	2020.0	2010.0	2010.0	4
21.11.2019 00:00	1990.0	2020.0	1990.0	1990.0	25
22.11.2019 00:00	1990.0	1990.0	1960.0	1960.0	28
25.11.2019 00:00	1950.0	1970.0	1920.0	1970.0	33
26.11.2019 00:00	1950.0	1960.0	1940.0	1960.0	10
27.11.2019 00:00	1960.0	1970.0	1960.0	1970.0	9
28.11.2019 00:00	1950.0	1950.0	1940.0	1940.0	10
29.11.2019 00:00	1940.0	1950.0	1940.0	1940.0	9
02.12.2019 00:00	1940.0	1940.0	1890.0	1900.0	137
03.12.2019 00:00	1900.0	1900.0	1800.0	1850.0	254
04.12.2019 00:00	1850.0	1870.0	1850.0	1850.0	35
05.12.2019 00:00	1840.0	1840.0	1790.0	1810.0	331
06.12.2019 00:00	1810.0	1840.0	1800.0	1810.0	160
09.12.2019 00:00	1800.0	1810.0	1770.0	1810.0	135
10.12.2019 00:00	1820.0	1830.0	1820.0	1820.0	8
12.12.2019 00:00	1830.0	1830.0	1770.0	1790.0	215
13.12.2019 00:00	1800.0	1820.0	1750.0	1780.0	289
16.12.2019 00:00	1800.0	1830.0	1720.0	1770.0	360
17.12.2019 00:00	1770.0	1790.0	1760.0	1790.0	47
18.12.2019 00:00	1760.0	1780.0	1710.0	1730.0	216
19.12.2019 00:00	1740.0	1750.0	1700.0	1730.0	174
20.12.2019 00:00	1710.0	1740.0	1700.0	1740.0	94
23.12.2019 00:00	1710.0	1740.0	1710.0	1730.0	22
24.12.2019 00:00	1740.0	1740.0	1700.0	1710.0	149
25.12.2019 00:00	1700.0	1720.0	1700.0	1700.0	118
26.12.2019 00:00	1700.0	1740.0	1700.0	1710.0	141
27.12.2019 00:00	1710.0	1790.0	1710.0	1760.0	259
30.12.2019 00:00	1790.0	1790.0	1740.0	1740.0	56
03.01.2020 00:00	1770.0	1790.0	1770.0	1790.0	28
06.01.2020 00:00	1770.0	1800.0	1750.0	1760.0	41
08.01.2020 00:00	1760.0	1770.0	1750.0	1760.0	10
09.01.2020 00:00	1760.0	1810.0	1750.0	1780.0	124
10.01.2020 00:00	1800.0	1810.0	1630.0	1800.0	188
13.01.2020 00:00	1720.0	1830.0	1720.0	1800.0	214
14.01.2020 00:00	1800.0	1800.0	1760.0	1790.0	52
15.01.2020 00:00	1800.0	1820.0	1770.0	1790.0	150
16.01.2020 00:00	1790.0	1790.0	1780.0	1780.0	23
17.01.2020 00:00	1780.0	1810.0	1770.0	1800.0	32
20.01.2020 00:00	1810.0	1820.0	1770.0	1800.0	154
21.01.2020 00:00	1790.0	1820.0	1780.0	1820.0	100
22.01.2020 00:00	1810.0	1830.0	1810.0	1810.0	18
23.01.2020 00:00	1830.0	1830.0	1780.0	1790.0	33
24.01.2020 00:00	1790.0	1810.0	1770.0	1810.0	50
27.01.2020 00:00	1790.0	1830.0	1770.0	1790.0	35
28.01.2020 00:00	1790.0	1810.0	1790.0	1810.0	2
29.01.2020 00:00	1810.0	1840.0	1800.0	1840.0	102
30.01.2020 00:00	1820.0	1850.0	1820.0	1840.0	40
31.01.2020 00:00	1830.0	1850.0	1830.0	1840.0	24
03.02.2020 00:00	1820.0	1840.0	1820.0	1830.0	11
04.02.2020 00:00	1830.0	1870.0	1830.0	1860.0	162
05.02.2020 00:00	1850.0	1880.0	1850.0	1870.0	21
06.02.2020 00:00	1850.0	1880.0	1840.0	1850.0	27
07.02.2020 00:00	1850.0	1870.0	1810.0	1870.0	77
10.02.2020 00:00	1840.0	1870.0	1830.0	1870.0	18
11.02.2020 00:00	1850.0	1870.0	1850.0	1860.0	3
12.02.2020 00:00	1870.0	1870.0	1860.0	1860.0	8
13.02.2020 00:00	1840.0	1870.0	1830.0	1850.0	19
14.02.2020 00:00	1840.0	1860.0	1830.0	1860.0	44
17.02.2020 00:00	1870.0	1880.0	1840.0	1870.0	72
18.02.2020 00:00	1870.0	1880.0	1860.0	1870.0	23
19.02.2020 00:00	1860.0	1880.0	1850.0	1880.0	19
20.02.2020 00:00	1860.0	1880.0	1840.0	1870.0	28
21.02.2020 00:00	1870.0	1880.0	1860.0	1880.0	8
25.02.2020 00:00	1860.0	1870.0	1850.0	1870.0	8
26.02.2020 00:00	1850.0	1870.0	1830.0	1860.0	63
27.02.2020 00:00	1850.0	1870.0	1810.0	1840.0	44
28.02.2020 00:00	1820.0	1820.0	1650.0	1770.0	116
02.03.2020 00:00	1770.0	1800.0	1660.0	1760.0	45
03.03.2020 00:00	1780.0	1780.0	1720.0	1730.0	54
04.03.2020 00:00	1730.0	1750.0	1720.0	1730.0	26
05.03.2020 00:00	1750.0	1750.0	1720.0	1720.0	36
06.03.2020 00:00	1720.0	1720.0	1650.0	1700.0	71
10.03.2020 00:00	1620.0	1620.0	1300.0	1570.0	218
11.03.2020 00:00	1580.0	1590.0	1510.0	1560.0	85
12.03.2020 00:00	1510.0	1510.0	1450.0	1450.0	40
13.03.2020 00:00	1470.0	1540.0	1470.0	1500.0	61
16.03.2020 00:00	1440.0	1490.0	1130.0	1360.0	128
17.03.2020 00:00	1370.0	1390.0	1370.0	1380.0	21
18.03.2020 00:00	1360.0	1360.0	1200.0	1320.0	40
19.03.2020 00:00	1320.0	1380.0	1320.0	1380.0	15
20.03.2020 00:00	1380.0	1420.0	1350.0	1380.0	138
23.03.2020 00:00	1370.0	1400.0	1180.0	1340.0	98
24.03.2020 00:00	1320.0	1400.0	1320.0	1400.0	20
25.03.2020 00:00	1360.0	1430.0	1360.0	1410.0	82
26.03.2020 00:00	1360.0	1410.0	1360.0	1410.0	13
27.03.2020 00:00	1420.0	1420.0	1290.0	1400.0	15
30.03.2020 00:00	1370.0	1410.0	1370.0	1410.0	30
31.03.2020 00:00	1410.0	1430.0	1400.0	1410.0	31
01.04.2020 00:00	1420.0	1420.0	1400.0	1400.0	7
02.04.2020 00:00	1410.0	1440.0	1390.0	1430.0	137
03.04.2020 00:00	1430.0	1480.0	1430.0	1460.0	77
06.04.2020 00:00	1540.0	1670.0	1480.0	1570.0	407
07.04.2020 00:00	1550.0	1610.0	1510.0	1530.0	222
08.04.2020 00:00	1540.0	1590.0	1480.0	1500.0	63
09.04.2020 00:00	1530.0	1560.0	1500.0	1550.0	76
10.04.2020 00:00	1540.0	1570.0	1540.0	1570.0	8
13.04.2020 00:00	1570.0	1580.0	1550.0	1570.0	53
14.04.2020 00:00	1580.0	1610.0	1550.0	1600.0	154
15.04.2020 00:00	1580.0	1590.0	1490.0	1570.0	244
16.04.2020 00:00	1570.0	1690.0	1550.0	1660.0	191
17.04.2020 00:00	1650.0	1660.0	1600.0	1610.0	61
20.04.2020 00:00	1580.0	1620.0	1580.0	1620.0	55
21.04.2020 00:00	1600.0	1600.0	1450.0	1570.0	62
22.04.2020 00:00	1570.0	1590.0	1560.0	1590.0	10
23.04.2020 00:00	1590.0	1610.0	1570.0	1590.0	15
24.04.2020 00:00	1610.0	1630.0	1590.0	1600.0	7
27.04.2020 00:00	1630.0	1640.0	1620.0	1640.0	17
28.04.2020 00:00	1630.0	1650.0	1620.0	1650.0	14
29.04.2020 00:00	1650.0	1690.0	1650.0	1680.0	25
30.04.2020 00:00	1660.0	1680.0	1660.0	1680.0	9
04.05.2020 00:00	1660.0	1660.0	1630.0	1650.0	9
05.05.2020 00:00	1640.0	1650.0	1630.0	1650.0	8
06.05.2020 00:00	1650.0	1650.0	1630.0	1650.0	10
07.05.2020 00:00	1670.0	1670.0	1630.0	1640.0	12
08.05.2020 00:00	1640.0	1650.0	1530.0	1620.0	66
12.05.2020 00:00	1620.0	1630.0	1620.0	1630.0	9
13.05.2020 00:00	1610.0	1610.0	1550.0	1570.0	82
14.05.2020 00:00	1560.0	1620.0	1520.0	1540.0	120
15.05.2020 00:00	1540.0	1570.0	1530.0	1570.0	43
18.05.2020 00:00	1570.0	1590.0	1540.0	1590.0	30
19.05.2020 00:00	1590.0	1610.0	1570.0	1600.0	54
20.05.2020 00:00	1600.0	1620.0	1580.0	1610.0	37
21.05.2020 00:00	1610.0	1610.0	1610.0	1610.0	10
22.05.2020 00:00	1610.0	1620.0	1580.0	1590.0	36
25.05.2020 00:00	1590.0	1590.0	1580.0	1590.0	38
26.05.2020 00:00	1600.0	1600.0	1570.0	1600.0	31
27.05.2020 00:00	1590.0	1610.0	1590.0	1600.0	9
28.05.2020 00:00	1600.0	1600.0	1600.0	1600.0	2
29.05.2020 00:00	1600.0	1610.0	1580.0	1590.0	17
01.06.2020 00:00	1580.0	1600.0	1570.0	1570.0	40
02.06.2020 00:00	1570.0	1580.0	1560.0	1580.0	38
03.06.2020 00:00	1580.0	1580.0	1560.0	1570.0	16
04.06.2020 00:00	1570.0	1850.0	1530.0	1620.0	1414
05.06.2020 00:00	1610.0	1640.0	1580.0	1580.0	103
08.06.2020 00:00	1600.0	1600.0	1500.0	1570.0	334
09.06.2020 00:00	1600.0	1610.0	1580.0	1610.0	31
10.06.2020 00:00	1590.0	1660.0	1570.0	1590.0	128
11.06.2020 00:00	1590.0	1610.0	1590.0	1610.0	32
15.06.2020 00:00	1580.0	1600.0	1560.0	1600.0	34
16.06.2020 00:00	1620.0	1620.0	1560.0	1610.0	34
17.06.2020 00:00	1610.0	1610.0	1610.0	1610.0	5
19.06.2020 00:00	1590.0	1610.0	1580.0	1610.0	33
22.06.2020 00:00	1600.0	1610.0	1590.0	1600.0	25
23.06.2020 00:00	1600.0	1620.0	1600.0	1620.0	11
25.06.2020 00:00	1620.0	1620.0	1610.0	1610.0	2
26.06.2020 00:00	1600.0	1600.0	1600.0	1600.0	1
29.06.2020 00:00	1600.0	1620.0	1600.0	1600.0	11
30.06.2020 00:00	1590.0	1610.0	1550.0	1610.0	33
02.07.2020 00:00	1620.0	1650.0	1610.0	1620.0	76
03.07.2020 00:00	1640.0	1640.0	1630.0	1640.0	102
06.07.2020 00:00	1630.0	1640.0	1570.0	1620.0	98
07.07.2020 00:00	1600.0	1630.0	1600.0	1620.0	11
08.07.2020 00:00	1620.0	1620.0	1620.0	1620.0	8
09.07.2020 00:00	1600.0	1610.0	1570.0	1610.0	18
10.07.2020 00:00	1600.0	1600.0	1590.0	1590.0	75
13.07.2020 00:00	1600.0	1640.0	1590.0	1590.0	291
14.07.2020 00:00	1580.0	1600.0	1570.0	1600.0	34
15.07.2020 00:00	1600.0	1620.0	1570.0	1590.0	137
16.07.2020 00:00	1590.0	1600.0	1590.0	1600.0	15
17.07.2020 00:00	1600.0	1600.0	1560.0	1600.0	36
20.07.2020 00:00	1600.0	1600.0	1570.0	1590.0	15
21.07.2020 00:00	1590.0	1600.0	1590.0	1600.0	8
22.07.2020 00:00	1570.0	1590.0	1570.0	1590.0	46
23.07.2020 00:00	1590.0	1590.0	1570.0	1580.0	19
24.07.2020 00:00	1570.0	1590.0	1570.0	1590.0	15
27.07.2020 00:00	1590.0	1600.0	1590.0	1590.0	18
28.07.2020 00:00	1590.0	1600.0	1550.0	1570.0	121
29.07.2020 00:00	1590.0	1590.0	1570.0	1570.0	6
30.07.2020 00:00	1590.0	2130.0	1590.0	2020.0	13335
31.07.2020 00:00	2000.0	2140.0	1720.0	1760.0	5454
03.08.2020 00:00	1740.0	1750.0	1680.0	1700.0	542
04.08.2020 00:00	1700.0	1850.0	1650.0	1700.0	2786
05.08.2020 00:00	1730.0	1730.0	1650.0	1690.0	562
06.08.2020 00:00	1690.0	1900.0	1670.0	1800.0	1883
07.08.2020 00:00	1800.0	1890.0	1770.0	1830.0	1387
10.08.2020 00:00	1840.0	1840.0	1790.0	1830.0	205
11.08.2020 00:00	1830.0	1870.0	1800.0	1820.0	737
12.08.2020 00:00	1830.0	1880.0	1800.0	1830.0	324
13.08.2020 00:00	1840.0	1910.0	1840.0	1850.0	906
14.08.2020 00:00	1870.0	1890.0	1850.0	1890.0	247
17.08.2020 00:00	1900.0	1900.0	1840.0	1850.0	362
18.08.2020 00:00	1860.0	1880.0	1830.0	1840.0	171
19.08.2020 00:00	1850.0	1890.0	1840.0	1880.0	178
20.08.2020 00:00	1860.0	1890.0	1850.0	1880.0	305
21.08.2020 00:00	1860.0	1890.0	1850.0	1860.0	115
24.08.2020 00:00	1870.0	1900.0	1870.0	1890.0	485
25.08.2020 00:00	1900.0	1900.0	1860.0	1900.0	230
26.08.2020 00:00	1900.0	1910.0	1860.0	1900.0	171
27.08.2020 00:00	1900.0	1900.0	1860.0	1880.0	230
28.08.2020 00:00	1890.0	1910.0	1880.0	1880.0	108
31.08.2020 00:00	1880.0	1910.0	1870.0	1870.0	330
01.09.2020 00:00	1870.0	1910.0	1870.0	1880.0	255
02.09.2020 00:00	1910.0	1910.0	1800.0	1840.0	420
03.09.2020 00:00	1820.0	1850.0	1720.0	1840.0	178
04.09.2020 00:00	1830.0	1830.0	1750.0	1770.0	129
07.09.2020 00:00	1800.0	1880.0	1790.0	1860.0	212
08.09.2020 00:00	1860.0	1880.0	1840.0	1860.0	162
09.09.2020 00:00	1850.0	1880.0	1850.0	1880.0	68
10.09.2020 00:00	1880.0	1900.0	1860.0	1890.0	218
11.09.2020 00:00	1890.0	1900.0	1880.0	1880.0	73
14.09.2020 00:00	1910.0	1930.0	1850.0	1920.0	754
15.09.2020 00:00	1900.0	1960.0	1890.0	1940.0	402
16.09.2020 00:00	1960.0	1970.0	1910.0	1910.0	866
17.09.2020 00:00	1950.0	1960.0	1850.0	1920.0	640
18.09.2020 00:00	1940.0	1950.0	1910.0	1920.0	178
21.09.2020 00:00	1950.0	1950.0	1900.0	1920.0	359
22.09.2020 00:00	1930.0	1930.0	1840.0	1840.0	387
23.09.2020 00:00	1830.0	1850.0	1790.0	1820.0	348
24.09.2020 00:00	1800.0	1850.0	1410.0	1820.0	566
25.09.2020 00:00	1670.0	1780.0	1670.0	1700.0	442
28.09.2020 00:00	1680.0	1720.0	1600.0	1680.0	216
29.09.2020 00:00	1680.0	1690.0	1620.0	1650.0	154
30.09.2020 00:00	1630.0	1640.0	1390.0	1580.0	899
01.10.2020 00:00	1590.0	1590.0	1510.0	1540.0	418
02.10.2020 00:00	1530.0	1540.0	1510.0	1530.0	46
05.10.2020 00:00	1550.0	1550.0	1530.0	1550.0	37
06.10.2020 00:00	1520.0	1600.0	1520.0	1600.0	246
07.10.2020 00:00	1570.0	1600.0	1540.0	1570.0	79
08.10.2020 00:00	1560.0	1570.0	1550.0	1560.0	7
09.10.2020 00:00	1590.0	1600.0	1460.0	1540.0	219
12.10.2020 00:00	1540.0	1560.0	1540.0	1550.0	17
13.10.2020 00:00	1530.0	1560.0	1530.0	1560.0	42
14.10.2020 00:00	1560.0	1570.0	1500.0	1530.0	35
15.10.2020 00:00	1560.0	1590.0	1520.0	1530.0	191
16.10.2020 00:00	1530.0	1530.0	1500.0	1520.0	63
19.10.2020 00:00	1520.0	1550.0	1320.0	1450.0	775
20.10.2020 00:00	1440.0	1440.0	1390.0	1420.0	192
21.10.2020 00:00	1420.0	1440.0	1420.0	1440.0	32
22.10.2020 00:00	1430.0	1500.0	1430.0	1480.0	62
23.10.2020 00:00	1460.0	1500.0	1440.0	1470.0	128
26.10.2020 00:00	1490.0	1500.0	1470.0	1480.0	16
27.10.2020 00:00	1490.0	1490.0	1470.0	1470.0	23
28.10.2020 00:00	1480.0	1490.0	1410.0	1430.0	103
29.10.2020 00:00	1430.0	1430.0	1410.0	1430.0	15
30.10.2020 00:00	1430.0	1430.0	1410.0	1420.0	7
02.11.2020 00:00	1420.0	1420.0	1390.0	1410.0	53
03.11.2020 00:00	1420.0	1430.0	1420.0	1430.0	10
05.11.2020 00:00	1430.0	1430.0	1400.0	1410.0	107
06.11.2020 00:00	1420.0	1440.0	1410.0	1440.0	44
09.11.2020 00:00	1440.0	1470.0	1440.0	1470.0	86
10.11.2020 00:00	1460.0	1490.0	1440.0	1490.0	113
11.11.2020 00:00	1470.0	1500.0	1470.0	1490.0	38
12.11.2020 00:00	1500.0	1510.0	1480.0	1510.0	60
13.11.2020 00:00	1510.0	1510.0	1480.0	1510.0	32
16.11.2020 00:00	1510.0	1520.0	1490.0	1490.0	120
17.11.2020 00:00	1490.0	1510.0	1490.0	1510.0	49
18.11.2020 00:00	1490.0	1500.0	1450.0	1480.0	156
19.11.2020 00:00	1490.0	1560.0	1480.0	1520.0	233
20.11.2020 00:00	1520.0	1530.0	1500.0	1520.0	195
23.11.2020 00:00	1500.0	1530.0	1490.0	1520.0	26
24.11.2020 00:00	1520.0	1530.0	1520.0	1520.0	21
25.11.2020 00:00	1530.0	1530.0	1510.0	1510.0	20
26.11.2020 00:00	1540.0	1540.0	1500.0	1500.0	27
27.11.2020 00:00	1510.0	1520.0	1510.0	1510.0	14
30.11.2020 00:00	1520.0	1520.0	1510.0	1510.0	31
01.12.2020 00:00	1500.0	1520.0	1490.0	1500.0	70
02.12.2020 00:00	1500.0	1540.0	1490.0	1520.0	43
03.12.2020 00:00	1530.0	1530.0	1520.0	1520.0	20
04.12.2020 00:00	1520.0	1560.0	1500.0	1530.0	216
07.12.2020 00:00	1570.0	1650.0	1520.0	1550.0	345
08.12.2020 00:00	1550.0	1560.0	1550.0	1550.0	55
09.12.2020 00:00	1540.0	1550.0	1510.0	1520.0	21
10.12.2020 00:00	1550.0	1550.0	1550.0	1550.0	2
11.12.2020 00:00	1530.0	1540.0	1490.0	1530.0	130
14.12.2020 00:00	1530.0	1550.0	1520.0	1530.0	41
15.12.2020 00:00	1530.0	1530.0	1520.0	1520.0	26
16.12.2020 00:00	1520.0	1540.0	1480.0	1510.0	81
17.12.2020 00:00	1520.0	1560.0	1510.0	1520.0	90
18.12.2020 00:00	1520.0	1520.0	1500.0	1520.0	45
21.12.2020 00:00	1510.0	1560.0	1480.0	1510.0	129
22.12.2020 00:00	1510.0	1540.0	1500.0	1520.0	23
23.12.2020 00:00	1510.0	1530.0	1490.0	1510.0	29
24.12.2020 00:00	1530.0	1530.0	1500.0	1520.0	45
25.12.2020 00:00	1510.0	1540.0	1500.0	1510.0	60
28.12.2020 00:00	1520.0	1530.0	1520.0	1530.0	15
29.12.2020 00:00	1510.0	1540.0	1500.0	1520.0	54
30.12.2020 00:00	1500.0	1530.0	1500.0	1510.0	8
04.01.2021 00:00	1500.0	1540.0	1500.0	1540.0	19
05.01.2021 00:00	1540.0	1540.0	1520.0	1540.0	41
06.01.2021 00:00	1540.0	1550.0	1540.0	1540.0	6
08.01.2021 00:00	1540.0	1570.0	1540.0	1570.0	171
11.01.2021 00:00	1540.0	1560.0	1540.0	1550.0	18
12.01.2021 00:00	1550.0	1570.0	1510.0	1530.0	174
13.01.2021 00:00	1540.0	1550.0	1500.0	1550.0	53
14.01.2021 00:00	1540.0	1560.0	1520.0	1550.0	77
18.01.2021 00:00	1560.0	1560.0	1540.0	1540.0	19
19.01.2021 00:00	1540.0	1560.0	1530.0	1560.0	39
20.01.2021 00:00	1560.0	1570.0	1520.0	1550.0	43
21.01.2021 00:00	1550.0	1560.0	1540.0	1560.0	6
22.01.2021 00:00	1560.0	1780.0	1550.0	1580.0	4919
25.01.2021 00:00	1580.0	1590.0	1520.0	1570.0	347
26.01.2021 00:00	1540.0	1550.0	1530.0	1540.0	124
27.01.2021 00:00	1570.0	1570.0	1530.0	1540.0	84
28.01.2021 00:00	1540.0	1560.0	1530.0	1560.0	25
29.01.2021 00:00	1560.0	1560.0	1490.0	1520.0	421
01.02.2021 00:00	1530.0	1550.0	1510.0	1550.0	64
02.02.2021 00:00	1550.0	1550.0	1550.0	1550.0	10
03.02.2021 00:00	1540.0	1550.0	1520.0	1540.0	41
04.02.2021 00:00	1530.0	1560.0	1520.0	1550.0	24
05.02.2021 00:00	1540.0	1560.0	1540.0	1550.0	4
08.02.2021 00:00	1570.0	1720.0	1550.0	1590.0	848
09.02.2021 00:00	1580.0	1610.0	1560.0	1600.0	239
10.02.2021 00:00	1580.0	1710.0	1580.0	1670.0	1522
11.02.2021 00:00	1640.0	1650.0	1610.0	1620.0	58
12.02.2021 00:00	1640.0	1640.0	1590.0	1610.0	50
15.02.2021 00:00	1620.0	1640.0	1620.0	1630.0	32
16.02.2021 00:00	1610.0	1640.0	1610.0	1640.0	22
17.02.2021 00:00	1630.0	1630.0	1610.0	1630.0	8
18.02.2021 00:00	1620.0	1640.0	1600.0	1620.0	41
19.02.2021 00:00	1640.0	1650.0	1600.0	1630.0	119
20.02.2021 00:00	1640.0	1670.0	1620.0	1630.0	75
22.02.2021 00:00	1680.0	1700.0	1610.0	1660.0	186
24.02.2021 00:00	1660.0	1700.0	1630.0	1670.0	96
25.02.2021 00:00	1670.0	1690.0	1660.0	1660.0	19
26.02.2021 00:00	1660.0	1660.0	1640.0	1660.0	8
01.03.2021 00:00	1640.0	1660.0	1640.0	1660.0	16
02.03.2021 00:00	1650.0	1650.0	1620.0	1650.0	17
03.03.2021 00:00	1650.0	1690.0	1640.0	1660.0	62
04.03.2021 00:00	1660.0	1710.0	1630.0	1700.0	385
05.03.2021 00:00	1700.0	1720.0	1670.0	1670.0	71
09.03.2021 00:00	1660.0	1660.0	1640.0	1650.0	39
10.03.2021 00:00	1650.0	1670.0	1640.0	1640.0	23
11.03.2021 00:00	1640.0	1660.0	1640.0	1640.0	27
12.03.2021 00:00	1660.0	1690.0	1660.0	1680.0	19
15.03.2021 00:00	1660.0	1690.0	1660.0	1690.0	10
16.03.2021 00:00	1660.0	1670.0	1610.0	1660.0	69
17.03.2021 00:00	1650.0	1650.0	1620.0	1620.0	76
18.03.2021 00:00	1620.0	1620.0	1600.0	1620.0	25
19.03.2021 00:00	1620.0	1630.0	1610.0	1630.0	17
22.03.2021 00:00	1630.0	1630.0	1610.0	1610.0	37
23.03.2021 00:00	1630.0	1690.0	1610.0	1640.0	296
24.03.2021 00:00	1630.0	1650.0	1590.0	1610.0	428
25.03.2021 00:00	1610.0	1630.0	1600.0	1600.0	45
26.03.2021 00:00	1630.0	1630.0	1610.0	1610.0	13
29.03.2021 00:00	1630.0	1630.0	1620.0	1630.0	18
30.03.2021 00:00	1610.0	1640.0	1610.0	1620.0	8
31.03.2021 00:00	1610.0	1640.0	1600.0	1630.0	69
01.04.2021 00:00	1640.0	1650.0	1620.0	1650.0	51
02.04.2021 00:00	1660.0	1660.0	1640.0	1640.0	17
05.04.2021 00:00	1640.0	1640.0	1640.0	1640.0	3
06.04.2021 00:00	1660.0	1660.0	1640.0	1640.0	39
07.04.2021 00:00	1660.0	1770.0	1650.0	1690.0	1004
08.04.2021 00:00	1690.0	1700.0	1650.0	1670.0	202
09.04.2021 00:00	1670.0	1720.0	1670.0	1720.0	87
12.04.2021 00:00	1690.0	1730.0	1690.0	1720.0	50
13.04.2021 00:00	1740.0	1750.0	1740.0	1740.0	77
14.04.2021 00:00	1740.0	1780.0	1740.0	1770.0	50
15.04.2021 00:00	1780.0	1790.0	1720.0	1750.0	81
16.04.2021 00:00	1770.0	1960.0	1730.0	1870.0	1712
19.04.2021 00:00	1870.0	1940.0	1810.0	1850.0	519
20.04.2021 00:00	1880.0	1930.0	1830.0	1880.0	213
21.04.2021 00:00	1860.0	1920.0	1860.0	1900.0	105
22.04.2021 00:00	1900.0	1900.0	1880.0	1890.0	152
23.04.2021 00:00	1910.0	1940.0	1890.0	1920.0	371
26.04.2021 00:00	1940.0	1940.0	1850.0	1850.0	448
27.04.2021 00:00	1880.0	1900.0	1870.0	1890.0	123
28.04.2021 00:00	1890.0	1910.0	1860.0	1860.0	77
29.04.2021 00:00	1890.0	1920.0	1880.0	1910.0	274
30.04.2021 00:00	1920.0	1940.0	1890.0	1910.0	151
04.05.2021 00:00	1910.0	1930.0	1890.0	1910.0	169
05.05.2021 00:00	1930.0	1940.0	1900.0	1900.0	66
06.05.2021 00:00	1920.0	1920.0	1890.0	1900.0	58
07.05.2021 00:00	1900.0	1980.0	1890.0	1930.0	294
10.05.2021 00:00	1930.0	1990.0	1930.0	1970.0	317
11.05.2021 00:00	1940.0	2030.0	1880.0	1990.0	932
12.05.2021 00:00	1990.0	2040.0	1980.0	2040.0	477
13.05.2021 00:00	2020.0	2050.0	1920.0	1980.0	599
14.05.2021 00:00	2000.0	2040.0	2000.0	2020.0	104
17.05.2021 00:00	2040.0	2050.0	1990.0	2020.0	308
18.05.2021 00:00	2020.0	2040.0	1980.0	2000.0	152
19.05.2021 00:00	1980.0	2000.0	1910.0	1920.0	240
20.05.2021 00:00	1990.0	2030.0	1900.0	1940.0	642
21.05.2021 00:00	1950.0	1960.0	1910.0	1950.0	259
24.05.2021 00:00	1960.0	2010.0	1940.0	1980.0	194
25.05.2021 00:00	1950.0	1990.0	1950.0	1960.0	280
26.05.2021 00:00	1940.0	1970.0	1890.0	1950.0	339
27.05.2021 00:00	1910.0	1960.0	1890.0	1920.0	320
28.05.2021 00:00	1900.0	1930.0	1830.0	1930.0	439
31.05.2021 00:00	1940.0	2010.0	1930.0	1990.0	1083
01.06.2021 00:00	2030.0	2040.0	1990.0	2030.0	1256
02.06.2021 00:00	2000.0	2050.0	2000.0	2010.0	662
03.06.2021 00:00	2030.0	2030.0	1950.0	2000.0	478
04.06.2021 00:00	1970.0	2070.0	1950.0	2020.0	2232
07.06.2021 00:00	2010.0	2010.0	1820.0	1860.0	1189
08.06.2021 00:00	1840.0	1860.0	1710.0	1720.0	1111
09.06.2021 00:00	1730.0	1740.0	1710.0	1730.0	262
10.06.2021 00:00	1750.0	1760.0	1730.0	1730.0	116
11.06.2021 00:00	1750.0	1750.0	1730.0	1730.0	68
14.06.2021 00:00	1740.0	1740.0	1720.0	1720.0	122
15.06.2021 00:00	1720.0	1740.0	1710.0	1730.0	158
16.06.2021 00:00	1720.0	1740.0	1710.0	1730.0	94
17.06.2021 00:00	1730.0	1740.0	1720.0	1730.0	102
18.06.2021 00:00	1720.0	1730.0	1710.0	1720.0	123
21.06.2021 00:00	1710.0	1730.0	1710.0	1720.0	49
22.06.2021 00:00	1700.0	1720.0	1700.0	1710.0	57
23.06.2021 00:00	1700.0	1730.0	1700.0	1720.0	45
24.06.2021 00:00	1720.0	1740.0	1710.0	1710.0	180
25.06.2021 00:00	1730.0	1730.0	1700.0	1720.0	69
28.06.2021 00:00	1710.0	1720.0	1700.0	1700.0	361
29.06.2021 00:00	1710.0	1720.0	1700.0	1700.0	33
30.06.2021 00:00	1700.0	1700.0	1690.0	1700.0	15
01.07.2021 00:00	1700.0	1730.0	1700.0	1720.0	104
02.07.2021 00:00	1710.0	1710.0	1710.0	1710.0	17
05.07.2021 00:00	1720.0	1730.0	1700.0	1720.0	18
06.07.2021 00:00	1710.0	1710.0	1700.0	1700.0	51
07.07.2021 00:00	1690.0	1720.0	1690.0	1700.0	56
08.07.2021 00:00	1700.0	1700.0	1690.0	1700.0	57
09.07.2021 00:00	1680.0	1700.0	1680.0	1690.0	66
12.07.2021 00:00	1680.0	1710.0	1680.0	1690.0	29
13.07.2021 00:00	1680.0	1690.0	1670.0	1680.0	65
14.07.2021 00:00	1670.0	1680.0	1670.0	1680.0	43
15.07.2021 00:00	1660.0	1680.0	1660.0	1670.0	30
16.07.2021 00:00	1670.0	1670.0	1640.0	1670.0	46
19.07.2021 00:00	1670.0	1670.0	1650.0	1660.0	32
20.07.2021 00:00	1650.0	1660.0	1640.0	1650.0	25
21.07.2021 00:00	1650.0	1660.0	1640.0	1650.0	33
22.07.2021 00:00	1650.0	1650.0	1610.0	1630.0	88
23.07.2021 00:00	1630.0	1630.0	1610.0	1610.0	82
26.07.2021 00:00	1630.0	1630.0	1620.0	1630.0	5
27.07.2021 00:00	1620.0	1630.0	1610.0	1630.0	19
28.07.2021 00:00	1630.0	1630.0	1610.0	1630.0	13
29.07.2021 00:00	1630.0	1650.0	1630.0	1650.0	44
30.07.2021 00:00	1640.0	1650.0	1630.0	1650.0	30
02.08.2021 00:00	1620.0	1640.0	1620.0	1630.0	24
03.08.2021 00:00	1620.0	1630.0	1610.0	1620.0	35
04.08.2021 00:00	1620.0	1630.0	1620.0	1620.0	42
05.08.2021 00:00	1630.0	1630.0	1620.0	1630.0	19
06.08.2021 00:00	1620.0	1640.0	1610.0	1630.0	19
09.08.2021 00:00	1610.0	1630.0	1600.0	1610.0	88
10.08.2021 00:00	1620.0	1630.0	1610.0	1630.0	8
11.08.2021 00:00	1630.0	1640.0	1620.0	1620.0	41
12.08.2021 00:00	1630.0	1650.0	1620.0	1620.0	67
13.08.2021 00:00	1640.0	1650.0	1640.0	1650.0	22
16.08.2021 00:00	1640.0	1650.0	1630.0	1630.0	12
17.08.2021 00:00	1650.0	1740.0	1610.0	1660.0	542
18.08.2021 00:00	1670.0	1710.0	1650.0	1710.0	136
19.08.2021 00:00	1680.0	1710.0	1680.0	1700.0	8
20.08.2021 00:00	1680.0	1680.0	1680.0	1680.0	15
23.08.2021 00:00	1700.0	1700.0	1660.0	1680.0	14
24.08.2021 00:00	1670.0	1680.0	1660.0	1660.0	16
25.08.2021 00:00	1670.0	1700.0	1670.0	1700.0	80
26.08.2021 00:00	1680.0	1710.0	1670.0	1680.0	41
27.08.2021 00:00	1670.0	1690.0	1670.0	1670.0	8
30.08.2021 00:00	1680.0	1710.0	1670.0	1700.0	41
31.08.2021 00:00	1710.0	1710.0	1670.0	1710.0	42
01.09.2021 00:00	1680.0	1720.0	1680.0	1720.0	89
02.09.2021 00:00	1690.0	1770.0	1690.0	1760.0	160
03.09.2021 00:00	1710.0	1760.0	1710.0	1750.0	95
06.09.2021 00:00	1710.0	1740.0	1700.0	1730.0	205
07.09.2021 00:00	1710.0	1730.0	1710.0	1710.0	68
08.09.2021 00:00	1710.0	1750.0	1690.0	1720.0	128
09.09.2021 00:00	1720.0	1730.0	1710.0	1710.0	8
10.09.2021 00:00	1730.0	1730.0	1710.0	1710.0	4
13.09.2021 00:00	1720.0	1740.0	1710.0	1720.0	113
14.09.2021 00:00	1720.0	1720.0	1700.0	1710.0	57
15.09.2021 00:00	1720.0	1730.0	1720.0	1730.0	9
16.09.2021 00:00	1730.0	1760.0	1710.0	1730.0	104
17.09.2021 00:00	1730.0	1730.0	1720.0	1720.0	8
20.09.2021 00:00	1730.0	1740.0	1710.0	1720.0	7
21.09.2021 00:00	1720.0	1730.0	1710.0	1730.0	6
22.09.2021 00:00	1710.0	1720.0	1710.0	1720.0	6
23.09.2021 00:00	1720.0	1750.0	1690.0	1710.0	118
24.09.2021 00:00	1710.0	1720.0	1710.0	1710.0	41
27.09.2021 00:00	1710.0	1730.0	1710.0	1710.0	11
28.09.2021 00:00	1710.0	1730.0	1700.0	1730.0	15
29.09.2021 00:00	1730.0	1730.0	1710.0	1710.0	44
30.09.2021 00:00	1710.0	1730.0	1710.0	1730.0	7
01.10.2021 00:00	1730.0	1730.0	1710.0	1730.0	19
04.10.2021 00:00	1730.0	1750.0	1730.0	1750.0	176
05.10.2021 00:00	1750.0	1760.0	1730.0	1760.0	102
06.10.2021 00:00	1750.0	1750.0	1720.0	1720.0	67
07.10.2021 00:00	1740.0	1740.0	1720.0	1720.0	10
08.10.2021 00:00	1720.0	1800.0	1720.0	1770.0	358
11.10.2021 00:00	1770.0	1810.0	1770.0	1800.0	93
12.10.2021 00:00	1820.0	1820.0	1780.0	1820.0	149
13.10.2021 00:00	1790.0	1830.0	1790.0	1810.0	109
14.10.2021 00:00	1800.0	1860.0	1800.0	1840.0	201
15.10.2021 00:00	1860.0	1860.0	1790.0	1860.0	43
18.10.2021 00:00	1860.0	1860.0	1830.0	1860.0	52
19.10.2021 00:00	1830.0	1840.0	1800.0	1840.0	72
20.10.2021 00:00	1830.0	1830.0	1830.0	1830.0	4
21.10.2021 00:00	1850.0	1850.0	1830.0	1830.0	8
22.10.2021 00:00	1830.0	1830.0	1820.0	1820.0	18
25.10.2021 00:00	1820.0	1820.0	1800.0	1820.0	14
26.10.2021 00:00	1810.0	1900.0	1810.0	1890.0	236
27.10.2021 00:00	1870.0	1880.0	1840.0	1880.0	121
28.10.2021 00:00	1880.0	1880.0	1840.0	1850.0	43
29.10.2021 00:00	1850.0	1860.0	1850.0	1860.0	12
01.11.2021 00:00	1840.0	1850.0	1840.0	1850.0	32
02.11.2021 00:00	1840.0	1850.0	1830.0	1830.0	33
03.11.2021 00:00	1830.0	1830.0	1810.0	1820.0	16
05.11.2021 00:00	1830.0	1850.0	1820.0	1820.0	12
08.11.2021 00:00	1840.0	1840.0	1810.0	1810.0	13
09.11.2021 00:00	1830.0	1830.0	1830.0	1830.0	1
10.11.2021 00:00	1810.0	1810.0	1780.0	1780.0	88
11.11.2021 00:00	1780.0	1780.0	1760.0	1770.0	29
12.11.2021 00:00	1780.0	1780.0	1740.0	1770.0	45
15.11.2021 00:00	1770.0	1780.0	1760.0	1760.0	27
16.11.2021 00:00	1760.0	1780.0	1760.0	1760.0	19
17.11.2021 00:00	1770.0	1810.0	1770.0	1790.0	65
18.11.2021 00:00	1800.0	1810.0	1780.0	1780.0	10
19.11.2021 00:00	1790.0	1790.0	1760.0	1770.0	153
22.11.2021 00:00	1760.0	1760.0	1740.0	1740.0	37
23.11.2021 00:00	1730.0	1730.0	1720.0	1730.0	11
24.11.2021 00:00	1730.0	1830.0	1690.0	1740.0	331
25.11.2021 00:00	1740.0	1760.0	1740.0	1760.0	24
26.11.2021 00:00	1740.0	1750.0	1730.0	1750.0	46
29.11.2021 00:00	1760.0	1770.0	1740.0	1740.0	19
30.11.2021 00:00	1740.0	1790.0	1740.0	1770.0	55
01.12.2021 00:00	1770.0	1820.0	1760.0	1790.0	119
02.12.2021 00:00	1800.0	1800.0	1790.0	1790.0	4
03.12.2021 00:00	1790.0	1790.0	1730.0	1770.0	84
06.12.2021 00:00	1770.0	1770.0	1760.0	1760.0	17
07.12.2021 00:00	1760.0	1770.0	1760.0	1770.0	3
08.12.2021 00:00	1760.0	1760.0	1640.0	1740.0	90
10.12.2021 00:00	1740.0	1740.0	1740.0	1740.0	2
13.12.2021 00:00	1770.0	1770.0	1700.0	1700.0	64
14.12.2021 00:00	1700.0	1700.0	1600.0	1670.0	252
16.12.2021 00:00	1670.0	1670.0	1570.0	1660.0	77
17.12.2021 00:00	1640.0	1650.0	1600.0	1640.0	158
20.12.2021 00:00	1630.0	1640.0	1590.0	1640.0	5
21.12.2021 00:00	1630.0	1640.0	1620.0	1620.0	37
22.12.2021 00:00	1620.0	1630.0	1620.0	1630.0	7
23.12.2021 00:00	1620.0	1640.0	1580.0	1640.0	4
24.12.2021 00:00	1620.0	1660.0	1620.0	1650.0	107
27.12.2021 00:00	1640.0	1640.0	1630.0	1630.0	12
28.12.2021 00:00	1640.0	1660.0	1640.0	1660.0	14
29.12.2021 00:00	1630.0	1670.0	1630.0	1640.0	19
30.12.2021 00:00	1650.0	1650.0	1640.0	1640.0	5
03.01.2022 00:00	1670.0	1670.0	1660.0	1660.0	4
04.01.2022 00:00	1670.0	1680.0	1630.0	1680.0	78
05.01.2022 00:00	1700.0	1700.0	1670.0	1670.0	42
06.01.2022 00:00	1670.0	1680.0	1660.0	1680.0	12
10.01.2022 00:00	1680.0	1680.0	1680.0	1680.0	8
11.01.2022 00:00	1680.0	1690.0	1660.0	1690.0	117
12.01.2022 00:00	1700.0	1700.0	1700.0	1700.0	2
14.01.2022 00:00	1660.0	1690.0	1600.0	1630.0	113
17.01.2022 00:00	1620.0	1640.0	1610.0	1620.0	13
18.01.2022 00:00	1630.0	1630.0	1580.0	1600.0	54
19.01.2022 00:00	1580.0	1640.0	1550.0	1620.0	71
20.01.2022 00:00	1640.0	1640.0	1600.0	1620.0	10
21.01.2022 00:00	1610.0	1610.0	1520.0	1610.0	30
24.01.2022 00:00	1610.0	1610.0	1560.0	1560.0	61
25.01.2022 00:00	1580.0	1580.0	1560.0	1560.0	4
26.01.2022 00:00	1580.0	1590.0	1560.0	1560.0	11
27.01.2022 00:00	1560.0	1580.0	1550.0	1570.0	54
28.01.2022 00:00	1570.0	1580.0	1550.0	1580.0	28
31.01.2022 00:00	1600.0	1600.0	1570.0	1570.0	6
01.02.2022 00:00	1600.0	1600.0	1590.0	1590.0	2
02.02.2022 00:00	1570.0	1590.0	1550.0	1560.0	60
03.02.2022 00:00	1580.0	1590.0	1550.0	1550.0	45
04.02.2022 00:00	1550.0	1550.0	1500.0	1550.0	90
07.02.2022 00:00	1550.0	1550.0	1550.0	1550.0	1
08.02.2022 00:00	1530.0	1550.0	1460.0	1530.0	65
09.02.2022 00:00	1530.0	1570.0	1520.0	1550.0	42
10.02.2022 00:00	1540.0	1560.0	1540.0	1560.0	5
11.02.2022 00:00	1560.0	1560.0	1540.0	1550.0	9
14.02.2022 00:00	1570.0	1570.0	1540.0	1550.0	12
15.02.2022 00:00	1550.0	1550.0	1550.0	1550.0	9
16.02.2022 00:00	1550.0	1570.0	1550.0	1570.0	13
17.02.2022 00:00	1540.0	1580.0	1510.0	1550.0	32
18.02.2022 00:00	1570.0	1600.0	1540.0	1540.0	29
21.02.2022 00:00	1540.0	1540.0	1460.0	1480.0	49
22.02.2022 00:00	1480.0	1480.0	1420.0	1450.0	36
24.02.2022 00:00	1420.0	1440.0	960.0	960.0	79
25.02.2022 00:00	1230.0	1320.0	1130.0	1210.0	54
28.03.2022 00:00	1590.0	1590.0	1000.0	1080.0	304
29.03.2022 00:00	1360.0	1400.0	1040.0	1340.0	42
30.03.2022 00:00	1440.0	1480.0	1420.0	1430.0	34
31.03.2022 00:00	1430.0	1590.0	1430.0	1550.0	90
01.04.2022 00:00	1540.0	1540.0	1500.0	1540.0	12
04.04.2022 00:00	1520.0	1560.0	1500.0	1540.0	31
05.04.2022 00:00	1520.0	1680.0	1500.0	1580.0	206
06.04.2022 00:00	1550.0	1670.0	1550.0	1610.0	63
07.04.2022 00:00	1600.0	1650.0	1580.0	1650.0	26
08.04.2022 00:00	1650.0	1720.0	1590.0	1660.0	78
11.04.2022 00:00	1670.0	1670.0	1580.0	1610.0	43
12.04.2022 00:00	1580.0	1590.0	1560.0	1590.0	19
13.04.2022 00:00	1600.0	1610.0	1550.0	1550.0	11
14.04.2022 00:00	1540.0	1570.0	1530.0	1550.0	9
15.04.2022 00:00	1520.0	1520.0	1360.0	1500.0	301
18.04.2022 00:00	1470.0	1470.0	1370.0	1410.0	90
19.04.2022 00:00	1410.0	1940.0	1400.0	1720.0	4668
20.04.2022 00:00	1650.0	1880.0	1500.0	1550.0	1567
21.04.2022 00:00	1600.0	1650.0	1520.0	1590.0	133
22.04.2022 00:00	1600.0	1600.0	1520.0	1560.0	83
25.04.2022 00:00	1550.0	1550.0	1520.0	1520.0	20
26.04.2022 00:00	1550.0	1560.0	1460.0	1500.0	230
27.04.2022 00:00	1490.0	1520.0	1490.0	1490.0	35
28.04.2022 00:00	1490.0	1570.0	1490.0	1550.0	224
29.04.2022 00:00	1530.0	1910.0	1490.0	1730.0	1271
04.05.2022 00:00	1750.0	1750.0	1650.0	1720.0	114
05.05.2022 00:00	1750.0	1770.0	1650.0	1740.0	276
06.05.2022 00:00	1730.0	1770.0	1670.0	1670.0	242
11.05.2022 00:00	1690.0	1730.0	1650.0	1650.0	164
12.05.2022 00:00	1670.0	1680.0	1620.0	1630.0	127
13.05.2022 00:00	1670.0	1690.0	1620.0	1680.0	52
16.05.2022 00:00	1680.0	1720.0	1630.0	1700.0	141
17.05.2022 00:00	1720.0	1720.0	1690.0	1710.0	44
18.05.2022 00:00	1730.0	1740.0	1690.0	1700.0	45
19.05.2022 00:00	1690.0	1700.0	1680.0	1700.0	13
20.05.2022 00:00	1700.0	1700.0	1680.0	1700.0	19
23.05.2022 00:00	1690.0	1710.0	1650.0	1660.0	44
24.05.2022 00:00	1660.0	1730.0	1640.0	1680.0	97
25.05.2022 00:00	1670.0	1710.0	1670.0	1690.0	68
26.05.2022 00:00	1700.0	1730.0	1690.0	1710.0	83
27.05.2022 00:00	1710.0	1710.0	1680.0	1680.0	24
30.05.2022 00:00	1710.0	1800.0	1690.0	1700.0	167
31.05.2022 00:00	1780.0	1780.0	1700.0	1700.0	31
01.06.2022 00:00	1720.0	1730.0	1700.0	1710.0	69
02.06.2022 00:00	1710.0	1730.0	1670.0	1700.0	30
03.06.2022 00:00	1700.0	1700.0	1660.0	1660.0	91
06.06.2022 00:00	1670.0	1710.0	1660.0	1700.0	34
07.06.2022 00:00	1690.0	1690.0	1620.0	1650.0	75
08.06.2022 00:00	1650.0	1670.0	1650.0	1660.0	18
09.06.2022 00:00	1660.0	1680.0	1630.0	1660.0	25
10.06.2022 00:00	1680.0	1690.0	1680.0	1680.0	11
14.06.2022 00:00	1680.0	1700.0	1680.0	1700.0	51
15.06.2022 00:00	1700.0	1720.0	1660.0	1700.0	189
16.06.2022 00:00	1710.0	1900.0	1710.0	1740.0	664
17.06.2022 00:00	1730.0	1760.0	1680.0	1740.0	208
20.06.2022 00:00	1740.0	1770.0	1710.0	1770.0	60
21.06.2022 00:00	1740.0	1900.0	1700.0	1760.0	549
22.06.2022 00:00	1760.0	1760.0	1710.0	1740.0	102
23.06.2022 00:00	1740.0	1750.0	1700.0	1730.0	100
24.06.2022 00:00	1750.0	1800.0	1710.0	1760.0	157
27.06.2022 00:00	1770.0	1850.0	1770.0	1840.0	165
28.06.2022 00:00	1870.0	1870.0	1780.0	1840.0	154
29.06.2022 00:00	1820.0	1860.0	1800.0	1840.0	144
30.06.2022 00:00	1860.0	1860.0	1790.0	1820.0	175
01.07.2022 00:00	1820.0	1820.0	1720.0	1790.0	193
04.07.2022 00:00	1790.0	1960.0	1570.0	1680.0	899
05.07.2022 00:00	1520.0	1630.0	1490.0	1570.0	366
06.07.2022 00:00	1580.0	1580.0	1530.0	1560.0	183
07.07.2022 00:00	1580.0	1610.0	1540.0	1580.0	110
08.07.2022 00:00	1630.0	1670.0	1550.0	1570.0	51
11.07.2022 00:00	1570.0	1580.0	1550.0	1560.0	512
12.07.2022 00:00	1550.0	1560.0	1530.0	1530.0	27
13.07.2022 00:00	1540.0	1670.0	1540.0	1580.0	164
14.07.2022 00:00	1560.0	1570.0	1520.0	1570.0	73
15.07.2022 00:00	1550.0	1560.0	1540.0	1540.0	12
18.07.2022 00:00	1570.0	1570.0	1550.0	1550.0	27
19.07.2022 00:00	1550.0	1560.0	1520.0	1560.0	30
20.07.2022 00:00	1530.0	1550.0	1530.0	1540.0	9
21.07.2022 00:00	1530.0	1550.0	1520.0	1530.0	24
22.07.2022 00:00	1550.0	1560.0	1530.0	1560.0	48
25.07.2022 00:00	1540.0	1550.0	1520.0	1540.0	42
26.07.2022 00:00	1530.0	1550.0	1530.0	1550.0	47
27.07.2022 00:00	1540.0	1560.0	1530.0	1550.0	25
28.07.2022 00:00	1550.0	1600.0	1540.0	1550.0	66
29.07.2022 00:00	1600.0	1620.0	1580.0	1590.0	70
01.08.2022 00:00	1630.0	1850.0	1620.0	1720.0	1008
02.08.2022 00:00	1720.0	1720.0	1610.0	1640.0	197
03.08.2022 00:00	1620.0	1620.0	1570.0	1590.0	143
04.08.2022 00:00	1580.0	1600.0	1560.0	1590.0	67
05.08.2022 00:00	1590.0	1610.0	1560.0	1560.0	96
08.08.2022 00:00	1570.0	1580.0	1560.0	1580.0	14
09.08.2022 00:00	1600.0	1600.0	1550.0	1580.0	30
10.08.2022 00:00	1570.0	1600.0	1570.0	1600.0	6
11.08.2022 00:00	1580.0	1650.0	1580.0	1600.0	40
12.08.2022 00:00	1620.0	1620.0	1600.0	1600.0	40
15.08.2022 00:00	1630.0	1650.0	1630.0	1630.0	20
16.08.2022 00:00	1660.0	1660.0	1590.0	1630.0	67
17.08.2022 00:00	1620.0	1640.0	1600.0	1600.0	78
18.08.2022 00:00	1630.0	1650.0	1610.0	1610.0	24
19.08.2022 00:00	1640.0	1640.0	1580.0	1600.0	41
22.08.2022 00:00	1610.0	1610.0	1590.0	1600.0	26
23.08.2022 00:00	1620.0	1760.0	1620.0	1620.0	307
24.08.2022 00:00	1650.0	1660.0	1620.0	1640.0	36
25.08.2022 00:00	1620.0	1640.0	1610.0	1640.0	39
26.08.2022 00:00	1630.0	1660.0	1630.0	1640.0	38
29.08.2022 00:00	1680.0	1680.0	1630.0	1680.0	50
30.08.2022 00:00	1640.0	1710.0	1640.0	1700.0	117
31.08.2022 00:00	1710.0	1850.0	1620.0	1630.0	853
01.09.2022 00:00	1640.0	1670.0	1620.0	1650.0	102
02.09.2022 00:00	1690.0	1710.0	1620.0	1640.0	166
05.09.2022 00:00	1650.0	1660.0	1620.0	1650.0	109
06.09.2022 00:00	1640.0	1660.0	1620.0	1620.0	49
07.09.2022 00:00	1630.0	1650.0	1620.0	1640.0	19
08.09.2022 00:00	1650.0	1660.0	1630.0	1650.0	109
09.09.2022 00:00	1630.0	1670.0	1630.0	1660.0	7
12.09.2022 00:00	1650.0	1680.0	1620.0	1660.0	34
13.09.2022 00:00	1660.0	1700.0	1640.0	1660.0	71
14.09.2022 00:00	1660.0	1690.0	1650.0	1660.0	36
15.09.2022 00:00	1690.0	1690.0	1650.0	1650.0	6
16.09.2022 00:00	1670.0	1680.0	1650.0	1650.0	41
19.09.2022 00:00	1670.0	1670.0	1650.0	1670.0	11
20.09.2022 00:00	1650.0	1670.0	1600.0	1640.0	84
21.09.2022 00:00	1600.0	1620.0	1580.0	1590.0	18
22.09.2022 00:00	1600.0	1640.0	1590.0	1600.0	32
23.09.2022 00:00	1590.0	1590.0	1540.0	1560.0	60
26.09.2022 00:00	1560.0	1560.0	1500.0	1510.0	208
27.09.2022 00:00	1520.0	1520.0	1510.0	1510.0	3
28.09.2022 00:00	1510.0	1530.0	1500.0	1520.0	5
29.09.2022 00:00	1540.0	1540.0	1500.0	1500.0	11
30.09.2022 00:00	1490.0	1540.0	1450.0	1500.0	23
03.10.2022 00:00	1450.0	1550.0	1430.0	1540.0	73
04.10.2022 00:00	1500.0	1510.0	1500.0	1500.0	6
05.10.2022 00:00	1500.0	1500.0	1490.0	1500.0	10
06.10.2022 00:00	1490.0	1580.0	1490.0	1550.0	41
07.10.2022 00:00	1560.0	1580.0	1530.0	1530.0	4
10.10.2022 00:00	1470.0	1550.0	1460.0	1500.0	19
11.10.2022 00:00	1500.0	1500.0	1500.0	1500.0	3
12.10.2022 00:00	1530.0	1540.0	1520.0	1520.0	5
13.10.2022 00:00	1520.0	1540.0	1500.0	1540.0	19
14.10.2022 00:00	1540.0	1540.0	1540.0	1540.0	1
17.10.2022 00:00	1540.0	1540.0	1490.0	1490.0	70
18.10.2022 00:00	1490.0	1630.0	1470.0	1490.0	429
19.10.2022 00:00	1500.0	1510.0	1470.0	1510.0	169
20.10.2022 00:00	1510.0	1530.0	1490.0	1520.0	53
21.10.2022 00:00	1530.0	1600.0	1530.0	1570.0	90
24.10.2022 00:00	1540.0	1600.0	1540.0	1570.0	24
25.10.2022 00:00	1590.0	1590.0	1540.0	1590.0	16
26.10.2022 00:00	1600.0	1600.0	1550.0	1570.0	10
27.10.2022 00:00	1560.0	1600.0	1560.0	1590.0	12
28.10.2022 00:00	1600.0	1600.0	1590.0	1600.0	3
31.10.2022 00:00	1600.0	1600.0	1580.0	1600.0	19
01.11.2022 00:00	1600.0	1670.0	1600.0	1640.0	23
02.11.2022 00:00	1620.0	1650.0	1620.0	1640.0	8
03.11.2022 00:00	1620.0	1620.0	1610.0	1610.0	3
07.11.2022 00:00	1610.0	1620.0	1600.0	1620.0	7
08.11.2022 00:00	1620.0	1700.0	1590.0	1680.0	189
09.11.2022 00:00	1630.0	1700.0	1630.0	1690.0	57
10.11.2022 00:00	1720.0	1720.0	1630.0	1680.0	82
11.11.2022 00:00	1650.0	1680.0	1640.0	1640.0	54
14.11.2022 00:00	1680.0	1680.0	1650.0	1650.0	12
15.11.2022 00:00	1650.0	1650.0	1640.0	1650.0	5
16.11.2022 00:00	1660.0	1680.0	1650.0	1670.0	14
17.11.2022 00:00	1660.0	1690.0	1660.0	1680.0	4
18.11.2022 00:00	1660.0	1660.0	1660.0	1660.0	1
21.11.2022 00:00	1660.0	1670.0	1650.0	1670.0	15
22.11.2022 00:00	1650.0	1700.0	1650.0	1700.0	19
23.11.2022 00:00	1680.0	1700.0	1670.0	1700.0	26
24.11.2022 00:00	1710.0	1710.0	1660.0	1660.0	10
25.11.2022 00:00	1670.0	1710.0	1670.0	1710.0	36
28.11.2022 00:00	1710.0	2090.0	1690.0	1760.0	1233
29.11.2022 00:00	1780.0	1840.0	1740.0	1770.0	63
30.11.2022 00:00	1770.0	1770.0	1700.0	1730.0	111
01.12.2022 00:00	1740.0	1830.0	1700.0	1770.0	145
02.12.2022 00:00	1790.0	1830.0	1710.0	1750.0	155
05.12.2022 00:00	1750.0	1830.0	1720.0	1780.0	160
06.12.2022 00:00	1780.0	1810.0	1750.0	1750.0	20
07.12.2022 00:00	1780.0	1780.0	1760.0	1760.0	2
08.12.2022 00:00	1760.0	1770.0	1740.0	1770.0	10
09.12.2022 00:00	1770.0	1870.0	1760.0	1760.0	81
12.12.2022 00:00	1820.0	1830.0	1760.0	1790.0	46
13.12.2022 00:00	1830.0	1860.0	1760.0	1850.0	68
14.12.2022 00:00	1830.0	1950.0	1810.0	1950.0	379
15.12.2022 00:00	1970.0	2000.0	1870.0	1880.0	111
16.12.2022 00:00	1860.0	1930.0	1850.0	1860.0	59
19.12.2022 00:00	1900.0	1950.0	1780.0	1840.0	137
20.12.2022 00:00	1810.0	1840.0	1780.0	1810.0	32
21.12.2022 00:00	1780.0	1970.0	1780.0	1790.0	81
22.12.2022 00:00	1800.0	1810.0	1770.0	1780.0	55
23.12.2022 00:00	1780.0	1790.0	1780.0	1790.0	6
26.12.2022 00:00	1790.0	1830.0	1790.0	1810.0	28
27.12.2022 00:00	1820.0	1870.0	1820.0	1840.0	57
28.12.2022 00:00	1830.0	1900.0	1830.0	1900.0	37
29.12.2022 00:00	1870.0	1910.0	1820.0	1880.0	33
30.12.2022 00:00	1910.0	1920.0	1850.0	1870.0	30
03.01.2023 00:00	1860.0	1950.0	1850.0	1880.0	54
04.01.2023 00:00	1880.0	1880.0	1870.0	1880.0	5
05.01.2023 00:00	1900.0	1900.0	1870.0	1870.0	9
06.01.2023 00:00	1890.0	1900.0	1870.0	1900.0	6
09.01.2023 00:00	1870.0	1890.0	1850.0	1870.0	32
10.01.2023 00:00	1880.0	1890.0	1850.0	1860.0	15
11.01.2023 00:00	1890.0	1890.0	1860.0	1870.0	27
12.01.2023 00:00	1870.0	1890.0	1840.0	1890.0	19
13.01.2023 00:00	1900.0	1910.0	1870.0	1910.0	38
16.01.2023 00:00	1910.0	2270.0	1910.0	2020.0	2737
17.01.2023 00:00	2110.0	2120.0	1910.0	1950.0	460
18.01.2023 00:00	1950.0	1960.0	1900.0	1940.0	182
19.01.2023 00:00	1920.0	2590.0	1920.0	2070.0	14985
20.01.2023 00:00	2090.0	2090.0	1990.0	2060.0	627
23.01.2023 00:00	2020.0	2200.0	2020.0	2080.0	867
24.01.2023 00:00	2090.0	2100.0	2030.0	2050.0	67
25.01.2023 00:00	2080.0	2260.0	2010.0	2150.0	914
26.01.2023 00:00	2200.0	2200.0	2020.0	2160.0	420
27.01.2023 00:00	2170.0	2500.0	2100.0	2200.0	3598
30.01.2023 00:00	2240.0	2290.0	2100.0	2170.0	304
31.01.2023 00:00	2150.0	2260.0	2130.0	2260.0	461
01.02.2023 00:00	2270.0	2300.0	2200.0	2230.0	110
02.02.2023 00:00	2270.0	2390.0	2210.0	2350.0	849
03.02.2023 00:00	2350.0	2480.0	2230.0	2370.0	1213
06.02.2023 00:00	2380.0	2390.0	2280.0	2360.0	410
07.02.2023 00:00	2350.0	2360.0	2270.0	2350.0	253
08.02.2023 00:00	2350.0	2360.0	2230.0	2260.0	859
09.02.2023 00:00	2270.0	2360.0	2230.0	2340.0	563
10.02.2023 00:00	2330.0	2370.0	2280.0	2310.0	130
13.02.2023 00:00	2340.0	2350.0	2310.0	2340.0	29
14.02.2023 00:00	2320.0	2330.0	2130.0	2220.0	221
15.02.2023 00:00	2220.0	2240.0	2130.0	2140.0	130
16.02.2023 00:00	2140.0	2170.0	2130.0	2150.0	77
17.02.2023 00:00	2120.0	2190.0	2120.0	2160.0	60
20.02.2023 00:00	2170.0	2170.0	2100.0	2120.0	57
21.02.2023 00:00	2120.0	2330.0	2120.0	2180.0	906
22.02.2023 00:00	2220.0	2240.0	2210.0	2230.0	33
24.02.2023 00:00	2200.0	2270.0	2200.0	2260.0	77
27.02.2023 00:00	2240.0	2350.0	2240.0	2280.0	177
28.02.2023 00:00	2290.0	2290.0	2270.0	2280.0	6
01.03.2023 00:00	2270.0	2310.0	2250.0	2280.0	143
02.03.2023 00:00	2290.0	2310.0	2210.0	2300.0	284
03.03.2023 00:00	2310.0	2380.0	2250.0	2370.0	199
06.03.2023 00:00	2340.0	2390.0	2300.0	2340.0	122
07.03.2023 00:00	2350.0	2350.0	2260.0	2290.0	133
09.03.2023 00:00	2290.0	2330.0	2270.0	2310.0	88
10.03.2023 00:00	2310.0	2330.0	2270.0	2310.0	152
13.03.2023 00:00	2310.0	2310.0	2270.0	2280.0	22
14.03.2023 00:00	2300.0	2330.0	2270.0	2280.0	71
15.03.2023 00:00	2280.0	2300.0	2270.0	2270.0	21
16.03.2023 00:00	2260.0	2270.0	2240.0	2240.0	121
17.03.2023 00:00	2270.0	2270.0	2200.0	2240.0	149
20.03.2023 00:00	2220.0	2250.0	2220.0	2250.0	39
21.03.2023 00:00	2260.0	2290.0	2220.0	2250.0	107
22.03.2023 00:00	2280.0	2280.0	2240.0	2240.0	17
23.03.2023 00:00	2270.0	2330.0	2250.0	2250.0	70
24.03.2023 00:00	2250.0	2370.0	2250.0	2360.0	886
27.03.2023 00:00	2330.0	2400.0	2330.0	2360.0	198
28.03.2023 00:00	2410.0	2490.0	2360.0	2440.0	806
29.03.2023 00:00	2420.0	2450.0	2400.0	2410.0	143
30.03.2023 00:00	2440.0	2480.0	2410.0	2480.0	233
31.03.2023 00:00	2480.0	2490.0	2340.0	2390.0	436
03.04.2023 00:00	2340.0	2410.0	2340.0	2380.0	127
04.04.2023 00:00	2360.0	2470.0	2360.0	2470.0	375
05.04.2023 00:00	2430.0	2510.0	2430.0	2480.0	531
06.04.2023 00:00	2480.0	2490.0	2450.0	2450.0	44
07.04.2023 00:00	2460.0	2480.0	2410.0	2440.0	46
10.04.2023 00:00	2470.0	2570.0	2450.0	2510.0	203
11.04.2023 00:00	2520.0	2600.0	2430.0	2450.0	228
12.04.2023 00:00	2470.0	2480.0	2370.0	2440.0	216
13.04.2023 00:00	2450.0	2650.0	2400.0	2500.0	1921
14.04.2023 00:00	2520.0	2650.0	2510.0	2650.0	361
17.04.2023 00:00	2610.0	2680.0	2550.0	2670.0	629
18.04.2023 00:00	2680.0	2690.0	2600.0	2650.0	164
19.04.2023 00:00	2630.0	2650.0	2510.0	2570.0	770
20.04.2023 00:00	2600.0	2690.0	2530.0	2550.0	1070
21.04.2023 00:00	2570.0	2610.0	2500.0	2610.0	461
24.04.2023 00:00	2620.0	2630.0	2550.0	2610.0	322
25.04.2023 00:00	2610.0	2630.0	2550.0	2600.0	464
26.04.2023 00:00	2620.0	2620.0	2530.0	2600.0	200
27.04.2023 00:00	2580.0	2590.0	2550.0	2590.0	111
28.04.2023 00:00	2580.0	2680.0	2570.0	2610.0	396
02.05.2023 00:00	2620.0	2620.0	2500.0	2500.0	171
03.05.2023 00:00	2550.0	2550.0	2220.0	2360.0	469
04.05.2023 00:00	2380.0	2380.0	2270.0	2330.0	160
05.05.2023 00:00	2330.0	2350.0	2260.0	2320.0	78
08.05.2023 00:00	2300.0	2350.0	2290.0	2310.0	105
10.05.2023 00:00	2300.0	2380.0	2290.0	2380.0	388
11.05.2023 00:00	2390.0	2580.0	2360.0	2560.0	1216
12.05.2023 00:00	2550.0	2560.0	2420.0	2450.0	463
15.05.2023 00:00	2480.0	2480.0	2440.0	2470.0	109
16.05.2023 00:00	2480.0	2520.0	2470.0	2470.0	218
17.05.2023 00:00	2500.0	2510.0	2470.0	2490.0	141
18.05.2023 00:00	2490.0	2580.0	2460.0	2520.0	204
19.05.2023 00:00	2510.0	2550.0	2490.0	2520.0	191
22.05.2023 00:00	2530.0	2540.0	2450.0	2500.0	182
23.05.2023 00:00	2510.0	2510.0	2450.0	2460.0	137
24.05.2023 00:00	2480.0	2510.0	2450.0	2480.0	141
25.05.2023 00:00	2480.0	2490.0	2450.0	2490.0	193
26.05.2023 00:00	2490.0	2490.0	2450.0	2480.0	137
29.05.2023 00:00	2480.0	2530.0	2460.0	2500.0	279
30.05.2023 00:00	2520.0	2550.0	2440.0	2500.0	558
31.05.2023 00:00	2520.0	2520.0	2350.0	2400.0	776
01.06.2023 00:00	2400.0	2400.0	2330.0	2340.0	346
02.06.2023 00:00	2320.0	2440.0	2320.0	2390.0	530
05.06.2023 00:00	2410.0	2960.0	2380.0	2770.0	4311
06.06.2023 00:00	2740.0	2820.0	2620.0	2780.0	740
07.06.2023 00:00	2790.0	2920.0	2690.0	2890.0	1880
08.06.2023 00:00	2890.0	3200.0	2890.0	3050.0	2244
09.06.2023 00:00	3070.0	3120.0	2870.0	2950.0	2618
13.06.2023 00:00	2990.0	3020.0	2890.0	3000.0	357
14.06.2023 00:00	2910.0	2990.0	2800.0	2930.0	1049
15.06.2023 00:00	2920.0	2950.0	2850.0	2900.0	302
16.06.2023 00:00	2900.0	2930.0	2830.0	2900.0	149
19.06.2023 00:00	2870.0	2890.0	2850.0	2890.0	200
20.06.2023 00:00	2890.0	2890.0	2850.0	2850.0	71
21.06.2023 00:00	2870.0	2960.0	2860.0	2910.0	199
22.06.2023 00:00	3200.0	3980.0	3140.0	3300.0	6236
23.06.2023 00:00	3330.0	3330.0	3130.0	3230.0	673
26.06.2023 00:00	3260.0	3500.0	3170.0	3430.0	1128
27.06.2023 00:00	3440.0	3440.0	3240.0	3330.0	767
28.06.2023 00:00	3290.0	3540.0	3260.0	3350.0	538
29.06.2023 00:00	3350.0	3390.0	3310.0	3350.0	100
30.06.2023 00:00	3350.0	3470.0	3310.0	3370.0	373
03.07.2023 00:00	3330.0	3410.0	3170.0	3250.0	470
04.07.2023 00:00	3250.0	3270.0	3170.0	3170.0	355
05.07.2023 00:00	3180.0	3230.0	3130.0	3210.0	155
06.07.2023 00:00	3200.0	3200.0	3130.0	3180.0	166
07.07.2023 00:00	3180.0	3230.0	3150.0	3180.0	195
10.07.2023 00:00	3180.0	3450.0	3180.0	3420.0	986
11.07.2023 00:00	3430.0	3990.0	3350.0	3470.0	5017
12.07.2023 00:00	3470.0	3540.0	3380.0	3430.0	355
13.07.2023 00:00	3420.0	3560.0	3360.0	3490.0	1039
14.07.2023 00:00	3490.0	3550.0	3450.0	3470.0	323
17.07.2023 00:00	3490.0	3490.0	3410.0	3450.0	138
18.07.2023 00:00	3450.0	3470.0	3400.0	3420.0	174
19.07.2023 00:00	3420.0	3480.0	3400.0	3440.0	177
20.07.2023 00:00	3450.0	3470.0	3400.0	3410.0	100
21.07.2023 00:00	3420.0	3440.0	3390.0	3430.0	46
24.07.2023 00:00	3430.0	3460.0	3430.0	3440.0	141
25.07.2023 00:00	3470.0	3530.0	3410.0	3490.0	228
26.07.2023 00:00	3490.0	3500.0	3440.0	3500.0	78
27.07.2023 00:00	3500.0	3760.0	3470.0	3670.0	1232
28.07.2023 00:00	3690.0	3730.0	3550.0	3690.0	354
31.07.2023 00:00	3640.0	3800.0	3630.0	3750.0	323
01.08.2023 00:00	3720.0	3750.0	3670.0	3700.0	501
02.08.2023 00:00	3700.0	3700.0	3620.0	3680.0	196
03.08.2023 00:00	3680.0	3760.0	3660.0	3670.0	270
04.08.2023 00:00	3700.0	3720.0	3520.0	3570.0	464
07.08.2023 00:00	3600.0	3640.0	3510.0	3530.0	267
08.08.2023 00:00	3530.0	3570.0	3430.0	3430.0	271
09.08.2023 00:00	3460.0	3570.0	3450.0	3500.0	208
10.08.2023 00:00	3540.0	3750.0	3480.0	3630.0	824
11.08.2023 00:00	3680.0	3680.0	3610.0	3660.0	238
14.08.2023 00:00	3660.0	4720.0	3660.0	4000.0	11181
15.08.2023 00:00	4010.0	5540.0	4010.0	5300.0	21052
16.08.2023 00:00	5480.0	7280.0	4500.0	6800.0	32902
17.08.2023 00:00	6800.0	7000.0	5440.0	5860.0	9048
18.08.2023 00:00	5880.0	5980.0	5100.0	5250.0	3340
21.08.2023 00:00	5250.0	5580.0	5190.0	5300.0	2644
22.08.2023 00:00	5360.0	5360.0	5050.0	5220.0	1577
23.08.2023 00:00	5280.0	5350.0	5050.0	5110.0	882
24.08.2023 00:00	5230.0	6220.0	5230.0	5780.0	7985
25.08.2023 00:00	5840.0	5880.0	5520.0	5720.0	1216
28.08.2023 00:00	5720.0	5750.0	5560.0	5710.0	734
29.08.2023 00:00	5710.0	6130.0	5560.0	6000.0	3084
30.08.2023 00:00	6020.0	6100.0	5680.0	5930.0	1375
31.08.2023 00:00	5930.0	6170.0	5740.0	5990.0	1170
01.09.2023 00:00	6090.0	6600.0	5970.0	6590.0	5166
04.09.2023 00:00	6640.0	6760.0	6300.0	6660.0	2403
05.09.2023 00:00	6660.0	6660.0	6500.0	6530.0	1521
06.09.2023 00:00	6550.0	6550.0	6250.0	6310.0	1178
07.09.2023 00:00	6290.0	6290.0	5680.0	6060.0	1498
08.09.2023 00:00	6140.0	6300.0	5900.0	5990.0	1542
11.09.2023 00:00	6080.0	6290.0	5830.0	6010.0	751
12.09.2023 00:00	6020.0	6180.0	5980.0	6030.0	440
13.09.2023 00:00	6110.0	6160.0	5820.0	6020.0	640
14.09.2023 00:00	6050.0	6060.0	5100.0	5730.0	1397
15.09.2023 00:00	5710.0	6040.0	5700.0	6020.0	605
18.09.2023 00:00	6040.0	6140.0	5790.0	5900.0	674
19.09.2023 00:00	5930.0	5940.0	5300.0	5510.0	982
20.09.2023 00:00	5540.0	5580.0	4720.0	5450.0	1228
21.09.2023 00:00	5520.0	5640.0	5100.0	5100.0	352
22.09.2023 00:00	5090.0	5340.0	4860.0	5260.0	688
25.09.2023 00:00	5290.0	5620.0	5150.0	5390.0	687
26.09.2023 00:00	5520.0	5800.0	5330.0	5390.0	3085
27.09.2023 00:00	5430.0	5550.0	5320.0	5320.0	1398
28.09.2023 00:00	5410.0	5480.0	5250.0	5250.0	1361
29.09.2023 00:00	5290.0	5450.0	5290.0	5400.0	1221
02.10.2023 00:00	5410.0	5940.0	5410.0	5660.0	5792
03.10.2023 00:00	5740.0	5780.0	5500.0	5580.0	1547
04.10.2023 00:00	5610.0	6040.0	5350.0	5720.0	4556
05.10.2023 00:00	5740.0	5990.0	5660.0	5800.0	2466
06.10.2023 00:00	5860.0	5920.0	5570.0	5690.0	1521
09.10.2023 00:00	5750.0	5840.0	5720.0	5750.0	1136
10.10.2023 00:00	5790.0	6000.0	5740.0	5920.0	3806
11.10.2023 00:00	5980.0	6110.0	5860.0	6070.0	4069
12.10.2023 00:00	6030.0	6060.0	5900.0	5910.0	1706
13.10.2023 00:00	6000.0	6040.0	5800.0	5980.0	2409
16.10.2023 00:00	6030.0	6040.0	5900.0	5990.0	2633
17.10.2023 00:00	6000.0	6000.0	5880.0	5980.0	2162
18.10.2023 00:00	5990.0	6100.0	5970.0	6040.0	4035
19.10.2023 00:00	5980.0	6100.0	5870.0	6100.0	6689
20.10.2023 00:00	5500.0	5710.0	4580.0	5500.0	7984
23.10.2023 00:00	5470.0	5600.0	5210.0	5240.0	2725
24.10.2023 00:00	5280.0	5280.0	5020.0	5060.0	2433
25.10.2023 00:00	5100.0	5110.0	5000.0	5020.0	1070
26.10.2023 00:00	5070.0	5070.0	4860.0	4960.0	775
27.10.2023 00:00	4990.0	5010.0	4820.0	4920.0	689
30.10.2023 00:00	4900.0	4970.0	4810.0	4900.0	799
31.10.2023 00:00	4910.0	5430.0	4870.0	5070.0	10391
01.11.2023 00:00	5070.0	5070.0	4800.0	4830.0	2382
02.11.2023 00:00	4830.0	4970.0	4830.0	4890.0	983
03.11.2023 00:00	4880.0	4930.0	4850.0	4870.0	286
06.11.2023 00:00	4830.0	4960.0	4830.0	4880.0	248
07.11.2023 00:00	4900.0	4910.0	4830.0	4840.0	319
08.11.2023 00:00	4840.0	5000.0	4830.0	4870.0	551
09.11.2023 00:00	4900.0	4900.0	4840.0	4900.0	386
10.11.2023 00:00	4900.0	4940.0	4800.0	4830.0	406
13.11.2023 00:00	4830.0	4980.0	4800.0	4820.0	757
14.11.2023 00:00	4820.0	4820.0	4010.0	4160.0	2333
15.11.2023 00:00	4160.0	4360.0	4100.0	4310.0	599
16.11.2023 00:00	4380.0	4380.0	4250.0	4250.0	280
17.11.2023 00:00	4300.0	4300.0	3990.0	4070.0	1030
20.11.2023 00:00	3990.0	4140.0	3990.0	4040.0	655
21.11.2023 00:00	4010.0	4100.0	4010.0	4020.0	221
22.11.2023 00:00	4070.0	4110.0	3910.0	4060.0	818
23.11.2023 00:00	4030.0	4160.0	3960.0	4110.0	1658
24.11.2023 00:00	4110.0	4180.0	4080.0	4130.0	682
27.11.2023 00:00	4140.0	4150.0	3960.0	4040.0	912
28.11.2023 00:00	4070.0	4090.0	4030.0	4070.0	322
29.11.2023 00:00	4080.0	4080.0	4020.0	4060.0	213
30.11.2023 00:00	4040.0	4070.0	4010.0	4020.0	352
01.12.2023 00:00	4040.0	4050.0	3800.0	3830.0	871
04.12.2023 00:00	3840.0	3840.0	3600.0	3620.0	629
05.12.2023 00:00	3620.0	3660.0	3570.0	3580.0	309
06.12.2023 00:00	3600.0	3650.0	3590.0	3650.0	149
07.12.2023 00:00	3650.0	3650.0	3480.0	3580.0	348
08.12.2023 00:00	3630.0	3640.0	3580.0	3620.0	145
11.12.2023 00:00	3590.0	3990.0	3590.0	3860.0	1930
12.12.2023 00:00	3860.0	3860.0	3380.0	3620.0	1553
13.12.2023 00:00	3640.0	3680.0	3460.0	3600.0	661
14.12.2023 00:00	3600.0	3700.0	3520.0	3550.0	455
15.12.2023 00:00	3380.0	3600.0	3380.0	3570.0	810
18.12.2023 00:00	3570.0	3820.0	3550.0	3680.0	1640
19.12.2023 00:00	3690.0	3910.0	3690.0	3790.0	1587
20.12.2023 00:00	3900.0	4000.0	3850.0	3920.0	899
21.12.2023 00:00	4000.0	4000.0	3840.0	3900.0	484
22.12.2023 00:00	3900.0	3960.0	3860.0	3950.0	432
25.12.2023 00:00	3950.0	3970.0	3750.0	3870.0	356
26.12.2023 00:00	3890.0	3900.0	3810.0	3810.0	388
27.12.2023 00:00	3820.0	3930.0	3740.0	3850.0	1068
28.12.2023 00:00	3830.0	4040.0	3720.0	3770.0	924
29.12.2023 00:00	3820.0	3820.0	3580.0	3580.0	1035
03.01.2024 00:00	3740.0	4090.0	3730.0	3930.0	5565
04.01.2024 00:00	4040.0	4110.0	3870.0	3990.0	7492
05.01.2024 00:00	4040.0	4850.0	3870.0	4600.0	22826
08.01.2024 00:00	4650.0	5000.0	4260.0	4670.0	12625
09.01.2024 00:00	4710.0	4790.0	4590.0	4630.0	5193
10.01.2024 00:00	4630.0	4710.0	4530.0	4550.0	4200
11.01.2024 00:00	4560.0	4650.0	4540.0	4580.0	3384
12.01.2024 00:00	4580.0	4910.0	4320.0	4490.0	8342
15.01.2024 00:00	4380.0	4480.0	4310.0	4350.0	2949
16.01.2024 00:00	4350.0	4380.0	3840.0	4210.0	9301
17.01.2024 00:00	4210.0	4280.0	4040.0	4190.0	2069
18.01.2024 00:00	4240.0	4250.0	4080.0	4140.0	811
19.01.2024 00:00	4140.0	4160.0	3990.0	4100.0	1676
22.01.2024 00:00	4120.0	4150.0	3990.0	4080.0	1613
23.01.2024 00:00	4090.0	4120.0	4050.0	4060.0	536
24.01.2024 00:00	4100.0	4110.0	4010.0	4060.0	733
25.01.2024 00:00	4060.0	4080.0	3990.0	4080.0	426
26.01.2024 00:00	4120.0	4280.0	4120.0	4180.0	4631
29.01.2024 00:00	4240.0	4290.0	4090.0	4240.0	1615
30.01.2024 00:00	4210.0	4280.0	4140.0	4190.0	1779
31.01.2024 00:00	4210.0	4240.0	4160.0	4230.0	870
01.02.2024 00:00	4240.0	4270.0	4170.0	4220.0	1160
02.02.2024 00:00	4240.0	4250.0	4100.0	4160.0	1457
05.02.2024 00:00	4180.0	4210.0	4110.0	4150.0	525
06.02.2024 00:00	4160.0	4200.0	4140.0	4150.0	252
07.02.2024 00:00	4160.0	4200.0	4090.0	4110.0	625
08.02.2024 00:00	4190.0	4190.0	4050.0	4080.0	494
09.02.2024 00:00	4110.0	4240.0	4010.0	4070.0	2171
12.02.2024 00:00	4060.0	4060.0	3980.0	4000.0	592
13.02.2024 00:00	4040.0	4050.0	4000.0	4020.0	411
14.02.2024 00:00	4030.0	4150.0	4020.0	4100.0	1611
15.02.2024 00:00	4090.0	4100.0	3990.0	4040.0	832
16.02.2024 00:00	4040.0	4080.0	3980.0	4020.0	650
19.02.2024 00:00	4050.0	4060.0	4000.0	4020.0	370
20.02.2024 00:00	4040.0	4040.0	3860.0	3940.0	815
21.02.2024 00:00	3940.0	3940.0	3690.0	3830.0	1153
22.02.2024 00:00	3820.0	3980.0	3820.0	3920.0	333
26.02.2024 00:00	3960.0	4040.0	3920.0	4010.0	567
27.02.2024 00:00	4010.0	4040.0	3960.0	4010.0	243
28.02.2024 00:00	4010.0	4080.0	3820.0	3970.0	641
29.02.2024 00:00	3970.0	4040.0	3970.0	3980.0	373
01.03.2024 00:00	3990.0	4020.0	3960.0	3970.0	202
04.03.2024 00:00	3970.0	3990.0	3890.0	3950.0	304
05.03.2024 00:00	3950.0	3960.0	3890.0	3910.0	283
06.03.2024 00:00	3910.0	3950.0	3900.0	3930.0	291
07.03.2024 00:00	3930.0	3970.0	3900.0	3960.0	259
11.03.2024 00:00	3970.0	4020.0	3900.0	3950.0	663
12.03.2024 00:00	3910.0	4050.0	3870.0	3970.0	690
13.03.2024 00:00	3970.0	4050.0	3960.0	3970.0	154
14.03.2024 00:00	3960.0	3990.0	3870.0	3880.0	333
15.03.2024 00:00	3890.0	3900.0	3780.0	3900.0	207
18.03.2024 00:00	3900.0	3920.0	3850.0	3900.0	181
19.03.2024 00:00	3890.0	3910.0	3840.0	3860.0	148
20.03.2024 00:00	3860.0	3950.0	3800.0	3800.0	393
21.03.2024 00:00	3840.0	3900.0	3800.0	3840.0	269
22.03.2024 00:00	3830.0	3860.0	3810.0	3820.0	78
25.03.2024 00:00	3820.0	3860.0	3790.0	3840.0	159
26.03.2024 00:00	3840.0	4030.0	3800.0	3950.0	423
27.03.2024 00:00	3950.0	4020.0	3880.0	3970.0	570
28.03.2024 00:00	3920.0	4030.0	3910.0	4010.0	542
29.03.2024 00:00	3990.0	4020.0	3940.0	4000.0	214
01.04.2024 00:00	4010.0	4020.0	3910.0	3920.0	1713
02.04.2024 00:00	3970.0	4050.0	3950.0	3990.0	905
03.04.2024 00:00	3990.0	4030.0	3970.0	4020.0	184
04.04.2024 00:00	4020.0	4020.0	3960.0	4010.0	205
05.04.2024 00:00	4020.0	4020.0	4010.0	4020.0	293
08.04.2024 00:00	4020.0	4100.0	3960.0	4080.0	577
09.04.2024 00:00	4080.0	4090.0	3980.0	3980.0	402
10.04.2024 00:00	4000.0	4050.0	4000.0	4050.0	167
11.04.2024 00:00	4030.0	4060.0	3990.0	3990.0	163
12.04.2024 00:00	3990.0	4030.0	3880.0	3950.0	965
15.04.2024 00:00	3960.0	3980.0	3930.0	3940.0	231
16.04.2024 00:00	3950.0	3970.0	3930.0	3940.0	157
17.04.2024 00:00	3950.0	3950.0	3910.0	3910.0	80
18.04.2024 00:00	3910.0	3960.0	3900.0	3950.0	216
19.04.2024 00:00	3940.0	3950.0	3910.0	3910.0	81
22.04.2024 00:00	3910.0	3950.0	3890.0	3890.0	188
23.04.2024 00:00	3930.0	3930.0	3890.0	3910.0	74
24.04.2024 00:00	3910.0	3910.0	3830.0	3890.0	224
25.04.2024 00:00	3870.0	3880.0	3860.0	3880.0	139
26.04.2024 00:00	3880.0	3900.0	3860.0	3880.0	83
27.04.2024 00:00	3870.0	3960.0	3860.0	3880.0	76
29.04.2024 00:00	3880.0	3910.0	3870.0	3900.0	106
30.04.2024 00:00	3910.0	3940.0	3850.0	3900.0	102
02.05.2024 00:00	3940.0	3950.0	3830.0	3880.0	821
03.05.2024 00:00	3900.0	3910.0	3840.0	3860.0	152
06.05.2024 00:00	3880.0	3930.0	3850.0	3930.0	173
07.05.2024 00:00	3890.0	3950.0	3890.0	3940.0	200
08.05.2024 00:00	3920.0	3950.0	3910.0	3930.0	157
10.05.2024 00:00	3920.0	3950.0	3910.0	3920.0	52
13.05.2024 00:00	3920.0	3940.0	3840.0	3880.0	303
14.05.2024 00:00	3880.0	3930.0	3820.0	3840.0	935
15.05.2024 00:00	3840.0	3880.0	3800.0	3820.0	367
16.05.2024 00:00	3820.0	3870.0	3810.0	3860.0	120
17.05.2024 00:00	3860.0	3860.0	3770.0	3800.0	188
20.05.2024 00:00	3800.0	3840.0	3770.0	3780.0	274
21.05.2024 00:00	3790.0	3850.0	3620.0	3640.0	789
22.05.2024 00:00	3690.0	4080.0	3640.0	3730.0	2651
23.05.2024 00:00	3730.0	3730.0	3490.0	3530.0	1492
24.05.2024 00:00	3540.0	3540.0	3400.0	3420.0	670
27.05.2024 00:00	3420.0	3450.0	3180.0	3180.0	477
28.05.2024 00:00	3240.0	3490.0	3130.0	3300.0	431
29.05.2024 00:00	3330.0	3380.0	3170.0	3250.0	242
30.05.2024 00:00	3300.0	3300.0	3200.0	3200.0	54
31.05.2024 00:00	3210.0	3230.0	3040.0	3150.0	338
03.06.2024 00:00	3070.0	3180.0	2940.0	3080.0	269
04.06.2024 00:00	3070.0	3230.0	3070.0	3160.0	328
05.06.2024 00:00	3180.0	3470.0	3180.0	3360.0	371
06.06.2024 00:00	3410.0	3470.0	3370.0	3400.0	163
07.06.2024 00:00	3410.0	3460.0	3410.0	3450.0	56
10.06.2024 00:00	3450.0	3560.0	3440.0	3540.0	145
11.06.2024 00:00	3570.0	3580.0	3320.0	3420.0	285
13.06.2024 00:00	3390.0	3470.0	3340.0	3370.0	88
14.06.2024 00:00	3430.0	3460.0	3410.0	3410.0	24
17.06.2024 00:00	3440.0	3440.0	3320.0	3360.0	116
18.06.2024 00:00	3390.0	3410.0	3220.0	3230.0	154
19.06.2024 00:00	3250.0	3270.0	3080.0	3120.0	181
20.06.2024 00:00	3160.0	3240.0	3120.0	3180.0	96
21.06.2024 00:00	3190.0	3300.0	3110.0	3190.0	209
24.06.2024 00:00	3200.0	3200.0	3090.0	3120.0	207
25.06.2024 00:00	3080.0	3190.0	3050.0	3190.0	308
26.06.2024 00:00	3240.0	3710.0	3160.0	3620.0	3008
27.06.2024 00:00	3630.0	4100.0	3360.0	3390.0	7604
28.06.2024 00:00	3420.0	3480.0	3180.0	3250.0	766
01.07.2024 00:00	3270.0	3670.0	3260.0	3440.0	2096
02.07.2024 00:00	3520.0	3520.0	3210.0	3340.0	1908
03.07.2024 00:00	3370.0	3420.0	3280.0	3310.0	260
04.07.2024 00:00	3320.0	3420.0	3270.0	3310.0	199
05.07.2024 00:00	3310.0	3310.0	3230.0	3300.0	112
08.07.2024 00:00	3310.0	3320.0	3180.0	3240.0	232
09.07.2024 00:00	3250.0	3250.0	3030.0	3060.0	818
10.07.2024 00:00	3060.0	3110.0	2780.0	2820.0	772
11.07.2024 00:00	2850.0	2990.0	2850.0	2860.0	211
12.07.2024 00:00	2940.0	3090.0	2880.0	2910.0	412
15.07.2024 00:00	2950.0	2970.0	2800.0	2810.0	293
16.07.2024 00:00	2810.0	2850.0	2670.0	2790.0	405
17.07.2024 00:00	2800.0	2880.0	2790.0	2830.0	125
18.07.2024 00:00	2870.0	2870.0	2840.0	2840.0	20
19.07.2024 00:00	2840.0	3300.0	2840.0	3160.0	3212
22.07.2024 00:00	3170.0	3370.0	3060.0	3150.0	1020
23.07.2024 00:00	3180.0	3190.0	3000.0	3110.0	354
24.07.2024 00:00	3110.0	3150.0	3040.0	3080.0	263
25.07.2024 00:00	3050.0	3090.0	2910.0	3080.0	906
26.07.2024 00:00	3070.0	3110.0	2960.0	3050.0	639
29.07.2024 00:00	2990.0	3060.0	2870.0	2910.0	304
30.07.2024 00:00	2950.0	3010.0	2900.0	2970.0	368
31.07.2024 00:00	3000.0	3030.0	2930.0	2990.0	188
01.08.2024 00:00	2980.0	3020.0	2970.0	2980.0	164
02.08.2024 00:00	2980.0	3110.0	2930.0	3000.0	409
05.08.2024 00:00	2980.0	3020.0	2960.0	3000.0	192
06.08.2024 00:00	2960.0	3030.0	2920.0	2940.0	215
07.08.2024 00:00	2970.0	3010.0	2890.0	3010.0	559
08.08.2024 00:00	2980.0	3020.0	2980.0	3020.0	72
09.08.2024 00:00	2990.0	3020.0	2960.0	2980.0	112
12.08.2024 00:00	2990.0	3010.0	2980.0	3010.0	112
13.08.2024 00:00	3000.0	3050.0	2990.0	3050.0	157
14.08.2024 00:00	3050.0	3500.0	2910.0	3200.0	4010
15.08.2024 00:00	3230.0	3450.0	3150.0	3280.0	1416
16.08.2024 00:00	3280.0	3280.0	3100.0	3140.0	837
19.08.2024 00:00	3170.0	3220.0	2960.0	3010.0	773
20.08.2024 00:00	3000.0	3230.0	3000.0	3080.0	680
21.08.2024 00:00	3100.0	3230.0	3070.0	3090.0	526
22.08.2024 00:00	3090.0	3150.0	2960.0	2980.0	461
23.08.2024 00:00	3010.0	3150.0	2800.0	2800.0	1110
26.08.2024 00:00	2850.0	2960.0	2850.0	2910.0	146
27.08.2024 00:00	2930.0	2990.0	2920.0	2950.0	176
28.08.2024 00:00	2950.0	2970.0	2910.0	2960.0	92
29.08.2024 00:00	2940.0	2970.0	2940.0	2960.0	22
30.08.2024 00:00	2960.0	2980.0	2900.0	2920.0	125
02.09.2024 00:00	2920.0	2920.0	2710.0	2770.0	519
03.09.2024 00:00	2770.0	2880.0	2750.0	2780.0	335
04.09.2024 00:00	2790.0	2980.0	2770.0	2850.0	733
05.09.2024 00:00	2860.0	2920.0	2830.0	2900.0	78
06.09.2024 00:00	2880.0	2950.0	2850.0	2900.0	300
09.09.2024 00:00	2900.0	2970.0	2880.0	2900.0	284
10.09.2024 00:00	2920.0	2950.0	2870.0	2890.0	121
11.09.2024 00:00	2880.0	2910.0	2860.0	2880.0	75
12.09.2024 00:00	2870.0	2870.0	2770.0	2840.0	95
13.09.2024 00:00	2850.0	2860.0	2810.0	2840.0	51
16.09.2024 00:00	2850.0	2910.0	2820.0	2890.0	296
17.09.2024 00:00	2880.0	2920.0	2880.0	2890.0	162
18.09.2024 00:00	2890.0	2900.0	2870.0	2870.0	66
19.09.2024 00:00	2870.0	2880.0	2850.0	2880.0	70
20.09.2024 00:00	2890.0	2910.0	2890.0	2900.0	76
23.09.2024 00:00	2920.0	2950.0	2900.0	2940.0	190
24.09.2024 00:00	2950.0	3100.0	2950.0	3010.0	835
25.09.2024 00:00	3030.0	3060.0	2920.0	2960.0	436
26.09.2024 00:00	2960.0	2960.0	2920.0	2930.0	122
27.09.2024 00:00	2920.0	2920.0	2880.0	2910.0	156
30.09.2024 00:00	2920.0	2960.0	2900.0	2950.0	157
01.10.2024 00:00	2960.0	3020.0	2940.0	3000.0	316
02.10.2024 00:00	3000.0	3040.0	2910.0	2910.0	301
03.10.2024 00:00	2940.0	2990.0	2910.0	2950.0	118
04.10.2024 00:00	2960.0	2970.0	2930.0	2930.0	108
07.10.2024 00:00	2950.0	3010.0	2950.0	2990.0	207
08.10.2024 00:00	2990.0	3230.0	2970.0	3080.0	1691
09.10.2024 00:00	3100.0	3130.0	3010.0	3020.0	318
10.10.2024 00:00	3020.0	3060.0	3000.0	3000.0	87
11.10.2024 00:00	3040.0	3050.0	2980.0	2980.0	77
14.10.2024 00:00	2980.0	2990.0	2950.0	2980.0	89
15.10.2024 00:00	2980.0	2980.0	2950.0	2960.0	88
16.10.2024 00:00	2950.0	2970.0	2930.0	2930.0	139
17.10.2024 00:00	2930.0	2930.0	2910.0	2920.0	80
18.10.2024 00:00	2910.0	2920.0	2880.0	2900.0	71
21.10.2024 00:00	2880.0	2900.0	2800.0	2850.0	154
22.10.2024 00:00	2850.0	2900.0	2830.0	2900.0	92
23.10.2024 00:00	2880.0	2880.0	2800.0	2870.0	96
24.10.2024 00:00	2840.0	2840.0	2790.0	2810.0	45
25.10.2024 00:00	2830.0	2990.0	2790.0	2810.0	553
28.10.2024 00:00	2810.0	2810.0	2600.0	2690.0	304
29.10.2024 00:00	2650.0	2700.0	2550.0	2590.0	496
30.10.2024 00:00	2600.0	2720.0	2600.0	2660.0	293
31.10.2024 00:00	2680.0	2680.0	2530.0	2530.0	327
01.11.2024 00:00	2560.0	2820.0	2560.0	2650.0	568
02.11.2024 00:00	2670.0	2670.0	2500.0	2520.0	888
05.11.2024 00:00	2550.0	2930.0	2520.0	2770.0	1346
06.11.2024 00:00	2740.0	2950.0	2670.0	2710.0	500
07.11.2024 00:00	2730.0	2770.0	2620.0	2740.0	190
08.11.2024 00:00	2730.0	3100.0	2730.0	2930.0	1408
11.11.2024 00:00	2950.0	3090.0	2920.0	2970.0	276
12.11.2024 00:00	2980.0	3120.0	2950.0	3050.0	569
13.11.2024 00:00	3050.0	3120.0	2940.0	3070.0	357
14.11.2024 00:00	3070.0	3070.0	2940.0	2940.0	218
15.11.2024 00:00	2980.0	3010.0	2950.0	3000.0	106
18.11.2024 00:00	3010.0	3180.0	2960.0	3020.0	428
19.11.2024 00:00	3030.0	3040.0	2950.0	2990.0	128
20.11.2024 00:00	3000.0	3020.0	2970.0	3010.0	68
21.11.2024 00:00	3010.0	3010.0	2920.0	2920.0	125
22.11.2024 00:00	2950.0	2970.0	2920.0	2920.0	32
25.11.2024 00:00	2960.0	2970.0	2880.0	2890.0	62
26.11.2024 00:00	2900.0	2900.0	2710.0	2740.0	77
27.11.2024 00:00	2730.0	2810.0	2580.0	2790.0	338
28.11.2024 00:00	2780.0	2940.0	2610.0	2860.0	328
29.11.2024 00:00	2850.0	2850.0	2790.0	2840.0	69
02.12.2024 00:00	2840.0	3000.0	2840.0	2910.0	315
03.12.2024 00:00	2930.0	3030.0	2840.0	2860.0	198
04.12.2024 00:00	2870.0	2870.0	2770.0	2770.0	40
05.12.2024 00:00	2770.0	2800.0	2720.0	2790.0	100
06.12.2024 00:00	2790.0	2890.0	2720.0	2770.0	187
09.12.2024 00:00	2790.0	2840.0	2710.0	2750.0	84
10.12.2024 00:00	2750.0	2760.0	2710.0	2760.0	108
11.12.2024 00:00	2770.0	2840.0	2710.0	2710.0	84
12.12.2024 00:00	2730.0	2790.0	2710.0	2720.0	65
13.12.2024 00:00	2710.0	2710.0	2690.0	2700.0	28
16.12.2024 00:00	2690.0	2690.0	2560.0	2600.0	116
17.12.2024 00:00	2610.0	2610.0	2580.0	2600.0	32
18.12.2024 00:00	2610.0	2740.0	2610.0	2730.0	241
19.12.2024 00:00	2700.0	2760.0	2700.0	2740.0	77
20.12.2024 00:00	2750.0	2980.0	2750.0	2870.0	623
23.12.2024 00:00	2870.0	2990.0	2800.0	2850.0	299
24.12.2024 00:00	2830.0	2850.0	2790.0	2800.0	110
25.12.2024 00:00	2800.0	2850.0	2740.0	2810.0	186
26.12.2024 00:00	2810.0	2820.0	2780.0	2820.0	89
27.12.2024 00:00	2820.0	2820.0	2780.0	2780.0	91
28.12.2024 00:00	2790.0	2810.0	2730.0	2760.0	145
30.12.2024 00:00	2790.0	2820.0	2780.0	2810.0	96
03.01.2025 00:00	2880.0	2880.0	2800.0	2810.0	42
06.01.2025 00:00	2810.0	2810.0	2790.0	2790.0	60
08.01.2025 00:00	2820.0	2840.0	2810.0	2840.0	107
09.01.2025 00:00	2840.0	2840.0	2790.0	2820.0	66
10.01.2025 00:00	2820.0	2840.0	2800.0	2810.0	44
13.01.2025 00:00	2810.0	2880.0	2810.0	2880.0	184
14.01.2025 00:00	2880.0	2950.0	2850.0	2910.0	90
15.01.2025 00:00	2930.0	2980.0	2890.0	2890.0	218
16.01.2025 00:00	2930.0	2950.0	2800.0	2870.0	936
17.01.2025 00:00	2900.0	2920.0	2800.0	2880.0	695
20.01.2025 00:00	2900.0	2910.0	2830.0	2890.0	157
21.01.2025 00:00	2860.0	2890.0	2840.0	2870.0	151
22.01.2025 00:00	2860.0	2880.0	2830.0	2880.0	124
23.01.2025 00:00	2880.0	2900.0	2750.0	2780.0	919
24.01.2025 00:00	2790.0	2910.0	2780.0	2860.0	748
27.01.2025 00:00	2860.0	2900.0	2730.0	2770.0	489
28.01.2025 00:00	2770.0	2800.0	2740.0	2770.0	225
29.01.2025 00:00	2800.0	3150.0	2790.0	2950.0	2955
30.01.2025 00:00	2970.0	3020.0	2860.0	2910.0	706
31.01.2025 00:00	2900.0	2930.0	2840.0	2870.0	891
03.02.2025 00:00	2870.0	2890.0	2860.0	2880.0	255
04.02.2025 00:00	2900.0	2940.0	2880.0	2910.0	254
05.02.2025 00:00	2900.0	2980.0	2870.0	2900.0	191
06.02.2025 00:00	2920.0	3050.0	2850.0	2980.0	722
07.02.2025 00:00	3000.0	3040.0	2930.0	2930.0	300
10.02.2025 00:00	2930.0	3180.0	2930.0	3020.0	1435
11.02.2025 00:00	3020.0	3040.0	2900.0	3040.0	483
12.02.2025 00:00	3020.0	3050.0	3000.0	3010.0	96
13.02.2025 00:00	3100.0	3280.0	3030.0	3140.0	1481
14.02.2025 00:00	3150.0	3250.0	3080.0	3250.0	641
17.02.2025 00:00	3250.0	3290.0	3190.0	3260.0	718
18.02.2025 00:00	3220.0	3260.0	3190.0	3210.0	62
19.02.2025 00:00	3200.0	3200.0	3080.0	3160.0	162
20.02.2025 00:00	3180.0	3230.0	3150.0	3170.0	204
21.02.2025 00:00	3170.0	3200.0	3100.0	3130.0	145
24.02.2025 00:00	3130.0	3180.0	3080.0	3080.0	194
25.02.2025 00:00	3120.0	3190.0	3090.0	3120.0	302
26.02.2025 00:00	3130.0	3190.0	3090.0	3120.0	130
27.02.2025 00:00	3110.0	3110.0	3080.0	3090.0	94
28.02.2025 00:00	3090.0	3120.0	3080.0	3120.0	15
03.03.2025 00:00	3100.0	3110.0	3090.0	3090.0	57
04.03.2025 00:00	3110.0	3120.0	3080.0	3100.0	114
05.03.2025 00:00	3080.0	3120.0	3050.0	3060.0	288
06.03.2025 00:00	3060.0	3110.0	3060.0	3080.0	95
07.03.2025 00:00	3060.0	3080.0	3050.0	3050.0	116
10.03.2025 00:00	3060.0	3080.0	3060.0	3080.0	6
11.03.2025 00:00	3060.0	3080.0	3050.0	3050.0	33
12.03.2025 00:00	3050.0	3080.0	3050.0	3060.0	37
13.03.2025 00:00	3070.0	3080.0	3050.0	3060.0	31
14.03.2025 00:00	3060.0	3140.0	3050.0	3100.0	158
17.03.2025 00:00	3100.0	3150.0	3060.0	3090.0	86
18.03.2025 00:00	3110.0	3180.0	3090.0	3150.0	252
19.03.2025 00:00	3150.0	3150.0	3090.0	3150.0	71
20.03.2025 00:00	3120.0	3150.0	3110.0	3110.0	44
21.03.2025 00:00	3110.0	3200.0	3100.0	3100.0	188
24.03.2025 00:00	3110.0	3280.0	3080.0	3080.0	412
25.03.2025 00:00	3120.0	3140.0	3090.0	3120.0	73
26.03.2025 00:00	3130.0	3130.0	3100.0	3100.0	37
27.03.2025 00:00	3130.0	3130.0	3070.0	3070.0	53
28.03.2025 00:00	3110.0	3110.0	3010.0	3010.0	29
31.03.2025 00:00	3040.0	3040.0	2920.0	2950.0	121
01.04.2025 00:00	2980.0	3000.0	2950.0	2960.0	31
02.04.2025 00:00	2960.0	2960.0	2920.0	2920.0	23
03.04.2025 00:00	2920.0	2940.0	2800.0	2810.0	252
04.04.2025 00:00	2810.0	2850.0	2740.0	2760.0	261
07.04.2025 00:00	2720.0	2720.0	2600.0	2690.0	250
08.04.2025 00:00	2700.0	2750.0	2630.0	2720.0	176
09.04.2025 00:00	2670.0	2720.0	2570.0	2660.0	185
10.04.2025 00:00	2720.0	2740.0	2660.0	2700.0	25
11.04.2025 00:00	2740.0	2760.0	2660.0	2690.0	116
14.04.2025 00:00	2730.0	2730.0	2600.0	2670.0	141
15.04.2025 00:00	2640.0	2660.0	2610.0	2610.0	50
16.04.2025 00:00	2610.0	2750.0	2610.0	2700.0	137
17.04.2025 00:00	2720.0	2720.0	2670.0	2670.0	38
18.04.2025 00:00	2700.0	2700.0	2620.0	2640.0	69
21.04.2025 00:00	2640.0	2690.0	2630.0	2670.0	46
22.04.2025 00:00	2690.0	2710.0	2670.0	2700.0	17
23.04.2025 00:00	2670.0	2740.0	2670.0	2670.0	51
24.04.2025 00:00	2700.0	2710.0	2660.0	2710.0	17
25.04.2025 00:00	2730.0	2730.0	2690.0	2720.0	26
28.04.2025 00:00	2700.0	2720.0	2690.0	2690.0	57
29.04.2025 00:00	2690.0	2700.0	2630.0	2650.0	105
30.04.2025 00:00	2640.0	2640.0	2580.0	2600.0	156
02.05.2025 00:00	2620.0	2650.0	2560.0	2630.0	33
05.05.2025 00:00	2630.0	2630.0	2490.0	2500.0	404
06.05.2025 00:00	2550.0	2550.0	2440.0	2500.0	206
07.05.2025 00:00	2500.0	2560.0	2500.0	2530.0	92
08.05.2025 00:00	2530.0	2560.0	2490.0	2490.0	38
12.05.2025 00:00	2520.0	2640.0	2500.0	2580.0	244
13.05.2025 00:00	2590.0	2610.0	2480.0	2530.0	136
14.05.2025 00:00	2550.0	2550.0	2500.0	2510.0	55
15.05.2025 00:00	2510.0	2550.0	2500.0	2550.0	55
16.05.2025 00:00	2530.0	2580.0	2480.0	2500.0	139
19.05.2025 00:00	2510.0	2530.0	2440.0	2480.0	81
20.05.2025 00:00	2510.0	2520.0	2470.0	2500.0	43
21.05.2025 00:00	2460.0	2480.0	2380.0	2460.0	127
22.05.2025 00:00	2450.0	2460.0	2380.0	2410.0	170
