datetime	open	high	low	close	volume
07.03.2018 00:00	0.109	0.112	0.109	0.112	11
09.03.2018 00:00	0.108	0.108	0.107	0.107	13
12.03.2018 00:00	0.107	0.108	0.107	0.108	7
13.03.2018 00:00	0.107	0.109	0.107	0.108	7
15.03.2018 00:00	0.109	0.112	0.108	0.108	5
16.03.2018 00:00	0.108	0.108	0.10400000000000001	0.106	34
19.03.2018 00:00	0.108	0.108	0.106	0.106	3
20.03.2018 00:00	0.107	0.108	0.107	0.107	21
21.03.2018 00:00	0.108	0.109	0.105	0.107	90
22.03.2018 00:00	0.108	0.109	0.108	0.109	2
23.03.2018 00:00	0.107	0.107	0.105	0.106	51
26.03.2018 00:00	0.105	0.108	0.10300000000000001	0.105	28
27.03.2018 00:00	0.105	0.107	0.101	0.10400000000000001	84
28.03.2018 00:00	0.10200000000000001	0.109	0.10200000000000001	0.10300000000000001	52
29.03.2018 00:00	0.10300000000000001	0.114	0.1	0.10300000000000001	336
30.03.2018 00:00	0.10300000000000001	0.114	0.101	0.105	376
02.04.2018 00:00	0.106	0.106	0.10400000000000001	0.10400000000000001	18
03.04.2018 00:00	0.10400000000000001	0.10400000000000001	0.10300000000000001	0.10300000000000001	60
04.04.2018 00:00	0.10400000000000001	0.105	0.10400000000000001	0.10400000000000001	8
05.04.2018 00:00	0.10400000000000001	0.105	0.10300000000000001	0.105	19
06.04.2018 00:00	0.105	0.105	0.10400000000000001	0.105	11
09.04.2018 00:00	0.105	0.105	0.10200000000000001	0.10200000000000001	10
10.04.2018 00:00	0.10200000000000001	0.10300000000000001	0.10200000000000001	0.10200000000000001	2
11.04.2018 00:00	0.10200000000000001	0.10300000000000001	0.10200000000000001	0.10300000000000001	4
12.04.2018 00:00	0.10300000000000001	0.10300000000000001	0.10200000000000001	0.10300000000000001	4
13.04.2018 00:00	0.10200000000000001	0.10200000000000001	0.10200000000000001	0.10200000000000001	9
16.04.2018 00:00	0.10200000000000001	0.10400000000000001	0.10200000000000001	0.10400000000000001	17
17.04.2018 00:00	0.10300000000000001	0.10300000000000001	0.101	0.101	37
18.04.2018 00:00	0.101	0.10300000000000001	0.101	0.101	24
19.04.2018 00:00	0.10200000000000001	0.10300000000000001	0.10200000000000001	0.10200000000000001	5
20.04.2018 00:00	0.10300000000000001	0.10300000000000001	0.10200000000000001	0.10200000000000001	11
23.04.2018 00:00	0.101	0.10400000000000001	0.101	0.10300000000000001	20
24.04.2018 00:00	0.10200000000000001	0.10300000000000001	0.10200000000000001	0.10300000000000001	41
25.04.2018 00:00	0.10300000000000001	0.10300000000000001	0.10200000000000001	0.10200000000000001	15
26.04.2018 00:00	0.10300000000000001	0.10400000000000001	0.10300000000000001	0.10300000000000001	3
27.04.2018 00:00	0.10300000000000001	0.107	0.10300000000000001	0.10300000000000001	15
28.04.2018 00:00	0.10300000000000001	0.107	0.10300000000000001	0.107	18
03.05.2018 00:00	0.105	0.109	0.105	0.109	25
04.05.2018 00:00	0.108	0.108	0.108	0.108	1
07.05.2018 00:00	0.106	0.108	0.106	0.108	2
08.05.2018 00:00	0.109	0.109	0.105	0.106	60
10.05.2018 00:00	0.105	0.108	0.105	0.108	4
11.05.2018 00:00	0.108	0.108	0.108	0.108	1
15.05.2018 00:00	0.105	0.109	0.105	0.108	67
16.05.2018 00:00	0.106	0.109	0.10200000000000001	0.109	58
17.05.2018 00:00	0.108	0.108	0.10400000000000001	0.106	138
21.05.2018 00:00	0.105	0.105	0.105	0.105	1
22.05.2018 00:00	0.106	0.107	0.10400000000000001	0.10400000000000001	98
24.05.2018 00:00	0.106	0.106	0.10300000000000001	0.10300000000000001	17
25.05.2018 00:00	0.108	0.109	0.10400000000000001	0.10400000000000001	26
29.05.2018 00:00	0.10400000000000001	0.105	0.10400000000000001	0.105	29
30.05.2018 00:00	0.10200000000000001	0.10400000000000001	0.10200000000000001	0.10400000000000001	3
31.05.2018 00:00	0.10400000000000001	0.10400000000000001	0.10300000000000001	0.10300000000000001	52
01.06.2018 00:00	0.105	0.105	0.105	0.105	1
04.06.2018 00:00	0.106	0.106	0.106	0.106	1
05.06.2018 00:00	0.10200000000000001	0.105	0.10200000000000001	0.105	2
06.06.2018 00:00	0.105	0.107	0.105	0.106	8
08.06.2018 00:00	0.106	0.106	0.10300000000000001	0.10300000000000001	11
09.06.2018 00:00	0.105	0.105	0.105	0.105	1
11.06.2018 00:00	0.105	0.105	0.10200000000000001	0.10200000000000001	16
13.06.2018 00:00	0.10200000000000001	0.10200000000000001	0.101	0.101	28
14.06.2018 00:00	0.10200000000000001	0.10200000000000001	0.101	0.101	22
18.06.2018 00:00	0.101	0.101	0.101	0.101	40
19.06.2018 00:00	0.101	0.101	0.101	0.101	25
22.06.2018 00:00	0.101	0.101	0.101	0.101	10
25.06.2018 00:00	0.101	0.10300000000000001	0.1	0.10200000000000001	203
29.06.2018 00:00	0.10200000000000001	0.10200000000000001	0.1	0.101	138
02.07.2018 00:00	0.099	0.101	0.091	0.101	153
03.07.2018 00:00	0.097	0.10300000000000001	0.093	0.10300000000000001	11
05.07.2018 00:00	0.10300000000000001	0.10300000000000001	0.097	0.1	5
09.07.2018 00:00	0.097	0.10200000000000001	0.097	0.1	7
10.07.2018 00:00	0.097	0.1	0.094	0.1	102
11.07.2018 00:00	0.096	0.098	0.094	0.096	81
12.07.2018 00:00	0.096	0.097	0.092	0.096	58
13.07.2018 00:00	0.094	0.096	0.093	0.096	23
16.07.2018 00:00	0.096	0.097	0.096	0.097	5
17.07.2018 00:00	0.097	0.097	0.094	0.097	8
18.07.2018 00:00	0.098	0.101	0.094	0.101	160
19.07.2018 00:00	0.101	0.109	0.1	0.109	152
20.07.2018 00:00	0.109	0.109	0.106	0.108	24
23.07.2018 00:00	0.108	0.108	0.108	0.108	34
24.07.2018 00:00	0.109	0.109	0.108	0.108	2
25.07.2018 00:00	0.109	0.109	0.108	0.108	17
27.07.2018 00:00	0.109	0.109	0.109	0.109	1
30.07.2018 00:00	0.107	0.109	0.107	0.109	8
31.07.2018 00:00	0.109	0.109	0.108	0.109	7
01.08.2018 00:00	0.109	0.128	0.108	0.11900000000000001	81
02.08.2018 00:00	0.11800000000000001	0.121	0.117	0.11900000000000001	62
03.08.2018 00:00	0.11900000000000001	0.11900000000000001	0.116	0.117	73
06.08.2018 00:00	0.117	0.117	0.117	0.117	4
07.08.2018 00:00	0.114	0.11800000000000001	0.114	0.11800000000000001	31
08.08.2018 00:00	0.117	0.11800000000000001	0.11	0.117	91
09.08.2018 00:00	0.117	0.117	0.117	0.117	6
13.08.2018 00:00	0.117	0.117	0.115	0.117	55
14.08.2018 00:00	0.117	0.117	0.117	0.117	1
15.08.2018 00:00	0.117	0.117	0.117	0.117	4
16.08.2018 00:00	0.117	0.117	0.116	0.117	5
17.08.2018 00:00	0.117	0.11800000000000001	0.116	0.117	19
20.08.2018 00:00	0.117	0.11800000000000001	0.117	0.11800000000000001	6
21.08.2018 00:00	0.11800000000000001	0.12	0.11800000000000001	0.12	28
22.08.2018 00:00	0.121	0.126	0.12	0.121	28
23.08.2018 00:00	0.122	0.123	0.11800000000000001	0.122	55
24.08.2018 00:00	0.11800000000000001	0.122	0.11800000000000001	0.12	187
27.08.2018 00:00	0.11900000000000001	0.121	0.11900000000000001	0.121	10
28.08.2018 00:00	0.121	0.122	0.121	0.122	6
29.08.2018 00:00	0.122	0.124	0.122	0.124	7
30.08.2018 00:00	0.124	0.129	0.124	0.124	18
31.08.2018 00:00	0.122	0.126	0.122	0.124	22
03.09.2018 00:00	0.122	0.125	0.122	0.123	16
04.09.2018 00:00	0.123	0.123	0.123	0.123	1
06.09.2018 00:00	0.123	0.126	0.11900000000000001	0.11900000000000001	341
07.09.2018 00:00	0.121	0.121	0.12	0.12	13
10.09.2018 00:00	0.12	0.12	0.11900000000000001	0.11900000000000001	8
11.09.2018 00:00	0.11900000000000001	0.11900000000000001	0.117	0.11900000000000001	353
12.09.2018 00:00	0.11800000000000001	0.11800000000000001	0.117	0.117	9
14.09.2018 00:00	0.11800000000000001	0.11800000000000001	0.117	0.117	10
18.09.2018 00:00	0.11900000000000001	0.11900000000000001	0.117	0.117	3
20.09.2018 00:00	0.12	0.12	0.11900000000000001	0.12	4
24.09.2018 00:00	0.11800000000000001	0.11800000000000001	0.117	0.11800000000000001	48
25.09.2018 00:00	0.117	0.11800000000000001	0.108	0.117	482
26.09.2018 00:00	0.116	0.117	0.105	0.113	803
27.09.2018 00:00	0.109	0.109	0.1	0.106	240
28.09.2018 00:00	0.10300000000000001	0.106	0.101	0.106	16
01.10.2018 00:00	0.106	0.108	0.10200000000000001	0.108	69
02.10.2018 00:00	0.105	0.107	0.10300000000000001	0.107	28
03.10.2018 00:00	0.10400000000000001	0.10400000000000001	0.10300000000000001	0.10300000000000001	10
04.10.2018 00:00	0.10300000000000001	0.10400000000000001	0.101	0.10400000000000001	127
05.10.2018 00:00	0.10400000000000001	0.106	0.10200000000000001	0.10400000000000001	10
09.10.2018 00:00	0.10300000000000001	0.10400000000000001	0.10300000000000001	0.10400000000000001	6
10.10.2018 00:00	0.10400000000000001	0.10400000000000001	0.10400000000000001	0.10400000000000001	2
12.10.2018 00:00	0.101	0.105	0.101	0.105	5
15.10.2018 00:00	0.10400000000000001	0.10400000000000001	0.10200000000000001	0.10400000000000001	8
18.10.2018 00:00	0.10300000000000001	0.105	0.10300000000000001	0.105	2
23.10.2018 00:00	0.10300000000000001	0.10300000000000001	0.10300000000000001	0.10300000000000001	1
25.10.2018 00:00	0.10300000000000001	0.10300000000000001	0.101	0.10300000000000001	25
26.10.2018 00:00	0.10400000000000001	0.10400000000000001	0.10400000000000001	0.10400000000000001	1
01.11.2018 00:00	0.105	0.105	0.101	0.105	4
02.11.2018 00:00	0.10200000000000001	0.10300000000000001	0.101	0.101	10
06.11.2018 00:00	0.101	0.10400000000000001	0.101	0.10400000000000001	3
08.11.2018 00:00	0.10300000000000001	0.14200000000000002	0.10300000000000001	0.126	4341
09.11.2018 00:00	0.128	0.128	0.117	0.122	536
12.11.2018 00:00	0.128	0.134	0.109	0.11900000000000001	2573
13.11.2018 00:00	0.121	0.128	0.114	0.11800000000000001	529
14.11.2018 00:00	0.117	0.11900000000000001	0.112	0.117	203
15.11.2018 00:00	0.11900000000000001	0.11900000000000001	0.11	0.116	119
16.11.2018 00:00	0.117	0.117	0.115	0.117	35
19.11.2018 00:00	0.117	0.117	0.113	0.115	34
20.11.2018 00:00	0.113	0.115	0.113	0.115	21
21.11.2018 00:00	0.115	0.115	0.115	0.115	7
22.11.2018 00:00	0.115	0.117	0.11	0.117	39
23.11.2018 00:00	0.114	0.114	0.113	0.114	7
26.11.2018 00:00	0.112	0.117	0.108	0.115	118
27.11.2018 00:00	0.116	0.117	0.114	0.114	19
29.11.2018 00:00	0.114	0.115	0.112	0.115	30
03.12.2018 00:00	0.113	0.115	0.113	0.115	7
04.12.2018 00:00	0.114	0.115	0.108	0.115	29
05.12.2018 00:00	0.109	0.116	0.109	0.116	9
06.12.2018 00:00	0.116	0.116	0.108	0.112	98
07.12.2018 00:00	0.108	0.113	0.107	0.112	82
11.12.2018 00:00	0.109	0.114	0.109	0.114	7
12.12.2018 00:00	0.109	0.112	0.109	0.112	18
13.12.2018 00:00	0.109	0.112	0.10400000000000001	0.105	882
14.12.2018 00:00	0.106	0.106	0.101	0.10400000000000001	123
17.12.2018 00:00	0.10200000000000001	0.10400000000000001	0.10200000000000001	0.10200000000000001	39
18.12.2018 00:00	0.10400000000000001	0.10400000000000001	0.10200000000000001	0.10200000000000001	15
19.12.2018 00:00	0.105	0.109	0.105	0.107	105
20.12.2018 00:00	0.10400000000000001	0.106	0.10400000000000001	0.106	48
21.12.2018 00:00	0.106	0.106	0.10200000000000001	0.105	47
24.12.2018 00:00	0.10300000000000001	0.107	0.10300000000000001	0.107	30
25.12.2018 00:00	0.10400000000000001	0.10400000000000001	0.101	0.10300000000000001	136
26.12.2018 00:00	0.10400000000000001	0.105	0.10200000000000001	0.10200000000000001	78
27.12.2018 00:00	0.10200000000000001	0.10300000000000001	0.101	0.10300000000000001	16
28.12.2018 00:00	0.10400000000000001	0.109	0.10300000000000001	0.109	55
29.12.2018 00:00	0.11	0.117	0.105	0.117	224
03.01.2019 00:00	0.117	0.11900000000000001	0.117	0.11900000000000001	164
04.01.2019 00:00	0.114	0.117	0.114	0.117	12
08.01.2019 00:00	0.11900000000000001	0.11900000000000001	0.117	0.117	3
09.01.2019 00:00	0.11900000000000001	0.12	0.11800000000000001	0.11800000000000001	178
10.01.2019 00:00	0.11800000000000001	0.11800000000000001	0.117	0.117	2
11.01.2019 00:00	0.117	0.117	0.117	0.117	14
14.01.2019 00:00	0.117	0.117	0.117	0.117	1
15.01.2019 00:00	0.11800000000000001	0.122	0.117	0.12	59
16.01.2019 00:00	0.122	0.129	0.121	0.125	184
17.01.2019 00:00	0.125	0.128	0.11900000000000001	0.128	465
18.01.2019 00:00	0.124	0.134	0.123	0.132	426
21.01.2019 00:00	0.14	0.14	0.128	0.131	531
22.01.2019 00:00	0.128	0.132	0.126	0.13	144
23.01.2019 00:00	0.129	0.13	0.129	0.13	2
24.01.2019 00:00	0.122	0.138	0.122	0.133	418
25.01.2019 00:00	0.133	0.14400000000000002	0.132	0.135	468
28.01.2019 00:00	0.125	0.132	0.125	0.131	53
29.01.2019 00:00	0.131	0.133	0.13	0.13	52
30.01.2019 00:00	0.13	0.13	0.13	0.13	1
31.01.2019 00:00	0.129	0.132	0.128	0.13	35
01.02.2019 00:00	0.129	0.129	0.129	0.129	2
04.02.2019 00:00	0.122	0.129	0.122	0.129	14
06.02.2019 00:00	0.131	0.131	0.13	0.13	7
07.02.2019 00:00	0.131	0.131	0.129	0.13	13
08.02.2019 00:00	0.13	0.14300000000000002	0.13	0.139	303
11.02.2019 00:00	0.134	0.149	0.132	0.138	462
12.02.2019 00:00	0.139	0.139	0.132	0.136	100
13.02.2019 00:00	0.135	0.14	0.135	0.138	26
14.02.2019 00:00	0.138	0.138	0.133	0.137	33
15.02.2019 00:00	0.131	0.137	0.131	0.131	28
18.02.2019 00:00	0.136	0.139	0.136	0.138	32
19.02.2019 00:00	0.137	0.137	0.134	0.134	9
20.02.2019 00:00	0.137	0.138	0.133	0.137	35
21.02.2019 00:00	0.137	0.14100000000000001	0.135	0.14	374
22.02.2019 00:00	0.14	0.147	0.14	0.14	308
25.02.2019 00:00	0.14	0.14400000000000002	0.14	0.14400000000000002	103
26.02.2019 00:00	0.14300000000000002	0.145	0.14100000000000001	0.14400000000000002	78
27.02.2019 00:00	0.14400000000000002	0.147	0.14300000000000002	0.14300000000000002	99
28.02.2019 00:00	0.14300000000000002	0.145	0.14100000000000001	0.14100000000000001	98
01.03.2019 00:00	0.14300000000000002	0.14300000000000002	0.14	0.14	113
04.03.2019 00:00	0.133	0.14300000000000002	0.133	0.14100000000000001	18
05.03.2019 00:00	0.14300000000000002	0.14300000000000002	0.14	0.14200000000000002	27
06.03.2019 00:00	0.14	0.14300000000000002	0.14	0.14	120
07.03.2019 00:00	0.14	0.14	0.14	0.14	6
11.03.2019 00:00	0.14	0.14	0.14	0.14	1
12.03.2019 00:00	0.139	0.14	0.139	0.139	81
13.03.2019 00:00	0.139	0.153	0.139	0.14	280
14.03.2019 00:00	0.14	0.14	0.139	0.14	14
15.03.2019 00:00	0.14	0.152	0.14	0.148	388
18.03.2019 00:00	0.158	0.163	0.14400000000000002	0.149	369
19.03.2019 00:00	0.149	0.156	0.14	0.146	80
20.03.2019 00:00	0.14400000000000002	0.146	0.14	0.14100000000000001	158
21.03.2019 00:00	0.14100000000000001	0.149	0.14100000000000001	0.149	118
22.03.2019 00:00	0.149	0.149	0.14200000000000002	0.145	101
25.03.2019 00:00	0.14300000000000002	0.149	0.14	0.147	82
26.03.2019 00:00	0.148	0.148	0.14400000000000002	0.14400000000000002	67
27.03.2019 00:00	0.14400000000000002	0.145	0.14100000000000001	0.14300000000000002	55
28.03.2019 00:00	0.14100000000000001	0.14200000000000002	0.14	0.14	69
29.03.2019 00:00	0.14	0.14	0.14	0.14	103
01.04.2019 00:00	0.135	0.138	0.132	0.134	157
02.04.2019 00:00	0.133	0.133	0.129	0.133	112
03.04.2019 00:00	0.136	0.136	0.129	0.131	47
04.04.2019 00:00	0.131	0.132	0.13	0.13	25
05.04.2019 00:00	0.137	0.137	0.129	0.129	23
08.04.2019 00:00	0.128	0.13	0.126	0.13	47
09.04.2019 00:00	0.13	0.13	0.128	0.128	3
10.04.2019 00:00	0.13	0.131	0.129	0.13	20
11.04.2019 00:00	0.13	0.13	0.128	0.13	7
12.04.2019 00:00	0.13	0.13	0.13	0.13	1
15.04.2019 00:00	0.132	0.135	0.131	0.135	77
16.04.2019 00:00	0.131	0.131	0.131	0.131	52
17.04.2019 00:00	0.131	0.131	0.131	0.131	5
18.04.2019 00:00	0.129	0.13	0.128	0.13	7
19.04.2019 00:00	0.13	0.13	0.13	0.13	3
22.04.2019 00:00	0.13	0.13	0.13	0.13	5
23.04.2019 00:00	0.13	0.13	0.129	0.13	29
24.04.2019 00:00	0.131	0.131	0.126	0.129	63
25.04.2019 00:00	0.13	0.13	0.129	0.129	6
26.04.2019 00:00	0.13	0.13	0.128	0.128	13
29.04.2019 00:00	0.13	0.13	0.13	0.13	14
30.04.2019 00:00	0.131	0.131	0.126	0.129	45
02.05.2019 00:00	0.13	0.13	0.13	0.13	5
03.05.2019 00:00	0.13	0.13	0.13	0.13	12
06.05.2019 00:00	0.128	0.128	0.128	0.128	5
08.05.2019 00:00	0.13	0.13	0.128	0.128	11
10.05.2019 00:00	0.128	0.128	0.124	0.128	38
13.05.2019 00:00	0.128	0.128	0.124	0.125	14
14.05.2019 00:00	0.124	0.124	0.124	0.124	21
15.05.2019 00:00	0.129	0.129	0.126	0.126	3
16.05.2019 00:00	0.125	0.125	0.125	0.125	30
17.05.2019 00:00	0.124	0.124	0.124	0.124	3
20.05.2019 00:00	0.129	0.13	0.124	0.128	13
22.05.2019 00:00	0.129	0.129	0.124	0.124	30
23.05.2019 00:00	0.124	0.125	0.124	0.125	11
24.05.2019 00:00	0.126	0.126	0.125	0.125	4
27.05.2019 00:00	0.124	0.124	0.124	0.124	17
28.05.2019 00:00	0.124	0.124	0.122	0.122	38
29.05.2019 00:00	0.122	0.122	0.121	0.122	27
31.05.2019 00:00	0.121	0.121	0.121	0.121	10
03.06.2019 00:00	0.123	0.123	0.12	0.12	3
04.06.2019 00:00	0.123	0.123	0.12	0.12	8
05.06.2019 00:00	0.122	0.122	0.122	0.122	2
06.06.2019 00:00	0.121	0.123	0.12	0.123	116
07.06.2019 00:00	0.122	0.122	0.122	0.122	2
10.06.2019 00:00	0.122	0.122	0.11900000000000001	0.11900000000000001	36
11.06.2019 00:00	0.11900000000000001	0.12	0.11900000000000001	0.11900000000000001	5
13.06.2019 00:00	0.12	0.12	0.117	0.117	7
14.06.2019 00:00	0.11800000000000001	0.11900000000000001	0.11800000000000001	0.11900000000000001	12
17.06.2019 00:00	0.117	0.11900000000000001	0.117	0.11900000000000001	14
18.06.2019 00:00	0.117	0.117	0.117	0.117	2
19.06.2019 00:00	0.11900000000000001	0.11900000000000001	0.117	0.117	17
21.06.2019 00:00	0.11800000000000001	0.11800000000000001	0.11800000000000001	0.11800000000000001	14
24.06.2019 00:00	0.11900000000000001	0.11900000000000001	0.117	0.117	6
25.06.2019 00:00	0.117	0.117	0.117	0.117	15
26.06.2019 00:00	0.117	0.11800000000000001	0.116	0.116	49
27.06.2019 00:00	0.117	0.11800000000000001	0.116	0.116	4
28.06.2019 00:00	0.11800000000000001	0.11900000000000001	0.117	0.117	15
01.07.2019 00:00	0.117	0.117	0.117	0.117	6
02.07.2019 00:00	0.11800000000000001	0.154	0.11800000000000001	0.135	2387
03.07.2019 00:00	0.137	0.138	0.12	0.128	869
04.07.2019 00:00	0.124	0.137	0.11900000000000001	0.126	1693
05.07.2019 00:00	0.133	0.137	0.122	0.123	173
08.07.2019 00:00	0.123	0.134	0.123	0.129	455
09.07.2019 00:00	0.125	0.14100000000000001	0.125	0.128	448
10.07.2019 00:00	0.126	0.13	0.125	0.13	175
11.07.2019 00:00	0.13	0.13	0.126	0.128	187
12.07.2019 00:00	0.126	0.126	0.125	0.126	45
15.07.2019 00:00	0.133	0.135	0.124	0.126	83
16.07.2019 00:00	0.125	0.125	0.122	0.124	53
17.07.2019 00:00	0.122	0.124	0.121	0.122	45
18.07.2019 00:00	0.124	0.124	0.124	0.124	1
19.07.2019 00:00	0.123	0.123	0.123	0.123	15
22.07.2019 00:00	0.122	0.123	0.12	0.121	40
23.07.2019 00:00	0.11900000000000001	0.123	0.11900000000000001	0.123	33
24.07.2019 00:00	0.12	0.123	0.12	0.121	52
25.07.2019 00:00	0.121	0.121	0.12	0.121	15
26.07.2019 00:00	0.12	0.121	0.12	0.12	6
29.07.2019 00:00	0.121	0.121	0.121	0.121	3
30.07.2019 00:00	0.12	0.125	0.12	0.124	53
31.07.2019 00:00	0.125	0.126	0.124	0.125	79
01.08.2019 00:00	0.126	0.126	0.124	0.124	11
02.08.2019 00:00	0.124	0.124	0.124	0.124	5
05.08.2019 00:00	0.124	0.129	0.124	0.126	51
06.08.2019 00:00	0.126	0.126	0.125	0.125	8
07.08.2019 00:00	0.125	0.125	0.124	0.124	9
08.08.2019 00:00	0.124	0.124	0.124	0.124	1
09.08.2019 00:00	0.124	0.124	0.124	0.124	18
12.08.2019 00:00	0.124	0.124	0.124	0.124	4
13.08.2019 00:00	0.123	0.123	0.122	0.122	19
14.08.2019 00:00	0.122	0.122	0.122	0.122	1
15.08.2019 00:00	0.122	0.122	0.121	0.121	5
16.08.2019 00:00	0.121	0.121	0.11900000000000001	0.121	63
20.08.2019 00:00	0.121	0.121	0.11900000000000001	0.12	9
21.08.2019 00:00	0.11900000000000001	0.11900000000000001	0.11900000000000001	0.11900000000000001	16
23.08.2019 00:00	0.11800000000000001	0.11800000000000001	0.117	0.117	9
26.08.2019 00:00	0.117	0.117	0.117	0.117	8
27.08.2019 00:00	0.11800000000000001	0.11800000000000001	0.11800000000000001	0.11800000000000001	2
28.08.2019 00:00	0.117	0.122	0.116	0.11900000000000001	51
29.08.2019 00:00	0.122	0.122	0.12	0.12	2
30.08.2019 00:00	0.122	0.122	0.121	0.121	2
02.09.2019 00:00	0.12	0.121	0.11900000000000001	0.11900000000000001	7
03.09.2019 00:00	0.121	0.121	0.11900000000000001	0.11900000000000001	48
04.09.2019 00:00	0.11900000000000001	0.121	0.11800000000000001	0.121	13
05.09.2019 00:00	0.11800000000000001	0.12	0.11800000000000001	0.12	5
06.09.2019 00:00	0.11900000000000001	0.11900000000000001	0.11900000000000001	0.11900000000000001	1
09.09.2019 00:00	0.11800000000000001	0.11800000000000001	0.11800000000000001	0.11800000000000001	2
11.09.2019 00:00	0.11800000000000001	0.121	0.11800000000000001	0.121	6
12.09.2019 00:00	0.121	0.121	0.121	0.121	5
16.09.2019 00:00	0.11900000000000001	0.12	0.117	0.12	32
17.09.2019 00:00	0.11900000000000001	0.11900000000000001	0.11900000000000001	0.11900000000000001	4
18.09.2019 00:00	0.117	0.11900000000000001	0.116	0.11900000000000001	135
19.09.2019 00:00	0.11900000000000001	0.121	0.11800000000000001	0.11800000000000001	117
20.09.2019 00:00	0.11800000000000001	0.11900000000000001	0.11800000000000001	0.11900000000000001	19
23.09.2019 00:00	0.121	0.122	0.121	0.121	19
24.09.2019 00:00	0.11800000000000001	0.125	0.11800000000000001	0.121	26
25.09.2019 00:00	0.11900000000000001	0.11900000000000001	0.11900000000000001	0.11900000000000001	35
26.09.2019 00:00	0.12	0.125	0.11900000000000001	0.12	32
27.09.2019 00:00	0.12	0.139	0.11900000000000001	0.124	225
30.09.2019 00:00	0.124	0.124	0.122	0.123	17
01.10.2019 00:00	0.125	0.125	0.122	0.122	4
02.10.2019 00:00	0.124	0.136	0.12	0.122	166
03.10.2019 00:00	0.125	0.125	0.121	0.121	13
07.10.2019 00:00	0.121	0.121	0.121	0.121	1
08.10.2019 00:00	0.121	0.121	0.121	0.121	1
09.10.2019 00:00	0.121	0.121	0.121	0.121	7
10.10.2019 00:00	0.121	0.121	0.121	0.121	45
11.10.2019 00:00	0.121	0.122	0.12	0.12	20
14.10.2019 00:00	0.12	0.12	0.12	0.12	1
15.10.2019 00:00	0.12	0.12	0.12	0.12	1
16.10.2019 00:00	0.12	0.12	0.12	0.12	2
17.10.2019 00:00	0.122	0.124	0.122	0.123	66
18.10.2019 00:00	0.123	0.123	0.117	0.12	78
21.10.2019 00:00	0.122	0.149	0.122	0.126	1703
22.10.2019 00:00	0.129	0.13	0.125	0.125	156
23.10.2019 00:00	0.125	0.125	0.11900000000000001	0.11900000000000001	410
24.10.2019 00:00	0.121	0.122	0.11900000000000001	0.12	65
25.10.2019 00:00	0.121	0.121	0.121	0.121	14
28.10.2019 00:00	0.121	0.125	0.121	0.123	4
29.10.2019 00:00	0.12	0.123	0.12	0.123	21
30.10.2019 00:00	0.12	0.126	0.12	0.121	83
31.10.2019 00:00	0.12	0.12	0.12	0.12	36
01.11.2019 00:00	0.12	0.121	0.117	0.12	77
05.11.2019 00:00	0.12	0.12	0.117	0.12	38
06.11.2019 00:00	0.11900000000000001	0.11900000000000001	0.117	0.11900000000000001	35
07.11.2019 00:00	0.11800000000000001	0.11800000000000001	0.11800000000000001	0.11800000000000001	1
08.11.2019 00:00	0.11900000000000001	0.11900000000000001	0.11800000000000001	0.11800000000000001	28
11.11.2019 00:00	0.11900000000000001	0.121	0.11900000000000001	0.11900000000000001	28
12.11.2019 00:00	0.11800000000000001	0.11900000000000001	0.11800000000000001	0.11900000000000001	35
13.11.2019 00:00	0.11800000000000001	0.12	0.11800000000000001	0.12	5
14.11.2019 00:00	0.11800000000000001	0.12	0.117	0.12	81
15.11.2019 00:00	0.11900000000000001	0.12	0.117	0.11900000000000001	84
18.11.2019 00:00	0.12	0.12	0.12	0.12	1
20.11.2019 00:00	0.121	0.123	0.11900000000000001	0.11900000000000001	43
21.11.2019 00:00	0.11800000000000001	0.11900000000000001	0.11800000000000001	0.11900000000000001	24
22.11.2019 00:00	0.11800000000000001	0.11900000000000001	0.11800000000000001	0.11800000000000001	19
25.11.2019 00:00	0.11900000000000001	0.11900000000000001	0.11800000000000001	0.11800000000000001	2
26.11.2019 00:00	0.12	0.12	0.11900000000000001	0.12	47
27.11.2019 00:00	0.11800000000000001	0.11900000000000001	0.117	0.117	124
29.11.2019 00:00	0.117	0.11800000000000001	0.117	0.11800000000000001	11
02.12.2019 00:00	0.11800000000000001	0.11800000000000001	0.11800000000000001	0.11800000000000001	1
03.12.2019 00:00	0.117	0.117	0.117	0.117	1
04.12.2019 00:00	0.11800000000000001	0.11900000000000001	0.11800000000000001	0.11900000000000001	3
11.12.2019 00:00	0.12	0.12	0.12	0.12	1
12.12.2019 00:00	0.117	0.11900000000000001	0.117	0.11900000000000001	3
13.12.2019 00:00	0.11900000000000001	0.11900000000000001	0.11900000000000001	0.11900000000000001	2
16.12.2019 00:00	0.117	0.11800000000000001	0.116	0.11800000000000001	89
17.12.2019 00:00	0.117	0.11900000000000001	0.117	0.11900000000000001	4
18.12.2019 00:00	0.11900000000000001	0.11900000000000001	0.117	0.11900000000000001	32
19.12.2019 00:00	0.117	0.11900000000000001	0.117	0.11800000000000001	19
20.12.2019 00:00	0.117	0.117	0.117	0.117	36
23.12.2019 00:00	0.117	0.117	0.117	0.117	19
24.12.2019 00:00	0.117	0.117	0.117	0.117	3
25.12.2019 00:00	0.11800000000000001	0.11800000000000001	0.116	0.117	43
26.12.2019 00:00	0.117	0.11800000000000001	0.117	0.117	32
27.12.2019 00:00	0.117	0.117	0.116	0.116	47
30.12.2019 00:00	0.117	0.117	0.117	0.117	6
03.01.2020 00:00	0.117	0.117	0.115	0.117	37
06.01.2020 00:00	0.117	0.117	0.116	0.117	42
08.01.2020 00:00	0.117	0.11800000000000001	0.117	0.11800000000000001	23
09.01.2020 00:00	0.11800000000000001	0.123	0.117	0.11800000000000001	28
10.01.2020 00:00	0.11800000000000001	0.125	0.11800000000000001	0.124	146
13.01.2020 00:00	0.121	0.123	0.11900000000000001	0.121	124
14.01.2020 00:00	0.12	0.123	0.12	0.12	38
15.01.2020 00:00	0.123	0.124	0.121	0.123	257
16.01.2020 00:00	0.123	0.124	0.122	0.124	55
17.01.2020 00:00	0.121	0.124	0.121	0.124	89
20.01.2020 00:00	0.124	0.125	0.123	0.125	69
21.01.2020 00:00	0.123	0.125	0.122	0.124	108
22.01.2020 00:00	0.125	0.128	0.124	0.126	215
23.01.2020 00:00	0.124	0.126	0.123	0.126	71
24.01.2020 00:00	0.126	0.126	0.125	0.125	21
27.01.2020 00:00	0.126	0.126	0.124	0.124	116
28.01.2020 00:00	0.123	0.125	0.123	0.125	44
29.01.2020 00:00	0.126	0.126	0.123	0.126	69
30.01.2020 00:00	0.124	0.125	0.124	0.125	13
31.01.2020 00:00	0.125	0.126	0.125	0.125	11
03.02.2020 00:00	0.124	0.126	0.124	0.125	127
04.02.2020 00:00	0.126	0.128	0.125	0.128	137
05.02.2020 00:00	0.125	0.129	0.124	0.126	102
06.02.2020 00:00	0.126	0.129	0.126	0.126	60
07.02.2020 00:00	0.125	0.126	0.125	0.126	23
10.02.2020 00:00	0.126	0.13	0.125	0.126	60
11.02.2020 00:00	0.128	0.129	0.126	0.128	63
12.02.2020 00:00	0.128	0.157	0.128	0.14300000000000002	4813
13.02.2020 00:00	0.14100000000000001	0.146	0.129	0.133	1396
14.02.2020 00:00	0.134	0.14100000000000001	0.131	0.134	389
17.02.2020 00:00	0.136	0.138	0.131	0.137	714
18.02.2020 00:00	0.133	0.138	0.131	0.134	210
19.02.2020 00:00	0.133	0.134	0.133	0.133	42
20.02.2020 00:00	0.133	0.133	0.122	0.133	441
21.02.2020 00:00	0.129	0.133	0.129	0.131	145
25.02.2020 00:00	0.133	0.133	0.128	0.13	54
26.02.2020 00:00	0.129	0.131	0.128	0.131	40
27.02.2020 00:00	0.13	0.131	0.125	0.125	329
28.02.2020 00:00	0.125	0.125	0.117	0.117	298
02.03.2020 00:00	0.11900000000000001	0.122	0.11900000000000001	0.12	168
03.03.2020 00:00	0.121	0.125	0.12	0.123	231
04.03.2020 00:00	0.122	0.122	0.12	0.12	36
05.03.2020 00:00	0.122	0.122	0.122	0.122	1
06.03.2020 00:00	0.12	0.12	0.117	0.117	30
10.03.2020 00:00	0.116	0.117	0.113	0.117	165
11.03.2020 00:00	0.117	0.117	0.116	0.117	15
12.03.2020 00:00	0.115	0.117	0.10400000000000001	0.108	120
13.03.2020 00:00	0.106	0.108	0.106	0.106	8
16.03.2020 00:00	0.105	0.109	0.081	0.094	137
17.03.2020 00:00	0.089	0.089	0.085	0.088	49
18.03.2020 00:00	0.074	0.109	0.074	0.092	49
19.03.2020 00:00	0.089	0.099	0.08700000000000001	0.099	12
20.03.2020 00:00	0.089	0.108	0.089	0.1	86
23.03.2020 00:00	0.089	0.098	0.089	0.096	55
24.03.2020 00:00	0.10200000000000001	0.10200000000000001	0.094	0.099	20
25.03.2020 00:00	0.094	0.108	0.094	0.101	41
26.03.2020 00:00	0.097	0.10300000000000001	0.097	0.1	42
27.03.2020 00:00	0.101	0.101	0.098	0.1	26
30.03.2020 00:00	0.098	0.1	0.098	0.1	40
31.03.2020 00:00	0.1	0.10200000000000001	0.099	0.1	14
01.04.2020 00:00	0.101	0.124	0.101	0.113	811
02.04.2020 00:00	0.115	0.11900000000000001	0.10400000000000001	0.114	191
03.04.2020 00:00	0.108	0.129	0.105	0.113	391
06.04.2020 00:00	0.11800000000000001	0.11800000000000001	0.113	0.116	10
07.04.2020 00:00	0.113	0.115	0.113	0.114	28
08.04.2020 00:00	0.113	0.114	0.10400000000000001	0.112	59
09.04.2020 00:00	0.109	0.115	0.109	0.115	39
10.04.2020 00:00	0.115	0.115	0.11	0.112	166
13.04.2020 00:00	0.112	0.115	0.112	0.113	44
14.04.2020 00:00	0.112	0.114	0.112	0.112	24
15.04.2020 00:00	0.109	0.109	0.109	0.109	50
16.04.2020 00:00	0.108	0.11	0.108	0.11	18
17.04.2020 00:00	0.107	0.117	0.107	0.117	56
20.04.2020 00:00	0.112	0.116	0.109	0.11	63
21.04.2020 00:00	0.108	0.11	0.108	0.11	37
22.04.2020 00:00	0.11	0.11	0.108	0.109	17
23.04.2020 00:00	0.108	0.114	0.108	0.11	54
24.04.2020 00:00	0.11	0.11	0.11	0.11	1
27.04.2020 00:00	0.109	0.113	0.107	0.11	60
28.04.2020 00:00	0.113	0.113	0.109	0.112	11
29.04.2020 00:00	0.109	0.112	0.109	0.112	111
30.04.2020 00:00	0.112	0.112	0.112	0.112	4
04.05.2020 00:00	0.115	0.115	0.11	0.11	16
05.05.2020 00:00	0.115	0.115	0.112	0.112	49
06.05.2020 00:00	0.112	0.114	0.11	0.114	65
07.05.2020 00:00	0.114	0.129	0.113	0.117	1394
08.05.2020 00:00	0.117	0.128	0.113	0.116	328
12.05.2020 00:00	0.115	0.117	0.113	0.115	95
13.05.2020 00:00	0.113	0.126	0.11	0.117	199
14.05.2020 00:00	0.11900000000000001	0.124	0.117	0.117	15
15.05.2020 00:00	0.115	0.122	0.115	0.11800000000000001	29
18.05.2020 00:00	0.11900000000000001	0.122	0.11900000000000001	0.121	42
19.05.2020 00:00	0.121	0.121	0.116	0.11800000000000001	163
20.05.2020 00:00	0.121	0.124	0.11900000000000001	0.11900000000000001	73
21.05.2020 00:00	0.11900000000000001	0.121	0.117	0.11800000000000001	112
22.05.2020 00:00	0.117	0.117	0.116	0.117	212
25.05.2020 00:00	0.12	0.121	0.116	0.117	32
26.05.2020 00:00	0.11900000000000001	0.12	0.11800000000000001	0.11800000000000001	37
27.05.2020 00:00	0.11900000000000001	0.123	0.11800000000000001	0.11900000000000001	244
28.05.2020 00:00	0.11900000000000001	0.122	0.11800000000000001	0.11800000000000001	172
29.05.2020 00:00	0.123	0.123	0.11900000000000001	0.123	59
01.06.2020 00:00	0.123	0.123	0.11800000000000001	0.12	210
02.06.2020 00:00	0.12	0.122	0.11800000000000001	0.121	76
03.06.2020 00:00	0.121	0.122	0.11800000000000001	0.121	84
04.06.2020 00:00	0.11900000000000001	0.121	0.11900000000000001	0.11900000000000001	155
05.06.2020 00:00	0.11900000000000001	0.11900000000000001	0.11900000000000001	0.11900000000000001	12
08.06.2020 00:00	0.12	0.12	0.117	0.12	51
09.06.2020 00:00	0.11900000000000001	0.11900000000000001	0.11900000000000001	0.11900000000000001	13
10.06.2020 00:00	0.121	0.121	0.11800000000000001	0.11800000000000001	21
11.06.2020 00:00	0.11800000000000001	0.12	0.117	0.117	48
15.06.2020 00:00	0.117	0.124	0.117	0.11800000000000001	252
16.06.2020 00:00	0.12	0.12	0.11800000000000001	0.11800000000000001	10
17.06.2020 00:00	0.12	0.12	0.117	0.117	79
18.06.2020 00:00	0.117	0.117	0.116	0.117	56
19.06.2020 00:00	0.117	0.117	0.116	0.117	109
22.06.2020 00:00	0.11800000000000001	0.11800000000000001	0.117	0.117	34
23.06.2020 00:00	0.11800000000000001	0.11800000000000001	0.115	0.116	72
25.06.2020 00:00	0.117	0.11800000000000001	0.116	0.117	100
26.06.2020 00:00	0.11900000000000001	0.121	0.117	0.117	41
29.06.2020 00:00	0.117	0.117	0.117	0.117	23
02.07.2020 00:00	0.12	0.12	0.11800000000000001	0.11800000000000001	11
03.07.2020 00:00	0.11800000000000001	0.11800000000000001	0.117	0.11800000000000001	3
06.07.2020 00:00	0.117	0.117	0.117	0.117	12
08.07.2020 00:00	0.11900000000000001	0.11900000000000001	0.11900000000000001	0.11900000000000001	1
09.07.2020 00:00	0.117	0.117	0.117	0.117	4
10.07.2020 00:00	0.117	0.117	0.117	0.117	14
13.07.2020 00:00	0.117	0.117	0.116	0.117	13
14.07.2020 00:00	0.117	0.117	0.116	0.116	26
15.07.2020 00:00	0.117	0.117	0.116	0.117	203
16.07.2020 00:00	0.11800000000000001	0.11900000000000001	0.11800000000000001	0.11900000000000001	8
17.07.2020 00:00	0.117	0.11800000000000001	0.117	0.11800000000000001	6
21.07.2020 00:00	0.11900000000000001	0.11900000000000001	0.11900000000000001	0.11900000000000001	14
23.07.2020 00:00	0.11900000000000001	0.11900000000000001	0.117	0.117	17
24.07.2020 00:00	0.116	0.11800000000000001	0.116	0.11800000000000001	50
27.07.2020 00:00	0.117	0.11900000000000001	0.117	0.117	34
28.07.2020 00:00	0.117	0.11800000000000001	0.117	0.11800000000000001	133
29.07.2020 00:00	0.11800000000000001	0.11900000000000001	0.11800000000000001	0.11900000000000001	36
30.07.2020 00:00	0.11900000000000001	0.122	0.117	0.11800000000000001	306
31.07.2020 00:00	0.12	0.12	0.11800000000000001	0.11800000000000001	16
03.08.2020 00:00	0.11900000000000001	0.12	0.117	0.11800000000000001	107
04.08.2020 00:00	0.11800000000000001	0.136	0.11800000000000001	0.125	777
05.08.2020 00:00	0.125	0.138	0.11900000000000001	0.122	1490
06.08.2020 00:00	0.122	0.123	0.121	0.121	104
07.08.2020 00:00	0.123	0.135	0.12	0.131	985
10.08.2020 00:00	0.132	0.147	0.125	0.14100000000000001	3321
11.08.2020 00:00	0.14100000000000001	0.199	0.126	0.16	7869
12.08.2020 00:00	0.17	0.195	0.16	0.164	8445
13.08.2020 00:00	0.17	0.17	0.14200000000000002	0.158	1129
14.08.2020 00:00	0.162	0.164	0.14	0.148	1443
17.08.2020 00:00	0.14	0.149	0.14	0.14200000000000002	561
18.08.2020 00:00	0.145	0.169	0.14100000000000001	0.152	6424
19.08.2020 00:00	0.153	0.186	0.153	0.171	8094
20.08.2020 00:00	0.17200000000000001	0.182	0.158	0.165	2598
21.08.2020 00:00	0.166	0.166	0.153	0.163	547
24.08.2020 00:00	0.169	0.171	0.157	0.169	1166
25.08.2020 00:00	0.17	0.17300000000000001	0.165	0.168	540
26.08.2020 00:00	0.167	0.167	0.156	0.16	740
27.08.2020 00:00	0.157	0.16	0.155	0.155	176
28.08.2020 00:00	0.155	0.157	0.147	0.15	439
31.08.2020 00:00	0.149	0.149	0.14200000000000002	0.148	642
01.09.2020 00:00	0.15	0.155	0.148	0.151	265
02.09.2020 00:00	0.151	0.158	0.148	0.149	256
03.09.2020 00:00	0.14400000000000002	0.151	0.14400000000000002	0.14400000000000002	127
04.09.2020 00:00	0.14300000000000002	0.146	0.133	0.136	430
07.09.2020 00:00	0.136	0.14200000000000002	0.133	0.136	217
08.09.2020 00:00	0.136	0.154	0.134	0.14400000000000002	2553
09.09.2020 00:00	0.149	0.15	0.135	0.14	700
10.09.2020 00:00	0.147	0.152	0.14100000000000001	0.14400000000000002	751
11.09.2020 00:00	0.14300000000000002	0.145	0.137	0.14	499
14.09.2020 00:00	0.14	0.14300000000000002	0.14	0.14	213
15.09.2020 00:00	0.147	0.147	0.139	0.14100000000000001	121
16.09.2020 00:00	0.14	0.14400000000000002	0.14	0.14	243
17.09.2020 00:00	0.14	0.14400000000000002	0.14	0.14	90
18.09.2020 00:00	0.14	0.14100000000000001	0.14	0.14	182
21.09.2020 00:00	0.14	0.14	0.125	0.135	214
22.09.2020 00:00	0.135	0.137	0.134	0.135	128
23.09.2020 00:00	0.134	0.134	0.133	0.133	57
24.09.2020 00:00	0.131	0.135	0.124	0.133	729
25.09.2020 00:00	0.135	0.14100000000000001	0.135	0.135	96
28.09.2020 00:00	0.135	0.139	0.133	0.138	55
29.09.2020 00:00	0.138	0.14	0.13	0.134	261
30.09.2020 00:00	0.136	0.139	0.131	0.133	47
01.10.2020 00:00	0.138	0.138	0.131	0.132	93
02.10.2020 00:00	0.132	0.137	0.132	0.133	118
05.10.2020 00:00	0.136	0.139	0.133	0.138	274
06.10.2020 00:00	0.137	0.137	0.134	0.135	53
07.10.2020 00:00	0.139	0.14	0.132	0.132	46
08.10.2020 00:00	0.133	0.136	0.133	0.134	27
09.10.2020 00:00	0.132	0.133	0.131	0.133	18
12.10.2020 00:00	0.131	0.135	0.131	0.132	58
13.10.2020 00:00	0.131	0.138	0.131	0.133	58
14.10.2020 00:00	0.132	0.132	0.124	0.13	261
15.10.2020 00:00	0.129	0.129	0.128	0.129	18
16.10.2020 00:00	0.128	0.128	0.125	0.126	27
19.10.2020 00:00	0.125	0.125	0.12	0.122	157
20.10.2020 00:00	0.12	0.123	0.11900000000000001	0.121	126
21.10.2020 00:00	0.12	0.123	0.12	0.12	41
22.10.2020 00:00	0.125	0.128	0.11900000000000001	0.123	110
23.10.2020 00:00	0.123	0.128	0.11900000000000001	0.122	94
26.10.2020 00:00	0.123	0.125	0.12	0.123	46
27.10.2020 00:00	0.124	0.124	0.122	0.123	39
28.10.2020 00:00	0.12	0.12	0.116	0.117	147
29.10.2020 00:00	0.117	0.12	0.109	0.112	306
30.10.2020 00:00	0.112	0.113	0.11	0.112	58
02.11.2020 00:00	0.115	0.11900000000000001	0.114	0.116	133
03.11.2020 00:00	0.113	0.11800000000000001	0.113	0.115	18
05.11.2020 00:00	0.114	0.124	0.114	0.122	214
06.11.2020 00:00	0.117	0.124	0.116	0.122	185
09.11.2020 00:00	0.123	0.123	0.12	0.12	63
10.11.2020 00:00	0.117	0.123	0.117	0.11900000000000001	32
11.11.2020 00:00	0.121	0.139	0.12	0.122	587
12.11.2020 00:00	0.122	0.125	0.122	0.123	53
13.11.2020 00:00	0.133	0.133	0.124	0.126	107
16.11.2020 00:00	0.133	0.133	0.128	0.128	71
17.11.2020 00:00	0.133	0.133	0.124	0.125	161
18.11.2020 00:00	0.126	0.128	0.126	0.126	25
19.11.2020 00:00	0.126	0.132	0.124	0.129	173
20.11.2020 00:00	0.132	0.132	0.129	0.131	119
23.11.2020 00:00	0.132	0.133	0.11900000000000001	0.128	546
24.11.2020 00:00	0.126	0.126	0.123	0.123	71
25.11.2020 00:00	0.121	0.125	0.12	0.125	43
26.11.2020 00:00	0.126	0.126	0.117	0.124	339
27.11.2020 00:00	0.124	0.124	0.122	0.123	138
30.11.2020 00:00	0.125	0.125	0.12	0.12	41
01.12.2020 00:00	0.123	0.124	0.121	0.123	28
02.12.2020 00:00	0.124	0.128	0.124	0.126	101
03.12.2020 00:00	0.129	0.131	0.126	0.126	66
04.12.2020 00:00	0.126	0.13	0.123	0.125	93
07.12.2020 00:00	0.123	0.134	0.123	0.132	503
08.12.2020 00:00	0.133	0.134	0.129	0.131	161
09.12.2020 00:00	0.131	0.131	0.128	0.129	46
10.12.2020 00:00	0.128	0.129	0.125	0.125	93
11.12.2020 00:00	0.125	0.125	0.125	0.125	4
14.12.2020 00:00	0.124	0.128	0.122	0.126	117
15.12.2020 00:00	0.126	0.128	0.124	0.125	93
16.12.2020 00:00	0.125	0.13	0.125	0.129	121
17.12.2020 00:00	0.128	0.128	0.125	0.126	130
18.12.2020 00:00	0.125	0.125	0.122	0.123	171
21.12.2020 00:00	0.128	0.128	0.12	0.121	121
22.12.2020 00:00	0.12	0.122	0.117	0.11900000000000001	321
23.12.2020 00:00	0.11900000000000001	0.12	0.11800000000000001	0.11900000000000001	145
24.12.2020 00:00	0.11800000000000001	0.121	0.117	0.12	358
25.12.2020 00:00	0.121	0.121	0.11900000000000001	0.12	94
28.12.2020 00:00	0.121	0.122	0.11800000000000001	0.11900000000000001	225
29.12.2020 00:00	0.11900000000000001	0.12	0.11900000000000001	0.12	83
30.12.2020 00:00	0.11900000000000001	0.11900000000000001	0.117	0.11800000000000001	89
04.01.2021 00:00	0.11800000000000001	0.12	0.11800000000000001	0.12	49
05.01.2021 00:00	0.12	0.128	0.11800000000000001	0.125	448
06.01.2021 00:00	0.121	0.129	0.121	0.123	126
08.01.2021 00:00	0.123	0.124	0.12	0.122	50
11.01.2021 00:00	0.121	0.126	0.12	0.125	178
12.01.2021 00:00	0.126	0.129	0.124	0.126	158
13.01.2021 00:00	0.129	0.129	0.126	0.128	116
14.01.2021 00:00	0.129	0.129	0.126	0.128	136
15.01.2021 00:00	0.126	0.126	0.12	0.125	258
18.01.2021 00:00	0.125	0.125	0.123	0.124	18
19.01.2021 00:00	0.124	0.125	0.123	0.124	139
20.01.2021 00:00	0.126	0.126	0.122	0.123	292
21.01.2021 00:00	0.125	0.129	0.123	0.124	452
22.01.2021 00:00	0.124	0.13	0.123	0.126	241
25.01.2021 00:00	0.124	0.128	0.123	0.126	25
26.01.2021 00:00	0.128	0.128	0.125	0.126	115
27.01.2021 00:00	0.126	0.126	0.124	0.124	34
28.01.2021 00:00	0.125	0.125	0.123	0.124	97
29.01.2021 00:00	0.124	0.146	0.124	0.125	3168
01.02.2021 00:00	0.125	0.128	0.122	0.125	594
02.02.2021 00:00	0.124	0.131	0.123	0.124	355
03.02.2021 00:00	0.125	0.135	0.123	0.124	594
04.02.2021 00:00	0.123	0.126	0.123	0.124	72
05.02.2021 00:00	0.124	0.13	0.121	0.128	255
08.02.2021 00:00	0.129	0.129	0.124	0.128	212
09.02.2021 00:00	0.128	0.128	0.125	0.126	67
10.02.2021 00:00	0.129	0.136	0.125	0.126	771
11.02.2021 00:00	0.125	0.131	0.125	0.126	134
12.02.2021 00:00	0.126	0.132	0.125	0.129	169
15.02.2021 00:00	0.129	0.131	0.129	0.129	44
16.02.2021 00:00	0.129	0.129	0.128	0.129	9
17.02.2021 00:00	0.131	0.133	0.126	0.13	137
18.02.2021 00:00	0.128	0.132	0.126	0.126	130
19.02.2021 00:00	0.126	0.136	0.126	0.132	742
20.02.2021 00:00	0.134	0.139	0.132	0.133	225
22.02.2021 00:00	0.137	0.137	0.132	0.133	70
24.02.2021 00:00	0.138	0.138	0.133	0.134	116
25.02.2021 00:00	0.135	0.137	0.131	0.131	17
26.02.2021 00:00	0.13	0.131	0.13	0.131	57
01.03.2021 00:00	0.129	0.137	0.126	0.131	245
02.03.2021 00:00	0.13	0.133	0.128	0.13	136
03.03.2021 00:00	0.131	0.139	0.131	0.138	238
04.03.2021 00:00	0.138	0.138	0.125	0.133	284
05.03.2021 00:00	0.134	0.136	0.131	0.131	17
09.03.2021 00:00	0.131	0.136	0.131	0.132	27
10.03.2021 00:00	0.131	0.132	0.129	0.129	84
11.03.2021 00:00	0.128	0.13	0.11900000000000001	0.129	123
12.03.2021 00:00	0.128	0.133	0.126	0.126	66
15.03.2021 00:00	0.128	0.13	0.128	0.13	20
16.03.2021 00:00	0.128	0.128	0.128	0.128	3
17.03.2021 00:00	0.129	0.136	0.129	0.129	135
18.03.2021 00:00	0.13	0.13	0.128	0.128	19
19.03.2021 00:00	0.128	0.133	0.128	0.129	110
22.03.2021 00:00	0.129	0.129	0.126	0.126	36
23.03.2021 00:00	0.129	0.129	0.122	0.125	86
24.03.2021 00:00	0.123	0.124	0.123	0.124	20
25.03.2021 00:00	0.123	0.123	0.123	0.123	25
26.03.2021 00:00	0.124	0.124	0.123	0.124	11
29.03.2021 00:00	0.125	0.125	0.123	0.124	14
30.03.2021 00:00	0.125	0.128	0.124	0.124	39
31.03.2021 00:00	0.124	0.124	0.124	0.124	5
01.04.2021 00:00	0.123	0.125	0.123	0.124	39
02.04.2021 00:00	0.126	0.133	0.126	0.129	208
05.04.2021 00:00	0.128	0.129	0.125	0.126	30
06.04.2021 00:00	0.125	0.149	0.125	0.135	5765
07.04.2021 00:00	0.138	0.14100000000000001	0.124	0.128	2382
08.04.2021 00:00	0.126	0.128	0.124	0.125	174
09.04.2021 00:00	0.126	0.126	0.124	0.125	53
12.04.2021 00:00	0.125	0.126	0.124	0.125	187
13.04.2021 00:00	0.126	0.126	0.125	0.126	104
14.04.2021 00:00	0.126	0.126	0.124	0.125	95
15.04.2021 00:00	0.124	0.125	0.124	0.125	105
16.04.2021 00:00	0.124	0.125	0.124	0.124	89
19.04.2021 00:00	0.124	0.125	0.124	0.125	11
20.04.2021 00:00	0.125	0.125	0.123	0.124	117
21.04.2021 00:00	0.126	0.126	0.125	0.126	29
22.04.2021 00:00	0.125	0.125	0.124	0.124	30
23.04.2021 00:00	0.124	0.124	0.124	0.124	11
26.04.2021 00:00	0.126	0.126	0.124	0.125	70
27.04.2021 00:00	0.124	0.126	0.123	0.125	103
28.04.2021 00:00	0.126	0.126	0.124	0.124	26
29.04.2021 00:00	0.124	0.126	0.124	0.125	15
30.04.2021 00:00	0.125	0.125	0.124	0.124	7
04.05.2021 00:00	0.125	0.126	0.124	0.125	36
05.05.2021 00:00	0.124	0.13	0.124	0.125	67
06.05.2021 00:00	0.129	0.129	0.125	0.125	19
07.05.2021 00:00	0.125	0.125	0.124	0.124	87
10.05.2021 00:00	0.124	0.125	0.124	0.125	7
11.05.2021 00:00	0.125	0.128	0.124	0.124	53
12.05.2021 00:00	0.124	0.124	0.123	0.124	23
14.05.2021 00:00	0.124	0.128	0.124	0.124	25
17.05.2021 00:00	0.128	0.128	0.124	0.124	29
18.05.2021 00:00	0.124	0.126	0.124	0.126	12
19.05.2021 00:00	0.124	0.125	0.124	0.125	23
20.05.2021 00:00	0.123	0.125	0.123	0.125	29
21.05.2021 00:00	0.124	0.125	0.124	0.125	4
24.05.2021 00:00	0.123	0.125	0.123	0.124	23
25.05.2021 00:00	0.123	0.124	0.123	0.123	18
26.05.2021 00:00	0.123	0.124	0.122	0.122	49
27.05.2021 00:00	0.122	0.122	0.122	0.122	2
28.05.2021 00:00	0.122	0.123	0.11900000000000001	0.123	119
31.05.2021 00:00	0.124	0.124	0.124	0.124	20
01.06.2021 00:00	0.124	0.125	0.124	0.125	9
02.06.2021 00:00	0.123	0.124	0.123	0.124	15
03.06.2021 00:00	0.124	0.124	0.123	0.123	4
04.06.2021 00:00	0.123	0.123	0.123	0.123	13
07.06.2021 00:00	0.123	0.124	0.122	0.122	48
08.06.2021 00:00	0.123	0.124	0.123	0.123	14
09.06.2021 00:00	0.123	0.124	0.122	0.122	3
10.06.2021 00:00	0.124	0.124	0.124	0.124	17
11.06.2021 00:00	0.125	0.125	0.125	0.125	14
14.06.2021 00:00	0.124	0.124	0.124	0.124	3
15.06.2021 00:00	0.124	0.125	0.124	0.125	5
16.06.2021 00:00	0.125	0.125	0.124	0.124	22
17.06.2021 00:00	0.125	0.125	0.122	0.123	44
18.06.2021 00:00	0.124	0.124	0.124	0.124	10
21.06.2021 00:00	0.124	0.124	0.122	0.123	84
22.06.2021 00:00	0.124	0.124	0.121	0.121	30
23.06.2021 00:00	0.124	0.125	0.121	0.124	36
24.06.2021 00:00	0.124	0.124	0.122	0.122	15
25.06.2021 00:00	0.122	0.125	0.121	0.125	123
28.06.2021 00:00	0.124	0.126	0.124	0.124	18
29.06.2021 00:00	0.126	0.126	0.124	0.126	59
30.06.2021 00:00	0.126	0.126	0.124	0.124	2
01.07.2021 00:00	0.124	0.125	0.123	0.123	10
02.07.2021 00:00	0.123	0.123	0.122	0.122	7
05.07.2021 00:00	0.123	0.123	0.123	0.123	1
06.07.2021 00:00	0.123	0.123	0.123	0.123	8
07.07.2021 00:00	0.124	0.124	0.123	0.123	73
08.07.2021 00:00	0.123	0.125	0.123	0.124	75
09.07.2021 00:00	0.124	0.124	0.122	0.123	44
12.07.2021 00:00	0.124	0.124	0.123	0.123	6
13.07.2021 00:00	0.123	0.123	0.123	0.123	10
14.07.2021 00:00	0.124	0.126	0.123	0.125	49
15.07.2021 00:00	0.126	0.13	0.124	0.124	97
16.07.2021 00:00	0.124	0.124	0.124	0.124	15
19.07.2021 00:00	0.126	0.128	0.124	0.124	19
21.07.2021 00:00	0.124	0.124	0.121	0.121	175
22.07.2021 00:00	0.122	0.122	0.11800000000000001	0.12	58
23.07.2021 00:00	0.11900000000000001	0.11900000000000001	0.11900000000000001	0.11900000000000001	33
26.07.2021 00:00	0.121	0.121	0.11900000000000001	0.11900000000000001	107
27.07.2021 00:00	0.124	0.124	0.11900000000000001	0.11900000000000001	129
28.07.2021 00:00	0.11900000000000001	0.12	0.11900000000000001	0.11900000000000001	31
29.07.2021 00:00	0.12	0.12	0.117	0.11800000000000001	59
30.07.2021 00:00	0.11900000000000001	0.122	0.11800000000000001	0.122	66
02.08.2021 00:00	0.12	0.121	0.11900000000000001	0.121	14
04.08.2021 00:00	0.11900000000000001	0.12	0.11900000000000001	0.12	21
05.08.2021 00:00	0.121	0.121	0.121	0.121	7
06.08.2021 00:00	0.121	0.121	0.121	0.121	40
09.08.2021 00:00	0.11900000000000001	0.121	0.11900000000000001	0.121	34
10.08.2021 00:00	0.121	0.121	0.121	0.121	5
11.08.2021 00:00	0.11900000000000001	0.11900000000000001	0.117	0.11900000000000001	268
12.08.2021 00:00	0.11800000000000001	0.11900000000000001	0.117	0.11900000000000001	9
13.08.2021 00:00	0.11800000000000001	0.11900000000000001	0.117	0.11900000000000001	24
16.08.2021 00:00	0.12	0.12	0.11800000000000001	0.11800000000000001	2
17.08.2021 00:00	0.11900000000000001	0.12	0.11800000000000001	0.11800000000000001	22
18.08.2021 00:00	0.11900000000000001	0.11900000000000001	0.11800000000000001	0.11800000000000001	46
19.08.2021 00:00	0.11800000000000001	0.11900000000000001	0.117	0.11900000000000001	9
20.08.2021 00:00	0.117	0.11800000000000001	0.115	0.117	58
23.08.2021 00:00	0.11900000000000001	0.12	0.11800000000000001	0.12	46
24.08.2021 00:00	0.12	0.126	0.12	0.122	237
25.08.2021 00:00	0.122	0.123	0.12	0.123	52
26.08.2021 00:00	0.122	0.124	0.122	0.122	25
27.08.2021 00:00	0.123	0.125	0.123	0.123	21
30.08.2021 00:00	0.122	0.124	0.122	0.123	7
31.08.2021 00:00	0.124	0.124	0.122	0.123	36
01.09.2021 00:00	0.123	0.124	0.122	0.123	9
02.09.2021 00:00	0.122	0.123	0.122	0.122	4
03.09.2021 00:00	0.122	0.123	0.122	0.123	11
06.09.2021 00:00	0.123	0.123	0.123	0.123	3
07.09.2021 00:00	0.122	0.124	0.121	0.123	64
08.09.2021 00:00	0.122	0.123	0.121	0.121	31
09.09.2021 00:00	0.122	0.122	0.122	0.122	74
10.09.2021 00:00	0.123	0.123	0.123	0.123	3
13.09.2021 00:00	0.123	0.124	0.123	0.123	75
14.09.2021 00:00	0.124	0.124	0.122	0.122	7
15.09.2021 00:00	0.124	0.135	0.124	0.131	569
16.09.2021 00:00	0.131	0.131	0.124	0.126	91
17.09.2021 00:00	0.126	0.128	0.126	0.126	7
20.09.2021 00:00	0.126	0.126	0.121	0.124	124
21.09.2021 00:00	0.124	0.125	0.123	0.123	34
22.09.2021 00:00	0.124	0.124	0.124	0.124	2
23.09.2021 00:00	0.125	0.125	0.123	0.123	31
24.09.2021 00:00	0.125	0.136	0.123	0.129	1409
27.09.2021 00:00	0.126	0.133	0.122	0.128	1720
28.09.2021 00:00	0.129	0.129	0.126	0.126	184
29.09.2021 00:00	0.126	0.126	0.125	0.126	28
30.09.2021 00:00	0.128	0.128	0.126	0.128	3
01.10.2021 00:00	0.128	0.129	0.125	0.128	82
04.10.2021 00:00	0.125	0.13	0.125	0.128	67
05.10.2021 00:00	0.128	0.131	0.126	0.128	17
06.10.2021 00:00	0.129	0.129	0.129	0.129	1
07.10.2021 00:00	0.131	0.133	0.126	0.132	325
08.10.2021 00:00	0.133	0.135	0.131	0.135	401
11.10.2021 00:00	0.136	0.139	0.132	0.133	214
12.10.2021 00:00	0.133	0.138	0.133	0.136	96
13.10.2021 00:00	0.139	0.169	0.135	0.165	3718
14.10.2021 00:00	0.168	0.20800000000000002	0.136	0.14400000000000002	7404
15.10.2021 00:00	0.149	0.149	0.14	0.14	941
18.10.2021 00:00	0.14400000000000002	0.147	0.14	0.145	569
19.10.2021 00:00	0.149	0.158	0.145	0.148	706
20.10.2021 00:00	0.145	0.15	0.14	0.149	650
21.10.2021 00:00	0.149	0.153	0.14100000000000001	0.145	243
22.10.2021 00:00	0.14200000000000002	0.14400000000000002	0.14	0.14100000000000001	165
25.10.2021 00:00	0.14100000000000001	0.147	0.14	0.14200000000000002	85
26.10.2021 00:00	0.147	0.147	0.138	0.14100000000000001	271
27.10.2021 00:00	0.14100000000000001	0.14200000000000002	0.139	0.139	300
28.10.2021 00:00	0.14	0.151	0.139	0.14	1065
29.10.2021 00:00	0.14	0.162	0.14	0.145	1356
01.11.2021 00:00	0.147	0.147	0.14100000000000001	0.145	106
02.11.2021 00:00	0.14200000000000002	0.146	0.14100000000000001	0.14200000000000002	251
03.11.2021 00:00	0.145	0.145	0.138	0.14400000000000002	203
05.11.2021 00:00	0.145	0.145	0.14100000000000001	0.14200000000000002	23
08.11.2021 00:00	0.145	0.145	0.14	0.14	20
09.11.2021 00:00	0.14200000000000002	0.14200000000000002	0.134	0.138	120
10.11.2021 00:00	0.137	0.14	0.135	0.138	168
11.11.2021 00:00	0.136	0.136	0.134	0.134	110
12.11.2021 00:00	0.134	0.135	0.129	0.132	81
15.11.2021 00:00	0.135	0.135	0.129	0.131	62
16.11.2021 00:00	0.131	0.134	0.126	0.13	218
17.11.2021 00:00	0.132	0.139	0.13	0.131	271
18.11.2021 00:00	0.13	0.133	0.126	0.133	103
19.11.2021 00:00	0.13	0.133	0.13	0.131	58
22.11.2021 00:00	0.131	0.131	0.128	0.128	16
23.11.2021 00:00	0.128	0.128	0.126	0.126	47
24.11.2021 00:00	0.129	0.129	0.121	0.124	106
25.11.2021 00:00	0.123	0.136	0.121	0.136	254
26.11.2021 00:00	0.135	0.135	0.128	0.128	29
29.11.2021 00:00	0.14	0.146	0.121	0.13	793
30.11.2021 00:00	0.129	0.13	0.123	0.124	158
01.12.2021 00:00	0.123	0.124	0.123	0.124	56
02.12.2021 00:00	0.123	0.124	0.123	0.124	18
03.12.2021 00:00	0.123	0.123	0.123	0.123	5
06.12.2021 00:00	0.124	0.124	0.11800000000000001	0.11900000000000001	155
07.12.2021 00:00	0.122	0.122	0.115	0.117	389
08.12.2021 00:00	0.116	0.11900000000000001	0.109	0.117	321
09.12.2021 00:00	0.11900000000000001	0.121	0.117	0.117	216
10.12.2021 00:00	0.116	0.11800000000000001	0.114	0.117	159
13.12.2021 00:00	0.113	0.117	0.112	0.117	79
14.12.2021 00:00	0.11800000000000001	0.121	0.113	0.121	73
15.12.2021 00:00	0.122	0.123	0.122	0.122	27
16.12.2021 00:00	0.12	0.12	0.117	0.12	59
17.12.2021 00:00	0.11900000000000001	0.11900000000000001	0.117	0.117	21
20.12.2021 00:00	0.117	0.117	0.117	0.117	77
21.12.2021 00:00	0.11800000000000001	0.11800000000000001	0.117	0.117	3
22.12.2021 00:00	0.11800000000000001	0.11900000000000001	0.115	0.117	81
23.12.2021 00:00	0.11800000000000001	0.11800000000000001	0.117	0.11800000000000001	68
24.12.2021 00:00	0.11800000000000001	0.12	0.116	0.117	217
27.12.2021 00:00	0.11800000000000001	0.11800000000000001	0.116	0.117	58
28.12.2021 00:00	0.117	0.117	0.116	0.116	112
29.12.2021 00:00	0.117	0.117	0.114	0.116	107
30.12.2021 00:00	0.116	0.116	0.116	0.116	6
03.01.2022 00:00	0.117	0.117	0.117	0.117	4
04.01.2022 00:00	0.117	0.117	0.116	0.117	79
05.01.2022 00:00	0.117	0.11900000000000001	0.117	0.117	52
06.01.2022 00:00	0.11900000000000001	0.11900000000000001	0.11800000000000001	0.11800000000000001	13
10.01.2022 00:00	0.12	0.12	0.115	0.117	127
11.01.2022 00:00	0.117	0.117	0.116	0.117	50
12.01.2022 00:00	0.116	0.117	0.116	0.117	154
13.01.2022 00:00	0.117	0.11800000000000001	0.117	0.117	63
14.01.2022 00:00	0.117	0.11800000000000001	0.115	0.115	106
17.01.2022 00:00	0.115	0.117	0.109	0.112	93
18.01.2022 00:00	0.11	0.115	0.10200000000000001	0.115	214
19.01.2022 00:00	0.114	0.114	0.10400000000000001	0.106	171
20.01.2022 00:00	0.113	0.113	0.105	0.108	76
21.01.2022 00:00	0.107	0.107	0.107	0.107	13
24.01.2022 00:00	0.107	0.107	0.1	0.10400000000000001	86
25.01.2022 00:00	0.098	0.109	0.089	0.101	486
26.01.2022 00:00	0.10200000000000001	0.105	0.10200000000000001	0.10200000000000001	25
27.01.2022 00:00	0.10400000000000001	0.108	0.10400000000000001	0.108	94
28.01.2022 00:00	0.108	0.113	0.106	0.107	181
31.01.2022 00:00	0.106	0.108	0.106	0.106	48
01.02.2022 00:00	0.106	0.108	0.105	0.108	22
02.02.2022 00:00	0.10400000000000001	0.109	0.10400000000000001	0.107	28
03.02.2022 00:00	0.11	0.117	0.108	0.116	660
04.02.2022 00:00	0.115	0.115	0.109	0.109	168
07.02.2022 00:00	0.114	0.114	0.11	0.11	26
08.02.2022 00:00	0.112	0.113	0.112	0.113	6
09.02.2022 00:00	0.114	0.114	0.113	0.113	12
10.02.2022 00:00	0.114	0.114	0.11	0.114	11
11.02.2022 00:00	0.113	0.113	0.112	0.112	7
14.02.2022 00:00	0.11	0.11	0.10400000000000001	0.108	17
15.02.2022 00:00	0.108	0.11	0.107	0.109	30
16.02.2022 00:00	0.11	0.112	0.108	0.112	7
17.02.2022 00:00	0.11	0.112	0.108	0.108	3
18.02.2022 00:00	0.11	0.117	0.109	0.113	561
21.02.2022 00:00	0.11	0.115	0.10300000000000001	0.10300000000000001	101
22.02.2022 00:00	0.101	0.108	0.097	0.1	31
24.02.2022 00:00	0.1	0.1	0.069	0.07	70
25.02.2022 00:00	0.07	0.098	0.059000000000000004	0.096	260
28.03.2022 00:00	0.10400000000000001	0.108	0.074	0.088	85
29.03.2022 00:00	0.091	0.1	0.091	0.1	27
30.03.2022 00:00	0.089	0.106	0.089	0.101	92
31.03.2022 00:00	0.099	0.105	0.099	0.101	148
01.04.2022 00:00	0.101	0.10400000000000001	0.1	0.101	57
04.04.2022 00:00	0.10400000000000001	0.14	0.10400000000000001	0.11900000000000001	6711
05.04.2022 00:00	0.124	0.139	0.107	0.138	2907
06.04.2022 00:00	0.14	0.14	0.124	0.14	301
07.04.2022 00:00	0.14	0.149	0.131	0.149	435
08.04.2022 00:00	0.135	0.16	0.131	0.157	1028
11.04.2022 00:00	0.157	0.165	0.145	0.164	581
12.04.2022 00:00	0.164	0.164	0.14	0.14400000000000002	541
13.04.2022 00:00	0.14100000000000001	0.146	0.137	0.145	438
14.04.2022 00:00	0.139	0.147	0.139	0.147	185
15.04.2022 00:00	0.137	0.148	0.137	0.14400000000000002	66
18.04.2022 00:00	0.14	0.148	0.14	0.14	34
19.04.2022 00:00	0.139	0.147	0.137	0.14	195
20.04.2022 00:00	0.139	0.14	0.135	0.136	35
21.04.2022 00:00	0.135	0.146	0.133	0.146	47
22.04.2022 00:00	0.14	0.17	0.134	0.165	1259
25.04.2022 00:00	0.164	0.17	0.14300000000000002	0.163	649
26.04.2022 00:00	0.149	0.188	0.14400000000000002	0.151	2777
27.04.2022 00:00	0.151	0.152	0.14	0.14400000000000002	4040
28.04.2022 00:00	0.14400000000000002	0.14400000000000002	0.138	0.138	304
29.04.2022 00:00	0.138	0.139	0.134	0.134	226
04.05.2022 00:00	0.134	0.14100000000000001	0.134	0.135	180
05.05.2022 00:00	0.136	0.139	0.135	0.135	80
06.05.2022 00:00	0.135	0.136	0.135	0.135	22
11.05.2022 00:00	0.135	0.138	0.135	0.138	28
12.05.2022 00:00	0.138	0.14	0.135	0.136	61
13.05.2022 00:00	0.135	0.136	0.134	0.134	11
16.05.2022 00:00	0.138	0.138	0.134	0.134	18
17.05.2022 00:00	0.134	0.136	0.129	0.133	112
18.05.2022 00:00	0.13	0.134	0.129	0.129	123
19.05.2022 00:00	0.131	0.132	0.124	0.126	371
20.05.2022 00:00	0.126	0.126	0.124	0.124	108
23.05.2022 00:00	0.13	0.13	0.123	0.128	157
24.05.2022 00:00	0.128	0.128	0.121	0.124	84
25.05.2022 00:00	0.121	0.124	0.11800000000000001	0.11900000000000001	121
26.05.2022 00:00	0.121	0.124	0.117	0.117	164
27.05.2022 00:00	0.11800000000000001	0.11800000000000001	0.117	0.117	99
30.05.2022 00:00	0.128	0.128	0.115	0.115	428
31.05.2022 00:00	0.115	0.115	0.11	0.114	75
01.06.2022 00:00	0.112	0.117	0.107	0.117	1255
02.06.2022 00:00	0.114	0.124	0.114	0.11900000000000001	599
03.06.2022 00:00	0.124	0.126	0.11900000000000001	0.126	368
06.06.2022 00:00	0.125	0.129	0.11900000000000001	0.129	205
07.06.2022 00:00	0.129	0.129	0.108	0.112	2362
08.06.2022 00:00	0.109	0.112	0.106	0.112	323
09.06.2022 00:00	0.109	0.11	0.10400000000000001	0.107	223
10.06.2022 00:00	0.106	0.107	0.10300000000000001	0.10400000000000001	198
14.06.2022 00:00	0.105	0.115	0.10400000000000001	0.112	532
15.06.2022 00:00	0.109	0.11	0.107	0.11	112
16.06.2022 00:00	0.108	0.11800000000000001	0.108	0.112	222
17.06.2022 00:00	0.112	0.115	0.107	0.11	357
20.06.2022 00:00	0.11	0.113	0.108	0.11	181
21.06.2022 00:00	0.11	0.112	0.097	0.10400000000000001	1406
22.06.2022 00:00	0.10400000000000001	0.105	0.10400000000000001	0.10400000000000001	27
23.06.2022 00:00	0.105	0.107	0.105	0.105	76
24.06.2022 00:00	0.106	0.106	0.105	0.106	32
27.06.2022 00:00	0.105	0.106	0.1	0.10400000000000001	195
28.06.2022 00:00	0.101	0.10400000000000001	0.101	0.10300000000000001	47
29.06.2022 00:00	0.101	0.105	0.101	0.105	65
30.06.2022 00:00	0.10300000000000001	0.10300000000000001	0.096	0.097	903
01.07.2022 00:00	0.094	0.10300000000000001	0.085	0.094	269
04.07.2022 00:00	0.097	0.099	0.092	0.097	75
05.07.2022 00:00	0.092	0.106	0.089	0.105	1155
06.07.2022 00:00	0.106	0.109	0.101	0.109	921
07.07.2022 00:00	0.107	0.139	0.107	0.11900000000000001	3934
08.07.2022 00:00	0.11900000000000001	0.149	0.109	0.14	3667
11.07.2022 00:00	0.138	0.149	0.13	0.135	1886
12.07.2022 00:00	0.135	0.14200000000000002	0.126	0.134	1370
13.07.2022 00:00	0.134	0.138	0.116	0.117	720
14.07.2022 00:00	0.123	0.123	0.114	0.121	510
15.07.2022 00:00	0.117	0.123	0.112	0.113	849
18.07.2022 00:00	0.115	0.115	0.11	0.112	149
19.07.2022 00:00	0.112	0.115	0.109	0.113	781
20.07.2022 00:00	0.11	0.115	0.109	0.112	339
21.07.2022 00:00	0.11	0.115	0.107	0.109	700
22.07.2022 00:00	0.11	0.113	0.109	0.113	146
25.07.2022 00:00	0.112	0.113	0.107	0.108	396
26.07.2022 00:00	0.107	0.109	0.105	0.107	962
27.07.2022 00:00	0.105	0.108	0.105	0.107	500
28.07.2022 00:00	0.106	0.107	0.106	0.106	21
29.07.2022 00:00	0.107	0.109	0.105	0.109	336
01.08.2022 00:00	0.109	0.113	0.107	0.112	324
02.08.2022 00:00	0.112	0.121	0.109	0.114	2215
03.08.2022 00:00	0.112	0.121	0.109	0.12	1245
04.08.2022 00:00	0.12	0.129	0.117	0.125	1838
05.08.2022 00:00	0.125	0.129	0.112	0.123	1300
08.08.2022 00:00	0.122	0.125	0.11800000000000001	0.11900000000000001	454
09.08.2022 00:00	0.121	0.121	0.117	0.117	205
10.08.2022 00:00	0.117	0.11900000000000001	0.112	0.117	1926
11.08.2022 00:00	0.115	0.117	0.107	0.107	2402
12.08.2022 00:00	0.109	0.11	0.10200000000000001	0.108	1373
15.08.2022 00:00	0.107	0.109	0.107	0.107	268
16.08.2022 00:00	0.108	0.108	0.101	0.106	1675
17.08.2022 00:00	0.106	0.107	0.105	0.105	101
18.08.2022 00:00	0.106	0.106	0.10300000000000001	0.106	281
19.08.2022 00:00	0.106	0.106	0.105	0.106	38
22.08.2022 00:00	0.106	0.107	0.106	0.107	10
23.08.2022 00:00	0.107	0.107	0.106	0.106	60
24.08.2022 00:00	0.106	0.113	0.106	0.112	2316
25.08.2022 00:00	0.114	0.114	0.108	0.11	292
26.08.2022 00:00	0.109	0.112	0.108	0.109	136
29.08.2022 00:00	0.11	0.113	0.108	0.113	390
30.08.2022 00:00	0.112	0.113	0.11	0.112	271
31.08.2022 00:00	0.109	0.114	0.105	0.112	1574
01.09.2022 00:00	0.11	0.114	0.108	0.112	664
02.09.2022 00:00	0.11	0.115	0.109	0.112	545
05.09.2022 00:00	0.113	0.115	0.112	0.114	240
06.09.2022 00:00	0.114	0.11800000000000001	0.113	0.116	786
07.09.2022 00:00	0.117	0.11800000000000001	0.114	0.117	587
08.09.2022 00:00	0.117	0.121	0.11	0.117	1874
09.09.2022 00:00	0.117	0.129	0.109	0.122	2359
12.09.2022 00:00	0.122	0.124	0.116	0.11800000000000001	3515
13.09.2022 00:00	0.11800000000000001	0.11800000000000001	0.117	0.117	473
14.09.2022 00:00	0.117	0.117	0.11	0.114	637
15.09.2022 00:00	0.114	0.115	0.112	0.115	210
16.09.2022 00:00	0.115	0.115	0.11	0.114	549
19.09.2022 00:00	0.116	0.117	0.113	0.115	332
20.09.2022 00:00	0.117	0.129	0.109	0.11	6004
21.09.2022 00:00	0.108	0.108	0.10200000000000001	0.105	764
22.09.2022 00:00	0.106	0.107	0.10300000000000001	0.10400000000000001	98
23.09.2022 00:00	0.10300000000000001	0.105	0.10300000000000001	0.10300000000000001	32
26.09.2022 00:00	0.1	0.105	0.1	0.1	256
27.09.2022 00:00	0.107	0.107	0.1	0.1	21
28.09.2022 00:00	0.101	0.10200000000000001	0.094	0.099	105
29.09.2022 00:00	0.1	0.101	0.094	0.098	51
30.09.2022 00:00	0.106	0.106	0.094	0.101	38
03.10.2022 00:00	0.101	0.107	0.101	0.10300000000000001	501
04.10.2022 00:00	0.10300000000000001	0.108	0.10200000000000001	0.105	42
05.10.2022 00:00	0.106	0.107	0.10300000000000001	0.10300000000000001	59
06.10.2022 00:00	0.10400000000000001	0.10400000000000001	0.10300000000000001	0.10300000000000001	23
07.10.2022 00:00	0.10300000000000001	0.105	0.101	0.105	46
10.10.2022 00:00	0.10200000000000001	0.10200000000000001	0.101	0.10200000000000001	52
11.10.2022 00:00	0.10300000000000001	0.10400000000000001	0.10200000000000001	0.10300000000000001	16
12.10.2022 00:00	0.10400000000000001	0.106	0.10400000000000001	0.105	53
13.10.2022 00:00	0.107	0.108	0.10400000000000001	0.105	18
14.10.2022 00:00	0.106	0.106	0.10300000000000001	0.10400000000000001	77
17.10.2022 00:00	0.107	0.108	0.10300000000000001	0.107	41
18.10.2022 00:00	0.106	0.113	0.106	0.113	139
19.10.2022 00:00	0.112	0.112	0.105	0.106	126
20.10.2022 00:00	0.107	0.109	0.106	0.106	20
21.10.2022 00:00	0.106	0.108	0.10400000000000001	0.106	104
24.10.2022 00:00	0.107	0.11800000000000001	0.105	0.11800000000000001	672
25.10.2022 00:00	0.116	0.117	0.114	0.116	316
26.10.2022 00:00	0.116	0.117	0.113	0.114	331
27.10.2022 00:00	0.115	0.117	0.109	0.115	515
28.10.2022 00:00	0.117	0.11900000000000001	0.115	0.117	150
31.10.2022 00:00	0.115	0.117	0.114	0.116	109
01.11.2022 00:00	0.116	0.11900000000000001	0.116	0.11800000000000001	427
02.11.2022 00:00	0.117	0.121	0.117	0.12	444
03.11.2022 00:00	0.11800000000000001	0.12	0.116	0.11800000000000001	107
07.11.2022 00:00	0.11800000000000001	0.122	0.117	0.121	649
08.11.2022 00:00	0.121	0.126	0.117	0.124	484
09.11.2022 00:00	0.124	0.124	0.117	0.122	174
10.11.2022 00:00	0.123	0.13	0.117	0.123	1531
11.11.2022 00:00	0.125	0.125	0.117	0.124	357
14.11.2022 00:00	0.123	0.125	0.11900000000000001	0.11900000000000001	430
15.11.2022 00:00	0.11900000000000001	0.124	0.11900000000000001	0.122	391
16.11.2022 00:00	0.121	0.124	0.11900000000000001	0.11900000000000001	1044
17.11.2022 00:00	0.12	0.12	0.11800000000000001	0.12	150
18.11.2022 00:00	0.12	0.121	0.11800000000000001	0.12	171
21.11.2022 00:00	0.121	0.122	0.11800000000000001	0.122	214
22.11.2022 00:00	0.121	0.121	0.12	0.121	44
23.11.2022 00:00	0.12	0.12	0.117	0.11800000000000001	216
24.11.2022 00:00	0.11900000000000001	0.12	0.11800000000000001	0.11800000000000001	79
25.11.2022 00:00	0.11800000000000001	0.12	0.117	0.11900000000000001	248
28.11.2022 00:00	0.11800000000000001	0.12	0.117	0.11900000000000001	123
29.11.2022 00:00	0.11800000000000001	0.11900000000000001	0.117	0.117	76
30.11.2022 00:00	0.117	0.11900000000000001	0.117	0.117	121
01.12.2022 00:00	0.117	0.11800000000000001	0.117	0.117	158
02.12.2022 00:00	0.117	0.11900000000000001	0.116	0.11800000000000001	324
05.12.2022 00:00	0.117	0.11800000000000001	0.116	0.117	763
06.12.2022 00:00	0.117	0.117	0.116	0.117	257
07.12.2022 00:00	0.117	0.117	0.116	0.117	18
08.12.2022 00:00	0.117	0.117	0.114	0.117	126
09.12.2022 00:00	0.115	0.117	0.112	0.115	198
12.12.2022 00:00	0.114	0.115	0.112	0.113	155
13.12.2022 00:00	0.112	0.117	0.112	0.117	220
14.12.2022 00:00	0.117	0.117	0.115	0.117	49
15.12.2022 00:00	0.115	0.117	0.10400000000000001	0.106	2842
16.12.2022 00:00	0.106	0.109	0.10200000000000001	0.107	820
19.12.2022 00:00	0.107	0.109	0.10400000000000001	0.108	190
20.12.2022 00:00	0.107	0.107	0.105	0.107	108
21.12.2022 00:00	0.107	0.108	0.106	0.107	77
22.12.2022 00:00	0.107	0.108	0.10200000000000001	0.107	358
23.12.2022 00:00	0.107	0.108	0.107	0.107	62
26.12.2022 00:00	0.108	0.109	0.108	0.109	86
27.12.2022 00:00	0.109	0.109	0.108	0.108	75
28.12.2022 00:00	0.108	0.108	0.107	0.107	84
29.12.2022 00:00	0.107	0.108	0.105	0.108	38
30.12.2022 00:00	0.107	0.11	0.105	0.107	333
03.01.2023 00:00	0.108	0.109	0.107	0.108	50
04.01.2023 00:00	0.109	0.109	0.108	0.108	13
05.01.2023 00:00	0.105	0.112	0.105	0.109	236
06.01.2023 00:00	0.107	0.117	0.106	0.11	623
09.01.2023 00:00	0.12	0.12	0.112	0.115	550
10.01.2023 00:00	0.116	0.116	0.113	0.113	62
11.01.2023 00:00	0.114	0.115	0.109	0.115	483
12.01.2023 00:00	0.114	0.117	0.113	0.114	199
13.01.2023 00:00	0.115	0.115	0.114	0.115	53
16.01.2023 00:00	0.116	0.116	0.11	0.114	519
17.01.2023 00:00	0.113	0.113	0.112	0.113	103
18.01.2023 00:00	0.114	0.114	0.113	0.113	18
19.01.2023 00:00	0.114	0.115	0.113	0.114	149
20.01.2023 00:00	0.113	0.114	0.113	0.113	19
23.01.2023 00:00	0.114	0.115	0.114	0.114	70
24.01.2023 00:00	0.114	0.115	0.114	0.115	31
25.01.2023 00:00	0.115	0.11800000000000001	0.115	0.116	158
26.01.2023 00:00	0.115	0.11900000000000001	0.115	0.117	341
27.01.2023 00:00	0.117	0.11800000000000001	0.115	0.11800000000000001	147
30.01.2023 00:00	0.11800000000000001	0.11800000000000001	0.115	0.117	205
31.01.2023 00:00	0.11800000000000001	0.11900000000000001	0.117	0.11800000000000001	362
01.02.2023 00:00	0.117	0.11900000000000001	0.117	0.117	87
02.02.2023 00:00	0.11900000000000001	0.11900000000000001	0.11	0.115	508
03.02.2023 00:00	0.117	0.117	0.115	0.116	106
06.02.2023 00:00	0.115	0.117	0.115	0.117	114
07.02.2023 00:00	0.117	0.117	0.117	0.117	123
08.02.2023 00:00	0.117	0.117	0.115	0.116	244
09.02.2023 00:00	0.116	0.117	0.115	0.117	149
10.02.2023 00:00	0.117	0.12	0.116	0.117	1194
13.02.2023 00:00	0.11800000000000001	0.11900000000000001	0.117	0.11800000000000001	202
14.02.2023 00:00	0.11900000000000001	0.128	0.117	0.122	2181
15.02.2023 00:00	0.121	0.128	0.11800000000000001	0.11900000000000001	620
16.02.2023 00:00	0.12	0.122	0.11900000000000001	0.11900000000000001	100
17.02.2023 00:00	0.11900000000000001	0.12	0.11900000000000001	0.11900000000000001	48
20.02.2023 00:00	0.11900000000000001	0.122	0.11900000000000001	0.12	367
21.02.2023 00:00	0.11900000000000001	0.121	0.11800000000000001	0.11900000000000001	221
22.02.2023 00:00	0.11800000000000001	0.121	0.117	0.11900000000000001	139
24.02.2023 00:00	0.12	0.122	0.12	0.12	73
27.02.2023 00:00	0.121	0.121	0.12	0.12	31
28.02.2023 00:00	0.12	0.121	0.12	0.121	111
01.03.2023 00:00	0.12	0.121	0.11800000000000001	0.121	191
02.03.2023 00:00	0.121	0.122	0.12	0.12	168
03.03.2023 00:00	0.11900000000000001	0.126	0.11900000000000001	0.125	855
06.03.2023 00:00	0.126	0.133	0.124	0.126	538
07.03.2023 00:00	0.131	0.131	0.128	0.128	101
09.03.2023 00:00	0.128	0.132	0.128	0.128	210
10.03.2023 00:00	0.125	0.128	0.125	0.126	74
13.03.2023 00:00	0.125	0.13	0.125	0.126	199
14.03.2023 00:00	0.125	0.13	0.121	0.125	535
15.03.2023 00:00	0.126	0.129	0.125	0.125	186
16.03.2023 00:00	0.123	0.128	0.123	0.125	70
17.03.2023 00:00	0.128	0.128	0.125	0.126	12
20.03.2023 00:00	0.125	0.129	0.124	0.128	378
21.03.2023 00:00	0.125	0.128	0.125	0.128	127
22.03.2023 00:00	0.126	0.13	0.126	0.126	243
23.03.2023 00:00	0.125	0.129	0.125	0.128	93
24.03.2023 00:00	0.128	0.131	0.128	0.13	203
27.03.2023 00:00	0.132	0.133	0.13	0.133	408
28.03.2023 00:00	0.133	0.133	0.131	0.132	115
29.03.2023 00:00	0.132	0.132	0.128	0.131	282
30.03.2023 00:00	0.132	0.139	0.132	0.137	504
31.03.2023 00:00	0.136	0.136	0.13	0.132	549
03.04.2023 00:00	0.135	0.137	0.134	0.135	213
04.04.2023 00:00	0.135	0.137	0.133	0.133	96
05.04.2023 00:00	0.133	0.137	0.133	0.136	96
06.04.2023 00:00	0.138	0.14	0.134	0.137	474
07.04.2023 00:00	0.138	0.14	0.135	0.137	187
10.04.2023 00:00	0.14	0.178	0.14	0.16	14367
11.04.2023 00:00	0.16	0.162	0.15	0.152	1166
12.04.2023 00:00	0.156	0.16	0.147	0.155	960
13.04.2023 00:00	0.151	0.17400000000000002	0.146	0.162	4152
14.04.2023 00:00	0.162	0.17500000000000002	0.16	0.16	1825
17.04.2023 00:00	0.168	0.168	0.157	0.162	634
18.04.2023 00:00	0.162	0.167	0.156	0.167	444
19.04.2023 00:00	0.169	0.21	0.161	0.202	11792
20.04.2023 00:00	0.20800000000000002	0.234	0.185	0.20700000000000002	10248
21.04.2023 00:00	0.20800000000000002	0.212	0.195	0.203	1037
24.04.2023 00:00	0.20400000000000001	0.271	0.2	0.271	4570
25.04.2023 00:00	0.273	0.28400000000000003	0.228	0.232	10454
26.04.2023 00:00	0.23800000000000002	0.23900000000000002	0.22	0.228	2345
27.04.2023 00:00	0.229	0.229	0.211	0.214	2398
28.04.2023 00:00	0.217	0.217	0.20500000000000002	0.211	995
02.05.2023 00:00	0.215	0.215	0.179	0.197	1100
03.05.2023 00:00	0.197	0.198	0.181	0.194	1143
04.05.2023 00:00	0.187	0.194	0.182	0.184	448
05.05.2023 00:00	0.183	0.197	0.183	0.19	886
08.05.2023 00:00	0.196	0.196	0.183	0.186	171
10.05.2023 00:00	0.185	0.192	0.185	0.189	431
11.05.2023 00:00	0.19	0.199	0.19	0.193	580
12.05.2023 00:00	0.193	0.196	0.19	0.194	325
15.05.2023 00:00	0.195	0.216	0.19	0.198	2251
16.05.2023 00:00	0.195	0.203	0.194	0.198	666
17.05.2023 00:00	0.196	0.268	0.194	0.245	16417
18.05.2023 00:00	0.245	0.245	0.211	0.218	5569
19.05.2023 00:00	0.219	0.23	0.217	0.22	1513
22.05.2023 00:00	0.224	0.224	0.209	0.215	594
23.05.2023 00:00	0.215	0.216	0.209	0.212	161
24.05.2023 00:00	0.215	0.22	0.20700000000000002	0.218	760
25.05.2023 00:00	0.219	0.245	0.215	0.244	3934
26.05.2023 00:00	0.25	0.26	0.228	0.23	3481
29.05.2023 00:00	0.233	0.233	0.226	0.231	429
30.05.2023 00:00	0.226	0.231	0.224	0.227	910
31.05.2023 00:00	0.225	0.228	0.218	0.221	594
01.06.2023 00:00	0.224	0.23500000000000001	0.222	0.225	610
02.06.2023 00:00	0.225	0.23	0.221	0.225	585
05.06.2023 00:00	0.226	0.229	0.222	0.227	106
06.06.2023 00:00	0.226	0.229	0.224	0.227	131
07.06.2023 00:00	0.227	0.228	0.22	0.222	324
08.06.2023 00:00	0.225	0.225	0.218	0.22	531
09.06.2023 00:00	0.222	0.222	0.217	0.219	141
13.06.2023 00:00	0.218	0.225	0.218	0.222	238
14.06.2023 00:00	0.224	0.227	0.22	0.227	526
15.06.2023 00:00	0.228	0.231	0.225	0.227	740
16.06.2023 00:00	0.23	0.231	0.227	0.227	462
19.06.2023 00:00	0.231	0.28600000000000003	0.226	0.254	20180
20.06.2023 00:00	0.252	0.252	0.234	0.241	3216
21.06.2023 00:00	0.241	0.241	0.231	0.23800000000000002	1613
22.06.2023 00:00	0.23900000000000002	0.242	0.234	0.23900000000000002	881
23.06.2023 00:00	0.23900000000000002	0.23900000000000002	0.23	0.23500000000000001	578
26.06.2023 00:00	0.23500000000000001	0.258	0.227	0.241	3003
27.06.2023 00:00	0.251	0.33	0.249	0.26	29016
28.06.2023 00:00	0.268	0.275	0.25	0.261	3058
29.06.2023 00:00	0.28300000000000003	0.32	0.261	0.27	18049
30.06.2023 00:00	0.274	0.28	0.267	0.271	1503
03.07.2023 00:00	0.272	0.277	0.266	0.271	571
04.07.2023 00:00	0.269	0.273	0.256	0.265	988
05.07.2023 00:00	0.265	0.27	0.258	0.268	675
06.07.2023 00:00	0.269	0.269	0.258	0.265	689
07.07.2023 00:00	0.267	0.27	0.263	0.27	384
10.07.2023 00:00	0.27	0.277	0.266	0.276	807
11.07.2023 00:00	0.28	0.35100000000000003	0.28	0.302	19409
12.07.2023 00:00	0.311	0.341	0.303	0.309	3423
13.07.2023 00:00	0.309	0.313	0.291	0.3	2314
14.07.2023 00:00	0.299	0.305	0.291	0.305	478
17.07.2023 00:00	0.298	0.306	0.298	0.303	467
18.07.2023 00:00	0.307	0.321	0.303	0.314	2328
19.07.2023 00:00	0.32	0.33	0.303	0.33	1969
20.07.2023 00:00	0.33	0.429	0.32	0.359	14235
21.07.2023 00:00	0.395	0.489	0.363	0.402	20178
24.07.2023 00:00	0.406	0.459	0.406	0.428	6080
25.07.2023 00:00	0.43	0.448	0.419	0.427	1022
26.07.2023 00:00	0.439	0.444	0.422	0.435	1523
27.07.2023 00:00	0.435	0.488	0.429	0.442	2779
28.07.2023 00:00	0.45	0.46900000000000003	0.435	0.461	856
31.07.2023 00:00	0.461	0.487	0.437	0.47300000000000003	1081
01.08.2023 00:00	0.47300000000000003	0.54	0.47300000000000003	0.54	3720
02.08.2023 00:00	0.558	0.593	0.53	0.547	8688
03.08.2023 00:00	0.5740000000000001	0.644	0.559	0.608	8525
04.08.2023 00:00	0.61	0.634	0.5700000000000001	0.604	3638
07.08.2023 00:00	0.604	0.683	0.602	0.677	4361
08.08.2023 00:00	0.6890000000000001	0.935	0.687	0.935	10796
09.08.2023 00:00	0.97	1.308	0.97	1.308	5223
10.08.2023 00:00	1.437	1.7690000000000001	0.81	1.034	12943
11.08.2023 00:00	1.1	1.1360000000000001	0.889	1.12	3169
14.08.2023 00:00	1.1360000000000001	1.229	1.0210000000000001	1.149	2602
15.08.2023 00:00	1.034	1.149	0.9570000000000001	1.08	2285
16.08.2023 00:00	1.118	1.12	0.9	1.012	1540
17.08.2023 00:00	1.012	1.0190000000000001	0.862	0.916	1563
18.08.2023 00:00	0.9420000000000001	0.968	0.919	0.9420000000000001	529
21.08.2023 00:00	0.9590000000000001	1.036	0.935	1.036	721
22.08.2023 00:00	1.1320000000000001	1.137	1.04	1.137	2069
23.08.2023 00:00	1.249	1.25	1.137	1.1400000000000001	2080
24.08.2023 00:00	1.1400000000000001	1.219	1.1260000000000001	1.183	656
25.08.2023 00:00	1.215	1.215	1.153	1.175	388
28.08.2023 00:00	1.205	1.3900000000000001	1.169	1.342	2726
29.08.2023 00:00	1.35	1.419	1.2650000000000001	1.316	1490
30.08.2023 00:00	1.326	1.37	1.239	1.284	802
31.08.2023 00:00	1.31	1.31	1.221	1.239	730
01.09.2023 00:00	1.246	1.246	1.189	1.234	634
04.09.2023 00:00	1.281	1.3	1.209	1.239	671
05.09.2023 00:00	1.239	1.284	1.239	1.247	798
06.09.2023 00:00	1.241	1.288	1.191	1.213	402
07.09.2023 00:00	1.243	1.243	0.972	1.1300000000000001	788
08.09.2023 00:00	1.151	1.151	1.044	1.094	533
11.09.2023 00:00	1.203	1.391	1.11	1.165	4568
12.09.2023 00:00	1.181	1.181	1.12	1.155	792
13.09.2023 00:00	1.167	1.193	1.052	1.12	951
14.09.2023 00:00	1.129	1.129	0.771	0.9390000000000001	2926
15.09.2023 00:00	0.9390000000000001	1.024	0.922	1.024	758
18.09.2023 00:00	1.044	1.1	0.998	1.0190000000000001	771
19.09.2023 00:00	1.02	1.038	0.929	0.9390000000000001	363
20.09.2023 00:00	0.93	0.933	0.77	0.853	2604
21.09.2023 00:00	0.879	0.879	0.79	0.797	435
22.09.2023 00:00	0.797	0.8290000000000001	0.77	0.807	465
25.09.2023 00:00	0.886	0.929	0.807	0.84	662
26.09.2023 00:00	0.851	0.893	0.8280000000000001	0.872	598
27.09.2023 00:00	0.889	0.915	0.864	0.903	409
28.09.2023 00:00	0.905	0.9560000000000001	0.889	0.899	437
29.09.2023 00:00	0.914	0.921	0.879	0.891	418
02.10.2023 00:00	0.9	0.913	0.874	0.899	219
03.10.2023 00:00	0.879	0.884	0.849	0.881	395
04.10.2023 00:00	0.859	0.881	0.8290000000000001	0.864	337
05.10.2023 00:00	0.878	0.887	0.85	0.882	382
06.10.2023 00:00	0.864	0.894	0.859	0.885	319
09.10.2023 00:00	0.9	0.9	0.87	0.883	131
10.10.2023 00:00	0.893	0.893	0.869	0.886	149
11.10.2023 00:00	0.891	0.9	0.88	0.893	95
12.10.2023 00:00	0.896	0.896	0.874	0.879	179
13.10.2023 00:00	0.887	0.91	0.869	0.889	359
16.10.2023 00:00	0.89	1.028	0.879	0.999	843
17.10.2023 00:00	1.014	1.143	0.999	1.042	2488
18.10.2023 00:00	1.048	1.064	1.0190000000000001	1.024	570
19.10.2023 00:00	1.044	1.044	0.989	0.99	436
20.10.2023 00:00	0.989	1.0030000000000001	0.922	0.932	508
23.10.2023 00:00	0.925	0.9510000000000001	0.901	0.923	699
24.10.2023 00:00	0.925	0.925	0.869	0.915	1194
25.10.2023 00:00	0.92	0.925	0.9	0.9	218
26.10.2023 00:00	0.923	0.923	0.877	0.885	284
27.10.2023 00:00	0.874	0.908	0.869	0.886	310
30.10.2023 00:00	0.889	0.889	0.851	0.867	321
31.10.2023 00:00	0.864	0.869	0.802	0.8250000000000001	457
01.11.2023 00:00	0.8190000000000001	0.8190000000000001	0.782	0.805	428
02.11.2023 00:00	0.8140000000000001	0.8200000000000001	0.797	0.812	191
03.11.2023 00:00	0.801	0.8200000000000001	0.799	0.804	70
06.11.2023 00:00	0.801	0.8200000000000001	0.796	0.808	102
07.11.2023 00:00	0.805	0.805	0.788	0.795	178
08.11.2023 00:00	0.794	0.794	0.756	0.775	383
09.11.2023 00:00	0.776	0.785	0.765	0.765	381
10.11.2023 00:00	0.776	0.78	0.6990000000000001	0.715	740
13.11.2023 00:00	0.712	0.712	0.584	0.595	2139
14.11.2023 00:00	0.595	0.595	0.43	0.507	3019
15.11.2023 00:00	0.505	0.593	0.47300000000000003	0.5630000000000001	1365
16.11.2023 00:00	0.584	0.624	0.583	0.624	840
17.11.2023 00:00	0.66	0.686	0.5720000000000001	0.64	2340
20.11.2023 00:00	0.626	0.65	0.605	0.637	392
21.11.2023 00:00	0.637	0.637	0.594	0.601	573
22.11.2023 00:00	0.613	0.628	0.58	0.591	518
23.11.2023 00:00	0.587	0.587	0.528	0.534	629
24.11.2023 00:00	0.535	0.542	0.499	0.525	752
27.11.2023 00:00	0.538	0.541	0.489	0.508	443
28.11.2023 00:00	0.504	0.56	0.489	0.555	754
29.11.2023 00:00	0.555	0.594	0.535	0.555	334
30.11.2023 00:00	0.554	0.554	0.47400000000000003	0.507	890
01.12.2023 00:00	0.507	0.524	0.5	0.504	194
04.12.2023 00:00	0.519	0.52	0.461	0.465	416
05.12.2023 00:00	0.46	0.464	0.427	0.455	393
06.12.2023 00:00	0.449	0.449	0.428	0.435	272
07.12.2023 00:00	0.455	0.459	0.393	0.40700000000000003	718
08.12.2023 00:00	0.41400000000000003	0.449	0.406	0.436	426
11.12.2023 00:00	0.461	0.461	0.389	0.405	450
12.12.2023 00:00	0.40800000000000003	0.40900000000000003	0.377	0.404	354
13.12.2023 00:00	0.40700000000000003	0.468	0.40700000000000003	0.453	1262
14.12.2023 00:00	0.463	0.47900000000000004	0.445	0.457	317
15.12.2023 00:00	0.435	0.532	0.426	0.522	557
18.12.2023 00:00	0.533	0.539	0.49	0.518	996
19.12.2023 00:00	0.525	0.597	0.504	0.562	734
20.12.2023 00:00	0.556	0.603	0.536	0.584	1170
21.12.2023 00:00	0.587	0.685	0.554	0.608	1900
22.12.2023 00:00	0.609	0.631	0.582	0.604	424
25.12.2023 00:00	0.617	0.619	0.558	0.5750000000000001	759
26.12.2023 00:00	0.5650000000000001	0.5740000000000001	0.547	0.559	659
27.12.2023 00:00	0.555	0.6	0.555	0.584	293
28.12.2023 00:00	0.584	0.585	0.55	0.55	313
29.12.2023 00:00	0.531	0.549	0.51	0.518	336
03.01.2024 00:00	0.529	0.555	0.525	0.555	136
04.01.2024 00:00	0.555	0.591	0.534	0.5680000000000001	455
05.01.2024 00:00	0.577	0.599	0.5690000000000001	0.592	615
08.01.2024 00:00	0.595	0.641	0.595	0.624	772
09.01.2024 00:00	0.617	0.68	0.608	0.667	1431
10.01.2024 00:00	0.666	0.704	0.652	0.6920000000000001	951
11.01.2024 00:00	0.6940000000000001	0.704	0.629	0.662	1790
12.01.2024 00:00	0.673	0.748	0.664	0.722	1521
15.01.2024 00:00	0.724	0.8210000000000001	0.724	0.786	1550
16.01.2024 00:00	0.786	0.786	0.72	0.762	1252
17.01.2024 00:00	0.762	0.764	0.728	0.756	416
18.01.2024 00:00	0.761	0.783	0.756	0.769	426
19.01.2024 00:00	0.779	0.8190000000000001	0.775	0.789	1163
22.01.2024 00:00	0.799	0.8	0.771	0.78	321
23.01.2024 00:00	0.78	0.797	0.755	0.785	900
24.01.2024 00:00	0.795	0.8190000000000001	0.787	0.791	1027
25.01.2024 00:00	0.799	0.859	0.793	0.843	1736
26.01.2024 00:00	0.849	0.9390000000000001	0.804	0.8260000000000001	2161
29.01.2024 00:00	0.8270000000000001	0.859	0.799	0.809	764
30.01.2024 00:00	0.809	0.809	0.765	0.782	762
31.01.2024 00:00	0.79	0.79	0.729	0.762	493
01.02.2024 00:00	0.768	0.8	0.742	0.748	745
02.02.2024 00:00	0.746	0.751	0.732	0.738	263
05.02.2024 00:00	0.743	0.765	0.731	0.762	430
06.02.2024 00:00	0.764	0.786	0.749	0.765	436
07.02.2024 00:00	0.765	0.765	0.741	0.753	432
08.02.2024 00:00	0.749	0.749	0.734	0.738	422
09.02.2024 00:00	0.739	0.739	0.6990000000000001	0.707	602
12.02.2024 00:00	0.719	0.719	0.674	0.687	658
13.02.2024 00:00	0.687	0.715	0.687	0.712	342
14.02.2024 00:00	0.713	0.728	0.676	0.6980000000000001	465
15.02.2024 00:00	0.707	0.719	0.6920000000000001	0.714	290
16.02.2024 00:00	0.7010000000000001	0.716	0.6990000000000001	0.704	289
19.02.2024 00:00	0.7010000000000001	0.704	0.658	0.678	1184
20.02.2024 00:00	0.687	0.687	0.658	0.662	199
21.02.2024 00:00	0.658	0.658	0.583	0.626	1298
22.02.2024 00:00	0.611	0.655	0.611	0.622	356
26.02.2024 00:00	0.64	0.654	0.619	0.64	510
27.02.2024 00:00	0.645	0.6910000000000001	0.644	0.655	588
28.02.2024 00:00	0.66	0.66	0.634	0.642	184
29.02.2024 00:00	0.648	0.648	0.631	0.642	114
01.03.2024 00:00	0.642	0.6900000000000001	0.64	0.687	859
04.03.2024 00:00	0.6880000000000001	0.6920000000000001	0.665	0.681	575
05.03.2024 00:00	0.686	0.687	0.668	0.668	87
06.03.2024 00:00	0.676	0.676	0.647	0.659	174
07.03.2024 00:00	0.659	0.677	0.653	0.654	239
11.03.2024 00:00	0.655	0.673	0.653	0.656	176
12.03.2024 00:00	0.655	0.655	0.623	0.636	349
13.03.2024 00:00	0.64	0.6920000000000001	0.64	0.68	805
14.03.2024 00:00	0.682	0.685	0.653	0.653	347
15.03.2024 00:00	0.656	0.671	0.644	0.659	209
18.03.2024 00:00	0.659	0.659	0.637	0.643	265
19.03.2024 00:00	0.643	0.644	0.625	0.635	239
20.03.2024 00:00	0.64	0.645	0.604	0.617	341
21.03.2024 00:00	0.615	0.643	0.614	0.63	263
22.03.2024 00:00	0.625	0.647	0.622	0.624	88
25.03.2024 00:00	0.63	0.632	0.612	0.627	229
26.03.2024 00:00	0.619	0.652	0.619	0.637	525
27.03.2024 00:00	0.649	0.6890000000000001	0.638	0.673	819
28.03.2024 00:00	0.674	0.675	0.651	0.67	251
29.03.2024 00:00	0.664	0.664	0.65	0.656	206
01.04.2024 00:00	0.662	0.673	0.649	0.649	434
02.04.2024 00:00	0.65	0.657	0.632	0.633	421
03.04.2024 00:00	0.626	0.663	0.623	0.627	1365
04.04.2024 00:00	0.634	0.657	0.632	0.638	669
05.04.2024 00:00	0.642	0.645	0.629	0.637	193
08.04.2024 00:00	0.64	0.671	0.634	0.65	1365
09.04.2024 00:00	0.652	0.664	0.633	0.644	519
10.04.2024 00:00	0.645	0.653	0.634	0.648	206
11.04.2024 00:00	0.644	0.657	0.64	0.648	205
12.04.2024 00:00	0.644	0.659	0.638	0.643	225
15.04.2024 00:00	0.645	0.65	0.626	0.636	420
16.04.2024 00:00	0.64	0.669	0.632	0.655	688
17.04.2024 00:00	0.659	0.764	0.656	0.684	10519
18.04.2024 00:00	0.6960000000000001	0.717	0.651	0.667	1646
19.04.2024 00:00	0.677	0.739	0.668	0.6890000000000001	2647
22.04.2024 00:00	0.6930000000000001	0.792	0.6910000000000001	0.749	7030
23.04.2024 00:00	0.77	0.81	0.72	0.728	1954
24.04.2024 00:00	0.728	0.732	0.6990000000000001	0.714	475
25.04.2024 00:00	0.715	0.715	0.682	0.6910000000000001	689
26.04.2024 00:00	0.6890000000000001	0.717	0.684	0.6920000000000001	715
27.04.2024 00:00	0.6960000000000001	0.72	0.666	0.676	745
29.04.2024 00:00	0.683	0.6980000000000001	0.668	0.676	460
30.04.2024 00:00	0.678	0.681	0.652	0.663	412
02.05.2024 00:00	0.659	0.669	0.654	0.661	233
03.05.2024 00:00	0.661	0.668	0.65	0.668	172
06.05.2024 00:00	0.669	0.677	0.657	0.657	174
07.05.2024 00:00	0.658	0.662	0.629	0.651	627
08.05.2024 00:00	0.656	0.6910000000000001	0.656	0.66	476
10.05.2024 00:00	0.66	0.667	0.655	0.667	165
13.05.2024 00:00	0.667	0.667	0.646	0.652	299
14.05.2024 00:00	0.646	0.66	0.628	0.633	226
15.05.2024 00:00	0.632	0.708	0.632	0.659	1850
16.05.2024 00:00	0.659	0.665	0.642	0.652	196
17.05.2024 00:00	0.65	0.68	0.634	0.64	2509
20.05.2024 00:00	0.638	0.662	0.597	0.625	1230
21.05.2024 00:00	0.629	0.635	0.603	0.607	266
22.05.2024 00:00	0.607	0.625	0.585	0.619	198
23.05.2024 00:00	0.613	0.619	0.599	0.609	107
24.05.2024 00:00	0.608	0.608	0.585	0.589	135
27.05.2024 00:00	0.586	0.606	0.561	0.562	342
28.05.2024 00:00	0.5630000000000001	0.5710000000000001	0.558	0.5650000000000001	307
29.05.2024 00:00	0.5690000000000001	0.5720000000000001	0.553	0.56	94
30.05.2024 00:00	0.551	0.5730000000000001	0.551	0.5650000000000001	79
31.05.2024 00:00	0.562	0.562	0.523	0.53	211
03.06.2024 00:00	0.538	0.588	0.498	0.52	641
04.06.2024 00:00	0.54	0.602	0.54	0.5750000000000001	878
05.06.2024 00:00	0.579	0.588	0.561	0.5650000000000001	401
06.06.2024 00:00	0.5650000000000001	0.597	0.546	0.583	678
07.06.2024 00:00	0.591	0.629	0.582	0.628	457
10.06.2024 00:00	0.627	0.631	0.604	0.604	173
11.06.2024 00:00	0.607	0.6880000000000001	0.599	0.633	921
13.06.2024 00:00	0.601	0.617	0.6	0.617	173
14.06.2024 00:00	0.617	0.637	0.609	0.623	95
17.06.2024 00:00	0.624	0.64	0.613	0.624	179
18.06.2024 00:00	0.632	0.633	0.596	0.596	45
19.06.2024 00:00	0.605	0.605	0.5660000000000001	0.5700000000000001	247
20.06.2024 00:00	0.5640000000000001	0.607	0.5630000000000001	0.595	211
21.06.2024 00:00	0.592	0.595	0.586	0.592	44
24.06.2024 00:00	0.587	0.595	0.579	0.581	191
25.06.2024 00:00	0.578	0.583	0.5640000000000001	0.578	124
26.06.2024 00:00	0.582	0.585	0.5740000000000001	0.581	104
27.06.2024 00:00	0.58	0.585	0.5750000000000001	0.581	122
28.06.2024 00:00	0.579	0.585	0.5760000000000001	0.584	24
01.07.2024 00:00	0.581	0.581	0.5690000000000001	0.5700000000000001	168
02.07.2024 00:00	0.5720000000000001	0.5730000000000001	0.562	0.5640000000000001	63
03.07.2024 00:00	0.5630000000000001	0.648	0.562	0.598	600
04.07.2024 00:00	0.617	0.632	0.5720000000000001	0.584	217
05.07.2024 00:00	0.588	0.629	0.582	0.604	451
08.07.2024 00:00	0.604	0.627	0.594	0.6	163
09.07.2024 00:00	0.6	0.611	0.5640000000000001	0.5740000000000001	394
10.07.2024 00:00	0.553	0.612	0.552	0.56	672
11.07.2024 00:00	0.555	0.588	0.555	0.577	91
12.07.2024 00:00	0.587	0.602	0.5680000000000001	0.579	154
15.07.2024 00:00	0.584	0.587	0.562	0.562	114
16.07.2024 00:00	0.5630000000000001	0.5700000000000001	0.549	0.556	145
17.07.2024 00:00	0.558	0.5720000000000001	0.55	0.558	224
18.07.2024 00:00	0.559	0.577	0.553	0.553	365
19.07.2024 00:00	0.556	0.56	0.55	0.559	204
22.07.2024 00:00	0.55	0.5680000000000001	0.545	0.559	170
23.07.2024 00:00	0.556	0.556	0.532	0.549	255
24.07.2024 00:00	0.547	0.552	0.54	0.543	95
25.07.2024 00:00	0.549	0.584	0.537	0.546	1354
26.07.2024 00:00	0.546	0.555	0.53	0.541	169
29.07.2024 00:00	0.53	0.535	0.513	0.526	100
30.07.2024 00:00	0.516	0.533	0.516	0.526	45
31.07.2024 00:00	0.523	0.529	0.512	0.527	14
01.08.2024 00:00	0.526	0.561	0.518	0.542	194
02.08.2024 00:00	0.544	0.555	0.514	0.525	177
05.08.2024 00:00	0.514	0.524	0.501	0.518	149
06.08.2024 00:00	0.522	0.534	0.516	0.521	62
07.08.2024 00:00	0.53	0.533	0.521	0.53	68
08.08.2024 00:00	0.531	0.531	0.524	0.529	23
09.08.2024 00:00	0.525	0.526	0.52	0.526	11
12.08.2024 00:00	0.524	0.538	0.517	0.527	154
13.08.2024 00:00	0.528	0.56	0.528	0.554	228
14.08.2024 00:00	0.562	0.579	0.554	0.555	400
15.08.2024 00:00	0.561	0.577	0.536	0.541	135
16.08.2024 00:00	0.543	0.584	0.52	0.532	563
19.08.2024 00:00	0.524	0.528	0.512	0.519	141
20.08.2024 00:00	0.519	0.527	0.516	0.521	73
21.08.2024 00:00	0.519	0.523	0.516	0.519	16
22.08.2024 00:00	0.519	0.519	0.47200000000000003	0.493	405
23.08.2024 00:00	0.482	0.482	0.463	0.46900000000000003	153
26.08.2024 00:00	0.48	0.505	0.461	0.48	298
27.08.2024 00:00	0.47700000000000004	0.47900000000000004	0.463	0.47000000000000003	105
28.08.2024 00:00	0.465	0.468	0.44	0.46	186
29.08.2024 00:00	0.46	0.461	0.435	0.44	103
30.08.2024 00:00	0.445	0.465	0.417	0.431	144
02.09.2024 00:00	0.41500000000000004	0.41600000000000004	0.395	0.406	254
03.09.2024 00:00	0.402	0.406	0.4	0.406	38
04.09.2024 00:00	0.406	0.432	0.398	0.432	71
05.09.2024 00:00	0.434	0.458	0.43	0.457	65
06.09.2024 00:00	0.455	0.46	0.448	0.452	16
09.09.2024 00:00	0.46	0.46	0.44	0.448	48
10.09.2024 00:00	0.452	0.459	0.44	0.44	28
11.09.2024 00:00	0.441	0.445	0.435	0.437	36
12.09.2024 00:00	0.441	0.46	0.41300000000000003	0.419	120
13.09.2024 00:00	0.418	0.431	0.41400000000000003	0.431	42
16.09.2024 00:00	0.425	0.452	0.41300000000000003	0.448	144
17.09.2024 00:00	0.449	0.449	0.432	0.441	44
18.09.2024 00:00	0.441	0.449	0.435	0.437	28
19.09.2024 00:00	0.435	0.448	0.429	0.435	132
20.09.2024 00:00	0.434	0.445	0.429	0.439	104
23.09.2024 00:00	0.439	0.459	0.439	0.452	70
24.09.2024 00:00	0.452	0.47200000000000003	0.452	0.46900000000000003	155
25.09.2024 00:00	0.46900000000000003	0.47900000000000004	0.462	0.47800000000000004	170
26.09.2024 00:00	0.47900000000000004	0.484	0.453	0.47900000000000004	471
27.09.2024 00:00	0.47400000000000003	0.488	0.459	0.47000000000000003	161
30.09.2024 00:00	0.47400000000000003	0.52	0.459	0.518	664
01.10.2024 00:00	0.52	0.52	0.467	0.47800000000000004	617
02.10.2024 00:00	0.484	0.488	0.465	0.46900000000000003	65
03.10.2024 00:00	0.47100000000000003	0.47100000000000003	0.46	0.46	71
04.10.2024 00:00	0.457	0.466	0.457	0.466	48
07.10.2024 00:00	0.459	0.461	0.456	0.458	21
08.10.2024 00:00	0.47100000000000003	0.47100000000000003	0.444	0.451	42
09.10.2024 00:00	0.456	0.494	0.454	0.454	187
10.10.2024 00:00	0.458	0.47000000000000003	0.455	0.46	52
11.10.2024 00:00	0.465	0.47200000000000003	0.451	0.451	56
14.10.2024 00:00	0.452	0.453	0.436	0.45	82
15.10.2024 00:00	0.451	0.457	0.445	0.456	26
16.10.2024 00:00	0.449	0.457	0.446	0.455	23
17.10.2024 00:00	0.451	0.454	0.441	0.443	54
18.10.2024 00:00	0.438	0.441	0.434	0.437	42
21.10.2024 00:00	0.435	0.435	0.419	0.427	110
22.10.2024 00:00	0.427	0.434	0.42	0.427	73
23.10.2024 00:00	0.423	0.423	0.403	0.40700000000000003	197
24.10.2024 00:00	0.406	0.40800000000000003	0.4	0.406	22
25.10.2024 00:00	0.40800000000000003	0.41500000000000004	0.395	0.402	113
28.10.2024 00:00	0.404	0.406	0.379	0.387	158
29.10.2024 00:00	0.385	0.449	0.385	0.399	239
30.10.2024 00:00	0.40800000000000003	0.462	0.404	0.41000000000000003	458
31.10.2024 00:00	0.41200000000000003	0.427	0.406	0.40700000000000003	93
01.11.2024 00:00	0.41300000000000003	0.41300000000000003	0.395	0.4	45
02.11.2024 00:00	0.396	0.4	0.391	0.4	22
05.11.2024 00:00	0.399	0.40900000000000003	0.399	0.4	27
06.11.2024 00:00	0.391	0.41000000000000003	0.385	0.406	32
07.11.2024 00:00	0.4	0.421	0.398	0.421	33
08.11.2024 00:00	0.421	0.421	0.40800000000000003	0.40800000000000003	38
11.11.2024 00:00	0.42	0.438	0.417	0.431	91
12.11.2024 00:00	0.437	0.439	0.42	0.429	102
13.11.2024 00:00	0.423	0.45	0.422	0.445	74
14.11.2024 00:00	0.436	0.448	0.433	0.448	54
15.11.2024 00:00	0.448	0.46	0.419	0.439	279
18.11.2024 00:00	0.431	0.435	0.401	0.41600000000000004	235
19.11.2024 00:00	0.42	0.47700000000000004	0.41500000000000004	0.41500000000000004	301
20.11.2024 00:00	0.41500000000000004	0.428	0.40700000000000003	0.41300000000000003	57
21.11.2024 00:00	0.41500000000000004	0.42	0.397	0.397	83
22.11.2024 00:00	0.40700000000000003	0.417	0.406	0.40700000000000003	33
25.11.2024 00:00	0.40700000000000003	0.40700000000000003	0.388	0.388	46
26.11.2024 00:00	0.396	0.396	0.364	0.364	158
27.11.2024 00:00	0.365	0.365	0.32	0.341	273
28.11.2024 00:00	0.363	0.374	0.35100000000000003	0.35100000000000003	82
29.11.2024 00:00	0.358	0.358	0.343	0.34400000000000003	37
02.12.2024 00:00	0.34	0.358	0.34	0.35100000000000003	128
03.12.2024 00:00	0.355	0.356	0.332	0.34400000000000003	81
04.12.2024 00:00	0.342	0.34400000000000003	0.327	0.338	75
05.12.2024 00:00	0.325	0.34800000000000003	0.322	0.34800000000000003	134
06.12.2024 00:00	0.34700000000000003	0.367	0.328	0.34600000000000003	147
09.12.2024 00:00	0.359	0.369	0.343	0.353	72
10.12.2024 00:00	0.36	0.364	0.34	0.343	29
11.12.2024 00:00	0.353	0.353	0.334	0.343	30
12.12.2024 00:00	0.331	0.401	0.328	0.334	622
13.12.2024 00:00	0.34600000000000003	0.368	0.324	0.339	390
16.12.2024 00:00	0.34	0.34	0.326	0.326	28
17.12.2024 00:00	0.323	0.336	0.308	0.318	164
18.12.2024 00:00	0.317	0.33	0.31	0.33	60
19.12.2024 00:00	0.327	0.342	0.316	0.33	124
20.12.2024 00:00	0.324	0.34700000000000003	0.32	0.342	163
23.12.2024 00:00	0.34700000000000003	0.367	0.341	0.359	175
24.12.2024 00:00	0.368	0.385	0.352	0.352	169
25.12.2024 00:00	0.364	0.379	0.34800000000000003	0.365	191
26.12.2024 00:00	0.376	0.427	0.37	0.371	1303
27.12.2024 00:00	0.374	0.377	0.355	0.362	99
28.12.2024 00:00	0.362	0.367	0.362	0.362	105
30.12.2024 00:00	0.37	0.379	0.369	0.377	124
03.01.2025 00:00	0.378	0.395	0.366	0.391	96
06.01.2025 00:00	0.378	0.389	0.375	0.386	103
08.01.2025 00:00	0.386	0.399	0.378	0.399	135
09.01.2025 00:00	0.4	0.419	0.372	0.388	247
10.01.2025 00:00	0.394	0.4	0.379	0.396	73
13.01.2025 00:00	0.399	0.417	0.391	0.40700000000000003	198
14.01.2025 00:00	0.398	0.406	0.398	0.406	58
15.01.2025 00:00	0.406	0.40800000000000003	0.399	0.40800000000000003	72
16.01.2025 00:00	0.418	0.429	0.40700000000000003	0.423	223
17.01.2025 00:00	0.423	0.439	0.40800000000000003	0.428	292
20.01.2025 00:00	0.433	0.466	0.431	0.46	310
21.01.2025 00:00	0.461	0.462	0.446	0.45	127
22.01.2025 00:00	0.455	0.509	0.45	0.488	873
23.01.2025 00:00	0.493	0.594	0.485	0.594	4100
24.01.2025 00:00	0.605	0.653	0.54	0.547	2195
27.01.2025 00:00	0.562	0.6	0.535	0.555	1051
28.01.2025 00:00	0.5690000000000001	0.5720000000000001	0.52	0.549	512
29.01.2025 00:00	0.5630000000000001	0.5640000000000001	0.53	0.541	457
30.01.2025 00:00	0.548	0.561	0.527	0.543	536
31.01.2025 00:00	0.552	0.5700000000000001	0.543	0.548	161
03.02.2025 00:00	0.548	0.548	0.525	0.535	92
04.02.2025 00:00	0.56	0.5640000000000001	0.542	0.543	127
05.02.2025 00:00	0.545	0.545	0.526	0.528	58
06.02.2025 00:00	0.531	0.5650000000000001	0.509	0.537	626
07.02.2025 00:00	0.54	0.544	0.509	0.518	235
10.02.2025 00:00	0.52	0.53	0.513	0.527	117
11.02.2025 00:00	0.531	0.5740000000000001	0.52	0.551	518
12.02.2025 00:00	0.5680000000000001	0.5730000000000001	0.532	0.533	488
13.02.2025 00:00	0.553	0.56	0.535	0.54	312
14.02.2025 00:00	0.54	0.554	0.514	0.527	479
17.02.2025 00:00	0.524	0.559	0.522	0.547	515
18.02.2025 00:00	0.538	0.55	0.531	0.539	152
19.02.2025 00:00	0.54	0.55	0.532	0.543	190
20.02.2025 00:00	0.545	0.548	0.543	0.546	84
21.02.2025 00:00	0.547	0.555	0.546	0.55	127
24.02.2025 00:00	0.557	0.5690000000000001	0.545	0.557	363
25.02.2025 00:00	0.557	0.5640000000000001	0.535	0.546	792
26.02.2025 00:00	0.55	0.578	0.544	0.556	956
27.02.2025 00:00	0.555	0.5680000000000001	0.546	0.552	161
28.02.2025 00:00	0.549	0.557	0.527	0.544	120
03.03.2025 00:00	0.544	0.548	0.525	0.539	128
04.03.2025 00:00	0.542	0.556	0.539	0.54	114
05.03.2025 00:00	0.54	0.546	0.532	0.544	121
06.03.2025 00:00	0.545	0.553	0.537	0.542	114
07.03.2025 00:00	0.546	0.55	0.542	0.542	49
10.03.2025 00:00	0.549	0.5710000000000001	0.548	0.549	153
11.03.2025 00:00	0.549	0.579	0.549	0.549	124
12.03.2025 00:00	0.55	0.55	0.537	0.545	49
13.03.2025 00:00	0.538	0.538	0.495	0.499	538
14.03.2025 00:00	0.515	0.52	0.503	0.514	117
17.03.2025 00:00	0.519	0.531	0.516	0.527	69
18.03.2025 00:00	0.52	0.53	0.519	0.519	45
19.03.2025 00:00	0.517	0.525	0.505	0.518	97
20.03.2025 00:00	0.518	0.527	0.513	0.518	34
21.03.2025 00:00	0.518	0.522	0.512	0.512	36
24.03.2025 00:00	0.512	0.512	0.495	0.495	179
25.03.2025 00:00	0.507	0.507	0.495	0.506	37
26.03.2025 00:00	0.506	0.512	0.492	0.495	128
27.03.2025 00:00	0.495	0.495	0.485	0.485	63
28.03.2025 00:00	0.47600000000000003	0.484	0.459	0.47600000000000003	163
31.03.2025 00:00	0.483	0.507	0.46	0.465	146
01.04.2025 00:00	0.468	0.468	0.46	0.467	64
02.04.2025 00:00	0.468	0.47200000000000003	0.462	0.47200000000000003	48
03.04.2025 00:00	0.47900000000000004	0.481	0.465	0.465	45
04.04.2025 00:00	0.466	0.466	0.449	0.45	164
07.04.2025 00:00	0.427	0.493	0.40700000000000003	0.419	365
08.04.2025 00:00	0.463	0.463	0.41600000000000004	0.41600000000000004	63
09.04.2025 00:00	0.41600000000000004	0.436	0.404	0.40900000000000003	47
10.04.2025 00:00	0.41100000000000003	0.424	0.41100000000000003	0.423	26
11.04.2025 00:00	0.434	0.435	0.43	0.435	20
14.04.2025 00:00	0.424	0.45	0.424	0.45	59
15.04.2025 00:00	0.455	0.455	0.437	0.439	23
16.04.2025 00:00	0.45	0.45	0.443	0.45	8
17.04.2025 00:00	0.451	0.451	0.45	0.451	7
18.04.2025 00:00	0.459	0.46900000000000003	0.419	0.436	131
21.04.2025 00:00	0.44	0.44	0.439	0.439	2
22.04.2025 00:00	0.441	0.441	0.436	0.438	25
23.04.2025 00:00	0.439	0.439	0.432	0.432	35
24.04.2025 00:00	0.431	0.437	0.43	0.434	34
25.04.2025 00:00	0.433	0.444	0.433	0.439	34
28.04.2025 00:00	0.45	0.452	0.437	0.443	67
29.04.2025 00:00	0.448	0.448	0.435	0.435	53
30.04.2025 00:00	0.433	0.433	0.428	0.428	48
02.05.2025 00:00	0.428	0.428	0.404	0.406	93
05.05.2025 00:00	0.41600000000000004	0.41600000000000004	0.402	0.40900000000000003	20
06.05.2025 00:00	0.41500000000000004	0.41500000000000004	0.40900000000000003	0.41500000000000004	26
07.05.2025 00:00	0.41500000000000004	0.41500000000000004	0.41000000000000003	0.41000000000000003	23
08.05.2025 00:00	0.41200000000000003	0.418	0.41100000000000003	0.418	9
12.05.2025 00:00	0.455	0.455	0.43	0.43	23
13.05.2025 00:00	0.436	0.439	0.431	0.432	27
14.05.2025 00:00	0.432	0.432	0.431	0.431	8
15.05.2025 00:00	0.432	0.434	0.423	0.434	22
16.05.2025 00:00	0.429	0.429	0.41300000000000003	0.417	71
19.05.2025 00:00	0.417	0.42	0.402	0.41200000000000003	64
20.05.2025 00:00	0.41200000000000003	0.428	0.40800000000000003	0.40800000000000003	192
21.05.2025 00:00	0.405	0.40800000000000003	0.399	0.40800000000000003	70
22.05.2025 00:00	0.4	0.40700000000000003	0.399	0.403	13
