datetime	open	high	low	close	volume
15.03.2018 00:00	0.17	0.17	0.15	0.154	780
16.03.2018 00:00	0.156	0.17	0.156	0.168	220
20.03.2018 00:00	0.166	0.166	0.162	0.166	20
21.03.2018 00:00	0.162	0.162	0.16	0.16	20
23.03.2018 00:00	0.156	0.156	0.156	0.156	10
26.03.2018 00:00	0.16	0.168	0.16	0.162	20
27.03.2018 00:00	0.166	0.168	0.162	0.166	130
28.03.2018 00:00	0.168	0.168	0.166	0.166	120
29.03.2018 00:00	0.166	0.168	0.166	0.166	10
30.03.2018 00:00	0.166	0.168	0.166	0.168	270
04.04.2018 00:00	0.138	0.168	0.138	0.138	10
05.04.2018 00:00	0.168	0.168	0.14	0.16	190
06.04.2018 00:00	0.164	0.168	0.164	0.168	70
09.04.2018 00:00	0.168	0.168	0.168	0.168	10
10.04.2018 00:00	0.146	0.148	0.132	0.132	110
12.04.2018 00:00	0.148	0.15	0.14400000000000002	0.15	30
16.04.2018 00:00	0.14	0.14	0.14	0.14	10
17.04.2018 00:00	0.14	0.14	0.136	0.136	150
18.04.2018 00:00	0.132	0.14400000000000002	0.13	0.138	540
19.04.2018 00:00	0.138	0.14400000000000002	0.138	0.14400000000000002	70
20.04.2018 00:00	0.14400000000000002	0.14400000000000002	0.14400000000000002	0.14400000000000002	300
24.04.2018 00:00	0.134	0.152	0.134	0.14	20
25.04.2018 00:00	0.152	0.178	0.14400000000000002	0.14400000000000002	20
26.04.2018 00:00	0.138	0.20600000000000002	0.138	0.166	1240
27.04.2018 00:00	0.168	0.20600000000000002	0.166	0.202	2970
28.04.2018 00:00	0.192	0.192	0.188	0.188	800
04.05.2018 00:00	0.16	0.188	0.16	0.164	110
07.05.2018 00:00	0.186	0.186	0.17400000000000002	0.17400000000000002	20
10.05.2018 00:00	0.186	0.186	0.17	0.178	50
11.05.2018 00:00	0.17	0.17	0.17	0.17	50
14.05.2018 00:00	0.18	0.188	0.18	0.18	10
15.05.2018 00:00	0.178	0.196	0.178	0.184	140
16.05.2018 00:00	0.188	0.192	0.186	0.188	1270
17.05.2018 00:00	0.196	0.196	0.178	0.182	1430
18.05.2018 00:00	0.18	0.184	0.168	0.17	400
21.05.2018 00:00	0.166	0.17400000000000002	0.166	0.17400000000000002	30
22.05.2018 00:00	0.17400000000000002	0.17400000000000002	0.162	0.162	130
23.05.2018 00:00	0.16	0.17200000000000001	0.16	0.16	20
24.05.2018 00:00	0.17200000000000001	0.17200000000000001	0.17200000000000001	0.17200000000000001	10
07.06.2018 00:00	0.16	0.16	0.16	0.16	30
08.06.2018 00:00	0.16	0.16	0.14400000000000002	0.14400000000000002	120
19.06.2018 00:00	0.124	0.136	0.124	0.136	970
20.06.2018 00:00	0.122	0.122	0.122	0.122	10
21.06.2018 00:00	0.134	0.134	0.134	0.134	10
22.06.2018 00:00	0.136	0.136	0.136	0.136	10
26.06.2018 00:00	0.122	0.13	0.122	0.13	20
03.07.2018 00:00	0.152	0.152	0.136	0.136	20
05.07.2018 00:00	0.128	0.13	0.128	0.13	30
06.07.2018 00:00	0.13	0.13	0.13	0.13	10
13.07.2018 00:00	0.13	0.13	0.10400000000000001	0.10400000000000001	100
16.07.2018 00:00	0.148	0.156	0.132	0.14400000000000002	220
18.07.2018 00:00	0.138	0.162	0.122	0.162	270
19.07.2018 00:00	0.14	0.154	0.138	0.14	90
20.07.2018 00:00	0.138	0.138	0.136	0.136	100
23.07.2018 00:00	0.162	0.188	0.162	0.184	2140
24.07.2018 00:00	0.2	0.202	0.16	0.184	740
25.07.2018 00:00	0.162	0.198	0.162	0.188	300
26.07.2018 00:00	0.194	0.20800000000000002	0.188	0.2	3390
27.07.2018 00:00	0.20400000000000001	0.20600000000000002	0.20400000000000001	0.20600000000000002	30
30.07.2018 00:00	0.182	0.202	0.182	0.2	60
31.07.2018 00:00	0.188	0.234	0.188	0.20600000000000002	1040
01.08.2018 00:00	0.20800000000000002	0.28	0.202	0.276	1470
02.08.2018 00:00	0.276	0.354	0.276	0.28	680
03.08.2018 00:00	0.306	0.336	0.24	0.25	470
06.08.2018 00:00	0.258	0.326	0.248	0.256	2660
07.08.2018 00:00	0.23	0.264	0.23	0.264	60
08.08.2018 00:00	0.244	0.244	0.23800000000000002	0.244	80
09.08.2018 00:00	0.23800000000000002	0.23800000000000002	0.22	0.22	430
10.08.2018 00:00	0.23	0.23	0.23	0.23	10
13.08.2018 00:00	0.226	0.242	0.218	0.218	120
14.08.2018 00:00	0.23	0.23	0.23	0.23	10
17.08.2018 00:00	0.226	0.28200000000000003	0.226	0.26	350
20.08.2018 00:00	0.256	0.256	0.234	0.234	60
21.08.2018 00:00	0.23600000000000002	0.264	0.23600000000000002	0.258	100
22.08.2018 00:00	0.252	0.252	0.252	0.252	10
24.08.2018 00:00	0.226	0.226	0.218	0.218	20
27.08.2018 00:00	0.22	0.22	0.218	0.218	30
28.08.2018 00:00	0.224	0.224	0.224	0.224	10
29.08.2018 00:00	0.214	0.214	0.214	0.214	10
30.08.2018 00:00	0.20400000000000001	0.218	0.20400000000000001	0.212	80
03.09.2018 00:00	0.21	0.21	0.20800000000000002	0.21	50
06.09.2018 00:00	0.202	0.202	0.2	0.2	30
07.09.2018 00:00	0.218	0.23800000000000002	0.218	0.218	30
12.09.2018 00:00	0.2	0.214	0.2	0.214	30
13.09.2018 00:00	0.2	0.20800000000000002	0.2	0.20800000000000002	50
14.09.2018 00:00	0.17	0.20400000000000001	0.17	0.20400000000000001	100
17.09.2018 00:00	0.28200000000000003	0.28200000000000003	0.166	0.2	40
26.09.2018 00:00	0.23	0.23	0.2	0.20800000000000002	40
01.10.2018 00:00	0.202	0.202	0.202	0.202	10
03.10.2018 00:00	0.2	0.228	0.2	0.228	110
04.10.2018 00:00	0.228	0.228	0.228	0.228	10
09.10.2018 00:00	0.226	0.226	0.226	0.226	40
12.10.2018 00:00	0.2	0.218	0.2	0.218	20
16.10.2018 00:00	0.214	0.214	0.214	0.214	10
17.10.2018 00:00	0.2	0.214	0.2	0.20800000000000002	40
19.10.2018 00:00	0.2	0.258	0.17400000000000002	0.20400000000000001	330
24.10.2018 00:00	0.23800000000000002	0.23800000000000002	0.214	0.23	40
25.10.2018 00:00	0.23600000000000002	0.23600000000000002	0.234	0.23600000000000002	40
26.10.2018 00:00	0.23800000000000002	0.246	0.23800000000000002	0.246	40
29.10.2018 00:00	0.248	0.248	0.248	0.248	10
30.10.2018 00:00	0.23800000000000002	0.23800000000000002	0.23800000000000002	0.23800000000000002	10
31.10.2018 00:00	0.23800000000000002	0.23800000000000002	0.23	0.23	20
01.11.2018 00:00	0.248	0.248	0.248	0.248	10
02.11.2018 00:00	0.202	0.23	0.2	0.218	90
06.11.2018 00:00	0.20400000000000001	0.20400000000000001	0.20400000000000001	0.20400000000000001	10
07.11.2018 00:00	0.23600000000000002	0.23600000000000002	0.23600000000000002	0.23600000000000002	10
13.11.2018 00:00	0.20600000000000002	0.224	0.20400000000000001	0.224	70
14.11.2018 00:00	0.224	0.228	0.20600000000000002	0.20800000000000002	40
19.11.2018 00:00	0.246	0.266	0.234	0.266	150
20.11.2018 00:00	0.224	0.268	0.224	0.23800000000000002	340
21.11.2018 00:00	0.26	0.26	0.23800000000000002	0.26	150
22.11.2018 00:00	0.2	0.28400000000000003	0.2	0.232	530
23.11.2018 00:00	0.28	0.28	0.24	0.248	410
26.11.2018 00:00	0.252	0.252	0.252	0.252	10
29.11.2018 00:00	0.24	0.248	0.24	0.248	40
30.11.2018 00:00	0.268	0.268	0.268	0.268	10
04.12.2018 00:00	0.274	0.274	0.274	0.274	10
07.12.2018 00:00	0.226	0.272	0.226	0.23800000000000002	90
10.12.2018 00:00	0.268	0.296	0.268	0.27	360
13.12.2018 00:00	0.274	0.274	0.248	0.248	80
14.12.2018 00:00	0.252	0.252	0.2	0.248	160
18.12.2018 00:00	0.242	0.258	0.242	0.258	70
19.12.2018 00:00	0.252	0.252	0.234	0.23800000000000002	50
20.12.2018 00:00	0.234	0.234	0.234	0.234	10
21.12.2018 00:00	0.232	0.232	0.232	0.232	10
24.12.2018 00:00	0.258	0.258	0.248	0.248	20
26.12.2018 00:00	0.26	0.26	0.216	0.242	140
27.12.2018 00:00	0.244	0.244	0.234	0.234	40
28.12.2018 00:00	0.234	0.234	0.23	0.23	190
09.01.2019 00:00	0.244	0.244	0.244	0.244	10
15.01.2019 00:00	0.228	0.23800000000000002	0.224	0.23800000000000002	60
18.01.2019 00:00	0.234	0.23600000000000002	0.234	0.23600000000000002	20
22.01.2019 00:00	0.22	0.24	0.22	0.24	30
24.01.2019 00:00	0.224	0.332	0.224	0.314	3690
25.01.2019 00:00	0.322	0.376	0.246	0.25	3560
28.01.2019 00:00	0.24	0.24	0.232	0.232	770
29.01.2019 00:00	0.234	0.23600000000000002	0.23	0.23	190
30.01.2019 00:00	0.226	0.23	0.218	0.218	250
31.01.2019 00:00	0.23	0.246	0.23	0.232	530
01.02.2019 00:00	0.23	0.232	0.228	0.232	50
04.02.2019 00:00	0.234	0.234	0.234	0.234	10
05.02.2019 00:00	0.226	0.234	0.224	0.234	70
06.02.2019 00:00	0.23600000000000002	0.248	0.216	0.218	1970
07.02.2019 00:00	0.218	0.218	0.168	0.182	6030
08.02.2019 00:00	0.184	0.188	0.18	0.18	1120
11.02.2019 00:00	0.18	0.252	0.178	0.252	16990
12.02.2019 00:00	0.278	0.352	0.256	0.306	17710
13.02.2019 00:00	0.316	0.326	0.228	0.262	5120
14.02.2019 00:00	0.276	0.28200000000000003	0.20800000000000002	0.23	4550
15.02.2019 00:00	0.226	0.242	0.226	0.234	730
18.02.2019 00:00	0.23	0.252	0.23	0.234	2360
19.02.2019 00:00	0.23	0.234	0.226	0.23	210
20.02.2019 00:00	0.232	0.232	0.224	0.232	100
21.02.2019 00:00	0.232	0.234	0.23	0.232	320
22.02.2019 00:00	0.214	0.234	0.2	0.234	1220
25.02.2019 00:00	0.23800000000000002	0.23800000000000002	0.218	0.226	450
26.02.2019 00:00	0.228	0.25	0.22	0.25	1780
27.02.2019 00:00	0.232	0.252	0.226	0.232	670
28.02.2019 00:00	0.234	0.23600000000000002	0.228	0.228	80
01.03.2019 00:00	0.228	0.228	0.226	0.226	70
04.03.2019 00:00	0.224	0.314	0.224	0.306	5620
05.03.2019 00:00	0.336	0.428	0.264	0.264	9380
06.03.2019 00:00	0.27	0.292	0.248	0.264	1740
07.03.2019 00:00	0.27	0.27	0.248	0.262	540
11.03.2019 00:00	0.24	0.268	0.24	0.264	110
12.03.2019 00:00	0.274	0.274	0.258	0.262	420
13.03.2019 00:00	0.258	0.268	0.256	0.268	150
14.03.2019 00:00	0.278	0.278	0.262	0.268	280
15.03.2019 00:00	0.268	0.34600000000000003	0.262	0.272	9560
18.03.2019 00:00	0.268	0.28	0.264	0.274	790
19.03.2019 00:00	0.268	0.274	0.264	0.27	500
20.03.2019 00:00	0.27	0.336	0.27	0.298	6910
21.03.2019 00:00	0.28	0.296	0.272	0.28400000000000003	1170
22.03.2019 00:00	0.28600000000000003	0.298	0.28400000000000003	0.29	1010
25.03.2019 00:00	0.304	0.33	0.274	0.278	3080
26.03.2019 00:00	0.29	0.296	0.272	0.28600000000000003	4360
27.03.2019 00:00	0.294	0.34800000000000003	0.274	0.28	8610
28.03.2019 00:00	0.28200000000000003	0.28200000000000003	0.268	0.272	1060
29.03.2019 00:00	0.27	0.274	0.26	0.274	740
01.04.2019 00:00	0.274	0.276	0.27	0.272	310
02.04.2019 00:00	0.272	0.276	0.27	0.27	300
03.04.2019 00:00	0.266	0.268	0.262	0.268	210
04.04.2019 00:00	0.264	0.276	0.26	0.276	160
05.04.2019 00:00	0.274	0.274	0.264	0.27	1140
08.04.2019 00:00	0.274	0.274	0.262	0.264	270
09.04.2019 00:00	0.266	0.272	0.264	0.264	30
10.04.2019 00:00	0.27	0.272	0.266	0.268	130
11.04.2019 00:00	0.262	0.264	0.26	0.264	50
12.04.2019 00:00	0.268	0.27	0.268	0.27	30
15.04.2019 00:00	0.28600000000000003	0.28600000000000003	0.26	0.264	70
16.04.2019 00:00	0.27	0.27	0.24	0.256	290
17.04.2019 00:00	0.26	0.272	0.244	0.256	1890
18.04.2019 00:00	0.25	0.258	0.248	0.258	70
19.04.2019 00:00	0.26	0.26	0.25	0.25	20
22.04.2019 00:00	0.25	0.256	0.242	0.25	500
23.04.2019 00:00	0.25	0.25	0.25	0.25	30
24.04.2019 00:00	0.246	0.25	0.244	0.244	190
25.04.2019 00:00	0.246	0.25	0.246	0.246	120
26.04.2019 00:00	0.244	0.25	0.244	0.25	20
29.04.2019 00:00	0.23800000000000002	0.25	0.23800000000000002	0.248	150
30.04.2019 00:00	0.248	0.248	0.248	0.248	20
02.05.2019 00:00	0.246	0.246	0.246	0.246	50
03.05.2019 00:00	0.242	0.242	0.23800000000000002	0.23800000000000002	160
06.05.2019 00:00	0.248	0.276	0.23800000000000002	0.246	1660
07.05.2019 00:00	0.244	0.244	0.242	0.244	50
08.05.2019 00:00	0.246	0.248	0.246	0.248	30
10.05.2019 00:00	0.246	0.248	0.242	0.242	70
13.05.2019 00:00	0.23800000000000002	0.24	0.23800000000000002	0.23800000000000002	120
14.05.2019 00:00	0.24	0.24	0.232	0.232	230
15.05.2019 00:00	0.244	0.244	0.234	0.234	350
16.05.2019 00:00	0.23800000000000002	0.24	0.234	0.23800000000000002	220
17.05.2019 00:00	0.23800000000000002	0.23800000000000002	0.23800000000000002	0.23800000000000002	10
20.05.2019 00:00	0.228	0.23600000000000002	0.228	0.232	290
21.05.2019 00:00	0.234	0.234	0.234	0.234	10
22.05.2019 00:00	0.23800000000000002	0.23800000000000002	0.23	0.23800000000000002	60
23.05.2019 00:00	0.234	0.234	0.23	0.23	110
24.05.2019 00:00	0.23	0.23	0.226	0.226	350
27.05.2019 00:00	0.228	0.228	0.228	0.228	10
28.05.2019 00:00	0.234	0.23800000000000002	0.234	0.234	50
29.05.2019 00:00	0.228	0.23600000000000002	0.228	0.23600000000000002	110
31.05.2019 00:00	0.24	0.246	0.234	0.242	390
04.06.2019 00:00	0.23600000000000002	0.23600000000000002	0.23600000000000002	0.23600000000000002	40
05.06.2019 00:00	0.23800000000000002	0.23800000000000002	0.23	0.234	290
06.06.2019 00:00	0.23	0.23	0.226	0.228	170
07.06.2019 00:00	0.23	0.232	0.228	0.232	140
10.06.2019 00:00	0.22	0.23	0.22	0.226	360
11.06.2019 00:00	0.228	0.228	0.228	0.228	30
13.06.2019 00:00	0.23	0.23	0.23	0.23	60
14.06.2019 00:00	0.23	0.23	0.23	0.23	20
17.06.2019 00:00	0.224	0.25	0.224	0.244	900
18.06.2019 00:00	0.242	0.242	0.242	0.242	100
19.06.2019 00:00	0.226	0.242	0.226	0.23800000000000002	200
20.06.2019 00:00	0.242	0.242	0.23800000000000002	0.23800000000000002	170
21.06.2019 00:00	0.23800000000000002	0.23800000000000002	0.23800000000000002	0.23800000000000002	10
25.06.2019 00:00	0.23800000000000002	0.23800000000000002	0.23800000000000002	0.23800000000000002	10
26.06.2019 00:00	0.224	0.234	0.224	0.234	1240
27.06.2019 00:00	0.234	0.234	0.232	0.232	50
28.06.2019 00:00	0.232	0.232	0.232	0.232	20
01.07.2019 00:00	0.228	0.246	0.22	0.246	1040
02.07.2019 00:00	0.242	0.274	0.242	0.246	3880
03.07.2019 00:00	0.246	0.27	0.216	0.242	26580
04.07.2019 00:00	0.23800000000000002	0.244	0.23800000000000002	0.244	30
05.07.2019 00:00	0.23800000000000002	0.23800000000000002	0.228	0.234	870
08.07.2019 00:00	0.23600000000000002	0.244	0.23600000000000002	0.24	200
09.07.2019 00:00	0.234	0.23800000000000002	0.232	0.234	410
10.07.2019 00:00	0.234	0.244	0.234	0.234	420
11.07.2019 00:00	0.23800000000000002	0.246	0.232	0.23800000000000002	280
12.07.2019 00:00	0.24	0.24	0.23600000000000002	0.23600000000000002	160
15.07.2019 00:00	0.23800000000000002	0.24	0.23600000000000002	0.23600000000000002	70
16.07.2019 00:00	0.23800000000000002	0.24	0.216	0.234	470
17.07.2019 00:00	0.23600000000000002	0.23600000000000002	0.23600000000000002	0.23600000000000002	30
19.07.2019 00:00	0.232	0.234	0.232	0.232	70
22.07.2019 00:00	0.23600000000000002	0.242	0.232	0.23800000000000002	300
23.07.2019 00:00	0.23800000000000002	0.23800000000000002	0.234	0.23800000000000002	70
24.07.2019 00:00	0.234	0.234	0.234	0.234	10
25.07.2019 00:00	0.228	0.23800000000000002	0.228	0.23800000000000002	50
30.07.2019 00:00	0.234	0.23600000000000002	0.234	0.23600000000000002	640
31.07.2019 00:00	0.23800000000000002	0.23800000000000002	0.23800000000000002	0.23800000000000002	20
01.08.2019 00:00	0.242	0.248	0.232	0.23800000000000002	940
02.08.2019 00:00	0.23800000000000002	0.244	0.23800000000000002	0.244	60
05.08.2019 00:00	0.242	0.242	0.242	0.242	10
06.08.2019 00:00	0.244	0.244	0.244	0.244	180
07.08.2019 00:00	0.244	0.244	0.244	0.244	120
09.08.2019 00:00	0.244	0.244	0.244	0.244	460
12.08.2019 00:00	0.246	0.246	0.244	0.244	60
13.08.2019 00:00	0.252	0.26	0.246	0.246	140
14.08.2019 00:00	0.246	0.246	0.246	0.246	50
15.08.2019 00:00	0.244	0.246	0.242	0.246	230
16.08.2019 00:00	0.244	0.244	0.244	0.244	10
20.08.2019 00:00	0.248	0.258	0.248	0.248	40
21.08.2019 00:00	0.256	0.256	0.25	0.25	60
22.08.2019 00:00	0.256	0.258	0.252	0.258	350
23.08.2019 00:00	0.256	0.256	0.256	0.256	40
26.08.2019 00:00	0.25	0.264	0.25	0.252	40
27.08.2019 00:00	0.26	0.268	0.26	0.266	330
28.08.2019 00:00	0.26	0.26	0.25	0.25	1460
29.08.2019 00:00	0.256	0.256	0.248	0.25	1270
30.08.2019 00:00	0.248	0.248	0.248	0.248	20
02.09.2019 00:00	0.26	0.266	0.252	0.262	90
04.09.2019 00:00	0.264	0.264	0.264	0.264	10
06.09.2019 00:00	0.25	0.25	0.25	0.25	10
09.09.2019 00:00	0.25	0.266	0.248	0.25	1800
10.09.2019 00:00	0.252	0.26	0.252	0.26	70
12.09.2019 00:00	0.256	0.26	0.256	0.26	100
16.09.2019 00:00	0.266	0.266	0.26	0.26	460
17.09.2019 00:00	0.264	0.264	0.258	0.26	270
18.09.2019 00:00	0.25	0.26	0.23800000000000002	0.248	1160
19.09.2019 00:00	0.248	0.256	0.248	0.256	40
20.09.2019 00:00	0.248	0.256	0.244	0.25	60
24.09.2019 00:00	0.256	0.26	0.256	0.26	20
25.09.2019 00:00	0.26	0.26	0.26	0.26	10
26.09.2019 00:00	0.252	0.256	0.252	0.256	60
27.09.2019 00:00	0.246	0.252	0.246	0.25	30
30.09.2019 00:00	0.252	0.26	0.252	0.252	110
02.10.2019 00:00	0.256	0.256	0.242	0.252	340
03.10.2019 00:00	0.25	0.25	0.246	0.248	180
04.10.2019 00:00	0.25	0.252	0.25	0.25	50
07.10.2019 00:00	0.25	0.25	0.25	0.25	80
10.10.2019 00:00	0.258	0.28	0.25	0.25	1370
11.10.2019 00:00	0.248	0.26	0.246	0.25	710
14.10.2019 00:00	0.252	0.262	0.25	0.26	250
15.10.2019 00:00	0.26	0.28	0.252	0.264	1750
16.10.2019 00:00	0.28	0.36	0.268	0.304	19400
17.10.2019 00:00	0.316	0.33	0.278	0.326	4200
18.10.2019 00:00	0.308	0.352	0.308	0.336	1020
21.10.2019 00:00	0.336	0.374	0.308	0.332	2200
22.10.2019 00:00	0.36	0.364	0.312	0.326	1050
23.10.2019 00:00	0.32	0.34400000000000003	0.29	0.302	3180
24.10.2019 00:00	0.292	0.298	0.292	0.292	480
25.10.2019 00:00	0.28400000000000003	0.358	0.276	0.312	3020
28.10.2019 00:00	0.304	0.308	0.298	0.298	1650
29.10.2019 00:00	0.298	0.326	0.298	0.3	410
30.10.2019 00:00	0.304	0.304	0.29	0.29	110
31.10.2019 00:00	0.28800000000000003	0.294	0.28600000000000003	0.28800000000000003	110
01.11.2019 00:00	0.28800000000000003	0.28800000000000003	0.28	0.28600000000000003	110
05.11.2019 00:00	0.292	0.292	0.28400000000000003	0.28600000000000003	190
06.11.2019 00:00	0.29	0.29	0.28	0.28800000000000003	340
07.11.2019 00:00	0.28	0.332	0.28	0.29	1840
08.11.2019 00:00	0.28	0.29	0.28	0.29	390
11.11.2019 00:00	0.27	0.292	0.27	0.28400000000000003	180
12.11.2019 00:00	0.28200000000000003	0.28400000000000003	0.28	0.28200000000000003	330
13.11.2019 00:00	0.29	0.384	0.28600000000000003	0.37	4070
14.11.2019 00:00	0.396	0.396	0.312	0.32	1470
15.11.2019 00:00	0.326	0.326	0.314	0.32	110
18.11.2019 00:00	0.302	0.306	0.294	0.296	880
19.11.2019 00:00	0.304	0.304	0.294	0.294	60
20.11.2019 00:00	0.28800000000000003	0.304	0.28800000000000003	0.304	60
21.11.2019 00:00	0.3	0.304	0.298	0.3	40
22.11.2019 00:00	0.292	0.302	0.292	0.302	50
25.11.2019 00:00	0.29	0.328	0.29	0.308	40
26.11.2019 00:00	0.29	0.304	0.29	0.29	100
28.11.2019 00:00	0.28600000000000003	0.296	0.28	0.296	110
29.11.2019 00:00	0.296	0.296	0.28	0.28800000000000003	180
02.12.2019 00:00	0.28	0.298	0.28	0.28600000000000003	170
03.12.2019 00:00	0.312	0.316	0.28800000000000003	0.298	3960
04.12.2019 00:00	0.29	0.296	0.278	0.28600000000000003	1870
05.12.2019 00:00	0.28	0.28	0.28	0.28	250
06.12.2019 00:00	0.28	0.28	0.28	0.28	20
10.12.2019 00:00	0.272	0.28	0.27	0.28	430
11.12.2019 00:00	0.274	0.274	0.274	0.274	10
12.12.2019 00:00	0.28	0.28	0.276	0.276	30
13.12.2019 00:00	0.28400000000000003	0.28800000000000003	0.28200000000000003	0.28200000000000003	160
16.12.2019 00:00	0.28200000000000003	0.28200000000000003	0.268	0.27	780
17.12.2019 00:00	0.28	0.28	0.278	0.278	330
18.12.2019 00:00	0.28200000000000003	0.28200000000000003	0.272	0.276	180
19.12.2019 00:00	0.274	0.28	0.274	0.278	350
20.12.2019 00:00	0.28200000000000003	0.28600000000000003	0.276	0.28	310
23.12.2019 00:00	0.28	0.28	0.28	0.28	370
24.12.2019 00:00	0.278	0.28	0.278	0.28	120
25.12.2019 00:00	0.274	0.278	0.274	0.278	210
26.12.2019 00:00	0.28	0.28	0.28	0.28	10
27.12.2019 00:00	0.272	0.278	0.272	0.278	40
30.12.2019 00:00	0.272	0.274	0.272	0.274	120
03.01.2020 00:00	0.274	0.274	0.274	0.274	20
08.01.2020 00:00	0.272	0.278	0.272	0.274	90
09.01.2020 00:00	0.28	0.28	0.184	0.27	2330
10.01.2020 00:00	0.274	0.276	0.27	0.272	320
13.01.2020 00:00	0.274	0.274	0.274	0.274	110
14.01.2020 00:00	0.272	0.28	0.272	0.272	590
15.01.2020 00:00	0.274	0.28	0.27	0.278	150
16.01.2020 00:00	0.278	0.278	0.278	0.278	50
17.01.2020 00:00	0.28	0.28800000000000003	0.278	0.28600000000000003	340
21.01.2020 00:00	0.28600000000000003	0.28600000000000003	0.28400000000000003	0.28400000000000003	110
22.01.2020 00:00	0.28400000000000003	0.296	0.276	0.292	670
23.01.2020 00:00	0.28800000000000003	0.28800000000000003	0.28200000000000003	0.28400000000000003	130
24.01.2020 00:00	0.28	0.292	0.28	0.28	140
27.01.2020 00:00	0.28	0.308	0.278	0.28600000000000003	4620
28.01.2020 00:00	0.28400000000000003	0.28800000000000003	0.28400000000000003	0.28800000000000003	620
29.01.2020 00:00	0.29	0.292	0.28800000000000003	0.28800000000000003	60
30.01.2020 00:00	0.29	0.29	0.28800000000000003	0.28800000000000003	150
31.01.2020 00:00	0.294	0.314	0.292	0.296	1090
03.02.2020 00:00	0.296	0.296	0.28800000000000003	0.29	270
04.02.2020 00:00	0.29	0.296	0.28800000000000003	0.28800000000000003	210
06.02.2020 00:00	0.28800000000000003	0.294	0.28800000000000003	0.292	150
07.02.2020 00:00	0.29	0.29	0.29	0.29	20
10.02.2020 00:00	0.28800000000000003	0.28800000000000003	0.28800000000000003	0.28800000000000003	30
11.02.2020 00:00	0.28800000000000003	0.352	0.28800000000000003	0.324	24060
12.02.2020 00:00	0.314	0.418	0.3	0.4	4130
13.02.2020 00:00	0.394	0.394	0.334	0.338	5540
14.02.2020 00:00	0.334	0.34800000000000003	0.326	0.34800000000000003	610
17.02.2020 00:00	0.342	0.34600000000000003	0.342	0.34400000000000003	230
18.02.2020 00:00	0.356	0.356	0.342	0.352	90
19.02.2020 00:00	0.354	0.354	0.334	0.34400000000000003	270
20.02.2020 00:00	0.356	0.356	0.338	0.342	100
21.02.2020 00:00	0.334	0.354	0.334	0.34	710
25.02.2020 00:00	0.334	0.406	0.328	0.338	9810
26.02.2020 00:00	0.338	0.34600000000000003	0.304	0.322	2580
27.02.2020 00:00	0.328	0.332	0.31	0.312	190
28.02.2020 00:00	0.28800000000000003	0.308	0.276	0.28800000000000003	1550
02.03.2020 00:00	0.29	0.34800000000000003	0.274	0.322	3090
03.03.2020 00:00	0.326	0.45	0.326	0.374	10970
04.03.2020 00:00	0.362	0.368	0.294	0.312	16270
05.03.2020 00:00	0.316	0.336	0.312	0.314	4940
06.03.2020 00:00	0.31	0.314	0.28400000000000003	0.304	2180
10.03.2020 00:00	0.276	0.3	0.27	0.28800000000000003	3170
11.03.2020 00:00	0.28	0.28800000000000003	0.278	0.28	920
12.03.2020 00:00	0.26	0.27	0.248	0.248	610
13.03.2020 00:00	0.248	0.262	0.244	0.248	750
16.03.2020 00:00	0.24	0.248	0.23600000000000002	0.23800000000000002	470
17.03.2020 00:00	0.202	0.23800000000000002	0.2	0.234	370
18.03.2020 00:00	0.24	0.24	0.226	0.226	1170
19.03.2020 00:00	0.23	0.23800000000000002	0.23	0.23800000000000002	240
20.03.2020 00:00	0.266	0.266	0.248	0.248	320
23.03.2020 00:00	0.252	0.27	0.23800000000000002	0.26	1010
24.03.2020 00:00	0.262	0.268	0.26	0.266	150
25.03.2020 00:00	0.27	0.278	0.26	0.26	870
26.03.2020 00:00	0.26	0.266	0.258	0.264	150
27.03.2020 00:00	0.264	0.28200000000000003	0.248	0.25	2240
31.03.2020 00:00	0.266	0.266	0.248	0.248	1460
01.04.2020 00:00	0.252	0.26	0.252	0.26	100
02.04.2020 00:00	0.252	0.272	0.252	0.262	550
03.04.2020 00:00	0.258	0.27	0.258	0.262	270
06.04.2020 00:00	0.27	0.274	0.266	0.266	310
07.04.2020 00:00	0.274	0.28	0.264	0.27	1590
08.04.2020 00:00	0.264	0.298	0.262	0.28600000000000003	1750
09.04.2020 00:00	0.296	0.306	0.28200000000000003	0.28600000000000003	1980
10.04.2020 00:00	0.28	0.28600000000000003	0.272	0.278	1120
13.04.2020 00:00	0.276	0.28	0.274	0.28	210
14.04.2020 00:00	0.28400000000000003	0.28800000000000003	0.276	0.28400000000000003	1290
15.04.2020 00:00	0.29	0.29	0.268	0.272	710
16.04.2020 00:00	0.272	0.274	0.264	0.27	200
17.04.2020 00:00	0.26	0.272	0.26	0.268	190
20.04.2020 00:00	0.262	0.27	0.26	0.268	190
21.04.2020 00:00	0.262	0.264	0.262	0.264	160
22.04.2020 00:00	0.266	0.268	0.264	0.264	130
23.04.2020 00:00	0.264	0.29	0.264	0.28	1220
27.04.2020 00:00	0.28	0.28	0.276	0.276	20
28.04.2020 00:00	0.28600000000000003	0.28600000000000003	0.272	0.28	130
29.04.2020 00:00	0.272	0.276	0.27	0.276	1090
30.04.2020 00:00	0.266	0.28	0.266	0.274	640
04.05.2020 00:00	0.28	0.354	0.28	0.306	25460
05.05.2020 00:00	0.304	0.304	0.28200000000000003	0.294	4230
06.05.2020 00:00	0.304	0.304	0.28	0.28	1680
07.05.2020 00:00	0.28800000000000003	0.28800000000000003	0.28	0.28200000000000003	440
08.05.2020 00:00	0.292	0.298	0.28	0.296	2090
12.05.2020 00:00	0.298	0.298	0.28	0.28800000000000003	1010
13.05.2020 00:00	0.28200000000000003	0.28800000000000003	0.28	0.28	3040
14.05.2020 00:00	0.28200000000000003	0.28400000000000003	0.28	0.28200000000000003	230
15.05.2020 00:00	0.28	0.28600000000000003	0.28	0.28200000000000003	860
18.05.2020 00:00	0.274	0.28200000000000003	0.274	0.28200000000000003	660
19.05.2020 00:00	0.274	0.292	0.274	0.29	310
20.05.2020 00:00	0.28	0.3	0.28	0.294	1140
21.05.2020 00:00	0.302	0.316	0.29	0.302	370
22.05.2020 00:00	0.28600000000000003	0.308	0.28600000000000003	0.302	190
25.05.2020 00:00	0.298	0.314	0.294	0.3	660
26.05.2020 00:00	0.298	0.334	0.294	0.322	2530
27.05.2020 00:00	0.338	0.40800000000000003	0.324	0.34800000000000003	40060
28.05.2020 00:00	0.342	0.486	0.322	0.486	38960
29.05.2020 00:00	0.47800000000000004	0.504	0.386	0.388	20810
01.06.2020 00:00	0.392	0.406	0.358	0.364	5000
02.06.2020 00:00	0.362	0.366	0.342	0.358	2600
03.06.2020 00:00	0.364	0.384	0.34400000000000003	0.35000000000000003	3480
04.06.2020 00:00	0.34600000000000003	0.35000000000000003	0.338	0.34	1130
05.06.2020 00:00	0.342	0.342	0.33	0.332	1090
08.06.2020 00:00	0.322	0.336	0.32	0.328	1080
09.06.2020 00:00	0.33	0.438	0.326	0.40800000000000003	22540
10.06.2020 00:00	0.424	0.488	0.372	0.436	20790
11.06.2020 00:00	0.456	0.46	0.41200000000000003	0.41200000000000003	1020
15.06.2020 00:00	0.424	0.508	0.404	0.454	3080
16.06.2020 00:00	0.47000000000000003	0.62	0.45	0.588	11200
17.06.2020 00:00	0.588	0.712	0.512	0.536	26670
18.06.2020 00:00	0.514	0.55	0.494	0.496	2470
19.06.2020 00:00	0.498	0.528	0.484	0.494	1180
22.06.2020 00:00	0.488	0.492	0.47400000000000003	0.47600000000000003	560
23.06.2020 00:00	0.47800000000000004	0.492	0.47000000000000003	0.47600000000000003	380
25.06.2020 00:00	0.468	0.468	0.466	0.468	290
26.06.2020 00:00	0.464	0.47000000000000003	0.452	0.466	390
29.06.2020 00:00	0.468	0.468	0.42	0.428	480
30.06.2020 00:00	0.428	0.428	0.40800000000000003	0.418	390
02.07.2020 00:00	0.41600000000000004	0.47200000000000003	0.41600000000000004	0.45	550
03.07.2020 00:00	0.444	0.46	0.438	0.454	220
06.07.2020 00:00	0.444	0.462	0.444	0.458	210
07.07.2020 00:00	0.496	0.498	0.458	0.46	820
08.07.2020 00:00	0.456	0.464	0.422	0.438	650
09.07.2020 00:00	0.444	0.444	0.428	0.44	380
10.07.2020 00:00	0.448	0.448	0.436	0.436	150
13.07.2020 00:00	0.448	0.448	0.436	0.436	150
14.07.2020 00:00	0.436	0.436	0.426	0.428	190
15.07.2020 00:00	0.428	0.43	0.42	0.42	160
16.07.2020 00:00	0.452	0.468	0.438	0.456	1130
17.07.2020 00:00	0.456	0.466	0.40800000000000003	0.448	390
20.07.2020 00:00	0.444	0.448	0.428	0.442	100
21.07.2020 00:00	0.458	0.47600000000000003	0.426	0.43	1020
22.07.2020 00:00	0.428	0.428	0.428	0.428	80
23.07.2020 00:00	0.438	0.438	0.428	0.428	400
24.07.2020 00:00	0.42	0.438	0.42	0.426	100
27.07.2020 00:00	0.42	0.426	0.42	0.42	470
28.07.2020 00:00	0.428	0.428	0.42	0.42	240
29.07.2020 00:00	0.42	0.438	0.42	0.434	110
30.07.2020 00:00	0.42	0.44	0.42	0.432	280
31.07.2020 00:00	0.44	0.47600000000000003	0.43	0.432	6910
03.08.2020 00:00	0.432	0.468	0.432	0.444	330
04.08.2020 00:00	0.438	0.47400000000000003	0.434	0.438	1830
05.08.2020 00:00	0.438	0.468	0.438	0.45	1320
06.08.2020 00:00	0.466	0.468	0.442	0.456	600
07.08.2020 00:00	0.468	0.484	0.422	0.466	3420
10.08.2020 00:00	0.47600000000000003	0.486	0.458	0.468	580
11.08.2020 00:00	0.47800000000000004	0.484	0.47000000000000003	0.47800000000000004	460
12.08.2020 00:00	0.47800000000000004	0.47800000000000004	0.462	0.47200000000000003	210
13.08.2020 00:00	0.47800000000000004	0.47800000000000004	0.454	0.458	570
14.08.2020 00:00	0.464	0.466	0.454	0.46	290
17.08.2020 00:00	0.458	0.464	0.44	0.444	1060
18.08.2020 00:00	0.448	0.52	0.448	0.48	4820
19.08.2020 00:00	0.484	0.484	0.456	0.468	570
20.08.2020 00:00	0.468	0.47000000000000003	0.46	0.47000000000000003	190
21.08.2020 00:00	0.47200000000000003	0.486	0.468	0.468	200
24.08.2020 00:00	0.466	0.466	0.456	0.462	230
25.08.2020 00:00	0.464	0.464	0.438	0.442	350
26.08.2020 00:00	0.448	0.448	0.434	0.444	270
27.08.2020 00:00	0.436	0.438	0.43	0.432	220
28.08.2020 00:00	0.432	0.432	0.424	0.428	280
31.08.2020 00:00	0.436	0.442	0.432	0.438	160
01.09.2020 00:00	0.434	0.434	0.426	0.432	80
02.09.2020 00:00	0.432	0.434	0.426	0.428	110
03.09.2020 00:00	0.426	0.426	0.40800000000000003	0.41000000000000003	1840
04.09.2020 00:00	0.41000000000000003	0.41000000000000003	0.378	0.39	1230
07.09.2020 00:00	0.388	0.406	0.388	0.396	380
08.09.2020 00:00	0.4	0.41600000000000004	0.398	0.40800000000000003	380
09.09.2020 00:00	0.40800000000000003	0.418	0.40800000000000003	0.418	240
10.09.2020 00:00	0.41200000000000003	0.41400000000000003	0.40800000000000003	0.41000000000000003	120
14.09.2020 00:00	0.406	0.406	0.406	0.406	30
15.09.2020 00:00	0.406	0.40800000000000003	0.406	0.406	170
17.09.2020 00:00	0.406	0.40800000000000003	0.406	0.406	50
18.09.2020 00:00	0.402	0.406	0.398	0.4	360
21.09.2020 00:00	0.404	0.404	0.396	0.398	170
22.09.2020 00:00	0.4	0.41000000000000003	0.4	0.406	90
23.09.2020 00:00	0.402	0.402	0.396	0.398	80
24.09.2020 00:00	0.394	0.396	0.392	0.392	80
25.09.2020 00:00	0.39	0.39	0.388	0.388	50
28.09.2020 00:00	0.384	0.394	0.384	0.388	60
29.09.2020 00:00	0.384	0.384	0.378	0.378	180
30.09.2020 00:00	0.384	0.384	0.372	0.374	180
01.10.2020 00:00	0.378	0.454	0.378	0.40800000000000003	5950
02.10.2020 00:00	0.41600000000000004	0.418	0.4	0.406	650
05.10.2020 00:00	0.402	0.41600000000000004	0.398	0.402	270
06.10.2020 00:00	0.40800000000000003	0.41400000000000003	0.406	0.406	120
07.10.2020 00:00	0.406	0.406	0.404	0.404	190
08.10.2020 00:00	0.40800000000000003	0.40800000000000003	0.40800000000000003	0.40800000000000003	10
09.10.2020 00:00	0.41000000000000003	0.41600000000000004	0.398	0.4	130
12.10.2020 00:00	0.4	0.402	0.4	0.4	190
15.10.2020 00:00	0.396	0.396	0.39	0.392	40
16.10.2020 00:00	0.396	0.424	0.392	0.396	320
19.10.2020 00:00	0.404	0.404	0.402	0.402	20
20.10.2020 00:00	0.404	0.406	0.392	0.392	80
22.10.2020 00:00	0.392	0.392	0.39	0.39	40
23.10.2020 00:00	0.398	0.398	0.398	0.398	10
26.10.2020 00:00	0.386	0.392	0.342	0.384	580
27.10.2020 00:00	0.39	0.39	0.39	0.39	20
28.10.2020 00:00	0.376	0.376	0.376	0.376	10
29.10.2020 00:00	0.376	0.376	0.376	0.376	10
30.10.2020 00:00	0.372	0.372	0.372	0.372	20
02.11.2020 00:00	0.378	0.422	0.378	0.39	1110
03.11.2020 00:00	0.386	0.386	0.372	0.38	240
05.11.2020 00:00	0.386	0.386	0.384	0.384	90
06.11.2020 00:00	0.394	0.45	0.39	0.402	3930
09.11.2020 00:00	0.402	0.406	0.39	0.404	350
10.11.2020 00:00	0.396	0.404	0.394	0.404	180
11.11.2020 00:00	0.404	0.404	0.4	0.4	70
12.11.2020 00:00	0.4	0.4	0.4	0.4	170
13.11.2020 00:00	0.406	0.40800000000000003	0.4	0.4	140
16.11.2020 00:00	0.406	0.41000000000000003	0.406	0.406	70
17.11.2020 00:00	0.402	0.402	0.394	0.398	110
18.11.2020 00:00	0.396	0.398	0.39	0.39	180
19.11.2020 00:00	0.394	0.396	0.394	0.396	30
20.11.2020 00:00	0.4	0.4	0.394	0.394	20
23.11.2020 00:00	0.396	0.406	0.394	0.402	880
24.11.2020 00:00	0.402	0.406	0.402	0.404	80
25.11.2020 00:00	0.396	0.4	0.396	0.4	80
27.11.2020 00:00	0.396	0.402	0.39	0.396	220
30.11.2020 00:00	0.4	0.41400000000000003	0.4	0.406	400
01.12.2020 00:00	0.406	0.406	0.402	0.404	150
02.12.2020 00:00	0.4	0.4	0.396	0.396	110
03.12.2020 00:00	0.396	0.398	0.396	0.398	70
04.12.2020 00:00	0.396	0.396	0.394	0.396	30
07.12.2020 00:00	0.398	0.398	0.394	0.396	170
08.12.2020 00:00	0.396	0.396	0.396	0.396	80
09.12.2020 00:00	0.398	0.398	0.396	0.396	70
10.12.2020 00:00	0.396	0.396	0.396	0.396	10
11.12.2020 00:00	0.396	0.396	0.396	0.396	50
14.12.2020 00:00	0.394	0.394	0.386	0.388	320
15.12.2020 00:00	0.396	0.406	0.394	0.396	310
16.12.2020 00:00	0.396	0.396	0.394	0.394	30
17.12.2020 00:00	0.394	0.394	0.394	0.394	50
18.12.2020 00:00	0.386	0.396	0.386	0.392	270
22.12.2020 00:00	0.378	0.392	0.378	0.392	80
23.12.2020 00:00	0.386	0.394	0.378	0.38	230
24.12.2020 00:00	0.378	0.378	0.376	0.376	50
25.12.2020 00:00	0.38	0.406	0.38	0.4	310
28.12.2020 00:00	0.4	0.4	0.394	0.394	50
29.12.2020 00:00	0.386	0.39	0.386	0.388	20
30.12.2020 00:00	0.388	0.39	0.38	0.39	270
04.01.2021 00:00	0.39	0.392	0.37	0.376	130
05.01.2021 00:00	0.39	0.39	0.39	0.39	10
06.01.2021 00:00	0.39	0.39	0.39	0.39	20
08.01.2021 00:00	0.388	0.392	0.384	0.388	410
11.01.2021 00:00	0.38	0.398	0.38	0.394	340
12.01.2021 00:00	0.398	0.398	0.386	0.394	250
13.01.2021 00:00	0.398	0.398	0.392	0.396	250
14.01.2021 00:00	0.38	0.398	0.38	0.398	110
15.01.2021 00:00	0.388	0.404	0.388	0.402	270
18.01.2021 00:00	0.398	0.402	0.394	0.4	400
19.01.2021 00:00	0.4	0.4	0.396	0.396	60
20.01.2021 00:00	0.4	0.40800000000000003	0.396	0.396	220
21.01.2021 00:00	0.398	0.426	0.39	0.392	790
22.01.2021 00:00	0.40800000000000003	0.40800000000000003	0.384	0.402	700
25.01.2021 00:00	0.392	0.406	0.392	0.4	270
26.01.2021 00:00	0.406	0.418	0.4	0.406	360
27.01.2021 00:00	0.40800000000000003	0.40800000000000003	0.396	0.396	330
28.01.2021 00:00	0.396	0.4	0.394	0.394	200
29.01.2021 00:00	0.402	0.432	0.398	0.4	3210
01.02.2021 00:00	0.426	0.426	0.402	0.406	860
02.02.2021 00:00	0.406	0.41000000000000003	0.404	0.41000000000000003	280
03.02.2021 00:00	0.41000000000000003	0.42	0.396	0.41200000000000003	1440
04.02.2021 00:00	0.41400000000000003	0.41400000000000003	0.406	0.406	350
05.02.2021 00:00	0.406	0.40800000000000003	0.406	0.406	120
08.02.2021 00:00	0.42	0.42	0.402	0.406	410
09.02.2021 00:00	0.41200000000000003	0.41200000000000003	0.406	0.406	90
10.02.2021 00:00	0.42	0.426	0.406	0.41000000000000003	820
11.02.2021 00:00	0.426	0.426	0.41200000000000003	0.418	480
12.02.2021 00:00	0.41200000000000003	0.41200000000000003	0.406	0.41200000000000003	110
15.02.2021 00:00	0.422	0.422	0.41600000000000004	0.41600000000000004	150
16.02.2021 00:00	0.41600000000000004	0.41600000000000004	0.41200000000000003	0.41200000000000003	30
17.02.2021 00:00	0.406	0.41200000000000003	0.406	0.40800000000000003	230
18.02.2021 00:00	0.406	0.418	0.406	0.40800000000000003	200
19.02.2021 00:00	0.406	0.41200000000000003	0.406	0.41000000000000003	220
20.02.2021 00:00	0.41000000000000003	0.41400000000000003	0.406	0.41200000000000003	310
22.02.2021 00:00	0.40800000000000003	0.436	0.40800000000000003	0.41200000000000003	1300
24.02.2021 00:00	0.426	0.542	0.426	0.438	13790
25.02.2021 00:00	0.448	0.47000000000000003	0.406	0.41200000000000003	3290
26.02.2021 00:00	0.41400000000000003	0.418	0.40800000000000003	0.40800000000000003	420
01.03.2021 00:00	0.41000000000000003	0.41000000000000003	0.39	0.396	1080
02.03.2021 00:00	0.4	0.406	0.39	0.402	890
03.03.2021 00:00	0.402	0.41600000000000004	0.4	0.402	560
04.03.2021 00:00	0.402	0.402	0.396	0.4	230
05.03.2021 00:00	0.398	0.402	0.396	0.4	230
09.03.2021 00:00	0.4	0.4	0.398	0.398	100
10.03.2021 00:00	0.396	0.398	0.388	0.39	800
11.03.2021 00:00	0.39	0.41400000000000003	0.39	0.41000000000000003	1270
12.03.2021 00:00	0.406	0.40800000000000003	0.4	0.406	460
15.03.2021 00:00	0.406	0.40800000000000003	0.404	0.404	90
16.03.2021 00:00	0.404	0.406	0.4	0.402	620
17.03.2021 00:00	0.398	0.406	0.398	0.402	100
18.03.2021 00:00	0.402	0.404	0.398	0.402	210
19.03.2021 00:00	0.4	0.436	0.4	0.424	2150
22.03.2021 00:00	0.426	0.466	0.418	0.426	2810
23.03.2021 00:00	0.422	0.488	0.422	0.45	14230
24.03.2021 00:00	0.466	0.466	0.418	0.422	1870
25.03.2021 00:00	0.41200000000000003	0.422	0.40800000000000003	0.40800000000000003	880
26.03.2021 00:00	0.422	0.422	0.402	0.406	880
29.03.2021 00:00	0.40800000000000003	0.426	0.4	0.418	770
30.03.2021 00:00	0.418	0.418	0.40800000000000003	0.418	220
31.03.2021 00:00	0.418	0.42	0.402	0.40800000000000003	740
01.04.2021 00:00	0.418	0.426	0.41200000000000003	0.41400000000000003	270
02.04.2021 00:00	0.41600000000000004	0.456	0.41400000000000003	0.444	5410
05.04.2021 00:00	0.46	0.46	0.42	0.428	2320
06.04.2021 00:00	0.438	0.44	0.424	0.428	910
07.04.2021 00:00	0.424	0.438	0.422	0.428	960
08.04.2021 00:00	0.438	0.438	0.422	0.43	230
09.04.2021 00:00	0.424	0.426	0.394	0.40800000000000003	600
12.04.2021 00:00	0.41200000000000003	0.418	0.41200000000000003	0.41400000000000003	270
13.04.2021 00:00	0.418	0.424	0.41000000000000003	0.41000000000000003	500
14.04.2021 00:00	0.426	0.426	0.41400000000000003	0.41600000000000004	200
15.04.2021 00:00	0.40800000000000003	0.41200000000000003	0.40800000000000003	0.41000000000000003	1130
16.04.2021 00:00	0.41600000000000004	0.41600000000000004	0.40800000000000003	0.40800000000000003	340
19.04.2021 00:00	0.40800000000000003	0.41400000000000003	0.406	0.40800000000000003	620
20.04.2021 00:00	0.418	0.418	0.41200000000000003	0.41200000000000003	100
21.04.2021 00:00	0.41200000000000003	0.428	0.40800000000000003	0.41600000000000004	770
22.04.2021 00:00	0.41600000000000004	0.426	0.406	0.40800000000000003	270
23.04.2021 00:00	0.41400000000000003	0.41400000000000003	0.41000000000000003	0.41200000000000003	180
26.04.2021 00:00	0.41600000000000004	0.448	0.41600000000000004	0.438	2990
27.04.2021 00:00	0.442	0.444	0.426	0.432	730
28.04.2021 00:00	0.426	0.428	0.41400000000000003	0.418	280
29.04.2021 00:00	0.418	0.424	0.4	0.406	1060
30.04.2021 00:00	0.406	0.41600000000000004	0.406	0.41400000000000003	170
04.05.2021 00:00	0.41400000000000003	0.432	0.40800000000000003	0.41000000000000003	650
05.05.2021 00:00	0.41400000000000003	0.458	0.396	0.422	5900
06.05.2021 00:00	0.418	0.47800000000000004	0.418	0.464	7580
07.05.2021 00:00	0.44	0.454	0.426	0.436	3420
10.05.2021 00:00	0.434	0.438	0.43	0.438	400
11.05.2021 00:00	0.442	0.442	0.426	0.44	230
12.05.2021 00:00	0.44	0.44	0.428	0.432	170
13.05.2021 00:00	0.426	0.428	0.418	0.42	660
14.05.2021 00:00	0.424	0.428	0.418	0.422	70
17.05.2021 00:00	0.418	0.418	0.41600000000000004	0.41600000000000004	190
18.05.2021 00:00	0.418	0.438	0.418	0.43	1570
19.05.2021 00:00	0.424	0.428	0.42	0.424	510
20.05.2021 00:00	0.43	0.43	0.418	0.42	220
21.05.2021 00:00	0.42	0.442	0.42	0.43	1240
24.05.2021 00:00	0.43	0.496	0.426	0.49	9860
25.05.2021 00:00	0.496	0.508	0.452	0.458	15330
26.05.2021 00:00	0.47000000000000003	0.47000000000000003	0.434	0.442	600
27.05.2021 00:00	0.434	0.442	0.432	0.442	80
28.05.2021 00:00	0.432	0.432	0.43	0.43	80
31.05.2021 00:00	0.432	0.444	0.432	0.442	530
01.06.2021 00:00	0.45	0.45	0.44	0.44	340
02.06.2021 00:00	0.438	0.48	0.438	0.464	3130
03.06.2021 00:00	0.47600000000000003	0.486	0.46	0.484	1540
04.06.2021 00:00	0.486	0.634	0.47200000000000003	0.504	15760
07.06.2021 00:00	0.52	0.526	0.47200000000000003	0.482	940
08.06.2021 00:00	0.482	0.488	0.468	0.468	430
09.06.2021 00:00	0.47400000000000003	0.5680000000000001	0.422	0.538	11380
10.06.2021 00:00	0.53	0.588	0.53	0.54	10530
11.06.2021 00:00	0.54	0.54	0.518	0.524	1210
14.06.2021 00:00	0.514	0.538	0.498	0.522	470
15.06.2021 00:00	0.518	0.524	0.498	0.508	680
16.06.2021 00:00	0.492	0.506	0.482	0.496	540
17.06.2021 00:00	0.506	0.518	0.496	0.518	1140
18.06.2021 00:00	0.514	0.518	0.49	0.49	670
21.06.2021 00:00	0.49	0.494	0.488	0.492	290
22.06.2021 00:00	0.518	0.518	0.492	0.5	1280
23.06.2021 00:00	0.496	0.518	0.496	0.504	410
24.06.2021 00:00	0.502	0.506	0.5	0.502	130
25.06.2021 00:00	0.5	0.502	0.488	0.498	400
28.06.2021 00:00	0.506	0.606	0.498	0.552	2490
29.06.2021 00:00	0.56	0.56	0.52	0.55	1580
30.06.2021 00:00	0.548	0.548	0.53	0.534	290
01.07.2021 00:00	0.53	0.536	0.52	0.52	260
02.07.2021 00:00	0.52	0.524	0.52	0.524	280
05.07.2021 00:00	0.52	0.524	0.52	0.522	160
06.07.2021 00:00	0.526	0.526	0.52	0.52	100
07.07.2021 00:00	0.514	0.526	0.514	0.526	270
08.07.2021 00:00	0.522	0.534	0.518	0.534	110
09.07.2021 00:00	0.528	0.528	0.528	0.528	20
12.07.2021 00:00	0.578	0.578	0.494	0.538	470
13.07.2021 00:00	0.526	0.526	0.52	0.526	120
14.07.2021 00:00	0.522	0.522	0.52	0.52	50
15.07.2021 00:00	0.524	0.524	0.524	0.524	30
16.07.2021 00:00	0.524	0.528	0.52	0.526	80
19.07.2021 00:00	0.52	0.53	0.52	0.528	140
20.07.2021 00:00	0.526	0.526	0.524	0.526	60
21.07.2021 00:00	0.524	0.534	0.52	0.532	210
22.07.2021 00:00	0.534	0.534	0.528	0.528	90
23.07.2021 00:00	0.524	0.524	0.464	0.496	1770
26.07.2021 00:00	0.514	0.514	0.494	0.494	100
27.07.2021 00:00	0.492	0.504	0.492	0.496	90
28.07.2021 00:00	0.48	0.5	0.48	0.488	190
29.07.2021 00:00	0.514	0.514	0.488	0.498	210
30.07.2021 00:00	0.506	0.506	0.492	0.492	70
02.08.2021 00:00	0.496	0.496	0.488	0.49	50
03.08.2021 00:00	0.48	0.516	0.48	0.508	370
04.08.2021 00:00	0.492	0.494	0.482	0.488	160
06.08.2021 00:00	0.498	0.526	0.47800000000000004	0.49	2120
09.08.2021 00:00	0.482	0.484	0.462	0.47800000000000004	280
10.08.2021 00:00	0.482	0.482	0.468	0.482	130
11.08.2021 00:00	0.482	0.482	0.468	0.47600000000000003	130
12.08.2021 00:00	0.482	0.482	0.482	0.482	10
13.08.2021 00:00	0.466	0.484	0.466	0.484	170
16.08.2021 00:00	0.47400000000000003	0.47800000000000004	0.47200000000000003	0.47800000000000004	110
17.08.2021 00:00	0.466	0.49	0.466	0.47600000000000003	120
18.08.2021 00:00	0.47400000000000003	0.482	0.47400000000000003	0.482	100
19.08.2021 00:00	0.47400000000000003	0.496	0.47400000000000003	0.47600000000000003	110
20.08.2021 00:00	0.496	0.496	0.488	0.488	30
23.08.2021 00:00	0.484	0.484	0.48	0.482	90
24.08.2021 00:00	0.48	0.482	0.48	0.482	30
25.08.2021 00:00	0.484	0.484	0.484	0.484	10
26.08.2021 00:00	0.484	0.484	0.47800000000000004	0.47800000000000004	60
27.08.2021 00:00	0.482	0.498	0.47800000000000004	0.48	260
30.08.2021 00:00	0.484	0.498	0.47800000000000004	0.482	80
31.08.2021 00:00	0.488	0.534	0.488	0.53	1510
01.09.2021 00:00	0.536	0.536	0.482	0.498	560
02.09.2021 00:00	0.496	0.498	0.488	0.488	160
03.09.2021 00:00	0.488	0.536	0.47800000000000004	0.502	3860
06.09.2021 00:00	0.496	0.5	0.492	0.496	350
07.09.2021 00:00	0.496	0.508	0.488	0.508	580
08.09.2021 00:00	0.512	0.596	0.508	0.53	5490
09.09.2021 00:00	0.526	0.53	0.498	0.504	1650
10.09.2021 00:00	0.526	0.538	0.488	0.502	1250
13.09.2021 00:00	0.492	0.54	0.47800000000000004	0.528	1340
14.09.2021 00:00	0.536	0.602	0.502	0.53	11700
15.09.2021 00:00	0.546	0.5680000000000001	0.524	0.556	2270
16.09.2021 00:00	0.546	0.652	0.52	0.522	10360
17.09.2021 00:00	0.522	0.606	0.522	0.56	4870
20.09.2021 00:00	0.542	0.596	0.522	0.556	1670
21.09.2021 00:00	0.542	0.554	0.542	0.542	130
22.09.2021 00:00	0.554	0.556	0.518	0.54	900
23.09.2021 00:00	0.54	0.56	0.54	0.546	420
24.09.2021 00:00	0.534	0.558	0.52	0.544	550
27.09.2021 00:00	0.522	0.562	0.522	0.548	650
28.09.2021 00:00	0.558	0.558	0.524	0.534	1550
29.09.2021 00:00	0.558	0.558	0.536	0.538	450
30.09.2021 00:00	0.558	0.558	0.536	0.54	330
01.10.2021 00:00	0.548	0.548	0.538	0.544	170
04.10.2021 00:00	0.536	0.548	0.534	0.534	360
05.10.2021 00:00	0.54	0.54	0.532	0.532	370
06.10.2021 00:00	0.536	0.536	0.536	0.536	40
07.10.2021 00:00	0.536	0.55	0.528	0.548	1190
08.10.2021 00:00	0.55	0.558	0.54	0.554	950
11.10.2021 00:00	0.56	0.56	0.542	0.552	650
12.10.2021 00:00	0.544	0.598	0.544	0.592	2130
13.10.2021 00:00	0.592	0.592	0.56	0.592	2210
14.10.2021 00:00	0.592	0.648	0.5700000000000001	0.59	5540
15.10.2021 00:00	0.59	0.626	0.56	0.5720000000000001	3720
18.10.2021 00:00	0.5680000000000001	0.578	0.562	0.5640000000000001	480
19.10.2021 00:00	0.5740000000000001	0.5740000000000001	0.56	0.562	240
20.10.2021 00:00	0.562	0.5740000000000001	0.56	0.5740000000000001	460
21.10.2021 00:00	0.586	0.596	0.578	0.584	970
22.10.2021 00:00	0.5700000000000001	0.582	0.5700000000000001	0.5720000000000001	190
25.10.2021 00:00	0.5760000000000001	0.58	0.56	0.58	390
26.10.2021 00:00	0.578	0.582	0.562	0.5720000000000001	250
27.10.2021 00:00	0.606	0.728	0.598	0.6880000000000001	17120
28.10.2021 00:00	0.708	0.718	0.584	0.618	3380
29.10.2021 00:00	0.626	0.626	0.5720000000000001	0.58	2150
01.11.2021 00:00	0.592	0.592	0.562	0.5740000000000001	1530
02.11.2021 00:00	0.578	0.604	0.5760000000000001	0.578	920
03.11.2021 00:00	0.578	0.596	0.5720000000000001	0.586	600
05.11.2021 00:00	0.5740000000000001	0.592	0.5740000000000001	0.578	740
08.11.2021 00:00	0.598	0.598	0.5760000000000001	0.586	580
09.11.2021 00:00	0.578	0.612	0.562	0.5700000000000001	2080
10.11.2021 00:00	0.582	0.582	0.5680000000000001	0.578	420
11.11.2021 00:00	0.578	0.578	0.5700000000000001	0.5740000000000001	280
12.11.2021 00:00	0.5680000000000001	0.578	0.558	0.562	970
15.11.2021 00:00	0.56	0.5760000000000001	0.542	0.5760000000000001	870
16.11.2021 00:00	0.556	0.582	0.556	0.5700000000000001	380
17.11.2021 00:00	0.5760000000000001	0.5760000000000001	0.556	0.5760000000000001	580
18.11.2021 00:00	0.5660000000000001	0.582	0.5660000000000001	0.58	350
19.11.2021 00:00	0.5760000000000001	0.584	0.552	0.5700000000000001	530
22.11.2021 00:00	0.5660000000000001	0.5660000000000001	0.548	0.556	260
23.11.2021 00:00	0.548	0.5680000000000001	0.546	0.5680000000000001	370
24.11.2021 00:00	0.5760000000000001	0.5760000000000001	0.552	0.554	760
25.11.2021 00:00	0.556	0.558	0.546	0.558	300
26.11.2021 00:00	0.552	0.556	0.55	0.554	100
29.11.2021 00:00	0.556	0.5760000000000001	0.556	0.562	110
30.11.2021 00:00	0.56	0.5680000000000001	0.56	0.5640000000000001	170
01.12.2021 00:00	0.56	0.5700000000000001	0.56	0.5700000000000001	40
02.12.2021 00:00	0.562	0.5760000000000001	0.562	0.5660000000000001	80
03.12.2021 00:00	0.5660000000000001	0.5660000000000001	0.562	0.562	40
06.12.2021 00:00	0.554	0.554	0.554	0.554	20
07.12.2021 00:00	0.548	0.5680000000000001	0.548	0.552	80
08.12.2021 00:00	0.558	0.598	0.548	0.556	1170
09.12.2021 00:00	0.556	0.562	0.544	0.556	130
10.12.2021 00:00	0.554	0.554	0.53	0.552	220
13.12.2021 00:00	0.56	0.56	0.522	0.542	130
14.12.2021 00:00	0.47000000000000003	0.532	0.47000000000000003	0.518	930
15.12.2021 00:00	0.54	0.54	0.508	0.518	660
16.12.2021 00:00	0.518	0.52	0.516	0.516	110
17.12.2021 00:00	0.518	0.518	0.504	0.508	160
20.12.2021 00:00	0.512	0.512	0.508	0.512	40
21.12.2021 00:00	0.512	0.512	0.502	0.506	40
22.12.2021 00:00	0.508	0.512	0.508	0.512	140
23.12.2021 00:00	0.508	0.524	0.508	0.516	70
24.12.2021 00:00	0.524	0.55	0.524	0.532	250
27.12.2021 00:00	0.54	0.554	0.536	0.536	920
28.12.2021 00:00	0.542	0.542	0.536	0.536	20
29.12.2021 00:00	0.536	0.538	0.534	0.534	30
30.12.2021 00:00	0.528	0.528	0.528	0.528	20
03.01.2022 00:00	0.532	0.544	0.532	0.544	80
04.01.2022 00:00	0.544	0.5740000000000001	0.544	0.552	530
05.01.2022 00:00	0.56	0.562	0.56	0.562	40
06.01.2022 00:00	0.562	0.5700000000000001	0.562	0.5700000000000001	80
10.01.2022 00:00	0.5720000000000001	0.578	0.5720000000000001	0.578	30
11.01.2022 00:00	0.5700000000000001	0.5700000000000001	0.5700000000000001	0.5700000000000001	10
12.01.2022 00:00	0.5680000000000001	0.58	0.5680000000000001	0.58	940
13.01.2022 00:00	0.562	0.586	0.562	0.5700000000000001	160
14.01.2022 00:00	0.5640000000000001	0.588	0.556	0.558	360
17.01.2022 00:00	0.5640000000000001	0.5640000000000001	0.548	0.55	70
18.01.2022 00:00	0.532	0.532	0.528	0.528	20
19.01.2022 00:00	0.544	0.56	0.544	0.56	100
20.01.2022 00:00	0.5740000000000001	0.582	0.562	0.562	190
21.01.2022 00:00	0.582	0.582	0.562	0.5720000000000001	80
24.01.2022 00:00	0.558	0.56	0.5	0.5	230
25.01.2022 00:00	0.508	0.532	0.508	0.52	190
26.01.2022 00:00	0.53	0.532	0.528	0.528	90
27.01.2022 00:00	0.532	0.5660000000000001	0.532	0.538	250
28.01.2022 00:00	0.542	0.558	0.542	0.558	70
31.01.2022 00:00	0.5660000000000001	0.584	0.56	0.5680000000000001	290
01.02.2022 00:00	0.5660000000000001	0.5660000000000001	0.5660000000000001	0.5660000000000001	50
02.02.2022 00:00	0.586	0.586	0.586	0.586	80
03.02.2022 00:00	0.588	0.588	0.554	0.5740000000000001	150
04.02.2022 00:00	0.5760000000000001	0.5760000000000001	0.5760000000000001	0.5760000000000001	10
07.02.2022 00:00	0.554	0.562	0.554	0.556	70
09.02.2022 00:00	0.554	0.554	0.552	0.554	40
10.02.2022 00:00	0.562	0.616	0.562	0.584	1020
11.02.2022 00:00	0.578	0.578	0.578	0.578	20
14.02.2022 00:00	0.5680000000000001	0.5680000000000001	0.5680000000000001	0.5680000000000001	10
15.02.2022 00:00	0.5680000000000001	0.5680000000000001	0.5680000000000001	0.5680000000000001	30
16.02.2022 00:00	0.578	0.58	0.562	0.5640000000000001	210
17.02.2022 00:00	0.562	0.58	0.552	0.56	120
18.02.2022 00:00	0.554	0.554	0.508	0.55	180
21.02.2022 00:00	0.55	0.55	0.494	0.508	280
22.02.2022 00:00	0.52	0.52	0.462	0.498	220
24.02.2022 00:00	0.338	0.468	0.33	0.33	420
25.02.2022 00:00	0.46	0.46	0.35000000000000003	0.444	170
28.03.2022 00:00	0.598	0.598	0.29	0.38	1658
29.03.2022 00:00	0.378	0.486	0.378	0.4	841
30.03.2022 00:00	0.448	0.5700000000000001	0.398	0.42	821
31.03.2022 00:00	0.464	0.592	0.432	0.44	1657
01.04.2022 00:00	0.468	0.608	0.432	0.578	3525
04.04.2022 00:00	0.598	0.598	0.494	0.524	6196
05.04.2022 00:00	0.55	0.55	0.512	0.532	1565
06.04.2022 00:00	0.53	0.53	0.492	0.502	393
07.04.2022 00:00	0.502	0.532	0.5	0.512	145
08.04.2022 00:00	0.506	0.508	0.498	0.498	163
11.04.2022 00:00	0.498	0.514	0.486	0.494	215
12.04.2022 00:00	0.502	0.504	0.47600000000000003	0.492	133
13.04.2022 00:00	0.502	0.506	0.48	0.506	27
14.04.2022 00:00	0.508	0.508	0.47800000000000004	0.47800000000000004	196
15.04.2022 00:00	0.47800000000000004	0.482	0.46	0.48	64
18.04.2022 00:00	0.48	0.48	0.462	0.466	170
19.04.2022 00:00	0.466	0.492	0.45	0.468	234
20.04.2022 00:00	0.462	0.466	0.456	0.462	93
21.04.2022 00:00	0.468	0.468	0.462	0.468	51
22.04.2022 00:00	0.468	0.47400000000000003	0.448	0.46	85
25.04.2022 00:00	0.47400000000000003	0.47400000000000003	0.456	0.468	69
26.04.2022 00:00	0.47400000000000003	0.47600000000000003	0.452	0.468	54
27.04.2022 00:00	0.466	0.468	0.452	0.462	88
28.04.2022 00:00	0.466	0.47000000000000003	0.46	0.468	39
29.04.2022 00:00	0.47200000000000003	0.47200000000000003	0.444	0.458	134
04.05.2022 00:00	0.456	0.462	0.444	0.45	189
05.05.2022 00:00	0.452	0.452	0.428	0.448	72
06.05.2022 00:00	0.456	0.456	0.438	0.442	66
11.05.2022 00:00	0.442	0.444	0.42	0.434	446
12.05.2022 00:00	0.44	0.44	0.426	0.43	119
13.05.2022 00:00	0.428	0.43	0.422	0.424	53
16.05.2022 00:00	0.432	0.432	0.418	0.426	102
17.05.2022 00:00	0.43	0.43	0.42	0.42	87
18.05.2022 00:00	0.432	0.432	0.422	0.428	23
19.05.2022 00:00	0.432	0.6	0.432	0.536	6730
20.05.2022 00:00	0.53	0.534	0.47800000000000004	0.486	1414
23.05.2022 00:00	0.486	0.486	0.466	0.47400000000000003	52
24.05.2022 00:00	0.468	0.506	0.434	0.46	658
25.05.2022 00:00	0.466	0.466	0.456	0.462	209
26.05.2022 00:00	0.46	0.466	0.46	0.466	78
27.05.2022 00:00	0.462	0.462	0.456	0.462	128
30.05.2022 00:00	0.458	0.458	0.452	0.458	95
31.05.2022 00:00	0.454	0.454	0.448	0.448	26
01.06.2022 00:00	0.448	0.464	0.448	0.448	92
02.06.2022 00:00	0.44	0.44	0.43	0.432	272
03.06.2022 00:00	0.432	0.44	0.428	0.432	239
06.06.2022 00:00	0.45	0.45	0.426	0.428	134
07.06.2022 00:00	0.428	0.464	0.428	0.438	289
08.06.2022 00:00	0.438	0.452	0.434	0.452	92
09.06.2022 00:00	0.44	0.452	0.44	0.452	11
10.06.2022 00:00	0.444	0.444	0.44	0.442	18
14.06.2022 00:00	0.444	0.444	0.436	0.436	23
15.06.2022 00:00	0.442	0.444	0.432	0.432	69
16.06.2022 00:00	0.438	0.438	0.43	0.436	90
17.06.2022 00:00	0.436	0.444	0.436	0.444	3
20.06.2022 00:00	0.456	0.456	0.444	0.452	146
21.06.2022 00:00	0.452	0.464	0.452	0.452	200
22.06.2022 00:00	0.452	0.458	0.45	0.45	120
23.06.2022 00:00	0.452	0.452	0.444	0.448	20
24.06.2022 00:00	0.444	0.458	0.444	0.458	13
27.06.2022 00:00	0.46	0.46	0.442	0.452	279
28.06.2022 00:00	0.466	0.468	0.448	0.45	226
29.06.2022 00:00	0.454	0.47800000000000004	0.454	0.47000000000000003	641
30.06.2022 00:00	0.47000000000000003	0.502	0.438	0.458	1355
01.07.2022 00:00	0.458	0.46	0.452	0.46	67
04.07.2022 00:00	0.45	0.466	0.45	0.456	604
05.07.2022 00:00	0.452	0.452	0.442	0.444	14
06.07.2022 00:00	0.452	0.452	0.452	0.452	96
07.07.2022 00:00	0.456	0.458	0.454	0.456	126
08.07.2022 00:00	0.448	0.454	0.444	0.444	24
11.07.2022 00:00	0.45	0.464	0.45	0.46	124
12.07.2022 00:00	0.45	0.454	0.438	0.442	106
13.07.2022 00:00	0.44	0.454	0.438	0.438	56
14.07.2022 00:00	0.442	0.47800000000000004	0.442	0.452	1536
15.07.2022 00:00	0.46	0.46	0.45	0.452	77
18.07.2022 00:00	0.458	0.458	0.448	0.452	9
19.07.2022 00:00	0.454	0.454	0.444	0.444	134
20.07.2022 00:00	0.454	0.47400000000000003	0.438	0.47400000000000003	395
21.07.2022 00:00	0.47600000000000003	0.494	0.46	0.468	473
22.07.2022 00:00	0.452	0.496	0.452	0.468	242
25.07.2022 00:00	0.466	0.47000000000000003	0.464	0.47000000000000003	81
26.07.2022 00:00	0.464	0.488	0.464	0.47200000000000003	246
27.07.2022 00:00	0.482	0.498	0.468	0.47600000000000003	616
28.07.2022 00:00	0.506	0.516	0.47600000000000003	0.488	371
29.07.2022 00:00	0.504	0.504	0.482	0.482	156
01.08.2022 00:00	0.486	0.532	0.47800000000000004	0.504	1087
02.08.2022 00:00	0.504	0.504	0.49	0.49	92
03.08.2022 00:00	0.47800000000000004	0.538	0.47800000000000004	0.532	600
04.08.2022 00:00	0.526	0.532	0.49	0.506	1917
05.08.2022 00:00	0.508	0.528	0.488	0.488	510
08.08.2022 00:00	0.488	0.5660000000000001	0.488	0.508	4888
09.08.2022 00:00	0.516	0.522	0.5	0.502	793
10.08.2022 00:00	0.494	0.508	0.47400000000000003	0.482	1499
11.08.2022 00:00	0.484	0.492	0.438	0.464	2606
12.08.2022 00:00	0.46	0.466	0.458	0.464	140
15.08.2022 00:00	0.47600000000000003	0.47600000000000003	0.436	0.452	719
16.08.2022 00:00	0.45	0.454	0.444	0.452	123
17.08.2022 00:00	0.452	0.454	0.444	0.448	381
18.08.2022 00:00	0.454	0.458	0.444	0.45	249
19.08.2022 00:00	0.454	0.536	0.444	0.498	6653
22.08.2022 00:00	0.508	0.508	0.484	0.492	912
23.08.2022 00:00	0.492	0.498	0.466	0.484	463
24.08.2022 00:00	0.482	0.484	0.47400000000000003	0.482	73
26.08.2022 00:00	0.482	0.484	0.47600000000000003	0.47600000000000003	22
29.08.2022 00:00	0.482	0.546	0.47600000000000003	0.526	2420
30.08.2022 00:00	0.54	0.644	0.524	0.606	7217
31.08.2022 00:00	0.606	0.718	0.498	0.524	9010
01.09.2022 00:00	0.524	0.526	0.482	0.516	1836
02.09.2022 00:00	0.516	0.524	0.508	0.516	644
05.09.2022 00:00	0.516	0.518	0.506	0.512	776
06.09.2022 00:00	0.512	0.514	0.5	0.514	678
07.09.2022 00:00	0.502	0.512	0.498	0.502	656
08.09.2022 00:00	0.5	0.508	0.5	0.506	88
09.09.2022 00:00	0.502	0.508	0.5	0.506	166
12.09.2022 00:00	0.504	0.508	0.5	0.506	276
13.09.2022 00:00	0.504	0.518	0.502	0.506	248
14.09.2022 00:00	0.506	0.524	0.494	0.512	539
15.09.2022 00:00	0.502	0.524	0.502	0.52	640
16.09.2022 00:00	0.562	0.562	0.52	0.526	856
19.09.2022 00:00	0.528	0.528	0.516	0.516	252
20.09.2022 00:00	0.518	0.518	0.47200000000000003	0.486	840
21.09.2022 00:00	0.468	0.468	0.45	0.468	620
22.09.2022 00:00	0.468	0.486	0.468	0.47800000000000004	76
23.09.2022 00:00	0.47400000000000003	0.47400000000000003	0.45	0.46	115
26.09.2022 00:00	0.456	0.456	0.396	0.42	503
27.09.2022 00:00	0.426	0.426	0.41600000000000004	0.418	15
28.09.2022 00:00	0.43	0.43	0.41200000000000003	0.424	84
29.09.2022 00:00	0.426	0.426	0.418	0.422	94
30.09.2022 00:00	0.418	0.422	0.402	0.406	91
03.10.2022 00:00	0.428	0.46	0.404	0.428	402
04.10.2022 00:00	0.428	0.448	0.418	0.436	189
05.10.2022 00:00	0.426	0.448	0.424	0.432	97
06.10.2022 00:00	0.428	0.44	0.418	0.418	89
07.10.2022 00:00	0.418	0.426	0.41200000000000003	0.41600000000000004	144
10.10.2022 00:00	0.402	0.418	0.4	0.418	101
11.10.2022 00:00	0.418	0.432	0.41200000000000003	0.432	70
12.10.2022 00:00	0.432	0.448	0.418	0.434	295
13.10.2022 00:00	0.444	0.448	0.43	0.444	92
14.10.2022 00:00	0.45	0.456	0.436	0.456	78
17.10.2022 00:00	0.442	0.47600000000000003	0.442	0.462	276
18.10.2022 00:00	0.454	0.468	0.454	0.466	85
19.10.2022 00:00	0.468	0.468	0.454	0.462	62
20.10.2022 00:00	0.458	0.468	0.456	0.466	68
21.10.2022 00:00	0.458	0.466	0.454	0.464	47
24.10.2022 00:00	0.466	0.468	0.456	0.468	76
25.10.2022 00:00	0.464	0.466	0.456	0.466	132
26.10.2022 00:00	0.466	0.47200000000000003	0.462	0.468	148
27.10.2022 00:00	0.468	0.47600000000000003	0.462	0.47000000000000003	240
28.10.2022 00:00	0.462	0.47000000000000003	0.46	0.466	36
31.10.2022 00:00	0.46	0.468	0.46	0.464	92
01.11.2022 00:00	0.468	0.488	0.468	0.47800000000000004	423
02.11.2022 00:00	0.48	0.496	0.47600000000000003	0.488	115
03.11.2022 00:00	0.484	0.488	0.46	0.47200000000000003	234
07.11.2022 00:00	0.47000000000000003	0.47200000000000003	0.466	0.47200000000000003	95
08.11.2022 00:00	0.47200000000000003	0.48	0.464	0.48	115
09.11.2022 00:00	0.482	0.482	0.48	0.48	15
10.11.2022 00:00	0.484	0.484	0.47800000000000004	0.47800000000000004	100
11.11.2022 00:00	0.482	0.482	0.47400000000000003	0.47800000000000004	64
14.11.2022 00:00	0.47600000000000003	0.47800000000000004	0.47400000000000003	0.47800000000000004	12
15.11.2022 00:00	0.48	0.48	0.47600000000000003	0.47600000000000003	16
16.11.2022 00:00	0.48	0.48	0.48	0.48	4
17.11.2022 00:00	0.482	0.482	0.47600000000000003	0.48	3
18.11.2022 00:00	0.47800000000000004	0.47800000000000004	0.47800000000000004	0.47800000000000004	1
21.11.2022 00:00	0.482	0.482	0.47600000000000003	0.48	28
23.11.2022 00:00	0.47800000000000004	0.48	0.47400000000000003	0.47800000000000004	29
24.11.2022 00:00	0.47800000000000004	0.47800000000000004	0.47800000000000004	0.47800000000000004	1
25.11.2022 00:00	0.47800000000000004	0.47800000000000004	0.47400000000000003	0.47800000000000004	11
28.11.2022 00:00	0.468	0.47600000000000003	0.468	0.468	86
29.11.2022 00:00	0.468	0.47200000000000003	0.468	0.47200000000000003	14
30.11.2022 00:00	0.47000000000000003	0.47000000000000003	0.47000000000000003	0.47000000000000003	22
01.12.2022 00:00	0.47000000000000003	0.538	0.47000000000000003	0.47600000000000003	2363
02.12.2022 00:00	0.47800000000000004	0.49	0.47800000000000004	0.48	197
05.12.2022 00:00	0.484	0.484	0.47600000000000003	0.47800000000000004	47
06.12.2022 00:00	0.47600000000000003	0.47800000000000004	0.468	0.47400000000000003	168
07.12.2022 00:00	0.47400000000000003	0.47600000000000003	0.468	0.47400000000000003	8
08.12.2022 00:00	0.468	0.47400000000000003	0.468	0.47400000000000003	11
09.12.2022 00:00	0.468	0.47400000000000003	0.468	0.47200000000000003	6
12.12.2022 00:00	0.468	0.47200000000000003	0.462	0.47000000000000003	118
13.12.2022 00:00	0.47400000000000003	0.47400000000000003	0.466	0.47200000000000003	10
14.12.2022 00:00	0.47200000000000003	0.47400000000000003	0.468	0.468	8
15.12.2022 00:00	0.47200000000000003	0.47200000000000003	0.466	0.47000000000000003	36
16.12.2022 00:00	0.47000000000000003	0.47000000000000003	0.466	0.466	11
19.12.2022 00:00	0.47200000000000003	0.47200000000000003	0.466	0.468	127
20.12.2022 00:00	0.468	0.47000000000000003	0.466	0.468	14
21.12.2022 00:00	0.468	0.47400000000000003	0.466	0.47000000000000003	73
22.12.2022 00:00	0.47000000000000003	0.47200000000000003	0.466	0.47000000000000003	117
23.12.2022 00:00	0.47400000000000003	0.47600000000000003	0.468	0.47000000000000003	115
26.12.2022 00:00	0.47400000000000003	0.47400000000000003	0.468	0.468	107
27.12.2022 00:00	0.47400000000000003	0.486	0.468	0.468	119
28.12.2022 00:00	0.47000000000000003	0.47000000000000003	0.468	0.47000000000000003	107
29.12.2022 00:00	0.47000000000000003	0.47000000000000003	0.464	0.468	94
30.12.2022 00:00	0.468	0.47200000000000003	0.468	0.47000000000000003	87
03.01.2023 00:00	0.47000000000000003	0.486	0.47000000000000003	0.47200000000000003	30
04.01.2023 00:00	0.468	0.47400000000000003	0.468	0.47400000000000003	25
05.01.2023 00:00	0.47400000000000003	0.488	0.47000000000000003	0.47600000000000003	184
06.01.2023 00:00	0.48	0.482	0.47800000000000004	0.47800000000000004	18
09.01.2023 00:00	0.47600000000000003	0.47800000000000004	0.462	0.47600000000000003	150
10.01.2023 00:00	0.47600000000000003	0.486	0.47600000000000003	0.48	64
11.01.2023 00:00	0.484	0.518	0.47600000000000003	0.492	674
12.01.2023 00:00	0.508	0.52	0.496	0.52	728
13.01.2023 00:00	0.52	0.52	0.5	0.506	252
16.01.2023 00:00	0.516	0.516	0.49	0.504	356
17.01.2023 00:00	0.504	0.512	0.504	0.504	96
18.01.2023 00:00	0.512	0.512	0.494	0.512	90
19.01.2023 00:00	0.514	0.52	0.502	0.504	92
20.01.2023 00:00	0.498	0.504	0.496	0.502	17
23.01.2023 00:00	0.512	0.512	0.5	0.504	21
24.01.2023 00:00	0.504	0.508	0.5	0.504	70
25.01.2023 00:00	0.504	0.506	0.5	0.5	112
26.01.2023 00:00	0.498	0.594	0.494	0.53	2315
27.01.2023 00:00	0.53	0.548	0.518	0.546	411
30.01.2023 00:00	0.548	0.562	0.532	0.538	165
31.01.2023 00:00	0.548	0.562	0.534	0.538	164
01.02.2023 00:00	0.544	0.544	0.536	0.542	56
02.02.2023 00:00	0.538	0.544	0.536	0.54	28
03.02.2023 00:00	0.544	0.548	0.512	0.524	733
06.02.2023 00:00	0.526	0.54	0.512	0.532	605
07.02.2023 00:00	0.532	0.538	0.498	0.528	934
08.02.2023 00:00	0.538	0.538	0.514	0.52	322
09.02.2023 00:00	0.512	0.526	0.5	0.514	274
10.02.2023 00:00	0.516	0.534	0.504	0.518	355
13.02.2023 00:00	0.524	0.532	0.516	0.52	160
14.02.2023 00:00	0.526	0.532	0.506	0.518	718
15.02.2023 00:00	0.522	0.532	0.502	0.52	1269
16.02.2023 00:00	0.52	0.53	0.486	0.496	1540
17.02.2023 00:00	0.5	0.53	0.49	0.5	1001
20.02.2023 00:00	0.492	0.5	0.492	0.496	65
21.02.2023 00:00	0.504	0.53	0.488	0.512	513
22.02.2023 00:00	0.508	0.514	0.506	0.512	36
24.02.2023 00:00	0.512	0.512	0.498	0.504	165
27.02.2023 00:00	0.518	0.518	0.508	0.516	91
28.02.2023 00:00	0.516	0.516	0.508	0.516	399
01.03.2023 00:00	0.516	0.536	0.514	0.526	578
02.03.2023 00:00	0.526	0.534	0.518	0.518	327
03.03.2023 00:00	0.518	0.53	0.518	0.524	182
06.03.2023 00:00	0.526	0.536	0.518	0.534	428
07.03.2023 00:00	0.534	0.536	0.522	0.532	252
09.03.2023 00:00	0.532	0.536	0.53	0.532	72
10.03.2023 00:00	0.536	0.536	0.524	0.532	253
13.03.2023 00:00	0.528	0.53	0.52	0.528	130
14.03.2023 00:00	0.53	0.53	0.528	0.528	16
15.03.2023 00:00	0.528	0.53	0.518	0.518	36
16.03.2023 00:00	0.518	0.526	0.518	0.524	174
17.03.2023 00:00	0.518	0.536	0.514	0.532	279
20.03.2023 00:00	0.524	0.532	0.52	0.528	138
21.03.2023 00:00	0.528	0.536	0.522	0.532	176
22.03.2023 00:00	0.532	0.532	0.524	0.53	141
23.03.2023 00:00	0.52	0.556	0.52	0.55	697
24.03.2023 00:00	0.55	0.64	0.526	0.602	10817
27.03.2023 00:00	0.6	0.612	0.58	0.592	2871
28.03.2023 00:00	0.596	0.6	0.58	0.596	1392
29.03.2023 00:00	0.596	0.66	0.592	0.61	5357
30.03.2023 00:00	0.616	0.616	0.59	0.6	563
31.03.2023 00:00	0.606	0.608	0.58	0.592	608
03.04.2023 00:00	0.596	0.604	0.5660000000000001	0.588	2574
04.04.2023 00:00	0.59	0.602	0.56	0.5760000000000001	5717
05.04.2023 00:00	0.5640000000000001	0.5760000000000001	0.54	0.5740000000000001	3193
06.04.2023 00:00	0.5720000000000001	0.598	0.5660000000000001	0.598	1550
07.04.2023 00:00	0.6	0.606	0.584	0.592	2156
10.04.2023 00:00	0.598	0.604	0.588	0.598	887
11.04.2023 00:00	0.598	0.606	0.5680000000000001	0.578	1294
12.04.2023 00:00	0.578	0.586	0.5760000000000001	0.586	170
13.04.2023 00:00	0.586	0.614	0.5740000000000001	0.588	1167
14.04.2023 00:00	0.596	0.608	0.588	0.594	267
17.04.2023 00:00	0.594	0.614	0.584	0.598	291
18.04.2023 00:00	0.592	0.602	0.588	0.598	213
19.04.2023 00:00	0.598	0.68	0.598	0.618	12368
20.04.2023 00:00	0.618	0.632	0.61	0.626	1060
21.04.2023 00:00	0.618	0.636	0.616	0.632	1231
24.04.2023 00:00	0.632	0.76	0.632	0.6940000000000001	19993
25.04.2023 00:00	0.6980000000000001	0.972	0.678	0.972	26819
26.04.2023 00:00	1.07	1.326	1.008	1.112	22525
27.04.2023 00:00	1.1480000000000001	1.332	1.002	1.078	23442
28.04.2023 00:00	1.08	1.098	1.008	1.036	1908
02.05.2023 00:00	1.04	1.048	0.896	0.926	2769
03.05.2023 00:00	0.926	1.158	0.922	1.046	18723
04.05.2023 00:00	1.04	1.1280000000000001	0.96	0.96	5635
05.05.2023 00:00	0.968	1.088	0.9440000000000001	0.9500000000000001	2694
08.05.2023 00:00	0.9500000000000001	0.962	0.928	0.93	296
10.05.2023 00:00	0.924	0.9440000000000001	0.8300000000000001	0.926	4353
11.05.2023 00:00	0.928	0.988	0.91	0.93	2630
12.05.2023 00:00	0.9380000000000001	0.9380000000000001	0.888	0.906	947
15.05.2023 00:00	0.91	1.07	0.878	0.964	4357
16.05.2023 00:00	0.992	0.992	0.9380000000000001	0.9420000000000001	857
17.05.2023 00:00	0.9440000000000001	1.09	0.922	1.008	3746
18.05.2023 00:00	1.012	1.422	1.004	1.422	35350
19.05.2023 00:00	1.564	1.684	1.12	1.184	16952
22.05.2023 00:00	1.198	1.282	1.158	1.2	3243
23.05.2023 00:00	1.208	1.208	1.16	1.176	668
24.05.2023 00:00	1.194	1.23	1.16	1.178	1087
25.05.2023 00:00	1.178	1.198	1.166	1.176	1179
26.05.2023 00:00	1.186	1.196	1.158	1.184	925
29.05.2023 00:00	1.16	1.196	1.1420000000000001	1.162	1059
30.05.2023 00:00	1.16	1.186	1.1480000000000001	1.184	762
31.05.2023 00:00	1.184	1.184	1.1480000000000001	1.17	374
01.06.2023 00:00	1.168	1.188	1.168	1.18	356
02.06.2023 00:00	1.164	1.22	1.154	1.206	1363
05.06.2023 00:00	1.208	1.418	1.198	1.214	10363
06.06.2023 00:00	1.214	1.214	1.188	1.192	751
07.06.2023 00:00	1.216	1.276	1.188	1.21	741
08.06.2023 00:00	1.21	1.222	1.156	1.198	1332
09.06.2023 00:00	1.2	1.2	1.1420000000000001	1.192	1167
13.06.2023 00:00	1.192	1.198	1.17	1.188	708
14.06.2023 00:00	1.188	1.29	1.154	1.218	4418
15.06.2023 00:00	1.218	1.28	1.218	1.256	1746
16.06.2023 00:00	1.24	1.246	1.202	1.228	628
19.06.2023 00:00	1.22	1.316	1.21	1.296	3126
20.06.2023 00:00	1.302	1.432	1.302	1.35	9165
21.06.2023 00:00	1.35	1.3780000000000001	1.346	1.358	1467
22.06.2023 00:00	1.358	1.358	1.25	1.318	2206
23.06.2023 00:00	1.32	1.34	1.28	1.33	665
26.06.2023 00:00	1.324	1.34	1.28	1.308	828
27.06.2023 00:00	1.3	1.6480000000000001	1.282	1.3820000000000001	23773
28.06.2023 00:00	1.366	1.3900000000000001	1.334	1.362	3181
29.06.2023 00:00	1.3900000000000001	1.496	1.3780000000000001	1.3980000000000001	4200
30.06.2023 00:00	1.3820000000000001	1.448	1.3820000000000001	1.444	2486
03.07.2023 00:00	1.472	1.6440000000000001	1.4060000000000001	1.514	6610
04.07.2023 00:00	1.528	1.568	1.43	1.46	2018
05.07.2023 00:00	1.476	1.498	1.43	1.44	1056
06.07.2023 00:00	1.442	1.462	1.4020000000000001	1.436	564
07.07.2023 00:00	1.438	1.438	1.3980000000000001	1.416	674
10.07.2023 00:00	1.418	1.418	1.3780000000000001	1.3900000000000001	1996
11.07.2023 00:00	1.3980000000000001	1.3980000000000001	1.354	1.3980000000000001	1185
12.07.2023 00:00	1.3980000000000001	1.422	1.362	1.3980000000000001	1821
13.07.2023 00:00	1.408	1.41	1.3820000000000001	1.4020000000000001	567
14.07.2023 00:00	1.4020000000000001	1.414	1.3820000000000001	1.408	478
17.07.2023 00:00	1.422	1.45	1.366	1.4060000000000001	1458
18.07.2023 00:00	1.3980000000000001	1.412	1.366	1.41	442
19.07.2023 00:00	1.41	1.494	1.3940000000000001	1.462	4032
20.07.2023 00:00	1.492	1.496	1.458	1.494	1793
21.07.2023 00:00	1.504	1.55	1.464	1.484	2563
24.07.2023 00:00	1.516	1.516	1.454	1.516	1476
25.07.2023 00:00	1.516	1.564	1.508	1.552	1202
26.07.2023 00:00	1.53	1.854	1.528	1.68	22355
27.07.2023 00:00	1.716	1.768	1.6400000000000001	1.6440000000000001	4765
28.07.2023 00:00	1.6360000000000001	1.686	1.562	1.6560000000000001	1717
31.07.2023 00:00	1.668	1.686	1.568	1.6600000000000001	1895
01.08.2023 00:00	1.672	1.768	1.6600000000000001	1.762	3199
02.08.2023 00:00	1.774	1.818	1.694	1.798	4654
03.08.2023 00:00	1.668	1.786	1.668	1.784	3307
04.08.2023 00:00	1.8980000000000001	1.938	1.742	1.78	7720
07.08.2023 00:00	1.768	2.334	1.768	1.992	17078
08.08.2023 00:00	2.192	2.732	2.0060000000000002	2.7	48296
09.08.2023 00:00	2.748	3.7760000000000002	2.7	3.7760000000000002	21148
10.08.2023 00:00	3.966	4.864	2.5540000000000003	2.902	20446
11.08.2023 00:00	2.898	3.136	2.398	3.0300000000000002	4806
14.08.2023 00:00	3.144	3.314	3.004	3.176	6027
15.08.2023 00:00	3.176	3.18	2.8080000000000003	3.0260000000000002	2339
16.08.2023 00:00	3.0340000000000003	3.18	2.616	2.696	4548
17.08.2023 00:00	2.74	2.89	2.482	2.556	2375
18.08.2023 00:00	2.56	2.644	2.5	2.596	1595
21.08.2023 00:00	2.596	2.85	2.572	2.85	2866
22.08.2023 00:00	2.906	3.132	2.906	3.132	7018
23.08.2023 00:00	3.29	3.386	2.718	3.0	6390
24.08.2023 00:00	2.998	3.1	2.898	3.056	1473
25.08.2023 00:00	3.0580000000000003	3.16	2.998	3.044	1958
28.08.2023 00:00	3.298	3.616	3.258	3.366	12352
29.08.2023 00:00	3.43	3.43	3.196	3.282	2880
30.08.2023 00:00	3.274	3.374	3.168	3.244	1380
31.08.2023 00:00	3.2720000000000002	3.3080000000000003	3.12	3.16	1282
01.09.2023 00:00	3.16	3.22	2.95	3.192	3042
04.09.2023 00:00	3.248	3.33	3.192	3.298	2677
05.09.2023 00:00	3.33	3.398	3.2800000000000002	3.354	2558
06.09.2023 00:00	3.41	3.43	3.1	3.24	2863
07.09.2023 00:00	3.24	3.2760000000000002	2.85	3.008	1800
08.09.2023 00:00	2.998	3.318	2.902	2.998	824
11.09.2023 00:00	2.95	3.18	2.944	3.1	933
12.09.2023 00:00	3.0580000000000003	3.164	3.0580000000000003	3.148	417
13.09.2023 00:00	3.2800000000000002	3.2960000000000003	3.076	3.12	995
14.09.2023 00:00	3.18	3.18	2.498	2.842	3429
15.09.2023 00:00	2.838	2.958	2.798	2.95	433
18.09.2023 00:00	2.95	2.998	2.8000000000000003	2.878	708
19.09.2023 00:00	2.998	3.048	2.608	2.652	932
20.09.2023 00:00	2.648	2.648	2.318	2.47	2535
21.09.2023 00:00	2.548	2.6	2.2	2.294	1432
22.09.2023 00:00	2.298	2.362	2.116	2.362	921
25.09.2023 00:00	2.422	2.478	2.398	2.422	359
26.09.2023 00:00	2.458	2.498	2.2840000000000003	2.37	1043
27.09.2023 00:00	2.492	2.492	2.37	2.446	881
28.09.2023 00:00	2.446	2.5460000000000003	2.43	2.478	899
29.09.2023 00:00	2.47	2.508	2.454	2.478	221
02.10.2023 00:00	2.482	2.5300000000000002	2.434	2.486	539
03.10.2023 00:00	2.402	2.49	2.382	2.43	802
04.10.2023 00:00	2.434	2.478	2.41	2.468	293
05.10.2023 00:00	2.462	2.568	2.45	2.56	403
06.10.2023 00:00	2.58	2.58	2.474	2.5220000000000002	596
09.10.2023 00:00	2.56	2.62	2.524	2.548	634
10.10.2023 00:00	2.5500000000000003	2.648	2.5	2.576	539
11.10.2023 00:00	2.576	2.686	2.568	2.68	575
12.10.2023 00:00	2.66	2.686	2.576	2.656	385
13.10.2023 00:00	2.644	2.702	2.644	2.68	307
16.10.2023 00:00	2.704	2.886	2.66	2.83	834
17.10.2023 00:00	2.83	2.96	2.758	2.882	1239
18.10.2023 00:00	2.938	3.1	2.87	2.95	2780
19.10.2023 00:00	2.95	3.0060000000000002	2.894	2.918	365
20.10.2023 00:00	2.914	2.914	2.6	2.66	1491
23.10.2023 00:00	2.7	2.7600000000000002	2.668	2.672	464
24.10.2023 00:00	2.728	2.748	2.656	2.684	396
25.10.2023 00:00	2.684	2.7720000000000002	2.66	2.68	245
26.10.2023 00:00	2.68	2.694	2.516	2.5460000000000003	451
27.10.2023 00:00	2.5460000000000003	2.588	2.41	2.516	421
30.10.2023 00:00	2.5020000000000002	2.572	2.5020000000000002	2.572	200
31.10.2023 00:00	2.572	2.636	2.5340000000000003	2.608	465
01.11.2023 00:00	2.584	2.6	2.516	2.5260000000000002	640
02.11.2023 00:00	2.5260000000000002	2.596	2.462	2.5380000000000003	723
03.11.2023 00:00	2.466	2.5420000000000003	2.466	2.5	284
06.11.2023 00:00	2.564	2.564	2.5060000000000002	2.5180000000000002	61
07.11.2023 00:00	2.5180000000000002	2.556	2.494	2.494	166
08.11.2023 00:00	2.5	2.5060000000000002	2.378	2.414	638
09.11.2023 00:00	2.402	2.41	2.16	2.326	524
10.11.2023 00:00	2.326	2.338	2.164	2.18	740
13.11.2023 00:00	2.188	2.188	1.9180000000000001	1.94	1649
14.11.2023 00:00	1.9100000000000001	1.9100000000000001	1.488	1.688	1764
15.11.2023 00:00	1.668	1.874	1.616	1.814	1007
16.11.2023 00:00	1.874	2.184	1.874	2.1	2835
17.11.2023 00:00	2.136	2.184	2.008	2.056	935
20.11.2023 00:00	2.056	2.072	1.8980000000000001	2.0	977
21.11.2023 00:00	2.0020000000000002	2.0420000000000003	1.8980000000000001	1.926	607
22.11.2023 00:00	1.93	1.994	1.9060000000000001	1.93	440
23.11.2023 00:00	1.93	1.942	1.874	1.874	907
24.11.2023 00:00	1.874	1.9060000000000001	1.81	1.81	307
27.11.2023 00:00	1.814	1.834	1.62	1.684	400
28.11.2023 00:00	1.722	2.076	1.672	1.922	3202
29.11.2023 00:00	1.946	1.978	1.85	1.8860000000000001	693
30.11.2023 00:00	1.8980000000000001	1.8980000000000001	1.722	1.78	350
01.12.2023 00:00	1.846	1.8980000000000001	1.752	1.766	542
04.12.2023 00:00	1.8780000000000001	2.112	1.754	1.788	3529
05.12.2023 00:00	1.8780000000000001	1.8780000000000001	1.6360000000000001	1.786	914
06.12.2023 00:00	1.788	1.866	1.688	1.716	263
07.12.2023 00:00	1.698	1.728	1.516	1.694	1394
08.12.2023 00:00	1.696	1.8	1.6640000000000001	1.788	476
11.12.2023 00:00	1.712	1.798	1.6600000000000001	1.68	336
12.12.2023 00:00	1.6640000000000001	1.686	1.568	1.68	298
13.12.2023 00:00	1.68	1.838	1.68	1.714	656
14.12.2023 00:00	1.73	1.76	1.708	1.744	109
15.12.2023 00:00	1.714	1.77	1.686	1.754	154
18.12.2023 00:00	1.768	1.846	1.68	1.806	750
19.12.2023 00:00	1.802	1.8900000000000001	1.8	1.818	711
20.12.2023 00:00	1.838	1.978	1.758	1.958	2035
21.12.2023 00:00	1.96	2.072	1.862	1.948	3222
22.12.2023 00:00	1.998	2.044	1.9180000000000001	1.938	596
25.12.2023 00:00	1.998	2.0180000000000002	1.7	1.874	2541
26.12.2023 00:00	1.8780000000000001	1.8780000000000001	1.742	1.752	730
27.12.2023 00:00	1.796	1.808	1.708	1.744	772
28.12.2023 00:00	1.744	1.744	1.676	1.696	535
29.12.2023 00:00	1.696	1.722	1.684	1.712	248
03.01.2024 00:00	1.73	1.756	1.686	1.752	265
04.01.2024 00:00	1.752	1.846	1.752	1.842	1225
05.01.2024 00:00	1.85	1.964	1.826	1.93	1292
08.01.2024 00:00	1.93	1.968	1.9060000000000001	1.93	669
09.01.2024 00:00	1.954	2.02	1.942	2.0180000000000002	1093
10.01.2024 00:00	2.0	2.068	2.0	2.048	1056
11.01.2024 00:00	2.064	2.116	1.998	2.052	584
12.01.2024 00:00	2.048	2.37	2.044	2.228	2872
15.01.2024 00:00	2.2600000000000002	2.354	2.22	2.35	1568
16.01.2024 00:00	2.354	2.39	2.208	2.2560000000000002	1297
17.01.2024 00:00	2.2560000000000002	2.258	2.2	2.24	492
18.01.2024 00:00	2.2560000000000002	2.2560000000000002	2.216	2.232	679
19.01.2024 00:00	2.232	2.322	2.232	2.282	1022
22.01.2024 00:00	2.2880000000000003	2.358	2.2760000000000002	2.298	880
23.01.2024 00:00	2.282	2.508	2.282	2.492	4051
24.01.2024 00:00	2.498	2.5380000000000003	2.298	2.422	1476
25.01.2024 00:00	2.5380000000000003	2.7680000000000002	2.5380000000000003	2.692	5493
26.01.2024 00:00	2.688	2.734	2.604	2.648	1089
29.01.2024 00:00	2.676	2.7680000000000002	2.5060000000000002	2.592	2046
30.01.2024 00:00	2.648	2.684	2.498	2.5300000000000002	917
31.01.2024 00:00	2.498	2.584	2.498	2.58	402
01.02.2024 00:00	2.58	2.608	2.45	2.474	1376
02.02.2024 00:00	2.476	2.5380000000000003	2.362	2.438	673
05.02.2024 00:00	2.442	2.47	2.37	2.398	366
06.02.2024 00:00	2.398	2.418	2.302	2.358	904
07.02.2024 00:00	2.366	2.498	2.298	2.434	1442
08.02.2024 00:00	2.422	2.422	2.306	2.338	470
09.02.2024 00:00	2.366	2.366	2.212	2.212	1593
12.02.2024 00:00	2.232	2.242	2.06	2.152	1459
13.02.2024 00:00	2.18	2.358	2.172	2.338	979
14.02.2024 00:00	2.342	2.482	2.242	2.3000000000000003	2635
15.02.2024 00:00	2.3000000000000003	2.354	2.2560000000000002	2.326	541
16.02.2024 00:00	2.326	2.338	2.29	2.314	320
19.02.2024 00:00	2.3000000000000003	2.3000000000000003	2.224	2.234	455
20.02.2024 00:00	2.234	2.242	2.176	2.176	420
21.02.2024 00:00	2.172	2.172	2.032	2.1	564
22.02.2024 00:00	1.952	2.144	1.952	2.072	1011
26.02.2024 00:00	2.092	2.176	2.092	2.136	546
27.02.2024 00:00	2.148	2.2640000000000002	2.144	2.2640000000000002	1022
28.02.2024 00:00	2.274	2.274	2.184	2.184	521
29.02.2024 00:00	2.208	2.35	2.188	2.2	1313
01.03.2024 00:00	2.212	2.568	2.188	2.466	9601
04.03.2024 00:00	2.438	2.466	2.31	2.362	5316
05.03.2024 00:00	2.362	2.386	2.31	2.338	498
06.03.2024 00:00	2.346	2.35	2.2560000000000002	2.3000000000000003	491
07.03.2024 00:00	2.2960000000000003	2.2960000000000003	2.234	2.266	440
11.03.2024 00:00	2.2640000000000002	2.294	2.2	2.248	250
12.03.2024 00:00	2.232	2.266	2.2	2.22	342
13.03.2024 00:00	2.2640000000000002	2.712	2.244	2.588	20773
14.03.2024 00:00	2.628	2.704	2.318	2.398	9091
15.03.2024 00:00	2.35	2.532	2.298	2.37	3435
18.03.2024 00:00	2.35	2.422	2.2720000000000002	2.398	1879
19.03.2024 00:00	2.35	2.438	2.35	2.37	754
20.03.2024 00:00	2.39	2.422	2.322	2.33	403
21.03.2024 00:00	2.346	2.374	2.326	2.35	320
22.03.2024 00:00	2.366	2.43	2.31	2.398	512
25.03.2024 00:00	2.35	2.422	2.322	2.354	419
26.03.2024 00:00	2.37	2.68	2.358	2.5500000000000003	6232
27.03.2024 00:00	2.612	2.612	2.466	2.49	1123
28.03.2024 00:00	2.498	2.548	2.45	2.468	569
29.03.2024 00:00	2.47	2.494	2.386	2.458	545
01.04.2024 00:00	2.434	2.458	2.37	2.406	759
02.04.2024 00:00	2.406	2.5420000000000003	2.406	2.43	1014
03.04.2024 00:00	2.43	2.8080000000000003	2.43	2.652	8408
04.04.2024 00:00	2.652	2.878	2.462	2.548	4263
05.04.2024 00:00	2.5540000000000003	2.664	2.5500000000000003	2.632	886
08.04.2024 00:00	2.632	2.75	2.6	2.6	1901
09.04.2024 00:00	2.696	2.7	2.572	2.58	775
10.04.2024 00:00	2.58	2.616	2.532	2.56	555
11.04.2024 00:00	2.548	2.676	2.5420000000000003	2.608	521
12.04.2024 00:00	2.668	2.692	2.562	2.628	1349
15.04.2024 00:00	2.608	2.664	2.5460000000000003	2.564	863
16.04.2024 00:00	2.592	2.596	2.5	2.5420000000000003	746
17.04.2024 00:00	2.588	2.686	2.5460000000000003	2.664	1945
18.04.2024 00:00	2.66	2.732	2.576	2.624	1205
19.04.2024 00:00	2.612	2.624	2.5540000000000003	2.6	329
22.04.2024 00:00	2.58	2.616	2.474	2.6	681
23.04.2024 00:00	2.588	2.668	2.588	2.624	873
24.04.2024 00:00	2.6	2.74	2.6	2.628	1602
25.04.2024 00:00	2.636	2.656	2.56	2.572	412
26.04.2024 00:00	2.588	2.632	2.5300000000000002	2.568	283
27.04.2024 00:00	2.5460000000000003	2.588	2.5180000000000002	2.5300000000000002	315
29.04.2024 00:00	2.524	2.5300000000000002	2.402	2.486	725
30.04.2024 00:00	2.482	2.486	2.422	2.478	443
02.05.2024 00:00	2.482	2.482	2.438	2.442	147
03.05.2024 00:00	2.438	2.474	2.422	2.45	156
06.05.2024 00:00	2.458	2.5260000000000002	2.454	2.5060000000000002	434
07.05.2024 00:00	2.462	2.548	2.446	2.482	802
08.05.2024 00:00	2.466	2.492	2.2800000000000002	2.39	1704
10.05.2024 00:00	2.37	2.402	2.358	2.386	234
13.05.2024 00:00	2.378	2.402	2.33	2.354	390
14.05.2024 00:00	2.374	2.378	2.314	2.334	228
15.05.2024 00:00	2.334	2.37	2.216	2.2560000000000002	1051
16.05.2024 00:00	2.29	2.43	2.2640000000000002	2.31	3458
17.05.2024 00:00	2.37	2.374	2.31	2.31	162
20.05.2024 00:00	2.306	2.326	2.22	2.22	539
21.05.2024 00:00	2.216	2.22	2.096	2.176	635
22.05.2024 00:00	2.176	2.216	2.168	2.216	271
23.05.2024 00:00	2.22	2.306	2.112	2.168	431
24.05.2024 00:00	2.152	2.184	2.072	2.104	376
27.05.2024 00:00	2.108	2.108	2.008	2.008	423
28.05.2024 00:00	2.008	2.148	1.998	2.076	443
29.05.2024 00:00	2.04	2.068	2.02	2.0260000000000002	246
30.05.2024 00:00	2.0300000000000002	2.044	1.972	1.98	249
31.05.2024 00:00	1.994	1.994	1.834	1.87	546
03.06.2024 00:00	1.8900000000000001	1.8900000000000001	1.73	1.808	549
04.06.2024 00:00	1.8980000000000001	2.2	1.8980000000000001	2.076	4124
05.06.2024 00:00	2.076	2.112	2.008	2.008	576
06.06.2024 00:00	2.016	2.032	1.948	1.984	172
07.06.2024 00:00	2.02	2.096	1.972	2.048	307
10.06.2024 00:00	2.124	2.148	1.998	2.016	317
11.06.2024 00:00	2.0100000000000002	2.354	1.994	2.14	3822
13.06.2024 00:00	2.144	2.144	2.0060000000000002	2.08	891
14.06.2024 00:00	2.1	2.318	2.072	2.232	1312
17.06.2024 00:00	2.2640000000000002	2.2640000000000002	2.148	2.152	688
18.06.2024 00:00	2.152	2.224	2.08	2.096	277
19.06.2024 00:00	2.084	2.112	2.068	2.068	622
20.06.2024 00:00	2.104	2.2560000000000002	2.088	2.188	532
21.06.2024 00:00	2.192	2.224	2.108	2.16	156
24.06.2024 00:00	2.16	2.18	2.116	2.16	101
25.06.2024 00:00	2.128	2.442	2.12	2.16	2971
26.06.2024 00:00	2.176	2.228	2.14	2.14	204
27.06.2024 00:00	2.152	2.204	2.152	2.156	263
28.06.2024 00:00	2.16	2.24	2.152	2.152	187
01.07.2024 00:00	2.156	2.228	2.14	2.184	324
02.07.2024 00:00	2.212	2.2560000000000002	2.156	2.172	273
03.07.2024 00:00	2.188	2.258	2.164	2.188	208
04.07.2024 00:00	2.192	2.24	2.164	2.184	118
05.07.2024 00:00	2.172	2.2720000000000002	2.168	2.242	308
08.07.2024 00:00	2.2800000000000002	2.398	2.212	2.2760000000000002	555
09.07.2024 00:00	2.2760000000000002	2.2760000000000002	2.096	2.112	553
10.07.2024 00:00	2.14	2.148	1.686	1.9180000000000001	1042
11.07.2024 00:00	1.948	1.988	1.9180000000000001	1.958	315
12.07.2024 00:00	1.958	1.984	1.9100000000000001	1.962	65
15.07.2024 00:00	1.976	1.978	1.874	1.8820000000000001	155
16.07.2024 00:00	1.8820000000000001	1.8980000000000001	1.754	1.788	628
17.07.2024 00:00	1.788	1.93	1.788	1.846	582
18.07.2024 00:00	1.846	1.87	1.83	1.85	106
19.07.2024 00:00	1.9060000000000001	1.934	1.858	1.8820000000000001	961
22.07.2024 00:00	1.8860000000000001	1.9100000000000001	1.81	1.858	1324
23.07.2024 00:00	1.85	1.87	1.85	1.862	92
24.07.2024 00:00	1.858	1.862	1.846	1.846	163
25.07.2024 00:00	1.862	1.866	1.846	1.85	83
26.07.2024 00:00	1.85	1.9180000000000001	1.826	1.858	280
29.07.2024 00:00	1.834	1.846	1.734	1.752	395
30.07.2024 00:00	1.752	1.774	1.712	1.756	227
31.07.2024 00:00	1.748	1.768	1.736	1.764	26
01.08.2024 00:00	1.766	1.87	1.766	1.818	171
02.08.2024 00:00	1.85	1.854	1.786	1.792	87
05.08.2024 00:00	1.75	1.758	1.71	1.722	200
06.08.2024 00:00	1.704	1.762	1.704	1.712	83
07.08.2024 00:00	1.726	1.744	1.672	1.708	493
08.08.2024 00:00	1.71	1.722	1.708	1.71	128
09.08.2024 00:00	1.738	1.738	1.672	1.698	83
12.08.2024 00:00	1.68	1.698	1.6440000000000001	1.6600000000000001	185
13.08.2024 00:00	1.688	1.728	1.6640000000000001	1.718	774
14.08.2024 00:00	1.726	1.8	1.722	1.726	546
15.08.2024 00:00	1.756	1.756	1.71	1.724	90
16.08.2024 00:00	1.728	1.772	1.7	1.72	146
19.08.2024 00:00	1.72	1.768	1.668	1.712	313
20.08.2024 00:00	1.71	1.772	1.698	1.74	338
21.08.2024 00:00	1.732	1.748	1.68	1.698	297
22.08.2024 00:00	1.708	1.708	1.6480000000000001	1.6480000000000001	196
23.08.2024 00:00	1.6480000000000001	1.6480000000000001	1.588	1.592	244
26.08.2024 00:00	1.608	1.6600000000000001	1.608	1.6360000000000001	73
27.08.2024 00:00	1.6480000000000001	1.668	1.6280000000000001	1.6440000000000001	13
28.08.2024 00:00	1.6440000000000001	1.6440000000000001	1.568	1.608	83
29.08.2024 00:00	1.58	1.6520000000000001	1.552	1.556	229
30.08.2024 00:00	1.572	1.572	1.5	1.548	133
02.09.2024 00:00	1.474	1.522	1.408	1.412	354
03.09.2024 00:00	1.354	1.468	1.346	1.434	356
04.09.2024 00:00	1.442	1.544	1.418	1.524	328
05.09.2024 00:00	1.47	1.6	1.47	1.6	140
06.09.2024 00:00	1.62	1.62	1.53	1.592	164
09.09.2024 00:00	1.592	1.612	1.568	1.596	18
10.09.2024 00:00	1.558	1.584	1.558	1.576	22
11.09.2024 00:00	1.552	1.564	1.528	1.54	71
12.09.2024 00:00	1.54	1.54	1.498	1.508	65
13.09.2024 00:00	1.492	1.522	1.456	1.504	31
16.09.2024 00:00	1.496	1.514	1.466	1.494	503
17.09.2024 00:00	1.51	1.568	1.498	1.546	290
18.09.2024 00:00	1.56	1.56	1.54	1.546	54
19.09.2024 00:00	1.546	1.56	1.54	1.56	34
20.09.2024 00:00	1.56	1.56	1.55	1.55	31
23.09.2024 00:00	1.558	1.568	1.552	1.554	119
24.09.2024 00:00	1.554	1.568	1.512	1.56	236
25.09.2024 00:00	1.552	1.6	1.552	1.596	269
26.09.2024 00:00	1.616	1.616	1.568	1.568	60
27.09.2024 00:00	1.592	1.696	1.584	1.584	276
30.09.2024 00:00	1.6360000000000001	1.6360000000000001	1.584	1.584	35
01.10.2024 00:00	1.612	1.6320000000000001	1.516	1.516	526
02.10.2024 00:00	1.546	1.55	1.518	1.518	65
03.10.2024 00:00	1.518	1.528	1.496	1.498	70
04.10.2024 00:00	1.506	1.514	1.494	1.514	65
07.10.2024 00:00	1.494	1.506	1.494	1.5	91
08.10.2024 00:00	1.498	1.498	1.448	1.496	144
09.10.2024 00:00	1.496	1.512	1.492	1.494	53
10.10.2024 00:00	1.506	1.51	1.5	1.5	19
11.10.2024 00:00	1.482	1.504	1.48	1.494	49
14.10.2024 00:00	1.486	1.496	1.478	1.49	34
15.10.2024 00:00	1.486	1.512	1.454	1.512	121
16.10.2024 00:00	1.514	1.542	1.498	1.498	345
17.10.2024 00:00	1.506	1.58	1.49	1.504	496
18.10.2024 00:00	1.554	1.554	1.488	1.488	91
21.10.2024 00:00	1.468	1.496	1.456	1.48	290
22.10.2024 00:00	1.492	1.492	1.458	1.458	7
23.10.2024 00:00	1.46	1.476	1.42	1.422	34
24.10.2024 00:00	1.3820000000000001	1.41	1.362	1.4060000000000001	145
25.10.2024 00:00	1.366	1.4060000000000001	1.346	1.3780000000000001	122
28.10.2024 00:00	1.374	1.4020000000000001	1.304	1.32	166
29.10.2024 00:00	1.32	1.366	1.32	1.338	79
30.10.2024 00:00	1.362	1.3980000000000001	1.362	1.3820000000000001	89
31.10.2024 00:00	1.3900000000000001	1.456	1.3780000000000001	1.3900000000000001	176
01.11.2024 00:00	1.3900000000000001	1.426	1.328	1.342	95
02.11.2024 00:00	1.342	1.346	1.33	1.33	80
05.11.2024 00:00	1.342	1.3780000000000001	1.328	1.342	120
06.11.2024 00:00	1.362	1.37	1.354	1.37	32
07.11.2024 00:00	1.354	1.374	1.354	1.374	23
08.11.2024 00:00	1.3900000000000001	1.446	1.358	1.4060000000000001	162
11.11.2024 00:00	1.4060000000000001	1.468	1.4060000000000001	1.432	386
12.11.2024 00:00	1.432	1.436	1.408	1.436	179
13.11.2024 00:00	1.416	1.484	1.414	1.478	77
14.11.2024 00:00	1.448	1.478	1.44	1.478	129
15.11.2024 00:00	1.514	1.758	1.488	1.576	5114
18.11.2024 00:00	1.576	1.6360000000000001	1.448	1.512	1869
19.11.2024 00:00	1.506	1.506	1.422	1.43	282
20.11.2024 00:00	1.418	1.452	1.366	1.434	189
21.11.2024 00:00	1.418	1.438	1.326	1.37	860
22.11.2024 00:00	1.374	1.3780000000000001	1.336	1.354	263
25.11.2024 00:00	1.35	1.35	1.3	1.314	391
26.11.2024 00:00	1.3	1.31	1.1360000000000001	1.158	806
27.11.2024 00:00	1.166	1.166	1.05	1.12	885
28.11.2024 00:00	1.1280000000000001	1.1500000000000001	1.12	1.1400000000000001	141
29.11.2024 00:00	1.1440000000000001	1.17	1.1440000000000001	1.158	129
02.12.2024 00:00	1.166	1.192	1.1460000000000001	1.166	239
03.12.2024 00:00	1.172	1.182	1.1280000000000001	1.1480000000000001	124
04.12.2024 00:00	1.154	1.234	1.114	1.184	491
05.12.2024 00:00	1.162	1.178	1.1480000000000001	1.178	106
06.12.2024 00:00	1.17	1.204	1.124	1.188	371
09.12.2024 00:00	1.2	1.234	1.194	1.216	171
10.12.2024 00:00	1.256	1.31	1.162	1.196	413
11.12.2024 00:00	1.178	1.244	1.176	1.244	164
12.12.2024 00:00	1.242	1.242	1.198	1.22	271
13.12.2024 00:00	1.188	1.218	1.1520000000000001	1.164	294
16.12.2024 00:00	1.156	1.162	1.1280000000000001	1.1400000000000001	121
17.12.2024 00:00	1.1360000000000001	1.1400000000000001	1.124	1.1400000000000001	192
18.12.2024 00:00	1.1360000000000001	1.1500000000000001	1.1280000000000001	1.1500000000000001	56
19.12.2024 00:00	1.1320000000000001	1.194	1.1320000000000001	1.164	71
20.12.2024 00:00	1.192	1.216	1.1360000000000001	1.21	566
23.12.2024 00:00	1.316	1.37	1.17	1.256	277
24.12.2024 00:00	1.256	1.286	1.208	1.226	266
25.12.2024 00:00	1.22	1.266	1.206	1.206	141
26.12.2024 00:00	1.228	1.258	1.21	1.24	63
27.12.2024 00:00	1.24	1.26	1.216	1.216	51
28.12.2024 00:00	1.248	1.266	1.246	1.264	28
30.12.2024 00:00	1.264	1.34	1.25	1.266	263
03.01.2025 00:00	1.328	1.338	1.266	1.266	150
06.01.2025 00:00	1.284	1.29	1.2	1.238	1130
08.01.2025 00:00	1.238	1.296	1.236	1.294	189
09.01.2025 00:00	1.316	1.32	1.272	1.292	169
10.01.2025 00:00	1.292	1.328	1.28	1.298	268
13.01.2025 00:00	1.326	1.3940000000000001	1.324	1.358	672
14.01.2025 00:00	1.354	1.358	1.302	1.34	197
15.01.2025 00:00	1.34	1.346	1.322	1.342	87
16.01.2025 00:00	1.362	1.374	1.33	1.37	626
17.01.2025 00:00	1.35	1.462	1.35	1.436	894
20.01.2025 00:00	1.44	1.698	1.3820000000000001	1.592	4537
21.01.2025 00:00	1.58	1.718	1.554	1.6600000000000001	1309
22.01.2025 00:00	1.6480000000000001	1.694	1.62	1.68	1322
23.01.2025 00:00	1.696	1.696	1.6360000000000001	1.672	875
24.01.2025 00:00	1.676	1.688	1.6440000000000001	1.6640000000000001	333
27.01.2025 00:00	1.6640000000000001	1.696	1.588	1.588	801
28.01.2025 00:00	1.588	1.8980000000000001	1.568	1.85	3668
29.01.2025 00:00	1.85	1.87	1.73	1.784	1292
30.01.2025 00:00	1.772	1.818	1.742	1.792	313
31.01.2025 00:00	1.834	1.858	1.792	1.792	202
03.02.2025 00:00	1.792	1.792	1.75	1.762	302
04.02.2025 00:00	1.776	1.814	1.6400000000000001	1.702	679
05.02.2025 00:00	1.698	1.698	1.592	1.604	1876
06.02.2025 00:00	1.62	1.68	1.604	1.62	329
07.02.2025 00:00	1.668	1.7	1.612	1.624	1518
10.02.2025 00:00	1.6280000000000001	1.6400000000000001	1.624	1.6280000000000001	181
11.02.2025 00:00	1.6400000000000001	1.672	1.6320000000000001	1.6520000000000001	327
12.02.2025 00:00	1.6600000000000001	1.702	1.6	1.6360000000000001	610
13.02.2025 00:00	1.6400000000000001	1.748	1.6400000000000001	1.692	729
14.02.2025 00:00	1.73	1.764	1.6640000000000001	1.692	607
17.02.2025 00:00	1.668	1.706	1.6600000000000001	1.704	506
18.02.2025 00:00	1.6640000000000001	1.706	1.6400000000000001	1.6600000000000001	305
19.02.2025 00:00	1.6520000000000001	1.686	1.6400000000000001	1.6400000000000001	221
20.02.2025 00:00	1.6400000000000001	1.6600000000000001	1.616	1.6360000000000001	511
21.02.2025 00:00	1.6280000000000001	1.6560000000000001	1.62	1.6480000000000001	241
24.02.2025 00:00	1.6480000000000001	1.6600000000000001	1.6360000000000001	1.6440000000000001	492
25.02.2025 00:00	1.6480000000000001	1.698	1.6360000000000001	1.6640000000000001	781
26.02.2025 00:00	1.68	1.706	1.6320000000000001	1.6600000000000001	649
27.02.2025 00:00	1.6400000000000001	1.672	1.616	1.6280000000000001	180
28.02.2025 00:00	1.6280000000000001	1.6280000000000001	1.572	1.608	206
03.03.2025 00:00	1.608	1.694	1.608	1.6440000000000001	753
04.03.2025 00:00	1.692	1.696	1.592	1.6480000000000001	571
05.03.2025 00:00	1.6560000000000001	1.692	1.6400000000000001	1.668	302
06.03.2025 00:00	1.69	1.692	1.6440000000000001	1.672	390
07.03.2025 00:00	1.684	1.688	1.6400000000000001	1.6400000000000001	129
10.03.2025 00:00	1.6600000000000001	1.668	1.6480000000000001	1.6640000000000001	112
11.03.2025 00:00	1.6480000000000001	1.672	1.6480000000000001	1.6560000000000001	34
12.03.2025 00:00	1.6440000000000001	1.6440000000000001	1.6	1.6	199
13.03.2025 00:00	1.608	1.6440000000000001	1.588	1.6	829
14.03.2025 00:00	1.624	1.6360000000000001	1.596	1.616	210
17.03.2025 00:00	1.62	1.6400000000000001	1.592	1.6360000000000001	133
18.03.2025 00:00	1.6360000000000001	1.6440000000000001	1.624	1.6360000000000001	53
19.03.2025 00:00	1.6360000000000001	1.6400000000000001	1.612	1.6360000000000001	163
20.03.2025 00:00	1.6360000000000001	1.6360000000000001	1.588	1.6	138
21.03.2025 00:00	1.6	1.6280000000000001	1.572	1.584	276
24.03.2025 00:00	1.62	1.62	1.604	1.608	39
25.03.2025 00:00	1.608	1.616	1.604	1.612	25
26.03.2025 00:00	1.608	1.608	1.54	1.552	431
27.03.2025 00:00	1.56	1.56	1.236	1.498	349
28.03.2025 00:00	1.5	1.526	1.4020000000000001	1.416	856
31.03.2025 00:00	1.416	1.492	1.3820000000000001	1.4020000000000001	1755
01.04.2025 00:00	1.412	1.458	1.4020000000000001	1.458	153
02.04.2025 00:00	1.452	1.454	1.3980000000000001	1.3980000000000001	260
03.04.2025 00:00	1.42	1.42	1.3900000000000001	1.3940000000000001	65
04.04.2025 00:00	1.374	1.4020000000000001	1.354	1.37	31
07.04.2025 00:00	1.312	1.35	1.3	1.312	165
08.04.2025 00:00	1.322	1.346	1.32	1.34	56
09.04.2025 00:00	1.324	1.324	1.27	1.272	489
10.04.2025 00:00	1.31	1.338	1.306	1.32	39
11.04.2025 00:00	1.328	1.358	1.328	1.358	36
14.04.2025 00:00	1.366	1.3780000000000001	1.342	1.3780000000000001	116
15.04.2025 00:00	1.3860000000000001	1.3980000000000001	1.3780000000000001	1.3860000000000001	26
16.04.2025 00:00	1.3820000000000001	1.422	1.3780000000000001	1.422	56
17.04.2025 00:00	1.42	1.456	1.42	1.436	85
18.04.2025 00:00	1.438	1.438	1.428	1.428	68
21.04.2025 00:00	1.428	1.436	1.428	1.436	40
22.04.2025 00:00	1.426	1.436	1.426	1.43	12
23.04.2025 00:00	1.43	1.43	1.3900000000000001	1.4020000000000001	64
24.04.2025 00:00	1.3980000000000001	1.416	1.3980000000000001	1.41	18
25.04.2025 00:00	1.418	1.438	1.418	1.436	87
28.04.2025 00:00	1.436	1.438	1.418	1.418	70
29.04.2025 00:00	1.408	1.408	1.3900000000000001	1.4060000000000001	30
30.04.2025 00:00	1.3980000000000001	1.436	1.358	1.358	680
02.05.2025 00:00	1.366	1.3780000000000001	1.326	1.37	109
05.05.2025 00:00	1.37	1.37	1.31	1.334	146
06.05.2025 00:00	1.326	1.35	1.326	1.346	41
07.05.2025 00:00	1.328	1.342	1.328	1.342	11
08.05.2025 00:00	1.34	1.346	1.31	1.346	32
12.05.2025 00:00	1.346	1.366	1.346	1.358	34
13.05.2025 00:00	1.366	1.428	1.366	1.3780000000000001	202
14.05.2025 00:00	1.37	1.3860000000000001	1.34	1.346	185
15.05.2025 00:00	1.346	1.346	1.328	1.346	45
16.05.2025 00:00	1.34	1.346	1.34	1.346	4
19.05.2025 00:00	1.35	1.3860000000000001	1.334	1.334	97
20.05.2025 00:00	1.328	1.328	1.274	1.294	303
21.05.2025 00:00	1.294	1.316	1.258	1.29	242
22.05.2025 00:00	1.274	1.274	1.228	1.256	76
