datetime	open	high	low	close	volume
13.03.2018 00:00	18.0	18.0	18.0	18.0	10
15.03.2018 00:00	17.8	17.8	17.6	17.6	80
19.03.2018 00:00	17.8	17.8	16.8	16.8	40
20.03.2018 00:00	16.6	18.6	16.6	16.6	10
21.03.2018 00:00	18.6	18.6	16.6	16.6	80
22.03.2018 00:00	17.6	18.2	16.8	17.6	410
26.03.2018 00:00	18.6	21.6	17.8	19.200000000000003	50
27.03.2018 00:00	19.6	20.6	18.8	19.6	400
28.03.2018 00:00	18.8	21.6	18.6	19.6	120
29.03.2018 00:00	21.0	21.6	18.6	19.8	100
06.04.2018 00:00	20.6	20.6	20.6	20.6	10
09.04.2018 00:00	17.8	20.0	17.8	19.6	20
10.04.2018 00:00	17.8	20.0	17.8	20.0	20
17.04.2018 00:00	20.6	20.6	20.6	20.6	20
18.04.2018 00:00	19.8	19.8	19.8	19.8	10
20.04.2018 00:00	20.6	20.6	20.6	20.6	10
25.04.2018 00:00	18.2	20.6	18.2	20.6	160
27.04.2018 00:00	20.200000000000003	20.6	20.200000000000003	20.200000000000003	10
04.05.2018 00:00	22.6	22.6	19.8	19.8	20
07.05.2018 00:00	22.8	22.8	19.8	20.6	50
08.05.2018 00:00	19.8	19.8	19.8	19.8	30
16.05.2018 00:00	23.6	23.6	23.6	23.6	10
28.05.2018 00:00	19.200000000000003	19.200000000000003	19.200000000000003	19.200000000000003	10
04.06.2018 00:00	20.8	20.8	20.8	20.8	10
08.06.2018 00:00	21.6	21.6	20.6	20.8	410
09.06.2018 00:00	24.200000000000003	24.200000000000003	21.6	21.6	20
11.06.2018 00:00	22.8	22.8	22.8	22.8	10
15.06.2018 00:00	23.6	23.6	23.6	23.6	10
19.06.2018 00:00	21.200000000000003	21.200000000000003	21.200000000000003	21.200000000000003	40
20.06.2018 00:00	20.6	20.8	19.200000000000003	20.6	140
26.06.2018 00:00	22.0	22.0	17.8	17.8	20
27.06.2018 00:00	22.6	22.6	22.6	22.6	10
28.06.2018 00:00	19.200000000000003	19.200000000000003	19.200000000000003	19.200000000000003	10
29.06.2018 00:00	23.200000000000003	23.200000000000003	23.200000000000003	23.200000000000003	10
06.07.2018 00:00	21.0	22.6	20.8	22.6	30
09.07.2018 00:00	27.6	27.6	21.0	21.0	70
10.07.2018 00:00	19.0	22.6	19.0	22.6	20
26.07.2018 00:00	21.8	21.8	21.8	21.8	10
10.08.2018 00:00	19.8	20.0	19.8	20.0	170
13.08.2018 00:00	19.8	19.8	19.8	19.8	580
28.08.2018 00:00	20.8	20.8	20.8	20.8	20
30.08.2018 00:00	21.6	21.6	20.8	20.8	20
21.09.2018 00:00	21.8	21.8	21.8	21.8	20
28.09.2018 00:00	20.0	20.0	20.0	20.0	20
03.10.2018 00:00	22.0	22.0	22.0	22.0	10
05.10.2018 00:00	25.6	25.6	21.8	21.8	20
09.10.2018 00:00	21.6	21.6	21.6	21.6	10
10.10.2018 00:00	21.6	21.6	21.200000000000003	21.200000000000003	20
19.10.2018 00:00	21.8	21.8	21.8	21.8	10
29.10.2018 00:00	20.6	20.6	20.6	20.6	10
31.10.2018 00:00	27.8	27.8	23.8	24.8	30
01.11.2018 00:00	21.8	25.6	21.6	23.8	80
02.11.2018 00:00	26.200000000000003	26.200000000000003	26.200000000000003	26.200000000000003	10
07.11.2018 00:00	22.200000000000003	23.200000000000003	22.200000000000003	23.200000000000003	40
08.11.2018 00:00	23.6	23.6	23.6	23.6	20
13.11.2018 00:00	26.200000000000003	27.8	14.0	22.200000000000003	670
16.11.2018 00:00	20.0	21.200000000000003	20.0	21.200000000000003	50
20.11.2018 00:00	26.200000000000003	26.200000000000003	20.200000000000003	20.200000000000003	170
21.11.2018 00:00	19.8	21.0	19.8	21.0	20
23.11.2018 00:00	20.6	21.0	20.6	20.8	60
26.11.2018 00:00	21.200000000000003	21.200000000000003	21.200000000000003	21.200000000000003	30
30.11.2018 00:00	21.200000000000003	21.200000000000003	21.200000000000003	21.200000000000003	10
03.12.2018 00:00	21.200000000000003	21.200000000000003	21.200000000000003	21.200000000000003	20
04.12.2018 00:00	20.8	20.8	20.8	20.8	70
07.12.2018 00:00	21.0	21.0	20.6	20.6	40
14.12.2018 00:00	20.6	20.6	20.6	20.6	20
26.12.2018 00:00	20.6	20.8	20.6	20.8	20
28.12.2018 00:00	26.6	26.6	26.6	26.6	40
29.12.2018 00:00	26.6	26.6	21.6	21.6	90
09.01.2019 00:00	20.200000000000003	20.200000000000003	20.200000000000003	20.200000000000003	10
16.01.2019 00:00	19.8	26.400000000000002	19.8	23.0	170
17.01.2019 00:00	23.0	23.0	23.0	23.0	10
21.01.2019 00:00	22.6	22.6	22.6	22.6	10
24.01.2019 00:00	20.200000000000003	22.200000000000003	20.200000000000003	22.200000000000003	90
28.01.2019 00:00	21.0	21.0	21.0	21.0	10
29.01.2019 00:00	21.0	21.200000000000003	21.0	21.200000000000003	20
30.01.2019 00:00	21.6	21.8	21.6	21.8	30
06.02.2019 00:00	22.8	22.8	22.8	22.8	20
07.02.2019 00:00	21.6	21.6	21.6	21.6	10
08.02.2019 00:00	19.6	21.6	18.6	21.6	70
11.02.2019 00:00	21.8	21.8	21.6	21.6	20
13.02.2019 00:00	21.8	21.8	21.8	21.8	10
19.02.2019 00:00	20.8	20.8	20.8	20.8	50
25.02.2019 00:00	20.8	20.8	20.8	20.8	50
26.02.2019 00:00	22.8	24.8	21.6	23.6	160
27.02.2019 00:00	20.8	26.8	20.6	21.8	580
28.02.2019 00:00	20.6	22.6	20.6	22.6	30
01.03.2019 00:00	19.8	21.6	19.8	20.8	30
04.03.2019 00:00	22.8	22.8	20.6	22.6	60
05.03.2019 00:00	23.6	23.6	22.8	22.8	20
06.03.2019 00:00	21.8	25.6	21.8	24.6	1030
07.03.2019 00:00	23.8	23.8	21.8	21.8	130
11.03.2019 00:00	20.8	23.6	20.8	22.6	70
12.03.2019 00:00	20.8	25.6	19.8	21.8	1760
13.03.2019 00:00	21.8	22.6	21.8	22.6	210
15.03.2019 00:00	22.6	22.6	21.6	21.8	50
18.03.2019 00:00	21.8	21.8	21.8	21.8	10
19.03.2019 00:00	21.6	21.6	20.6	21.6	140
21.03.2019 00:00	21.6	21.6	21.6	21.6	10
22.03.2019 00:00	20.8	26.400000000000002	20.8	23.8	3320
25.03.2019 00:00	22.6	23.8	21.6	21.8	840
26.03.2019 00:00	21.8	21.8	21.6	21.6	340
28.03.2019 00:00	22.6	27.8	21.8	24.6	2760
29.03.2019 00:00	24.6	26.8	23.6	23.8	540
01.04.2019 00:00	23.6	27.8	23.6	24.6	440
02.04.2019 00:00	24.6	25.8	21.6	22.8	740
03.04.2019 00:00	23.8	23.8	22.8	22.8	50
04.04.2019 00:00	22.8	22.8	22.8	22.8	20
05.04.2019 00:00	22.8	23.6	22.8	23.6	110
08.04.2019 00:00	22.8	32.4	22.6	29.8	11040
09.04.2019 00:00	30.8	36.800000000000004	23.8	25.8	9380
10.04.2019 00:00	26.400000000000002	35.4	25.8	27.400000000000002	10920
11.04.2019 00:00	28.400000000000002	32.800000000000004	25.8	26.400000000000002	2590
12.04.2019 00:00	27.8	29.400000000000002	25.8	26.400000000000002	870
15.04.2019 00:00	25.8	27.400000000000002	18.6	25.6	2030
16.04.2019 00:00	26.8	27.400000000000002	25.8	25.8	710
17.04.2019 00:00	26.8	26.8	26.400000000000002	26.400000000000002	140
18.04.2019 00:00	25.8	25.8	25.8	25.8	110
19.04.2019 00:00	25.6	25.6	22.8	25.6	250
22.04.2019 00:00	26.400000000000002	26.8	25.6	26.8	550
23.04.2019 00:00	25.8	31.8	25.6	26.400000000000002	2360
24.04.2019 00:00	25.6	25.6	24.8	25.6	160
25.04.2019 00:00	25.8	25.8	24.6	24.6	40
26.04.2019 00:00	24.6	27.8	22.8	25.6	1620
29.04.2019 00:00	25.8	25.8	23.6	24.6	240
30.04.2019 00:00	23.8	24.6	23.6	24.6	60
02.05.2019 00:00	23.6	25.6	22.6	25.6	490
03.05.2019 00:00	24.6	25.6	24.6	24.6	260
06.05.2019 00:00	23.6	24.6	23.6	23.8	50
08.05.2019 00:00	23.6	23.6	23.6	23.6	110
10.05.2019 00:00	22.8	22.8	22.8	22.8	30
13.05.2019 00:00	22.8	23.8	21.8	22.6	130
14.05.2019 00:00	22.6	22.6	21.8	21.8	140
15.05.2019 00:00	21.8	21.8	21.8	21.8	20
16.05.2019 00:00	21.6	22.6	21.6	21.8	50
17.05.2019 00:00	21.8	22.6	21.6	22.6	200
20.05.2019 00:00	22.8	23.8	22.8	22.8	140
22.05.2019 00:00	22.6	22.8	21.6	22.6	150
23.05.2019 00:00	22.6	22.6	22.6	22.6	10
24.05.2019 00:00	21.8	21.8	21.8	21.8	10
27.05.2019 00:00	22.8	22.8	21.8	21.8	70
28.05.2019 00:00	22.6	22.8	22.6	22.8	220
29.05.2019 00:00	22.6	22.6	21.8	22.6	100
31.05.2019 00:00	21.8	21.8	21.6	21.8	110
03.06.2019 00:00	22.6	22.6	21.8	21.8	70
04.06.2019 00:00	21.8	21.8	21.8	21.8	20
05.06.2019 00:00	21.8	21.8	21.8	21.8	30
06.06.2019 00:00	21.6	21.6	20.8	20.8	50
14.06.2019 00:00	20.8	20.8	20.8	20.8	100
18.06.2019 00:00	21.8	21.8	21.8	21.8	30
20.06.2019 00:00	21.8	23.6	21.8	22.8	70
21.06.2019 00:00	22.8	22.8	21.8	21.8	20
25.06.2019 00:00	20.6	21.6	19.8	20.8	440
27.06.2019 00:00	20.8	20.8	19.8	20.8	80
01.07.2019 00:00	21.8	28.8	21.8	28.8	5690
02.07.2019 00:00	29.8	34.800000000000004	25.6	25.8	7840
03.07.2019 00:00	25.6	25.8	24.6	24.8	250
04.07.2019 00:00	25.6	28.400000000000002	24.8	24.8	1280
05.07.2019 00:00	24.6	24.8	23.6	24.8	150
08.07.2019 00:00	24.8	24.8	24.8	24.8	30
09.07.2019 00:00	23.8	23.8	23.8	23.8	20
10.07.2019 00:00	23.8	23.8	23.8	23.8	40
11.07.2019 00:00	23.8	23.8	23.8	23.8	10
12.07.2019 00:00	23.8	23.8	21.8	22.8	260
15.07.2019 00:00	23.6	23.8	22.6	22.6	150
16.07.2019 00:00	23.6	23.6	23.6	23.6	50
17.07.2019 00:00	22.6	25.6	22.6	23.8	290
18.07.2019 00:00	24.6	28.8	24.6	24.8	3230
19.07.2019 00:00	24.6	27.8	23.6	23.8	980
22.07.2019 00:00	24.6	24.6	24.6	24.6	40
23.07.2019 00:00	24.6	24.6	24.6	24.6	30
24.07.2019 00:00	23.6	24.6	22.8	22.8	200
25.07.2019 00:00	23.8	23.8	23.6	23.8	40
26.07.2019 00:00	22.8	22.8	22.8	22.8	50
29.07.2019 00:00	23.8	25.8	23.6	24.8	760
30.07.2019 00:00	25.6	25.6	22.8	25.6	310
31.07.2019 00:00	25.6	28.8	23.6	24.8	1780
01.08.2019 00:00	23.8	24.6	22.6	24.6	330
02.08.2019 00:00	23.8	24.6	23.8	24.6	60
05.08.2019 00:00	24.6	24.6	24.6	24.6	20
06.08.2019 00:00	24.8	27.8	23.6	23.8	1630
07.08.2019 00:00	24.6	24.8	23.8	24.8	460
08.08.2019 00:00	24.8	26.8	24.8	25.6	1180
09.08.2019 00:00	24.6	24.8	23.8	24.6	310
13.08.2019 00:00	23.8	30.8	23.8	28.8	1710
14.08.2019 00:00	28.8	28.8	25.6	25.6	810
15.08.2019 00:00	25.6	26.400000000000002	25.6	25.8	180
16.08.2019 00:00	25.6	25.6	25.6	25.6	30
19.08.2019 00:00	25.8	26.400000000000002	25.6	25.6	200
20.08.2019 00:00	25.8	29.400000000000002	25.8	25.8	1290
21.08.2019 00:00	25.8	25.8	25.6	25.8	240
22.08.2019 00:00	26.8	26.8	25.8	25.8	30
23.08.2019 00:00	26.8	26.8	26.400000000000002	26.400000000000002	300
26.08.2019 00:00	25.8	32.800000000000004	25.8	31.400000000000002	9950
27.08.2019 00:00	31.400000000000002	40.800000000000004	29.8	35.4	16490
28.08.2019 00:00	33.4	33.4	27.8	28.8	5080
29.08.2019 00:00	28.8	29.8	27.8	28.8	680
30.08.2019 00:00	28.400000000000002	28.400000000000002	26.8	27.400000000000002	670
02.09.2019 00:00	27.400000000000002	27.8	26.8	27.8	410
03.09.2019 00:00	27.400000000000002	28.400000000000002	27.400000000000002	27.8	270
04.09.2019 00:00	27.400000000000002	27.8	26.8	27.8	310
06.09.2019 00:00	27.400000000000002	27.400000000000002	27.400000000000002	27.400000000000002	20
09.09.2019 00:00	27.8	27.8	26.8	26.8	30
10.09.2019 00:00	27.400000000000002	27.400000000000002	27.400000000000002	27.400000000000002	40
11.09.2019 00:00	26.8	27.400000000000002	26.8	27.400000000000002	80
12.09.2019 00:00	27.400000000000002	27.400000000000002	27.400000000000002	27.400000000000002	990
13.09.2019 00:00	26.8	26.8	26.8	26.8	60
16.09.2019 00:00	26.400000000000002	26.8	26.400000000000002	26.8	90
17.09.2019 00:00	26.400000000000002	26.400000000000002	22.8	25.8	3260
18.09.2019 00:00	25.8	25.8	24.6	24.8	1000
19.09.2019 00:00	25.8	25.8	25.6	25.8	50
20.09.2019 00:00	25.8	25.8	25.6	25.6	120
23.09.2019 00:00	25.6	25.6	24.8	25.6	140
24.09.2019 00:00	25.6	25.8	25.6	25.8	190
25.09.2019 00:00	25.6	25.6	24.8	25.6	70
26.09.2019 00:00	24.8	25.6	24.6	25.6	220
27.09.2019 00:00	24.8	25.6	24.8	25.6	300
30.09.2019 00:00	25.6	25.8	24.8	25.6	160
01.10.2019 00:00	24.8	25.6	23.8	24.8	330
02.10.2019 00:00	25.6	25.8	24.8	25.8	680
03.10.2019 00:00	24.8	26.400000000000002	24.6	25.6	1020
04.10.2019 00:00	25.6	25.6	25.6	25.6	10
07.10.2019 00:00	24.8	25.6	24.8	25.6	30
09.10.2019 00:00	24.8	25.6	24.8	25.6	40
10.10.2019 00:00	24.8	25.6	24.8	25.6	270
11.10.2019 00:00	25.8	25.8	24.6	24.6	450
14.10.2019 00:00	24.6	24.6	24.6	24.6	660
15.10.2019 00:00	24.8	24.8	24.8	24.8	240
16.10.2019 00:00	24.8	24.8	24.8	24.8	160
17.10.2019 00:00	24.8	24.8	24.8	24.8	10
21.10.2019 00:00	24.8	24.8	24.6	24.6	60
22.10.2019 00:00	23.8	24.8	23.8	24.8	30
23.10.2019 00:00	24.6	24.6	24.6	24.6	70
24.10.2019 00:00	23.8	23.8	23.8	23.8	100
25.10.2019 00:00	23.8	23.8	23.8	23.8	50
28.10.2019 00:00	23.8	23.8	23.8	23.8	100
29.10.2019 00:00	23.8	24.6	23.8	24.6	110
31.10.2019 00:00	23.8	23.8	23.8	23.8	170
05.11.2019 00:00	23.8	23.8	23.8	23.8	30
06.11.2019 00:00	23.6	23.6	22.6	23.6	260
11.11.2019 00:00	23.8	23.8	23.8	23.8	10
12.11.2019 00:00	24.6	24.6	23.8	23.8	20
13.11.2019 00:00	24.6	24.6	23.8	23.8	40
14.11.2019 00:00	23.8	23.8	23.8	23.8	50
21.11.2019 00:00	22.8	23.8	22.8	23.8	170
22.11.2019 00:00	24.6	24.8	24.6	24.6	170
26.11.2019 00:00	24.6	24.6	23.6	23.6	140
27.11.2019 00:00	24.6	24.6	24.6	24.6	70
28.11.2019 00:00	23.8	23.8	23.6	23.8	40
02.12.2019 00:00	23.6	23.8	23.6	23.8	40
04.12.2019 00:00	24.6	24.6	24.6	24.6	10
06.12.2019 00:00	22.8	24.6	22.8	23.8	470
09.12.2019 00:00	22.8	23.6	21.6	23.6	150
11.12.2019 00:00	23.6	23.6	22.8	22.8	60
12.12.2019 00:00	23.6	23.6	23.6	23.6	10
16.12.2019 00:00	23.6	23.6	22.8	23.6	40
17.12.2019 00:00	23.6	23.6	23.6	23.6	30
19.12.2019 00:00	23.6	23.6	22.6	22.8	80
20.12.2019 00:00	22.8	22.8	22.8	22.8	10
23.12.2019 00:00	23.8	23.8	23.8	23.8	10
24.12.2019 00:00	22.8	23.8	22.6	23.8	100
26.12.2019 00:00	23.6	23.8	23.6	23.8	60
30.12.2019 00:00	23.6	24.6	22.8	24.6	810
03.01.2020 00:00	24.6	24.6	24.6	24.6	10
06.01.2020 00:00	24.6	24.6	23.6	24.6	180
08.01.2020 00:00	23.6	23.8	23.6	23.8	50
09.01.2020 00:00	23.8	23.8	23.8	23.8	10
10.01.2020 00:00	23.6	23.8	23.6	23.8	40
13.01.2020 00:00	23.8	23.8	22.8	23.6	310
14.01.2020 00:00	23.8	24.6	23.6	23.8	580
15.01.2020 00:00	24.6	27.8	23.8	24.6	3160
16.01.2020 00:00	24.8	25.6	24.6	24.8	700
17.01.2020 00:00	25.6	25.8	22.6	24.8	1130
20.01.2020 00:00	24.8	24.8	23.8	24.8	740
21.01.2020 00:00	24.6	24.8	23.8	24.8	230
22.01.2020 00:00	23.8	24.8	23.8	24.6	440
23.01.2020 00:00	23.8	24.6	23.8	23.8	280
24.01.2020 00:00	23.8	24.6	23.8	23.8	90
27.01.2020 00:00	23.6	24.6	22.8	24.6	170
28.01.2020 00:00	24.6	24.6	24.6	24.6	50
29.01.2020 00:00	24.6	24.6	24.6	24.6	10
30.01.2020 00:00	24.6	24.6	23.8	23.8	120
31.01.2020 00:00	23.8	24.6	23.8	24.6	20
03.02.2020 00:00	24.6	24.6	24.6	24.6	10
04.02.2020 00:00	24.6	24.6	24.6	24.6	40
05.02.2020 00:00	24.6	24.6	24.6	24.6	10
06.02.2020 00:00	23.8	24.6	23.8	24.6	60
07.02.2020 00:00	23.8	24.6	23.8	24.6	20
10.02.2020 00:00	23.6	24.8	20.8	23.8	570
11.02.2020 00:00	23.8	25.6	23.8	24.8	760
12.02.2020 00:00	25.6	25.8	24.6	24.8	1750
13.02.2020 00:00	25.6	25.8	25.6	25.8	690
14.02.2020 00:00	25.8	29.400000000000002	25.8	26.400000000000002	2160
17.02.2020 00:00	25.8	26.8	25.6	25.6	240
18.02.2020 00:00	25.8	26.400000000000002	25.6	25.8	430
19.02.2020 00:00	25.8	25.8	25.8	25.8	70
20.02.2020 00:00	26.400000000000002	26.400000000000002	25.8	26.400000000000002	260
21.02.2020 00:00	25.8	26.8	25.6	26.8	260
26.02.2020 00:00	25.8	25.8	25.6	25.8	160
27.02.2020 00:00	25.8	25.8	23.8	23.8	450
28.02.2020 00:00	22.8	23.8	21.8	22.6	510
02.03.2020 00:00	23.6	23.8	22.8	23.6	150
03.03.2020 00:00	23.8	23.8	23.8	23.8	130
04.03.2020 00:00	23.8	23.8	23.8	23.8	30
05.03.2020 00:00	24.6	24.6	23.6	23.6	120
10.03.2020 00:00	22.8	23.6	22.8	22.8	90
11.03.2020 00:00	24.8	24.8	23.8	23.8	30
12.03.2020 00:00	22.6	22.6	20.6	20.6	180
13.03.2020 00:00	21.6	21.8	20.8	21.8	60
16.03.2020 00:00	20.6	20.6	17.8	20.6	140
17.03.2020 00:00	19.8	19.8	19.8	19.8	10
18.03.2020 00:00	19.8	20.6	19.6	19.8	50
19.03.2020 00:00	20.6	20.6	13.4	17.8	1320
20.03.2020 00:00	18.8	24.8	18.8	22.8	1430
23.03.2020 00:00	24.8	24.8	21.6	23.8	240
24.03.2020 00:00	23.6	23.8	23.6	23.8	60
25.03.2020 00:00	23.6	23.6	23.6	23.6	50
26.03.2020 00:00	24.8	28.8	23.8	23.8	1420
27.03.2020 00:00	22.8	22.8	22.6	22.8	580
30.03.2020 00:00	22.6	22.6	22.6	22.6	10
31.03.2020 00:00	22.8	26.8	22.8	26.400000000000002	1250
01.04.2020 00:00	26.400000000000002	36.800000000000004	23.8	34.800000000000004	12520
02.04.2020 00:00	36.4	39.400000000000006	30.400000000000002	31.400000000000002	10390
03.04.2020 00:00	29.400000000000002	30.8	28.400000000000002	29.8	1120
06.04.2020 00:00	29.400000000000002	30.400000000000002	28.8	30.400000000000002	300
07.04.2020 00:00	29.8	30.8	29.8	30.400000000000002	400
08.04.2020 00:00	30.400000000000002	30.400000000000002	29.8	29.8	280
09.04.2020 00:00	30.8	31.400000000000002	30.8	30.8	240
10.04.2020 00:00	29.8	30.8	29.400000000000002	30.400000000000002	780
13.04.2020 00:00	29.8	30.400000000000002	28.8	29.8	200
14.04.2020 00:00	29.8	29.8	29.8	29.8	10
15.04.2020 00:00	29.8	29.8	25.8	28.400000000000002	420
16.04.2020 00:00	28.400000000000002	31.400000000000002	28.400000000000002	31.400000000000002	340
17.04.2020 00:00	30.8	41.400000000000006	30.400000000000002	30.8	6490
20.04.2020 00:00	29.8	30.8	29.8	30.8	180
21.04.2020 00:00	31.8	31.8	28.400000000000002	29.400000000000002	440
22.04.2020 00:00	29.400000000000002	38.400000000000006	29.400000000000002	31.8	7220
23.04.2020 00:00	32.4	34.800000000000004	31.400000000000002	31.400000000000002	680
24.04.2020 00:00	31.8	31.8	30.400000000000002	31.400000000000002	400
27.04.2020 00:00	31.8	31.8	30.400000000000002	30.8	330
28.04.2020 00:00	31.400000000000002	38.800000000000004	30.8	32.4	2350
29.04.2020 00:00	32.800000000000004	33.4	30.8	31.8	270
30.04.2020 00:00	31.400000000000002	43.800000000000004	30.8	40.800000000000004	6940
04.05.2020 00:00	41.800000000000004	44.800000000000004	34.800000000000004	36.4	9880
05.05.2020 00:00	36.800000000000004	37.800000000000004	35.800000000000004	36.4	750
06.05.2020 00:00	36.4	36.4	33.4	34.4	2360
07.05.2020 00:00	33.800000000000004	33.800000000000004	33.4	33.800000000000004	200
08.05.2020 00:00	33.4	33.800000000000004	32.800000000000004	33.800000000000004	80
12.05.2020 00:00	33.800000000000004	34.4	32.800000000000004	33.4	340
13.05.2020 00:00	33.4	37.800000000000004	32.800000000000004	33.4	5410
14.05.2020 00:00	32.800000000000004	33.800000000000004	31.8	32.800000000000004	1250
15.05.2020 00:00	32.800000000000004	32.800000000000004	30.8	31.8	2390
18.05.2020 00:00	31.8	31.8	30.8	31.8	350
19.05.2020 00:00	31.8	32.4	31.8	32.4	30
20.05.2020 00:00	31.8	31.8	31.400000000000002	31.8	390
21.05.2020 00:00	31.400000000000002	31.400000000000002	30.8	31.400000000000002	270
22.05.2020 00:00	31.8	31.8	30.8	31.400000000000002	160
25.05.2020 00:00	30.8	31.400000000000002	30.8	31.400000000000002	70
26.05.2020 00:00	30.8	40.800000000000004	30.400000000000002	33.800000000000004	3930
27.05.2020 00:00	32.800000000000004	34.4	31.8	32.800000000000004	690
28.05.2020 00:00	32.800000000000004	32.800000000000004	31.8	32.4	1500
29.05.2020 00:00	31.8	32.800000000000004	31.400000000000002	31.8	460
01.06.2020 00:00	31.400000000000002	32.4	31.400000000000002	31.400000000000002	330
02.06.2020 00:00	31.400000000000002	31.8	31.400000000000002	31.8	80
03.06.2020 00:00	31.8	32.4	31.8	31.8	30
04.06.2020 00:00	32.4	32.4	30.400000000000002	30.8	1120
05.06.2020 00:00	30.8	30.8	30.400000000000002	30.8	630
08.06.2020 00:00	30.8	30.8	30.400000000000002	30.400000000000002	90
09.06.2020 00:00	30.8	30.8	29.8	30.8	330
10.06.2020 00:00	30.8	31.400000000000002	30.400000000000002	30.8	120
11.06.2020 00:00	31.400000000000002	31.400000000000002	30.400000000000002	30.8	160
15.06.2020 00:00	31.400000000000002	31.8	31.400000000000002	31.8	130
16.06.2020 00:00	31.8	32.4	31.400000000000002	31.8	370
17.06.2020 00:00	31.8	31.8	31.8	31.8	350
18.06.2020 00:00	31.400000000000002	32.4	31.400000000000002	32.4	250
19.06.2020 00:00	32.4	33.800000000000004	32.4	33.4	1150
22.06.2020 00:00	33.4	34.4	32.800000000000004	34.4	500
23.06.2020 00:00	35.4	44.800000000000004	35.4	39.800000000000004	13860
25.06.2020 00:00	39.400000000000006	55.400000000000006	38.400000000000006	54.800000000000004	13320
26.06.2020 00:00	54.800000000000004	59.400000000000006	41.800000000000004	46.400000000000006	9450
29.06.2020 00:00	47.800000000000004	47.800000000000004	38.400000000000006	40.400000000000006	6600
30.06.2020 00:00	41.800000000000004	41.800000000000004	39.400000000000006	40.400000000000006	1440
02.07.2020 00:00	39.800000000000004	52.800000000000004	39.800000000000004	48.400000000000006	6350
03.07.2020 00:00	50.400000000000006	67.4	45.800000000000004	66.8	8650
06.07.2020 00:00	68.4	72.8	56.800000000000004	58.800000000000004	11280
07.07.2020 00:00	54.800000000000004	61.400000000000006	52.800000000000004	54.800000000000004	3110
08.07.2020 00:00	55.800000000000004	56.400000000000006	52.400000000000006	52.800000000000004	3040
09.07.2020 00:00	51.400000000000006	52.400000000000006	47.400000000000006	47.800000000000004	2670
10.07.2020 00:00	47.400000000000006	51.800000000000004	46.800000000000004	47.400000000000006	2660
13.07.2020 00:00	46.800000000000004	48.800000000000004	45.800000000000004	46.400000000000006	1390
14.07.2020 00:00	46.400000000000006	46.400000000000006	44.800000000000004	45.400000000000006	470
15.07.2020 00:00	45.800000000000004	45.800000000000004	44.800000000000004	45.400000000000006	240
16.07.2020 00:00	45.400000000000006	47.400000000000006	44.400000000000006	46.400000000000006	270
17.07.2020 00:00	45.400000000000006	46.400000000000006	44.800000000000004	45.400000000000006	260
20.07.2020 00:00	45.400000000000006	57.800000000000004	44.800000000000004	46.400000000000006	12960
21.07.2020 00:00	45.400000000000006	47.800000000000004	44.400000000000006	44.800000000000004	2480
22.07.2020 00:00	44.800000000000004	46.400000000000006	44.800000000000004	45.800000000000004	1040
23.07.2020 00:00	45.800000000000004	46.400000000000006	44.400000000000006	45.800000000000004	880
24.07.2020 00:00	45.800000000000004	45.800000000000004	44.800000000000004	45.400000000000006	500
27.07.2020 00:00	45.400000000000006	49.800000000000004	45.400000000000006	46.800000000000004	4060
28.07.2020 00:00	47.400000000000006	47.800000000000004	45.800000000000004	46.800000000000004	860
29.07.2020 00:00	46.800000000000004	47.800000000000004	46.400000000000006	47.400000000000006	230
30.07.2020 00:00	47.800000000000004	47.800000000000004	44.800000000000004	45.400000000000006	3240
31.07.2020 00:00	46.800000000000004	47.400000000000006	45.400000000000006	45.800000000000004	2100
03.08.2020 00:00	46.800000000000004	47.400000000000006	45.400000000000006	45.800000000000004	510
04.08.2020 00:00	45.800000000000004	46.800000000000004	45.800000000000004	46.400000000000006	530
05.08.2020 00:00	46.400000000000006	46.800000000000004	44.800000000000004	46.400000000000006	1660
06.08.2020 00:00	46.400000000000006	46.800000000000004	45.800000000000004	45.800000000000004	430
07.08.2020 00:00	45.800000000000004	59.800000000000004	45.400000000000006	49.800000000000004	44110
10.08.2020 00:00	49.400000000000006	49.800000000000004	46.400000000000006	47.800000000000004	8200
11.08.2020 00:00	47.800000000000004	48.400000000000006	47.400000000000006	47.400000000000006	4240
12.08.2020 00:00	47.800000000000004	53.800000000000004	47.800000000000004	48.800000000000004	5780
13.08.2020 00:00	49.400000000000006	62.800000000000004	48.800000000000004	56.800000000000004	56850
14.08.2020 00:00	57.800000000000004	63.400000000000006	50.400000000000006	51.400000000000006	36250
17.08.2020 00:00	49.800000000000004	53.400000000000006	48.400000000000006	50.400000000000006	6070
18.08.2020 00:00	50.400000000000006	53.400000000000006	48.800000000000004	51.800000000000004	5460
19.08.2020 00:00	52.800000000000004	54.400000000000006	49.800000000000004	51.400000000000006	6440
20.08.2020 00:00	51.400000000000006	53.400000000000006	49.800000000000004	50.800000000000004	3410
21.08.2020 00:00	50.800000000000004	50.800000000000004	50.400000000000006	50.800000000000004	540
24.08.2020 00:00	50.800000000000004	50.800000000000004	49.400000000000006	50.400000000000006	1100
25.08.2020 00:00	50.400000000000006	50.800000000000004	49.400000000000006	50.400000000000006	750
26.08.2020 00:00	50.400000000000006	50.400000000000006	48.800000000000004	49.400000000000006	840
27.08.2020 00:00	49.400000000000006	49.800000000000004	45.800000000000004	46.800000000000004	2840
28.08.2020 00:00	46.800000000000004	51.400000000000006	46.800000000000004	48.800000000000004	7740
31.08.2020 00:00	48.800000000000004	49.800000000000004	47.400000000000006	47.800000000000004	940
01.09.2020 00:00	48.400000000000006	48.800000000000004	46.800000000000004	47.800000000000004	970
02.09.2020 00:00	47.400000000000006	47.800000000000004	46.800000000000004	47.400000000000006	310
03.09.2020 00:00	46.800000000000004	47.400000000000006	46.400000000000006	47.400000000000006	310
04.09.2020 00:00	46.400000000000006	46.800000000000004	44.800000000000004	46.800000000000004	860
07.09.2020 00:00	45.800000000000004	46.400000000000006	43.800000000000004	44.800000000000004	2480
08.09.2020 00:00	44.400000000000006	47.400000000000006	44.400000000000006	46.400000000000006	1260
09.09.2020 00:00	46.800000000000004	50.400000000000006	45.800000000000004	47.400000000000006	7160
10.09.2020 00:00	46.800000000000004	47.400000000000006	45.400000000000006	46.800000000000004	2190
11.09.2020 00:00	47.400000000000006	47.400000000000006	44.800000000000004	46.800000000000004	950
14.09.2020 00:00	47.400000000000006	47.400000000000006	46.400000000000006	46.800000000000004	290
15.09.2020 00:00	47.400000000000006	47.400000000000006	45.800000000000004	46.800000000000004	1380
16.09.2020 00:00	46.400000000000006	46.800000000000004	45.400000000000006	46.800000000000004	1600
17.09.2020 00:00	46.800000000000004	46.800000000000004	44.800000000000004	46.400000000000006	910
18.09.2020 00:00	45.400000000000006	45.800000000000004	44.800000000000004	45.800000000000004	900
21.09.2020 00:00	45.800000000000004	46.400000000000006	44.800000000000004	45.400000000000006	1180
22.09.2020 00:00	45.400000000000006	45.800000000000004	43.800000000000004	45.400000000000006	950
23.09.2020 00:00	44.800000000000004	45.400000000000006	43.400000000000006	45.400000000000006	1660
24.09.2020 00:00	44.400000000000006	45.800000000000004	44.400000000000006	44.800000000000004	480
25.09.2020 00:00	44.800000000000004	45.800000000000004	42.800000000000004	45.400000000000006	1650
28.09.2020 00:00	44.400000000000006	45.400000000000006	44.400000000000006	45.400000000000006	130
29.09.2020 00:00	45.400000000000006	45.400000000000006	44.400000000000006	45.400000000000006	180
30.09.2020 00:00	44.400000000000006	45.400000000000006	44.400000000000006	44.800000000000004	150
01.10.2020 00:00	45.400000000000006	45.400000000000006	42.800000000000004	44.400000000000006	930
02.10.2020 00:00	43.800000000000004	47.400000000000006	43.800000000000004	45.800000000000004	3550
05.10.2020 00:00	45.800000000000004	47.800000000000004	44.800000000000004	46.800000000000004	2700
06.10.2020 00:00	46.400000000000006	46.400000000000006	45.800000000000004	46.400000000000006	90
07.10.2020 00:00	45.800000000000004	45.800000000000004	44.800000000000004	44.800000000000004	380
08.10.2020 00:00	45.400000000000006	45.400000000000006	45.400000000000006	45.400000000000006	10
09.10.2020 00:00	45.400000000000006	45.400000000000006	44.400000000000006	45.400000000000006	90
12.10.2020 00:00	44.800000000000004	45.400000000000006	44.400000000000006	45.400000000000006	100
13.10.2020 00:00	44.800000000000004	45.800000000000004	42.800000000000004	42.800000000000004	730
14.10.2020 00:00	43.800000000000004	43.800000000000004	42.800000000000004	43.400000000000006	260
15.10.2020 00:00	43.400000000000006	43.400000000000006	42.800000000000004	42.800000000000004	370
16.10.2020 00:00	42.800000000000004	43.400000000000006	42.400000000000006	42.800000000000004	140
19.10.2020 00:00	42.800000000000004	43.400000000000006	42.400000000000006	42.800000000000004	240
20.10.2020 00:00	43.400000000000006	43.400000000000006	42.800000000000004	43.400000000000006	60
21.10.2020 00:00	42.800000000000004	43.400000000000006	41.400000000000006	42.800000000000004	730
22.10.2020 00:00	42.800000000000004	42.800000000000004	42.800000000000004	42.800000000000004	10
23.10.2020 00:00	43.400000000000006	46.400000000000006	42.800000000000004	44.800000000000004	2790
26.10.2020 00:00	44.400000000000006	44.800000000000004	43.800000000000004	44.400000000000006	560
28.10.2020 00:00	44.800000000000004	46.800000000000004	41.400000000000006	43.800000000000004	1890
29.10.2020 00:00	42.400000000000006	44.400000000000006	41.400000000000006	43.400000000000006	310
30.10.2020 00:00	42.400000000000006	43.400000000000006	42.400000000000006	42.400000000000006	120
02.11.2020 00:00	42.400000000000006	42.800000000000004	41.400000000000006	42.400000000000006	780
03.11.2020 00:00	42.400000000000006	42.400000000000006	42.400000000000006	42.400000000000006	10
05.11.2020 00:00	42.400000000000006	43.800000000000004	42.400000000000006	43.400000000000006	150
06.11.2020 00:00	43.400000000000006	44.800000000000004	42.800000000000004	44.800000000000004	1660
09.11.2020 00:00	44.800000000000004	46.400000000000006	43.800000000000004	44.400000000000006	1860
10.11.2020 00:00	43.800000000000004	44.800000000000004	42.800000000000004	43.800000000000004	600
11.11.2020 00:00	43.400000000000006	44.400000000000006	41.400000000000006	43.800000000000004	2000
12.11.2020 00:00	43.400000000000006	44.800000000000004	43.400000000000006	44.400000000000006	1490
13.11.2020 00:00	43.800000000000004	44.400000000000006	43.400000000000006	44.400000000000006	410
16.11.2020 00:00	43.400000000000006	45.400000000000006	43.400000000000006	45.400000000000006	810
17.11.2020 00:00	45.400000000000006	45.800000000000004	44.800000000000004	44.800000000000004	140
18.11.2020 00:00	45.800000000000004	46.800000000000004	44.800000000000004	46.400000000000006	470
19.11.2020 00:00	46.800000000000004	47.400000000000006	45.400000000000006	46.400000000000006	360
20.11.2020 00:00	45.400000000000006	46.400000000000006	45.400000000000006	46.400000000000006	40
23.11.2020 00:00	46.400000000000006	46.800000000000004	45.400000000000006	46.400000000000006	260
24.11.2020 00:00	45.800000000000004	47.800000000000004	45.400000000000006	46.400000000000006	440
25.11.2020 00:00	47.800000000000004	47.800000000000004	45.400000000000006	46.400000000000006	320
26.11.2020 00:00	45.800000000000004	46.400000000000006	45.400000000000006	46.400000000000006	260
27.11.2020 00:00	46.800000000000004	47.800000000000004	46.400000000000006	46.400000000000006	980
30.11.2020 00:00	46.800000000000004	46.800000000000004	45.400000000000006	46.400000000000006	1510
01.12.2020 00:00	46.400000000000006	46.800000000000004	45.800000000000004	45.800000000000004	360
02.12.2020 00:00	45.800000000000004	46.400000000000006	45.800000000000004	46.400000000000006	250
03.12.2020 00:00	46.400000000000006	46.800000000000004	44.400000000000006	44.800000000000004	770
04.12.2020 00:00	44.800000000000004	45.800000000000004	44.800000000000004	45.400000000000006	110
07.12.2020 00:00	45.800000000000004	45.800000000000004	44.800000000000004	45.800000000000004	390
08.12.2020 00:00	45.400000000000006	45.800000000000004	44.800000000000004	45.400000000000006	90
09.12.2020 00:00	45.800000000000004	45.800000000000004	44.800000000000004	44.800000000000004	630
10.12.2020 00:00	44.400000000000006	45.400000000000006	44.400000000000006	44.400000000000006	160
11.12.2020 00:00	44.400000000000006	44.800000000000004	44.400000000000006	44.800000000000004	120
14.12.2020 00:00	43.800000000000004	44.800000000000004	43.400000000000006	44.400000000000006	680
15.12.2020 00:00	44.400000000000006	44.400000000000006	44.400000000000006	44.400000000000006	10
16.12.2020 00:00	44.400000000000006	44.800000000000004	43.400000000000006	44.800000000000004	250
17.12.2020 00:00	43.800000000000004	44.800000000000004	43.800000000000004	44.800000000000004	120
18.12.2020 00:00	44.400000000000006	44.800000000000004	43.800000000000004	44.400000000000006	200
21.12.2020 00:00	44.400000000000006	44.800000000000004	43.800000000000004	44.400000000000006	80
22.12.2020 00:00	43.800000000000004	44.800000000000004	43.800000000000004	44.800000000000004	180
23.12.2020 00:00	43.800000000000004	44.800000000000004	43.800000000000004	43.800000000000004	430
24.12.2020 00:00	44.400000000000006	45.800000000000004	41.400000000000006	42.800000000000004	2860
25.12.2020 00:00	42.800000000000004	43.400000000000006	41.800000000000004	42.800000000000004	450
28.12.2020 00:00	43.400000000000006	43.400000000000006	41.800000000000004	42.400000000000006	750
29.12.2020 00:00	42.400000000000006	42.800000000000004	41.800000000000004	42.400000000000006	180
30.12.2020 00:00	41.800000000000004	46.400000000000006	41.800000000000004	43.400000000000006	5240
04.01.2021 00:00	42.400000000000006	42.800000000000004	41.400000000000006	42.400000000000006	2190
05.01.2021 00:00	42.800000000000004	42.800000000000004	41.800000000000004	42.800000000000004	80
06.01.2021 00:00	41.800000000000004	42.800000000000004	41.800000000000004	42.400000000000006	490
08.01.2021 00:00	42.800000000000004	42.800000000000004	42.400000000000006	42.800000000000004	130
11.01.2021 00:00	42.800000000000004	42.800000000000004	42.400000000000006	42.800000000000004	290
12.01.2021 00:00	42.800000000000004	43.800000000000004	42.400000000000006	43.400000000000006	1640
13.01.2021 00:00	43.400000000000006	43.400000000000006	42.800000000000004	42.800000000000004	250
14.01.2021 00:00	42.400000000000006	43.400000000000006	42.400000000000006	43.400000000000006	410
15.01.2021 00:00	43.800000000000004	43.800000000000004	42.800000000000004	43.400000000000006	580
18.01.2021 00:00	43.400000000000006	43.400000000000006	43.400000000000006	43.400000000000006	10
19.01.2021 00:00	43.400000000000006	44.800000000000004	42.400000000000006	44.800000000000004	1690
20.01.2021 00:00	43.800000000000004	45.800000000000004	42.800000000000004	44.400000000000006	2400
21.01.2021 00:00	44.400000000000006	44.800000000000004	43.400000000000006	43.800000000000004	500
22.01.2021 00:00	43.400000000000006	43.800000000000004	42.800000000000004	43.400000000000006	430
25.01.2021 00:00	43.400000000000006	43.800000000000004	42.800000000000004	43.800000000000004	480
26.01.2021 00:00	43.800000000000004	44.800000000000004	43.400000000000006	44.400000000000006	630
27.01.2021 00:00	43.800000000000004	44.400000000000006	43.400000000000006	43.800000000000004	140
28.01.2021 00:00	43.800000000000004	44.400000000000006	43.400000000000006	43.400000000000006	590
29.01.2021 00:00	43.800000000000004	44.400000000000006	42.800000000000004	43.800000000000004	870
01.02.2021 00:00	42.800000000000004	44.400000000000006	42.800000000000004	43.800000000000004	1280
02.02.2021 00:00	44.400000000000006	44.400000000000006	43.400000000000006	43.400000000000006	30
03.02.2021 00:00	44.400000000000006	44.400000000000006	43.400000000000006	44.400000000000006	290
04.02.2021 00:00	43.400000000000006	43.800000000000004	43.400000000000006	43.800000000000004	260
05.02.2021 00:00	43.400000000000006	44.400000000000006	43.400000000000006	44.400000000000006	370
08.02.2021 00:00	43.800000000000004	44.400000000000006	43.800000000000004	44.400000000000006	50
09.02.2021 00:00	43.400000000000006	44.800000000000004	43.400000000000006	44.800000000000004	440
10.02.2021 00:00	44.400000000000006	44.800000000000004	44.400000000000006	44.800000000000004	40
11.02.2021 00:00	43.800000000000004	45.400000000000006	43.400000000000006	44.400000000000006	710
12.02.2021 00:00	43.800000000000004	43.800000000000004	42.800000000000004	43.400000000000006	1310
15.02.2021 00:00	43.400000000000006	43.800000000000004	43.400000000000006	43.800000000000004	220
16.02.2021 00:00	43.800000000000004	43.800000000000004	43.800000000000004	43.800000000000004	10
17.02.2021 00:00	42.800000000000004	43.800000000000004	42.400000000000006	43.800000000000004	240
18.02.2021 00:00	43.800000000000004	43.800000000000004	43.400000000000006	43.800000000000004	30
19.02.2021 00:00	43.800000000000004	49.800000000000004	43.400000000000006	43.800000000000004	3620
20.02.2021 00:00	44.400000000000006	50.800000000000004	42.800000000000004	44.400000000000006	27840
22.02.2021 00:00	44.800000000000004	44.800000000000004	42.400000000000006	42.800000000000004	2540
24.02.2021 00:00	43.400000000000006	43.800000000000004	42.800000000000004	43.800000000000004	600
25.02.2021 00:00	43.400000000000006	43.800000000000004	42.800000000000004	43.400000000000006	380
26.02.2021 00:00	43.400000000000006	43.400000000000006	42.400000000000006	42.800000000000004	660
01.03.2021 00:00	42.400000000000006	42.800000000000004	42.400000000000006	42.800000000000004	70
02.03.2021 00:00	42.800000000000004	43.400000000000006	42.800000000000004	42.800000000000004	210
03.03.2021 00:00	42.800000000000004	43.400000000000006	42.400000000000006	42.800000000000004	150
04.03.2021 00:00	42.800000000000004	42.800000000000004	41.800000000000004	42.400000000000006	650
05.03.2021 00:00	41.800000000000004	42.400000000000006	41.800000000000004	42.400000000000006	90
09.03.2021 00:00	42.400000000000006	42.400000000000006	41.800000000000004	42.400000000000006	70
10.03.2021 00:00	41.800000000000004	42.400000000000006	41.400000000000006	41.800000000000004	480
11.03.2021 00:00	41.800000000000004	41.800000000000004	41.800000000000004	41.800000000000004	20
12.03.2021 00:00	41.400000000000006	41.800000000000004	40.800000000000004	41.800000000000004	750
15.03.2021 00:00	41.800000000000004	42.400000000000006	41.800000000000004	42.400000000000006	250
16.03.2021 00:00	42.400000000000006	42.400000000000006	41.400000000000006	41.400000000000006	450
17.03.2021 00:00	41.800000000000004	42.400000000000006	41.400000000000006	41.800000000000004	190
18.03.2021 00:00	42.400000000000006	42.400000000000006	41.800000000000004	42.400000000000006	180
19.03.2021 00:00	42.400000000000006	42.400000000000006	42.400000000000006	42.400000000000006	10
22.03.2021 00:00	41.800000000000004	42.400000000000006	41.800000000000004	42.400000000000006	40
23.03.2021 00:00	42.400000000000006	43.800000000000004	40.800000000000004	42.400000000000006	1870
24.03.2021 00:00	42.400000000000006	42.400000000000006	41.800000000000004	41.800000000000004	90
25.03.2021 00:00	41.800000000000004	42.400000000000006	41.800000000000004	42.400000000000006	40
26.03.2021 00:00	41.800000000000004	42.400000000000006	41.800000000000004	42.400000000000006	170
29.03.2021 00:00	41.800000000000004	42.400000000000006	41.400000000000006	42.400000000000006	140
30.03.2021 00:00	42.400000000000006	42.400000000000006	41.800000000000004	41.800000000000004	150
31.03.2021 00:00	42.400000000000006	42.400000000000006	42.400000000000006	42.400000000000006	30
01.04.2021 00:00	42.400000000000006	42.400000000000006	42.400000000000006	42.400000000000006	30
02.04.2021 00:00	42.400000000000006	42.400000000000006	41.800000000000004	42.400000000000006	100
05.04.2021 00:00	42.400000000000006	42.400000000000006	41.800000000000004	42.400000000000006	30
06.04.2021 00:00	41.800000000000004	42.400000000000006	41.800000000000004	42.400000000000006	120
07.04.2021 00:00	42.400000000000006	42.800000000000004	41.800000000000004	42.800000000000004	550
08.04.2021 00:00	42.800000000000004	42.800000000000004	42.400000000000006	42.400000000000006	20
09.04.2021 00:00	42.400000000000006	42.400000000000006	41.800000000000004	41.800000000000004	240
12.04.2021 00:00	41.800000000000004	42.800000000000004	41.800000000000004	42.800000000000004	580
13.04.2021 00:00	42.400000000000006	42.800000000000004	41.800000000000004	42.800000000000004	260
15.04.2021 00:00	42.800000000000004	42.800000000000004	41.800000000000004	42.800000000000004	400
16.04.2021 00:00	42.400000000000006	42.800000000000004	41.800000000000004	41.800000000000004	530
19.04.2021 00:00	41.800000000000004	42.400000000000006	41.800000000000004	42.400000000000006	160
20.04.2021 00:00	42.400000000000006	42.400000000000006	42.400000000000006	42.400000000000006	50
21.04.2021 00:00	41.800000000000004	42.400000000000006	41.400000000000006	41.800000000000004	350
22.04.2021 00:00	41.800000000000004	42.400000000000006	41.800000000000004	41.800000000000004	70
23.04.2021 00:00	42.400000000000006	42.400000000000006	41.400000000000006	41.800000000000004	200
26.04.2021 00:00	41.800000000000004	42.400000000000006	41.800000000000004	42.400000000000006	130
27.04.2021 00:00	42.400000000000006	42.800000000000004	41.400000000000006	41.800000000000004	640
28.04.2021 00:00	42.400000000000006	42.400000000000006	41.800000000000004	41.800000000000004	150
29.04.2021 00:00	42.400000000000006	43.400000000000006	40.800000000000004	41.800000000000004	5580
30.04.2021 00:00	42.400000000000006	42.400000000000006	41.400000000000006	42.400000000000006	250
04.05.2021 00:00	41.6	41.6	41.2	41.6	520
05.05.2021 00:00	41.6	41.6	41.6	41.6	20
06.05.2021 00:00	41.6	41.800000000000004	41.6	41.800000000000004	100
07.05.2021 00:00	41.800000000000004	42.2	41.6	41.6	250
10.05.2021 00:00	42.2	42.2	42.2	42.2	10
11.05.2021 00:00	42.2	42.2	41.6	41.800000000000004	40
12.05.2021 00:00	42.2	42.2	41.6	42.2	90
13.05.2021 00:00	41.6	41.6	41.6	41.6	10
14.05.2021 00:00	41.800000000000004	42.2	41.6	42.2	120
17.05.2021 00:00	41.6	49.2	41.400000000000006	47.800000000000004	7010
18.05.2021 00:00	44.800000000000004	44.800000000000004	40.800000000000004	42.800000000000004	10090
19.05.2021 00:00	42.2	42.800000000000004	42.2	42.400000000000006	610
20.05.2021 00:00	42.2	42.800000000000004	41.6	41.6	1240
21.05.2021 00:00	41.6	42.2	41.6	42.2	270
24.05.2021 00:00	41.800000000000004	42.2	41.2	41.6	1140
25.05.2021 00:00	41.400000000000006	41.6	41.2	41.400000000000006	460
26.05.2021 00:00	41.2	41.6	41.2	41.6	160
27.05.2021 00:00	41.400000000000006	41.6	41.2	41.400000000000006	550
28.05.2021 00:00	41.6	41.6	41.6	41.6	10
31.05.2021 00:00	41.6	41.6	41.2	41.400000000000006	100
01.06.2021 00:00	41.6	41.6	41.2	41.2	120
02.06.2021 00:00	41.2	41.400000000000006	41.2	41.2	280
03.06.2021 00:00	41.2	41.400000000000006	41.2	41.400000000000006	120
04.06.2021 00:00	41.2	41.6	41.2	41.400000000000006	140
07.06.2021 00:00	41.2	41.400000000000006	41.2	41.400000000000006	80
08.06.2021 00:00	41.2	42.2	41.2	41.400000000000006	1290
09.06.2021 00:00	41.2	41.400000000000006	41.2	41.400000000000006	180
10.06.2021 00:00	41.400000000000006	44.2	41.400000000000006	42.2	3850
11.06.2021 00:00	42.2	43.2	41.6	42.6	1590
14.06.2021 00:00	42.6	43.2	42.6	43.2	130
15.06.2021 00:00	42.800000000000004	43.2	42.400000000000006	42.6	280
16.06.2021 00:00	42.400000000000006	42.800000000000004	42.2	42.800000000000004	210
17.06.2021 00:00	42.400000000000006	42.800000000000004	42.400000000000006	42.6	170
18.06.2021 00:00	42.400000000000006	42.6	41.800000000000004	42.2	460
21.06.2021 00:00	42.2	42.2	41.800000000000004	42.2	100
22.06.2021 00:00	42.2	42.2	42.2	42.2	10
23.06.2021 00:00	41.800000000000004	42.2	41.800000000000004	42.2	80
24.06.2021 00:00	41.800000000000004	41.800000000000004	41.400000000000006	41.6	260
25.06.2021 00:00	41.6	41.800000000000004	41.6	41.800000000000004	80
28.06.2021 00:00	42.2	42.2	41.6	41.6	30
29.06.2021 00:00	41.6	42.2	41.6	42.2	30
30.06.2021 00:00	42.2	42.2	42.2	42.2	50
01.07.2021 00:00	41.6	42.2	41.6	42.2	50
05.07.2021 00:00	41.6	42.2	41.6	41.800000000000004	50
07.07.2021 00:00	41.6	41.6	41.6	41.6	50
08.07.2021 00:00	41.800000000000004	41.800000000000004	41.800000000000004	41.800000000000004	20
09.07.2021 00:00	42.2	42.2	42.2	42.2	10
12.07.2021 00:00	41.6	42.2	41.6	41.800000000000004	170
13.07.2021 00:00	42.2	42.400000000000006	41.800000000000004	42.2	140
14.07.2021 00:00	42.400000000000006	42.400000000000006	42.2	42.2	50
15.07.2021 00:00	42.2	42.800000000000004	41.6	41.800000000000004	820
16.07.2021 00:00	42.2	42.2	41.6	41.800000000000004	70
19.07.2021 00:00	42.2	42.2	41.6	42.2	50
23.07.2021 00:00	42.2	42.2	42.2	42.2	10
26.07.2021 00:00	41.6	41.800000000000004	41.6	41.800000000000004	20
27.07.2021 00:00	42.2	42.2	41.6	41.6	100
29.07.2021 00:00	41.400000000000006	41.800000000000004	41.400000000000006	41.800000000000004	30
30.07.2021 00:00	42.2	42.400000000000006	41.6	42.2	610
02.08.2021 00:00	41.800000000000004	42.2	41.800000000000004	41.800000000000004	30
03.08.2021 00:00	41.800000000000004	41.800000000000004	41.800000000000004	41.800000000000004	10
05.08.2021 00:00	42.2	42.2	41.6	41.6	100
06.08.2021 00:00	42.2	42.2	41.6	42.2	70
09.08.2021 00:00	41.800000000000004	42.2	41.800000000000004	42.2	60
10.08.2021 00:00	41.800000000000004	42.2	41.6	42.2	460
11.08.2021 00:00	41.800000000000004	42.2	41.6	42.2	170
16.08.2021 00:00	41.6	42.2	41.6	42.2	30
17.08.2021 00:00	41.800000000000004	42.2	41.800000000000004	42.2	50
18.08.2021 00:00	42.2	44.800000000000004	41.800000000000004	42.800000000000004	4620
19.08.2021 00:00	42.800000000000004	42.800000000000004	39.800000000000004	41.6	1890
20.08.2021 00:00	41.2	41.2	40.6	41.2	220
23.08.2021 00:00	41.2	41.6	40.800000000000004	41.2	410
24.08.2021 00:00	41.2	41.2	41.2	41.2	20
25.08.2021 00:00	41.2	41.2	41.2	41.2	30
26.08.2021 00:00	41.2	42.400000000000006	41.2	41.6	1060
27.08.2021 00:00	41.2	41.6	41.2	41.6	230
30.08.2021 00:00	41.6	42.800000000000004	41.400000000000006	42.800000000000004	430
31.08.2021 00:00	43.2	43.400000000000006	42.2	43.2	110
01.09.2021 00:00	42.2	43.800000000000004	42.2	42.400000000000006	610
02.09.2021 00:00	42.400000000000006	43.800000000000004	42.400000000000006	43.400000000000006	110
03.09.2021 00:00	44.2	44.6	42.2	43.6	840
06.09.2021 00:00	42.400000000000006	43.800000000000004	42.400000000000006	43.6	510
07.09.2021 00:00	44.6	44.800000000000004	42.800000000000004	43.400000000000006	500
08.09.2021 00:00	43.800000000000004	43.800000000000004	43.6	43.800000000000004	50
09.09.2021 00:00	43.400000000000006	44.2	43.400000000000006	44.2	140
10.09.2021 00:00	43.2	44.2	43.2	43.6	340
13.09.2021 00:00	43.400000000000006	46.2	42.2	42.800000000000004	7450
14.09.2021 00:00	42.800000000000004	43.400000000000006	42.6	43.2	430
15.09.2021 00:00	42.800000000000004	43.2	42.400000000000006	42.800000000000004	190
16.09.2021 00:00	42.800000000000004	42.800000000000004	42.6	42.800000000000004	40
17.09.2021 00:00	42.400000000000006	42.6	42.400000000000006	42.6	30
20.09.2021 00:00	42.800000000000004	54.800000000000004	41.2	45.800000000000004	38750
21.09.2021 00:00	44.2	48.800000000000004	41.2	42.6	8140
22.09.2021 00:00	42.800000000000004	46.800000000000004	42.800000000000004	44.800000000000004	2260
23.09.2021 00:00	45.800000000000004	46.2	42.800000000000004	43.6	2360
24.09.2021 00:00	43.2	45.2	41.2	42.400000000000006	4860
27.09.2021 00:00	42.6	42.6	42.2	42.2	740
28.09.2021 00:00	42.2	42.2	41.800000000000004	42.2	340
29.09.2021 00:00	41.800000000000004	42.2	41.6	41.800000000000004	110
30.09.2021 00:00	41.800000000000004	43.800000000000004	41.800000000000004	42.800000000000004	870
01.10.2021 00:00	42.6	43.400000000000006	40.800000000000004	42.2	2430
04.10.2021 00:00	42.2	42.6	42.2	42.6	80
05.10.2021 00:00	42.6	43.2	41.800000000000004	42.2	760
06.10.2021 00:00	42.2	42.6	41.800000000000004	42.2	850
07.10.2021 00:00	42.400000000000006	59.0	42.400000000000006	59.0	47320
08.10.2021 00:00	62.0	79.4	56.6	58.6	57280
11.10.2021 00:00	60.6	70.60000000000001	55.800000000000004	58.400000000000006	27830
12.10.2021 00:00	59.2	75.4	59.0	70.8	79440
13.10.2021 00:00	71.8	75.8	61.2	67.60000000000001	27200
14.10.2021 00:00	68.4	71.60000000000001	63.2	64.4	7880
15.10.2021 00:00	65.0	65.0	56.2	59.0	7200
18.10.2021 00:00	59.800000000000004	63.800000000000004	56.2	59.0	8230
19.10.2021 00:00	59.2	63.400000000000006	56.0	61.2	4950
20.10.2021 00:00	61.400000000000006	79.4	61.400000000000006	73.60000000000001	47100
21.10.2021 00:00	75.4	77.4	68.4	69.60000000000001	7220
22.10.2021 00:00	70.8	75.60000000000001	60.800000000000004	67.4	13650
25.10.2021 00:00	64.60000000000001	71.60000000000001	64.60000000000001	67.60000000000001	3750
26.10.2021 00:00	68.4	73.0	67.4	67.4	9010
27.10.2021 00:00	67.8	69.8	65.60000000000001	67.4	4100
28.10.2021 00:00	67.60000000000001	67.60000000000001	62.400000000000006	65.0	3280
29.10.2021 00:00	65.0	67.60000000000001	63.0	67.60000000000001	1100
01.11.2021 00:00	66.4	71.4	66.0	68.0	2080
02.11.2021 00:00	68.0	68.4	65.60000000000001	67.8	680
03.11.2021 00:00	66.4	73.8	66.4	71.8	6620
05.11.2021 00:00	72.0	73.8	68.0	70.60000000000001	7720
08.11.2021 00:00	69.8	70.4	65.8	69.4	3440
09.11.2021 00:00	68.4	70.8	65.4	66.4	3020
10.11.2021 00:00	65.8	65.8	64.4	65.60000000000001	800
11.11.2021 00:00	64.4	65.4	58.0	59.400000000000006	1750
12.11.2021 00:00	59.0	79.4	59.0	69.8	16000
15.11.2021 00:00	69.8	72.4	66.8	68.0	3940
16.11.2021 00:00	69.8	69.8	64.60000000000001	64.60000000000001	3130
17.11.2021 00:00	65.4	65.60000000000001	62.800000000000004	63.0	1120
18.11.2021 00:00	63.0	64.60000000000001	58.400000000000006	62.2	1650
19.11.2021 00:00	59.800000000000004	63.400000000000006	59.800000000000004	61.0	410
22.11.2021 00:00	61.0	62.6	58.6	59.400000000000006	3810
23.11.2021 00:00	59.400000000000006	59.800000000000004	57.400000000000006	58.400000000000006	2150
24.11.2021 00:00	57.800000000000004	57.800000000000004	55.400000000000006	56.800000000000004	670
25.11.2021 00:00	56.0	59.400000000000006	56.0	59.400000000000006	1010
26.11.2021 00:00	59.6	59.6	55.6	56.0	240
29.11.2021 00:00	55.400000000000006	57.2	55.400000000000006	57.2	160
30.11.2021 00:00	58.400000000000006	58.6	56.2	57.400000000000006	770
01.12.2021 00:00	57.6	57.6	55.800000000000004	55.800000000000004	340
02.12.2021 00:00	55.2	56.2	52.800000000000004	53.400000000000006	830
03.12.2021 00:00	53.0	54.2	52.2	52.400000000000006	400
06.12.2021 00:00	52.6	52.6	47.2	48.2	1190
07.12.2021 00:00	46.2	59.6	46.2	53.400000000000006	8170
08.12.2021 00:00	55.400000000000006	57.800000000000004	51.800000000000004	55.6	4990
09.12.2021 00:00	56.400000000000006	56.400000000000006	52.400000000000006	52.800000000000004	860
10.12.2021 00:00	52.6	52.6	52.2	52.2	100
13.12.2021 00:00	53.2	53.6	49.400000000000006	50.2	420
14.12.2021 00:00	49.800000000000004	51.2	48.6	51.2	200
15.12.2021 00:00	49.800000000000004	51.800000000000004	49.800000000000004	51.2	140
16.12.2021 00:00	50.6	51.800000000000004	49.400000000000006	51.2	360
17.12.2021 00:00	50.2	50.2	49.2	50.2	110
20.12.2021 00:00	49.6	49.6	48.2	49.6	90
21.12.2021 00:00	47.800000000000004	50.2	47.400000000000006	49.400000000000006	190
22.12.2021 00:00	50.400000000000006	50.400000000000006	48.2	48.800000000000004	270
23.12.2021 00:00	50.400000000000006	58.6	49.400000000000006	53.2	8200
24.12.2021 00:00	55.0	55.400000000000006	48.800000000000004	50.2	1660
27.12.2021 00:00	50.400000000000006	52.400000000000006	48.2	49.400000000000006	1410
28.12.2021 00:00	50.2	52.2	49.2	49.800000000000004	930
29.12.2021 00:00	50.800000000000004	50.800000000000004	49.2	49.400000000000006	170
30.12.2021 00:00	49.6	52.6	48.800000000000004	49.2	400
03.01.2022 00:00	49.6	50.800000000000004	49.6	50.2	320
04.01.2022 00:00	50.2	50.2	49.800000000000004	49.800000000000004	40
05.01.2022 00:00	49.800000000000004	49.800000000000004	49.800000000000004	49.800000000000004	10
06.01.2022 00:00	48.2	49.800000000000004	48.2	49.400000000000006	210
10.01.2022 00:00	49.6	50.2	48.800000000000004	49.800000000000004	240
11.01.2022 00:00	48.800000000000004	49.400000000000006	48.800000000000004	49.400000000000006	90
12.01.2022 00:00	50.400000000000006	50.400000000000006	48.6	49.2	250
13.01.2022 00:00	49.6	49.6	48.2	49.2	230
14.01.2022 00:00	46.2	49.400000000000006	46.2	47.2	500
17.01.2022 00:00	49.2	49.2	47.6	47.6	50
18.01.2022 00:00	46.6	46.6	44.2	44.800000000000004	300
19.01.2022 00:00	46.400000000000006	47.2	46.400000000000006	47.2	100
20.01.2022 00:00	48.400000000000006	49.800000000000004	47.2	48.2	1410
21.01.2022 00:00	48.2	48.2	46.2	46.2	130
24.01.2022 00:00	46.2	46.800000000000004	43.6	43.800000000000004	440
25.01.2022 00:00	43.2	48.800000000000004	43.2	45.400000000000006	1350
26.01.2022 00:00	45.800000000000004	46.2	44.400000000000006	45.400000000000006	230
27.01.2022 00:00	46.2	46.800000000000004	45.800000000000004	46.2	150
28.01.2022 00:00	46.400000000000006	47.800000000000004	45.2	46.800000000000004	460
31.01.2022 00:00	47.800000000000004	48.800000000000004	47.2	48.2	230
01.02.2022 00:00	47.2	47.400000000000006	46.6	47.2	150
02.02.2022 00:00	47.400000000000006	47.400000000000006	47.2	47.2	90
03.02.2022 00:00	45.400000000000006	46.6	45.400000000000006	46.2	170
04.02.2022 00:00	46.2	46.400000000000006	45.6	45.6	80
07.02.2022 00:00	45.800000000000004	45.800000000000004	44.2	44.400000000000006	380
08.02.2022 00:00	44.400000000000006	44.800000000000004	44.2	44.6	60
09.02.2022 00:00	44.800000000000004	44.800000000000004	43.800000000000004	44.6	140
10.02.2022 00:00	45.800000000000004	47.400000000000006	44.6	45.2	3070
11.02.2022 00:00	46.800000000000004	46.800000000000004	44.800000000000004	44.800000000000004	60
14.02.2022 00:00	44.2	44.800000000000004	42.800000000000004	43.2	350
15.02.2022 00:00	44.6	44.6	43.6	43.6	560
16.02.2022 00:00	47.800000000000004	48.2	44.400000000000006	44.400000000000006	900
17.02.2022 00:00	43.800000000000004	43.800000000000004	42.800000000000004	42.800000000000004	1590
18.02.2022 00:00	43.2	43.6	41.800000000000004	41.800000000000004	1120
21.02.2022 00:00	42.400000000000006	42.400000000000006	37.2	38.2	1640
22.02.2022 00:00	38.400000000000006	39.400000000000006	35.800000000000004	39.400000000000006	1140
24.02.2022 00:00	33.800000000000004	33.800000000000004	23.8	25.8	1420
25.02.2022 00:00	34.800000000000004	34.800000000000004	27.6	28.6	540
28.03.2022 00:00	28.6	33.2	21.0	30.400000000000002	287
29.03.2022 00:00	35.4	36.4	29.0	32.2	182
30.03.2022 00:00	34.6	34.6	29.6	31.8	238
31.03.2022 00:00	34.4	37.6	32.4	37.2	433
01.04.2022 00:00	36.6	38.6	36.4	38.2	125
04.04.2022 00:00	38.2	52.6	35.800000000000004	47.2	24721
05.04.2022 00:00	46.2	49.6	39.800000000000004	42.6	4124
06.04.2022 00:00	42.400000000000006	43.800000000000004	41.800000000000004	43.6	629
07.04.2022 00:00	43.6	43.800000000000004	40.800000000000004	43.2	960
08.04.2022 00:00	43.400000000000006	43.400000000000006	37.6	39.400000000000006	3722
11.04.2022 00:00	40.6	40.6	38.2	39.2	1060
12.04.2022 00:00	39.2	39.6	36.2	38.400000000000006	751
13.04.2022 00:00	38.2	38.6	38.2	38.6	56
14.04.2022 00:00	38.800000000000004	38.800000000000004	37.4	37.800000000000004	84
15.04.2022 00:00	38.6	38.800000000000004	36.6	37.800000000000004	443
18.04.2022 00:00	38.2	43.800000000000004	36.2	39.800000000000004	8113
19.04.2022 00:00	40.800000000000004	41.6	36.800000000000004	37.4	2538
20.04.2022 00:00	38.800000000000004	38.800000000000004	37.2	38.2	1336
21.04.2022 00:00	38.2	38.800000000000004	38.2	38.2	191
22.04.2022 00:00	38.400000000000006	38.800000000000004	37.800000000000004	38.6	369
25.04.2022 00:00	38.2	38.2	36.800000000000004	37.4	291
26.04.2022 00:00	37.6	37.800000000000004	37.2	37.800000000000004	87
27.04.2022 00:00	37.2	38.2	37.2	37.2	154
28.04.2022 00:00	38.400000000000006	39.2	36.800000000000004	37.800000000000004	1233
29.04.2022 00:00	38.2	41.400000000000006	38.2	39.6	2303
04.05.2022 00:00	39.2	40.800000000000004	38.400000000000006	38.800000000000004	337
05.05.2022 00:00	38.800000000000004	39.2	37.800000000000004	38.800000000000004	330
06.05.2022 00:00	38.6	38.800000000000004	37.4	37.6	1146
11.05.2022 00:00	38.2	39.400000000000006	37.4	38.400000000000006	361
12.05.2022 00:00	38.800000000000004	38.800000000000004	37.6	37.6	33
13.05.2022 00:00	37.6	38.2	37.6	37.6	25
16.05.2022 00:00	37.6	37.800000000000004	37.4	37.6	57
17.05.2022 00:00	37.6	39.800000000000004	36.6	37.6	1699
18.05.2022 00:00	37.800000000000004	38.2	36.800000000000004	37.800000000000004	239
19.05.2022 00:00	37.800000000000004	45.800000000000004	36.800000000000004	42.400000000000006	9963
20.05.2022 00:00	42.2	46.6	40.400000000000006	42.6	2427
23.05.2022 00:00	43.400000000000006	59.6	43.400000000000006	59.6	17469
24.05.2022 00:00	65.60000000000001	83.4	65.60000000000001	77.4	31884
25.05.2022 00:00	77.4	77.4	69.8	72.4	6424
26.05.2022 00:00	71.8	71.8	66.8	69.8	3265
27.05.2022 00:00	70.0	72.4	67.0	71.8	2181
30.05.2022 00:00	72.60000000000001	74.60000000000001	70.4	71.4	5083
31.05.2022 00:00	71.4	73.8	69.0	70.8	2895
01.06.2022 00:00	70.4	74.4	70.0	72.0	3233
02.06.2022 00:00	73.60000000000001	73.8	72.0	72.4	2923
03.06.2022 00:00	72.60000000000001	75.4	72.0	75.4	3636
06.06.2022 00:00	75.60000000000001	81.4	75.60000000000001	80.80000000000001	3852
07.06.2022 00:00	83.4	83.60000000000001	77.80000000000001	81.0	4707
08.06.2022 00:00	80.60000000000001	82.4	78.4	80.0	2068
09.06.2022 00:00	80.4	82.4	79.80000000000001	80.80000000000001	930
10.06.2022 00:00	80.80000000000001	81.0	79.80000000000001	80.80000000000001	706
14.06.2022 00:00	81.0	81.0	76.4	80.4	1443
15.06.2022 00:00	80.4	80.4	76.80000000000001	78.4	1008
16.06.2022 00:00	77.80000000000001	81.80000000000001	77.0	79.80000000000001	2628
17.06.2022 00:00	80.0	87.80000000000001	78.80000000000001	84.80000000000001	3703
20.06.2022 00:00	87.60000000000001	88.4	83.0	86.80000000000001	1668
21.06.2022 00:00	86.80000000000001	91.60000000000001	86.80000000000001	91.4	2711
22.06.2022 00:00	91.0	92.80000000000001	87.4	91.0	2205
23.06.2022 00:00	90.60000000000001	92.0	88.4	89.60000000000001	1171
24.06.2022 00:00	82.80000000000001	90.4	82.80000000000001	89.4	651
27.06.2022 00:00	86.4	90.0	86.4	88.60000000000001	2019
28.06.2022 00:00	89.60000000000001	89.60000000000001	84.80000000000001	88.80000000000001	1599
29.06.2022 00:00	89.60000000000001	90.80000000000001	87.4	89.4	1698
30.06.2022 00:00	90.80000000000001	90.80000000000001	84.80000000000001	89.0	4674
01.07.2022 00:00	89.80000000000001	91.80000000000001	88.0	91.4	2509
04.07.2022 00:00	92.0	94.80000000000001	89.4	90.60000000000001	2026
05.07.2022 00:00	90.60000000000001	90.80000000000001	85.4	89.4	2004
06.07.2022 00:00	89.80000000000001	91.4	85.60000000000001	86.80000000000001	2129
07.07.2022 00:00	89.80000000000001	89.80000000000001	80.80000000000001	84.4	3610
08.07.2022 00:00	84.80000000000001	85.80000000000001	79.80000000000001	83.80000000000001	6671
11.07.2022 00:00	85.4	88.4	81.80000000000001	84.60000000000001	6441
12.07.2022 00:00	84.80000000000001	86.4	82.80000000000001	83.4	6114
13.07.2022 00:00	75.0	75.0	57.800000000000004	59.800000000000004	17272
14.07.2022 00:00	59.800000000000004	60.0	54.800000000000004	58.400000000000006	3646
15.07.2022 00:00	57.800000000000004	60.0	55.400000000000006	59.400000000000006	2860
18.07.2022 00:00	59.6	60.800000000000004	54.400000000000006	57.6	2499
19.07.2022 00:00	56.6	57.800000000000004	55.400000000000006	56.2	1634
20.07.2022 00:00	56.400000000000006	58.800000000000004	54.800000000000004	56.800000000000004	630
21.07.2022 00:00	57.2	57.2	55.6	56.0	544
22.07.2022 00:00	55.800000000000004	57.400000000000006	54.800000000000004	56.2	1142
25.07.2022 00:00	55.800000000000004	57.0	55.6	55.800000000000004	833
26.07.2022 00:00	56.2	58.2	56.2	57.2	561
27.07.2022 00:00	56.800000000000004	58.800000000000004	56.400000000000006	57.6	1259
28.07.2022 00:00	57.800000000000004	58.800000000000004	57.800000000000004	58.800000000000004	463
29.07.2022 00:00	59.400000000000006	62.6	56.800000000000004	61.6	4227
01.08.2022 00:00	62.6	63.800000000000004	57.800000000000004	60.6	1598
02.08.2022 00:00	60.6	60.800000000000004	59.800000000000004	60.6	228
03.08.2022 00:00	61.0	62.400000000000006	60.2	61.6	213
04.08.2022 00:00	61.800000000000004	62.800000000000004	60.0	61.6	393
05.08.2022 00:00	62.2	62.2	60.0	61.0	384
08.08.2022 00:00	61.2	61.6	60.400000000000006	61.6	121
09.08.2022 00:00	60.800000000000004	62.0	59.800000000000004	61.400000000000006	659
10.08.2022 00:00	61.6	62.800000000000004	60.6	62.2	488
11.08.2022 00:00	62.6	62.6	60.0	60.6	538
12.08.2022 00:00	60.2	61.0	60.0	60.400000000000006	352
15.08.2022 00:00	61.2	61.6	60.6	60.800000000000004	386
16.08.2022 00:00	60.6	61.2	60.6	60.6	328
17.08.2022 00:00	60.400000000000006	62.800000000000004	59.800000000000004	62.2	1856
18.08.2022 00:00	59.800000000000004	61.800000000000004	59.800000000000004	61.400000000000006	356
19.08.2022 00:00	61.400000000000006	61.400000000000006	59.800000000000004	60.800000000000004	438
22.08.2022 00:00	60.0	61.2	60.0	61.2	91
23.08.2022 00:00	61.0	61.6	60.400000000000006	61.400000000000006	308
24.08.2022 00:00	60.400000000000006	61.2	60.400000000000006	60.800000000000004	65
25.08.2022 00:00	61.400000000000006	61.400000000000006	59.0	60.800000000000004	439
26.08.2022 00:00	60.2	60.6	59.400000000000006	60.6	310
29.08.2022 00:00	60.0	61.800000000000004	59.2	60.800000000000004	737
30.08.2022 00:00	60.400000000000006	61.0	59.2	60.400000000000006	413
31.08.2022 00:00	60.400000000000006	60.6	57.800000000000004	59.2	1027
01.09.2022 00:00	59.400000000000006	61.400000000000006	55.400000000000006	59.400000000000006	3185
02.09.2022 00:00	58.2	59.6	58.2	59.2	815
05.09.2022 00:00	59.800000000000004	59.800000000000004	58.0	59.400000000000006	875
06.09.2022 00:00	60.2	60.2	58.0	58.0	558
07.09.2022 00:00	58.800000000000004	59.2	57.0	58.800000000000004	431
08.09.2022 00:00	57.800000000000004	58.800000000000004	57.800000000000004	58.0	100
09.09.2022 00:00	57.800000000000004	58.400000000000006	57.0	57.800000000000004	570
12.09.2022 00:00	57.800000000000004	61.6	57.6	58.6	1451
13.09.2022 00:00	58.800000000000004	61.800000000000004	58.400000000000006	59.2	2807
14.09.2022 00:00	59.400000000000006	67.60000000000001	59.400000000000006	62.6	8616
15.09.2022 00:00	62.6	68.60000000000001	60.800000000000004	65.60000000000001	4831
16.09.2022 00:00	65.60000000000001	77.60000000000001	65.0	66.8	19962
19.09.2022 00:00	65.8	66.4	62.800000000000004	63.400000000000006	3194
20.09.2022 00:00	63.6	63.6	58.0	59.6	1328
21.09.2022 00:00	58.0	58.800000000000004	55.6	58.2	1294
22.09.2022 00:00	58.2	61.800000000000004	57.800000000000004	59.400000000000006	911
23.09.2022 00:00	59.400000000000006	59.400000000000006	57.400000000000006	57.6	214
26.09.2022 00:00	57.800000000000004	57.800000000000004	44.800000000000004	52.400000000000006	1187
27.09.2022 00:00	52.2	59.800000000000004	52.2	52.800000000000004	1752
28.09.2022 00:00	53.2	54.2	51.800000000000004	52.0	432
29.09.2022 00:00	52.800000000000004	52.800000000000004	49.800000000000004	49.800000000000004	131
30.09.2022 00:00	49.800000000000004	50.2	46.2	48.2	639
03.10.2022 00:00	48.800000000000004	50.6	48.2	50.6	315
04.10.2022 00:00	50.400000000000006	55.6	50.2	53.2	348
05.10.2022 00:00	52.400000000000006	54.0	50.6	51.800000000000004	511
06.10.2022 00:00	52.400000000000006	52.400000000000006	51.800000000000004	51.800000000000004	34
07.10.2022 00:00	51.800000000000004	52.800000000000004	51.400000000000006	52.800000000000004	68
10.10.2022 00:00	51.400000000000006	52.800000000000004	50.6	52.800000000000004	75
11.10.2022 00:00	52.800000000000004	54.400000000000006	52.0	53.2	311
12.10.2022 00:00	54.2	57.2	52.400000000000006	54.400000000000006	1542
13.10.2022 00:00	55.800000000000004	55.800000000000004	52.800000000000004	53.0	182
14.10.2022 00:00	53.0	53.2	52.2	53.0	64
17.10.2022 00:00	53.0	54.6	53.0	54.0	181
18.10.2022 00:00	53.6	54.400000000000006	53.0	53.6	251
19.10.2022 00:00	53.2	53.800000000000004	48.2	49.6	2157
20.10.2022 00:00	49.400000000000006	50.6	49.2	50.6	888
21.10.2022 00:00	50.400000000000006	51.400000000000006	50.2	51.2	150
24.10.2022 00:00	51.2	51.6	50.2	51.2	157
25.10.2022 00:00	51.2	53.2	50.800000000000004	52.2	970
26.10.2022 00:00	52.2	53.0	51.400000000000006	52.6	204
27.10.2022 00:00	52.6	53.800000000000004	51.400000000000006	53.2	1145
28.10.2022 00:00	53.0	59.6	53.0	57.0	4192
31.10.2022 00:00	55.2	57.400000000000006	54.0	55.400000000000006	747
01.11.2022 00:00	56.2	59.6	55.2	58.2	646
02.11.2022 00:00	57.6	64.4	57.6	61.400000000000006	1296
03.11.2022 00:00	61.800000000000004	61.800000000000004	57.800000000000004	59.6	1388
07.11.2022 00:00	59.800000000000004	60.2	58.0	58.6	418
08.11.2022 00:00	58.6	59.800000000000004	58.0	58.800000000000004	562
09.11.2022 00:00	59.0	59.0	57.800000000000004	57.800000000000004	297
10.11.2022 00:00	57.6	59.800000000000004	57.6	58.800000000000004	670
11.11.2022 00:00	59.400000000000006	60.6	58.800000000000004	59.2	823
14.11.2022 00:00	60.800000000000004	60.800000000000004	59.0	60.0	509
15.11.2022 00:00	60.0	60.0	58.6	59.800000000000004	147
16.11.2022 00:00	59.800000000000004	61.6	58.800000000000004	59.800000000000004	287
17.11.2022 00:00	59.800000000000004	59.800000000000004	57.800000000000004	58.400000000000006	613
18.11.2022 00:00	58.400000000000006	60.0	57.800000000000004	58.400000000000006	165
21.11.2022 00:00	56.400000000000006	58.6	55.0	57.400000000000006	861
22.11.2022 00:00	57.800000000000004	58.400000000000006	55.800000000000004	57.0	288
23.11.2022 00:00	57.2	60.400000000000006	56.6	58.0	915
24.11.2022 00:00	57.0	59.2	57.0	58.2	45
25.11.2022 00:00	58.400000000000006	59.0	57.800000000000004	58.0	146
28.11.2022 00:00	58.0	58.2	56.2	57.400000000000006	160
29.11.2022 00:00	57.400000000000006	59.400000000000006	57.2	57.6	628
30.11.2022 00:00	58.800000000000004	65.0	58.0	58.2	3622
01.12.2022 00:00	59.2	59.6	58.2	58.2	145
02.12.2022 00:00	58.400000000000006	59.6	58.2	58.800000000000004	205
05.12.2022 00:00	58.800000000000004	59.2	58.2	58.2	153
06.12.2022 00:00	59.800000000000004	61.800000000000004	58.800000000000004	59.6	1097
07.12.2022 00:00	59.6	59.6	58.800000000000004	59.0	41
08.12.2022 00:00	59.2	59.800000000000004	56.800000000000004	57.6	2131
09.12.2022 00:00	57.400000000000006	58.0	56.6	57.2	661
12.12.2022 00:00	56.400000000000006	57.6	56.400000000000006	57.6	98
13.12.2022 00:00	57.2	57.800000000000004	57.2	57.400000000000006	73
14.12.2022 00:00	57.400000000000006	58.0	57.0	57.6	89
15.12.2022 00:00	57.2	58.0	57.0	57.2	170
16.12.2022 00:00	57.800000000000004	58.800000000000004	57.2	57.6	617
19.12.2022 00:00	58.0	58.800000000000004	57.2	57.2	388
20.12.2022 00:00	57.2	63.2	57.0	58.0	4153
21.12.2022 00:00	58.0	58.6	57.400000000000006	58.0	274
22.12.2022 00:00	57.800000000000004	58.2	57.2	57.800000000000004	659
23.12.2022 00:00	58.0	71.60000000000001	58.0	60.800000000000004	26685
26.12.2022 00:00	60.800000000000004	63.400000000000006	59.0	60.2	1373
27.12.2022 00:00	60.2	60.800000000000004	58.6	59.0	1310
28.12.2022 00:00	59.800000000000004	59.800000000000004	58.2	58.2	193
29.12.2022 00:00	58.6	62.2	58.400000000000006	59.800000000000004	1339
30.12.2022 00:00	59.6	64.8	59.400000000000006	59.400000000000006	6224
03.01.2023 00:00	61.400000000000006	61.400000000000006	59.6	60.800000000000004	270
04.01.2023 00:00	59.800000000000004	60.6	59.400000000000006	60.2	896
05.01.2023 00:00	60.400000000000006	62.0	59.400000000000006	59.800000000000004	807
06.01.2023 00:00	60.400000000000006	60.800000000000004	60.0	60.800000000000004	320
09.01.2023 00:00	61.2	62.0	60.2	61.0	397
10.01.2023 00:00	61.400000000000006	64.0	60.2	63.400000000000006	2508
11.01.2023 00:00	64.0	83.80000000000001	62.2	73.60000000000001	92373
12.01.2023 00:00	74.4	74.4	65.8	68.0	7791
13.01.2023 00:00	70.8	70.8	66.4	68.4	1431
16.01.2023 00:00	68.8	70.60000000000001	66.8	69.4	984
17.01.2023 00:00	69.8	69.8	67.4	68.8	365
18.01.2023 00:00	69.0	75.60000000000001	68.4	69.4	3979
19.01.2023 00:00	69.4	70.4	67.4	67.8	524
20.01.2023 00:00	68.0	69.60000000000001	67.8	68.4	401
23.01.2023 00:00	68.4	70.60000000000001	68.4	69.4	390
24.01.2023 00:00	70.0	71.60000000000001	67.8	70.0	1891
25.01.2023 00:00	70.4	70.4	68.4	69.4	366
26.01.2023 00:00	69.4	69.4	68.4	68.60000000000001	325
27.01.2023 00:00	69.4	69.4	67.0	68.60000000000001	269
30.01.2023 00:00	68.4	71.4	68.4	69.4	1203
31.01.2023 00:00	69.4	76.0	68.60000000000001	70.8	4145
01.02.2023 00:00	71.0	71.0	65.0	69.4	2217
02.02.2023 00:00	69.4	70.60000000000001	69.0	69.60000000000001	362
03.02.2023 00:00	69.60000000000001	69.60000000000001	68.8	69.60000000000001	157
06.02.2023 00:00	69.0	70.60000000000001	68.0	70.4	299
07.02.2023 00:00	70.4	73.60000000000001	69.60000000000001	70.8	573
08.02.2023 00:00	73.60000000000001	73.8	70.0	71.4	592
09.02.2023 00:00	71.4	84.80000000000001	71.4	72.8	22053
10.02.2023 00:00	73.0	75.8	72.0	72.8	902
13.02.2023 00:00	72.8	75.4	72.60000000000001	73.4	888
14.02.2023 00:00	73.8	79.60000000000001	72.4	73.4	8775
15.02.2023 00:00	74.60000000000001	87.4	70.60000000000001	72.0	59923
16.02.2023 00:00	72.4	74.60000000000001	70.8	72.8	4438
17.02.2023 00:00	71.8	82.80000000000001	70.8	73.0	17388
20.02.2023 00:00	73.0	80.80000000000001	71.8	73.60000000000001	9145
21.02.2023 00:00	74.4	75.8	71.8	74.4	1878
22.02.2023 00:00	75.4	75.4	73.0	74.60000000000001	443
24.02.2023 00:00	75.60000000000001	75.8	73.8	74.0	1465
27.02.2023 00:00	74.60000000000001	75.60000000000001	71.8	74.8	2700
28.02.2023 00:00	74.4	78.60000000000001	73.4	77.60000000000001	6454
01.03.2023 00:00	78.60000000000001	79.80000000000001	75.8	78.60000000000001	1086
02.03.2023 00:00	78.60000000000001	79.80000000000001	77.60000000000001	78.0	3816
03.03.2023 00:00	78.4	79.60000000000001	77.80000000000001	79.0	550
06.03.2023 00:00	79.4	80.80000000000001	78.4	78.80000000000001	404
07.03.2023 00:00	79.80000000000001	80.80000000000001	77.4	78.60000000000001	1709
09.03.2023 00:00	78.60000000000001	84.4	77.80000000000001	80.4	4842
10.03.2023 00:00	81.4	82.4	78.80000000000001	81.4	1701
13.03.2023 00:00	81.4	82.4	79.60000000000001	82.0	1614
14.03.2023 00:00	82.0	83.0	81.4	83.0	1035
15.03.2023 00:00	83.60000000000001	83.60000000000001	81.4	81.60000000000001	637
16.03.2023 00:00	81.4	83.4	79.4	80.80000000000001	680
17.03.2023 00:00	81.4	82.4	77.80000000000001	80.60000000000001	764
20.03.2023 00:00	81.0	82.4	80.4	81.4	228
21.03.2023 00:00	81.80000000000001	83.60000000000001	81.4	82.80000000000001	411
22.03.2023 00:00	82.80000000000001	82.80000000000001	80.4	82.4	450
23.03.2023 00:00	84.80000000000001	84.80000000000001	80.4	82.60000000000001	806
24.03.2023 00:00	81.80000000000001	83.4	80.80000000000001	82.80000000000001	566
27.03.2023 00:00	83.0	83.80000000000001	82.60000000000001	83.80000000000001	186
28.03.2023 00:00	84.0	85.0	83.0	85.0	391
29.03.2023 00:00	84.60000000000001	85.0	83.0	84.4	304
30.03.2023 00:00	84.4	85.4	83.4	84.60000000000001	590
31.03.2023 00:00	83.80000000000001	84.80000000000001	83.4	84.4	190
03.04.2023 00:00	83.4	85.80000000000001	83.4	85.4	329
04.04.2023 00:00	85.0	90.60000000000001	84.4	89.60000000000001	4775
05.04.2023 00:00	89.0	91.80000000000001	86.0	90.60000000000001	3442
06.04.2023 00:00	92.4	126.0	90.80000000000001	123.60000000000001	34267
07.04.2023 00:00	123.4	123.4	96.60000000000001	101.4	38795
10.04.2023 00:00	101.80000000000001	102.4	97.0	100.4	11056
11.04.2023 00:00	100.4	101.60000000000001	96.80000000000001	98.0	3593
12.04.2023 00:00	99.4	104.2	98.0	99.4	6212
13.04.2023 00:00	100.0	103.4	98.60000000000001	99.60000000000001	2127
14.04.2023 00:00	99.4	100.0	97.80000000000001	99.0	1667
17.04.2023 00:00	99.80000000000001	99.80000000000001	97.80000000000001	99.4	1388
18.04.2023 00:00	99.80000000000001	102.0	98.80000000000001	99.4	2840
19.04.2023 00:00	99.60000000000001	99.80000000000001	98.0	98.4	1314
20.04.2023 00:00	98.60000000000001	99.4	98.4	99.4	514
21.04.2023 00:00	97.0	99.80000000000001	97.0	99.4	1259
24.04.2023 00:00	99.4	103.0	97.4	100.4	3612
25.04.2023 00:00	101.4	109.80000000000001	98.4	104.0	11011
26.04.2023 00:00	104.80000000000001	106.2	101.80000000000001	105.2	5657
27.04.2023 00:00	106.80000000000001	107.4	100.80000000000001	103.60000000000001	1890
28.04.2023 00:00	103.80000000000001	105.80000000000001	98.0	102.4	2946
02.05.2023 00:00	102.0	109.2	96.60000000000001	99.80000000000001	5702
03.05.2023 00:00	100.60000000000001	104.4	91.0	97.0	2031
04.05.2023 00:00	97.80000000000001	101.0	95.60000000000001	99.80000000000001	1938
05.05.2023 00:00	100.0	101.4	97.4	99.0	597
08.05.2023 00:00	97.4	99.80000000000001	97.4	98.60000000000001	292
10.05.2023 00:00	101.80000000000001	103.80000000000001	99.4	102.80000000000001	2238
11.05.2023 00:00	104.4	105.60000000000001	101.60000000000001	102.60000000000001	2616
12.05.2023 00:00	102.60000000000001	103.60000000000001	101.80000000000001	102.60000000000001	337
15.05.2023 00:00	103.60000000000001	103.60000000000001	100.0	101.60000000000001	1114
16.05.2023 00:00	101.0	103.0	95.80000000000001	101.4	1871
17.05.2023 00:00	102.60000000000001	103.60000000000001	100.80000000000001	101.4	1887
18.05.2023 00:00	102.80000000000001	103.4	99.4	99.80000000000001	3852
19.05.2023 00:00	95.80000000000001	101.60000000000001	92.80000000000001	98.80000000000001	1857
22.05.2023 00:00	98.0	111.60000000000001	98.0	98.0	27847
23.05.2023 00:00	101.4	103.80000000000001	97.4	99.80000000000001	3052
24.05.2023 00:00	99.80000000000001	101.80000000000001	94.80000000000001	98.0	1755
25.05.2023 00:00	99.80000000000001	100.80000000000001	90.0	95.60000000000001	3493
26.05.2023 00:00	94.80000000000001	98.0	92.4	97.60000000000001	1602
29.05.2023 00:00	97.60000000000001	99.4	94.80000000000001	97.4	790
30.05.2023 00:00	96.60000000000001	97.60000000000001	94.80000000000001	96.4	1004
31.05.2023 00:00	96.80000000000001	98.4	95.4	96.4	457
01.06.2023 00:00	96.4	99.60000000000001	95.80000000000001	98.0	755
02.06.2023 00:00	97.80000000000001	98.0	97.0	97.80000000000001	306
05.06.2023 00:00	99.4	99.4	94.80000000000001	95.80000000000001	872
06.06.2023 00:00	95.4	96.4	94.80000000000001	96.4	192
07.06.2023 00:00	96.4	99.60000000000001	95.0	96.60000000000001	638
08.06.2023 00:00	96.4	96.4	94.80000000000001	96.4	250
09.06.2023 00:00	96.60000000000001	96.80000000000001	95.0	96.0	368
13.06.2023 00:00	96.4	99.60000000000001	95.0	97.60000000000001	741
14.06.2023 00:00	97.4	97.80000000000001	95.0	97.4	1022
15.06.2023 00:00	97.60000000000001	98.80000000000001	97.0	98.0	718
16.06.2023 00:00	98.4	99.80000000000001	96.4	98.80000000000001	1002
19.06.2023 00:00	99.4	99.80000000000001	98.80000000000001	99.4	765
20.06.2023 00:00	103.4	103.4	97.0	98.4	1814
21.06.2023 00:00	98.4	102.80000000000001	97.80000000000001	102.60000000000001	2734
22.06.2023 00:00	102.60000000000001	103.0	100.60000000000001	101.4	368
23.06.2023 00:00	100.60000000000001	104.60000000000001	99.0	100.60000000000001	2104
26.06.2023 00:00	99.4	101.0	97.4	100.4	1159
27.06.2023 00:00	100.4	102.4	99.60000000000001	100.60000000000001	510
28.06.2023 00:00	100.4	101.4	99.60000000000001	100.4	477
29.06.2023 00:00	100.4	102.0	100.4	101.0	366
30.06.2023 00:00	101.60000000000001	103.60000000000001	99.4	101.60000000000001	1269
03.07.2023 00:00	103.0	105.60000000000001	100.4	100.4	1741
04.07.2023 00:00	102.4	102.4	99.4	100.4	824
05.07.2023 00:00	100.4	101.4	99.80000000000001	100.0	432
06.07.2023 00:00	99.4	102.4	99.4	100.80000000000001	372
07.07.2023 00:00	101.80000000000001	104.80000000000001	101.4	104.80000000000001	2026
10.07.2023 00:00	105.2	106.60000000000001	102.60000000000001	104.4	1183
11.07.2023 00:00	103.2	104.2	102.60000000000001	103.2	484
12.07.2023 00:00	104.0	104.0	102.0	103.4	419
13.07.2023 00:00	102.80000000000001	103.60000000000001	101.80000000000001	102.80000000000001	236
14.07.2023 00:00	103.4	104.80000000000001	103.0	104.80000000000001	583
17.07.2023 00:00	105.2	109.60000000000001	103.80000000000001	104.80000000000001	2018
18.07.2023 00:00	110.80000000000001	110.80000000000001	104.0	110.80000000000001	10169
19.07.2023 00:00	115.4	137.8	111.60000000000001	116.2	66261
20.07.2023 00:00	119.4	119.80000000000001	108.4	115.0	6855
21.07.2023 00:00	114.80000000000001	118.60000000000001	112.80000000000001	116.4	1981
24.07.2023 00:00	114.0	126.0	113.2	122.2	3667
25.07.2023 00:00	124.0	125.80000000000001	122.0	124.2	2211
26.07.2023 00:00	125.80000000000001	127.4	123.2	125.80000000000001	3136
27.07.2023 00:00	127.0	128.0	124.60000000000001	128.0	1313
28.07.2023 00:00	128.8	132.20000000000002	124.80000000000001	127.2	3844
31.07.2023 00:00	133.0	169.0	133.0	157.0	43754
01.08.2023 00:00	162.0	165.4	147.8	163.8	13957
02.08.2023 00:00	168.4	187.4	161.8	177.4	9204
03.08.2023 00:00	179.4	234.8	179.0	229.4	18660
04.08.2023 00:00	230.0	314.6	221.4	298.6	24586
07.08.2023 00:00	325.8	409.20000000000005	316.6	409.20000000000005	16747
08.08.2023 00:00	449.8	449.8	332.8	431.8	14574
09.08.2023 00:00	443.8	444.8	410.20000000000005	428.40000000000003	12700
10.08.2023 00:00	430.6	431.40000000000003	277.8	322.6	16863
11.08.2023 00:00	322.6	337.20000000000005	265.0	328.20000000000005	3689
14.08.2023 00:00	334.8	334.8	314.20000000000005	332.8	2121
15.08.2023 00:00	333.6	333.6	300.0	311.6	1821
16.08.2023 00:00	321.6	342.6	268.8	289.8	6987
17.08.2023 00:00	307.8	320.6	289.0	301.6	3386
18.08.2023 00:00	301.6	319.8	293.6	313.6	1210
21.08.2023 00:00	319.6	324.6	313.6	319.8	4530
22.08.2023 00:00	339.6	365.8	324.0	365.8	14043
23.08.2023 00:00	367.0	368.20000000000005	313.6	344.6	6678
24.08.2023 00:00	344.8	348.0	314.8	329.8	3391
25.08.2023 00:00	339.8	339.8	326.8	332.6	1061
28.08.2023 00:00	337.6	347.8	330.0	343.8	3405
29.08.2023 00:00	347.6	347.6	324.8	336.6	1841
30.08.2023 00:00	335.6	347.20000000000005	330.0	332.0	1435
31.08.2023 00:00	332.20000000000005	338.6	330.8	332.8	1814
01.09.2023 00:00	336.8	336.8	325.8	330.6	1093
04.09.2023 00:00	331.0	334.0	326.20000000000005	331.8	1869
05.09.2023 00:00	334.6	335.8	326.0	332.6	1180
06.09.2023 00:00	336.8	336.8	329.6	334.6	746
07.09.2023 00:00	334.6	352.6	300.8	314.20000000000005	5605
08.09.2023 00:00	314.0	314.8	289.8	306.6	1159
11.09.2023 00:00	307.6	314.8	303.0	310.20000000000005	711
12.09.2023 00:00	313.8	319.8	304.8	308.6	970
13.09.2023 00:00	311.6	314.8	297.6	301.2	1744
14.09.2023 00:00	298.2	298.2	230.0	264.0	2489
15.09.2023 00:00	242.20000000000002	317.0	242.20000000000002	293.8	2928
18.09.2023 00:00	300.6	303.8	289.8	289.8	1271
19.09.2023 00:00	296.2	296.2	255.0	266.6	1671
20.09.2023 00:00	265.6	278.8	235.0	257.6	2089
21.09.2023 00:00	269.2	269.2	246.20000000000002	246.20000000000002	752
22.09.2023 00:00	240.20000000000002	260.6	240.20000000000002	248.20000000000002	471
25.09.2023 00:00	247.8	265.0	242.0	257.8	680
26.09.2023 00:00	262.6	264.6	250.60000000000002	253.60000000000002	711
27.09.2023 00:00	253.60000000000002	263.0	253.60000000000002	260.0	574
28.09.2023 00:00	259.8	269.8	257.0	260.2	711
29.09.2023 00:00	263.0	263.0	240.0	250.0	1797
02.10.2023 00:00	248.20000000000002	254.8	248.20000000000002	254.60000000000002	799
03.10.2023 00:00	252.0	256.6	251.60000000000002	255.60000000000002	711
04.10.2023 00:00	259.6	279.0	259.6	263.0	1579
05.10.2023 00:00	263.6	278.8	263.6	276.6	949
06.10.2023 00:00	283.6	287.2	272.6	281.6	654
09.10.2023 00:00	282.2	289.8	275.6	278.6	645
10.10.2023 00:00	279.6	281.6	265.0	274.8	763
11.10.2023 00:00	274.6	295.8	269.0	294.8	1885
12.10.2023 00:00	294.0	294.0	281.6	288.0	2362
13.10.2023 00:00	282.6	292.2	280.8	286.2	586
16.10.2023 00:00	286.8	299.6	286.0	293.8	605
17.10.2023 00:00	292.0	306.8	292.0	302.8	1081
18.10.2023 00:00	306.6	316.6	300.0	309.8	2690
19.10.2023 00:00	312.20000000000005	314.6	302.8	303.6	342
20.10.2023 00:00	306.2	306.2	265.8	274.8	927
23.10.2023 00:00	276.6	290.6	276.6	289.6	917
24.10.2023 00:00	287.8	294.2	279.2	291.6	311
25.10.2023 00:00	289.6	298.2	282.0	289.6	379
26.10.2023 00:00	289.6	294.8	278.0	280.6	299
27.10.2023 00:00	280.8	298.6	267.6	279.6	2811
30.10.2023 00:00	289.8	297.6	269.8	275.8	2594
31.10.2023 00:00	270.2	276.6	256.2	260.6	2013
01.11.2023 00:00	260.8	261.2	250.0	259.2	1362
02.11.2023 00:00	256.6	272.2	249.8	260.2	1698
03.11.2023 00:00	266.0	267.2	251.20000000000002	254.0	419
06.11.2023 00:00	254.8	261.8	254.8	257.6	482
07.11.2023 00:00	257.6	263.6	257.6	259.6	335
08.11.2023 00:00	261.6	262.6	251.8	254.4	307
09.11.2023 00:00	254.8	259.6	253.0	255.8	122
10.11.2023 00:00	255.4	255.60000000000002	229.20000000000002	238.0	1651
13.11.2023 00:00	238.0	245.4	210.0	214.8	2773
14.11.2023 00:00	214.8	239.8	200.0	203.4	1644
15.11.2023 00:00	208.60000000000002	238.8	199.8	223.0	1386
16.11.2023 00:00	236.0	259.6	217.8	242.20000000000002	2702
17.11.2023 00:00	242.20000000000002	254.8	231.60000000000002	233.0	618
20.11.2023 00:00	237.20000000000002	237.20000000000002	215.4	225.4	569
21.11.2023 00:00	223.20000000000002	229.8	208.8	215.8	836
22.11.2023 00:00	215.8	225.60000000000002	212.8	222.0	604
23.11.2023 00:00	220.20000000000002	220.8	186.0	193.8	2986
24.11.2023 00:00	182.20000000000002	186.8	151.8	166.8	10545
27.11.2023 00:00	166.8	166.8	141.0	141.0	4698
28.11.2023 00:00	144.8	166.8	138.4	155.8	5012
29.11.2023 00:00	164.8	189.8	160.8	179.8	10050
30.11.2023 00:00	178.8	179.8	154.8	158.20000000000002	3002
01.12.2023 00:00	158.4	167.0	157.0	157.20000000000002	1412
04.12.2023 00:00	159.4	164.20000000000002	147.8	150.0	1331
05.12.2023 00:00	149.8	150.0	136.20000000000002	146.8	1392
06.12.2023 00:00	148.8	153.8	135.0	139.0	2064
07.12.2023 00:00	140.8	149.0	132.8	136.4	2407
08.12.2023 00:00	136.4	143.8	136.4	140.20000000000002	1326
11.12.2023 00:00	138.20000000000002	139.8	132.0	132.0	1253
12.12.2023 00:00	132.4	137.8	129.8	131.8	1334
13.12.2023 00:00	129.8	137.0	124.80000000000001	134.8	1707
14.12.2023 00:00	134.4	145.8	134.4	136.8	1357
15.12.2023 00:00	139.8	143.4	135.0	137.8	640
18.12.2023 00:00	140.0	149.4	137.0	141.8	1195
19.12.2023 00:00	143.0	148.4	143.0	147.20000000000002	972
20.12.2023 00:00	146.4	164.8	145.8	160.0	1930
21.12.2023 00:00	160.8	189.20000000000002	160.8	170.8	6803
22.12.2023 00:00	171.0	177.8	162.8	167.8	2585
25.12.2023 00:00	167.8	171.4	160.0	161.4	1082
26.12.2023 00:00	161.4	161.8	152.8	154.4	1379
27.12.2023 00:00	153.20000000000002	161.8	151.8	155.20000000000002	941
28.12.2023 00:00	153.4	153.8	145.0	146.8	1288
29.12.2023 00:00	146.8	152.4	144.8	151.8	1358
03.01.2024 00:00	151.8	158.8	149.8	158.8	707
04.01.2024 00:00	158.8	168.4	156.8	165.4	920
05.01.2024 00:00	165.8	173.8	158.8	169.20000000000002	1748
08.01.2024 00:00	170.0	177.8	169.8	176.20000000000002	1735
09.01.2024 00:00	177.4	201.8	175.20000000000002	192.8	6470
10.01.2024 00:00	189.8	225.60000000000002	187.0	212.60000000000002	5164
11.01.2024 00:00	215.0	232.4	195.8	213.4	2311
12.01.2024 00:00	213.4	229.60000000000002	199.8	220.60000000000002	2190
15.01.2024 00:00	231.60000000000002	244.8	219.8	244.4	3150
16.01.2024 00:00	245.0	258.6	229.8	237.4	2522
17.01.2024 00:00	237.0	243.8	225.4	239.8	1416
18.01.2024 00:00	243.0	250.8	235.20000000000002	238.60000000000002	1852
19.01.2024 00:00	242.4	242.4	238.60000000000002	242.20000000000002	412
22.01.2024 00:00	242.60000000000002	249.8	242.4	246.4	1352
23.01.2024 00:00	246.4	249.4	240.8	245.0	1141
24.01.2024 00:00	245.0	257.8	235.8	252.8	4228
25.01.2024 00:00	249.8	252.8	241.60000000000002	245.0	1799
26.01.2024 00:00	246.8	247.4	240.20000000000002	240.20000000000002	1318
29.01.2024 00:00	240.60000000000002	244.8	236.20000000000002	236.8	682
30.01.2024 00:00	236.8	243.8	233.20000000000002	234.20000000000002	1241
31.01.2024 00:00	235.60000000000002	235.60000000000002	225.0	230.0	1398
01.02.2024 00:00	231.0	232.60000000000002	212.0	218.8	2176
02.02.2024 00:00	219.20000000000002	222.8	216.60000000000002	219.0	507
05.02.2024 00:00	219.60000000000002	228.60000000000002	216.20000000000002	220.8	410
06.02.2024 00:00	221.0	227.60000000000002	221.0	223.0	596
07.02.2024 00:00	224.0	227.0	221.0	224.60000000000002	432
08.02.2024 00:00	224.60000000000002	225.0	219.8	220.20000000000002	371
09.02.2024 00:00	220.0	220.20000000000002	211.8	214.20000000000002	846
12.02.2024 00:00	220.20000000000002	220.20000000000002	205.0	205.8	1861
13.02.2024 00:00	207.0	224.4	207.0	217.8	1968
14.02.2024 00:00	214.8	220.4	214.8	217.60000000000002	391
15.02.2024 00:00	219.8	219.8	208.0	215.4	674
16.02.2024 00:00	215.8	222.20000000000002	205.0	209.20000000000002	1133
19.02.2024 00:00	210.20000000000002	210.20000000000002	204.8	206.20000000000002	548
20.02.2024 00:00	205.20000000000002	210.20000000000002	200.20000000000002	201.0	684
21.02.2024 00:00	204.0	207.20000000000002	179.8	193.8	1533
22.02.2024 00:00	193.4	204.8	183.8	187.8	1404
26.02.2024 00:00	193.8	209.8	189.8	202.8	1311
27.02.2024 00:00	202.8	218.8	202.0	206.20000000000002	1147
28.02.2024 00:00	206.20000000000002	209.4	201.8	203.0	256
29.02.2024 00:00	204.8	205.60000000000002	193.20000000000002	200.0	411
01.03.2024 00:00	201.20000000000002	203.4	189.8	194.4	1216
04.03.2024 00:00	195.8	196.4	187.8	194.8	1368
05.03.2024 00:00	194.8	201.4	193.4	198.0	437
06.03.2024 00:00	195.20000000000002	198.4	194.0	198.4	407
07.03.2024 00:00	198.0	199.8	195.8	199.8	319
11.03.2024 00:00	197.8	201.20000000000002	192.4	196.8	502
12.03.2024 00:00	196.8	209.60000000000002	196.8	204.8	1813
13.03.2024 00:00	207.4	218.8	207.4	213.4	1832
14.03.2024 00:00	213.4	213.8	203.4	205.20000000000002	663
15.03.2024 00:00	205.20000000000002	205.20000000000002	197.8	201.4	1367
18.03.2024 00:00	199.20000000000002	203.0	198.20000000000002	202.0	226
19.03.2024 00:00	201.8	204.4	195.8	200.0	506
20.03.2024 00:00	198.0	201.8	196.0	197.4	224
21.03.2024 00:00	196.4	199.4	193.0	196.4	355
22.03.2024 00:00	196.20000000000002	200.20000000000002	195.0	200.20000000000002	341
25.03.2024 00:00	198.4	203.0	196.0	202.4	395
26.03.2024 00:00	204.20000000000002	213.8	196.4	207.4	1249
27.03.2024 00:00	207.8	227.0	207.8	219.8	4923
28.03.2024 00:00	221.8	229.0	211.4	218.4	1323
29.03.2024 00:00	218.60000000000002	224.0	216.20000000000002	217.8	314
01.04.2024 00:00	217.8	225.60000000000002	211.0	219.20000000000002	1506
02.04.2024 00:00	219.0	238.60000000000002	218.20000000000002	220.8	6176
03.04.2024 00:00	228.60000000000002	228.60000000000002	209.8	210.8	2110
04.04.2024 00:00	208.8	221.8	204.8	219.60000000000002	3258
05.04.2024 00:00	219.8	221.8	211.20000000000002	216.20000000000002	1041
08.04.2024 00:00	215.20000000000002	218.60000000000002	209.8	210.20000000000002	2021
09.04.2024 00:00	211.8	213.60000000000002	204.8	205.0	1093
10.04.2024 00:00	204.8	215.60000000000002	200.8	214.60000000000002	917
11.04.2024 00:00	214.60000000000002	214.8	206.0	210.8	737
12.04.2024 00:00	210.20000000000002	213.8	208.4	209.8	414
15.04.2024 00:00	210.0	210.0	208.20000000000002	208.20000000000002	352
16.04.2024 00:00	211.20000000000002	212.8	208.60000000000002	210.20000000000002	275
17.04.2024 00:00	210.60000000000002	214.8	207.8	214.8	548
18.04.2024 00:00	215.0	215.0	208.20000000000002	210.4	475
19.04.2024 00:00	210.8	211.0	201.20000000000002	205.4	1882
22.04.2024 00:00	207.8	208.20000000000002	201.0	204.8	1324
23.04.2024 00:00	206.4	215.8	204.8	205.60000000000002	3756
24.04.2024 00:00	207.20000000000002	207.8	197.0	199.20000000000002	2034
25.04.2024 00:00	200.8	200.8	197.20000000000002	199.4	522
26.04.2024 00:00	198.4	199.4	196.8	198.8	321
27.04.2024 00:00	197.0	204.20000000000002	197.0	201.8	461
29.04.2024 00:00	201.8	204.8	198.8	204.0	297
30.04.2024 00:00	204.0	207.20000000000002	202.20000000000002	204.8	396
02.05.2024 00:00	205.60000000000002	205.60000000000002	200.0	201.4	1029
03.05.2024 00:00	200.4	201.8	198.8	201.20000000000002	362
06.05.2024 00:00	201.8	206.20000000000002	197.20000000000002	198.8	1140
07.05.2024 00:00	199.0	202.8	197.4	199.4	349
08.05.2024 00:00	199.20000000000002	201.0	196.8	198.8	471
10.05.2024 00:00	197.4	198.8	194.8	197.8	199
13.05.2024 00:00	198.0	199.8	195.20000000000002	197.4	394
14.05.2024 00:00	198.0	198.0	193.0	195.0	418
15.05.2024 00:00	193.8	197.20000000000002	192.0	194.4	261
16.05.2024 00:00	194.4	198.0	192.8	193.20000000000002	543
17.05.2024 00:00	192.8	194.4	190.8	190.8	575
20.05.2024 00:00	191.8	191.8	183.0	184.8	849
21.05.2024 00:00	185.0	186.8	171.8	177.4	1649
22.05.2024 00:00	176.0	189.0	175.0	182.8	778
23.05.2024 00:00	184.20000000000002	187.8	179.8	182.4	575
24.05.2024 00:00	182.4	182.4	170.8	173.8	769
27.05.2024 00:00	172.8	177.0	166.8	166.8	688
28.05.2024 00:00	168.0	173.20000000000002	166.0	173.20000000000002	508
29.05.2024 00:00	174.8	174.8	170.4	171.20000000000002	149
30.05.2024 00:00	172.20000000000002	179.20000000000002	168.8	174.8	844
31.05.2024 00:00	176.8	176.8	165.0	167.0	438
03.06.2024 00:00	166.4	172.0	145.8	162.0	3742
04.06.2024 00:00	164.8	176.4	153.8	172.0	2548
05.06.2024 00:00	176.20000000000002	177.8	168.8	172.0	813
06.06.2024 00:00	169.20000000000002	179.20000000000002	167.8	175.20000000000002	813
07.06.2024 00:00	179.8	180.8	170.0	173.8	1143
10.06.2024 00:00	179.0	181.4	173.4	174.0	314
11.06.2024 00:00	174.8	180.8	170.4	174.20000000000002	581
13.06.2024 00:00	170.8	173.20000000000002	163.8	173.0	283
14.06.2024 00:00	173.0	173.0	171.8	171.8	163
17.06.2024 00:00	173.20000000000002	173.4	169.8	170.0	171
18.06.2024 00:00	170.20000000000002	170.8	165.0	166.0	313
19.06.2024 00:00	165.0	165.0	151.8	156.4	316
20.06.2024 00:00	155.4	162.8	150.20000000000002	157.0	1309
21.06.2024 00:00	159.20000000000002	159.8	157.8	159.4	37
24.06.2024 00:00	159.8	160.8	153.0	157.8	350
25.06.2024 00:00	156.4	156.4	152.8	154.4	104
26.06.2024 00:00	154.8	156.20000000000002	154.0	154.4	86
27.06.2024 00:00	157.8	157.8	149.8	152.8	187
28.06.2024 00:00	154.20000000000002	156.8	149.0	151.0	286
01.07.2024 00:00	154.20000000000002	154.20000000000002	150.4	150.4	273
02.07.2024 00:00	151.8	159.4	151.8	158.8	771
03.07.2024 00:00	159.8	163.8	157.4	157.4	288
04.07.2024 00:00	157.20000000000002	158.0	155.8	155.8	117
05.07.2024 00:00	153.0	164.0	153.0	163.8	632
08.07.2024 00:00	163.8	179.8	157.8	159.8	3413
09.07.2024 00:00	160.8	160.8	153.8	154.4	595
10.07.2024 00:00	154.0	154.0	147.8	147.8	145
11.07.2024 00:00	146.8	158.8	146.8	158.0	157
12.07.2024 00:00	159.8	162.0	152.4	153.20000000000002	60
15.07.2024 00:00	154.8	156.4	154.8	155.8	53
16.07.2024 00:00	156.0	163.0	149.0	149.0	1511
17.07.2024 00:00	154.20000000000002	159.4	152.8	154.8	428
18.07.2024 00:00	156.4	162.8	148.4	152.20000000000002	500
19.07.2024 00:00	152.0	158.20000000000002	151.4	156.8	292
22.07.2024 00:00	155.0	159.8	154.8	155.0	404
23.07.2024 00:00	155.20000000000002	164.0	152.8	158.8	636
24.07.2024 00:00	157.0	159.20000000000002	155.0	157.8	172
25.07.2024 00:00	164.8	164.8	155.8	156.0	287
26.07.2024 00:00	156.8	157.20000000000002	151.4	155.0	196
29.07.2024 00:00	154.0	154.8	147.8	149.8	331
30.07.2024 00:00	149.20000000000002	155.20000000000002	149.20000000000002	154.20000000000002	118
31.07.2024 00:00	155.20000000000002	155.8	152.8	153.8	27
01.08.2024 00:00	155.0	155.0	149.4	153.20000000000002	109
02.08.2024 00:00	153.0	155.8	152.4	153.0	82
05.08.2024 00:00	152.8	153.4	146.0	148.4	272
06.08.2024 00:00	148.8	150.4	146.0	149.20000000000002	60
07.08.2024 00:00	149.8	149.8	148.20000000000002	149.8	27
08.08.2024 00:00	150.0	156.20000000000002	150.0	150.4	222
09.08.2024 00:00	151.20000000000002	154.8	147.0	148.0	211
12.08.2024 00:00	149.4	151.0	147.0	149.4	274
13.08.2024 00:00	148.0	182.0	148.0	182.0	5862
14.08.2024 00:00	182.0	185.20000000000002	169.0	173.20000000000002	2062
15.08.2024 00:00	171.0	183.8	171.0	174.4	659
16.08.2024 00:00	178.20000000000002	178.20000000000002	157.4	159.0	2311
19.08.2024 00:00	160.0	163.8	153.20000000000002	156.8	646
20.08.2024 00:00	154.8	163.4	153.0	158.8	751
21.08.2024 00:00	157.20000000000002	173.8	152.0	155.8	2234
22.08.2024 00:00	151.8	155.8	151.0	153.8	512
23.08.2024 00:00	151.8	155.8	149.0	149.20000000000002	398
26.08.2024 00:00	151.8	154.8	149.4	152.8	227
27.08.2024 00:00	152.8	156.8	150.0	151.4	357
28.08.2024 00:00	150.20000000000002	153.4	149.8	151.8	377
29.08.2024 00:00	151.8	152.8	147.20000000000002	150.4	170
30.08.2024 00:00	152.0	155.8	147.0	147.0	428
02.09.2024 00:00	146.20000000000002	148.8	137.0	146.8	542
03.09.2024 00:00	139.8	148.4	139.20000000000002	139.20000000000002	320
04.09.2024 00:00	140.0	145.8	140.0	145.8	179
05.09.2024 00:00	145.8	152.8	145.8	150.4	359
06.09.2024 00:00	153.8	153.8	149.8	150.8	33
09.09.2024 00:00	150.8	155.0	146.20000000000002	154.0	350
10.09.2024 00:00	155.8	155.8	149.20000000000002	150.8	255
11.09.2024 00:00	154.0	154.0	148.0	151.4	135
12.09.2024 00:00	151.4	151.4	148.8	150.8	151
13.09.2024 00:00	150.8	152.0	146.0	148.4	327
16.09.2024 00:00	147.20000000000002	152.8	147.20000000000002	152.8	155
17.09.2024 00:00	149.8	155.8	149.8	152.20000000000002	99
18.09.2024 00:00	155.0	155.8	152.20000000000002	152.4	239
19.09.2024 00:00	152.8	154.0	152.4	154.0	88
20.09.2024 00:00	154.0	158.0	153.8	154.0	479
23.09.2024 00:00	154.8	157.20000000000002	153.8	156.0	231
24.09.2024 00:00	156.4	161.20000000000002	153.0	158.8	347
25.09.2024 00:00	161.4	161.4	156.4	157.8	501
26.09.2024 00:00	156.8	160.8	152.20000000000002	157.0	467
27.09.2024 00:00	157.8	160.4	153.8	157.8	550
30.09.2024 00:00	159.8	166.20000000000002	149.8	156.4	3877
01.10.2024 00:00	150.8	150.8	147.4	149.4	898
02.10.2024 00:00	149.4	149.4	142.8	143.4	316
03.10.2024 00:00	145.8	147.4	143.8	144.8	241
04.10.2024 00:00	145.0	147.4	145.0	146.4	105
07.10.2024 00:00	148.8	148.8	145.8	147.8	121
08.10.2024 00:00	146.20000000000002	147.4	146.20000000000002	146.8	26
09.10.2024 00:00	147.4	147.4	145.4	146.8	82
10.10.2024 00:00	147.8	148.8	146.0	146.0	422
11.10.2024 00:00	146.8	147.20000000000002	145.8	145.8	86
14.10.2024 00:00	145.8	145.8	142.8	144.8	68
15.10.2024 00:00	145.0	145.0	141.8	143.20000000000002	353
16.10.2024 00:00	143.20000000000002	146.8	141.8	143.0	285
17.10.2024 00:00	143.0	144.8	138.8	144.20000000000002	822
18.10.2024 00:00	143.8	143.8	137.8	137.8	312
21.10.2024 00:00	137.8	138.8	136.20000000000002	137.0	263
22.10.2024 00:00	138.20000000000002	143.0	137.8	138.8	257
23.10.2024 00:00	138.8	138.8	134.8	136.0	148
24.10.2024 00:00	134.8	134.8	132.4	134.0	103
25.10.2024 00:00	134.0	139.8	133.0	134.8	181
28.10.2024 00:00	133.8	135.0	120.80000000000001	122.80000000000001	445
29.10.2024 00:00	122.80000000000001	134.8	122.80000000000001	130.8	363
30.10.2024 00:00	134.8	134.8	127.2	132.20000000000002	114
31.10.2024 00:00	132.20000000000002	135.4	130.0	130.0	68
01.11.2024 00:00	129.8	131.8	125.80000000000001	129.8	256
02.11.2024 00:00	130.8	130.8	126.80000000000001	129.8	36
05.11.2024 00:00	130.8	132.8	129.8	132.8	22
06.11.2024 00:00	131.0	139.20000000000002	131.0	132.8	424
07.11.2024 00:00	133.20000000000002	136.20000000000002	130.8	132.8	235
08.11.2024 00:00	134.20000000000002	136.0	133.4	133.8	83
11.11.2024 00:00	133.8	139.20000000000002	133.8	138.4	254
12.11.2024 00:00	139.20000000000002	144.20000000000002	137.0	142.20000000000002	1085
13.11.2024 00:00	142.20000000000002	150.0	142.20000000000002	147.8	2095
14.11.2024 00:00	149.8	155.4	144.0	147.8	2281
15.11.2024 00:00	152.4	152.8	146.4	146.4	217
18.11.2024 00:00	146.4	146.4	141.20000000000002	142.20000000000002	190
19.11.2024 00:00	142.20000000000002	143.20000000000002	135.8	136.20000000000002	215
20.11.2024 00:00	136.8	141.8	135.20000000000002	137.20000000000002	448
21.11.2024 00:00	137.4	139.8	132.8	133.8	182
22.11.2024 00:00	134.0	140.8	133.8	136.8	135
25.11.2024 00:00	137.0	137.20000000000002	127.60000000000001	128.8	271
26.11.2024 00:00	126.0	130.8	122.2	124.2	403
27.11.2024 00:00	124.80000000000001	124.80000000000001	115.0	123.80000000000001	713
28.11.2024 00:00	125.2	139.8	125.2	133.4	219
29.11.2024 00:00	136.8	136.8	132.0	132.8	18
02.12.2024 00:00	132.8	137.8	132.20000000000002	135.0	297
03.12.2024 00:00	135.20000000000002	135.4	130.0	130.8	99
04.12.2024 00:00	130.0	130.8	117.80000000000001	120.80000000000001	692
05.12.2024 00:00	121.80000000000001	138.0	120.0	122.60000000000001	1249
06.12.2024 00:00	120.80000000000001	125.2	120.80000000000001	124.0	170
09.12.2024 00:00	124.0	126.60000000000001	123.80000000000001	126.60000000000001	134
10.12.2024 00:00	125.4	126.4	123.4	123.80000000000001	57
11.12.2024 00:00	123.60000000000001	124.4	123.4	123.80000000000001	9
12.12.2024 00:00	123.80000000000001	124.60000000000001	120.0	120.0	103
13.12.2024 00:00	120.0	121.80000000000001	118.0	118.0	160
16.12.2024 00:00	118.0	118.0	114.80000000000001	114.80000000000001	621
17.12.2024 00:00	112.80000000000001	117.80000000000001	111.80000000000001	116.4	103
18.12.2024 00:00	119.2	119.60000000000001	116.0	119.60000000000001	94
19.12.2024 00:00	120.60000000000001	123.80000000000001	115.0	118.4	424
20.12.2024 00:00	118.60000000000001	126.2	116.0	125.60000000000001	641
23.12.2024 00:00	126.60000000000001	129.20000000000002	124.4	124.80000000000001	616
24.12.2024 00:00	125.80000000000001	126.4	121.80000000000001	124.80000000000001	236
25.12.2024 00:00	124.80000000000001	134.8	124.60000000000001	127.80000000000001	694
26.12.2024 00:00	128.20000000000002	130.4	125.4	127.60000000000001	431
27.12.2024 00:00	126.2	126.2	124.4	125.2	356
28.12.2024 00:00	124.4	127.80000000000001	124.4	126.80000000000001	110
30.12.2024 00:00	128.0	132.4	128.0	130.8	344
03.01.2025 00:00	132.8	132.8	129.0	130.8	66
06.01.2025 00:00	130.8	134.8	128.4	131.0	456
08.01.2025 00:00	132.8	135.8	131.4	134.0	438
09.01.2025 00:00	133.0	133.20000000000002	126.80000000000001	128.20000000000002	412
10.01.2025 00:00	127.60000000000001	130.8	127.60000000000001	128.8	188
13.01.2025 00:00	130.20000000000002	135.8	129.0	134.4	619
14.01.2025 00:00	134.4	134.4	130.4	133.20000000000002	281
15.01.2025 00:00	133.8	139.8	132.0	136.0	400
16.01.2025 00:00	137.8	139.8	136.8	138.4	307
17.01.2025 00:00	139.20000000000002	150.8	139.20000000000002	146.4	2850
20.01.2025 00:00	146.8	152.8	142.8	148.0	1998
21.01.2025 00:00	148.0	152.4	146.0	151.8	1994
22.01.2025 00:00	153.0	184.4	151.8	175.4	7019
23.01.2025 00:00	175.8	184.8	162.4	162.4	3756
24.01.2025 00:00	163.20000000000002	171.8	160.8	165.20000000000002	1494
27.01.2025 00:00	167.8	167.8	154.8	156.4	1809
28.01.2025 00:00	156.4	159.8	153.20000000000002	157.8	601
29.01.2025 00:00	160.8	160.8	154.4	155.8	404
30.01.2025 00:00	156.4	162.0	153.8	156.8	766
31.01.2025 00:00	161.8	161.8	155.8	156.4	148
03.02.2025 00:00	156.20000000000002	156.4	153.8	155.8	210
04.02.2025 00:00	156.0	158.0	153.20000000000002	153.20000000000002	223
05.02.2025 00:00	153.20000000000002	153.4	148.8	150.4	187
06.02.2025 00:00	150.8	152.8	144.4	150.0	625
07.02.2025 00:00	150.0	150.0	145.8	147.8	158
10.02.2025 00:00	147.4	149.8	146.8	149.20000000000002	646
11.02.2025 00:00	149.4	173.8	149.20000000000002	164.4	3258
12.02.2025 00:00	165.8	169.8	155.8	156.8	1906
13.02.2025 00:00	161.8	167.8	157.8	158.20000000000002	676
14.02.2025 00:00	162.20000000000002	162.8	152.8	153.0	644
17.02.2025 00:00	155.8	157.4	152.8	156.4	307
18.02.2025 00:00	156.8	156.8	154.0	154.8	355
19.02.2025 00:00	154.8	157.4	154.8	157.0	521
20.02.2025 00:00	157.0	163.8	157.0	162.0	598
21.02.2025 00:00	161.0	164.8	158.0	160.8	437
24.02.2025 00:00	161.0	164.8	161.0	163.8	710
25.02.2025 00:00	162.0	164.8	159.20000000000002	164.0	423
26.02.2025 00:00	163.8	163.8	160.8	162.4	725
27.02.2025 00:00	161.20000000000002	161.20000000000002	155.8	159.8	354
28.02.2025 00:00	158.8	159.8	156.8	159.4	327
03.03.2025 00:00	157.8	162.8	157.8	159.8	298
04.03.2025 00:00	159.8	162.8	155.8	156.8	1101
05.03.2025 00:00	156.8	161.20000000000002	155.8	157.8	511
06.03.2025 00:00	157.8	157.8	155.4	157.8	302
07.03.2025 00:00	157.20000000000002	161.8	155.8	155.8	719
10.03.2025 00:00	155.8	158.8	152.8	154.4	320
11.03.2025 00:00	154.4	154.8	151.8	154.8	163
12.03.2025 00:00	153.20000000000002	156.20000000000002	150.4	152.0	371
13.03.2025 00:00	151.8	151.8	145.8	149.0	671
14.03.2025 00:00	149.8	154.4	149.20000000000002	151.20000000000002	277
17.03.2025 00:00	151.8	152.8	150.8	152.8	166
18.03.2025 00:00	152.8	153.4	151.4	151.4	147
19.03.2025 00:00	151.4	152.4	149.4	151.20000000000002	84
20.03.2025 00:00	152.0	152.20000000000002	149.4	149.4	195
21.03.2025 00:00	150.4	150.8	146.4	147.8	285
24.03.2025 00:00	148.0	149.20000000000002	148.0	148.0	64
25.03.2025 00:00	148.0	152.8	146.4	147.8	190
26.03.2025 00:00	147.8	148.8	147.20000000000002	147.20000000000002	125
27.03.2025 00:00	147.0	148.4	144.4	144.8	356
28.03.2025 00:00	144.8	146.20000000000002	141.8	144.8	200
31.03.2025 00:00	143.8	144.8	140.8	141.8	88
01.04.2025 00:00	142.20000000000002	144.20000000000002	142.0	144.0	134
02.04.2025 00:00	144.0	144.0	141.8	143.4	67
03.04.2025 00:00	143.4	145.4	138.8	140.4	254
04.04.2025 00:00	141.20000000000002	148.0	135.8	137.0	583
07.04.2025 00:00	133.8	133.8	122.2	127.80000000000001	901
08.04.2025 00:00	133.4	133.4	125.2	128.8	253
09.04.2025 00:00	128.4	128.4	119.60000000000001	119.60000000000001	636
10.04.2025 00:00	124.0	129.8	121.0	128.8	207
11.04.2025 00:00	130.8	134.8	130.8	131.20000000000002	1138
14.04.2025 00:00	134.20000000000002	134.8	128.4	128.4	226
15.04.2025 00:00	128.4	130.0	124.0	124.0	365
16.04.2025 00:00	123.80000000000001	125.80000000000001	120.80000000000001	125.60000000000001	179
17.04.2025 00:00	125.80000000000001	126.80000000000001	121.4	123.60000000000001	148
18.04.2025 00:00	123.60000000000001	124.80000000000001	120.2	122.80000000000001	189
21.04.2025 00:00	122.80000000000001	127.2	122.0	126.60000000000001	100
22.04.2025 00:00	127.80000000000001	132.8	127.0	129.8	283
23.04.2025 00:00	132.8	133.8	126.60000000000001	126.60000000000001	289
24.04.2025 00:00	129.4	132.20000000000002	127.2	129.8	248
25.04.2025 00:00	129.8	140.8	129.8	130.0	993
28.04.2025 00:00	129.8	131.4	128.0	129.8	127
29.04.2025 00:00	129.8	130.0	125.80000000000001	127.60000000000001	141
30.04.2025 00:00	126.0	128.0	123.80000000000001	126.60000000000001	266
02.05.2025 00:00	124.0	127.80000000000001	123.2	125.2	91
05.05.2025 00:00	123.80000000000001	127.60000000000001	123.80000000000001	125.4	167
06.05.2025 00:00	125.4	126.2	123.0	126.2	173
07.05.2025 00:00	123.4	125.80000000000001	123.4	123.60000000000001	121
08.05.2025 00:00	124.80000000000001	126.2	123.60000000000001	123.60000000000001	79
12.05.2025 00:00	123.60000000000001	127.2	123.60000000000001	125.0	201
13.05.2025 00:00	127.60000000000001	128.0	124.0	125.4	109
14.05.2025 00:00	127.60000000000001	131.8	125.4	127.0	743
15.05.2025 00:00	129.8	129.8	127.0	128.0	24
16.05.2025 00:00	127.4	129.20000000000002	125.4	127.80000000000001	112
19.05.2025 00:00	128.8	129.0	126.4	126.80000000000001	51
20.05.2025 00:00	126.60000000000001	127.0	123.2	125.4	181
21.05.2025 00:00	123.80000000000001	148.8	123.80000000000001	135.8	2314
22.05.2025 00:00	134.8	144.4	131.0	131.0	1282
