datetime	open	high	low	close	volume
26.04.2024 00:00	2700.0	2750.0	2600.0	2624.0	1716856
27.04.2024 00:00	2630.0	2639.0	2599.5	2604.0	433601
29.04.2024 00:00	2609.0	2645.0	2604.0	2620.0	126043
30.04.2024 00:00	2630.0	2631.0	2605.0	2608.0	69064
02.05.2024 00:00	2609.5	2614.5	2560.0	2569.0	203191
03.05.2024 00:00	2575.0	2583.5	2520.0	2557.0	111929
06.05.2024 00:00	2557.0	2559.5	2500.5	2504.0	175696
07.05.2024 00:00	2516.5	2598.0	2504.5	2597.5	284911
08.05.2024 00:00	2613.5	2619.0	2595.0	2605.0	172806
10.05.2024 00:00	2614.5	2635.0	2574.0	2599.0	76229
13.05.2024 00:00	2602.0	2619.0	2560.0	2570.5	99094
14.05.2024 00:00	2574.0	2582.0	2550.0	2563.0	60361
15.05.2024 00:00	2563.0	2597.5	2560.0	2565.5	83224
16.05.2024 00:00	2570.0	2581.5	2515.0	2519.5	133346
17.05.2024 00:00	2527.5	2536.5	2506.5	2520.5	170198
20.05.2024 00:00	2520.5	2530.0	2503.0	2513.0	69179
21.05.2024 00:00	2513.0	2527.5	2499.5	2511.0	202104
22.05.2024 00:00	2511.0	2537.0	2500.0	2508.5	67938
23.05.2024 00:00	2515.0	2524.0	2500.0	2502.0	88145
24.05.2024 00:00	2518.5	2518.5	2499.5	2501.0	217377
27.05.2024 00:00	2500.0	2508.0	2384.0	2505.0	231079
28.05.2024 00:00	2506.0	2526.0	2487.5	2500.0	63300
29.05.2024 00:00	2500.0	2505.0	2452.0	2501.0	63503
30.05.2024 00:00	2504.5	2508.5	2478.0	2500.0	55581
31.05.2024 00:00	2495.0	2495.0	2400.0	2401.0	123423
03.06.2024 00:00	2401.0	2423.5	2251.0	2308.0	133306
04.06.2024 00:00	2320.0	2392.5	2300.5	2375.5	54521
05.06.2024 00:00	2391.0	2429.5	2344.0	2351.0	43469
06.06.2024 00:00	2351.0	2356.5	2310.0	2321.0	15689
07.06.2024 00:00	2337.0	2387.0	2322.5	2360.5	49537
10.06.2024 00:00	2361.5	2387.0	2306.0	2315.0	26871
11.06.2024 00:00	2318.0	2326.5	2260.5	2288.0	32788
13.06.2024 00:00	2199.0	2306.5	2071.0	2285.0	74866
14.06.2024 00:00	2285.0	2304.5	2265.5	2277.5	12877
17.06.2024 00:00	2277.0	2286.0	2220.0	2234.5	20037
18.06.2024 00:00	2239.0	2240.0	2170.0	2197.0	28345
19.06.2024 00:00	2197.0	2202.5	2076.0	2099.0	52193
20.06.2024 00:00	2100.5	2170.0	2030.0	2152.5	101646
21.06.2024 00:00	2149.0	2194.5	2104.5	2145.0	28929
24.06.2024 00:00	2128.5	2184.0	2107.0	2146.0	28537
25.06.2024 00:00	2145.0	2220.0	2135.0	2190.0	24940
26.06.2024 00:00	2196.5	2240.0	2150.0	2183.5	39132
27.06.2024 00:00	2190.0	2215.0	2155.5	2190.0	20490
28.06.2024 00:00	2187.5	2224.5	2182.0	2208.5	19405
01.07.2024 00:00	2207.5	2229.0	2183.0	2183.0	21061
02.07.2024 00:00	2171.5	2186.0	2168.0	2173.0	13429
03.07.2024 00:00	2173.0	2181.5	2085.0	2110.0	113716
04.07.2024 00:00	2099.0	2102.0	2050.0	2074.5	40824
05.07.2024 00:00	2068.5	2070.0	2035.0	2040.0	31254
08.07.2024 00:00	2040.0	2055.0	2004.0	2004.0	35976
09.07.2024 00:00	2002.0	2012.0	1867.0	1885.5	108716
10.07.2024 00:00	1885.5	1916.5	1725.0	1750.0	148602
11.07.2024 00:00	1760.0	1900.0	1730.5	1836.0	75407
12.07.2024 00:00	1837.0	1873.0	1801.0	1862.0	53344
15.07.2024 00:00	1872.5	1889.0	1810.0	1819.0	56722
16.07.2024 00:00	1827.5	1836.5	1757.0	1804.0	50314
17.07.2024 00:00	1810.0	1823.0	1777.0	1802.0	49833
18.07.2024 00:00	1785.0	1809.0	1778.0	1796.0	56399
19.07.2024 00:00	1810.0	1931.0	1810.0	1910.5	162347
22.07.2024 00:00	1920.0	1959.0	1893.0	1915.5	102352
23.07.2024 00:00	1916.0	1928.0	1860.5	1919.0	40414
24.07.2024 00:00	1926.0	1984.5	1920.0	1970.0	56858
25.07.2024 00:00	1960.0	2000.0	1936.0	1954.0	26082
26.07.2024 00:00	1959.5	2000.0	1882.0	1893.5	73348
29.07.2024 00:00	1884.0	1890.5	1830.0	1861.0	36128
30.07.2024 00:00	1861.0	1905.0	1808.5	1890.0	33566
31.07.2024 00:00	1890.0	1929.0	1864.5	1917.5	21574
01.08.2024 00:00	1917.0	1945.0	1890.0	1890.5	24159
02.08.2024 00:00	1890.5	1930.0	1855.5	1895.0	21806
05.08.2024 00:00	1862.0	1890.0	1792.5	1825.5	74394
06.08.2024 00:00	1835.0	1858.0	1810.0	1820.0	37114
07.08.2024 00:00	1829.5	1904.0	1805.0	1892.0	33162
08.08.2024 00:00	1877.0	1930.0	1866.0	1879.5	13386
09.08.2024 00:00	1873.5	1900.0	1845.0	1845.5	23109
12.08.2024 00:00	1867.0	1867.0	1803.5	1840.0	19603
13.08.2024 00:00	1841.0	1875.0	1839.0	1863.0	21839
14.08.2024 00:00	1863.0	1880.0	1835.0	1840.0	22932
15.08.2024 00:00	1840.0	1845.0	1806.0	1833.5	16890
16.08.2024 00:00	1833.5	1839.5	1806.0	1806.0	18478
19.08.2024 00:00	1800.0	1804.5	1751.5	1769.0	43962
20.08.2024 00:00	1782.0	1786.0	1745.0	1750.0	22135
21.08.2024 00:00	1769.0	1786.5	1721.5	1724.5	36206
22.08.2024 00:00	1739.0	1739.0	1674.0	1676.0	53874
23.08.2024 00:00	1676.0	1693.0	1588.0	1614.0	77912
26.08.2024 00:00	1688.0	1717.0	1635.0	1690.5	34893
27.08.2024 00:00	1714.5	1770.0	1700.5	1721.0	54352
28.08.2024 00:00	1721.0	1768.0	1703.5	1750.0	36866
29.08.2024 00:00	1769.5	1790.0	1690.5	1719.5	32015
30.08.2024 00:00	1719.5	1750.0	1620.0	1620.0	40774
02.09.2024 00:00	1615.0	1619.0	1558.0	1590.0	42687
03.09.2024 00:00	1590.5	1637.0	1550.5	1550.5	43724
04.09.2024 00:00	1585.0	1610.0	1561.0	1600.0	49986
05.09.2024 00:00	1625.0	1668.0	1600.0	1600.5	79027
06.09.2024 00:00	1614.0	1632.0	1602.0	1613.0	23862
09.09.2024 00:00	1621.5	1650.0	1615.0	1642.0	37646
10.09.2024 00:00	1651.0	1675.0	1607.0	1609.5	46845
11.09.2024 00:00	1609.5	1619.5	1574.0	1595.5	27465
12.09.2024 00:00	1594.5	1595.0	1571.0	1583.5	20007
13.09.2024 00:00	1575.5	1607.0	1570.0	1601.5	25593
16.09.2024 00:00	1602.0	1668.5	1602.0	1639.0	44709
17.09.2024 00:00	1650.0	1666.5	1629.5	1666.5	28533
18.09.2024 00:00	1670.0	1725.0	1642.5	1655.0	60953
19.09.2024 00:00	1655.0	1710.0	1636.0	1669.5	45601
20.09.2024 00:00	1681.0	1702.5	1670.5	1695.5	24148
23.09.2024 00:00	1710.0	1776.5	1700.0	1765.0	70145
24.09.2024 00:00	1777.0	1786.0	1715.5	1750.0	43877
25.09.2024 00:00	1754.5	1792.0	1720.0	1740.0	75934
26.09.2024 00:00	1720.0	1757.0	1705.0	1732.0	30164
27.09.2024 00:00	1726.5	1745.5	1702.5	1723.5	109259
30.09.2024 00:00	1724.5	1736.0	1703.0	1704.0	34758
01.10.2024 00:00	1700.0	1700.0	1661.0	1686.5	38859
02.10.2024 00:00	1681.5	1694.5	1650.0	1650.0	34498
03.10.2024 00:00	1650.0	1669.0	1627.0	1667.5	39959
04.10.2024 00:00	1667.5	1690.0	1656.0	1661.0	15428
07.10.2024 00:00	1660.0	1668.5	1625.0	1625.0	24433
08.10.2024 00:00	1625.0	1636.5	1620.0	1622.5	18896
09.10.2024 00:00	1625.0	1634.0	1619.0	1620.5	16789
10.10.2024 00:00	1620.5	1640.0	1608.5	1611.5	13930
11.10.2024 00:00	1621.5	1621.5	1588.0	1608.0	23032
14.10.2024 00:00	1608.5	1634.0	1588.0	1620.5	64948
15.10.2024 00:00	1620.5	1643.5	1614.5	1628.0	33220
16.10.2024 00:00	1630.5	1659.5	1610.0	1616.5	36221
17.10.2024 00:00	1618.0	1622.5	1588.5	1591.5	45407
18.10.2024 00:00	1591.5	1591.5	1555.0	1575.0	53871
21.10.2024 00:00	1575.0	1603.0	1572.0	1581.5	24998
22.10.2024 00:00	1581.5	1592.0	1560.5	1571.0	14367
23.10.2024 00:00	1560.0	1567.5	1542.0	1542.0	30876
24.10.2024 00:00	1542.0	1546.0	1527.0	1536.0	32503
25.10.2024 00:00	1536.0	1548.5	1504.0	1519.0	67148
28.10.2024 00:00	1500.0	1507.0	1407.5	1421.0	126882
29.10.2024 00:00	1421.0	1428.0	1364.5	1416.0	65067
30.10.2024 00:00	1425.5	1434.0	1385.5	1415.0	26369
31.10.2024 00:00	1385.5	1403.0	1382.0	1385.0	17422
01.11.2024 00:00	1385.0	1393.5	1338.0	1379.5	33683
02.11.2024 00:00	1380.0	1398.5	1346.0	1356.5	28642
05.11.2024 00:00	1358.0	1384.0	1355.0	1367.0	19988
06.11.2024 00:00	1392.0	1460.0	1380.0	1387.0	61495
07.11.2024 00:00	1398.0	1403.0	1362.0	1386.5	35924
08.11.2024 00:00	1413.0	1417.0	1390.0	1400.0	32817
11.11.2024 00:00	1430.0	1459.5	1422.5	1450.0	66696
12.11.2024 00:00	1464.0	1471.5	1436.0	1446.0	32547
13.11.2024 00:00	1434.0	1459.5	1433.0	1456.0	26022
14.11.2024 00:00	1440.0	1452.5	1416.5	1418.0	31869
15.11.2024 00:00	1438.0	1440.0	1392.0	1402.0	74528
18.11.2024 00:00	1387.0	1421.0	1373.5	1401.5	26156
19.11.2024 00:00	1402.5	1419.0	1348.5	1360.0	62671
20.11.2024 00:00	1360.0	1368.0	1330.0	1346.5	51092
21.11.2024 00:00	1346.5	1358.5	1322.5	1325.5	34297
22.11.2024 00:00	1336.5	1348.5	1262.0	1270.0	69853
25.11.2024 00:00	1270.0	1295.0	1251.5	1286.0	54830
26.11.2024 00:00	1287.0	1287.0	1210.0	1217.5	71808
27.11.2024 00:00	1219.0	1265.0	1175.0	1208.0	84082
28.11.2024 00:00	1220.0	1270.0	1208.0	1228.0	44148
29.11.2024 00:00	1228.5	1252.0	1209.5	1232.0	43991
02.12.2024 00:00	1228.5	1280.0	1225.0	1230.0	36641
03.12.2024 00:00	1233.0	1233.0	1185.5	1194.0	49110
04.12.2024 00:00	1182.5	1209.5	1165.0	1165.0	29727
05.12.2024 00:00	1163.5	1171.5	1146.0	1160.0	54092
06.12.2024 00:00	1178.5	1182.0	1150.5	1159.0	29500
09.12.2024 00:00	1165.5	1200.0	1136.5	1145.0	115548
10.12.2024 00:00	1145.0	1149.5	1101.0	1116.0	81740
11.12.2024 00:00	1115.5	1125.0	1104.5	1112.0	36658
12.12.2024 00:00	1115.0	1125.0	1090.0	1096.0	56962
13.12.2024 00:00	1100.0	1125.5	1092.0	1115.0	70273
16.12.2024 00:00	1115.0	1122.0	1090.0	1092.5	48132
17.12.2024 00:00	1092.0	1118.0	1055.5	1060.0	73272
18.12.2024 00:00	1070.0	1084.0	1053.5	1067.0	38640
19.12.2024 00:00	1068.5	1111.0	1057.0	1057.0	67265
20.12.2024 00:00	1062.0	1198.0	1058.0	1180.0	167383
23.12.2024 00:00	1202.0	1249.5	1190.0	1213.0	151997
24.12.2024 00:00	1221.5	1240.0	1152.0	1200.0	90795
25.12.2024 00:00	1200.0	1243.0	1181.5	1215.0	104143
26.12.2024 00:00	1215.5	1242.5	1215.0	1227.0	70083
27.12.2024 00:00	1225.0	1287.0	1225.0	1268.5	173614
28.12.2024 00:00	1268.0	1295.0	1250.0	1272.0	83564
30.12.2024 00:00	1295.0	1312.5	1287.0	1311.5	69510
03.01.2025 00:00	1320.0	1320.0	1256.0	1282.5	50798
06.01.2025 00:00	1272.0	1286.5	1266.0	1282.5	12455
08.01.2025 00:00	1292.0	1304.5	1280.0	1303.5	29221
09.01.2025 00:00	1303.0	1346.0	1272.5	1287.5	39918
10.01.2025 00:00	1285.0	1326.0	1240.0	1318.0	84241
13.01.2025 00:00	1327.0	1358.0	1313.5	1358.0	63858
14.01.2025 00:00	1358.0	1398.0	1331.0	1398.0	58722
15.01.2025 00:00	1399.0	1439.0	1399.0	1425.5	105208
16.01.2025 00:00	1445.0	1488.0	1433.0	1433.5	100802
17.01.2025 00:00	1428.5	1441.0	1385.5	1427.0	126855
20.01.2025 00:00	1449.0	1467.0	1425.0	1429.5	75663
21.01.2025 00:00	1429.5	1460.0	1383.0	1418.0	49655
22.01.2025 00:00	1420.0	1433.5	1414.0	1424.0	38969
23.01.2025 00:00	1418.0	1422.0	1395.5	1411.0	28821
24.01.2025 00:00	1415.0	1441.0	1405.5	1426.0	35957
27.01.2025 00:00	1425.5	1427.5	1363.0	1377.5	46142
28.01.2025 00:00	1384.5	1400.0	1367.0	1400.0	25556
29.01.2025 00:00	1410.0	1426.0	1408.0	1417.0	32400
30.01.2025 00:00	1422.5	1455.5	1419.5	1439.0	59286
31.01.2025 00:00	1440.0	1459.5	1395.0	1418.0	61715
03.02.2025 00:00	1417.0	1419.5	1387.5	1405.5	30823
04.02.2025 00:00	1410.5	1418.5	1399.0	1402.5	17892
05.02.2025 00:00	1402.5	1402.5	1352.5	1397.0	33687
06.02.2025 00:00	1410.0	1435.0	1401.5	1407.5	31681
07.02.2025 00:00	1417.5	1420.0	1400.5	1403.5	14375
10.02.2025 00:00	1417.5	1443.0	1411.5	1440.0	53550
11.02.2025 00:00	1439.0	1498.0	1423.0	1488.5	80975
12.02.2025 00:00	1504.0	1550.0	1471.0	1484.5	145243
13.02.2025 00:00	1580.0	1650.0	1530.0	1548.0	147427
14.02.2025 00:00	1584.0	1599.0	1489.0	1516.0	162646
17.02.2025 00:00	1552.5	1581.5	1524.5	1574.0	74895
18.02.2025 00:00	1568.0	1568.0	1525.0	1537.5	69739
19.02.2025 00:00	1535.0	1557.0	1531.0	1548.5	24016
20.02.2025 00:00	1552.5	1580.0	1552.5	1579.0	40682
21.02.2025 00:00	1580.5	1593.0	1552.0	1572.0	24432
24.02.2025 00:00	1579.5	1597.5	1570.0	1585.0	40991
25.02.2025 00:00	1599.5	1623.5	1599.0	1603.0	46487
26.02.2025 00:00	1611.0	1617.0	1540.5	1550.0	64853
27.02.2025 00:00	1541.5	1544.0	1492.0	1515.0	47027
28.02.2025 00:00	1505.0	1512.0	1471.0	1509.5	46068
03.03.2025 00:00	1495.0	1500.0	1451.0	1457.0	44649
04.03.2025 00:00	1471.0	1573.0	1462.0	1550.0	114325
05.03.2025 00:00	1540.0	1580.0	1516.0	1552.0	80968
06.03.2025 00:00	1565.0	1578.0	1531.0	1538.0	41449
07.03.2025 00:00	1553.0	1575.0	1510.5	1525.0	40013
10.03.2025 00:00	1536.0	1550.0	1500.5	1524.5	25127
11.03.2025 00:00	1513.5	1567.5	1502.0	1555.5	69197
12.03.2025 00:00	1553.5	1572.0	1515.5	1538.5	45794
13.03.2025 00:00	1533.0	1545.0	1502.0	1512.0	46161
14.03.2025 00:00	1529.5	1565.0	1515.5	1555.0	39934
17.03.2025 00:00	1615.5	1635.0	1586.0	1627.0	81424
18.03.2025 00:00	1625.5	1690.0	1625.5	1662.5	125027
19.03.2025 00:00	1655.5	1680.0	1605.0	1678.5	61562
20.03.2025 00:00	1700.0	1715.0	1655.0	1668.0	80639
21.03.2025 00:00	1664.0	1697.0	1618.0	1634.5	79620
24.03.2025 00:00	1623.0	1666.0	1605.5	1610.0	32665
25.03.2025 00:00	1613.5	1656.0	1572.0	1588.5	55340
26.03.2025 00:00	1618.0	1644.0	1571.5	1578.5	62352
27.03.2025 00:00	1571.0	1585.0	1550.0	1550.5	37773
28.03.2025 00:00	1550.0	1566.0	1467.5	1511.0	61427
31.03.2025 00:00	1512.0	1553.0	1475.0	1508.5	43678
01.04.2025 00:00	1542.5	1542.5	1487.5	1488.0	27005
02.04.2025 00:00	1491.0	1491.0	1425.0	1439.0	37177
03.04.2025 00:00	1478.0	1478.0	1402.5	1412.0	45989
04.04.2025 00:00	1438.5	1450.5	1371.0	1382.0	48959
07.04.2025 00:00	1314.5	1350.0	1270.0	1310.0	91798
08.04.2025 00:00	1343.0	1364.0	1307.0	1355.5	25358
09.04.2025 00:00	1342.0	1351.0	1275.0	1292.5	32148
10.04.2025 00:00	1447.5	1449.0	1343.0	1377.0	49199
11.04.2025 00:00	1377.0	1414.5	1340.0	1386.5	33758
12.04.2025 00:00	1393.0	1414.5	1384.5	1413.5	7755
13.04.2025 00:00	1405.0	1416.0	1371.0	1413.5	6398
14.04.2025 00:00	1403.0	1420.0	1371.0	1376.5	11816
15.04.2025 00:00	1383.0	1399.0	1372.0	1384.0	11092
16.04.2025 00:00	1380.0	1428.0	1376.0	1405.0	20909
17.04.2025 00:00	1410.5	1426.5	1360.5	1409.5	22061
18.04.2025 00:00	1409.5	1413.5	1356.5	1388.0	27351
21.04.2025 00:00	1408.0	1425.0	1305.0	1349.5	344186
22.04.2025 00:00	1348.0	1360.0	1322.0	1329.0	222106
23.04.2025 00:00	1330.0	1338.0	1286.0	1297.0	92473
24.04.2025 00:00	1302.0	1309.5	1195.5	1293.0	522696
25.04.2025 00:00	1290.0	1347.0	1273.5	1314.5	124704
26.04.2025 00:00	1310.0	1320.0	1309.5	1310.5	13591
27.04.2025 00:00	1311.5	1324.0	1310.0	1316.0	5967
28.04.2025 00:00	1320.0	1323.0	1276.0	1283.5	81174
29.04.2025 00:00	1283.5	1288.0	1235.0	1260.0	58735
30.04.2025 00:00	1262.5	1269.5	1227.0	1250.5	43164
02.05.2025 00:00	1252.5	1267.0	1220.0	1230.0	28163
03.05.2025 00:00	1215.0	1229.5	1212.0	1220.5	9954
04.05.2025 00:00	1217.0	1233.5	1217.0	1232.5	3269
05.05.2025 00:00	1234.0	1238.0	1189.5	1211.5	47278
06.05.2025 00:00	1210.0	1260.0	1203.5	1228.5	25503
07.05.2025 00:00	1237.5	1242.0	1224.0	1239.5	15295
08.05.2025 00:00	1239.5	1260.5	1236.5	1251.5	12776
10.05.2025 00:00	1259.5	1259.5	1248.0	1248.5	1051
11.05.2025 00:00	1255.5	1270.0	1252.0	1256.5	6341
12.05.2025 00:00	1261.5	1298.0	1261.0	1283.0	35259
13.05.2025 00:00	1285.0	1298.0	1245.5	1259.0	23614
14.05.2025 00:00	1261.0	1262.0	1224.5	1225.0	23913
15.05.2025 00:00	1225.5	1248.0	1219.5	1246.5	22346
16.05.2025 00:00	1248.0	1299.0	1240.5	1281.0	130800
17.05.2025 00:00	1281.5	1289.5	1279.0	1286.0	2272
18.05.2025 00:00	1282.5	1292.0	1280.5	1292.0	4482
19.05.2025 00:00	1289.0	1293.5	1273.0	1275.0	19615
20.05.2025 00:00	1276.0	1334.5	1263.0	1272.5	59044
21.05.2025 00:00	1271.5	1280.0	1211.5	1241.0	51557
22.05.2025 00:00	1241.0	1241.0	1207.0	1225.0	32137
