datetime	open	high	low	close	volume
12.03.2018 00:00	3.7	3.98	3.7	3.74	430
13.03.2018 00:00	3.7	3.98	3.68	3.94	1250
14.03.2018 00:00	3.94	3.98	3.8200000000000003	3.98	790
15.03.2018 00:00	3.8000000000000003	3.96	3.8000000000000003	3.88	330
16.03.2018 00:00	3.9	3.9	3.86	3.9	300
20.03.2018 00:00	3.92	3.92	3.92	3.92	100
21.03.2018 00:00	3.9	3.96	3.86	3.86	30
22.03.2018 00:00	3.88	3.96	3.8000000000000003	3.96	150
23.03.2018 00:00	3.84	3.84	3.8000000000000003	3.8000000000000003	260
27.03.2018 00:00	3.8200000000000003	3.9	3.8200000000000003	3.8200000000000003	90
28.03.2018 00:00	3.9	3.9	3.88	3.9	350
29.03.2018 00:00	3.88	4.0200000000000005	3.88	3.88	120
30.03.2018 00:00	3.92	4.0200000000000005	3.88	3.98	1420
03.04.2018 00:00	4.0200000000000005	4.08	3.84	3.96	650
04.04.2018 00:00	3.96	4.0600000000000005	3.92	3.92	170
05.04.2018 00:00	4.04	4.04	3.92	3.92	440
06.04.2018 00:00	3.98	3.98	3.94	3.98	910
09.04.2018 00:00	3.8000000000000003	3.8000000000000003	3.7	3.7	320
10.04.2018 00:00	3.7	3.88	3.7	3.74	730
11.04.2018 00:00	3.7	3.88	3.7	3.74	510
12.04.2018 00:00	3.74	3.96	3.7	3.7800000000000002	1200
13.04.2018 00:00	3.7800000000000002	3.96	3.7800000000000002	3.92	560
17.04.2018 00:00	3.8000000000000003	3.88	3.8000000000000003	3.88	90
18.04.2018 00:00	3.88	3.88	3.88	3.88	80
23.04.2018 00:00	3.84	3.96	3.84	3.94	70
24.04.2018 00:00	3.88	3.96	3.84	3.96	280
25.04.2018 00:00	3.96	3.96	3.96	3.96	40
26.04.2018 00:00	3.86	3.94	3.86	3.86	10
27.04.2018 00:00	3.92	3.94	3.92	3.92	100
28.04.2018 00:00	3.84	3.86	3.84	3.84	30
03.05.2018 00:00	3.7800000000000002	3.8000000000000003	3.7800000000000002	3.8000000000000003	190
07.05.2018 00:00	3.88	3.9	3.88	3.9	80
08.05.2018 00:00	3.7800000000000002	3.88	3.7800000000000002	3.88	440
10.05.2018 00:00	3.7800000000000002	3.9	3.7800000000000002	3.8000000000000003	20
11.05.2018 00:00	3.8200000000000003	3.9	3.8200000000000003	3.9	30
14.05.2018 00:00	3.88	3.92	3.88	3.88	20
15.05.2018 00:00	3.88	3.92	3.88	3.92	60
16.05.2018 00:00	3.88	3.88	3.86	3.88	60
17.05.2018 00:00	3.86	3.86	3.86	3.86	10
21.05.2018 00:00	3.94	4.48	3.94	4.28	9940
22.05.2018 00:00	4.28	4.44	4.24	4.4	1310
23.05.2018 00:00	4.4	4.4	4.2	4.36	2270
24.05.2018 00:00	4.28	4.44	4.24	4.28	150
25.05.2018 00:00	4.44	4.44	4.32	4.32	530
28.05.2018 00:00	4.44	4.44	4.32	4.4	30
29.05.2018 00:00	4.32	4.4	4.32	4.32	130
30.05.2018 00:00	4.36	4.36	4.36	4.36	110
31.05.2018 00:00	4.36	4.4	4.32	4.4	500
01.06.2018 00:00	4.28	4.36	4.28	4.36	190
05.06.2018 00:00	4.4	4.44	4.32	4.32	140
06.06.2018 00:00	4.4	4.4	4.36	4.4	440
07.06.2018 00:00	4.4	4.4	4.28	4.28	680
08.06.2018 00:00	4.28	4.36	4.28	4.36	450
09.06.2018 00:00	4.36	4.4	4.36	4.36	380
11.06.2018 00:00	4.36	4.44	4.36	4.4	630
13.06.2018 00:00	4.44	4.44	4.44	4.44	370
14.06.2018 00:00	4.4	4.44	4.32	4.44	420
18.06.2018 00:00	4.44	4.44	4.44	4.44	30
19.06.2018 00:00	4.4	4.4	4.4	4.4	200
20.06.2018 00:00	4.28	4.4	4.28	4.4	940
21.06.2018 00:00	4.48	4.48	4.4	4.44	320
22.06.2018 00:00	4.48	4.48	4.4	4.4	560
25.06.2018 00:00	4.4	4.44	4.36	4.4	720
26.06.2018 00:00	4.44	4.48	4.4	4.44	3000
27.06.2018 00:00	4.48	4.48	4.36	4.44	1950
28.06.2018 00:00	4.44	4.48	4.4	4.44	2130
29.06.2018 00:00	4.44	4.5	4.44	4.48	6360
02.07.2018 00:00	4.0200000000000005	4.0200000000000005	3.8000000000000003	3.94	8850
03.07.2018 00:00	3.9	3.92	3.88	3.88	1580
04.07.2018 00:00	3.8200000000000003	3.88	3.7800000000000002	3.86	950
05.07.2018 00:00	3.84	3.86	3.8000000000000003	3.86	150
06.07.2018 00:00	3.86	3.86	3.8200000000000003	3.84	250
09.07.2018 00:00	3.86	3.86	3.7	3.7800000000000002	1390
10.07.2018 00:00	3.7800000000000002	3.7800000000000002	3.7800000000000002	3.7800000000000002	130
11.07.2018 00:00	3.7800000000000002	3.8000000000000003	3.7800000000000002	3.8000000000000003	570
12.07.2018 00:00	3.7800000000000002	3.8200000000000003	3.7800000000000002	3.8200000000000003	320
13.07.2018 00:00	3.8000000000000003	3.8200000000000003	3.7800000000000002	3.8200000000000003	610
16.07.2018 00:00	3.7800000000000002	3.8200000000000003	3.7800000000000002	3.8200000000000003	420
17.07.2018 00:00	3.7800000000000002	3.8000000000000003	3.7800000000000002	3.8000000000000003	150
18.07.2018 00:00	3.7800000000000002	3.8000000000000003	3.74	3.74	260
19.07.2018 00:00	3.8000000000000003	3.8000000000000003	3.7800000000000002	3.8000000000000003	100
20.07.2018 00:00	3.8000000000000003	3.8000000000000003	3.74	3.7800000000000002	170
23.07.2018 00:00	3.7800000000000002	3.7800000000000002	3.7	3.7	30
24.07.2018 00:00	3.7	3.7800000000000002	3.7	3.7800000000000002	50
25.07.2018 00:00	3.74	3.74	3.74	3.74	30
26.07.2018 00:00	3.74	3.84	3.74	3.8200000000000003	540
27.07.2018 00:00	3.88	3.88	3.8000000000000003	3.8000000000000003	80
30.07.2018 00:00	3.88	3.96	3.88	3.96	320
31.07.2018 00:00	3.86	3.96	3.86	3.92	50
01.08.2018 00:00	3.88	3.94	3.88	3.94	70
02.08.2018 00:00	3.96	3.96	3.8200000000000003	3.92	450
03.08.2018 00:00	3.84	3.9	3.84	3.9	570
07.08.2018 00:00	3.9	3.9	3.88	3.88	20
08.08.2018 00:00	3.86	3.86	3.8200000000000003	3.8200000000000003	80
09.08.2018 00:00	3.8200000000000003	3.8200000000000003	3.56	3.8200000000000003	390
10.08.2018 00:00	3.84	3.86	3.74	3.74	250
13.08.2018 00:00	3.66	3.7800000000000002	3.66	3.7800000000000002	70
14.08.2018 00:00	3.7800000000000002	3.8200000000000003	3.7800000000000002	3.8200000000000003	20
15.08.2018 00:00	3.8200000000000003	3.92	3.8200000000000003	3.92	630
20.08.2018 00:00	3.6	3.84	3.6	3.74	420
21.08.2018 00:00	3.7	3.7	3.7	3.7	10
22.08.2018 00:00	3.7800000000000002	3.7800000000000002	3.7800000000000002	3.7800000000000002	30
24.08.2018 00:00	3.7800000000000002	3.7800000000000002	3.7800000000000002	3.7800000000000002	170
29.08.2018 00:00	3.7	3.7	3.7	3.7	10
30.08.2018 00:00	3.7800000000000002	3.8000000000000003	3.7	3.7	500
31.08.2018 00:00	3.74	3.74	3.74	3.74	90
03.09.2018 00:00	3.74	3.74	3.74	3.74	20
05.09.2018 00:00	3.74	3.74	3.74	3.74	10
06.09.2018 00:00	3.74	3.74	3.74	3.74	50
10.09.2018 00:00	3.74	3.7800000000000002	3.7	3.7	310
11.09.2018 00:00	3.74	3.74	3.74	3.74	50
12.09.2018 00:00	3.74	3.74	3.7	3.7	240
13.09.2018 00:00	3.7	3.8000000000000003	3.7	3.8000000000000003	1090
14.09.2018 00:00	3.8000000000000003	3.8000000000000003	3.7800000000000002	3.7800000000000002	90
17.09.2018 00:00	3.7	3.8000000000000003	3.7	3.8000000000000003	20
19.09.2018 00:00	3.8000000000000003	3.94	3.8000000000000003	3.94	1260
20.09.2018 00:00	3.94	4.08	3.94	4.08	740
21.09.2018 00:00	4.16	4.2	4.0	4.08	840
24.09.2018 00:00	4.12	4.36	4.0	4.08	390
25.09.2018 00:00	4.0	4.0	3.84	4.0	320
26.09.2018 00:00	3.94	4.2	3.84	4.2	1160
27.09.2018 00:00	4.24	4.24	3.98	4.0	160
28.09.2018 00:00	4.2	4.2	4.04	4.08	60
02.10.2018 00:00	4.2	4.2	4.2	4.2	30
03.10.2018 00:00	4.0200000000000005	4.16	4.0200000000000005	4.16	290
08.10.2018 00:00	4.0200000000000005	4.16	4.0200000000000005	4.16	20
09.10.2018 00:00	4.16	4.16	4.04	4.04	50
11.10.2018 00:00	4.0200000000000005	4.0200000000000005	4.0200000000000005	4.0200000000000005	60
12.10.2018 00:00	4.16	4.16	4.0	4.0	100
15.10.2018 00:00	4.0200000000000005	4.0200000000000005	3.98	4.0	1250
16.10.2018 00:00	4.0600000000000005	4.08	4.0600000000000005	4.08	20
17.10.2018 00:00	3.98	4.0	3.98	3.98	150
18.10.2018 00:00	3.86	3.98	3.86	3.98	290
19.10.2018 00:00	4.08	4.08	4.0600000000000005	4.0600000000000005	20
22.10.2018 00:00	4.16	4.16	4.0	4.0	220
23.10.2018 00:00	3.86	3.98	3.86	3.98	210
24.10.2018 00:00	4.08	4.08	4.08	4.08	190
25.10.2018 00:00	4.12	4.12	4.12	4.12	20
26.10.2018 00:00	3.98	4.2	3.98	4.16	180
29.10.2018 00:00	3.92	3.98	3.62	3.7800000000000002	1730
30.10.2018 00:00	3.9	3.9	3.74	3.88	70
31.10.2018 00:00	3.8200000000000003	3.8200000000000003	3.8200000000000003	3.8200000000000003	10
01.11.2018 00:00	3.9	3.9	3.9	3.9	10
02.11.2018 00:00	3.88	3.94	3.88	3.9	180
06.11.2018 00:00	3.94	3.94	3.84	3.94	90
07.11.2018 00:00	3.8200000000000003	3.8200000000000003	3.8200000000000003	3.8200000000000003	20
08.11.2018 00:00	3.7800000000000002	3.86	3.7800000000000002	3.86	100
09.11.2018 00:00	3.84	3.84	3.84	3.84	30
12.11.2018 00:00	3.8000000000000003	3.84	3.8000000000000003	3.84	140
13.11.2018 00:00	3.92	3.92	3.88	3.9	70
14.11.2018 00:00	3.84	3.84	3.84	3.84	130
16.11.2018 00:00	3.7800000000000002	3.7800000000000002	3.7800000000000002	3.7800000000000002	10
19.11.2018 00:00	3.8000000000000003	3.8000000000000003	3.7800000000000002	3.7800000000000002	40
20.11.2018 00:00	3.88	3.88	3.7	3.74	670
21.11.2018 00:00	3.7800000000000002	3.88	3.7800000000000002	3.88	140
22.11.2018 00:00	3.7800000000000002	3.7800000000000002	3.7800000000000002	3.7800000000000002	120
23.11.2018 00:00	3.7800000000000002	3.84	3.7800000000000002	3.84	90
27.11.2018 00:00	3.84	3.84	3.84	3.84	110
28.11.2018 00:00	3.68	3.7800000000000002	3.68	3.7800000000000002	560
29.11.2018 00:00	3.86	3.86	3.86	3.86	10
30.11.2018 00:00	3.84	3.84	3.84	3.84	100
03.12.2018 00:00	3.88	3.88	3.74	3.84	130
04.12.2018 00:00	3.8000000000000003	3.8000000000000003	3.7800000000000002	3.7800000000000002	390
05.12.2018 00:00	3.7800000000000002	3.7800000000000002	3.7800000000000002	3.7800000000000002	10
06.12.2018 00:00	3.7800000000000002	3.7800000000000002	3.7800000000000002	3.7800000000000002	20
10.12.2018 00:00	3.7800000000000002	3.7800000000000002	3.7800000000000002	3.7800000000000002	90
11.12.2018 00:00	3.7	3.74	3.66	3.74	110
13.12.2018 00:00	3.7800000000000002	3.7800000000000002	3.7800000000000002	3.7800000000000002	10
14.12.2018 00:00	3.7	3.7800000000000002	3.7	3.7	410
17.12.2018 00:00	3.7800000000000002	3.7800000000000002	3.7800000000000002	3.7800000000000002	100
19.12.2018 00:00	3.7800000000000002	3.7800000000000002	3.7	3.7	60
20.12.2018 00:00	3.7800000000000002	3.7800000000000002	3.7800000000000002	3.7800000000000002	20
21.12.2018 00:00	3.7800000000000002	3.8000000000000003	3.7800000000000002	3.8000000000000003	320
25.12.2018 00:00	3.7800000000000002	3.7800000000000002	3.7800000000000002	3.7800000000000002	90
26.12.2018 00:00	3.8000000000000003	3.8000000000000003	3.6	3.6	1210
27.12.2018 00:00	3.7800000000000002	3.7800000000000002	3.7	3.7	20
28.12.2018 00:00	3.74	3.74	3.74	3.74	70
29.12.2018 00:00	3.68	3.74	3.66	3.74	310
03.01.2019 00:00	3.74	3.74	3.74	3.74	100
04.01.2019 00:00	3.7	3.74	3.7	3.74	260
08.01.2019 00:00	3.66	3.74	3.66	3.74	530
09.01.2019 00:00	3.7	3.74	3.7	3.74	270
10.01.2019 00:00	3.7	3.74	3.7	3.74	90
11.01.2019 00:00	3.7800000000000002	3.7800000000000002	3.7800000000000002	3.7800000000000002	270
14.01.2019 00:00	3.7800000000000002	3.7800000000000002	3.7	3.7	380
15.01.2019 00:00	3.7800000000000002	3.7800000000000002	3.7800000000000002	3.7800000000000002	100
16.01.2019 00:00	3.7	3.74	3.64	3.74	590
17.01.2019 00:00	3.74	3.7800000000000002	3.7	3.7	1440
18.01.2019 00:00	3.7800000000000002	3.7800000000000002	3.7800000000000002	3.7800000000000002	50
21.01.2019 00:00	3.7800000000000002	3.84	3.7800000000000002	3.84	650
22.01.2019 00:00	3.86	3.86	3.86	3.86	30
23.01.2019 00:00	3.96	3.96	3.88	3.88	20
24.01.2019 00:00	3.94	4.16	3.92	4.08	1060
25.01.2019 00:00	3.98	4.0	3.94	3.94	230
28.01.2019 00:00	3.96	3.96	3.96	3.96	10
29.01.2019 00:00	3.96	3.96	3.96	3.96	60
30.01.2019 00:00	3.98	4.0	3.98	4.0	60
31.01.2019 00:00	3.98	3.98	3.98	3.98	20
01.02.2019 00:00	4.0200000000000005	4.04	4.0200000000000005	4.04	300
04.02.2019 00:00	3.98	3.98	3.98	3.98	10
05.02.2019 00:00	4.0200000000000005	4.2	3.94	4.04	1180
06.02.2019 00:00	4.04	4.04	4.04	4.04	20
07.02.2019 00:00	3.98	3.98	3.98	3.98	10
08.02.2019 00:00	3.9	3.9	3.9	3.9	10
11.02.2019 00:00	3.7800000000000002	4.12	3.7800000000000002	4.08	80
12.02.2019 00:00	3.98	4.2	3.98	4.12	510
13.02.2019 00:00	4.2	4.5200000000000005	4.0600000000000005	4.16	1150
14.02.2019 00:00	3.74	4.28	3.74	4.16	680
15.02.2019 00:00	4.0600000000000005	4.2	4.0600000000000005	4.2	70
19.02.2019 00:00	4.04	4.08	4.0	4.08	130
22.02.2019 00:00	4.16	4.16	4.04	4.04	110
25.02.2019 00:00	4.36	4.36	4.04	4.04	50
26.02.2019 00:00	3.92	4.08	3.92	3.98	240
27.02.2019 00:00	4.08	4.08	4.08	4.08	60
01.03.2019 00:00	4.08	4.08	4.04	4.08	100
04.03.2019 00:00	4.04	4.12	4.0	4.12	140
05.03.2019 00:00	4.24	4.24	3.96	4.08	100
06.03.2019 00:00	4.0	4.0	3.98	3.98	70
07.03.2019 00:00	4.0	4.0	4.0	4.0	10
11.03.2019 00:00	4.04	4.04	4.0	4.04	160
12.03.2019 00:00	4.0	4.0	4.0	4.0	90
13.03.2019 00:00	4.28	4.28	4.0	4.0	260
14.03.2019 00:00	4.08	4.08	4.08	4.08	40
15.03.2019 00:00	4.0	4.08	4.0	4.08	100
18.03.2019 00:00	4.0	4.24	4.0	4.16	710
19.03.2019 00:00	4.0600000000000005	4.16	4.04	4.16	130
20.03.2019 00:00	4.04	4.12	4.04	4.12	30
21.03.2019 00:00	4.24	4.32	4.16	4.16	70
22.03.2019 00:00	4.08	4.08	4.08	4.08	10
25.03.2019 00:00	4.04	4.04	3.98	4.04	1180
26.03.2019 00:00	4.04	4.04	4.0200000000000005	4.0200000000000005	30
27.03.2019 00:00	4.04	4.12	4.0	4.12	1480
28.03.2019 00:00	4.04	4.12	3.98	4.0600000000000005	320
29.03.2019 00:00	3.98	4.0600000000000005	3.98	4.0200000000000005	90
01.04.2019 00:00	4.04	4.04	3.98	4.04	100
02.04.2019 00:00	4.0	4.04	3.98	4.0	200
03.04.2019 00:00	4.0	4.0	4.0	4.0	140
04.04.2019 00:00	4.0600000000000005	4.0600000000000005	3.96	4.04	130
05.04.2019 00:00	4.0200000000000005	4.0200000000000005	4.0	4.0	90
08.04.2019 00:00	4.0200000000000005	4.0200000000000005	4.0	4.0	30
09.04.2019 00:00	4.04	4.0600000000000005	4.04	4.04	120
10.04.2019 00:00	4.04	4.04	3.98	3.98	60
11.04.2019 00:00	4.0600000000000005	4.0600000000000005	4.04	4.04	20
12.04.2019 00:00	4.04	4.04	4.04	4.04	10
15.04.2019 00:00	4.04	4.04	4.04	4.04	120
16.04.2019 00:00	4.04	4.04	4.0200000000000005	4.0200000000000005	90
19.04.2019 00:00	4.0	4.0	4.0	4.0	50
22.04.2019 00:00	4.0	4.0200000000000005	3.98	4.0200000000000005	90
23.04.2019 00:00	4.0	4.0	4.0	4.0	10
24.04.2019 00:00	3.98	4.0	3.98	4.0	60
29.04.2019 00:00	4.04	4.04	3.98	4.0200000000000005	50
03.05.2019 00:00	4.04	4.04	4.04	4.04	10
07.05.2019 00:00	4.0	4.04	4.0	4.04	50
08.05.2019 00:00	4.04	4.04	4.04	4.04	10
10.05.2019 00:00	3.98	3.98	3.7800000000000002	3.98	110
13.05.2019 00:00	3.98	3.98	3.98	3.98	20
14.05.2019 00:00	3.94	3.94	3.94	3.94	10
15.05.2019 00:00	4.0200000000000005	4.0200000000000005	3.94	3.94	120
16.05.2019 00:00	3.98	4.04	3.98	4.04	130
17.05.2019 00:00	3.98	3.98	3.98	3.98	50
20.05.2019 00:00	3.88	4.0600000000000005	3.88	3.98	360
21.05.2019 00:00	4.04	4.08	4.04	4.08	130
22.05.2019 00:00	4.0	4.5600000000000005	4.0	4.36	3890
23.05.2019 00:00	4.2	4.36	4.16	4.2	1840
24.05.2019 00:00	4.12	4.2	4.12	4.2	30
27.05.2019 00:00	4.2	4.2	4.2	4.2	30
28.05.2019 00:00	4.2	4.2	4.2	4.2	20
29.05.2019 00:00	4.08	4.16	4.0600000000000005	4.16	900
31.05.2019 00:00	4.16	4.16	4.16	4.16	20
03.06.2019 00:00	4.16	4.16	4.16	4.16	10
04.06.2019 00:00	4.08	4.12	4.08	4.12	130
05.06.2019 00:00	4.12	4.12	4.08	4.08	660
06.06.2019 00:00	4.04	4.12	4.0200000000000005	4.12	40
07.06.2019 00:00	4.2	4.2	4.08	4.08	220
10.06.2019 00:00	4.12	4.12	4.08	4.08	320
11.06.2019 00:00	4.16	4.2	4.12	4.16	300
13.06.2019 00:00	4.16	4.2	3.98	4.12	1820
14.06.2019 00:00	4.16	4.16	4.12	4.16	40
17.06.2019 00:00	4.16	4.16	4.16	4.16	330
18.06.2019 00:00	4.2	4.2	4.16	4.16	480
19.06.2019 00:00	4.2	4.2	4.12	4.12	320
20.06.2019 00:00	4.16	4.2	4.16	4.2	20
21.06.2019 00:00	4.2	4.2	4.16	4.16	1900
24.06.2019 00:00	4.24	4.24	4.16	4.2	190
25.06.2019 00:00	4.16	4.16	4.12	4.16	260
26.06.2019 00:00	4.2	4.28	4.2	4.24	490
27.06.2019 00:00	4.2	4.28	4.2	4.28	110
28.06.2019 00:00	4.28	4.28	4.24	4.24	580
01.07.2019 00:00	4.2	4.2	4.2	4.2	20
02.07.2019 00:00	4.2	4.24	4.2	4.24	190
03.07.2019 00:00	4.32	4.32	4.2	4.24	680
04.07.2019 00:00	4.28	4.36	4.24	4.28	300
05.07.2019 00:00	4.2	4.36	4.2	4.28	1700
08.07.2019 00:00	4.32	4.32	4.28	4.32	3070
09.07.2019 00:00	3.96	4.0	3.92	3.96	2110
10.07.2019 00:00	4.08	4.08	3.98	3.98	620
11.07.2019 00:00	3.98	3.98	3.96	3.98	320
12.07.2019 00:00	3.98	4.0	3.98	4.0	540
15.07.2019 00:00	3.94	3.96	3.92	3.92	90
16.07.2019 00:00	3.98	3.98	3.98	3.98	20
17.07.2019 00:00	3.94	4.0	3.9	3.94	110
18.07.2019 00:00	3.96	3.98	3.96	3.98	50
19.07.2019 00:00	3.96	3.98	3.92	3.98	230
22.07.2019 00:00	3.98	3.98	3.96	3.96	50
23.07.2019 00:00	3.94	3.98	3.94	3.98	270
24.07.2019 00:00	3.98	4.0	3.98	4.0	90
25.07.2019 00:00	3.98	4.0	3.98	4.0	60
26.07.2019 00:00	4.0	4.0	4.0	4.0	50
29.07.2019 00:00	3.98	4.0600000000000005	3.98	4.04	970
30.07.2019 00:00	4.08	4.08	4.0600000000000005	4.0600000000000005	230
31.07.2019 00:00	4.0600000000000005	4.0600000000000005	4.04	4.04	80
01.08.2019 00:00	4.0200000000000005	4.0200000000000005	3.98	3.98	670
02.08.2019 00:00	3.98	3.98	3.98	3.98	10
05.08.2019 00:00	4.0200000000000005	4.0200000000000005	3.94	4.0	200
07.08.2019 00:00	3.94	4.0	3.94	3.98	60
08.08.2019 00:00	4.0	4.0	4.0	4.0	220
12.08.2019 00:00	4.0	4.04	4.0	4.04	30
13.08.2019 00:00	3.98	4.0200000000000005	3.98	4.0200000000000005	130
14.08.2019 00:00	4.12	4.12	4.0	4.0	50
15.08.2019 00:00	4.0	4.0	3.98	3.98	130
16.08.2019 00:00	3.98	4.0	3.96	3.96	220
19.08.2019 00:00	4.04	4.04	3.98	3.98	270
21.08.2019 00:00	3.98	4.0200000000000005	3.98	4.0200000000000005	170
22.08.2019 00:00	4.0200000000000005	4.0200000000000005	4.0200000000000005	4.0200000000000005	70
23.08.2019 00:00	4.0	4.0	3.98	3.98	300
26.08.2019 00:00	3.98	4.0200000000000005	3.98	3.98	170
27.08.2019 00:00	3.98	4.0200000000000005	3.98	4.0200000000000005	270
28.08.2019 00:00	4.0	4.0200000000000005	4.0	4.0200000000000005	220
29.08.2019 00:00	4.0200000000000005	4.08	4.0	4.0	150
30.08.2019 00:00	4.0200000000000005	4.0200000000000005	4.0	4.0200000000000005	80
02.09.2019 00:00	4.0200000000000005	4.0600000000000005	4.0200000000000005	4.0200000000000005	240
03.09.2019 00:00	4.0200000000000005	4.0600000000000005	4.0200000000000005	4.04	100
05.09.2019 00:00	4.0600000000000005	4.08	4.0600000000000005	4.08	140
06.09.2019 00:00	4.08	4.08	4.08	4.08	20
09.09.2019 00:00	4.0200000000000005	4.04	3.98	4.04	70
10.09.2019 00:00	4.04	4.04	4.04	4.04	120
11.09.2019 00:00	4.04	4.08	4.0200000000000005	4.0200000000000005	200
12.09.2019 00:00	4.0600000000000005	4.0600000000000005	4.0600000000000005	4.0600000000000005	10
16.09.2019 00:00	4.0600000000000005	4.12	4.0200000000000005	4.0200000000000005	270
17.09.2019 00:00	4.04	4.0600000000000005	4.04	4.0600000000000005	20
18.09.2019 00:00	4.0600000000000005	4.0600000000000005	4.0600000000000005	4.0600000000000005	100
19.09.2019 00:00	4.08	4.08	4.0	4.0	60
23.09.2019 00:00	4.08	4.08	4.0	4.0	20
24.09.2019 00:00	4.0	4.0	3.92	3.98	450
25.09.2019 00:00	3.98	3.98	3.96	3.98	140
26.09.2019 00:00	4.0200000000000005	4.0200000000000005	4.0200000000000005	4.0200000000000005	10
27.09.2019 00:00	4.04	4.04	3.92	3.92	20
30.09.2019 00:00	4.04	4.0600000000000005	4.0200000000000005	4.0200000000000005	60
02.10.2019 00:00	3.98	4.04	3.86	3.94	80
04.10.2019 00:00	3.94	3.98	3.92	3.98	90
07.10.2019 00:00	3.94	4.0200000000000005	3.94	4.0200000000000005	50
09.10.2019 00:00	3.98	3.98	3.9	3.9	180
10.10.2019 00:00	3.9	3.98	3.9	3.94	50
11.10.2019 00:00	3.98	3.98	3.98	3.98	30
14.10.2019 00:00	4.0200000000000005	4.0200000000000005	3.92	3.92	40
16.10.2019 00:00	3.94	3.94	3.94	3.94	10
17.10.2019 00:00	4.0	4.0	4.0	4.0	10
18.10.2019 00:00	3.98	4.0	3.98	4.0	50
21.10.2019 00:00	4.0200000000000005	4.04	4.0200000000000005	4.0200000000000005	160
23.10.2019 00:00	3.98	3.98	3.98	3.98	10
24.10.2019 00:00	4.0	4.0	3.98	3.98	20
25.10.2019 00:00	4.0600000000000005	4.08	4.04	4.04	1300
28.10.2019 00:00	4.08	4.08	4.0600000000000005	4.0600000000000005	30
29.10.2019 00:00	4.08	4.28	4.0600000000000005	4.28	2520
31.10.2019 00:00	4.0200000000000005	4.36	4.0200000000000005	4.24	1320
01.11.2019 00:00	4.12	4.2	4.12	4.2	310
05.11.2019 00:00	4.28	4.28	4.24	4.28	280
06.11.2019 00:00	4.28	4.28	4.28	4.28	70
07.11.2019 00:00	4.2	4.2	4.2	4.2	20
08.11.2019 00:00	4.24	4.36	4.2	4.28	1760
11.11.2019 00:00	4.36	4.4	4.32	4.4	350
12.11.2019 00:00	4.4	4.4	4.4	4.4	10
13.11.2019 00:00	4.48	4.48	4.28	4.28	110
14.11.2019 00:00	4.44	4.48	4.28	4.28	300
15.11.2019 00:00	4.4	4.5	4.32	4.48	2390
18.11.2019 00:00	4.48	4.48	4.4	4.48	1280
19.11.2019 00:00	4.36	4.48	4.36	4.48	560
20.11.2019 00:00	4.48	4.48	4.48	4.48	50
21.11.2019 00:00	4.5200000000000005	4.5200000000000005	4.44	4.44	120
22.11.2019 00:00	4.48	4.48	4.4	4.44	430
25.11.2019 00:00	4.48	4.48	4.48	4.48	140
26.11.2019 00:00	4.48	4.5	4.48	4.48	230
27.11.2019 00:00	4.48	4.48	4.44	4.44	20
28.11.2019 00:00	4.48	4.48	4.32	4.36	110
29.11.2019 00:00	4.4	4.48	4.4	4.48	50
02.12.2019 00:00	4.48	4.5600000000000005	4.44	4.48	170
03.12.2019 00:00	4.44	4.5	4.44	4.48	90
04.12.2019 00:00	4.44	4.44	4.44	4.44	10
05.12.2019 00:00	4.44	4.44	4.44	4.44	40
09.12.2019 00:00	4.48	4.48	4.48	4.48	10
10.12.2019 00:00	4.48	4.48	4.44	4.48	250
11.12.2019 00:00	4.4	4.44	4.4	4.4	190
12.12.2019 00:00	4.44	4.5200000000000005	4.44	4.44	150
13.12.2019 00:00	4.48	4.48	4.44	4.44	80
16.12.2019 00:00	4.4	4.48	4.4	4.48	200
17.12.2019 00:00	4.48	4.48	4.48	4.48	390
18.12.2019 00:00	4.48	4.5200000000000005	4.44	4.5200000000000005	230
19.12.2019 00:00	4.5600000000000005	4.58	4.48	4.58	110
20.12.2019 00:00	4.58	4.58	4.58	4.58	20
23.12.2019 00:00	4.66	4.66	4.48	4.5600000000000005	320
24.12.2019 00:00	4.5600000000000005	4.7	4.5600000000000005	4.62	1090
25.12.2019 00:00	4.58	4.74	4.5600000000000005	4.74	1360
26.12.2019 00:00	4.78	4.86	4.7	4.86	410
27.12.2019 00:00	4.7	4.86	4.66	4.82	980
30.12.2019 00:00	4.86	4.9	4.7	4.86	230
03.01.2020 00:00	4.92	4.94	4.78	4.82	660
06.01.2020 00:00	4.82	4.92	4.78	4.82	350
08.01.2020 00:00	4.9	4.9	4.9	4.9	10
09.01.2020 00:00	4.92	4.94	4.78	4.82	340
10.01.2020 00:00	4.9	4.98	4.7	4.98	660
13.01.2020 00:00	4.9	5.28	4.9	5.2	800
14.01.2020 00:00	5.28	5.4	5.16	5.2	240
15.01.2020 00:00	5.16	5.36	5.16	5.24	180
16.01.2020 00:00	5.36	5.36	5.28	5.32	240
17.01.2020 00:00	5.16	5.48	5.16	5.44	520
20.01.2020 00:00	5.36	5.66	5.2	5.66	470
21.01.2020 00:00	5.5200000000000005	5.7	5.36	5.48	270
22.01.2020 00:00	5.58	6.2	5.58	5.86	6560
23.01.2020 00:00	5.92	6.0	5.7	5.7	1630
24.01.2020 00:00	5.5200000000000005	5.82	5.5200000000000005	5.7	340
27.01.2020 00:00	5.32	5.74	5.2	5.7	460
28.01.2020 00:00	5.86	5.9	5.6000000000000005	5.86	530
29.01.2020 00:00	5.66	5.92	5.5	5.7	580
30.01.2020 00:00	5.9	5.9	5.5	5.7	230
31.01.2020 00:00	5.82	5.9	5.5200000000000005	5.58	1010
03.02.2020 00:00	5.48	5.78	5.48	5.62	340
04.02.2020 00:00	5.62	5.74	5.58	5.74	320
05.02.2020 00:00	5.74	5.78	5.66	5.7	60
06.02.2020 00:00	5.74	5.78	5.66	5.7	440
07.02.2020 00:00	5.74	5.78	5.5600000000000005	5.78	410
10.02.2020 00:00	5.82	6.44	5.78	6.0600000000000005	1680
11.02.2020 00:00	6.0200000000000005	6.48	5.78	6.28	1530
12.02.2020 00:00	6.04	6.48	6.04	6.0600000000000005	490
13.02.2020 00:00	6.12	6.2	6.08	6.12	490
14.02.2020 00:00	6.08	6.12	6.0	6.08	250
17.02.2020 00:00	6.16	6.2	6.0200000000000005	6.0600000000000005	830
18.02.2020 00:00	6.12	6.2	6.04	6.16	210
19.02.2020 00:00	6.2	6.2	6.04	6.1000000000000005	230
20.02.2020 00:00	6.1000000000000005	6.16	6.0	6.16	620
21.02.2020 00:00	6.1000000000000005	6.66	6.1000000000000005	6.44	2060
25.02.2020 00:00	6.44	6.44	6.16	6.16	240
26.02.2020 00:00	6.28	6.28	5.2	5.98	980
27.02.2020 00:00	6.04	6.04	5.7	5.82	570
28.02.2020 00:00	5.5600000000000005	5.94	5.32	5.7	750
02.03.2020 00:00	5.82	5.92	5.58	5.62	730
03.03.2020 00:00	5.74	6.2	5.7	6.08	820
04.03.2020 00:00	6.36	7.36	5.98	6.24	2130
05.03.2020 00:00	6.28	6.36	6.0600000000000005	6.28	390
06.03.2020 00:00	6.0200000000000005	6.2	5.78	5.82	1020
10.03.2020 00:00	5.5600000000000005	5.9	5.2	5.74	740
11.03.2020 00:00	5.66	5.74	5.28	5.5600000000000005	1070
12.03.2020 00:00	5.28	5.4	4.98	5.08	640
13.03.2020 00:00	5.0	5.48	5.0	5.16	460
16.03.2020 00:00	4.82	5.04	4.66	4.7	1630
17.03.2020 00:00	4.78	4.86	4.66	4.78	300
18.03.2020 00:00	4.58	4.82	4.24	4.5	1110
19.03.2020 00:00	4.44	4.98	4.2	4.92	830
20.03.2020 00:00	4.98	5.48	4.98	5.12	1020
23.03.2020 00:00	4.98	5.2	4.98	5.08	380
24.03.2020 00:00	5.36	5.36	4.32	5.28	380
25.03.2020 00:00	5.0200000000000005	5.36	4.82	5.24	420
26.03.2020 00:00	5.24	5.36	5.24	5.36	190
27.03.2020 00:00	5.36	5.36	5.0600000000000005	5.2	130
30.03.2020 00:00	5.04	5.2	5.04	5.16	70
31.03.2020 00:00	5.4	5.4	5.0200000000000005	5.28	230
01.04.2020 00:00	5.28	5.36	5.16	5.36	300
02.04.2020 00:00	5.4	5.4	5.08	5.36	180
03.04.2020 00:00	5.4	5.44	5.36	5.36	180
06.04.2020 00:00	5.48	5.5200000000000005	5.24	5.5200000000000005	750
07.04.2020 00:00	5.5600000000000005	5.74	5.48	5.5600000000000005	640
08.04.2020 00:00	5.16	5.5600000000000005	5.16	5.5200000000000005	320
09.04.2020 00:00	5.58	5.7	5.5600000000000005	5.6000000000000005	370
10.04.2020 00:00	5.48	5.74	5.48	5.66	830
13.04.2020 00:00	5.66	5.7	5.5600000000000005	5.6000000000000005	170
14.04.2020 00:00	5.48	5.9	5.48	5.78	530
15.04.2020 00:00	5.44	5.74	5.36	5.62	250
16.04.2020 00:00	5.2	5.86	5.2	5.66	750
17.04.2020 00:00	5.9	5.9	5.58	5.58	230
20.04.2020 00:00	5.5200000000000005	5.7	5.48	5.66	670
21.04.2020 00:00	5.24	5.74	5.24	5.7	190
22.04.2020 00:00	5.78	5.78	5.66	5.78	190
23.04.2020 00:00	5.62	6.08	5.5	5.7	2190
24.04.2020 00:00	5.7	5.7	5.4	5.62	400
27.04.2020 00:00	5.74	5.74	5.5	5.7	570
28.04.2020 00:00	5.98	5.98	5.78	5.9	4000
29.04.2020 00:00	5.9	6.16	5.9	6.12	4050
30.04.2020 00:00	6.16	6.4	6.16	6.28	1640
04.05.2020 00:00	6.4	6.48	6.16	6.28	790
05.05.2020 00:00	6.32	6.36	6.24	6.28	960
06.05.2020 00:00	6.36	6.58	6.24	6.28	730
07.05.2020 00:00	6.32	6.36	6.0	6.24	1090
08.05.2020 00:00	6.32	6.32	6.24	6.32	450
12.05.2020 00:00	6.36	6.44	6.32	6.36	310
13.05.2020 00:00	6.4	6.5600000000000005	6.4	6.5	610
14.05.2020 00:00	6.5	6.58	6.28	6.36	1080
15.05.2020 00:00	6.4	6.58	6.32	6.4	410
18.05.2020 00:00	6.44	6.58	6.36	6.44	620
19.05.2020 00:00	6.5600000000000005	6.5600000000000005	6.5	6.5600000000000005	440
20.05.2020 00:00	6.6000000000000005	6.66	6.5	6.66	670
21.05.2020 00:00	6.7	6.78	6.7	6.74	1030
22.05.2020 00:00	6.74	6.94	6.7	6.82	1010
25.05.2020 00:00	7.2	8.4	6.94	8.16	4900
26.05.2020 00:00	8.02	9.26	8.02	8.56	12600
27.05.2020 00:00	8.74	9.18	8.14	8.34	4250
28.05.2020 00:00	8.24	8.64	8.1	8.48	1630
29.05.2020 00:00	8.4	8.8	8.18	8.66	2720
01.06.2020 00:00	8.96	8.96	8.66	8.88	960
02.06.2020 00:00	8.56	8.96	8.5	8.56	1580
03.06.2020 00:00	8.74	8.74	8.02	8.22	3530
04.06.2020 00:00	8.08	8.26	7.9	7.94	2910
05.06.2020 00:00	7.6000000000000005	8.08	7.48	7.78	6400
08.06.2020 00:00	7.9	8.24	7.78	7.98	2600
09.06.2020 00:00	7.98	8.18	7.98	7.98	1010
10.06.2020 00:00	7.98	8.08	7.82	7.86	1160
11.06.2020 00:00	7.9	8.14	7.9	8.06	3220
15.06.2020 00:00	8.16	8.16	7.5200000000000005	7.92	3980
16.06.2020 00:00	7.48	7.66	7.16	7.44	2350
17.06.2020 00:00	7.5200000000000005	7.5600000000000005	7.44	7.44	370
18.06.2020 00:00	7.28	7.4	7.24	7.24	400
19.06.2020 00:00	7.28	7.4	7.16	7.4	1200
22.06.2020 00:00	7.1000000000000005	7.28	7.1000000000000005	7.24	310
23.06.2020 00:00	7.24	7.36	7.2	7.36	120
25.06.2020 00:00	7.28	7.32	7.16	7.2	130
26.06.2020 00:00	7.140000000000001	7.28	7.08	7.2	270
29.06.2020 00:00	7.32	7.32	6.98	7.0600000000000005	610
30.06.2020 00:00	7.1000000000000005	7.2	7.0200000000000005	7.04	190
02.07.2020 00:00	7.04	7.04	6.9	7.0200000000000005	500
03.07.2020 00:00	6.98	7.04	6.94	7.0200000000000005	190
06.07.2020 00:00	6.82	6.98	6.78	6.9	1340
07.07.2020 00:00	6.98	7.0	6.86	6.9	240
08.07.2020 00:00	7.0	7.0	6.86	6.86	310
09.07.2020 00:00	6.94	7.08	6.74	6.78	510
10.07.2020 00:00	6.78	6.78	6.74	6.74	210
13.07.2020 00:00	6.7	6.74	6.5200000000000005	6.6000000000000005	520
14.07.2020 00:00	6.58	6.58	6.36	6.44	730
15.07.2020 00:00	6.48	6.48	6.4	6.4	210
16.07.2020 00:00	6.4	6.5	6.36	6.48	1130
17.07.2020 00:00	6.6000000000000005	6.92	6.6000000000000005	6.66	380
20.07.2020 00:00	6.78	6.78	6.62	6.62	70
21.07.2020 00:00	6.6000000000000005	6.82	6.48	6.5200000000000005	410
22.07.2020 00:00	6.66	6.66	6.48	6.48	120
23.07.2020 00:00	6.44	6.58	6.44	6.48	270
24.07.2020 00:00	6.6000000000000005	7.4	6.5600000000000005	6.7	2030
27.07.2020 00:00	6.6000000000000005	6.78	6.44	6.5600000000000005	690
28.07.2020 00:00	6.5	6.62	6.48	6.58	260
29.07.2020 00:00	6.5	6.7	6.5	6.66	1150
30.07.2020 00:00	6.7	7.28	6.7	7.0600000000000005	1520
31.07.2020 00:00	7.140000000000001	7.2	6.9	6.94	680
03.08.2020 00:00	6.92	7.0	6.9	6.9	330
04.08.2020 00:00	6.94	7.1000000000000005	6.9	7.1000000000000005	530
05.08.2020 00:00	6.98	7.0	6.48	6.94	600
06.08.2020 00:00	6.98	7.140000000000001	6.94	7.08	530
07.08.2020 00:00	7.0	7.24	7.0	7.08	460
10.08.2020 00:00	7.08	7.36	7.0	7.36	800
11.08.2020 00:00	7.04	7.28	7.04	7.2	510
12.08.2020 00:00	7.24	7.44	7.24	7.4	1400
13.08.2020 00:00	7.44	7.5600000000000005	7.32	7.44	1310
14.08.2020 00:00	7.28	7.5200000000000005	7.28	7.36	280
17.08.2020 00:00	7.4	7.48	7.28	7.4	180
18.08.2020 00:00	7.32	7.44	7.32	7.36	130
19.08.2020 00:00	7.36	7.36	7.28	7.28	50
20.08.2020 00:00	7.24	7.32	7.2	7.2	280
21.08.2020 00:00	7.32	7.32	7.04	7.12	190
24.08.2020 00:00	7.1000000000000005	7.1000000000000005	7.0200000000000005	7.04	220
25.08.2020 00:00	7.04	7.1000000000000005	7.04	7.1000000000000005	100
26.08.2020 00:00	7.1000000000000005	7.2	7.0200000000000005	7.2	320
27.08.2020 00:00	7.0600000000000005	7.0600000000000005	7.04	7.04	20
28.08.2020 00:00	7.0200000000000005	7.16	7.0	7.1000000000000005	150
31.08.2020 00:00	7.16	7.28	7.04	7.12	270
01.09.2020 00:00	7.12	7.2	7.0600000000000005	7.0600000000000005	273
02.09.2020 00:00	6.94	7.2	6.94	7.2	353
03.09.2020 00:00	7.28	7.28	6.9	6.98	294
04.09.2020 00:00	7.08	7.08	6.62	6.9	590
07.09.2020 00:00	6.94	7.0	6.9	6.9	247
08.09.2020 00:00	6.82	6.94	6.82	6.86	423
09.09.2020 00:00	6.98	6.98	6.86	6.86	37
10.09.2020 00:00	6.86	6.98	6.86	6.9	302
11.09.2020 00:00	6.94	7.0600000000000005	6.94	7.0	204
14.09.2020 00:00	7.0600000000000005	7.140000000000001	6.98	7.12	257
15.09.2020 00:00	7.16	7.24	7.1000000000000005	7.24	192
16.09.2020 00:00	7.2	7.32	7.1000000000000005	7.2	262
17.09.2020 00:00	7.04	7.48	7.04	7.44	371
18.09.2020 00:00	7.2	7.2	7.16	7.16	38
21.09.2020 00:00	7.12	7.28	7.0	7.08	124
22.09.2020 00:00	7.140000000000001	7.5600000000000005	7.08	7.1000000000000005	193
23.09.2020 00:00	7.2	7.2	7.1000000000000005	7.1000000000000005	25
24.09.2020 00:00	7.1000000000000005	7.1000000000000005	7.0200000000000005	7.1000000000000005	42
25.09.2020 00:00	7.0	7.2	7.0	7.08	126
28.09.2020 00:00	7.0200000000000005	7.36	7.0	7.32	592
29.09.2020 00:00	7.12	7.4	7.0200000000000005	7.24	290
30.09.2020 00:00	7.24	7.5200000000000005	7.24	7.32	317
01.10.2020 00:00	7.32	7.36	7.2	7.2	152
02.10.2020 00:00	7.2	7.32	7.12	7.24	143
05.10.2020 00:00	7.32	7.32	7.12	7.24	34
06.10.2020 00:00	7.24	7.24	7.1000000000000005	7.24	115
07.10.2020 00:00	7.140000000000001	7.24	7.12	7.2	36
08.10.2020 00:00	7.12	7.2	7.04	7.08	247
09.10.2020 00:00	7.08	7.08	7.0200000000000005	7.04	46
12.10.2020 00:00	7.2	7.28	7.08	7.24	1140
13.10.2020 00:00	7.24	7.48	7.12	7.16	247
14.10.2020 00:00	7.16	7.16	7.04	7.1000000000000005	226
15.10.2020 00:00	7.1000000000000005	7.2	7.04	7.140000000000001	91
16.10.2020 00:00	7.08	7.12	7.0200000000000005	7.08	157
19.10.2020 00:00	7.0600000000000005	7.08	7.0	7.0200000000000005	20
20.10.2020 00:00	7.04	7.0600000000000005	7.04	7.04	7
21.10.2020 00:00	7.08	7.1000000000000005	7.04	7.1000000000000005	136
22.10.2020 00:00	7.5600000000000005	7.5600000000000005	7.1000000000000005	7.140000000000001	48
23.10.2020 00:00	7.24	7.24	7.08	7.24	160
26.10.2020 00:00	7.36	7.36	7.28	7.28	143
27.10.2020 00:00	7.28	7.32	7.0	7.32	235
28.10.2020 00:00	7.24	7.24	7.1000000000000005	7.1000000000000005	143
29.10.2020 00:00	7.140000000000001	7.140000000000001	7.140000000000001	7.140000000000001	48
30.10.2020 00:00	7.0200000000000005	7.08	6.98	7.0600000000000005	174
02.11.2020 00:00	7.0600000000000005	7.1000000000000005	7.0200000000000005	7.0200000000000005	106
03.11.2020 00:00	6.98	7.2	6.98	7.08	593
05.11.2020 00:00	7.2	7.28	7.1000000000000005	7.2	242
06.11.2020 00:00	7.36	7.36	7.140000000000001	7.24	20
09.11.2020 00:00	7.4	7.4	7.2	7.24	207
10.11.2020 00:00	7.16	7.36	7.140000000000001	7.32	366
11.11.2020 00:00	7.32	7.32	7.12	7.24	332
12.11.2020 00:00	7.28	7.36	7.24	7.36	98
13.11.2020 00:00	7.36	7.36	7.12	7.36	303
16.11.2020 00:00	7.36	7.44	7.28	7.36	274
17.11.2020 00:00	7.2	7.48	7.140000000000001	7.36	426
18.11.2020 00:00	7.44	7.44	7.28	7.32	291
19.11.2020 00:00	7.2	7.32	7.140000000000001	7.32	292
20.11.2020 00:00	7.32	7.32	7.1000000000000005	7.24	164
23.11.2020 00:00	7.32	7.32	7.0600000000000005	7.2	546
24.11.2020 00:00	7.32	7.32	7.08	7.28	241
25.11.2020 00:00	7.28	7.48	7.2	7.24	536
26.11.2020 00:00	7.28	7.44	7.28	7.36	303
27.11.2020 00:00	7.4	7.4	7.24	7.32	187
30.11.2020 00:00	7.32	7.48	7.28	7.44	252
01.12.2020 00:00	7.36	7.48	7.36	7.48	357
02.12.2020 00:00	7.5	7.5	7.36	7.48	195
03.12.2020 00:00	7.5200000000000005	7.5200000000000005	7.36	7.5	232
04.12.2020 00:00	7.48	7.58	7.4	7.5600000000000005	105
07.12.2020 00:00	7.4	7.5600000000000005	7.4	7.5200000000000005	194
08.12.2020 00:00	7.4	7.66	7.4	7.48	77
09.12.2020 00:00	7.5200000000000005	7.5600000000000005	7.48	7.5200000000000005	206
10.12.2020 00:00	7.66	7.7	7.4	7.7	360
11.12.2020 00:00	7.66	7.66	7.5200000000000005	7.640000000000001	36
14.12.2020 00:00	7.48	7.82	7.48	7.74	613
15.12.2020 00:00	7.58	7.78	7.58	7.74	219
16.12.2020 00:00	7.74	7.74	7.62	7.7	45
17.12.2020 00:00	7.58	7.7	7.58	7.62	500
18.12.2020 00:00	7.6000000000000005	7.7	7.6000000000000005	7.62	169
21.12.2020 00:00	7.7	7.7	7.4	7.48	242
22.12.2020 00:00	7.4	7.5	7.4	7.4	82
23.12.2020 00:00	7.48	7.5600000000000005	7.32	7.5600000000000005	415
24.12.2020 00:00	7.5600000000000005	7.5600000000000005	7.1000000000000005	7.44	746
25.12.2020 00:00	7.5600000000000005	7.94	7.4	7.74	379
28.12.2020 00:00	7.48	8.08	7.48	7.94	1352
29.12.2020 00:00	7.94	8.48	7.92	8.34	3189
30.12.2020 00:00	8.34	8.34	7.98	7.98	707
04.01.2021 00:00	7.98	7.98	7.9	7.9	297
05.01.2021 00:00	8.08	8.08	7.78	7.94	916
06.01.2021 00:00	7.86	7.94	7.86	7.92	93
08.01.2021 00:00	7.82	8.06	7.82	8.06	163
11.01.2021 00:00	8.08	8.4	8.0	8.3	397
12.01.2021 00:00	8.1	8.38	8.1	8.18	449
13.01.2021 00:00	8.38	8.38	7.78	8.14	244
14.01.2021 00:00	8.26	8.26	8.0	8.14	386
15.01.2021 00:00	8.06	8.16	7.82	8.06	101
18.01.2021 00:00	8.0	8.06	7.98	8.06	40
19.01.2021 00:00	7.86	8.06	7.86	7.98	92
20.01.2021 00:00	7.98	8.24	7.98	8.18	163
21.01.2021 00:00	8.06	8.06	7.9	8.0	219
22.01.2021 00:00	8.08	8.08	7.82	7.92	261
25.01.2021 00:00	7.74	7.98	7.74	7.9	117
26.01.2021 00:00	7.82	7.98	7.82	7.98	221
27.01.2021 00:00	7.98	8.0	7.82	7.86	227
28.01.2021 00:00	7.82	7.98	7.82	7.98	401
29.01.2021 00:00	7.98	7.98	7.74	7.86	106
01.02.2021 00:00	7.86	7.98	7.86	7.86	42
02.02.2021 00:00	7.98	8.72	7.86	8.18	1197
03.02.2021 00:00	8.0	8.3	7.82	8.08	1302
04.02.2021 00:00	8.16	8.34	8.08	8.18	274
05.02.2021 00:00	8.22	8.9	8.14	8.18	1093
08.02.2021 00:00	8.3	8.34	8.1	8.24	146
09.02.2021 00:00	8.24	8.24	8.14	8.18	90
10.02.2021 00:00	8.26	8.3	8.14	8.22	160
11.02.2021 00:00	8.38	8.4	8.18	8.24	400
12.02.2021 00:00	8.26	8.88	8.24	8.4	939
15.02.2021 00:00	8.4	8.72	8.4	8.52	711
16.02.2021 00:00	8.56	8.64	8.4	8.56	218
17.02.2021 00:00	8.32	8.64	8.32	8.4	379
18.02.2021 00:00	8.52	8.52	8.08	8.24	456
19.02.2021 00:00	8.14	8.82	8.14	8.48	1625
20.02.2021 00:00	8.5	8.64	8.42	8.42	203
22.02.2021 00:00	8.64	8.64	8.42	8.42	55
24.02.2021 00:00	8.32	8.4	8.24	8.3	139
25.02.2021 00:00	8.46	8.64	8.32	8.56	762
26.02.2021 00:00	8.58	8.58	8.38	8.42	156
01.03.2021 00:00	8.3	8.82	8.3	8.82	1185
02.03.2021 00:00	8.82	8.96	8.64	8.82	605
03.03.2021 00:00	9.06	9.14	8.76	8.96	439
04.03.2021 00:00	8.96	9.26	8.88	8.98	291
05.03.2021 00:00	9.22	9.22	8.84	8.98	115
09.03.2021 00:00	8.98	9.24	8.68	9.16	774
10.03.2021 00:00	9.32	9.98	9.26	9.6	3046
11.03.2021 00:00	9.76	9.96	9.4	9.74	1814
12.03.2021 00:00	9.82	9.96	9.48	9.82	497
15.03.2021 00:00	9.98	10.02	9.8	9.8	842
16.03.2021 00:00	9.74	9.9	9.64	9.74	178
17.03.2021 00:00	9.64	9.82	9.64	9.82	259
18.03.2021 00:00	9.9	9.92	9.52	9.74	362
19.03.2021 00:00	9.8	9.84	9.64	9.64	322
22.03.2021 00:00	9.88	9.88	9.4	9.74	260
23.03.2021 00:00	9.46	9.64	9.42	9.56	316
24.03.2021 00:00	9.4	9.6	9.32	9.34	850
25.03.2021 00:00	9.52	9.52	9.1	9.16	713
26.03.2021 00:00	9.24	9.48	9.08	9.18	1208
29.03.2021 00:00	9.1	9.48	9.08	9.46	645
30.03.2021 00:00	9.4	9.4	9.24	9.38	245
31.03.2021 00:00	9.22	9.4	9.22	9.4	370
01.04.2021 00:00	9.24	9.98	9.24	9.76	804
02.04.2021 00:00	9.58	9.98	9.4	9.74	383
05.04.2021 00:00	9.6	9.8	9.58	9.58	106
06.04.2021 00:00	9.6	9.72	9.6	9.72	400
07.04.2021 00:00	9.72	9.74	9.48	9.74	461
08.04.2021 00:00	9.66	9.74	9.6	9.68	134
09.04.2021 00:00	9.68	9.68	9.56	9.56	119
12.04.2021 00:00	9.68	9.74	9.56	9.64	255
13.04.2021 00:00	9.64	9.74	9.64	9.74	531
14.04.2021 00:00	9.76	9.96	9.74	9.96	2394
15.04.2021 00:00	9.64	9.96	9.42	9.52	1405
16.04.2021 00:00	9.76	9.8	9.5	9.56	762
19.04.2021 00:00	9.5	9.8	9.48	9.74	454
20.04.2021 00:00	9.74	9.74	9.48	9.66	190
21.04.2021 00:00	9.56	9.88	9.56	9.8	611
22.04.2021 00:00	9.98	10.26	9.82	10.26	2324
23.04.2021 00:00	10.08	10.48	10.08	10.32	1115
26.04.2021 00:00	9.3	9.56	8.92	9.38	10746
27.04.2021 00:00	9.48	9.56	9.3	9.4	2766
28.04.2021 00:00	9.42	9.76	9.42	9.52	1166
29.04.2021 00:00	9.48	9.98	9.42	9.9	2141
30.04.2021 00:00	9.72	9.9	9.32	9.6	880
04.05.2021 00:00	9.64	9.8	9.58	9.72	1965
05.05.2021 00:00	9.82	9.82	9.56	9.72	786
06.05.2021 00:00	9.74	9.8	9.58	9.76	543
07.05.2021 00:00	9.82	9.98	9.68	9.9	970
10.05.2021 00:00	9.9	10.18	9.76	10.16	1426
11.05.2021 00:00	10.24	10.46	10.24	10.4	1140
12.05.2021 00:00	10.56	10.66	10.4	10.56	1385
13.05.2021 00:00	10.4	11.56	10.4	11.18	5643
14.05.2021 00:00	11.0	12.38	11.0	11.56	4398
17.05.2021 00:00	11.9	13.64	10.5	11.24	7585
18.05.2021 00:00	11.22	11.38	10.5	10.96	1468
19.05.2021 00:00	10.6	11.14	10.3	10.56	2218
20.05.2021 00:00	10.58	10.96	10.48	10.82	1025
21.05.2021 00:00	10.92	10.92	10.58	10.82	725
24.05.2021 00:00	10.74	10.74	10.42	10.56	989
25.05.2021 00:00	10.58	10.72	10.18	10.68	1639
26.05.2021 00:00	10.58	10.68	10.42	10.56	374
27.05.2021 00:00	10.6	10.74	10.24	10.24	1058
28.05.2021 00:00	10.34	10.52	10.06	10.34	1040
31.05.2021 00:00	10.48	11.18	10.32	10.96	3496
01.06.2021 00:00	11.02	11.32	10.9	11.22	3095
02.06.2021 00:00	11.18	11.66	11.18	11.38	3500
03.06.2021 00:00	11.24	11.56	10.82	11.06	4445
04.06.2021 00:00	11.08	11.18	10.6	10.8	7160
07.06.2021 00:00	10.0	10.06	9.48	9.66	6008
08.06.2021 00:00	9.9	9.9	9.4	9.52	1340
09.06.2021 00:00	9.5	9.66	9.3	9.48	846
10.06.2021 00:00	9.52	9.66	9.32	9.5	501
11.06.2021 00:00	9.52	9.58	9.34	9.48	635
14.06.2021 00:00	9.64	9.64	9.4	9.5	243
15.06.2021 00:00	9.48	9.82	9.38	9.56	809
16.06.2021 00:00	9.48	9.64	9.38	9.56	427
17.06.2021 00:00	9.56	9.56	9.32	9.46	299
18.06.2021 00:00	9.48	9.72	9.32	9.4	264
21.06.2021 00:00	9.32	9.32	9.14	9.24	438
22.06.2021 00:00	9.24	9.34	9.18	9.26	364
23.06.2021 00:00	9.4	9.48	9.38	9.4	358
24.06.2021 00:00	9.48	9.48	9.26	9.32	157
25.06.2021 00:00	9.32	9.32	9.06	9.22	402
28.06.2021 00:00	9.24	9.24	9.08	9.22	370
29.06.2021 00:00	9.24	9.26	8.98	9.14	1207
30.06.2021 00:00	9.14	9.24	9.14	9.18	287
01.07.2021 00:00	9.16	9.3	9.14	9.24	135
02.07.2021 00:00	9.18	9.24	9.14	9.18	150
05.07.2021 00:00	9.24	9.24	9.1	9.22	428
06.07.2021 00:00	9.22	9.24	9.0	9.02	749
07.07.2021 00:00	9.02	9.24	9.02	9.22	364
08.07.2021 00:00	9.08	9.22	9.06	9.22	65
09.07.2021 00:00	9.14	9.14	8.98	9.06	442
12.07.2021 00:00	9.06	9.14	9.02	9.06	218
13.07.2021 00:00	9.24	9.24	9.06	9.06	72
14.07.2021 00:00	9.06	9.14	9.0	9.06	138
15.07.2021 00:00	9.06	9.3	8.98	9.06	477
16.07.2021 00:00	9.18	9.18	9.0	9.06	120
19.07.2021 00:00	8.98	9.06	8.98	9.0	215
20.07.2021 00:00	9.0	9.1	9.0	9.08	64
21.07.2021 00:00	9.08	9.14	9.02	9.02	88
22.07.2021 00:00	9.08	9.1	9.0	9.06	79
23.07.2021 00:00	9.0	9.08	9.0	9.06	69
26.07.2021 00:00	9.02	9.14	9.0	9.06	62
27.07.2021 00:00	9.06	9.38	9.06	9.18	98
28.07.2021 00:00	9.4	9.66	9.16	9.22	140
29.07.2021 00:00	9.18	9.32	9.18	9.3	182
30.07.2021 00:00	9.26	9.26	9.0	9.18	196
02.08.2021 00:00	9.24	9.26	9.06	9.1	247
03.08.2021 00:00	9.1	9.58	9.08	9.3	1034
04.08.2021 00:00	9.32	9.32	9.16	9.24	92
05.08.2021 00:00	9.24	9.3	9.14	9.3	123
06.08.2021 00:00	9.3	9.3	9.22	9.22	62
09.08.2021 00:00	9.18	9.24	9.1	9.14	143
10.08.2021 00:00	9.14	9.24	9.1	9.14	99
11.08.2021 00:00	9.18	9.3	9.18	9.24	437
12.08.2021 00:00	9.3	9.32	9.08	9.14	186
13.08.2021 00:00	9.24	9.24	9.14	9.24	43
16.08.2021 00:00	9.14	9.24	9.14	9.22	58
17.08.2021 00:00	9.24	9.26	9.08	9.18	109
18.08.2021 00:00	9.16	9.24	8.98	9.08	615
19.08.2021 00:00	9.1	9.18	8.96	8.98	419
20.08.2021 00:00	9.06	9.06	8.9	8.98	136
23.08.2021 00:00	8.92	9.14	8.9	8.96	419
24.08.2021 00:00	8.98	9.06	8.98	9.06	377
25.08.2021 00:00	9.02	9.18	8.98	8.98	881
26.08.2021 00:00	9.0	9.08	8.98	9.06	107
27.08.2021 00:00	8.98	9.16	8.96	9.06	301
30.08.2021 00:00	9.02	9.24	8.98	9.1	478
31.08.2021 00:00	9.16	9.16	9.06	9.06	57
01.09.2021 00:00	9.16	9.24	9.08	9.16	354
02.09.2021 00:00	9.14	9.24	9.06	9.14	176
03.09.2021 00:00	9.14	9.18	8.9	9.1	731
06.09.2021 00:00	9.08	9.16	8.98	9.16	313
07.09.2021 00:00	9.16	9.18	9.06	9.08	376
08.09.2021 00:00	9.14	9.16	9.08	9.1	165
09.09.2021 00:00	9.16	9.16	8.9	9.06	202
10.09.2021 00:00	9.08	9.24	9.06	9.06	325
13.09.2021 00:00	9.0	9.16	8.92	9.06	442
14.09.2021 00:00	9.08	9.14	8.92	8.98	281
15.09.2021 00:00	8.98	9.0	8.9	8.98	247
16.09.2021 00:00	9.02	9.22	8.98	9.1	568
17.09.2021 00:00	9.14	9.14	9.06	9.06	45
20.09.2021 00:00	9.02	9.06	8.98	8.98	69
21.09.2021 00:00	9.06	9.06	9.0	9.0	31
22.09.2021 00:00	9.0	9.14	8.98	9.06	207
23.09.2021 00:00	9.0	9.08	8.98	9.06	221
24.09.2021 00:00	9.06	9.08	8.98	9.0	419
27.09.2021 00:00	9.0	9.06	8.98	9.02	565
28.09.2021 00:00	9.06	9.18	9.06	9.08	220
29.09.2021 00:00	9.1	9.14	9.0	9.06	162
30.09.2021 00:00	9.02	9.08	8.98	9.0	304
01.10.2021 00:00	9.02	9.06	8.9	9.0	462
04.10.2021 00:00	9.02	9.02	8.82	8.9	759
05.10.2021 00:00	8.98	9.06	8.42	8.64	2446
06.10.2021 00:00	8.66	8.74	8.46	8.56	1973
07.10.2021 00:00	8.5	8.98	8.5	8.9	1376
08.10.2021 00:00	8.96	9.0	8.8	8.9	800
11.10.2021 00:00	8.9	8.96	8.58	8.68	1006
12.10.2021 00:00	8.68	8.96	8.58	8.92	2231
13.10.2021 00:00	8.98	10.88	8.98	10.22	15294
14.10.2021 00:00	10.24	10.74	9.4	9.64	3671
15.10.2021 00:00	9.48	11.8	9.18	9.58	14768
18.10.2021 00:00	9.5	9.64	9.3	9.58	2119
19.10.2021 00:00	9.66	9.88	9.4	9.56	980
20.10.2021 00:00	9.46	9.58	9.42	9.5	631
21.10.2021 00:00	9.56	9.56	9.18	9.24	2670
22.10.2021 00:00	9.38	9.38	9.06	9.22	612
25.10.2021 00:00	9.24	9.32	9.06	9.24	459
26.10.2021 00:00	9.38	9.48	9.24	9.24	335
27.10.2021 00:00	9.14	9.34	9.06	9.14	382
28.10.2021 00:00	9.08	9.18	9.08	9.1	493
29.10.2021 00:00	9.06	9.8	9.02	9.26	1209
01.11.2021 00:00	9.24	9.4	9.24	9.32	103
02.11.2021 00:00	9.4	9.4	9.1	9.34	301
03.11.2021 00:00	9.38	9.38	9.18	9.22	83
05.11.2021 00:00	9.16	9.22	8.98	9.16	294
08.11.2021 00:00	9.06	9.4	9.0	9.06	502
09.11.2021 00:00	9.14	9.26	9.0	9.06	1590
10.11.2021 00:00	9.16	9.16	9.0	9.1	236
11.11.2021 00:00	9.06	9.1	8.9	9.0	954
12.11.2021 00:00	8.98	9.02	8.84	8.98	486
15.11.2021 00:00	9.08	9.08	8.24	8.6	5162
16.11.2021 00:00	8.66	8.84	8.6	8.76	811
17.11.2021 00:00	8.88	8.88	8.74	8.76	95
18.11.2021 00:00	8.74	8.88	8.68	8.68	94
19.11.2021 00:00	8.68	8.84	8.64	8.72	276
22.11.2021 00:00	8.6	8.8	8.56	8.64	252
23.11.2021 00:00	8.58	8.8	8.5	8.8	697
24.11.2021 00:00	8.82	8.82	8.74	8.82	71
25.11.2021 00:00	8.82	8.88	8.72	8.88	78
26.11.2021 00:00	8.88	8.88	8.52	8.56	231
29.11.2021 00:00	8.66	8.68	8.52	8.56	551
30.11.2021 00:00	8.56	8.58	8.42	8.56	217
01.12.2021 00:00	8.76	8.76	8.6	8.74	87
02.12.2021 00:00	8.82	8.82	8.6	8.74	62
03.12.2021 00:00	8.68	8.82	8.64	8.8	72
06.12.2021 00:00	8.68	8.9	8.5	8.66	778
07.12.2021 00:00	8.64	8.64	8.26	8.56	904
08.12.2021 00:00	8.48	8.56	8.4	8.46	64
09.12.2021 00:00	8.48	8.5	8.42	8.48	145
10.12.2021 00:00	8.56	8.56	8.4	8.4	78
13.12.2021 00:00	8.52	8.66	8.3	8.38	202
14.12.2021 00:00	8.3	8.3	8.0	8.02	885
15.12.2021 00:00	8.14	8.22	8.06	8.06	294
16.12.2021 00:00	8.14	8.82	8.14	8.38	709
17.12.2021 00:00	8.48	8.58	8.32	8.4	173
20.12.2021 00:00	8.3	8.52	8.06	8.32	235
21.12.2021 00:00	8.32	8.58	8.32	8.5	64
22.12.2021 00:00	8.4	8.66	8.1	8.56	114
23.12.2021 00:00	8.64	8.64	8.3	8.34	100
24.12.2021 00:00	8.32	8.34	8.1	8.26	107
27.12.2021 00:00	8.4	8.58	8.18	8.3	850
28.12.2021 00:00	8.3	8.48	8.3	8.38	686
29.12.2021 00:00	8.46	8.48	8.22	8.38	295
30.12.2021 00:00	8.48	8.64	8.34	8.64	245
03.01.2022 00:00	8.68	8.68	8.56	8.64	226
04.01.2022 00:00	8.6	8.84	8.58	8.74	203
05.01.2022 00:00	8.82	8.82	8.56	8.76	140
06.01.2022 00:00	8.64	8.74	8.64	8.74	17
10.01.2022 00:00	8.82	9.08	8.66	8.68	1571
11.01.2022 00:00	8.9	8.9	8.64	8.84	152
12.01.2022 00:00	8.96	9.34	8.68	8.84	628
13.01.2022 00:00	8.84	9.42	8.8	8.8	1327
14.01.2022 00:00	8.82	8.88	8.68	8.72	266
17.01.2022 00:00	8.82	8.92	8.58	8.64	258
18.01.2022 00:00	8.58	8.6	8.18	8.3	748
19.01.2022 00:00	8.24	8.48	8.16	8.46	1108
20.01.2022 00:00	8.42	8.68	8.08	8.34	430
21.01.2022 00:00	8.32	8.42	8.3	8.32	150
24.01.2022 00:00	8.4	8.4	7.4	7.9	1178
25.01.2022 00:00	7.9	8.14	7.78	7.78	270
26.01.2022 00:00	7.86	8.14	7.86	8.06	436
27.01.2022 00:00	8.02	8.18	8.02	8.16	232
28.01.2022 00:00	8.18	8.32	8.08	8.3	55
31.01.2022 00:00	8.32	8.64	8.32	8.46	227
01.02.2022 00:00	8.64	8.72	8.32	8.42	354
02.02.2022 00:00	8.48	8.74	8.48	8.56	69
03.02.2022 00:00	8.64	8.64	8.48	8.48	8
04.02.2022 00:00	8.48	8.5	8.4	8.48	55
07.02.2022 00:00	8.46	8.46	8.22	8.3	152
08.02.2022 00:00	8.56	8.56	8.26	8.38	25
09.02.2022 00:00	8.3	8.48	8.1	8.46	151
10.02.2022 00:00	8.56	8.56	8.32	8.48	130
11.02.2022 00:00	8.56	8.56	8.34	8.4	27
14.02.2022 00:00	8.18	8.48	8.1	8.26	480
15.02.2022 00:00	8.3	8.4	8.18	8.26	214
16.02.2022 00:00	8.42	8.64	8.24	8.34	315
17.02.2022 00:00	8.48	8.48	8.3	8.3	64
18.02.2022 00:00	8.34	8.58	7.98	8.06	356
21.02.2022 00:00	8.08	8.08	7.4	7.7	1030
22.02.2022 00:00	7.4	8.18	6.66	8.16	999
24.02.2022 00:00	7.24	7.28	4.9	5.0200000000000005	2925
25.02.2022 00:00	5.44	6.7	5.44	5.98	845
28.03.2022 00:00	5.9	6.66	5.0	5.7	5179
29.03.2022 00:00	6.24	7.82	5.4	7.82	5254
30.03.2022 00:00	8.48	8.48	7.2	7.98	901
31.03.2022 00:00	7.24	8.18	7.24	7.98	693
01.04.2022 00:00	7.98	7.98	7.7	7.82	615
04.04.2022 00:00	7.94	8.3	7.86	8.02	416
05.04.2022 00:00	8.24	8.48	7.74	7.92	806
06.04.2022 00:00	8.16	8.26	7.62	7.9	65
07.04.2022 00:00	7.98	7.98	7.78	7.78	45
08.04.2022 00:00	7.98	8.0	7.74	7.86	37
11.04.2022 00:00	8.14	8.14	7.78	7.78	59
12.04.2022 00:00	7.78	7.82	6.9	7.82	299
13.04.2022 00:00	7.82	8.18	7.5200000000000005	8.14	406
14.04.2022 00:00	7.82	8.16	7.82	7.98	1087
15.04.2022 00:00	8.8	10.8	8.18	8.98	17420
18.04.2022 00:00	9.14	9.16	8.26	8.4	3785
19.04.2022 00:00	8.4	8.5	7.86	8.24	2104
20.04.2022 00:00	8.24	8.38	8.1	8.24	557
21.04.2022 00:00	8.38	8.48	8.14	8.4	998
22.04.2022 00:00	8.34	8.82	8.14	8.38	377
25.04.2022 00:00	8.48	8.48	8.18	8.18	390
26.04.2022 00:00	8.18	8.48	8.18	8.34	654
27.04.2022 00:00	8.24	8.38	8.14	8.26	2619
28.04.2022 00:00	8.26	8.26	7.98	8.1	2383
29.04.2022 00:00	8.08	8.26	7.94	8.26	1867
04.05.2022 00:00	8.3	8.9	8.1	8.68	3845
05.05.2022 00:00	8.8	9.3	8.64	9.3	2008
06.05.2022 00:00	9.38	9.46	8.9	9.02	1117
11.05.2022 00:00	9.24	9.38	9.06	9.24	444
12.05.2022 00:00	9.4	9.4	8.8	9.02	1137
13.05.2022 00:00	9.06	9.26	8.8	9.24	870
16.05.2022 00:00	9.3	9.48	9.14	9.3	1262
17.05.2022 00:00	9.32	9.68	9.3	9.48	1042
18.05.2022 00:00	9.64	9.82	9.48	9.82	2214
19.05.2022 00:00	9.84	10.08	9.58	9.88	2748
20.05.2022 00:00	9.9	10.18	9.56	9.88	1801
23.05.2022 00:00	9.26	9.56	8.96	9.26	2068
24.05.2022 00:00	9.32	9.64	9.06	9.58	1661
25.05.2022 00:00	9.76	9.82	9.32	9.72	2901
26.05.2022 00:00	9.68	10.46	9.4	9.92	5607
27.05.2022 00:00	10.0	10.18	9.82	10.0	2333
30.05.2022 00:00	10.14	10.38	9.9	10.22	6501
31.05.2022 00:00	10.38	10.48	9.8	9.98	11720
01.06.2022 00:00	8.98	8.98	7.98	8.38	6217
02.06.2022 00:00	8.4	8.48	7.36	7.58	8962
03.06.2022 00:00	7.5	7.58	6.48	6.78	8143
06.06.2022 00:00	6.86	8.98	6.86	8.48	29461
07.06.2022 00:00	8.1	8.4	7.5	7.74	4367
08.06.2022 00:00	7.74	7.82	7.48	7.5	995
09.06.2022 00:00	7.5	7.58	7.44	7.5600000000000005	277
10.06.2022 00:00	7.6000000000000005	7.6000000000000005	7.24	7.44	969
14.06.2022 00:00	7.48	7.48	7.28	7.32	286
15.06.2022 00:00	7.36	7.48	6.98	7.4	1067
16.06.2022 00:00	7.48	7.78	7.28	7.44	1197
17.06.2022 00:00	7.5200000000000005	8.0	7.04	7.36	1710
20.06.2022 00:00	7.5200000000000005	7.5200000000000005	7.1000000000000005	7.36	1818
21.06.2022 00:00	7.36	7.48	7.32	7.36	762
22.06.2022 00:00	7.44	7.44	7.08	7.28	879
23.06.2022 00:00	7.32	7.36	7.0600000000000005	7.24	1381
24.06.2022 00:00	7.24	7.28	7.12	7.28	385
27.06.2022 00:00	7.2	7.28	7.140000000000001	7.28	571
28.06.2022 00:00	7.28	7.36	7.2	7.32	220
29.06.2022 00:00	7.36	7.36	7.140000000000001	7.2	280
30.06.2022 00:00	7.2	7.2	7.0600000000000005	7.1000000000000005	1087
01.07.2022 00:00	7.08	7.140000000000001	7.08	7.1000000000000005	227
04.07.2022 00:00	7.1000000000000005	7.2	7.0600000000000005	7.140000000000001	480
05.07.2022 00:00	7.08	7.140000000000001	7.0600000000000005	7.140000000000001	400
06.07.2022 00:00	7.140000000000001	7.28	7.0600000000000005	7.0600000000000005	397
07.07.2022 00:00	7.2	7.2	7.08	7.140000000000001	50
08.07.2022 00:00	7.140000000000001	7.140000000000001	6.98	7.140000000000001	546
11.07.2022 00:00	7.1000000000000005	7.140000000000001	7.08	7.08	82
12.07.2022 00:00	7.140000000000001	7.2	7.0	7.0600000000000005	447
13.07.2022 00:00	7.1000000000000005	7.1000000000000005	6.98	7.1000000000000005	472
14.07.2022 00:00	7.24	7.32	7.1000000000000005	7.140000000000001	102
15.07.2022 00:00	7.1000000000000005	7.28	7.04	7.140000000000001	469
18.07.2022 00:00	7.28	7.28	7.1000000000000005	7.2	242
19.07.2022 00:00	7.2	7.2	7.04	7.1000000000000005	410
20.07.2022 00:00	7.1000000000000005	7.32	7.0600000000000005	7.28	392
21.07.2022 00:00	7.2	7.2	7.0600000000000005	7.1000000000000005	375
22.07.2022 00:00	7.1000000000000005	7.12	7.0	7.08	594
25.07.2022 00:00	7.08	7.24	7.0600000000000005	7.1000000000000005	565
26.07.2022 00:00	7.140000000000001	7.28	7.08	7.24	734
27.07.2022 00:00	7.28	7.28	7.1000000000000005	7.2	281
28.07.2022 00:00	7.24	7.24	7.16	7.16	121
29.07.2022 00:00	7.2	7.24	7.1000000000000005	7.140000000000001	195
01.08.2022 00:00	7.12	7.32	7.08	7.28	1118
02.08.2022 00:00	7.32	7.4	7.24	7.4	235
03.08.2022 00:00	7.4	7.48	7.28	7.4	313
04.08.2022 00:00	7.44	7.48	7.4	7.44	95
05.08.2022 00:00	7.44	7.44	7.32	7.36	244
08.08.2022 00:00	7.48	7.48	7.24	7.4	230
09.08.2022 00:00	7.44	7.48	7.28	7.32	176
10.08.2022 00:00	7.4	7.48	7.28	7.44	123
11.08.2022 00:00	7.4	7.66	7.4	7.640000000000001	195
12.08.2022 00:00	7.66	7.66	7.5200000000000005	7.640000000000001	117
15.08.2022 00:00	7.58	7.66	7.4	7.58	218
16.08.2022 00:00	7.58	7.9	7.5	7.9	598
17.08.2022 00:00	7.9	7.98	7.7	7.78	311
18.08.2022 00:00	7.82	7.92	7.78	7.86	131
19.08.2022 00:00	7.86	8.4	7.86	8.14	298
22.08.2022 00:00	8.02	8.14	7.98	8.06	287
23.08.2022 00:00	8.08	8.38	8.08	8.34	331
24.08.2022 00:00	8.24	8.34	8.08	8.16	338
25.08.2022 00:00	8.16	8.38	7.78	7.92	388
26.08.2022 00:00	7.94	8.18	7.9	8.08	94
29.08.2022 00:00	8.08	8.1	8.06	8.08	69
30.08.2022 00:00	8.1	8.1	7.92	7.98	607
31.08.2022 00:00	7.94	8.14	7.94	8.0	371
01.09.2022 00:00	8.0	8.08	7.98	7.98	278
02.09.2022 00:00	8.06	8.06	7.94	7.94	202
05.09.2022 00:00	7.98	8.06	7.9	7.98	191
06.09.2022 00:00	7.98	7.98	7.86	7.92	465
07.09.2022 00:00	7.98	8.06	7.98	7.98	196
08.09.2022 00:00	7.98	8.06	7.9	7.92	163
09.09.2022 00:00	7.98	8.24	7.98	8.14	341
12.09.2022 00:00	8.06	8.24	8.06	8.1	98
13.09.2022 00:00	8.22	8.22	7.94	8.02	118
14.09.2022 00:00	8.02	8.02	7.94	7.98	88
15.09.2022 00:00	8.06	8.08	7.98	8.08	147
16.09.2022 00:00	8.06	8.18	7.98	8.02	351
19.09.2022 00:00	8.08	8.1	7.98	8.08	594
20.09.2022 00:00	8.1	8.14	7.12	7.5600000000000005	1637
21.09.2022 00:00	7.36	7.74	6.78	7.4	2361
22.09.2022 00:00	7.4	7.7	7.08	7.24	861
23.09.2022 00:00	7.66	7.66	7.04	7.2	575
26.09.2022 00:00	7.140000000000001	7.24	6.66	7.0	1184
27.09.2022 00:00	6.9	7.2	6.9	7.0200000000000005	249
28.09.2022 00:00	7.0600000000000005	7.28	6.86	7.24	359
29.09.2022 00:00	7.78	7.78	6.9	7.0	329
30.09.2022 00:00	7.0200000000000005	7.0600000000000005	6.9	6.98	225
03.10.2022 00:00	6.98	7.48	6.98	7.2	377
04.10.2022 00:00	7.44	7.44	7.0200000000000005	7.140000000000001	202
05.10.2022 00:00	7.08	7.48	7.0	7.08	542
06.10.2022 00:00	7.140000000000001	7.2	7.08	7.08	19
07.10.2022 00:00	7.0200000000000005	7.24	6.9	7.12	208
10.10.2022 00:00	7.0600000000000005	7.36	6.98	7.36	178
11.10.2022 00:00	7.24	7.24	7.1000000000000005	7.24	138
12.10.2022 00:00	7.16	7.44	7.12	7.28	740
13.10.2022 00:00	7.58	7.7	7.08	7.28	804
14.10.2022 00:00	7.28	7.48	7.24	7.32	547
17.10.2022 00:00	7.32	7.44	7.24	7.4	198
18.10.2022 00:00	7.4	7.4	7.36	7.36	22
19.10.2022 00:00	7.36	7.58	7.32	7.5	556
20.10.2022 00:00	7.32	7.62	7.32	7.44	271
21.10.2022 00:00	7.48	7.86	7.36	7.5200000000000005	675
24.10.2022 00:00	7.48	7.9	7.32	7.640000000000001	141
25.10.2022 00:00	7.640000000000001	7.86	7.640000000000001	7.82	80
26.10.2022 00:00	7.82	7.9	7.5600000000000005	7.86	250
27.10.2022 00:00	7.86	8.18	7.82	7.9	966
28.10.2022 00:00	7.92	8.14	7.82	7.98	320
31.10.2022 00:00	8.06	8.3	7.92	8.14	1027
01.11.2022 00:00	8.14	8.34	7.98	8.24	421
02.11.2022 00:00	8.24	8.32	8.14	8.26	79
03.11.2022 00:00	8.4	8.42	8.06	8.3	445
07.11.2022 00:00	8.18	8.4	8.06	8.18	189
08.11.2022 00:00	8.32	9.14	8.14	8.26	4581
09.11.2022 00:00	8.14	8.4	8.14	8.32	223
10.11.2022 00:00	8.24	8.38	8.24	8.24	233
11.11.2022 00:00	8.32	8.48	8.0	8.32	312
14.11.2022 00:00	8.32	8.32	8.08	8.26	68
15.11.2022 00:00	8.32	8.4	8.06	8.16	113
16.11.2022 00:00	8.08	8.48	8.02	8.38	172
17.11.2022 00:00	8.42	8.42	8.26	8.32	96
18.11.2022 00:00	8.3	8.4	8.14	8.32	150
21.11.2022 00:00	8.42	8.42	8.0	8.16	548
22.11.2022 00:00	8.16	8.18	8.1	8.16	26
23.11.2022 00:00	8.08	8.48	8.08	8.32	782
24.11.2022 00:00	8.3	8.48	8.24	8.3	56
25.11.2022 00:00	8.32	8.56	8.16	8.24	196
28.11.2022 00:00	8.18	8.42	8.18	8.42	150
29.11.2022 00:00	8.34	9.06	8.24	8.58	505
30.11.2022 00:00	8.56	8.74	8.34	8.5	204
01.12.2022 00:00	8.56	8.56	8.1	8.24	431
02.12.2022 00:00	8.3	8.4	8.18	8.24	256
05.12.2022 00:00	8.24	8.8	8.24	8.24	270
06.12.2022 00:00	8.26	8.52	8.24	8.38	209
07.12.2022 00:00	8.3	8.4	8.24	8.24	51
08.12.2022 00:00	8.26	8.68	8.26	8.32	468
09.12.2022 00:00	8.34	8.68	8.08	8.38	647
12.12.2022 00:00	8.4	8.68	8.4	8.48	357
13.12.2022 00:00	8.64	8.64	8.4	8.5	137
14.12.2022 00:00	8.52	8.64	8.4	8.42	276
15.12.2022 00:00	8.46	8.56	8.4	8.42	60
16.12.2022 00:00	8.46	8.58	8.32	8.4	383
19.12.2022 00:00	8.38	8.58	8.38	8.48	289
20.12.2022 00:00	8.48	8.48	8.46	8.48	88
21.12.2022 00:00	8.4	8.98	8.4	8.64	453
22.12.2022 00:00	8.66	8.66	8.42	8.52	261
23.12.2022 00:00	8.5	8.74	8.4	8.56	860
26.12.2022 00:00	8.48	8.56	8.42	8.48	329
27.12.2022 00:00	8.52	8.8	8.3	8.48	1161
28.12.2022 00:00	8.4	8.68	8.4	8.48	500
29.12.2022 00:00	8.52	8.74	8.52	8.6	308
30.12.2022 00:00	8.6	8.76	8.56	8.68	117
03.01.2023 00:00	8.46	8.88	8.38	8.8	360
04.01.2023 00:00	8.82	8.84	8.64	8.64	271
05.01.2023 00:00	8.64	8.9	8.64	8.68	546
06.01.2023 00:00	8.74	8.98	8.58	8.74	367
09.01.2023 00:00	8.64	8.98	8.64	8.82	379
10.01.2023 00:00	8.98	8.98	8.82	8.88	112
11.01.2023 00:00	8.88	9.14	8.8	9.14	1321
12.01.2023 00:00	9.18	9.18	8.98	9.06	349
13.01.2023 00:00	9.16	9.18	9.08	9.16	143
16.01.2023 00:00	9.16	9.24	8.98	9.14	284
17.01.2023 00:00	9.22	9.22	9.0	9.14	126
18.01.2023 00:00	9.18	9.18	9.06	9.06	108
19.01.2023 00:00	9.08	9.14	8.8	8.98	300
20.01.2023 00:00	9.0	9.18	9.0	9.18	81
23.01.2023 00:00	9.18	9.18	9.06	9.18	137
24.01.2023 00:00	9.22	9.26	9.08	9.14	290
25.01.2023 00:00	9.24	9.26	9.1	9.14	136
26.01.2023 00:00	9.22	9.22	9.06	9.14	108
27.01.2023 00:00	9.18	9.18	9.1	9.18	77
30.01.2023 00:00	9.06	9.48	9.06	9.16	1182
31.01.2023 00:00	9.18	9.34	9.08	9.1	460
01.02.2023 00:00	9.1	9.26	9.06	9.18	192
02.02.2023 00:00	9.26	9.26	9.1	9.14	193
03.02.2023 00:00	9.18	9.34	9.16	9.26	143
06.02.2023 00:00	9.14	9.48	9.14	9.42	495
07.02.2023 00:00	9.46	9.46	9.24	9.38	241
08.02.2023 00:00	9.34	9.48	9.24	9.3	255
09.02.2023 00:00	9.26	9.48	9.26	9.48	154
10.02.2023 00:00	9.4	9.42	9.24	9.38	298
13.02.2023 00:00	9.4	10.08	9.18	9.68	1242
14.02.2023 00:00	9.68	10.0	9.4	9.64	546
15.02.2023 00:00	9.68	9.74	8.98	9.3	1639
16.02.2023 00:00	9.32	9.34	9.18	9.24	162
17.02.2023 00:00	9.24	9.3	9.0	9.14	455
20.02.2023 00:00	9.14	9.48	9.08	9.14	721
21.02.2023 00:00	9.14	9.26	9.08	9.24	210
22.02.2023 00:00	9.24	9.26	9.18	9.18	123
24.02.2023 00:00	9.18	9.3	9.08	9.22	113
27.02.2023 00:00	9.26	9.3	9.24	9.3	203
28.02.2023 00:00	9.26	9.34	9.24	9.26	193
01.03.2023 00:00	9.34	9.6	9.34	9.48	692
02.03.2023 00:00	9.58	9.8	9.4	9.4	487
03.03.2023 00:00	9.6	9.8	9.52	9.68	532
06.03.2023 00:00	9.8	9.96	9.58	9.68	511
07.03.2023 00:00	9.68	9.92	9.64	9.9	342
09.03.2023 00:00	9.92	10.18	9.8	9.9	898
10.03.2023 00:00	10.06	10.4	9.58	9.98	1234
13.03.2023 00:00	10.06	10.1	9.8	9.88	1011
14.03.2023 00:00	9.88	9.96	9.58	9.82	641
15.03.2023 00:00	9.82	9.84	9.64	9.72	216
16.03.2023 00:00	9.82	9.98	9.4	9.6	744
17.03.2023 00:00	9.74	11.4	9.72	9.82	17138
20.03.2023 00:00	9.9	10.18	9.64	9.82	1596
21.03.2023 00:00	10.14	10.16	9.84	9.9	667
22.03.2023 00:00	9.98	9.98	9.58	9.9	1083
23.03.2023 00:00	9.9	10.24	9.72	9.98	1038
24.03.2023 00:00	10.08	10.68	9.98	10.1	1799
27.03.2023 00:00	10.0	10.18	10.0	10.1	661
28.03.2023 00:00	10.14	10.48	10.02	10.34	906
29.03.2023 00:00	10.48	10.88	10.26	10.38	827
30.03.2023 00:00	10.48	10.48	10.32	10.34	208
31.03.2023 00:00	10.34	10.48	10.24	10.46	667
03.04.2023 00:00	10.48	10.98	10.32	10.8	1487
04.04.2023 00:00	10.76	11.0	10.76	10.9	2041
05.04.2023 00:00	10.98	11.14	10.8	11.14	783
06.04.2023 00:00	11.16	11.26	11.06	11.22	1201
07.04.2023 00:00	11.3	12.08	11.1	11.84	3448
10.04.2023 00:00	11.9	14.06	11.9	12.66	11353
11.04.2023 00:00	12.88	13.4	11.98	13.26	4937
12.04.2023 00:00	13.02	13.58	12.46	12.76	2806
13.04.2023 00:00	12.84	13.06	11.9	12.42	6427
14.04.2023 00:00	12.38	12.64	11.56	12.08	2200
17.04.2023 00:00	12.4	13.16	12.02	12.74	9021
18.04.2023 00:00	12.98	12.98	12.48	12.82	3257
19.04.2023 00:00	12.9	13.42	12.4	12.58	10653
20.04.2023 00:00	12.68	12.84	12.26	12.74	2101
21.04.2023 00:00	12.8	12.98	12.64	12.82	1076
24.04.2023 00:00	12.88	12.88	12.74	12.88	1355
25.04.2023 00:00	12.88	13.06	12.72	13.0	2427
26.04.2023 00:00	13.06	13.42	12.96	13.32	3287
27.04.2023 00:00	13.4	15.08	13.1	14.06	15376
28.04.2023 00:00	14.34	14.72	13.84	13.84	3659
02.05.2023 00:00	14.18	17.98	13.72	14.3	39301
03.05.2023 00:00	14.98	14.98	13.9	14.32	3285
04.05.2023 00:00	14.18	14.8	13.82	14.0	1966
05.05.2023 00:00	14.06	14.14	13.58	13.68	1457
08.05.2023 00:00	13.8	14.18	13.8	14.06	854
10.05.2023 00:00	14.16	14.76	13.9	14.64	2512
11.05.2023 00:00	14.98	15.4	14.5	14.96	4030
12.05.2023 00:00	14.98	15.14	14.6	14.96	1640
15.05.2023 00:00	15.14	15.14	14.64	14.82	2610
16.05.2023 00:00	15.06	15.16	14.4	14.96	1968
17.05.2023 00:00	14.98	14.98	14.88	14.98	1491
18.05.2023 00:00	14.98	15.1	14.72	15.1	4208
19.05.2023 00:00	15.22	15.66	15.1	15.1	2507
22.05.2023 00:00	15.98	15.98	14.9	15.06	3616
23.05.2023 00:00	15.16	15.16	14.42	14.8	2634
24.05.2023 00:00	14.42	15.48	14.42	15.26	3660
25.05.2023 00:00	15.06	15.58	14.98	15.22	2629
26.05.2023 00:00	15.22	15.22	14.68	14.9	2777
29.05.2023 00:00	15.06	15.24	13.98	14.92	5684
30.05.2023 00:00	14.98	15.46	14.68	14.82	4845
31.05.2023 00:00	15.02	15.08	14.06	14.08	8950
01.06.2023 00:00	12.8	13.38	12.38	13.16	10404
02.06.2023 00:00	13.06	13.34	12.48	13.0	5548
05.06.2023 00:00	13.06	13.08	13.0	13.0	1506
06.06.2023 00:00	13.02	13.08	12.8	13.08	1912
07.06.2023 00:00	13.1	14.46	13.1	13.64	10359
08.06.2023 00:00	13.72	13.96	13.3	13.42	1121
09.06.2023 00:00	13.46	13.88	13.18	13.64	2325
13.06.2023 00:00	13.58	13.88	13.46	13.66	2155
14.06.2023 00:00	13.72	13.9	13.64	13.88	1543
15.06.2023 00:00	13.88	13.98	13.64	13.9	1167
16.06.2023 00:00	13.9	14.3	13.84	13.98	901
19.06.2023 00:00	14.02	14.46	13.84	14.18	7925
20.06.2023 00:00	14.18	14.98	13.98	14.8	8357
21.06.2023 00:00	14.6	14.96	14.22	14.64	2412
22.06.2023 00:00	14.64	14.64	14.38	14.42	795
23.06.2023 00:00	14.48	14.48	14.1	14.26	969
26.06.2023 00:00	13.9	14.18	13.72	14.08	1385
27.06.2023 00:00	14.18	14.76	14.06	14.6	1195
28.06.2023 00:00	14.98	17.6	14.22	14.72	30944
29.06.2023 00:00	14.72	14.98	14.26	14.8	2332
30.06.2023 00:00	14.96	14.98	14.5	14.52	811
03.07.2023 00:00	14.76	15.06	14.5	14.68	1628
04.07.2023 00:00	14.8	14.88	13.48	14.56	2924
05.07.2023 00:00	14.6	14.66	14.32	14.56	1992
06.07.2023 00:00	14.52	14.74	14.5	14.58	1221
07.07.2023 00:00	14.58	14.74	14.52	14.64	471
10.07.2023 00:00	14.64	14.64	14.22	14.5	1594
11.07.2023 00:00	14.56	14.66	14.52	14.58	564
12.07.2023 00:00	14.52	14.82	14.52	14.72	1327
13.07.2023 00:00	14.72	14.92	14.64	14.8	452
14.07.2023 00:00	14.76	15.14	14.76	15.06	2687
17.07.2023 00:00	14.98	15.22	14.98	15.18	2624
18.07.2023 00:00	15.16	15.48	15.08	15.42	1821
19.07.2023 00:00	15.42	16.98	15.32	16.38	8843
20.07.2023 00:00	16.48	16.48	16.12	16.14	2189
21.07.2023 00:00	16.26	16.66	16.04	16.38	1065
24.07.2023 00:00	16.38	16.86	16.04	16.62	2093
25.07.2023 00:00	16.88	16.88	16.3	16.78	2269
26.07.2023 00:00	16.52	17.12	16.32	16.84	4346
27.07.2023 00:00	16.86	17.18	16.48	17.12	2573
28.07.2023 00:00	17.3	17.98	16.88	17.52	3580
31.07.2023 00:00	17.54	17.64	17.3	17.62	2090
01.08.2023 00:00	17.64	19.32	17.56	19.1	3176
02.08.2023 00:00	19.3	20.98	18.3	18.98	5601
03.08.2023 00:00	19.1	19.62	18.62	18.84	4367
04.08.2023 00:00	18.98	20.8	18.18	18.68	7925
07.08.2023 00:00	18.86	20.8	18.32	20.66	9378
08.08.2023 00:00	21.98	25.3	20.68	25.3	18558
09.08.2023 00:00	25.88	27.8	25.3	27.68	13116
10.08.2023 00:00	27.7	30.1	19.5	22.14	16654
11.08.2023 00:00	23.28	27.18	22.96	23.46	10969
14.08.2023 00:00	24.94	24.94	23.3	23.38	3149
15.08.2023 00:00	23.3	23.3	20.0	22.2	4273
16.08.2023 00:00	22.22	22.96	19.18	20.2	4518
17.08.2023 00:00	20.48	20.56	18.68	19.76	3580
18.08.2023 00:00	19.98	20.28	19.2	20.28	854
21.08.2023 00:00	20.66	25.42	20.2	24.48	13172
22.08.2023 00:00	24.96	25.78	23.28	24.38	5820
23.08.2023 00:00	24.46	24.98	23.3	23.64	2446
24.08.2023 00:00	23.3	23.78	22.5	23.3	1276
25.08.2023 00:00	23.86	23.86	23.28	23.48	1091
28.08.2023 00:00	23.44	25.3	23.44	24.6	5643
29.08.2023 00:00	25.28	25.28	23.96	24.52	5405
30.08.2023 00:00	24.78	24.78	22.68	24.02	4807
31.08.2023 00:00	24.18	24.18	23.12	23.44	1877
01.09.2023 00:00	23.42	24.34	23.3	23.38	2927
04.09.2023 00:00	23.56	24.52	23.36	23.66	6472
05.09.2023 00:00	23.78	24.46	23.38	23.88	3458
06.09.2023 00:00	23.92	24.38	23.2	23.44	2990
07.09.2023 00:00	23.94	24.48	21.78	22.98	5212
08.09.2023 00:00	22.98	22.98	21.3	21.98	1867
11.09.2023 00:00	22.16	22.64	21.48	22.16	714
12.09.2023 00:00	22.28	22.96	22.0	22.66	1142
13.09.2023 00:00	22.98	22.98	22.14	22.66	1048
14.09.2023 00:00	22.7	22.86	16.0	20.88	4757
15.09.2023 00:00	20.38	21.86	19.38	21.3	1955
18.09.2023 00:00	21.98	21.98	20.48	20.82	805
19.09.2023 00:00	20.84	20.96	18.6	19.68	2318
20.09.2023 00:00	19.68	19.7	17.3	18.5	2975
21.09.2023 00:00	18.52	19.16	17.5	18.06	669
22.09.2023 00:00	17.8	18.78	16.18	18.78	1959
25.09.2023 00:00	18.78	19.7	18.18	19.48	1351
26.09.2023 00:00	19.34	19.52	17.98	18.8	1595
27.09.2023 00:00	18.86	19.34	18.7	18.92	632
28.09.2023 00:00	19.26	19.32	18.94	19.04	795
29.09.2023 00:00	19.32	20.38	19.04	20.14	3045
02.10.2023 00:00	20.92	20.92	20.12	20.48	853
03.10.2023 00:00	20.52	20.52	19.26	20.16	1232
04.10.2023 00:00	20.16	20.44	19.82	20.06	448
05.10.2023 00:00	20.04	20.56	19.96	20.54	1351
06.10.2023 00:00	20.48	20.94	20.06	20.88	1004
09.10.2023 00:00	20.92	20.98	20.04	20.22	935
10.10.2023 00:00	20.22	20.6	20.02	20.36	617
11.10.2023 00:00	20.44	20.92	20.04	20.32	579
12.10.2023 00:00	20.14	20.56	19.76	20.06	810
13.10.2023 00:00	20.06	20.36	19.48	20.1	1152
16.10.2023 00:00	20.14	20.5	19.64	19.98	896
17.10.2023 00:00	19.98	20.66	19.82	20.54	1112
18.10.2023 00:00	20.56	22.38	20.32	21.18	1888
19.10.2023 00:00	21.42	22.42	21.18	21.22	1451
20.10.2023 00:00	21.52	21.64	20.62	20.64	430
23.10.2023 00:00	21.34	21.34	20.42	20.66	266
24.10.2023 00:00	20.72	20.86	20.3	20.52	199
25.10.2023 00:00	20.66	21.56	20.36	20.82	828
26.10.2023 00:00	20.84	21.56	20.62	20.96	729
27.10.2023 00:00	21.3	21.3	19.48	21.22	1523
30.10.2023 00:00	21.26	21.26	20.5	20.8	765
31.10.2023 00:00	20.72	20.78	19.96	20.18	228
01.11.2023 00:00	19.96	20.48	18.98	20.3	983
02.11.2023 00:00	20.26	20.34	19.8	20.14	205
03.11.2023 00:00	20.14	20.36	19.48	19.68	378
06.11.2023 00:00	19.68	19.72	19.12	19.48	493
07.11.2023 00:00	19.54	20.16	19.1	19.48	803
08.11.2023 00:00	19.6	20.04	19.3	19.3	334
09.11.2023 00:00	19.62	19.98	19.14	19.16	504
10.11.2023 00:00	19.18	19.18	17.12	17.92	1635
13.11.2023 00:00	17.98	17.98	16.52	16.7	1366
14.11.2023 00:00	16.66	18.5	15.68	15.98	3580
15.11.2023 00:00	16.14	17.1	15.3	16.84	1481
16.11.2023 00:00	17.14	18.04	17.14	17.62	886
17.11.2023 00:00	17.96	17.96	17.46	17.64	351
20.11.2023 00:00	17.64	17.64	16.98	17.48	464
21.11.2023 00:00	17.48	17.76	17.28	17.42	632
22.11.2023 00:00	17.72	17.94	17.18	17.32	507
23.11.2023 00:00	17.2	17.3	16.34	16.8	912
24.11.2023 00:00	16.64	16.8	16.18	16.5	1032
27.11.2023 00:00	16.64	17.82	16.44	16.8	1507
28.11.2023 00:00	16.8	17.28	16.48	16.98	832
29.11.2023 00:00	16.94	16.98	16.06	16.88	948
30.11.2023 00:00	16.8	16.8	16.14	16.62	379
01.12.2023 00:00	16.6	16.86	16.1	16.38	1066
04.12.2023 00:00	16.38	16.38	15.48	15.74	750
05.12.2023 00:00	15.8	15.8	14.14	15.52	1289
06.12.2023 00:00	15.4	15.58	15.22	15.32	547
07.12.2023 00:00	15.32	15.42	14.4	15.1	1534
08.12.2023 00:00	15.0	15.4	14.72	14.98	426
11.12.2023 00:00	14.9	14.9	14.06	14.22	1036
12.12.2023 00:00	14.64	14.66	14.06	14.48	506
13.12.2023 00:00	14.48	15.14	14.42	14.96	293
14.12.2023 00:00	14.88	15.02	14.8	14.8	267
15.12.2023 00:00	14.8	15.48	14.48	15.22	577
18.12.2023 00:00	15.56	17.16	14.98	16.3	2447
19.12.2023 00:00	16.3	17.26	16.3	16.56	764
20.12.2023 00:00	16.7	16.98	16.68	16.88	386
21.12.2023 00:00	16.86	17.14	16.82	16.92	394
22.12.2023 00:00	16.88	17.06	16.3	16.92	682
25.12.2023 00:00	17.04	17.06	16.54	16.66	543
26.12.2023 00:00	16.64	16.88	16.3	16.56	436
27.12.2023 00:00	16.56	17.06	16.48	16.66	521
28.12.2023 00:00	16.54	16.72	16.14	16.22	335
29.12.2023 00:00	16.56	16.7	16.32	16.48	348
03.01.2024 00:00	16.48	17.02	16.36	16.7	353
04.01.2024 00:00	16.78	17.6	16.78	17.14	441
05.01.2024 00:00	17.26	18.18	16.66	17.64	1050
08.01.2024 00:00	18.98	18.98	17.3	18.3	1356
09.01.2024 00:00	18.34	18.48	18.3	18.46	397
10.01.2024 00:00	18.54	18.76	18.02	18.32	1179
11.01.2024 00:00	18.32	18.84	18.16	18.62	947
12.01.2024 00:00	18.62	19.38	18.26	18.48	1479
15.01.2024 00:00	18.72	19.36	18.2	19.3	1855
16.01.2024 00:00	19.32	19.34	18.3	18.98	1539
17.01.2024 00:00	19.04	19.04	18.7	18.98	1326
18.01.2024 00:00	19.0	19.3	18.92	19.16	827
19.01.2024 00:00	19.36	19.8	18.64	19.0	1586
22.01.2024 00:00	18.84	19.3	18.64	19.2	1516
23.01.2024 00:00	19.2	19.82	18.88	19.6	1853
24.01.2024 00:00	19.6	20.22	18.88	19.98	2169
25.01.2024 00:00	19.96	21.26	19.64	19.7	4117
26.01.2024 00:00	19.96	21.16	19.72	20.14	1324
29.01.2024 00:00	20.14	20.56	19.52	20.0	1837
30.01.2024 00:00	20.02	20.02	19.12	19.54	726
31.01.2024 00:00	19.48	19.64	19.04	19.36	1127
01.02.2024 00:00	19.38	19.46	19.18	19.3	334
02.02.2024 00:00	19.28	19.38	19.0	19.36	757
05.02.2024 00:00	19.3	19.86	19.16	19.46	452
06.02.2024 00:00	19.46	19.46	19.16	19.38	1205
07.02.2024 00:00	19.36	19.42	19.1	19.1	599
08.02.2024 00:00	19.1	19.26	18.56	19.18	1621
09.02.2024 00:00	19.18	19.18	18.32	18.46	865
12.02.2024 00:00	18.46	18.98	17.52	18.26	1601
13.02.2024 00:00	18.06	18.64	17.7	18.48	1020
14.02.2024 00:00	18.94	19.02	18.52	18.52	293
15.02.2024 00:00	18.56	18.82	18.36	18.78	628
16.02.2024 00:00	18.94	18.98	18.8	18.96	269
19.02.2024 00:00	18.98	18.98	18.3	18.48	464
20.02.2024 00:00	18.6	18.88	18.12	18.5	602
21.02.2024 00:00	18.48	18.48	17.48	17.56	856
22.02.2024 00:00	17.3	18.06	17.3	18.0	247
26.02.2024 00:00	18.16	18.98	18.02	18.64	289
27.02.2024 00:00	18.68	18.94	18.1	18.7	633
28.02.2024 00:00	18.82	19.8	18.48	18.7	792
29.02.2024 00:00	18.88	18.88	18.28	18.64	676
01.03.2024 00:00	18.56	18.86	18.32	18.68	313
04.03.2024 00:00	18.84	18.84	18.2	18.76	524
05.03.2024 00:00	18.86	18.86	18.64	18.66	133
06.03.2024 00:00	18.92	18.92	18.6	18.66	190
07.03.2024 00:00	18.52	18.72	18.2	18.56	349
11.03.2024 00:00	18.52	18.8	18.46	18.72	912
12.03.2024 00:00	18.46	19.66	18.46	19.14	624
13.03.2024 00:00	19.48	20.56	19.0	19.56	3098
14.03.2024 00:00	19.72	19.76	18.7	18.92	1377
15.03.2024 00:00	19.0	19.0	18.8	18.94	871
18.03.2024 00:00	18.98	19.18	18.64	18.68	770
19.03.2024 00:00	18.76	19.16	18.54	18.6	504
20.03.2024 00:00	18.62	19.98	18.62	18.96	2160
21.03.2024 00:00	18.98	19.38	18.98	19.18	206
22.03.2024 00:00	19.1	19.3	18.6	18.8	1348
25.03.2024 00:00	18.82	19.06	18.48	19.04	700
26.03.2024 00:00	19.04	20.68	18.94	20.0	2039
27.03.2024 00:00	20.98	20.98	20.0	20.02	867
28.03.2024 00:00	20.04	20.14	19.48	19.78	1057
29.03.2024 00:00	19.92	20.06	19.6	19.98	570
01.04.2024 00:00	19.42	19.96	19.18	19.52	2533
02.04.2024 00:00	19.3	19.66	19.14	19.42	852
03.04.2024 00:00	19.54	19.56	19.18	19.48	698
04.04.2024 00:00	19.5	19.6	19.18	19.42	672
05.04.2024 00:00	19.42	19.66	19.38	19.48	337
08.04.2024 00:00	19.62	20.02	19.54	19.88	874
09.04.2024 00:00	20.06	20.16	19.68	20.0	667
10.04.2024 00:00	20.0	20.3	19.78	19.84	595
11.04.2024 00:00	19.98	20.42	19.98	20.3	853
12.04.2024 00:00	20.42	20.88	20.06	20.6	1707
15.04.2024 00:00	20.82	21.18	20.62	20.8	1423
16.04.2024 00:00	21.1	21.1	20.38	20.64	1166
17.04.2024 00:00	20.8	21.12	20.38	20.6	822
18.04.2024 00:00	20.5	20.78	20.38	20.66	544
19.04.2024 00:00	20.54	20.96	20.42	20.64	583
22.04.2024 00:00	20.66	20.98	20.56	20.8	622
23.04.2024 00:00	20.72	20.88	20.42	20.64	1092
24.04.2024 00:00	20.52	20.98	20.16	20.7	1092
25.04.2024 00:00	20.36	20.48	18.76	19.68	8393
26.04.2024 00:00	19.84	20.02	19.46	19.78	785
27.04.2024 00:00	19.72	19.98	19.32	19.68	437
29.04.2024 00:00	19.68	19.96	19.68	19.84	693
30.04.2024 00:00	19.92	19.98	19.52	19.8	757
02.05.2024 00:00	19.92	19.98	19.14	19.56	1398
03.05.2024 00:00	19.48	19.82	19.32	19.8	655
06.05.2024 00:00	19.48	19.82	19.48	19.78	372
07.05.2024 00:00	19.78	19.98	19.78	19.88	673
08.05.2024 00:00	19.94	19.96	19.5	19.8	504
10.05.2024 00:00	19.8	20.0	19.7	20.0	361
13.05.2024 00:00	20.0	20.78	18.96	19.14	9517
14.05.2024 00:00	19.02	19.36	18.84	19.18	2070
15.05.2024 00:00	19.26	19.6	18.3	18.78	4297
16.05.2024 00:00	18.78	18.8	18.14	18.46	1103
17.05.2024 00:00	18.54	18.88	18.46	18.64	811
20.05.2024 00:00	18.6	18.76	18.42	18.54	1134
21.05.2024 00:00	18.42	18.54	18.18	18.38	464
22.05.2024 00:00	18.44	18.46	18.22	18.28	578
23.05.2024 00:00	18.3	18.32	18.14	18.16	722
24.05.2024 00:00	18.18	18.98	18.16	18.32	694
27.05.2024 00:00	18.32	18.36	17.52	17.6	725
28.05.2024 00:00	17.7	18.0	17.06	17.38	1923
29.05.2024 00:00	17.46	17.7	17.12	17.28	741
30.05.2024 00:00	17.26	17.52	16.8	16.86	1273
31.05.2024 00:00	16.84	16.84	15.3	16.14	2076
03.06.2024 00:00	16.48	16.66	14.98	15.38	1922
04.06.2024 00:00	15.48	18.72	15.48	17.5	5060
05.06.2024 00:00	17.86	18.34	16.92	17.82	1866
06.06.2024 00:00	17.64	17.86	17.0	17.48	827
07.06.2024 00:00	17.52	17.6	16.56	17.3	3032
10.06.2024 00:00	16.1	17.36	15.82	16.6	4382
11.06.2024 00:00	16.56	16.66	15.58	15.72	2100
13.06.2024 00:00	15.68	15.98	14.48	15.72	1434
14.06.2024 00:00	15.68	16.54	15.52	16.5	1346
17.06.2024 00:00	16.5	16.64	15.8	16.04	620
18.06.2024 00:00	16.14	16.14	15.4	15.82	402
19.06.2024 00:00	15.58	15.98	14.72	14.96	1021
20.06.2024 00:00	15.0	15.38	14.72	15.3	399
21.06.2024 00:00	15.3	15.52	15.0	15.24	387
24.06.2024 00:00	15.22	15.24	14.98	15.16	180
25.06.2024 00:00	15.16	15.16	14.56	15.06	436
26.06.2024 00:00	15.06	15.22	14.9	15.14	601
27.06.2024 00:00	15.18	15.18	14.98	15.06	95
28.06.2024 00:00	15.08	15.64	15.08	15.3	408
01.07.2024 00:00	15.22	15.48	15.14	15.3	317
02.07.2024 00:00	15.3	15.46	15.22	15.38	383
03.07.2024 00:00	15.4	15.52	15.22	15.48	202
04.07.2024 00:00	15.48	15.82	15.3	15.3	783
05.07.2024 00:00	15.32	15.56	14.8	15.4	407
08.07.2024 00:00	15.48	16.14	15.34	15.56	1797
09.07.2024 00:00	15.84	15.84	15.38	15.4	348
10.07.2024 00:00	15.4	16.6	15.16	15.38	1905
11.07.2024 00:00	15.38	15.58	15.16	15.48	291
12.07.2024 00:00	15.56	15.72	15.18	15.26	137
15.07.2024 00:00	15.66	15.82	15.26	15.4	308
16.07.2024 00:00	15.4	15.52	14.76	15.06	725
17.07.2024 00:00	15.08	15.5	14.68	15.1	882
18.07.2024 00:00	15.22	15.3	15.06	15.26	89
19.07.2024 00:00	15.22	15.48	14.58	15.14	892
22.07.2024 00:00	15.14	15.3	15.0	15.16	375
23.07.2024 00:00	15.16	15.24	15.08	15.14	276
24.07.2024 00:00	15.14	15.5	15.14	15.5	569
25.07.2024 00:00	15.34	15.64	15.24	15.56	393
26.07.2024 00:00	15.6	15.64	15.06	15.56	664
29.07.2024 00:00	15.48	15.48	15.1	15.22	212
30.07.2024 00:00	15.18	15.32	15.02	15.3	77
31.07.2024 00:00	15.34	15.58	15.34	15.42	290
01.08.2024 00:00	15.42	15.52	14.84	15.3	1046
02.08.2024 00:00	15.3	15.3	14.72	15.06	945
05.08.2024 00:00	15.06	15.26	14.72	14.9	442
06.08.2024 00:00	15.0	15.22	14.96	15.06	157
07.08.2024 00:00	15.08	15.14	14.9	14.98	247
08.08.2024 00:00	15.02	15.1	14.96	15.08	94
09.08.2024 00:00	15.14	15.16	15.0	15.14	167
12.08.2024 00:00	15.0	15.08	14.9	15.06	183
13.08.2024 00:00	15.06	15.38	15.0	15.26	422
14.08.2024 00:00	15.3	15.64	15.3	15.34	620
15.08.2024 00:00	15.32	15.38	15.22	15.34	177
16.08.2024 00:00	15.3	15.38	15.18	15.26	130
19.08.2024 00:00	15.22	15.48	15.14	15.24	323
20.08.2024 00:00	15.24	15.32	14.76	14.84	775
21.08.2024 00:00	14.88	14.88	14.64	14.88	422
22.08.2024 00:00	14.8	15.26	14.3	14.68	315
23.08.2024 00:00	14.38	14.74	13.9	14.06	404
26.08.2024 00:00	14.06	14.48	13.72	14.3	461
27.08.2024 00:00	14.18	14.96	13.98	14.64	362
28.08.2024 00:00	14.48	14.56	14.22	14.3	399
29.08.2024 00:00	14.22	14.42	14.14	14.18	137
30.08.2024 00:00	14.14	14.3	13.96	14.06	180
02.09.2024 00:00	14.06	14.06	12.48	13.08	784
03.09.2024 00:00	13.14	13.4	12.82	13.22	385
04.09.2024 00:00	13.34	13.34	12.88	13.22	469
05.09.2024 00:00	13.0	13.48	12.82	13.22	367
06.09.2024 00:00	13.14	13.22	12.9	13.16	114
09.09.2024 00:00	13.14	13.82	13.14	13.4	251
10.09.2024 00:00	13.56	13.74	13.5	13.68	64
11.09.2024 00:00	13.38	13.98	13.38	13.58	120
12.09.2024 00:00	13.58	13.64	13.26	13.56	52
13.09.2024 00:00	13.52	14.06	13.52	13.6	113
16.09.2024 00:00	13.66	14.26	13.48	14.0	251
17.09.2024 00:00	13.92	14.08	13.82	13.98	123
18.09.2024 00:00	14.06	14.16	13.72	13.84	161
19.09.2024 00:00	13.9	14.58	13.8	13.84	188
20.09.2024 00:00	13.98	14.1	13.72	13.72	123
23.09.2024 00:00	13.92	13.98	13.48	13.74	323
24.09.2024 00:00	13.76	14.06	13.74	13.76	218
25.09.2024 00:00	13.98	14.02	13.76	14.0	142
26.09.2024 00:00	13.96	16.06	13.8	14.18	1930
27.09.2024 00:00	14.32	14.38	13.82	14.18	395
30.09.2024 00:00	14.18	14.52	13.74	13.88	604
01.10.2024 00:00	13.88	13.9	13.32	13.46	270
02.10.2024 00:00	13.56	13.96	13.34	13.38	397
03.10.2024 00:00	13.46	13.64	13.34	13.6	139
04.10.2024 00:00	13.56	13.88	13.56	13.64	92
07.10.2024 00:00	13.68	13.72	13.52	13.56	235
08.10.2024 00:00	13.4	13.4	13.34	13.4	140
09.10.2024 00:00	13.38	13.4	13.18	13.22	466
10.10.2024 00:00	13.26	13.38	13.08	13.24	159
11.10.2024 00:00	13.22	13.26	13.08	13.22	82
14.10.2024 00:00	13.18	13.4	12.92	13.18	365
15.10.2024 00:00	13.14	13.4	13.14	13.26	236
16.10.2024 00:00	13.22	13.4	13.22	13.3	131
17.10.2024 00:00	13.24	13.3	13.0	13.06	91
18.10.2024 00:00	13.02	13.14	12.98	13.08	97
21.10.2024 00:00	13.02	13.06	12.72	13.0	120
22.10.2024 00:00	12.98	12.98	12.8	12.92	187
23.10.2024 00:00	12.96	12.98	12.8	12.98	125
24.10.2024 00:00	12.84	12.96	12.56	12.76	295
25.10.2024 00:00	12.76	12.82	12.14	12.48	271
28.10.2024 00:00	12.3	12.42	12.16	12.16	252
29.10.2024 00:00	12.38	12.5	12.22	12.5	276
30.10.2024 00:00	12.38	12.56	12.22	12.24	173
31.10.2024 00:00	12.24	12.24	11.88	11.98	251
01.11.2024 00:00	11.9	11.98	11.72	11.8	274
02.11.2024 00:00	11.8	12.1	11.74	12.1	385
05.11.2024 00:00	12.14	12.66	12.1	12.1	206
06.11.2024 00:00	12.24	12.74	12.14	12.4	363
07.11.2024 00:00	12.4	12.48	12.34	12.46	55
08.11.2024 00:00	12.46	12.92	12.34	12.92	324
11.11.2024 00:00	12.92	13.64	12.68	13.24	340
12.11.2024 00:00	13.32	13.64	13.22	13.22	226
13.11.2024 00:00	13.22	13.4	13.22	13.34	33
14.11.2024 00:00	13.34	13.56	13.02	13.52	294
15.11.2024 00:00	13.52	13.66	13.4	13.66	154
18.11.2024 00:00	13.58	13.9	13.18	13.3	538
19.11.2024 00:00	13.3	13.4	12.76	12.9	491
20.11.2024 00:00	12.9	13.22	12.74	12.9	105
21.11.2024 00:00	13.08	13.08	12.64	12.72	184
22.11.2024 00:00	12.92	13.38	12.68	13.18	809
25.11.2024 00:00	13.18	13.42	13.0	13.14	258
26.11.2024 00:00	13.22	13.4	12.68	12.9	503
27.11.2024 00:00	12.98	13.02	12.14	12.88	548
28.11.2024 00:00	12.9	12.98	12.52	12.9	528
29.11.2024 00:00	12.96	13.1	12.16	12.98	1580
02.12.2024 00:00	12.98	13.88	12.58	13.18	813
03.12.2024 00:00	13.02	13.46	12.82	12.9	197
04.12.2024 00:00	13.14	13.9	13.06	13.9	541
05.12.2024 00:00	13.88	14.08	13.34	14.06	460
06.12.2024 00:00	14.06	14.48	13.76	14.4	504
09.12.2024 00:00	14.16	14.32	13.98	14.3	310
10.12.2024 00:00	14.3	14.46	14.02	14.46	128
11.12.2024 00:00	14.46	14.46	14.14	14.4	233
12.12.2024 00:00	14.38	14.4	13.9	14.3	456
13.12.2024 00:00	14.3	14.3	13.96	14.18	252
16.12.2024 00:00	14.26	14.26	13.72	14.0	375
17.12.2024 00:00	13.82	14.02	13.72	14.02	285
18.12.2024 00:00	14.0	14.02	13.8	14.02	79
19.12.2024 00:00	14.0	14.3	14.0	14.22	289
20.12.2024 00:00	14.06	15.1	13.84	14.6	1149
23.12.2024 00:00	14.98	15.08	14.42	14.6	324
24.12.2024 00:00	14.64	15.1	14.4	14.8	249
25.12.2024 00:00	14.68	15.4	14.56	15.06	215
26.12.2024 00:00	14.82	15.4	14.74	15.02	196
27.12.2024 00:00	15.22	15.22	14.68	15.0	395
28.12.2024 00:00	15.18	15.4	14.84	15.0	248
30.12.2024 00:00	15.4	15.4	14.88	15.4	818
03.01.2025 00:00	15.4	15.4	14.5	15.3	225
06.01.2025 00:00	15.18	15.3	15.0	15.22	76
08.01.2025 00:00	15.24	15.5	15.22	15.5	180
09.01.2025 00:00	15.5	15.58	15.4	15.42	197
10.01.2025 00:00	15.4	15.64	14.64	15.42	745
13.01.2025 00:00	15.56	15.8	15.5	15.8	166
14.01.2025 00:00	15.42	16.04	15.02	15.4	158
15.01.2025 00:00	15.66	15.68	15.4	15.56	42
16.01.2025 00:00	15.66	15.8	15.58	15.58	78
17.01.2025 00:00	15.58	15.72	15.48	15.72	126
20.01.2025 00:00	15.68	16.48	15.68	16.46	759
21.01.2025 00:00	16.38	16.48	16.22	16.48	230
22.01.2025 00:00	16.48	16.6	16.12	16.48	328
23.01.2025 00:00	16.26	16.66	16.22	16.38	526
24.01.2025 00:00	16.38	16.64	16.36	16.6	300
27.01.2025 00:00	16.56	16.6	16.04	16.12	578
28.01.2025 00:00	16.12	16.18	15.66	16.18	408
29.01.2025 00:00	16.2	16.3	15.9	16.26	314
30.01.2025 00:00	16.26	16.72	15.92	16.14	294
31.01.2025 00:00	16.28	16.5	16.14	16.14	394
03.02.2025 00:00	16.14	16.18	15.98	16.14	356
04.02.2025 00:00	16.16	16.98	16.04	16.38	680
05.02.2025 00:00	16.36	16.36	16.14	16.3	103
06.02.2025 00:00	16.16	16.34	16.16	16.22	71
07.02.2025 00:00	16.3	16.32	16.16	16.32	48
10.02.2025 00:00	16.32	16.34	15.98	16.22	424
11.02.2025 00:00	16.04	16.16	15.58	16.16	287
12.02.2025 00:00	16.14	16.2	16.0	16.14	127
13.02.2025 00:00	16.22	16.64	16.02	16.12	508
14.02.2025 00:00	16.26	16.3	15.48	15.9	900
17.02.2025 00:00	15.9	16.14	15.9	16.06	209
18.02.2025 00:00	16.06	16.1	15.88	15.9	178
19.02.2025 00:00	15.98	16.1	15.98	16.1	88
20.02.2025 00:00	16.12	16.28	16.06	16.18	140
21.02.2025 00:00	16.28	16.48	15.64	15.9	756
24.02.2025 00:00	16.1	16.22	15.96	16.22	220
25.02.2025 00:00	16.3	16.78	16.22	16.48	364
26.02.2025 00:00	16.48	16.48	16.14	16.18	164
27.02.2025 00:00	16.18	16.18	15.9	16.14	217
28.02.2025 00:00	16.14	16.14	15.9	16.12	48
03.03.2025 00:00	16.14	16.14	15.58	16.0	330
04.03.2025 00:00	15.88	16.12	15.68	16.12	425
05.03.2025 00:00	16.12	16.16	16.0	16.06	82
06.03.2025 00:00	16.1	16.38	16.04	16.38	122
07.03.2025 00:00	16.38	16.38	16.12	16.12	283
10.03.2025 00:00	16.28	16.28	16.14	16.22	22
11.03.2025 00:00	16.3	17.3	15.98	17.1	2781
12.03.2025 00:00	16.88	17.06	16.38	16.86	866
13.03.2025 00:00	16.8	16.86	16.54	16.62	286
14.03.2025 00:00	16.8	17.1	16.56	16.7	290
17.03.2025 00:00	17.04	17.3	16.6	16.82	1061
18.03.2025 00:00	16.7	17.16	16.66	16.66	242
19.03.2025 00:00	16.64	16.98	16.62	16.66	212
20.03.2025 00:00	16.66	16.92	16.64	16.68	112
21.03.2025 00:00	16.7	16.98	16.68	16.88	226
24.03.2025 00:00	16.88	16.98	16.64	16.8	343
25.03.2025 00:00	16.76	16.76	16.3	16.32	403
26.03.2025 00:00	16.42	16.6	16.38	16.46	117
27.03.2025 00:00	16.46	16.52	16.0	16.12	183
28.03.2025 00:00	16.12	16.22	15.8	15.96	526
31.03.2025 00:00	16.04	16.48	15.56	16.48	535
01.04.2025 00:00	16.26	16.6	16.26	16.48	154
02.04.2025 00:00	16.34	16.56	16.0	16.22	439
03.04.2025 00:00	16.48	16.56	15.6	15.6	381
04.04.2025 00:00	15.68	16.1	15.46	15.48	589
07.04.2025 00:00	15.42	15.42	14.3	14.6	803
08.04.2025 00:00	14.64	15.22	14.64	14.9	118
09.04.2025 00:00	14.76	15.16	14.48	14.48	227
10.04.2025 00:00	14.98	15.24	14.9	14.9	91
11.04.2025 00:00	15.06	15.18	14.98	15.18	123
14.04.2025 00:00	15.18	15.48	15.18	15.22	259
15.04.2025 00:00	15.22	15.5	14.8	15.5	416
16.04.2025 00:00	15.22	16.02	15.22	15.88	223
17.04.2025 00:00	15.9	16.44	15.72	16.18	514
18.04.2025 00:00	16.02	16.44	15.8	15.8	142
21.04.2025 00:00	15.8	15.8	15.48	15.58	276
22.04.2025 00:00	15.76	15.8	15.58	15.58	22
23.04.2025 00:00	15.58	15.88	15.22	15.4	257
24.04.2025 00:00	15.4	15.98	15.4	15.48	127
25.04.2025 00:00	15.84	16.16	15.68	16.0	132
28.04.2025 00:00	16.16	16.86	15.98	16.38	1294
29.04.2025 00:00	16.3	16.44	15.98	15.98	391
30.04.2025 00:00	15.96	16.28	15.4	16.26	420
02.05.2025 00:00	16.28	16.34	16.1	16.32	89
05.05.2025 00:00	16.98	17.48	15.8	16.86	4574
06.05.2025 00:00	16.98	17.68	16.56	17.0	1555
07.05.2025 00:00	17.0	17.38	16.62	17.3	650
08.05.2025 00:00	17.46	17.66	17.32	17.44	483
12.05.2025 00:00	17.44	17.86	17.44	17.68	863
13.05.2025 00:00	17.76	18.1	17.54	18.0	1136
14.05.2025 00:00	18.1	18.6	17.76	18.54	1008
15.05.2025 00:00	18.5	18.8	18.14	18.6	453
16.05.2025 00:00	18.72	18.98	18.38	18.56	837
19.05.2025 00:00	18.68	19.88	18.68	19.3	2301
20.05.2025 00:00	19.66	19.78	18.6	19.44	1407
21.05.2025 00:00	19.38	19.78	19.28	19.76	454
22.05.2025 00:00	19.38	19.6	19.3	19.6	158
