datetime	open	high	low	close	volume
09.03.2018 00:00	5.78	5.78	5.74	5.78	130
12.03.2018 00:00	5.82	5.98	5.78	5.78	140
13.03.2018 00:00	5.9	5.94	5.86	5.86	280
14.03.2018 00:00	5.86	5.98	5.86	5.86	410
15.03.2018 00:00	5.94	6.04	5.9	5.92	410
16.03.2018 00:00	5.98	5.98	5.98	5.98	170
19.03.2018 00:00	5.98	6.08	5.98	6.04	800
20.03.2018 00:00	6.04	6.08	5.94	6.0200000000000005	440
21.03.2018 00:00	6.04	6.08	6.0	6.0200000000000005	360
22.03.2018 00:00	6.04	6.04	5.92	5.94	510
23.03.2018 00:00	5.94	5.94	5.78	5.86	210
26.03.2018 00:00	5.9	5.94	5.9	5.9	80
27.03.2018 00:00	5.82	5.98	5.82	5.94	220
28.03.2018 00:00	5.86	5.9	5.86	5.9	140
29.03.2018 00:00	5.86	5.86	5.58	5.78	290
30.03.2018 00:00	5.74	5.86	5.7	5.86	910
02.04.2018 00:00	5.9	6.08	5.9	5.98	210
03.04.2018 00:00	5.98	6.12	5.92	5.98	410
04.04.2018 00:00	5.98	6.08	5.98	6.0200000000000005	530
05.04.2018 00:00	6.0	6.0600000000000005	5.86	5.98	590
06.04.2018 00:00	6.0	6.08	5.98	6.0	460
09.04.2018 00:00	6.1000000000000005	6.1000000000000005	5.78	5.78	450
10.04.2018 00:00	5.82	5.86	5.78	5.86	170
11.04.2018 00:00	5.86	5.92	5.7	5.7	140
12.04.2018 00:00	5.86	5.92	5.78	5.86	150
13.04.2018 00:00	5.7	5.78	5.7	5.74	180
16.04.2018 00:00	5.9	5.9	5.86	5.86	110
17.04.2018 00:00	5.86	6.1000000000000005	5.78	5.9	430
18.04.2018 00:00	5.9	6.16	5.78	5.94	160
19.04.2018 00:00	5.94	6.16	5.94	6.16	390
20.04.2018 00:00	6.04	6.16	5.98	6.16	360
23.04.2018 00:00	6.0	6.2	5.98	6.08	70
24.04.2018 00:00	6.08	6.2	6.0	6.2	240
25.04.2018 00:00	6.16	6.16	5.98	5.98	480
26.04.2018 00:00	6.0	6.04	5.98	5.98	180
27.04.2018 00:00	6.0600000000000005	6.0600000000000005	6.04	6.0600000000000005	20
28.04.2018 00:00	6.04	6.04	5.86	6.04	270
03.05.2018 00:00	6.0	6.16	6.0	6.0600000000000005	100
04.05.2018 00:00	5.86	6.16	5.86	6.16	30
07.05.2018 00:00	5.86	6.2	5.86	6.2	450
08.05.2018 00:00	6.1000000000000005	6.1000000000000005	6.0600000000000005	6.0600000000000005	100
10.05.2018 00:00	6.0600000000000005	6.2	6.0600000000000005	6.2	30
11.05.2018 00:00	6.2	6.2	6.1000000000000005	6.1000000000000005	70
14.05.2018 00:00	6.2	7.24	6.16	6.16	30
15.05.2018 00:00	6.16	6.98	6.16	6.28	80
16.05.2018 00:00	6.28	6.92	6.28	6.92	2260
17.05.2018 00:00	6.5600000000000005	6.74	6.4	6.74	1560
18.05.2018 00:00	6.5600000000000005	6.5600000000000005	6.5600000000000005	6.5600000000000005	40
22.05.2018 00:00	6.78	6.78	6.28	6.5	260
23.05.2018 00:00	6.5	6.78	6.44	6.58	400
24.05.2018 00:00	6.5	6.7	6.5	6.6000000000000005	170
25.05.2018 00:00	6.5600000000000005	6.5600000000000005	6.5600000000000005	6.5600000000000005	20
28.05.2018 00:00	6.86	6.9	6.78	6.9	80
29.05.2018 00:00	6.92	6.92	6.7	6.74	390
30.05.2018 00:00	6.86	6.94	6.74	6.74	20
31.05.2018 00:00	6.82	6.94	6.82	6.94	220
01.06.2018 00:00	7.0600000000000005	7.140000000000001	6.98	7.140000000000001	170
04.06.2018 00:00	7.140000000000001	7.2	6.92	6.92	370
05.06.2018 00:00	6.98	7.08	6.82	6.82	790
06.06.2018 00:00	6.82	6.98	6.82	6.9	240
07.06.2018 00:00	6.9	6.9	6.74	6.74	210
08.06.2018 00:00	7.0200000000000005	7.0200000000000005	6.94	6.94	20
09.06.2018 00:00	6.94	6.94	6.94	6.94	30
13.06.2018 00:00	7.0600000000000005	7.0600000000000005	7.0600000000000005	7.0600000000000005	10
14.06.2018 00:00	7.0	7.0	6.98	6.98	30
15.06.2018 00:00	6.86	6.94	6.74	6.9	150
18.06.2018 00:00	6.78	6.78	6.78	6.78	50
19.06.2018 00:00	6.7	6.9	6.7	6.78	110
20.06.2018 00:00	6.7	6.74	6.7	6.7	60
21.06.2018 00:00	6.7	6.98	6.7	6.98	100
22.06.2018 00:00	6.98	6.98	6.98	6.98	10
25.06.2018 00:00	6.92	6.92	6.66	6.92	50
26.06.2018 00:00	6.98	6.98	6.98	6.98	10
27.06.2018 00:00	7.08	7.08	6.98	6.98	320
28.06.2018 00:00	6.82	6.82	6.82	6.82	10
29.06.2018 00:00	6.9	6.9	6.82	6.9	70
02.07.2018 00:00	6.98	6.98	6.78	6.82	350
03.07.2018 00:00	6.82	6.9	6.08	6.86	1160
04.07.2018 00:00	6.6000000000000005	6.86	6.6000000000000005	6.82	70
05.07.2018 00:00	6.82	6.9	6.78	6.9	30
06.07.2018 00:00	6.74	6.9	6.74	6.9	170
11.07.2018 00:00	6.92	6.92	6.78	6.78	60
12.07.2018 00:00	6.78	6.9	6.78	6.86	40
13.07.2018 00:00	6.94	6.94	6.66	6.78	70
16.07.2018 00:00	6.78	6.78	6.78	6.78	10
17.07.2018 00:00	6.92	6.92	6.78	6.82	90
18.07.2018 00:00	6.86	6.9	6.86	6.9	180
19.07.2018 00:00	6.9	6.92	6.78	6.9	360
20.07.2018 00:00	6.78	6.78	6.7	6.74	130
23.07.2018 00:00	6.78	6.86	6.78	6.86	40
24.07.2018 00:00	6.94	6.94	6.7	6.78	160
25.07.2018 00:00	6.86	6.86	6.86	6.86	10
26.07.2018 00:00	6.7	6.74	6.7	6.7	190
27.07.2018 00:00	6.86	6.9	6.78	6.78	110
30.07.2018 00:00	6.74	6.74	6.74	6.74	30
31.07.2018 00:00	6.74	6.74	6.74	6.74	30
01.08.2018 00:00	6.98	6.98	6.66	6.74	170
02.08.2018 00:00	6.7	6.74	6.66	6.74	400
03.08.2018 00:00	6.7	7.98	6.66	6.78	600
06.08.2018 00:00	6.82	6.82	6.74	6.74	130
07.08.2018 00:00	6.74	6.74	6.7	6.7	200
08.08.2018 00:00	6.7	6.86	6.66	6.74	200
09.08.2018 00:00	6.7	6.78	6.32	6.78	440
10.08.2018 00:00	6.78	6.78	6.48	6.48	140
13.08.2018 00:00	6.44	6.78	6.44	6.78	250
14.08.2018 00:00	6.86	6.86	6.78	6.86	140
15.08.2018 00:00	6.9	6.9	6.82	6.82	70
16.08.2018 00:00	6.86	6.98	6.48	6.74	210
17.08.2018 00:00	7.12	7.28	6.82	6.82	60
20.08.2018 00:00	6.7	6.78	6.7	6.78	20
21.08.2018 00:00	6.86	6.98	6.86	6.9	60
22.08.2018 00:00	6.9	6.9	6.86	6.86	170
24.08.2018 00:00	6.78	6.78	6.4	6.78	380
27.08.2018 00:00	6.5600000000000005	6.62	6.48	6.48	80
28.08.2018 00:00	6.32	6.66	6.2	6.5600000000000005	370
29.08.2018 00:00	6.28	6.5	6.28	6.48	400
30.08.2018 00:00	6.48	6.9	6.44	6.78	130
31.08.2018 00:00	6.86	6.9	6.5	6.5	80
03.09.2018 00:00	6.78	7.08	6.78	7.08	390
04.09.2018 00:00	7.08	7.08	6.86	6.98	170
05.09.2018 00:00	6.9	7.62	6.9	7.12	1170
06.09.2018 00:00	7.44	7.78	7.4	7.5600000000000005	1220
07.09.2018 00:00	7.78	7.86	7.5	7.78	420
10.09.2018 00:00	7.7	7.98	7.7	7.92	350
11.09.2018 00:00	7.98	8.26	7.9	7.9	1260
12.09.2018 00:00	7.78	8.08	7.78	8.02	410
13.09.2018 00:00	8.02	8.3	7.74	8.02	130
14.09.2018 00:00	7.98	8.08	7.98	8.02	150
17.09.2018 00:00	8.14	8.14	7.82	7.98	410
18.09.2018 00:00	7.9	7.9	7.9	7.9	40
19.09.2018 00:00	7.86	7.92	7.74	7.74	120
20.09.2018 00:00	7.74	7.74	7.74	7.74	290
21.09.2018 00:00	7.78	7.78	7.78	7.78	30
24.09.2018 00:00	7.74	7.78	7.6000000000000005	7.7	240
25.09.2018 00:00	7.66	7.66	7.08	7.140000000000001	870
26.09.2018 00:00	7.24	7.28	7.0200000000000005	7.140000000000001	340
27.09.2018 00:00	6.98	7.08	6.98	7.08	100
28.09.2018 00:00	7.0	7.08	6.2	6.5600000000000005	1350
01.10.2018 00:00	6.5	6.86	6.5	6.86	330
02.10.2018 00:00	6.74	7.0200000000000005	6.48	6.86	730
03.10.2018 00:00	6.82	6.98	6.7	6.9	650
04.10.2018 00:00	6.92	7.0600000000000005	6.7	6.86	1000
05.10.2018 00:00	7.28	7.28	6.92	6.92	370
08.10.2018 00:00	6.98	6.98	6.82	6.92	160
09.10.2018 00:00	6.86	6.98	6.82	6.92	120
10.10.2018 00:00	7.04	7.16	6.78	6.82	320
11.10.2018 00:00	7.24	7.48	6.5600000000000005	6.9	380
12.10.2018 00:00	6.86	6.98	6.86	6.98	50
15.10.2018 00:00	6.92	7.04	6.92	6.94	130
16.10.2018 00:00	6.86	6.98	6.78	6.98	90
17.10.2018 00:00	6.9	6.98	6.9	6.98	30
18.10.2018 00:00	6.82	7.0200000000000005	6.78	6.98	170
19.10.2018 00:00	6.92	6.94	6.92	6.94	70
22.10.2018 00:00	6.92	7.0	6.0	6.9	630
23.10.2018 00:00	6.78	6.98	6.74	6.98	110
24.10.2018 00:00	6.82	6.98	6.5200000000000005	6.5200000000000005	910
25.10.2018 00:00	6.5	6.62	6.2	6.4	860
26.10.2018 00:00	6.36	6.6000000000000005	6.24	6.4	750
29.10.2018 00:00	6.24	6.28	5.98	6.1000000000000005	570
30.10.2018 00:00	6.1000000000000005	6.28	6.0200000000000005	6.16	210
31.10.2018 00:00	6.1000000000000005	6.28	6.08	6.1000000000000005	110
01.11.2018 00:00	6.24	6.36	6.24	6.28	80
02.11.2018 00:00	6.36	6.4	6.2	6.24	200
06.11.2018 00:00	6.2	6.48	6.2	6.36	520
07.11.2018 00:00	6.32	6.66	6.32	6.48	480
08.11.2018 00:00	6.44	6.7	6.28	6.44	620
09.11.2018 00:00	6.48	6.48	6.48	6.48	20
12.11.2018 00:00	6.58	6.66	6.58	6.62	190
13.11.2018 00:00	6.66	6.66	6.5	6.5	70
14.11.2018 00:00	6.5200000000000005	6.82	6.48	6.5600000000000005	350
15.11.2018 00:00	6.74	6.86	6.74	6.78	150
16.11.2018 00:00	6.66	6.78	6.5600000000000005	6.74	180
19.11.2018 00:00	6.5600000000000005	6.66	6.48	6.5200000000000005	390
21.11.2018 00:00	6.5600000000000005	6.5600000000000005	6.4	6.4	190
22.11.2018 00:00	6.4	6.4	6.4	6.4	10
23.11.2018 00:00	6.24	6.36	6.12	6.28	200
26.11.2018 00:00	6.0200000000000005	6.2	5.6000000000000005	5.98	1200
27.11.2018 00:00	6.24	6.24	5.94	6.0	220
28.11.2018 00:00	5.98	6.1000000000000005	5.98	6.1000000000000005	940
29.11.2018 00:00	6.16	6.16	5.94	5.98	300
03.12.2018 00:00	6.24	6.24	5.98	6.0	650
04.12.2018 00:00	6.2	6.24	5.9	6.08	600
05.12.2018 00:00	6.24	6.66	6.08	6.24	350
06.12.2018 00:00	6.4	6.5	6.24	6.32	270
07.12.2018 00:00	6.44	6.6000000000000005	6.24	6.5200000000000005	1100
10.12.2018 00:00	6.1000000000000005	6.32	5.92	6.24	1160
11.12.2018 00:00	6.0600000000000005	6.32	6.0600000000000005	6.2	160
12.12.2018 00:00	6.32	6.36	6.08	6.08	80
13.12.2018 00:00	6.2	6.28	6.2	6.2	250
14.12.2018 00:00	6.0600000000000005	6.2	6.0600000000000005	6.08	110
17.12.2018 00:00	6.1000000000000005	6.2	6.1000000000000005	6.2	20
18.12.2018 00:00	6.2	6.2	6.08	6.2	70
19.12.2018 00:00	5.98	6.16	5.98	6.1000000000000005	380
20.12.2018 00:00	6.1000000000000005	6.1000000000000005	6.0	6.04	40
21.12.2018 00:00	6.04	6.1000000000000005	6.0	6.0200000000000005	250
24.12.2018 00:00	5.9	6.04	5.9	6.04	120
25.12.2018 00:00	5.9	6.1000000000000005	5.66	5.98	410
26.12.2018 00:00	6.04	6.08	5.98	5.98	100
27.12.2018 00:00	5.94	5.98	5.9	5.9	120
28.12.2018 00:00	5.98	5.98	5.92	5.92	110
29.12.2018 00:00	5.9	6.2	5.82	6.0200000000000005	230
04.01.2019 00:00	5.86	6.08	5.86	5.9	340
08.01.2019 00:00	5.9	5.98	5.82	5.86	300
09.01.2019 00:00	5.82	6.12	5.82	5.9	90
10.01.2019 00:00	6.0600000000000005	6.0600000000000005	5.92	6.0200000000000005	40
11.01.2019 00:00	6.0	6.4	5.92	6.12	530
14.01.2019 00:00	5.92	6.04	5.92	6.04	20
15.01.2019 00:00	6.32	6.32	5.98	6.0200000000000005	110
16.01.2019 00:00	6.2	6.2	5.98	5.98	120
17.01.2019 00:00	6.0	6.0	5.98	5.98	190
18.01.2019 00:00	6.0600000000000005	6.24	6.0200000000000005	6.0200000000000005	220
21.01.2019 00:00	6.36	6.44	5.98	6.0200000000000005	200
22.01.2019 00:00	5.92	6.4	5.92	6.24	520
23.01.2019 00:00	6.16	7.94	6.16	6.62	17010
24.01.2019 00:00	6.86	6.86	6.4	6.5200000000000005	1510
25.01.2019 00:00	6.44	6.98	6.44	6.98	2250
28.01.2019 00:00	6.9	6.98	6.5200000000000005	6.5600000000000005	1070
29.01.2019 00:00	6.48	6.74	6.24	6.58	190
30.01.2019 00:00	6.04	6.82	6.04	6.62	400
31.01.2019 00:00	6.48	6.74	6.48	6.62	100
01.02.2019 00:00	6.4	6.7	6.4	6.58	230
04.02.2019 00:00	6.44	6.7	6.44	6.7	310
05.02.2019 00:00	6.86	6.86	6.48	6.66	510
06.02.2019 00:00	6.66	6.78	6.5600000000000005	6.58	1120
07.02.2019 00:00	6.5600000000000005	6.66	6.5600000000000005	6.66	390
08.02.2019 00:00	6.7	6.74	6.7	6.7	340
11.02.2019 00:00	6.82	6.9	6.58	6.74	540
12.02.2019 00:00	6.78	6.82	6.74	6.78	510
13.02.2019 00:00	6.7	6.86	6.7	6.86	290
14.02.2019 00:00	6.7	6.78	6.5600000000000005	6.78	160
15.02.2019 00:00	7.12	7.12	6.78	6.94	890
18.02.2019 00:00	6.98	7.0200000000000005	6.78	6.86	710
19.02.2019 00:00	6.9	6.98	6.78	6.92	450
20.02.2019 00:00	6.92	7.0	6.66	6.66	670
21.02.2019 00:00	6.58	6.74	6.5600000000000005	6.6000000000000005	470
22.02.2019 00:00	6.7	6.74	6.62	6.74	250
25.02.2019 00:00	6.74	6.82	6.58	6.78	610
26.02.2019 00:00	6.86	6.86	6.78	6.78	210
27.02.2019 00:00	6.86	6.9	6.74	6.86	290
28.02.2019 00:00	6.74	6.9	6.74	6.9	340
01.03.2019 00:00	6.7	7.16	6.7	6.86	840
04.03.2019 00:00	7.08	7.24	6.86	7.16	1680
05.03.2019 00:00	7.24	7.24	7.0	7.12	1080
06.03.2019 00:00	7.16	7.36	7.16	7.36	1210
07.03.2019 00:00	7.2	7.36	7.2	7.36	710
11.03.2019 00:00	7.48	7.48	7.2	7.24	1060
12.03.2019 00:00	7.36	7.36	7.0200000000000005	7.1000000000000005	1030
13.03.2019 00:00	7.2	7.2	6.86	6.94	2880
14.03.2019 00:00	6.9	6.98	6.66	6.74	1740
15.03.2019 00:00	6.58	6.86	6.5	6.86	790
18.03.2019 00:00	6.6000000000000005	6.78	6.5600000000000005	6.7	840
19.03.2019 00:00	6.6000000000000005	6.7	6.6000000000000005	6.7	330
20.03.2019 00:00	6.7	6.7	6.6000000000000005	6.7	310
21.03.2019 00:00	6.7	6.78	6.7	6.78	480
22.03.2019 00:00	6.9	6.92	6.78	6.78	310
25.03.2019 00:00	6.74	6.74	6.66	6.66	470
26.03.2019 00:00	6.66	6.7	6.66	6.7	70
27.03.2019 00:00	6.66	6.7	6.5200000000000005	6.5200000000000005	390
28.03.2019 00:00	6.5600000000000005	6.58	6.5600000000000005	6.5600000000000005	120
29.03.2019 00:00	6.5600000000000005	6.62	6.5200000000000005	6.62	170
01.04.2019 00:00	6.62	6.62	6.5200000000000005	6.62	70
02.04.2019 00:00	6.66	6.66	6.66	6.66	30
03.04.2019 00:00	6.66	6.7	6.58	6.7	200
04.04.2019 00:00	6.86	6.9	6.74	6.82	270
05.04.2019 00:00	6.86	6.86	6.74	6.78	260
08.04.2019 00:00	6.82	6.82	6.7	6.78	260
09.04.2019 00:00	6.74	6.74	6.62	6.66	230
10.04.2019 00:00	6.62	6.78	6.58	6.62	240
11.04.2019 00:00	6.6000000000000005	6.74	6.5200000000000005	6.74	110
12.04.2019 00:00	6.66	6.74	6.66	6.7	90
15.04.2019 00:00	6.66	6.66	6.24	6.24	600
16.04.2019 00:00	6.66	6.78	6.28	6.5600000000000005	670
17.04.2019 00:00	6.6000000000000005	6.6000000000000005	6.5200000000000005	6.5200000000000005	70
18.04.2019 00:00	6.5600000000000005	6.58	6.5600000000000005	6.58	50
19.04.2019 00:00	6.5600000000000005	6.62	6.48	6.48	40
22.04.2019 00:00	6.4	6.6000000000000005	6.4	6.5600000000000005	180
23.04.2019 00:00	6.7	6.82	6.58	6.6000000000000005	300
24.04.2019 00:00	6.66	6.7	6.5200000000000005	6.7	190
25.04.2019 00:00	6.78	6.82	6.62	6.62	190
26.04.2019 00:00	6.78	6.78	6.62	6.7	470
29.04.2019 00:00	6.82	6.82	6.66	6.7	90
30.04.2019 00:00	6.82	6.82	5.98	6.28	5450
02.05.2019 00:00	6.2	6.32	6.1000000000000005	6.32	350
03.05.2019 00:00	6.32	6.32	6.2	6.32	350
06.05.2019 00:00	6.32	6.32	6.2	6.2	400
07.05.2019 00:00	6.16	6.24	6.08	6.2	670
08.05.2019 00:00	6.2	6.2	6.08	6.16	150
10.05.2019 00:00	6.16	6.2	6.08	6.08	300
13.05.2019 00:00	6.32	6.48	6.28	6.32	860
14.05.2019 00:00	6.4	6.44	6.24	6.32	380
15.05.2019 00:00	6.32	6.32	6.12	6.16	290
16.05.2019 00:00	6.1000000000000005	6.36	6.1000000000000005	6.2	200
17.05.2019 00:00	6.24	6.24	6.24	6.24	70
20.05.2019 00:00	6.16	6.2	6.08	6.16	460
21.05.2019 00:00	6.1000000000000005	6.2	5.98	6.08	2080
22.05.2019 00:00	6.0	6.1000000000000005	5.98	6.1000000000000005	110
23.05.2019 00:00	6.0200000000000005	6.12	6.0200000000000005	6.04	110
24.05.2019 00:00	6.12	6.2	6.04	6.2	710
27.05.2019 00:00	6.08	6.2	6.08	6.2	310
28.05.2019 00:00	6.12	6.2	6.12	6.2	240
29.05.2019 00:00	6.16	6.2	6.04	6.1000000000000005	330
30.05.2019 00:00	6.04	6.2	6.04	6.2	170
31.05.2019 00:00	6.2	6.2	6.16	6.2	90
03.06.2019 00:00	6.16	6.16	5.82	5.94	3250
04.06.2019 00:00	5.9	6.0	5.9	5.98	510
05.06.2019 00:00	5.94	5.98	5.94	5.98	240
06.06.2019 00:00	5.9	6.08	5.86	5.98	2150
07.06.2019 00:00	5.92	6.04	5.92	5.98	590
10.06.2019 00:00	6.04	6.04	6.0	6.04	300
11.06.2019 00:00	6.0600000000000005	6.1000000000000005	6.0	6.04	340
13.06.2019 00:00	6.0	6.04	5.98	5.98	310
14.06.2019 00:00	5.98	6.04	5.9	6.04	70
17.06.2019 00:00	6.0200000000000005	6.0600000000000005	5.94	6.04	130
18.06.2019 00:00	5.98	6.12	5.98	6.12	400
19.06.2019 00:00	5.98	6.16	5.9	6.04	1600
20.06.2019 00:00	5.98	6.0600000000000005	5.98	6.0	140
21.06.2019 00:00	6.04	6.0600000000000005	5.94	6.0600000000000005	460
24.06.2019 00:00	6.08	6.08	5.98	6.0600000000000005	370
25.06.2019 00:00	5.98	6.12	5.98	6.0	290
26.06.2019 00:00	6.0600000000000005	6.12	6.0200000000000005	6.0600000000000005	500
27.06.2019 00:00	6.16	6.24	6.0200000000000005	6.16	2280
28.06.2019 00:00	6.16	6.28	6.08	6.28	450
01.07.2019 00:00	6.24	6.36	6.16	6.24	570
02.07.2019 00:00	6.2	6.44	6.2	6.24	360
03.07.2019 00:00	6.36	6.48	6.36	6.48	380
04.07.2019 00:00	6.4	6.48	6.4	6.48	340
05.07.2019 00:00	6.44	6.44	6.0600000000000005	6.36	580
08.07.2019 00:00	6.16	6.44	6.12	6.28	1300
09.07.2019 00:00	6.24	6.24	6.24	6.24	50
10.07.2019 00:00	6.24	6.32	6.2	6.28	400
11.07.2019 00:00	6.28	6.36	6.24	6.32	1030
12.07.2019 00:00	6.24	6.32	6.2	6.28	200
15.07.2019 00:00	6.24	6.36	6.24	6.32	300
16.07.2019 00:00	6.32	6.32	6.28	6.28	80
17.07.2019 00:00	6.48	6.48	6.12	6.2	910
18.07.2019 00:00	6.2	6.24	5.98	6.08	2750
19.07.2019 00:00	6.2	6.2	5.98	6.04	1920
22.07.2019 00:00	6.08	6.16	6.0600000000000005	6.1000000000000005	910
23.07.2019 00:00	6.16	6.2	6.12	6.2	1040
24.07.2019 00:00	6.2	6.2	6.16	6.2	140
25.07.2019 00:00	6.2	6.2	6.16	6.16	190
26.07.2019 00:00	6.12	6.36	6.12	6.2	750
29.07.2019 00:00	6.32	6.32	6.2	6.24	760
30.07.2019 00:00	6.24	6.28	6.2	6.2	470
31.07.2019 00:00	6.24	6.36	6.24	6.28	400
01.08.2019 00:00	6.28	6.4	6.28	6.4	480
02.08.2019 00:00	6.44	6.44	6.28	6.28	690
05.08.2019 00:00	6.4	6.44	6.28	6.32	570
06.08.2019 00:00	6.32	6.44	6.28	6.44	370
07.08.2019 00:00	6.44	6.44	6.24	6.24	760
08.08.2019 00:00	6.28	6.36	6.24	6.32	350
09.08.2019 00:00	6.4	6.4	6.24	6.24	380
12.08.2019 00:00	6.32	6.4	6.28	6.28	1060
13.08.2019 00:00	6.36	6.48	6.28	6.32	940
14.08.2019 00:00	6.32	6.44	6.24	6.32	1700
15.08.2019 00:00	6.2	6.24	6.0600000000000005	6.08	1400
16.08.2019 00:00	6.0	6.5600000000000005	6.0	6.5	2400
19.08.2019 00:00	6.16	6.58	6.16	6.58	3720
20.08.2019 00:00	6.6000000000000005	6.7	6.36	6.36	610
21.08.2019 00:00	6.32	6.36	6.24	6.28	470
22.08.2019 00:00	6.32	6.32	6.24	6.24	130
23.08.2019 00:00	6.24	6.24	6.16	6.16	90
26.08.2019 00:00	6.48	6.48	6.2	6.28	180
27.08.2019 00:00	6.1000000000000005	6.24	6.1000000000000005	6.24	30
28.08.2019 00:00	6.24	6.24	6.2	6.2	140
29.08.2019 00:00	6.24	6.24	6.2	6.2	300
30.08.2019 00:00	6.24	6.28	6.24	6.24	290
02.09.2019 00:00	6.28	6.28	6.24	6.24	70
03.09.2019 00:00	6.2	6.2	6.16	6.2	320
04.09.2019 00:00	6.2	6.2	6.2	6.2	200
05.09.2019 00:00	6.16	6.24	6.16	6.24	20
06.09.2019 00:00	6.2	6.24	6.2	6.24	100
09.09.2019 00:00	6.2	6.24	6.16	6.2	330
10.09.2019 00:00	6.2	6.2	6.2	6.2	2020
11.09.2019 00:00	6.32	6.32	6.28	6.28	1570
12.09.2019 00:00	6.24	6.24	6.24	6.24	200
13.09.2019 00:00	6.24	6.24	6.24	6.24	430
16.09.2019 00:00	6.12	6.28	6.0	6.28	1220
17.09.2019 00:00	6.2	6.28	6.2	6.24	120
18.09.2019 00:00	6.28	6.36	6.16	6.2	470
19.09.2019 00:00	6.12	6.24	6.12	6.16	250
20.09.2019 00:00	6.24	6.28	6.1000000000000005	6.28	990
23.09.2019 00:00	6.2	6.48	6.04	6.44	3030
24.09.2019 00:00	6.48	6.48	6.28	6.36	300
25.09.2019 00:00	6.4	6.4	6.24	6.32	160
26.09.2019 00:00	6.16	6.24	6.04	6.16	2500
27.09.2019 00:00	6.16	6.2	6.04	6.16	890
30.09.2019 00:00	6.16	6.2	6.08	6.12	1040
01.10.2019 00:00	6.08	6.12	6.0200000000000005	6.08	2530
02.10.2019 00:00	6.08	6.16	5.92	5.98	3070
03.10.2019 00:00	6.0200000000000005	6.0200000000000005	5.9	5.94	2040
04.10.2019 00:00	5.94	6.0200000000000005	5.94	5.98	490
07.10.2019 00:00	6.0600000000000005	6.0600000000000005	5.98	5.98	140
08.10.2019 00:00	5.98	5.98	5.9	5.92	460
09.10.2019 00:00	5.9	6.0200000000000005	5.9	5.9	470
10.10.2019 00:00	5.82	5.98	5.82	5.86	1700
11.10.2019 00:00	5.82	5.98	5.82	5.92	520
14.10.2019 00:00	6.0	6.0	5.86	5.9	340
15.10.2019 00:00	5.86	5.98	5.82	5.9	480
16.10.2019 00:00	5.9	5.92	5.86	5.9	100
17.10.2019 00:00	5.94	5.94	5.9	5.94	220
18.10.2019 00:00	5.94	5.98	5.92	5.92	240
21.10.2019 00:00	5.98	5.98	5.86	5.9	1180
22.10.2019 00:00	5.9	5.98	5.9	5.94	70
23.10.2019 00:00	5.94	5.98	5.94	5.98	230
24.10.2019 00:00	5.98	6.04	5.98	6.0200000000000005	870
25.10.2019 00:00	6.0200000000000005	6.04	5.98	6.04	1100
28.10.2019 00:00	6.04	6.08	6.0	6.0	440
29.10.2019 00:00	6.0	6.04	5.98	5.98	420
30.10.2019 00:00	6.0200000000000005	6.0200000000000005	5.94	6.0200000000000005	520
31.10.2019 00:00	6.0200000000000005	6.0200000000000005	5.94	5.98	480
01.11.2019 00:00	5.98	5.98	5.94	5.94	570
05.11.2019 00:00	6.0	6.0	5.9	5.94	1690
06.11.2019 00:00	5.98	6.0200000000000005	5.94	5.98	980
07.11.2019 00:00	5.98	5.98	5.98	5.98	340
08.11.2019 00:00	5.98	5.98	5.9	5.92	2470
11.11.2019 00:00	5.98	5.98	5.86	5.9	1730
12.11.2019 00:00	5.9	5.98	5.86	5.98	1010
13.11.2019 00:00	5.98	5.98	5.9	5.98	370
14.11.2019 00:00	5.98	5.98	5.92	5.98	210
15.11.2019 00:00	5.98	5.98	5.94	5.94	370
18.11.2019 00:00	6.0	6.0	5.94	5.98	320
19.11.2019 00:00	5.98	6.0	5.94	5.98	480
20.11.2019 00:00	5.9	5.98	5.9	5.98	210
21.11.2019 00:00	5.98	5.98	5.9	5.98	1360
22.11.2019 00:00	5.92	5.98	5.92	5.98	400
25.11.2019 00:00	5.98	5.98	5.92	5.98	310
26.11.2019 00:00	5.92	5.98	5.92	5.92	300
27.11.2019 00:00	5.94	5.98	5.94	5.98	430
28.11.2019 00:00	5.98	5.98	5.98	5.98	280
29.11.2019 00:00	5.98	6.0	5.94	5.94	510
02.12.2019 00:00	5.94	6.04	5.94	6.0200000000000005	780
03.12.2019 00:00	6.0200000000000005	6.0200000000000005	5.98	5.98	1210
04.12.2019 00:00	5.98	6.04	5.98	6.04	430
05.12.2019 00:00	6.4	6.4	6.0200000000000005	6.0600000000000005	1000
06.12.2019 00:00	5.98	6.08	5.98	5.98	1970
09.12.2019 00:00	5.9	5.92	5.82	5.92	2590
10.12.2019 00:00	5.92	5.94	5.86	5.86	970
11.12.2019 00:00	5.86	5.9	5.86	5.9	410
12.12.2019 00:00	5.9	5.92	5.9	5.92	510
13.12.2019 00:00	5.94	5.94	5.86	5.9	650
16.12.2019 00:00	5.92	5.92	5.86	5.9	400
17.12.2019 00:00	5.92	5.94	5.9	5.9	290
18.12.2019 00:00	5.9	5.92	5.86	5.9	1410
19.12.2019 00:00	5.86	5.92	5.86	5.92	180
20.12.2019 00:00	5.9	5.92	5.86	5.9	480
23.12.2019 00:00	5.86	5.9	5.86	5.86	380
24.12.2019 00:00	5.86	5.9	5.86	5.9	390
25.12.2019 00:00	5.9	5.9	5.9	5.9	90
26.12.2019 00:00	5.9	6.0	5.86	5.98	1730
27.12.2019 00:00	5.9	6.0200000000000005	5.9	6.0200000000000005	1750
30.12.2019 00:00	6.04	6.0600000000000005	5.98	6.0600000000000005	12320
03.01.2020 00:00	5.98	6.0600000000000005	5.98	6.0200000000000005	1100
06.01.2020 00:00	6.08	6.08	5.94	6.04	810
08.01.2020 00:00	6.08	6.08	6.0600000000000005	6.08	1520
09.01.2020 00:00	6.1000000000000005	6.16	6.0200000000000005	6.08	3400
10.01.2020 00:00	6.08	6.2	6.08	6.16	1970
13.01.2020 00:00	6.2	6.2	6.0200000000000005	6.2	4580
14.01.2020 00:00	6.28	6.28	6.04	6.2	2760
15.01.2020 00:00	6.24	6.24	6.16	6.16	920
16.01.2020 00:00	6.2	6.2	6.1000000000000005	6.12	1850
17.01.2020 00:00	6.16	6.16	5.98	6.16	1870
20.01.2020 00:00	6.16	6.28	6.16	6.2	2860
21.01.2020 00:00	6.2	6.24	6.08	6.16	1100
22.01.2020 00:00	6.2	6.24	6.16	6.2	2210
23.01.2020 00:00	6.2	6.24	6.08	6.2	960
24.01.2020 00:00	6.16	6.2	6.12	6.2	440
27.01.2020 00:00	6.08	6.16	6.0200000000000005	6.04	2150
28.01.2020 00:00	6.1000000000000005	6.16	6.04	6.08	740
29.01.2020 00:00	6.16	6.16	6.1000000000000005	6.12	470
30.01.2020 00:00	6.1000000000000005	6.2	6.04	6.12	840
31.01.2020 00:00	6.16	6.2	6.08	6.1000000000000005	720
03.02.2020 00:00	6.1000000000000005	6.4	6.1000000000000005	6.24	2440
04.02.2020 00:00	6.28	6.32	6.16	6.24	2720
05.02.2020 00:00	6.24	6.24	6.16	6.2	1410
06.02.2020 00:00	6.24	6.32	6.2	6.24	1960
07.02.2020 00:00	6.24	6.28	6.2	6.2	1310
10.02.2020 00:00	6.28	6.28	6.2	6.24	1360
11.02.2020 00:00	6.28	6.28	6.2	6.2	4560
12.02.2020 00:00	6.24	6.28	6.2	6.24	1030
13.02.2020 00:00	6.24	6.24	6.2	6.2	2800
14.02.2020 00:00	6.16	6.24	6.16	6.2	1990
17.02.2020 00:00	6.28	6.28	6.16	6.24	1460
18.02.2020 00:00	6.28	6.32	6.2	6.24	1230
19.02.2020 00:00	6.2	6.28	6.16	6.24	6630
20.02.2020 00:00	6.2	6.28	6.2	6.2	3520
21.02.2020 00:00	6.2	6.24	6.16	6.24	4290
25.02.2020 00:00	6.24	6.24	6.16	6.16	1610
26.02.2020 00:00	6.2	6.2	5.94	6.08	6530
27.02.2020 00:00	6.0200000000000005	6.16	6.0200000000000005	6.04	1870
28.02.2020 00:00	6.0	6.12	5.08	5.78	4860
02.03.2020 00:00	5.9	6.16	5.78	5.98	2055
03.03.2020 00:00	6.04	6.0600000000000005	5.94	6.0200000000000005	608
04.03.2020 00:00	6.2	6.2	6.0	6.0200000000000005	606
05.03.2020 00:00	6.1000000000000005	6.12	5.98	6.0	1383
06.03.2020 00:00	5.9	6.0	5.86	5.9	2229
10.03.2020 00:00	5.7	5.86	5.48	5.82	1691
11.03.2020 00:00	5.78	5.94	5.78	5.9	1039
12.03.2020 00:00	5.86	5.86	5.2	5.4	5471
13.03.2020 00:00	5.28	5.78	5.0	5.4	3741
16.03.2020 00:00	5.48	5.58	5.12	5.32	3122
17.03.2020 00:00	5.32	5.4	5.04	5.32	2651
18.03.2020 00:00	5.32	5.98	5.12	5.28	3513
19.03.2020 00:00	5.28	5.66	5.16	5.58	1245
20.03.2020 00:00	5.7	5.78	5.48	5.78	3827
23.03.2020 00:00	5.66	5.66	5.16	5.5200000000000005	1463
24.03.2020 00:00	5.5600000000000005	5.58	5.36	5.5200000000000005	3896
25.03.2020 00:00	4.98	5.78	4.98	5.44	4768
26.03.2020 00:00	5.44	5.62	5.24	5.5200000000000005	3414
27.03.2020 00:00	5.66	6.28	5.28	5.5	5982
30.03.2020 00:00	5.4	5.58	5.4	5.5600000000000005	986
31.03.2020 00:00	5.5600000000000005	5.82	5.5600000000000005	5.62	713
01.04.2020 00:00	5.5	5.5600000000000005	5.36	5.5	1194
02.04.2020 00:00	5.5600000000000005	5.62	5.48	5.5600000000000005	777
03.04.2020 00:00	5.44	5.62	5.44	5.5600000000000005	1786
06.04.2020 00:00	5.66	5.66	5.5600000000000005	5.6000000000000005	1028
07.04.2020 00:00	5.62	5.78	5.5200000000000005	5.66	2242
08.04.2020 00:00	5.74	5.9	5.62	5.74	2640
09.04.2020 00:00	5.82	5.86	5.66	5.82	2443
10.04.2020 00:00	5.86	5.94	5.82	5.9	1447
13.04.2020 00:00	5.9	5.9	5.66	5.86	1490
14.04.2020 00:00	5.86	5.94	5.82	5.86	1086
15.04.2020 00:00	5.98	5.98	5.66	5.74	814
16.04.2020 00:00	5.78	5.82	5.66	5.78	534
17.04.2020 00:00	5.78	6.12	5.78	5.98	3568
20.04.2020 00:00	5.98	6.24	5.94	6.2	3037
21.04.2020 00:00	6.2	6.2	5.9	6.0600000000000005	1979
22.04.2020 00:00	5.98	6.24	5.98	6.16	2344
23.04.2020 00:00	6.2	6.2	6.0600000000000005	6.0600000000000005	1080
24.04.2020 00:00	6.0200000000000005	6.16	5.98	6.04	1173
27.04.2020 00:00	6.16	6.16	6.04	6.0600000000000005	733
28.04.2020 00:00	6.1000000000000005	6.1000000000000005	5.9	5.9	3789
29.04.2020 00:00	5.92	6.0600000000000005	5.82	5.9	2663
30.04.2020 00:00	5.9	5.98	5.82	5.9	956
04.05.2020 00:00	5.86	5.94	5.82	5.86	906
05.05.2020 00:00	5.86	5.98	5.86	5.98	401
06.05.2020 00:00	5.98	6.04	5.82	5.94	2058
07.05.2020 00:00	5.98	5.98	5.86	5.98	317
08.05.2020 00:00	5.9	5.98	5.82	5.9	493
12.05.2020 00:00	5.98	6.0600000000000005	5.86	5.98	552
13.05.2020 00:00	5.98	6.0	5.86	5.9	188
14.05.2020 00:00	5.92	5.98	5.86	5.86	373
15.05.2020 00:00	5.98	5.98	5.78	5.78	1935
18.05.2020 00:00	5.82	5.86	5.66	5.74	2776
19.05.2020 00:00	5.78	5.78	5.74	5.74	508
20.05.2020 00:00	5.74	5.78	5.7	5.78	789
21.05.2020 00:00	5.74	5.78	5.74	5.78	539
22.05.2020 00:00	5.74	5.78	5.74	5.78	415
25.05.2020 00:00	5.78	5.9	5.78	5.86	1187
26.05.2020 00:00	5.9	5.98	5.78	5.9	2314
27.05.2020 00:00	5.9	5.98	5.82	5.82	757
28.05.2020 00:00	5.86	5.9	5.82	5.82	706
29.05.2020 00:00	5.82	5.86	5.82	5.82	533
01.06.2020 00:00	5.86	5.94	5.86	5.94	1140
02.06.2020 00:00	5.98	5.98	5.86	5.94	362
03.06.2020 00:00	5.98	6.0200000000000005	5.86	5.94	3553
04.06.2020 00:00	5.98	5.98	5.9	5.92	780
05.06.2020 00:00	5.94	5.98	5.74	5.86	2899
08.06.2020 00:00	5.9	5.94	5.82	5.9	1063
09.06.2020 00:00	5.9	5.98	5.82	5.86	921
10.06.2020 00:00	5.9	5.94	5.82	5.92	451
11.06.2020 00:00	5.92	5.92	5.74	5.9	555
15.06.2020 00:00	5.92	5.94	5.82	5.9	481
16.06.2020 00:00	5.82	5.9	5.82	5.9	626
17.06.2020 00:00	5.92	5.94	5.86	5.92	547
18.06.2020 00:00	5.86	5.92	5.86	5.92	238
19.06.2020 00:00	5.94	5.94	5.86	5.92	102
22.06.2020 00:00	5.86	5.9	5.86	5.9	560
23.06.2020 00:00	5.9	5.92	5.86	5.9	132
25.06.2020 00:00	5.86	5.94	5.86	5.86	481
26.06.2020 00:00	5.9	5.9	5.86	5.9	626
29.06.2020 00:00	5.92	5.92	5.86	5.9	625
30.06.2020 00:00	5.86	5.9	5.86	5.9	285
02.07.2020 00:00	5.9	5.92	5.86	5.92	514
03.07.2020 00:00	5.9	5.98	5.9	5.92	1483
06.07.2020 00:00	5.98	6.0200000000000005	5.92	5.98	627
07.07.2020 00:00	5.98	5.98	5.9	5.94	205
08.07.2020 00:00	5.98	5.98	5.86	5.94	442
09.07.2020 00:00	5.92	5.98	5.86	5.98	325
10.07.2020 00:00	5.94	5.98	5.9	5.98	286
13.07.2020 00:00	5.98	5.98	5.9	5.94	309
14.07.2020 00:00	5.98	5.98	5.9	5.92	253
15.07.2020 00:00	5.92	5.94	5.9	5.92	615
16.07.2020 00:00	5.92	5.98	5.9	5.92	572
17.07.2020 00:00	5.98	6.2	5.94	6.0	4027
20.07.2020 00:00	6.2	6.2	6.0	6.0200000000000005	356
21.07.2020 00:00	6.08	6.1000000000000005	6.0200000000000005	6.04	622
22.07.2020 00:00	6.0600000000000005	6.0600000000000005	5.98	6.0600000000000005	293
23.07.2020 00:00	6.08	6.16	6.0200000000000005	6.0200000000000005	430
24.07.2020 00:00	6.1000000000000005	6.12	5.98	5.98	469
27.07.2020 00:00	5.98	6.16	5.98	6.08	1573
28.07.2020 00:00	6.0	6.2	5.98	6.1000000000000005	1198
29.07.2020 00:00	6.12	6.16	6.04	6.0600000000000005	1434
30.07.2020 00:00	6.12	6.12	6.0	6.04	1188
31.07.2020 00:00	6.0200000000000005	6.08	6.0200000000000005	6.08	352
03.08.2020 00:00	6.1000000000000005	6.2	6.0600000000000005	6.2	1385
04.08.2020 00:00	6.2	6.36	6.1000000000000005	6.2	2307
05.08.2020 00:00	6.2	6.28	6.2	6.24	2051
06.08.2020 00:00	6.28	6.28	6.16	6.24	2071
07.08.2020 00:00	6.28	6.4	6.16	6.28	687
10.08.2020 00:00	6.24	6.32	6.16	6.2	544
11.08.2020 00:00	6.28	6.32	6.16	6.28	1499
12.08.2020 00:00	6.2	6.32	6.2	6.28	487
13.08.2020 00:00	6.32	6.32	6.2	6.28	452
14.08.2020 00:00	6.2	6.32	6.16	6.24	987
17.08.2020 00:00	6.28	6.28	6.2	6.24	780
18.08.2020 00:00	6.28	6.28	6.16	6.2	534
19.08.2020 00:00	6.2	6.24	6.2	6.2	443
20.08.2020 00:00	6.2	6.2	6.12	6.2	481
21.08.2020 00:00	6.2	6.2	6.08	6.1000000000000005	683
24.08.2020 00:00	6.1000000000000005	6.12	6.08	6.1000000000000005	253
25.08.2020 00:00	6.12	6.16	6.0200000000000005	6.08	1151
26.08.2020 00:00	6.12	6.2	6.08	6.2	943
27.08.2020 00:00	6.2	6.4	6.16	6.32	2777
28.08.2020 00:00	6.2	6.48	6.2	6.32	1716
31.08.2020 00:00	6.28	6.4	6.2	6.36	1211
01.09.2020 00:00	6.32	6.48	6.2	6.28	1090
02.09.2020 00:00	6.2	6.32	6.2	6.24	615
03.09.2020 00:00	6.5600000000000005	7.44	6.5600000000000005	6.86	33735
04.09.2020 00:00	6.94	7.08	6.62	6.74	12244
07.09.2020 00:00	6.78	8.08	6.78	7.44	25478
08.09.2020 00:00	7.44	7.640000000000001	7.08	7.24	8108
09.09.2020 00:00	7.24	7.66	7.04	7.4	4284
10.09.2020 00:00	7.640000000000001	7.640000000000001	7.44	7.5	3254
11.09.2020 00:00	7.5600000000000005	7.62	7.48	7.5600000000000005	1664
14.09.2020 00:00	7.640000000000001	7.640000000000001	7.2	7.58	3375
15.09.2020 00:00	7.6000000000000005	7.9	7.44	7.78	7139
16.09.2020 00:00	7.78	8.26	7.78	8.14	11624
17.09.2020 00:00	8.16	8.4	7.82	8.1	8728
18.09.2020 00:00	8.24	8.24	7.94	8.08	2051
21.09.2020 00:00	8.22	8.48	7.86	7.9	4420
22.09.2020 00:00	7.9	8.14	7.86	8.06	3049
23.09.2020 00:00	8.06	8.06	7.9	8.0	3829
24.09.2020 00:00	7.98	8.02	7.86	7.98	1810
25.09.2020 00:00	8.06	8.06	7.78	7.82	3452
28.09.2020 00:00	7.92	7.98	7.9	7.98	1966
29.09.2020 00:00	7.98	8.02	7.94	7.98	2323
30.09.2020 00:00	7.98	8.02	7.94	8.0	2322
01.10.2020 00:00	8.0	8.02	7.82	7.86	5813
02.10.2020 00:00	7.86	8.16	7.78	7.94	9037
05.10.2020 00:00	7.94	7.98	5.86	7.98	4177
06.10.2020 00:00	7.98	10.56	7.9	8.16	21223
07.10.2020 00:00	8.1	8.26	7.9	7.9	8776
08.10.2020 00:00	7.86	7.86	6.7	7.0	31166
09.10.2020 00:00	6.98	7.04	6.82	6.98	2467
12.10.2020 00:00	6.98	7.08	6.98	6.98	2233
13.10.2020 00:00	6.98	7.04	6.98	7.0200000000000005	1673
14.10.2020 00:00	6.98	7.04	6.78	6.82	3743
15.10.2020 00:00	6.82	6.94	6.78	6.92	1494
16.10.2020 00:00	6.98	6.98	6.82	6.9	837
19.10.2020 00:00	6.9	6.92	6.7	6.78	1717
20.10.2020 00:00	6.78	6.86	6.78	6.86	496
21.10.2020 00:00	6.94	6.98	6.86	6.98	989
22.10.2020 00:00	6.94	6.98	6.9	6.94	387
23.10.2020 00:00	6.82	6.98	6.82	6.98	758
26.10.2020 00:00	6.98	7.04	6.9	6.92	1148
27.10.2020 00:00	7.0	7.0	6.9	6.9	489
28.10.2020 00:00	6.9	6.9	6.74	6.78	1338
29.10.2020 00:00	6.82	6.86	6.74	6.78	591
30.10.2020 00:00	6.74	6.9	6.74	6.82	629
02.11.2020 00:00	6.86	6.86	6.78	6.86	420
03.11.2020 00:00	6.78	6.94	6.78	6.9	920
05.11.2020 00:00	6.94	7.0	6.86	6.98	530
06.11.2020 00:00	6.98	6.98	6.86	6.98	587
09.11.2020 00:00	6.94	7.0200000000000005	6.92	7.0	1208
10.11.2020 00:00	7.04	7.04	6.98	6.98	983
11.11.2020 00:00	7.04	7.04	6.98	6.98	767
12.11.2020 00:00	7.0	7.0	6.92	6.94	1104
13.11.2020 00:00	6.92	6.94	6.82	6.9	1824
16.11.2020 00:00	6.92	7.0200000000000005	6.82	6.98	2185
17.11.2020 00:00	6.98	6.98	6.9	6.92	633
18.11.2020 00:00	6.92	6.98	6.9	6.9	910
19.11.2020 00:00	6.98	6.98	6.9	6.94	353
20.11.2020 00:00	6.9	6.94	6.9	6.92	702
23.11.2020 00:00	6.94	6.98	6.92	6.98	3934
24.11.2020 00:00	6.92	6.98	6.92	6.94	738
25.11.2020 00:00	7.0	7.0	6.9	6.94	1423
26.11.2020 00:00	6.94	6.94	6.9	6.94	491
27.11.2020 00:00	6.9	6.98	6.9	6.94	400
30.11.2020 00:00	6.98	7.0200000000000005	6.94	7.0200000000000005	481
01.12.2020 00:00	7.0200000000000005	7.04	6.98	7.0200000000000005	659
02.12.2020 00:00	7.0	7.1000000000000005	6.98	7.08	1289
03.12.2020 00:00	7.1000000000000005	8.18	7.08	7.74	19588
04.12.2020 00:00	7.74	8.08	7.44	7.74	6513
07.12.2020 00:00	7.9	7.9	7.44	7.44	3119
08.12.2020 00:00	7.48	7.5600000000000005	7.24	7.44	3657
09.12.2020 00:00	7.48	7.5	7.16	7.2	4354
10.12.2020 00:00	7.2	7.32	7.2	7.24	592
11.12.2020 00:00	7.28	7.32	7.2	7.2	461
14.12.2020 00:00	7.28	7.36	7.2	7.28	1031
15.12.2020 00:00	7.32	7.36	7.2	7.28	1034
16.12.2020 00:00	7.24	7.32	7.24	7.28	514
17.12.2020 00:00	7.28	7.4	7.24	7.36	3455
18.12.2020 00:00	7.32	7.4	7.28	7.36	364
21.12.2020 00:00	7.32	7.36	7.28	7.28	738
22.12.2020 00:00	7.28	7.32	7.24	7.28	667
23.12.2020 00:00	7.32	7.32	7.24	7.28	355
24.12.2020 00:00	7.28	7.44	7.24	7.28	831
25.12.2020 00:00	7.32	7.44	7.28	7.4	319
28.12.2020 00:00	7.32	7.5	7.32	7.44	834
29.12.2020 00:00	7.5200000000000005	7.86	7.44	7.78	1843
30.12.2020 00:00	7.66	7.78	7.5600000000000005	7.74	873
04.01.2021 00:00	7.78	7.82	7.58	7.78	1757
05.01.2021 00:00	7.62	7.86	7.62	7.82	825
06.01.2021 00:00	7.86	7.98	7.78	7.98	1832
08.01.2021 00:00	7.86	8.3	7.82	7.86	4304
11.01.2021 00:00	7.98	8.08	7.9	7.94	1782
12.01.2021 00:00	7.98	7.98	7.86	7.98	2007
13.01.2021 00:00	7.9	8.0	7.9	7.98	1409
14.01.2021 00:00	7.98	8.0	7.9	8.0	1666
15.01.2021 00:00	8.0	8.1	7.98	8.06	1991
18.01.2021 00:00	8.06	9.48	7.92	8.4	17779
19.01.2021 00:00	8.5	8.74	8.14	8.3	4969
20.01.2021 00:00	8.26	8.52	8.26	8.4	2143
21.01.2021 00:00	8.4	8.58	8.3	8.34	1938
22.01.2021 00:00	8.32	8.38	8.06	8.18	2338
25.01.2021 00:00	8.1	8.3	8.1	8.24	932
26.01.2021 00:00	8.14	8.38	8.06	8.24	997
27.01.2021 00:00	8.26	8.4	8.06	8.18	1680
28.01.2021 00:00	8.06	8.18	7.78	8.14	1154
29.01.2021 00:00	8.14	8.14	7.9	8.02	1654
01.02.2021 00:00	8.02	8.22	7.9	8.1	1006
02.02.2021 00:00	8.14	8.32	8.14	8.18	798
03.02.2021 00:00	8.32	8.66	8.1	8.26	4298
04.02.2021 00:00	8.3	8.34	8.14	8.24	894
05.02.2021 00:00	8.34	8.34	8.22	8.3	997
08.02.2021 00:00	8.22	8.74	8.18	8.42	9804
09.02.2021 00:00	8.5	8.56	8.24	8.38	2658
10.02.2021 00:00	8.42	8.42	8.32	8.34	1021
11.02.2021 00:00	8.46	8.48	8.32	8.38	773
12.02.2021 00:00	8.42	8.46	8.24	8.32	1859
15.02.2021 00:00	8.48	8.48	8.26	8.32	799
16.02.2021 00:00	8.4	8.4	8.26	8.32	1474
17.02.2021 00:00	8.38	8.4	8.3	8.32	872
18.02.2021 00:00	8.24	8.58	8.24	8.26	1268
19.02.2021 00:00	8.32	8.34	8.24	8.32	1172
20.02.2021 00:00	8.34	8.48	8.32	8.4	633
22.02.2021 00:00	8.46	8.56	8.32	8.38	820
24.02.2021 00:00	8.4	8.4	8.3	8.32	1430
25.02.2021 00:00	8.38	8.38	8.26	8.32	1014
26.02.2021 00:00	8.34	8.48	8.18	8.26	2455
01.03.2021 00:00	8.22	8.4	8.22	8.26	1103
02.03.2021 00:00	8.34	8.34	8.08	8.18	1765
03.03.2021 00:00	8.24	8.3	8.18	8.18	1591
04.03.2021 00:00	8.22	8.24	8.0	8.14	2567
05.03.2021 00:00	8.14	8.18	7.9	7.98	2998
09.03.2021 00:00	7.94	8.06	7.78	7.98	1128
10.03.2021 00:00	7.98	8.02	7.94	7.98	747
11.03.2021 00:00	8.0	8.02	7.94	7.98	1410
12.03.2021 00:00	7.98	7.98	7.78	7.94	1835
15.03.2021 00:00	7.9	7.98	7.78	7.78	2995
16.03.2021 00:00	7.78	8.14	7.78	7.92	2273
17.03.2021 00:00	7.94	8.08	7.78	7.9	2098
18.03.2021 00:00	7.9	7.94	7.78	7.78	1626
19.03.2021 00:00	7.82	7.98	7.78	7.82	1174
22.03.2021 00:00	7.78	7.9	7.78	7.82	918
23.03.2021 00:00	7.86	7.86	7.78	7.82	1412
24.03.2021 00:00	7.78	7.82	7.7	7.74	2068
25.03.2021 00:00	7.78	7.9	7.78	7.78	687
26.03.2021 00:00	7.74	7.9	7.74	7.78	2501
29.03.2021 00:00	7.78	7.82	7.7	7.74	986
30.03.2021 00:00	7.74	7.78	7.7	7.7	1302
31.03.2021 00:00	7.74	7.78	7.7	7.7	747
01.04.2021 00:00	7.74	7.82	7.7	7.78	334
02.04.2021 00:00	7.74	7.92	7.74	7.9	702
05.04.2021 00:00	7.94	7.98	7.78	7.82	948
06.04.2021 00:00	7.86	7.86	7.74	7.82	530
07.04.2021 00:00	7.78	7.86	7.7	7.78	625
08.04.2021 00:00	7.78	7.9	7.74	7.86	634
09.04.2021 00:00	7.86	7.86	7.78	7.78	417
12.04.2021 00:00	7.78	7.94	7.78	7.86	2097
13.04.2021 00:00	7.94	7.94	7.78	7.82	414
14.04.2021 00:00	7.86	7.98	7.74	7.78	491
15.04.2021 00:00	7.78	7.98	7.78	7.86	598
16.04.2021 00:00	7.98	7.98	7.82	7.94	1021
19.04.2021 00:00	7.9	7.98	7.86	7.92	4798
20.04.2021 00:00	7.98	8.0	7.86	8.0	1464
21.04.2021 00:00	8.06	8.1	7.92	7.98	637
22.04.2021 00:00	8.06	8.06	7.9	7.92	1100
23.04.2021 00:00	7.9	8.02	7.9	7.92	593
26.04.2021 00:00	7.98	8.58	7.92	8.22	6722
27.04.2021 00:00	8.02	8.34	8.02	8.1	1659
28.04.2021 00:00	8.18	8.18	8.02	8.06	436
29.04.2021 00:00	8.0	8.34	7.98	8.0	1192
30.04.2021 00:00	7.98	8.16	7.98	8.0	551
04.05.2021 00:00	8.0	8.16	7.94	8.08	695
05.05.2021 00:00	8.08	8.18	8.06	8.1	445
06.05.2021 00:00	8.16	8.16	7.98	8.0	642
07.05.2021 00:00	7.98	8.16	7.98	8.08	471
10.05.2021 00:00	8.18	8.18	7.98	8.06	561
11.05.2021 00:00	7.98	8.06	7.9	8.0	415
12.05.2021 00:00	7.94	8.1	7.94	8.08	382
13.05.2021 00:00	8.06	8.06	8.0	8.06	148
14.05.2021 00:00	8.0	8.08	7.98	8.06	422
17.05.2021 00:00	8.06	8.06	7.94	8.0	917
18.05.2021 00:00	8.0	8.06	7.94	8.02	309
19.05.2021 00:00	8.02	8.06	7.98	7.98	264
20.05.2021 00:00	8.02	8.02	7.98	7.98	275
21.05.2021 00:00	7.98	8.0	7.9	7.92	564
24.05.2021 00:00	7.94	8.14	7.86	8.0	637
25.05.2021 00:00	8.02	8.1	7.9	8.08	1463
26.05.2021 00:00	7.98	8.1	7.98	8.0	588
27.05.2021 00:00	8.0	8.08	7.9	7.98	803
28.05.2021 00:00	7.98	7.98	7.86	7.9	1885
31.05.2021 00:00	7.94	7.98	7.9	7.9	475
01.06.2021 00:00	7.98	8.24	7.9	8.18	2285
02.06.2021 00:00	8.02	8.26	8.02	8.22	300
03.06.2021 00:00	8.06	8.32	8.06	8.14	797
04.06.2021 00:00	8.14	8.26	8.14	8.24	667
07.06.2021 00:00	8.24	8.74	8.24	8.4	2928
08.06.2021 00:00	8.4	8.68	8.1	8.38	3801
09.06.2021 00:00	8.4	8.56	8.06	8.3	2115
10.06.2021 00:00	8.22	8.38	8.1	8.18	1678
11.06.2021 00:00	8.22	8.3	8.14	8.3	410
14.06.2021 00:00	8.16	8.38	8.16	8.34	1028
15.06.2021 00:00	8.38	8.4	8.3	8.34	841
16.06.2021 00:00	8.26	8.4	8.26	8.38	696
17.06.2021 00:00	8.3	8.4	8.3	8.38	1123
18.06.2021 00:00	8.32	8.32	8.26	8.26	358
21.06.2021 00:00	8.32	8.32	8.18	8.24	720
22.06.2021 00:00	8.32	8.34	8.26	8.32	1755
23.06.2021 00:00	8.3	8.48	8.24	8.32	1220
24.06.2021 00:00	8.3	8.32	7.9	8.14	2437
25.06.2021 00:00	8.14	8.3	8.06	8.26	703
28.06.2021 00:00	8.32	8.32	8.08	8.16	722
29.06.2021 00:00	8.18	8.3	8.06	8.14	415
30.06.2021 00:00	8.14	8.18	8.06	8.1	1755
01.07.2021 00:00	8.18	8.18	8.06	8.14	899
02.07.2021 00:00	8.18	8.22	8.08	8.14	734
05.07.2021 00:00	8.1	8.26	8.1	8.18	812
06.07.2021 00:00	8.18	8.22	8.08	8.14	633
07.07.2021 00:00	8.18	8.24	8.08	8.08	1883
08.07.2021 00:00	7.78	7.98	7.7	7.9	2175
09.07.2021 00:00	7.78	7.94	7.78	7.86	577
12.07.2021 00:00	7.9	8.18	7.86	8.1	908
13.07.2021 00:00	7.98	8.08	7.82	7.98	614
14.07.2021 00:00	7.86	8.02	7.86	7.94	275
15.07.2021 00:00	7.98	7.98	7.9	7.98	284
16.07.2021 00:00	7.98	7.98	7.78	7.98	530
19.07.2021 00:00	7.98	7.98	7.82	7.86	521
20.07.2021 00:00	7.98	7.98	7.78	7.92	602
21.07.2021 00:00	7.92	8.0	7.9	8.0	376
22.07.2021 00:00	8.02	8.02	7.86	7.94	343
23.07.2021 00:00	7.98	8.0	7.9	7.98	363
26.07.2021 00:00	8.0	8.0	7.86	7.98	202
27.07.2021 00:00	7.98	8.0	7.82	7.9	991
28.07.2021 00:00	7.92	8.18	7.82	8.18	1210
29.07.2021 00:00	8.18	8.18	8.06	8.06	534
30.07.2021 00:00	8.22	8.22	7.98	8.06	424
02.08.2021 00:00	7.98	8.08	7.98	8.06	310
03.08.2021 00:00	8.14	8.18	7.98	8.06	621
04.08.2021 00:00	8.06	8.18	7.98	8.08	490
05.08.2021 00:00	8.0	8.14	8.0	8.1	1354
06.08.2021 00:00	8.1	8.1	8.0	8.06	384
09.08.2021 00:00	8.08	8.08	8.0	8.06	545
10.08.2021 00:00	8.08	8.14	8.02	8.1	228
11.08.2021 00:00	8.1	8.18	8.02	8.08	441
12.08.2021 00:00	8.1	8.24	8.02	8.08	527
13.08.2021 00:00	8.06	8.22	8.06	8.1	1373
16.08.2021 00:00	8.08	8.14	7.98	8.06	1382
17.08.2021 00:00	8.06	8.08	7.98	8.02	961
18.08.2021 00:00	8.0	8.02	7.98	7.98	267
19.08.2021 00:00	7.98	8.06	7.94	7.98	428
20.08.2021 00:00	8.02	8.02	7.94	7.98	328
23.08.2021 00:00	7.94	8.02	7.94	8.0	667
24.08.2021 00:00	8.06	8.06	7.9	8.0	575
25.08.2021 00:00	7.98	8.14	7.98	8.06	608
26.08.2021 00:00	8.06	8.14	7.98	8.02	273
27.08.2021 00:00	8.06	8.14	8.0	8.14	491
30.08.2021 00:00	8.14	8.18	8.1	8.16	1331
31.08.2021 00:00	8.24	8.26	8.14	8.18	1287
01.09.2021 00:00	8.08	8.3	8.08	8.24	1709
02.09.2021 00:00	8.46	10.08	8.24	8.84	15652
03.09.2021 00:00	8.88	9.16	8.32	8.64	3713
06.09.2021 00:00	8.58	9.06	8.48	8.52	2681
07.09.2021 00:00	8.58	8.82	8.46	8.74	1870
08.09.2021 00:00	8.8	9.76	8.74	9.48	13927
09.09.2021 00:00	9.48	9.96	9.32	9.46	5283
10.09.2021 00:00	9.38	9.98	9.18	9.8	4308
13.09.2021 00:00	9.8	13.18	9.58	13.02	58322
14.09.2021 00:00	13.22	13.58	10.68	11.46	31242
15.09.2021 00:00	11.48	12.22	11.3	11.68	11427
16.09.2021 00:00	11.8	12.3	11.48	11.64	2300
17.09.2021 00:00	11.64	11.88	10.72	11.18	4408
20.09.2021 00:00	11.66	11.72	10.8	11.02	2673
21.09.2021 00:00	11.18	11.3	10.8	11.0	963
22.09.2021 00:00	11.06	12.06	10.96	11.42	3122
23.09.2021 00:00	11.42	11.8	11.16	11.32	1247
24.09.2021 00:00	11.3	12.48	11.0	11.68	4736
27.09.2021 00:00	11.84	11.98	11.48	11.58	2251
28.09.2021 00:00	11.58	12.48	11.48	11.82	7347
29.09.2021 00:00	11.56	14.46	11.56	13.98	22316
30.09.2021 00:00	13.98	13.98	12.46	13.22	6949
01.10.2021 00:00	12.92	13.42	12.5	12.96	2486
04.10.2021 00:00	12.96	14.24	12.96	13.98	3800
05.10.2021 00:00	13.98	14.96	13.8	14.26	4653
06.10.2021 00:00	14.46	14.64	13.22	13.58	4971
07.10.2021 00:00	13.76	14.3	12.98	13.66	2917
08.10.2021 00:00	13.9	14.4	13.6	13.72	1284
11.10.2021 00:00	13.8	14.1	11.6	13.24	7990
12.10.2021 00:00	13.66	13.66	13.0	13.08	1800
13.10.2021 00:00	13.02	13.4	12.6	12.72	2309
14.10.2021 00:00	13.14	13.14	12.08	12.4	3430
15.10.2021 00:00	12.4	12.58	12.18	12.56	558
18.10.2021 00:00	12.56	12.56	11.98	12.18	1390
19.10.2021 00:00	12.22	12.22	11.6	11.84	2752
20.10.2021 00:00	11.84	12.16	11.4	11.42	2535
21.10.2021 00:00	11.4	11.64	11.0	11.08	1896
22.10.2021 00:00	11.3	14.18	11.16	11.6	22493
25.10.2021 00:00	12.14	12.8	11.56	12.06	3004
26.10.2021 00:00	12.14	12.74	12.0	12.18	1990
27.10.2021 00:00	12.48	12.48	11.58	12.02	2025
28.10.2021 00:00	11.98	12.06	11.18	11.46	2513
29.10.2021 00:00	11.68	11.76	11.4	11.58	627
01.11.2021 00:00	11.58	12.48	11.24	11.82	4243
02.11.2021 00:00	11.98	12.02	11.4	11.64	2439
03.11.2021 00:00	11.68	11.68	11.32	11.56	751
05.11.2021 00:00	11.34	11.6	11.26	11.34	548
08.11.2021 00:00	11.4	11.9	11.4	11.48	823
09.11.2021 00:00	11.48	11.98	11.4	11.72	1698
10.11.2021 00:00	11.68	11.68	11.34	11.56	869
11.11.2021 00:00	11.56	11.56	11.4	11.46	391
12.11.2021 00:00	11.46	11.56	11.26	11.52	460
15.11.2021 00:00	11.52	11.58	11.22	11.32	963
16.11.2021 00:00	11.48	11.52	11.24	11.26	969
17.11.2021 00:00	11.26	11.48	11.02	11.3	652
18.11.2021 00:00	11.32	11.34	10.9	10.98	1553
19.11.2021 00:00	10.9	11.08	9.9	10.56	2039
22.11.2021 00:00	10.58	10.68	10.06	10.1	1375
23.11.2021 00:00	10.08	10.56	9.92	10.4	731
24.11.2021 00:00	10.48	10.48	9.98	10.16	1419
25.11.2021 00:00	10.06	10.48	10.06	10.34	314
26.11.2021 00:00	10.48	10.68	9.98	10.0	985
29.11.2021 00:00	10.24	10.24	9.82	10.06	499
30.11.2021 00:00	10.06	10.06	9.48	9.56	1313
01.12.2021 00:00	9.42	9.74	9.3	9.64	514
02.12.2021 00:00	9.64	10.56	9.56	9.88	1669
03.12.2021 00:00	9.92	9.98	9.58	9.64	469
06.12.2021 00:00	9.64	9.72	9.48	9.58	422
07.12.2021 00:00	9.48	9.98	9.48	9.92	917
08.12.2021 00:00	9.6	10.34	9.58	9.88	391
09.12.2021 00:00	9.58	10.06	9.58	9.68	644
10.12.2021 00:00	9.84	9.84	9.46	9.48	456
13.12.2021 00:00	9.42	10.02	9.08	9.22	684
14.12.2021 00:00	8.98	10.64	8.8	9.24	2708
15.12.2021 00:00	9.5	9.5	9.1	9.18	330
16.12.2021 00:00	9.34	9.9	9.24	9.5	365
17.12.2021 00:00	9.4	9.68	9.24	9.5	243
20.12.2021 00:00	9.38	9.68	9.1	9.5	496
21.12.2021 00:00	9.56	9.98	9.48	9.5	748
22.12.2021 00:00	9.64	9.68	9.4	9.64	357
23.12.2021 00:00	9.72	9.9	9.42	9.58	573
24.12.2021 00:00	9.8	9.98	9.4	9.48	747
27.12.2021 00:00	9.4	9.84	9.32	9.48	791
28.12.2021 00:00	9.5	9.64	9.34	9.4	809
29.12.2021 00:00	9.56	9.56	9.32	9.4	181
30.12.2021 00:00	9.9	9.9	9.4	9.5	377
03.01.2022 00:00	9.5	9.74	9.5	9.66	311
04.01.2022 00:00	9.96	9.98	9.58	9.74	996
05.01.2022 00:00	9.66	9.84	9.6	9.64	557
06.01.2022 00:00	9.6	9.66	9.48	9.56	329
10.01.2022 00:00	9.64	9.98	9.48	9.76	1309
11.01.2022 00:00	9.72	10.46	9.72	9.98	2755
12.01.2022 00:00	10.34	11.98	9.68	11.58	10888
13.01.2022 00:00	11.68	11.8	10.64	10.84	5682
14.01.2022 00:00	10.98	10.98	10.02	10.4	2627
17.01.2022 00:00	10.3	10.56	9.98	10.06	1061
18.01.2022 00:00	10.06	10.08	9.58	9.74	1062
19.01.2022 00:00	9.64	10.18	9.32	9.96	1000
20.01.2022 00:00	10.08	10.08	9.6	9.9	406
21.01.2022 00:00	9.88	9.92	9.6	9.82	403
24.01.2022 00:00	9.76	9.88	9.06	9.06	1020
25.01.2022 00:00	9.1	9.16	8.9	9.06	667
26.01.2022 00:00	9.1	9.4	9.06	9.4	612
27.01.2022 00:00	9.42	9.84	9.24	9.4	416
28.01.2022 00:00	9.3	9.68	9.3	9.48	352
31.01.2022 00:00	9.74	10.14	9.5	9.9	681
01.02.2022 00:00	10.06	10.06	9.6	9.76	399
02.02.2022 00:00	9.96	9.96	9.64	9.66	138
03.02.2022 00:00	9.48	9.76	9.48	9.56	270
04.02.2022 00:00	9.52	10.38	9.5	9.58	606
07.02.2022 00:00	9.6	9.74	9.4	9.52	348
08.02.2022 00:00	9.48	9.72	9.32	9.66	561
09.02.2022 00:00	9.46	9.72	9.46	9.66	494
10.02.2022 00:00	9.66	9.76	9.58	9.64	228
11.02.2022 00:00	9.4	10.3	9.4	9.88	1641
14.02.2022 00:00	10.74	10.74	9.58	9.64	3147
15.02.2022 00:00	9.64	10.32	9.64	10.24	2023
16.02.2022 00:00	10.24	10.3	9.82	10.14	353
17.02.2022 00:00	10.06	10.14	9.88	9.98	361
18.02.2022 00:00	10.06	10.48	9.74	9.74	1289
21.02.2022 00:00	9.9	10.0	8.8	8.88	1284
22.02.2022 00:00	8.8	9.24	7.92	9.18	2593
24.02.2022 00:00	8.18	8.18	6.08	7.2	1890
25.02.2022 00:00	7.9	8.98	6.98	8.68	2367
28.03.2022 00:00	9.58	9.58	7.48	8.14	1019
29.03.2022 00:00	8.18	9.5	8.0	8.48	3090
30.03.2022 00:00	8.96	9.08	8.48	8.74	1092
31.03.2022 00:00	9.08	9.3	8.64	9.3	1615
01.04.2022 00:00	9.32	9.72	9.02	9.1	1856
04.04.2022 00:00	9.24	9.48	9.0	9.32	544
05.04.2022 00:00	9.9	9.92	9.1	9.14	466
06.04.2022 00:00	9.14	9.32	9.1	9.32	268
07.04.2022 00:00	9.32	9.48	9.18	9.4	656
08.04.2022 00:00	9.24	9.8	9.14	9.18	297
11.04.2022 00:00	9.24	9.68	9.18	9.4	1492
12.04.2022 00:00	9.66	9.76	9.18	9.4	476
13.04.2022 00:00	9.56	9.56	9.18	9.3	307
14.04.2022 00:00	9.32	11.48	9.06	9.32	9563
15.04.2022 00:00	9.24	9.48	9.14	9.14	2350
18.04.2022 00:00	9.16	9.4	8.98	9.14	2006
19.04.2022 00:00	9.1	9.16	8.98	9.08	710
20.04.2022 00:00	9.08	9.18	8.76	9.08	913
21.04.2022 00:00	9.1	9.1	8.96	9.08	410
22.04.2022 00:00	9.08	9.08	8.9	9.06	369
25.04.2022 00:00	8.96	9.06	8.48	8.72	620
26.04.2022 00:00	8.76	8.98	8.6	8.84	479
27.04.2022 00:00	8.8	9.06	8.8	8.98	309
28.04.2022 00:00	8.84	9.16	8.82	8.9	350
29.04.2022 00:00	8.9	9.08	8.82	9.06	342
04.05.2022 00:00	9.06	9.06	8.8	8.9	468
05.05.2022 00:00	8.88	8.96	8.74	8.9	327
06.05.2022 00:00	8.9	9.18	8.66	8.88	295
11.05.2022 00:00	8.82	8.98	8.48	8.68	798
12.05.2022 00:00	8.64	9.3	8.42	8.8	2192
13.05.2022 00:00	8.96	9.08	8.6	8.82	475
16.05.2022 00:00	8.9	9.18	8.82	9.14	579
17.05.2022 00:00	9.1	9.32	9.0	9.08	313
18.05.2022 00:00	9.08	9.22	8.82	8.88	682
19.05.2022 00:00	8.9	8.98	8.64	8.74	829
20.05.2022 00:00	8.74	8.74	8.58	8.58	614
23.05.2022 00:00	8.68	8.76	8.48	8.52	558
24.05.2022 00:00	8.56	8.64	8.46	8.64	185
25.05.2022 00:00	8.64	8.82	8.56	8.72	262
26.05.2022 00:00	8.8	8.82	8.5	8.64	617
27.05.2022 00:00	8.64	8.66	8.48	8.6	252
30.05.2022 00:00	8.6	8.72	8.6	8.68	141
31.05.2022 00:00	8.74	8.74	8.56	8.56	179
01.06.2022 00:00	8.64	8.72	8.48	8.64	252
02.06.2022 00:00	8.64	8.68	8.38	8.6	293
03.06.2022 00:00	8.6	8.68	8.48	8.56	364
06.06.2022 00:00	8.56	9.06	8.56	8.64	695
07.06.2022 00:00	8.82	8.88	8.52	8.64	308
08.06.2022 00:00	8.6	8.64	8.48	8.5	524
09.06.2022 00:00	8.64	8.64	8.5	8.56	119
10.06.2022 00:00	8.58	8.58	8.48	8.58	208
14.06.2022 00:00	8.5	8.96	8.48	8.92	1292
15.06.2022 00:00	8.56	8.9	8.5	8.76	666
16.06.2022 00:00	8.84	8.98	8.8	8.88	531
17.06.2022 00:00	8.9	9.0	8.76	8.88	90
20.06.2022 00:00	8.84	8.98	8.8	8.96	202
21.06.2022 00:00	8.96	9.02	8.88	8.9	413
22.06.2022 00:00	8.9	8.9	8.68	8.76	329
23.06.2022 00:00	8.82	8.98	8.72	8.76	627
24.06.2022 00:00	8.76	8.84	8.72	8.82	107
27.06.2022 00:00	8.82	9.08	8.56	8.74	1069
28.06.2022 00:00	8.68	8.82	8.56	8.66	285
29.06.2022 00:00	8.74	8.82	8.66	8.76	252
30.06.2022 00:00	8.76	8.76	8.08	8.56	1578
01.07.2022 00:00	8.48	8.8	8.32	8.56	815
04.07.2022 00:00	8.58	8.6	8.4	8.48	287
05.07.2022 00:00	8.56	8.56	8.48	8.48	126
06.07.2022 00:00	8.48	8.58	8.48	8.52	281
07.07.2022 00:00	8.56	8.68	8.48	8.5	366
08.07.2022 00:00	8.4	8.48	8.4	8.4	339
11.07.2022 00:00	8.46	8.48	8.38	8.46	762
12.07.2022 00:00	8.48	8.56	8.08	8.14	619
13.07.2022 00:00	8.14	8.22	8.06	8.1	175
14.07.2022 00:00	8.08	8.1	8.0	8.02	319
15.07.2022 00:00	8.0	8.08	7.74	8.06	774
18.07.2022 00:00	8.06	8.06	8.0	8.06	307
19.07.2022 00:00	8.06	8.06	7.94	7.94	177
20.07.2022 00:00	7.98	8.0	7.92	7.94	217
21.07.2022 00:00	7.92	7.92	7.82	7.9	157
22.07.2022 00:00	7.9	7.94	7.86	7.86	244
25.07.2022 00:00	7.9	7.9	7.66	7.86	402
26.07.2022 00:00	7.86	7.86	7.78	7.82	537
27.07.2022 00:00	7.86	7.9	7.78	7.82	510
28.07.2022 00:00	7.82	7.82	7.78	7.82	182
29.07.2022 00:00	7.86	7.86	7.6000000000000005	7.78	663
01.08.2022 00:00	7.9	8.3	7.78	7.94	3358
02.08.2022 00:00	7.98	7.98	7.86	7.9	211
03.08.2022 00:00	7.9	8.16	7.86	8.0	695
04.08.2022 00:00	8.06	8.06	7.86	7.94	178
05.08.2022 00:00	7.94	7.98	7.78	7.86	413
08.08.2022 00:00	7.9	8.0	7.86	7.9	624
09.08.2022 00:00	7.82	7.98	7.82	7.9	698
10.08.2022 00:00	7.92	7.98	7.7	7.9	320
11.08.2022 00:00	7.9	7.98	7.78	7.9	370
12.08.2022 00:00	7.92	8.1	7.9	7.98	393
15.08.2022 00:00	8.06	8.08	7.94	8.08	159
16.08.2022 00:00	8.24	8.24	8.0	8.06	230
17.08.2022 00:00	8.14	8.24	8.08	8.24	283
18.08.2022 00:00	8.14	8.48	8.06	8.42	1097
19.08.2022 00:00	8.34	8.64	8.1	8.18	770
22.08.2022 00:00	8.5	8.74	8.3	8.52	1565
23.08.2022 00:00	8.56	8.98	8.34	8.68	1517
24.08.2022 00:00	8.72	8.98	8.68	8.82	937
25.08.2022 00:00	8.74	8.9	8.14	8.64	1385
26.08.2022 00:00	8.68	8.68	8.56	8.64	350
29.08.2022 00:00	8.52	9.06	8.52	8.8	1745
30.08.2022 00:00	8.82	9.06	8.5	8.64	871
31.08.2022 00:00	8.58	8.82	8.46	8.6	1055
01.09.2022 00:00	8.72	8.8	8.5	8.56	419
02.09.2022 00:00	8.58	8.74	8.56	8.64	560
05.09.2022 00:00	8.6	8.72	8.4	8.6	2089
06.09.2022 00:00	8.56	8.66	8.48	8.48	550
07.09.2022 00:00	8.56	8.68	8.46	8.56	659
08.09.2022 00:00	8.56	8.82	8.24	8.5	916
09.09.2022 00:00	8.52	8.6	8.4	8.48	350
12.09.2022 00:00	8.56	8.58	8.46	8.5	559
13.09.2022 00:00	8.56	8.76	8.32	8.52	708
14.09.2022 00:00	8.58	8.58	8.34	8.48	247
15.09.2022 00:00	8.52	8.56	8.26	8.34	432
16.09.2022 00:00	8.38	8.68	8.3	8.64	608
19.09.2022 00:00	8.46	8.64	8.46	8.5	427
20.09.2022 00:00	8.56	8.56	8.0	8.06	1521
21.09.2022 00:00	8.06	8.32	7.24	7.98	1361
22.09.2022 00:00	7.86	8.18	7.66	8.06	753
23.09.2022 00:00	7.86	7.92	7.16	7.6000000000000005	1452
26.09.2022 00:00	7.74	7.78	6.82	7.1000000000000005	2024
27.09.2022 00:00	7.5	7.5	6.7	7.0600000000000005	536
28.09.2022 00:00	7.0	7.08	6.9	7.0200000000000005	488
29.09.2022 00:00	7.04	7.04	6.74	6.82	297
30.09.2022 00:00	6.82	7.0	6.5600000000000005	6.86	716
03.10.2022 00:00	6.9	7.32	6.9	7.24	250
04.10.2022 00:00	7.28	7.36	7.1000000000000005	7.140000000000001	135
05.10.2022 00:00	7.28	7.32	7.0200000000000005	7.2	151
06.10.2022 00:00	7.2	7.48	7.2	7.4	376
07.10.2022 00:00	7.4	7.44	7.2	7.28	177
10.10.2022 00:00	7.12	7.28	7.12	7.2	132
11.10.2022 00:00	7.44	7.58	7.32	7.36	136
12.10.2022 00:00	7.36	7.5600000000000005	7.32	7.48	82
13.10.2022 00:00	7.5200000000000005	7.5600000000000005	7.44	7.5600000000000005	76
14.10.2022 00:00	7.5600000000000005	7.7	7.5	7.6000000000000005	175
17.10.2022 00:00	7.66	7.98	7.58	7.62	428
18.10.2022 00:00	7.82	7.86	7.48	7.7	367
19.10.2022 00:00	7.62	7.640000000000001	7.48	7.5200000000000005	152
20.10.2022 00:00	7.7	7.7	7.6000000000000005	7.62	56
21.10.2022 00:00	7.7	7.78	7.7	7.74	67
24.10.2022 00:00	7.7	7.82	7.5	7.6000000000000005	424
25.10.2022 00:00	7.7	7.74	7.5600000000000005	7.7	408
26.10.2022 00:00	7.7	7.7	7.5600000000000005	7.7	176
27.10.2022 00:00	7.7	7.82	7.66	7.7	302
28.10.2022 00:00	7.78	7.78	7.5600000000000005	7.78	263
31.10.2022 00:00	7.7	7.78	7.5600000000000005	7.74	175
01.11.2022 00:00	7.78	7.82	7.7	7.7	174
02.11.2022 00:00	7.78	7.9	7.640000000000001	7.74	242
03.11.2022 00:00	7.74	8.48	7.74	8.3	4825
07.11.2022 00:00	8.24	8.58	8.06	8.18	1209
08.11.2022 00:00	8.18	8.3	7.48	7.92	1989
09.11.2022 00:00	7.9	7.92	7.78	7.86	674
10.11.2022 00:00	7.78	8.18	7.7	8.0	599
11.11.2022 00:00	8.08	8.48	7.94	8.48	864
14.11.2022 00:00	8.24	8.56	7.98	8.24	2278
15.11.2022 00:00	8.24	9.08	8.1	8.34	4472
16.11.2022 00:00	8.32	8.64	7.98	8.24	1207
17.11.2022 00:00	8.18	8.52	8.02	8.06	656
18.11.2022 00:00	8.08	8.24	8.08	8.18	138
21.11.2022 00:00	8.3	8.3	7.98	8.1	526
22.11.2022 00:00	8.14	8.18	8.08	8.14	140
23.11.2022 00:00	8.14	8.42	7.94	8.16	1327
24.11.2022 00:00	8.32	8.34	8.14	8.3	179
25.11.2022 00:00	8.22	8.46	8.14	8.3	305
28.11.2022 00:00	8.22	8.34	8.14	8.3	268
29.11.2022 00:00	8.32	8.32	8.18	8.3	394
30.11.2022 00:00	8.38	8.98	8.24	8.5	2061
01.12.2022 00:00	8.66	8.74	8.18	8.56	1029
02.12.2022 00:00	8.4	8.96	8.4	8.48	1080
05.12.2022 00:00	8.5	8.74	8.3	8.4	450
06.12.2022 00:00	8.42	8.52	8.26	8.3	901
07.12.2022 00:00	8.32	8.76	8.32	8.64	567
08.12.2022 00:00	8.52	8.74	8.4	8.5	310
09.12.2022 00:00	8.48	8.56	8.4	8.52	160
12.12.2022 00:00	8.48	8.48	8.32	8.38	336
13.12.2022 00:00	8.38	8.38	8.32	8.34	396
14.12.2022 00:00	8.34	8.74	8.32	8.42	392
15.12.2022 00:00	8.64	8.84	8.4	8.56	888
16.12.2022 00:00	8.56	8.64	8.48	8.64	97
19.12.2022 00:00	8.48	8.56	8.46	8.56	223
20.12.2022 00:00	8.42	8.6	8.4	8.58	539
21.12.2022 00:00	8.48	8.74	8.4	8.56	525
22.12.2022 00:00	8.58	8.96	8.48	8.6	1325
23.12.2022 00:00	8.56	8.88	8.52	8.68	392
26.12.2022 00:00	8.64	8.8	8.5	8.74	395
27.12.2022 00:00	8.52	9.3	8.52	8.82	3837
28.12.2022 00:00	8.74	9.68	8.56	8.88	10223
29.12.2022 00:00	8.98	9.34	8.74	8.9	1520
30.12.2022 00:00	9.06	9.18	8.84	9.1	1285
03.01.2023 00:00	9.18	9.24	8.98	9.24	354
04.01.2023 00:00	9.3	9.56	9.06	9.16	765
05.01.2023 00:00	9.14	9.3	9.06	9.22	485
06.01.2023 00:00	9.24	9.82	9.14	9.46	2605
09.01.2023 00:00	9.48	10.24	9.32	9.88	3391
10.01.2023 00:00	9.98	10.4	9.5	9.8	4228
11.01.2023 00:00	9.8	10.18	9.58	9.98	2346
12.01.2023 00:00	10.18	10.18	9.8	9.82	1090
13.01.2023 00:00	9.88	9.9	9.64	9.76	1074
16.01.2023 00:00	9.66	9.82	9.46	9.68	1387
17.01.2023 00:00	9.66	9.68	9.42	9.42	761
18.01.2023 00:00	9.5	9.76	9.46	9.6	1276
19.01.2023 00:00	9.48	9.72	9.46	9.56	281
20.01.2023 00:00	9.5	9.92	9.5	9.5	498
23.01.2023 00:00	9.56	9.74	9.5	9.58	208
24.01.2023 00:00	9.64	10.08	9.56	9.88	2294
25.01.2023 00:00	9.76	10.08	9.56	9.92	2533
26.01.2023 00:00	10.06	10.24	9.68	9.84	929
27.01.2023 00:00	9.9	10.08	9.74	10.02	1061
30.01.2023 00:00	9.82	10.3	9.82	10.22	2300
31.01.2023 00:00	10.14	10.22	9.92	10.14	483
01.02.2023 00:00	10.02	10.14	10.0	10.08	582
02.02.2023 00:00	10.14	10.14	9.52	9.98	2224
03.02.2023 00:00	9.96	10.18	9.68	9.92	1051
06.02.2023 00:00	9.9	10.06	9.72	9.98	813
07.02.2023 00:00	9.98	10.3	9.82	10.24	1190
08.02.2023 00:00	10.4	13.48	9.98	11.48	34246
09.02.2023 00:00	11.64	13.08	10.72	12.08	19630
10.02.2023 00:00	12.08	12.34	11.56	11.6	2055
13.02.2023 00:00	11.64	11.98	11.22	11.48	1466
14.02.2023 00:00	11.5	12.5	11.48	11.72	4170
15.02.2023 00:00	11.72	11.84	10.56	10.72	3269
16.02.2023 00:00	10.84	11.16	10.74	10.98	1589
17.02.2023 00:00	11.06	11.32	10.64	10.72	1263
20.02.2023 00:00	10.68	10.74	10.08	10.58	2315
21.02.2023 00:00	10.4	11.4	10.4	11.14	1642
22.02.2023 00:00	11.14	11.46	11.0	11.22	714
24.02.2023 00:00	11.38	11.38	10.98	11.18	379
27.02.2023 00:00	11.16	11.18	10.82	11.1	563
28.02.2023 00:00	11.1	11.22	11.06	11.16	841
01.03.2023 00:00	11.22	12.18	11.14	11.42	3191
02.03.2023 00:00	11.64	12.06	11.32	11.46	1797
03.03.2023 00:00	11.48	12.08	11.26	11.48	3911
06.03.2023 00:00	11.48	12.18	11.48	11.84	2656
07.03.2023 00:00	11.98	11.98	11.52	11.8	1210
09.03.2023 00:00	11.84	11.98	11.6	11.96	1168
10.03.2023 00:00	11.96	12.48	11.58	12.0	2619
13.03.2023 00:00	11.98	12.08	11.8	11.96	1371
14.03.2023 00:00	11.9	12.58	11.8	12.18	3223
15.03.2023 00:00	12.4	12.46	11.8	12.06	1830
16.03.2023 00:00	11.96	12.06	11.56	11.76	1330
17.03.2023 00:00	11.84	11.98	11.68	11.88	855
20.03.2023 00:00	11.92	11.98	11.72	11.92	947
21.03.2023 00:00	11.9	11.98	11.82	11.92	613
22.03.2023 00:00	11.98	12.96	11.96	12.46	8753
23.03.2023 00:00	12.88	14.34	12.56	14.34	19229
24.03.2023 00:00	14.48	18.98	14.34	16.86	53362
27.03.2023 00:00	18.56	19.98	17.42	19.48	39324
28.03.2023 00:00	18.34	19.84	18.0	18.1	15055
29.03.2023 00:00	18.14	19.18	17.38	18.6	8764
30.03.2023 00:00	18.8	18.98	18.32	18.78	3291
31.03.2023 00:00	18.78	19.48	18.38	18.66	4812
03.04.2023 00:00	18.68	20.98	18.68	19.62	17534
04.04.2023 00:00	20.18	22.28	19.7	21.36	16790
05.04.2023 00:00	21.32	21.34	20.12	20.78	5969
06.04.2023 00:00	20.92	20.98	20.3	20.38	2215
07.04.2023 00:00	20.56	20.84	20.3	20.54	1993
10.04.2023 00:00	20.68	20.76	20.12	20.38	3228
11.04.2023 00:00	20.38	20.6	17.02	20.38	4656
12.04.2023 00:00	20.34	20.34	18.36	19.6	9823
13.04.2023 00:00	20.12	20.18	19.48	19.78	1473
14.04.2023 00:00	19.98	20.76	19.84	20.1	7782
17.04.2023 00:00	20.62	20.62	18.82	20.14	6601
18.04.2023 00:00	20.32	23.38	20.14	22.18	18782
19.04.2023 00:00	21.7	22.64	21.62	22.1	5793
20.04.2023 00:00	22.18	22.18	21.3	21.82	2116
21.04.2023 00:00	21.94	22.98	21.0	21.82	2565
24.04.2023 00:00	21.82	22.72	21.78	22.12	2694
25.04.2023 00:00	22.22	22.66	21.94	22.3	2867
26.04.2023 00:00	22.16	22.76	21.88	21.98	3815
27.04.2023 00:00	22.1	22.44	21.86	21.86	1444
28.04.2023 00:00	22.1	22.48	21.78	22.18	4297
02.05.2023 00:00	22.42	22.42	20.1	21.46	2833
03.05.2023 00:00	21.14	21.78	20.14	20.42	2402
04.05.2023 00:00	20.3	20.82	19.5	20.04	2016
05.05.2023 00:00	19.98	22.18	19.98	20.3	5019
08.05.2023 00:00	20.54	20.76	20.14	20.66	425
10.05.2023 00:00	21.1	21.1	20.48	20.84	1234
11.05.2023 00:00	21.1	21.48	20.7	20.94	1841
12.05.2023 00:00	21.3	21.3	20.54	21.02	1395
15.05.2023 00:00	21.04	24.060000000000002	20.76	21.64	9725
16.05.2023 00:00	21.98	22.54	21.64	22.06	4181
17.05.2023 00:00	22.22	22.46	21.88	22.26	1005
18.05.2023 00:00	22.26	22.54	21.88	22.04	1471
19.05.2023 00:00	22.46	22.46	21.8	22.14	844
22.05.2023 00:00	22.16	22.22	20.66	21.54	2963
23.05.2023 00:00	21.34	22.96	21.18	21.8	3391
24.05.2023 00:00	22.18	22.98	21.5	21.92	1543
25.05.2023 00:00	21.96	22.98	21.96	22.16	1943
26.05.2023 00:00	22.28	22.34	22.0	22.16	801
29.05.2023 00:00	22.42	22.42	21.62	21.92	2757
30.05.2023 00:00	21.92	21.92	21.32	21.54	1758
31.05.2023 00:00	21.48	21.6	20.98	21.42	1357
01.06.2023 00:00	21.54	21.54	20.98	21.12	1127
02.06.2023 00:00	21.2	21.44	20.92	21.06	1138
05.06.2023 00:00	21.14	21.18	20.22	20.76	2322
06.06.2023 00:00	20.48	21.16	20.02	20.48	1717
07.06.2023 00:00	20.62	21.88	20.5	21.12	1492
08.06.2023 00:00	21.54	22.72	21.12	21.98	6094
09.06.2023 00:00	22.3	23.48	21.48	22.62	6307
13.06.2023 00:00	22.66	23.12	21.86	22.54	1768
14.06.2023 00:00	22.66	22.98	22.54	22.82	1918
15.06.2023 00:00	23.02	26.46	22.86	23.98	13817
16.06.2023 00:00	23.98	25.02	23.48	24.38	3118
19.06.2023 00:00	24.38	24.48	23.98	24.3	1204
20.06.2023 00:00	24.42	25.6	24.1	24.98	2413
21.06.2023 00:00	25.34	25.96	24.92	25.88	2889
22.06.2023 00:00	25.88	27.26	25.04	26.68	5812
23.06.2023 00:00	26.68	26.68	25.72	26.3	1303
26.06.2023 00:00	25.48	26.44	24.98	25.68	3864
27.06.2023 00:00	26.16	26.6	25.62	26.32	1334
28.06.2023 00:00	26.38	26.98	26.12	26.84	1147
29.06.2023 00:00	26.46	26.7	26.02	26.66	1072
30.06.2023 00:00	26.84	26.98	26.68	26.98	1332
03.07.2023 00:00	26.26	26.32	25.0	25.42	7568
04.07.2023 00:00	25.8	25.86	23.46	24.8	3930
05.07.2023 00:00	24.82	25.84	24.82	25.26	2167
06.07.2023 00:00	25.26	25.48	23.98	24.82	1700
07.07.2023 00:00	24.98	25.34	24.52	25.34	935
10.07.2023 00:00	25.3	26.0	24.76	24.98	1275
11.07.2023 00:00	25.22	25.22	24.84	25.1	735
12.07.2023 00:00	25.0	25.18	24.8	25.14	1334
13.07.2023 00:00	25.14	25.18	24.88	24.92	979
14.07.2023 00:00	24.94	25.54	24.94	25.26	1232
17.07.2023 00:00	25.060000000000002	26.98	25.060000000000002	25.52	4091
18.07.2023 00:00	25.96	26.3	25.32	25.560000000000002	2033
19.07.2023 00:00	25.6	26.16	25.5	26.02	1847
20.07.2023 00:00	26.7	26.7	25.64	25.64	1653
21.07.2023 00:00	25.78	26.46	25.64	26.26	2548
24.07.2023 00:00	26.7	27.96	26.14	27.46	3537
25.07.2023 00:00	27.96	36.24	27.76	30.76	54580
26.07.2023 00:00	31.6	31.6	29.26	30.18	8181
27.07.2023 00:00	31.16	31.84	29.8	30.02	4956
28.07.2023 00:00	30.3	31.3	29.48	30.3	4841
31.07.2023 00:00	30.54	31.12	30.48	31.1	2218
01.08.2023 00:00	31.12	34.980000000000004	30.48	32.980000000000004	12570
02.08.2023 00:00	32.980000000000004	34.64	32.1	34.64	4852
03.08.2023 00:00	34.980000000000004	41.980000000000004	34.74	39.88	16840
04.08.2023 00:00	39.980000000000004	46.980000000000004	35.06	40.06	13672
07.08.2023 00:00	41.160000000000004	43.92	40.06	42.38	5505
08.08.2023 00:00	43.980000000000004	43.980000000000004	39.34	41.14	4876
09.08.2023 00:00	42.7	42.7	40.480000000000004	40.84	3118
10.08.2023 00:00	40.88	40.980000000000004	39.1	40.980000000000004	2675
11.08.2023 00:00	41.980000000000004	44.88	40.6	41.92	6872
14.08.2023 00:00	42.34	43.160000000000004	40.480000000000004	40.88	2999
15.08.2023 00:00	41.28	41.28	37.980000000000004	40.480000000000004	3922
16.08.2023 00:00	40.980000000000004	40.980000000000004	35.34	38.78	4492
17.08.2023 00:00	39.160000000000004	41.1	39.14	40.6	4042
18.08.2023 00:00	40.980000000000004	41.300000000000004	39.7	40.1	1363
21.08.2023 00:00	40.1	40.980000000000004	40.1	40.38	1090
22.08.2023 00:00	40.38	40.88	39.74	40.38	2296
23.08.2023 00:00	40.7	40.7	39.7	40.14	1474
24.08.2023 00:00	38.78	40.46	38.62	39.660000000000004	1383
25.08.2023 00:00	39.6	40.28	39.6	40.02	618
28.08.2023 00:00	40.84	40.84	39.6	39.980000000000004	1550
29.08.2023 00:00	40.34	42.7	40.06	41.56	6271
30.08.2023 00:00	42.1	44.02	41.56	42.78	7629
31.08.2023 00:00	43.980000000000004	43.980000000000004	42.34	43.38	2930
01.09.2023 00:00	43.480000000000004	44.78	42.1	42.92	3130
04.09.2023 00:00	42.980000000000004	43.96	42.92	43.14	2573
05.09.2023 00:00	43.64	43.660000000000004	42.88	43.24	4429
06.09.2023 00:00	43.24	44.980000000000004	42.480000000000004	43.28	13429
07.09.2023 00:00	43.28	43.28	41.28	41.6	5146
08.09.2023 00:00	41.7	42.480000000000004	38.980000000000004	40.84	2260
11.09.2023 00:00	41.24	41.480000000000004	39.52	40.78	1485
12.09.2023 00:00	40.980000000000004	42.2	40.7	41.1	1444
13.09.2023 00:00	41.38	41.38	40.2	40.56	921
14.09.2023 00:00	40.64	41.1	25.38	36.88	13767
15.09.2023 00:00	35.64	40.88	35.28	40.06	5922
18.09.2023 00:00	40.88	43.1	38.24	39.52	3487
19.09.2023 00:00	39.980000000000004	39.980000000000004	35.28	38.88	3445
20.09.2023 00:00	37.52	37.84	34.02	37.7	2735
21.09.2023 00:00	37.980000000000004	37.980000000000004	34.980000000000004	35.14	1334
22.09.2023 00:00	35.24	36.42	34.02	36.38	1682
25.09.2023 00:00	36.38	38.28	36.28	37.1	2356
26.09.2023 00:00	37.46	38.980000000000004	37.28	38.78	1292
27.09.2023 00:00	38.980000000000004	39.92	38.14	38.62	1019
28.09.2023 00:00	38.62	39.480000000000004	37.980000000000004	38.38	676
29.09.2023 00:00	38.78	42.980000000000004	38.78	38.88	5738
02.10.2023 00:00	38.46	39.480000000000004	38.2	38.2	1069
03.10.2023 00:00	38.02	38.1	36.7	37.14	1253
04.10.2023 00:00	37.34	37.38	36.480000000000004	36.7	1039
05.10.2023 00:00	36.7	36.980000000000004	35.980000000000004	36.660000000000004	813
06.10.2023 00:00	36.84	36.88	35.7	36.02	945
09.10.2023 00:00	35.74	36.62	35.74	36.42	873
10.10.2023 00:00	36.42	36.56	35.52	36.06	1351
11.10.2023 00:00	36.28	36.28	35.52	35.92	709
12.10.2023 00:00	35.56	36.160000000000004	34.160000000000004	35.34	1730
13.10.2023 00:00	35.480000000000004	37.980000000000004	34.980000000000004	36.1	4545
16.10.2023 00:00	37.52	38.980000000000004	36.1	37.92	4343
17.10.2023 00:00	38.480000000000004	38.980000000000004	37.92	38.92	1526
18.10.2023 00:00	38.92	39.96	38.92	39.2	1470
19.10.2023 00:00	39.2	39.800000000000004	38.06	38.56	1049
20.10.2023 00:00	38.56	39.88	38.24	39.1	1337
23.10.2023 00:00	39.88	39.980000000000004	38.52	39.38	2719
24.10.2023 00:00	39.12	40.46	39.12	40.46	2422
25.10.2023 00:00	40.480000000000004	40.660000000000004	38.38	40.38	1533
26.10.2023 00:00	39.980000000000004	40.480000000000004	39.2	39.42	936
27.10.2023 00:00	39.480000000000004	40.2	38.42	39.980000000000004	1100
30.10.2023 00:00	40.2	41.74	39.160000000000004	39.480000000000004	760
31.10.2023 00:00	38.980000000000004	39.42	36.88	38.06	1642
01.11.2023 00:00	38.14	39.7	37.38	39.02	1024
02.11.2023 00:00	38.88	39.78	37.660000000000004	38.56	827
03.11.2023 00:00	38.480000000000004	39.06	38.06	38.38	272
06.11.2023 00:00	38.24	39.46	37.980000000000004	38.7	688
07.11.2023 00:00	38.42	38.78	38.1	38.56	504
08.11.2023 00:00	38.46	38.78	38.28	38.46	409
09.11.2023 00:00	38.46	38.480000000000004	36.88	37.980000000000004	824
10.11.2023 00:00	37.56	38.28	36.1	38.02	1027
13.11.2023 00:00	37.7	39.2	37.02	37.56	1185
14.11.2023 00:00	37.24	37.480000000000004	31.98	34.42	2602
15.11.2023 00:00	34.74	36.88	32.980000000000004	36.34	1553
16.11.2023 00:00	36.38	38.42	36.1	37.1	979
17.11.2023 00:00	37.12	37.980000000000004	33.84	36.28	3046
20.11.2023 00:00	36.38	37.7	35.980000000000004	36.52	881
21.11.2023 00:00	36.480000000000004	36.800000000000004	35.78	36.480000000000004	492
22.11.2023 00:00	36.34	36.480000000000004	35.7	35.980000000000004	503
23.11.2023 00:00	35.84	36.980000000000004	35.7	36.02	473
24.11.2023 00:00	36.34	36.34	34.980000000000004	35.14	489
27.11.2023 00:00	35.12	35.34	32.2	34.88	2447
28.11.2023 00:00	33.12	34.6	33.02	33.62	1888
29.11.2023 00:00	33.660000000000004	33.96	32.78	32.96	1058
30.11.2023 00:00	33.02	33.02	30.8	30.98	2425
01.12.2023 00:00	30.82	31.8	30.62	31.54	1107
04.12.2023 00:00	31.54	31.86	28.46	28.7	4063
05.12.2023 00:00	29.46	29.68	25.98	29.18	4949
06.12.2023 00:00	29.48	29.62	27.5	27.84	597
07.12.2023 00:00	27.38	27.8	25.38	27.72	2317
08.12.2023 00:00	26.5	29.62	26.5	27.46	1480
11.12.2023 00:00	27.72	27.86	26.46	27.22	611
12.12.2023 00:00	26.7	27.86	26.3	26.88	771
13.12.2023 00:00	26.88	27.18	25.64	26.64	1315
14.12.2023 00:00	26.66	27.14	26.1	27.1	812
15.12.2023 00:00	26.98	28.84	23.94	26.8	13471
18.12.2023 00:00	26.8	29.64	26.8	29.060000000000002	2132
19.12.2023 00:00	29.2	33.34	29.18	30.46	3142
20.12.2023 00:00	31.94	32.660000000000004	29.98	30.98	4308
21.12.2023 00:00	30.8	31.28	30.3	30.560000000000002	658
22.12.2023 00:00	30.7	31.66	30.42	31.060000000000002	848
25.12.2023 00:00	31.060000000000002	32.1	29.560000000000002	30.46	1823
26.12.2023 00:00	30.5	30.94	28.44	29.98	1568
27.12.2023 00:00	29.38	30.34	28.98	29.46	1894
28.12.2023 00:00	30.060000000000002	30.060000000000002	29.14	29.28	327
29.12.2023 00:00	29.46	29.86	29.22	29.38	441
03.01.2024 00:00	28.98	30.48	28.1	30.02	602
04.01.2024 00:00	30.04	31.66	30.04	31.34	940
05.01.2024 00:00	31.78	31.8	29.88	31.2	2060
08.01.2024 00:00	31.8	32.64	30.66	31.8	1517
09.01.2024 00:00	31.8	31.92	30.42	31.92	2030
10.01.2024 00:00	32.02	33.7	31.6	32.6	2406
11.01.2024 00:00	32.78	33.88	29.16	32.24	6311
12.01.2024 00:00	32.480000000000004	34.38	31.66	33.02	3242
15.01.2024 00:00	33.02	33.92	32.480000000000004	33.34	1902
16.01.2024 00:00	33.980000000000004	35.24	31.720000000000002	34.1	3985
17.01.2024 00:00	34.92	35.34	34.38	34.88	958
18.01.2024 00:00	35.28	36.1	34.92	35.1	1483
19.01.2024 00:00	35.78	36.06	34.1	35.46	970
22.01.2024 00:00	35.96	36.06	34.980000000000004	35.52	1125
23.01.2024 00:00	35.6	35.78	34.660000000000004	35.12	869
24.01.2024 00:00	35.28	38.480000000000004	35.02	36.56	2564
25.01.2024 00:00	36.300000000000004	37.12	35.2	36.28	1618
26.01.2024 00:00	36.1	36.88	35.7	35.78	560
29.01.2024 00:00	36.24	36.24	34.78	35.28	1748
30.01.2024 00:00	35.78	38.78	35.300000000000004	37.38	3691
31.01.2024 00:00	37.52	38.42	36.88	37.06	741
01.02.2024 00:00	37.74	38.980000000000004	37.1	37.6	1049
02.02.2024 00:00	37.6	37.96	36.7	37.24	634
05.02.2024 00:00	37.24	37.480000000000004	36.980000000000004	37.2	434
06.02.2024 00:00	37.2	37.52	36.84	37.2	308
07.02.2024 00:00	37.38	37.660000000000004	34.78	36.42	2261
08.02.2024 00:00	36.6	37.160000000000004	35.6	35.92	527
09.02.2024 00:00	35.74	36.38	35.24	35.24	279
12.02.2024 00:00	35.24	35.480000000000004	33.980000000000004	34.6	1473
13.02.2024 00:00	34.6	35.980000000000004	34.6	35.46	975
14.02.2024 00:00	35.46	36.2	35.24	35.56	901
15.02.2024 00:00	35.56	36.6	35.46	36.12	626
16.02.2024 00:00	36.34	36.34	34.92	35.300000000000004	1091
19.02.2024 00:00	35.38	37.52	35.38	35.88	958
20.02.2024 00:00	36.06	36.06	34.1	34.78	1118
21.02.2024 00:00	34.7	34.74	31.220000000000002	32.92	3319
22.02.2024 00:00	32.88	35.14	32.88	33.64	1155
26.02.2024 00:00	34.06	35.480000000000004	34.06	34.62	436
27.02.2024 00:00	35.46	35.96	34.28	34.74	459
28.02.2024 00:00	34.1	36.06	34.1	35.38	975
29.02.2024 00:00	35.38	35.38	34.34	35.06	549
01.03.2024 00:00	35.06	35.34	34.78	34.800000000000004	292
04.03.2024 00:00	35.160000000000004	35.160000000000004	34.2	34.62	442
05.03.2024 00:00	34.980000000000004	34.980000000000004	33.14	34.42	488
06.03.2024 00:00	34.46	34.660000000000004	34.24	34.52	189
07.03.2024 00:00	34.52	34.62	34.24	34.38	344
11.03.2024 00:00	34.34	35.96	34.34	34.52	926
12.03.2024 00:00	34.52	35.78	34.52	34.84	1373
13.03.2024 00:00	35.42	35.42	34.74	34.92	390
14.03.2024 00:00	34.96	35.12	33.8	33.84	823
15.03.2024 00:00	33.88	35.28	33.88	35.02	986
18.03.2024 00:00	35.28	35.28	34.2	34.38	474
19.03.2024 00:00	34.6	34.62	34.02	34.02	370
20.03.2024 00:00	33.980000000000004	34.42	33.14	33.88	481
21.03.2024 00:00	33.24	34.34	33.24	34.28	606
22.03.2024 00:00	33.7	34.2	33.2	33.62	1178
25.03.2024 00:00	33.42	33.980000000000004	33.2	33.7	367
26.03.2024 00:00	34.24	34.24	32.480000000000004	33.7	954
27.03.2024 00:00	33.7	33.7	33.1	33.28	218
28.03.2024 00:00	33.14	33.78	33.12	33.24	557
29.03.2024 00:00	32.78	33.46	32.74	33.46	765
01.04.2024 00:00	33.46	34.46	31.3	32.88	5331
02.04.2024 00:00	32.88	32.980000000000004	31.98	32.3	1366
03.04.2024 00:00	32.02	32.88	31.98	32.64	1415
04.04.2024 00:00	32.480000000000004	32.6	32.06	32.480000000000004	488
05.04.2024 00:00	32.34	32.74	32.34	32.38	404
08.04.2024 00:00	32.38	32.52	31.98	32.28	1093
09.04.2024 00:00	32.28	32.7	32.2	32.6	1257
10.04.2024 00:00	32.6	32.6	32.14	32.38	451
11.04.2024 00:00	32.3	32.92	32.1	32.46	1733
12.04.2024 00:00	32.56	32.6	32.12	32.480000000000004	545
15.04.2024 00:00	32.7	32.7	32.160000000000004	32.34	973
16.04.2024 00:00	32.480000000000004	32.56	32.2	32.38	977
17.04.2024 00:00	32.42	32.78	32.1	32.56	687
18.04.2024 00:00	32.74	33.6	32.56	33.28	1654
19.04.2024 00:00	33.56	33.56	32.84	32.84	463
22.04.2024 00:00	32.78	32.8	32.24	32.38	461
23.04.2024 00:00	32.74	32.74	31.98	32.2	614
24.04.2024 00:00	32.06	32.38	31.38	31.54	853
25.04.2024 00:00	31.52	31.52	30.560000000000002	30.88	811
26.04.2024 00:00	30.88	32.74	30.8	31.720000000000002	1244
27.04.2024 00:00	31.720000000000002	32.46	31.7	32.2	777
29.04.2024 00:00	32.06	32.56	31.6	32.02	558
30.04.2024 00:00	32.480000000000004	32.480000000000004	32.02	32.46	514
02.05.2024 00:00	32.6	32.92	32.06	32.24	965
03.05.2024 00:00	32.02	32.1	31.32	31.84	475
06.05.2024 00:00	31.34	32.02	30.92	31.38	504
07.05.2024 00:00	31.38	32.52	31.38	31.46	523
08.05.2024 00:00	31.46	31.62	31.46	31.52	204
10.05.2024 00:00	32.24	32.24	31.46	31.5	177
13.05.2024 00:00	31.78	31.98	31.54	31.62	222
14.05.2024 00:00	31.64	31.8	31.48	31.52	227
15.05.2024 00:00	31.64	31.94	29.6	30.7	1211
16.05.2024 00:00	30.62	30.98	30.32	30.78	394
17.05.2024 00:00	30.78	31.84	30.560000000000002	31.0	710
20.05.2024 00:00	30.94	31.0	29.98	30.28	727
21.05.2024 00:00	30.3	30.44	28.92	29.72	1180
22.05.2024 00:00	29.68	30.42	28.92	29.560000000000002	676
23.05.2024 00:00	29.54	29.6	29.1	29.6	256
24.05.2024 00:00	29.36	29.96	29.22	29.44	425
27.05.2024 00:00	29.7	30.14	27.7	27.72	850
28.05.2024 00:00	26.060000000000002	27.98	26.060000000000002	27.52	1620
29.05.2024 00:00	27.88	27.88	26.1	26.96	1194
30.05.2024 00:00	26.86	30.98	26.76	27.86	4398
31.05.2024 00:00	28.0	28.6	26.18	26.3	1797
03.06.2024 00:00	26.48	27.38	24.52	25.34	1043
04.06.2024 00:00	25.92	28.060000000000002	25.48	26.14	1890
05.06.2024 00:00	26.16	28.48	26.16	27.54	1213
06.06.2024 00:00	27.96	28.18	27.18	27.44	632
07.06.2024 00:00	27.82	29.36	27.7	28.68	629
10.06.2024 00:00	29.42	29.44	27.7	28.18	395
11.06.2024 00:00	27.8	27.96	26.94	27.22	500
13.06.2024 00:00	26.68	29.7	25.32	27.8	1308
14.06.2024 00:00	27.48	28.16	27.44	28.1	363
17.06.2024 00:00	28.0	28.0	26.82	27.64	567
18.06.2024 00:00	27.38	27.38	26.54	26.78	170
19.06.2024 00:00	26.78	27.1	24.86	24.96	1180
20.06.2024 00:00	25.2	27.82	24.96	26.14	1149
21.06.2024 00:00	25.36	27.2	25.36	26.04	256
24.06.2024 00:00	26.36	26.98	25.38	25.96	431
25.06.2024 00:00	26.78	26.78	25.72	26.48	182
26.06.2024 00:00	26.48	26.98	25.98	26.48	356
27.06.2024 00:00	26.96	26.96	26.32	26.5	243
28.06.2024 00:00	26.48	26.88	25.96	26.22	487
01.07.2024 00:00	26.14	26.88	25.88	26.02	261
02.07.2024 00:00	26.02	26.38	26.0	26.14	271
03.07.2024 00:00	26.14	26.14	25.48	25.86	321
04.07.2024 00:00	25.88	25.94	25.6	25.6	411
05.07.2024 00:00	25.5	25.98	25.18	25.3	475
08.07.2024 00:00	27.8	30.8	26.8	26.92	11135
09.07.2024 00:00	26.92	28.8	25.1	25.44	4084
10.07.2024 00:00	25.44	25.8	23.18	23.68	4128
11.07.2024 00:00	23.7	25.14	22.14	24.52	1895
12.07.2024 00:00	24.88	25.1	24.3	24.42	424
15.07.2024 00:00	24.5	24.82	23.68	24.14	673
16.07.2024 00:00	23.8	26.68	22.0	25.64	3976
17.07.2024 00:00	25.64	26.36	25.3	25.64	697
18.07.2024 00:00	25.5	28.88	25.32	26.76	2995
19.07.2024 00:00	27.3	28.16	26.76	27.18	2105
22.07.2024 00:00	27.1	30.8	26.86	29.560000000000002	2227
23.07.2024 00:00	29.98	30.48	27.2	28.28	2727
24.07.2024 00:00	28.28	28.28	27.48	27.5	748
25.07.2024 00:00	27.92	27.96	27.28	27.84	665
26.07.2024 00:00	27.88	27.96	27.060000000000002	27.64	389
29.07.2024 00:00	27.92	27.92	26.14	27.12	579
30.07.2024 00:00	27.14	27.14	25.76	26.38	2560
31.07.2024 00:00	26.8	27.3	26.02	26.34	985
01.08.2024 00:00	26.34	26.64	25.98	26.12	733
02.08.2024 00:00	26.14	26.16	25.82	26.04	167
05.08.2024 00:00	25.96	25.98	25.22	25.42	469
06.08.2024 00:00	25.48	27.42	25.48	26.02	554
07.08.2024 00:00	25.88	26.04	24.3	25.3	1822
08.08.2024 00:00	25.5	25.92	24.84	25.34	453
09.08.2024 00:00	25.560000000000002	26.46	25.14	25.7	1128
12.08.2024 00:00	25.46	25.76	25.16	25.68	157
13.08.2024 00:00	25.66	26.36	25.44	26.26	456
14.08.2024 00:00	26.46	26.98	26.28	26.64	505
15.08.2024 00:00	26.44	27.060000000000002	26.42	26.48	154
16.08.2024 00:00	26.54	26.78	26.3	26.48	235
19.08.2024 00:00	26.5	26.72	26.28	26.28	181
20.08.2024 00:00	26.32	26.44	25.98	26.04	108
21.08.2024 00:00	25.96	26.1	24.36	25.34	1368
22.08.2024 00:00	25.46	25.62	24.5	24.8	590
23.08.2024 00:00	24.8	24.94	23.5	23.62	808
26.08.2024 00:00	24.6	24.68	24.26	24.68	227
27.08.2024 00:00	24.68	25.02	23.62	24.0	377
28.08.2024 00:00	24.02	24.060000000000002	22.98	23.46	621
29.08.2024 00:00	23.46	24.04	22.68	22.98	522
30.08.2024 00:00	22.98	23.22	19.96	20.52	2787
02.09.2024 00:00	20.6	21.0	17.86	18.48	3376
03.09.2024 00:00	19.5	19.5	17.42	18.38	2514
04.09.2024 00:00	18.38	19.98	18.18	19.52	1381
05.09.2024 00:00	19.48	22.98	19.1	21.64	5252
06.09.2024 00:00	21.66	21.66	20.14	21.18	1070
09.09.2024 00:00	21.16	22.16	21.04	21.64	999
10.09.2024 00:00	21.76	22.32	21.38	21.84	264
11.09.2024 00:00	21.46	21.8	20.38	21.66	280
12.09.2024 00:00	21.44	22.64	21.02	22.38	460
13.09.2024 00:00	22.3	22.86	21.18	22.5	1089
16.09.2024 00:00	21.86	24.3	21.32	22.96	1444
17.09.2024 00:00	23.76	23.76	22.8	23.2	323
18.09.2024 00:00	23.2	24.28	23.2	23.48	766
19.09.2024 00:00	23.52	24.72	23.52	24.44	798
20.09.2024 00:00	24.68	25.3	24.18	24.88	779
23.09.2024 00:00	25.1	25.14	24.48	24.76	775
24.09.2024 00:00	24.98	26.48	24.52	24.68	1102
25.09.2024 00:00	25.52	25.78	24.14	24.66	773
26.09.2024 00:00	24.76	24.76	23.1	23.48	1085
27.09.2024 00:00	23.8	25.84	23.32	24.64	781
30.09.2024 00:00	24.6	24.94	23.98	23.98	1286
01.10.2024 00:00	23.88	24.26	22.98	23.2	604
02.10.2024 00:00	23.2	23.46	22.1	23.12	518
03.10.2024 00:00	24.060000000000002	24.18	22.76	22.88	169
04.10.2024 00:00	23.04	23.8	22.8	23.04	414
07.10.2024 00:00	23.02	23.6	21.8	22.96	651
08.10.2024 00:00	23.1	23.48	21.92	22.76	630
09.10.2024 00:00	22.96	22.96	21.88	22.16	960
10.10.2024 00:00	22.36	22.98	21.76	22.12	1107
11.10.2024 00:00	22.42	22.42	21.6	22.0	221
14.10.2024 00:00	22.02	22.56	21.64	22.02	631
15.10.2024 00:00	22.48	23.68	22.32	22.98	896
16.10.2024 00:00	23.2	24.48	23.18	23.6	531
17.10.2024 00:00	23.6	23.76	23.18	23.18	324
18.10.2024 00:00	23.2	23.72	22.98	23.32	225
21.10.2024 00:00	23.0	23.22	22.1	22.34	767
22.10.2024 00:00	22.28	22.78	22.04	22.06	239
23.10.2024 00:00	22.0	22.16	21.64	22.0	294
24.10.2024 00:00	21.98	22.1	21.72	21.8	447
25.10.2024 00:00	21.52	21.98	20.3	20.62	1771
28.10.2024 00:00	20.46	20.46	19.34	19.5	806
29.10.2024 00:00	19.36	20.14	19.36	20.14	468
30.10.2024 00:00	20.28	20.94	20.22	20.36	292
31.10.2024 00:00	20.86	20.96	19.7	19.94	891
01.11.2024 00:00	20.1	20.12	19.8	19.88	170
02.11.2024 00:00	20.18	20.18	19.8	19.86	344
05.11.2024 00:00	20.0	20.56	19.94	19.98	300
06.11.2024 00:00	20.46	22.3	19.98	20.64	2217
07.11.2024 00:00	20.14	20.48	19.98	20.42	592
08.11.2024 00:00	20.56	22.1	20.28	21.36	1405
11.11.2024 00:00	21.68	21.94	21.28	21.44	548
12.11.2024 00:00	21.36	21.66	20.86	21.14	428
13.11.2024 00:00	21.34	21.86	20.72	20.8	684
14.11.2024 00:00	20.96	21.04	20.48	20.8	252
15.11.2024 00:00	20.72	20.86	20.6	20.8	58
18.11.2024 00:00	20.78	21.42	20.66	20.72	254
19.11.2024 00:00	20.62	21.88	19.84	20.12	2125
20.11.2024 00:00	20.3	20.88	19.52	19.94	777
21.11.2024 00:00	19.96	19.96	19.18	19.44	531
22.11.2024 00:00	19.72	20.1	19.52	19.64	259
25.11.2024 00:00	19.56	19.78	19.2	19.28	116
26.11.2024 00:00	19.2	19.54	17.42	17.8	1822
27.11.2024 00:00	19.0	19.48	16.48	17.38	2454
28.11.2024 00:00	17.42	18.48	16.88	18.22	1161
29.11.2024 00:00	18.3	19.98	17.88	18.6	955
02.12.2024 00:00	18.48	18.82	18.18	18.48	216
03.12.2024 00:00	18.38	18.64	17.5	18.18	392
04.12.2024 00:00	17.98	18.66	17.88	18.16	455
05.12.2024 00:00	17.98	19.1	17.88	18.26	587
06.12.2024 00:00	18.2	18.56	17.94	17.98	332
09.12.2024 00:00	18.06	18.56	18.06	18.32	210
10.12.2024 00:00	18.2	18.38	18.18	18.32	94
11.12.2024 00:00	18.32	18.48	17.88	18.12	430
12.12.2024 00:00	18.48	18.64	17.96	18.0	134
13.12.2024 00:00	17.96	17.98	17.04	17.46	771
16.12.2024 00:00	17.06	17.06	16.06	16.28	1734
17.12.2024 00:00	16.14	16.52	15.98	16.0	1064
18.12.2024 00:00	15.98	16.78	15.98	16.72	385
19.12.2024 00:00	16.8	17.48	16.8	17.14	836
20.12.2024 00:00	17.14	18.6	17.12	18.3	757
23.12.2024 00:00	18.3	19.18	18.14	18.56	735
24.12.2024 00:00	18.56	18.56	17.86	17.86	209
25.12.2024 00:00	18.12	19.6	17.68	18.94	1249
26.12.2024 00:00	19.38	19.48	18.48	19.1	910
27.12.2024 00:00	19.14	23.06	19.14	21.96	4690
28.12.2024 00:00	21.96	22.82	20.8	20.88	1180
30.12.2024 00:00	21.12	23.1	20.88	22.12	2371
03.01.2025 00:00	21.72	22.6	21.66	22.2	487
06.01.2025 00:00	22.48	23.3	22.1	22.38	1434
08.01.2025 00:00	22.84	24.1	22.54	23.66	1003
09.01.2025 00:00	24.1	24.22	22.82	23.66	1163
10.01.2025 00:00	23.5	25.3	23.1	25.3	825
13.01.2025 00:00	25.3	26.5	24.8	26.14	1269
14.01.2025 00:00	26.38	26.38	25.5	25.8	443
15.01.2025 00:00	26.14	26.26	25.6	25.6	248
16.01.2025 00:00	25.88	27.36	25.78	25.78	763
17.01.2025 00:00	26.48	26.48	24.7	25.46	669
20.01.2025 00:00	25.88	27.6	25.1	25.38	829
21.01.2025 00:00	25.38	25.8	25.3	25.42	333
22.01.2025 00:00	25.76	25.8	25.34	25.5	338
23.01.2025 00:00	25.6	25.7	25.02	25.02	257
24.01.2025 00:00	25.02	25.66	24.44	25.64	1566
27.01.2025 00:00	24.8	25.68	24.38	25.12	561
28.01.2025 00:00	25.1	25.1	24.04	24.3	783
29.01.2025 00:00	24.48	24.86	24.3	24.54	211
30.01.2025 00:00	24.8	24.96	24.52	24.64	233
31.01.2025 00:00	24.94	25.14	24.2	24.560000000000002	424
03.02.2025 00:00	24.64	24.7	24.26	24.26	192
04.02.2025 00:00	24.68	24.68	24.3	24.3	102
05.02.2025 00:00	24.34	24.48	23.32	23.86	485
06.02.2025 00:00	24.3	24.44	23.72	24.32	275
07.02.2025 00:00	24.32	24.38	24.02	24.1	139
10.02.2025 00:00	24.6	24.84	23.62	24.22	431
11.02.2025 00:00	24.44	24.46	23.64	24.3	406
12.02.2025 00:00	24.34	25.22	24.1	24.36	1137
13.02.2025 00:00	25.060000000000002	26.060000000000002	25.04	25.14	1107
14.02.2025 00:00	25.22	26.3	25.1	25.14	1069
17.02.2025 00:00	25.04	26.18	25.04	25.88	839
18.02.2025 00:00	26.16	26.16	25.46	25.46	465
19.02.2025 00:00	25.26	25.6	25.18	25.22	283
20.02.2025 00:00	25.48	27.18	25.48	26.72	1670
21.02.2025 00:00	26.98	28.68	26.98	28.46	2185
24.02.2025 00:00	28.48	29.68	28.46	29.12	2564
25.02.2025 00:00	29.96	30.1	28.88	29.26	1007
26.02.2025 00:00	29.02	29.38	26.98	28.26	1752
27.02.2025 00:00	27.98	28.28	26.68	27.0	981
28.02.2025 00:00	27.48	27.48	25.98	26.46	487
03.03.2025 00:00	27.060000000000002	27.26	25.6	27.04	526
04.03.2025 00:00	27.28	27.86	27.060000000000002	27.3	431
05.03.2025 00:00	27.12	27.78	26.66	26.82	413
06.03.2025 00:00	26.98	29.28	26.6	27.98	1319
07.03.2025 00:00	27.76	28.68	27.76	27.78	699
10.03.2025 00:00	28.34	28.34	26.96	27.66	695
11.03.2025 00:00	27.3	27.52	26.78	27.18	494
12.03.2025 00:00	26.78	27.32	26.44	26.560000000000002	372
13.03.2025 00:00	26.3	26.34	23.48	24.76	4481
14.03.2025 00:00	24.98	28.68	24.98	26.36	7380
17.03.2025 00:00	26.52	27.560000000000002	25.98	26.82	1369
18.03.2025 00:00	27.22	27.98	26.18	26.18	1408
19.03.2025 00:00	26.48	27.12	25.84	26.76	1100
20.03.2025 00:00	27.02	27.88	26.48	26.6	516
21.03.2025 00:00	26.42	27.16	25.88	26.26	607
24.03.2025 00:00	26.3	26.38	25.84	25.84	232
25.03.2025 00:00	26.14	26.16	25.3	25.560000000000002	382
26.03.2025 00:00	26.14	26.14	24.76	24.82	1344
27.03.2025 00:00	24.82	25.8	24.5	24.72	954
28.03.2025 00:00	24.46	24.560000000000002	23.48	24.14	1612
31.03.2025 00:00	23.48	24.48	22.52	23.56	2262
01.04.2025 00:00	24.32	24.86	23.14	23.56	1110
02.04.2025 00:00	23.32	24.16	22.96	23.44	804
03.04.2025 00:00	23.48	23.68	22.0	22.46	751
04.04.2025 00:00	22.48	23.8	20.96	21.38	1366
07.04.2025 00:00	20.96	21.98	18.68	20.5	2225
08.04.2025 00:00	20.98	21.02	20.56	20.8	515
09.04.2025 00:00	20.62	20.64	19.56	19.92	566
10.04.2025 00:00	20.0	22.48	20.0	21.16	630
11.04.2025 00:00	21.6	22.34	21.44	21.96	384
14.04.2025 00:00	21.96	23.32	21.78	22.0	205
15.04.2025 00:00	22.78	22.78	22.14	22.38	324
16.04.2025 00:00	22.16	22.68	21.6	22.44	351
17.04.2025 00:00	22.46	22.84	22.0	22.18	265
18.04.2025 00:00	22.18	22.68	21.3	21.96	181
21.04.2025 00:00	21.96	22.14	21.7	21.96	91
22.04.2025 00:00	22.14	22.48	21.88	22.18	289
23.04.2025 00:00	21.82	22.98	21.48	22.92	549
24.04.2025 00:00	22.98	24.48	22.86	22.98	793
25.04.2025 00:00	23.48	23.64	23.1	23.34	128
28.04.2025 00:00	23.6	23.6	23.04	23.48	236
29.04.2025 00:00	23.38	23.38	22.46	22.64	450
30.04.2025 00:00	22.36	22.64	21.88	22.62	274
02.05.2025 00:00	22.64	22.64	20.94	21.18	473
05.05.2025 00:00	21.5	22.3	20.18	20.6	602
06.05.2025 00:00	20.6	21.04	20.48	20.96	226
07.05.2025 00:00	20.98	21.8	20.8	21.0	331
08.05.2025 00:00	21.46	22.68	21.14	21.66	459
12.05.2025 00:00	21.66	22.62	21.66	21.88	252
13.05.2025 00:00	21.76	22.16	21.68	21.8	154
14.05.2025 00:00	21.8	21.88	21.6	21.86	115
15.05.2025 00:00	21.6	21.88	21.6	21.86	82
16.05.2025 00:00	21.72	21.72	20.8	21.42	150
19.05.2025 00:00	21.64	21.64	20.98	21.18	197
20.05.2025 00:00	21.02	21.1	20.26	20.64	417
21.05.2025 00:00	21.06	21.32	20.5	20.96	268
22.05.2025 00:00	20.68	20.94	20.18	20.64	158
