datetime	open	high	low	close	volume
26.11.2021 00:00	138.8	164.95000000000002	132.95000000000002	138.95000000000002	11170
29.11.2021 00:00	135.8	148.95000000000002	129.95000000000002	136.55	8767
30.11.2021 00:00	136.3	136.3	127.95	129.95000000000002	3067
01.12.2021 00:00	129.95000000000002	138.55	129.95000000000002	138.55	11209
02.12.2021 00:00	138.55	138.55	134.8	137.55	10907
03.12.2021 00:00	137.55	138.05	134.55	135.45000000000002	3287
06.12.2021 00:00	135.45000000000002	135.45000000000002	132.65	134.4	7842
07.12.2021 00:00	133.55	136.70000000000002	133.20000000000002	135.4	19986
08.12.2021 00:00	135.45000000000002	136.3	132.8	135.35	9767
09.12.2021 00:00	135.35	135.55	133.65	134.70000000000002	7670
10.12.2021 00:00	134.8	134.85	133.1	133.20000000000002	9158
13.12.2021 00:00	133.45000000000002	133.8	128.45000000000002	128.45000000000002	12980
14.12.2021 00:00	128.8	129.3	127.7	128.8	23651
15.12.2021 00:00	129.15	129.55	127.85000000000001	129.3	8657
16.12.2021 00:00	128.85	131.35	128.85	131.3	6913
17.12.2021 00:00	131.35	131.45000000000002	130.15	130.65	9878
20.12.2021 00:00	130.65	130.65	119.95	122.9	42104
21.12.2021 00:00	123.15	126.95	123.15	126.0	25380
22.12.2021 00:00	125.95	126.7	124.95	125.60000000000001	23272
23.12.2021 00:00	125.30000000000001	126.85000000000001	124.95	125.45	9639
24.12.2021 00:00	125.45	126.05000000000001	124.65	124.95	4687
27.12.2021 00:00	124.7	128.05	124.65	128.05	12081
28.12.2021 00:00	128.1	129.95000000000002	127.75	127.95	11381
29.12.2021 00:00	127.7	127.95	126.9	127.4	5082
30.12.2021 00:00	127.4	129.1	127.15	129.05	4987
03.01.2022 00:00	129.1	131.35	124.95	130.65	16124
04.01.2022 00:00	130.55	131.70000000000002	130.55	131.20000000000002	5232
05.01.2022 00:00	131.20000000000002	131.35	129.70000000000002	130.15	12824
06.01.2022 00:00	130.15	130.8	129.70000000000002	130.4	15009
10.01.2022 00:00	130.1	130.55	129.55	129.55	5458
11.01.2022 00:00	129.55	130.3	128.70000000000002	129.45000000000002	4310
12.01.2022 00:00	129.3	130.45000000000002	128.65	130.35	3586
13.01.2022 00:00	130.05	130.55	126.60000000000001	126.9	27657
14.01.2022 00:00	126.95	127.45	124.4	124.45	31936
17.01.2022 00:00	124.80000000000001	125.05000000000001	124.35000000000001	124.85000000000001	1313
18.01.2022 00:00	124.5	124.55000000000001	117.55000000000001	118.2	22159
19.01.2022 00:00	118.5	122.65	116.4	120.2	26348
20.01.2022 00:00	120.2	120.95	118.25	118.25	8277
21.01.2022 00:00	113.95	119.75	113.95	117.30000000000001	7474
24.01.2022 00:00	117.25	117.45	111.85000000000001	112.15	36236
25.01.2022 00:00	112.15	112.15	109.35000000000001	110.35000000000001	22956
26.01.2022 00:00	110.4	116.05000000000001	106.2	109.35000000000001	59762
27.01.2022 00:00	109.25	115.25	108.30000000000001	112.35000000000001	21959
28.01.2022 00:00	111.7	114.25	111.4	112.35000000000001	16477
31.01.2022 00:00	112.35000000000001	115.5	112.35000000000001	114.55000000000001	13094
01.02.2022 00:00	114.55000000000001	114.55000000000001	110.60000000000001	111.4	10174
02.02.2022 00:00	111.4	111.95	108.15	109.25	16614
03.02.2022 00:00	109.25	112.4	109.25	109.85000000000001	21947
04.02.2022 00:00	109.85000000000001	111.30000000000001	108.55000000000001	109.60000000000001	21846
07.02.2022 00:00	109.65	110.10000000000001	106.30000000000001	106.45	25838
08.02.2022 00:00	106.55000000000001	109.75	106.45	108.75	23142
09.02.2022 00:00	108.95	115.0	108.95	114.7	34315
10.02.2022 00:00	115.0	117.05000000000001	114.7	115.85000000000001	45202
11.02.2022 00:00	115.85000000000001	115.9	109.9	109.95	40212
14.02.2022 00:00	109.95	114.15	108.10000000000001	112.25	28761
15.02.2022 00:00	112.25	116.75	112.25	116.60000000000001	41345
16.02.2022 00:00	116.5	118.4	115.05000000000001	115.65	29350
17.02.2022 00:00	115.4	115.4	112.10000000000001	112.10000000000001	22902
18.02.2022 00:00	112.10000000000001	112.35000000000001	103.9	105.45	28530
21.02.2022 00:00	107.95	111.0	79.95	82.95	10844
22.02.2022 00:00	86.2	111.95	84.15	107.95	17765
24.02.2022 00:00	107.95	107.95	65.45	80.5	13561
25.02.2022 00:00	89.95	94.95	78.95	78.95	3830
30.03.2022 00:00	87.45	116.95	85.95	93.45	15460
31.03.2022 00:00	97.95	99.75	91.95	97.15	6335
01.04.2022 00:00	99.9	99.9	92.0	94.15	6862
04.04.2022 00:00	92.65	96.0	90.95	91.95	6693
05.04.2022 00:00	92.45	92.45	86.95	89.9	2748
06.04.2022 00:00	90.05000000000001	90.05000000000001	83.95	88.4	792
07.04.2022 00:00	88.4	89.95	82.95	83.55000000000001	2119
08.04.2022 00:00	89.9	90.95	76.95	82.5	8435
11.04.2022 00:00	83.45	84.15	81.30000000000001	82.45	2072
12.04.2022 00:00	82.7	82.7	76.95	80.75	1535
13.04.2022 00:00	79.05000000000001	81.45	73.45	74.95	4061
14.04.2022 00:00	75.2	76.45	68.2	71.4	5740
15.04.2022 00:00	70.95	73.3	66.0	69.65	2707
18.04.2022 00:00	69.9	72.9	65.75	67.8	2649
19.04.2022 00:00	66.95	68.4	64.95	66.0	2657
20.04.2022 00:00	67.45	68.75	64.95	66.05	1964
21.04.2022 00:00	66.95	67.95	66.15	67.5	1125
22.04.2022 00:00	66.95	70.7	64.95	66.95	1417
25.04.2022 00:00	64.9	67.25	60.5	63.7	3030
26.04.2022 00:00	61.800000000000004	67.95	61.800000000000004	63.6	1588
27.04.2022 00:00	65.9	67.25	62.6	63.800000000000004	876
28.04.2022 00:00	65.95	79.95	65.45	67.15	20752
29.04.2022 00:00	69.25	70.95	62.75	63.75	4759
04.05.2022 00:00	66.95	67.45	61.2	64.25	2234
05.05.2022 00:00	63.400000000000006	65.95	62.0	63.050000000000004	1466
06.05.2022 00:00	63.95	63.95	60.800000000000004	60.85	1953
11.05.2022 00:00	58.150000000000006	61.2	57.050000000000004	57.45	2154
12.05.2022 00:00	57.550000000000004	57.7	51.95	53.0	2492
13.05.2022 00:00	48.800000000000004	55.95	48.800000000000004	52.95	533
16.05.2022 00:00	51.5	64.65	51.5	60.150000000000006	7508
17.05.2022 00:00	63.400000000000006	67.95	61.650000000000006	64.65	7424
18.05.2022 00:00	68.65	68.65	64.05	64.45	2522
19.05.2022 00:00	66.9	66.9	61.550000000000004	63.1	1440
20.05.2022 00:00	65.45	65.45	57.050000000000004	59.1	2617
23.05.2022 00:00	61.95	61.95	54.95	56.550000000000004	1347
24.05.2022 00:00	57.45	57.45	53.95	55.45	822
25.05.2022 00:00	52.5	56.900000000000006	50.95	52.7	6762
26.05.2022 00:00	53.650000000000006	55.45	50.35	51.5	4656
27.05.2022 00:00	49.45	53.300000000000004	49.45	52.95	10263
30.05.2022 00:00	47.800000000000004	53.45	47.800000000000004	51.400000000000006	15819
31.05.2022 00:00	51.400000000000006	52.300000000000004	49.300000000000004	50.6	1606
01.06.2022 00:00	47.050000000000004	50.6	47.050000000000004	47.95	6761
02.06.2022 00:00	49.95	49.95	45.800000000000004	46.25	7243
03.06.2022 00:00	42.5	46.95	42.5	46.550000000000004	4004
06.06.2022 00:00	47.0	49.300000000000004	44.800000000000004	44.85	5353
07.06.2022 00:00	48.45	48.95	44.550000000000004	46.45	3250
08.06.2022 00:00	47.050000000000004	47.25	45.45	45.800000000000004	994
09.06.2022 00:00	45.25	45.800000000000004	42.25	44.1	1781
10.06.2022 00:00	42.300000000000004	44.35	42.300000000000004	44.2	713
14.06.2022 00:00	44.75	46.95	41.95	42.35	2290
15.06.2022 00:00	44.25	44.25	41.95	42.7	579
16.06.2022 00:00	43.550000000000004	43.550000000000004	42.1	42.6	1600
17.06.2022 00:00	42.550000000000004	42.550000000000004	41.75	41.75	1036
20.06.2022 00:00	41.45	43.95	41.1	41.300000000000004	3429
21.06.2022 00:00	42.7	42.7	41.1	41.1	1370
22.06.2022 00:00	40.550000000000004	41.0	39.050000000000004	39.1	2578
23.06.2022 00:00	39.2	40.95	38.95	40.050000000000004	1682
24.06.2022 00:00	42.550000000000004	42.6	38.25	38.6	928
27.06.2022 00:00	41.2	41.25	38.7	40.0	1257
28.06.2022 00:00	40.0	42.7	39.7	40.95	2144
29.06.2022 00:00	41.95	45.95	39.7	43.5	7549
30.06.2022 00:00	43.7	46.800000000000004	40.45	42.550000000000004	7167
01.07.2022 00:00	40.5	43.95	40.5	41.6	2267
04.07.2022 00:00	41.050000000000004	42.300000000000004	40.75	41.25	1443
05.07.2022 00:00	41.45	44.300000000000004	40.7	42.0	1607
06.07.2022 00:00	40.85	43.25	40.800000000000004	41.35	1635
07.07.2022 00:00	44.1	44.1	40.0	42.95	1431
08.07.2022 00:00	44.1	44.1	40.95	42.300000000000004	1120
11.07.2022 00:00	42.95	42.95	41.050000000000004	41.050000000000004	1244
12.07.2022 00:00	40.35	41.85	39.95	40.050000000000004	1457
13.07.2022 00:00	40.7	40.7	36.45	38.0	2599
14.07.2022 00:00	38.95	40.95	37.550000000000004	38.45	2325
15.07.2022 00:00	40.95	40.95	37.35	39.25	1587
18.07.2022 00:00	40.7	40.7	38.1	38.7	1119
19.07.2022 00:00	38.550000000000004	39.45	37.45	37.45	1760
20.07.2022 00:00	38.45	52.550000000000004	37.95	41.95	36873
21.07.2022 00:00	43.45	43.7	39.45	40.1	3701
22.07.2022 00:00	40.2	40.7	39.0	39.6	3398
25.07.2022 00:00	40.050000000000004	41.550000000000004	39.1	39.95	4939
26.07.2022 00:00	41.550000000000004	41.550000000000004	39.95	40.75	3335
27.07.2022 00:00	40.800000000000004	41.95	40.050000000000004	41.0	1582
28.07.2022 00:00	42.2	42.2	40.75	41.0	1106
29.07.2022 00:00	41.7	42.45	40.35	41.2	2102
01.08.2022 00:00	41.2	41.550000000000004	40.25	40.85	2998
02.08.2022 00:00	40.7	41.95	40.25	41.5	3642
03.08.2022 00:00	40.550000000000004	42.0	40.45	41.95	5828
04.08.2022 00:00	46.2	48.95	39.45	40.0	46204
05.08.2022 00:00	40.050000000000004	41.95	38.95	39.25	9333
08.08.2022 00:00	41.75	42.7	38.7	39.050000000000004	4051
09.08.2022 00:00	39.2	40.5	38.95	39.6	2667
10.08.2022 00:00	40.45	40.45	39.35	40.2	3406
11.08.2022 00:00	40.6	41.35	39.7	40.45	5413
12.08.2022 00:00	39.85	40.95	39.85	40.2	977
15.08.2022 00:00	40.25	40.95	39.75	40.7	1881
16.08.2022 00:00	40.7	41.95	40.2	41.050000000000004	2817
17.08.2022 00:00	41.7	41.7	40.550000000000004	40.95	1045
18.08.2022 00:00	41.35	41.35	40.6	40.6	1447
19.08.2022 00:00	41.45	41.45	39.7	40.1	1164
22.08.2022 00:00	41.2	41.2	39.95	40.45	661
23.08.2022 00:00	40.95	40.95	39.800000000000004	40.45	1438
24.08.2022 00:00	40.7	40.800000000000004	40.1	40.45	1251
25.08.2022 00:00	40.75	40.95	39.95	40.2	1954
26.08.2022 00:00	40.300000000000004	40.5	39.85	40.25	1347
29.08.2022 00:00	40.550000000000004	40.550000000000004	39.45	39.95	3552
30.08.2022 00:00	40.45	40.45	39.7	40.1	1201
31.08.2022 00:00	40.550000000000004	40.550000000000004	39.95	39.95	2688
01.09.2022 00:00	39.75	40.2	39.7	39.95	5228
02.09.2022 00:00	39.95	40.1	39.7	39.85	2968
05.09.2022 00:00	39.85	40.45	39.5	39.95	9764
06.09.2022 00:00	39.95	40.35	39.7	39.75	5431
07.09.2022 00:00	39.95	40.45	39.6	39.75	6213
08.09.2022 00:00	39.800000000000004	39.95	39.6	39.95	1727
09.09.2022 00:00	39.95	40.2	39.7	39.800000000000004	2992
12.09.2022 00:00	39.800000000000004	40.1	39.7	39.95	8655
13.09.2022 00:00	39.95	42.2	39.7	39.75	12374
14.09.2022 00:00	40.050000000000004	40.050000000000004	39.7	39.95	752
15.09.2022 00:00	39.95	39.95	39.7	39.95	665
16.09.2022 00:00	40.050000000000004	40.95	39.5	39.6	20319
19.09.2022 00:00	39.6	39.7	39.2	39.45	2525
20.09.2022 00:00	39.45	39.6	37.45	37.85	8808
21.09.2022 00:00	36.45	37.45	35.95	36.25	5609
22.09.2022 00:00	36.2	38.050000000000004	36.2	37.0	980
23.09.2022 00:00	36.800000000000004	37.35	29.950000000000003	31.5	28920
26.09.2022 00:00	31.25	31.5	25.150000000000002	27.450000000000003	15391
27.09.2022 00:00	27.450000000000003	29.950000000000003	24.0	25.1	14749
28.09.2022 00:00	25.1	26.35	24.6	25.0	11731
29.09.2022 00:00	24.950000000000003	25.450000000000003	22.75	22.950000000000003	6913
30.09.2022 00:00	24.950000000000003	24.950000000000003	22.5	22.950000000000003	4246
03.10.2022 00:00	22.950000000000003	23.6	22.200000000000003	22.200000000000003	9157
04.10.2022 00:00	22.650000000000002	22.950000000000003	21.75	22.0	8158
05.10.2022 00:00	22.85	22.85	20.35	21.1	6212
06.10.2022 00:00	21.950000000000003	22.85	20.0	20.1	21935
07.10.2022 00:00	20.35	20.650000000000002	18.85	19.0	10687
10.10.2022 00:00	20.85	20.85	17.95	18.650000000000002	4829
11.10.2022 00:00	19.650000000000002	19.650000000000002	17.95	17.95	7500
12.10.2022 00:00	18.85	18.85	17.900000000000002	18.45	12603
13.10.2022 00:00	18.6	23.900000000000002	18.6	20.35	52184
14.10.2022 00:00	20.85	22.1	20.5	21.85	8117
17.10.2022 00:00	21.85	22.400000000000002	21.1	21.75	4357
18.10.2022 00:00	21.85	23.6	21.85	22.85	13333
19.10.2022 00:00	22.900000000000002	22.900000000000002	21.75	21.950000000000003	5503
20.10.2022 00:00	22.950000000000003	22.950000000000003	21.650000000000002	21.950000000000003	3950
21.10.2022 00:00	21.950000000000003	22.950000000000003	21.5	21.650000000000002	2676
24.10.2022 00:00	22.700000000000003	22.700000000000003	21.450000000000003	21.6	2930
25.10.2022 00:00	21.450000000000003	22.150000000000002	20.950000000000003	21.5	2284
26.10.2022 00:00	21.900000000000002	22.400000000000002	21.200000000000003	21.75	2407
27.10.2022 00:00	22.200000000000003	22.35	21.5	21.950000000000003	2314
28.10.2022 00:00	21.950000000000003	22.5	21.85	22.35	2154
31.10.2022 00:00	22.5	22.650000000000002	21.75	22.200000000000003	2665
01.11.2022 00:00	21.85	22.6	21.85	22.5	4418
02.11.2022 00:00	22.6	31.5	22.6	26.650000000000002	238184
03.11.2022 00:00	26.700000000000003	30.8	25.25	27.75	89351
07.11.2022 00:00	27.75	28.55	25.950000000000003	25.950000000000003	14665
08.11.2022 00:00	25.950000000000003	27.5	24.5	26.85	24287
09.11.2022 00:00	26.85	27.35	25.400000000000002	26.05	13374
10.11.2022 00:00	26.450000000000003	26.450000000000003	23.5	25.1	11174
11.11.2022 00:00	25.1	28.35	25.1	26.75	28106
14.11.2022 00:00	26.75	27.950000000000003	25.75	26.700000000000003	5568
15.11.2022 00:00	26.75	28.450000000000003	26.5	27.55	17350
16.11.2022 00:00	26.700000000000003	27.450000000000003	26.1	27.1	4219
17.11.2022 00:00	26.950000000000003	26.950000000000003	26.25	26.5	2049
18.11.2022 00:00	26.5	26.5	24.950000000000003	25.75	6700
21.11.2022 00:00	25.85	25.85	24.950000000000003	25.0	3249
22.11.2022 00:00	25.400000000000002	27.75	25.1	26.55	12604
23.11.2022 00:00	26.55	27.3	25.25	25.6	9714
24.11.2022 00:00	25.6	35.75	25.6	32.7	232222
25.11.2022 00:00	33.75	38.95	32.25	35.800000000000004	473558
28.11.2022 00:00	35.1	35.75	31.150000000000002	31.900000000000002	35951
29.11.2022 00:00	32.050000000000004	33.7	30.400000000000002	33.1	33498
30.11.2022 00:00	33.5	33.6	31.6	31.8	4223
01.12.2022 00:00	31.85	33.1	31.5	32.0	7961
02.12.2022 00:00	31.650000000000002	32.35	30.0	30.150000000000002	5843
05.12.2022 00:00	30.55	32.45	30.55	31.6	8376
06.12.2022 00:00	31.650000000000002	31.950000000000003	30.950000000000003	31.0	2487
07.12.2022 00:00	31.0	31.150000000000002	27.150000000000002	28.3	12063
08.12.2022 00:00	28.3	33.95	28.25	30.200000000000003	57160
09.12.2022 00:00	30.5	32.45	30.200000000000003	30.200000000000003	13980
12.12.2022 00:00	30.950000000000003	31.200000000000003	29.5	30.0	6105
13.12.2022 00:00	30.950000000000003	31.6	30.05	31.25	14085
14.12.2022 00:00	31.25	32.050000000000004	31.150000000000002	31.75	8916
15.12.2022 00:00	31.450000000000003	31.75	30.450000000000003	30.75	3868
16.12.2022 00:00	30.1	33.45	29.950000000000003	30.85	14714
19.12.2022 00:00	30.950000000000003	30.950000000000003	29.950000000000003	30.1	2573
20.12.2022 00:00	29.950000000000003	31.5	29.950000000000003	30.950000000000003	7357
21.12.2022 00:00	31.0	31.0	29.75	30.75	4118
22.12.2022 00:00	30.650000000000002	30.950000000000003	29.950000000000003	30.0	8909
23.12.2022 00:00	30.0	30.75	29.950000000000003	30.35	1713
26.12.2022 00:00	30.150000000000002	30.200000000000003	29.1	30.05	2818
27.12.2022 00:00	30.150000000000002	30.150000000000002	29.55	29.650000000000002	3851
28.12.2022 00:00	29.650000000000002	30.200000000000003	29.150000000000002	29.25	3822
29.12.2022 00:00	29.5	30.25	29.35	29.450000000000003	3102
30.12.2022 00:00	29.25	29.75	27.950000000000003	28.75	3260
03.01.2023 00:00	28.950000000000003	32.25	28.25	30.0	33905
04.01.2023 00:00	30.05	30.650000000000002	29.150000000000002	29.950000000000003	8088
05.01.2023 00:00	29.75	32.45	29.75	30.650000000000002	11592
06.01.2023 00:00	30.950000000000003	31.25	30.200000000000003	30.450000000000003	5516
09.01.2023 00:00	30.35	32.95	30.35	31.450000000000003	18841
10.01.2023 00:00	31.05	31.650000000000002	30.25	30.55	6883
11.01.2023 00:00	30.5	31.25	29.950000000000003	30.75	4723
12.01.2023 00:00	30.1	31.25	30.1	31.200000000000003	2456
13.01.2023 00:00	31.05	31.200000000000003	30.6	31.05	1711
16.01.2023 00:00	31.200000000000003	32.2	30.950000000000003	31.650000000000002	6821
17.01.2023 00:00	31.55	32.2	30.950000000000003	31.0	4566
18.01.2023 00:00	31.1	33.35	31.0	31.950000000000003	18251
19.01.2023 00:00	31.5	32.800000000000004	30.3	31.55	17742
20.01.2023 00:00	31.6	31.6	30.5	30.950000000000003	6648
23.01.2023 00:00	30.950000000000003	31.900000000000002	30.950000000000003	31.400000000000002	2266
24.01.2023 00:00	31.85	33.25	31.0	31.150000000000002	14856
25.01.2023 00:00	31.400000000000002	31.5	30.55	30.950000000000003	2245
26.01.2023 00:00	31.75	31.75	30.950000000000003	31.25	1917
27.01.2023 00:00	31.25	31.25	30.5	30.900000000000002	6112
30.01.2023 00:00	30.85	31.5	30.6	31.200000000000003	6178
31.01.2023 00:00	31.35	31.450000000000003	30.75	30.950000000000003	4758
01.02.2023 00:00	30.950000000000003	31.400000000000002	30.700000000000003	31.200000000000003	9012
02.02.2023 00:00	34.300000000000004	38.45	34.300000000000004	35.25	113041
03.02.2023 00:00	35.25	35.95	32.5	33.45	27050
06.02.2023 00:00	33.6	34.95	32.95	33.95	5306
07.02.2023 00:00	33.45	35.5	32.5	33.85	14444
08.02.2023 00:00	34.25	36.7	33.7	35.2	40886
09.02.2023 00:00	35.95	39.5	35.45	38.300000000000004	145331
10.02.2023 00:00	39.2	41.800000000000004	35.95	39.95	98135
13.02.2023 00:00	40.95	40.95	37.7	40.5	21234
14.02.2023 00:00	40.5	43.45	39.95	41.45	76769
15.02.2023 00:00	41.050000000000004	41.050000000000004	38.2	39.95	27793
16.02.2023 00:00	39.95	41.550000000000004	39.050000000000004	39.7	5788
17.02.2023 00:00	40.45	40.45	39.2	39.2	4647
20.02.2023 00:00	39.7	40.45	38.25	38.85	16745
21.02.2023 00:00	38.85	39.300000000000004	37.7	38.300000000000004	11655
22.02.2023 00:00	38.300000000000004	38.7	37.95	38.1	2451
24.02.2023 00:00	38.6	38.95	37.95	38.300000000000004	1794
27.02.2023 00:00	37.2	38.7	34.45	37.7	17460
28.02.2023 00:00	37.7	38.25	37.45	37.85	4080
01.03.2023 00:00	37.85	39.300000000000004	36.5	38.1	10423
02.03.2023 00:00	38.1	39.95	37.2	38.0	10709
03.03.2023 00:00	38.050000000000004	39.85	37.2	38.5	9951
06.03.2023 00:00	38.5	38.85	37.7	38.75	3052
07.03.2023 00:00	39.2	39.25	38.2	38.550000000000004	3418
09.03.2023 00:00	38.45	39.2	38.25	38.25	2386
10.03.2023 00:00	38.300000000000004	38.75	37.45	37.95	4761
13.03.2023 00:00	37.45	38.7	37.45	37.85	1846
14.03.2023 00:00	38.0	38.25	37.550000000000004	38.1	1273
15.03.2023 00:00	37.75	38.2	37.2	37.7	1346
16.03.2023 00:00	37.7	38.0	37.45	37.7	523
17.03.2023 00:00	38.050000000000004	38.050000000000004	37.45	37.5	918
20.03.2023 00:00	37.550000000000004	37.95	37.0	37.35	11909
21.03.2023 00:00	37.35	38.45	37.1	37.85	5353
22.03.2023 00:00	37.7	37.95	37.35	37.550000000000004	2573
23.03.2023 00:00	37.800000000000004	37.95	37.550000000000004	37.7	1366
24.03.2023 00:00	37.7	41.6	37.7	39.2	51336
27.03.2023 00:00	40.45	40.45	38.45	38.75	4266
28.03.2023 00:00	38.95	41.45	38.6	39.7	19699
29.03.2023 00:00	39.7	39.95	38.2	38.800000000000004	14377
30.03.2023 00:00	38.800000000000004	40.6	38.45	39.0	10432
31.03.2023 00:00	39.050000000000004	40.7	38.95	39.550000000000004	5377
03.04.2023 00:00	40.25	41.45	39.35	40.1	22900
04.04.2023 00:00	40.800000000000004	40.800000000000004	39.85	39.95	11167
05.04.2023 00:00	40.550000000000004	42.95	39.95	41.2	28868
06.04.2023 00:00	41.95	44.050000000000004	41.25	41.550000000000004	22891
07.04.2023 00:00	41.5	41.85	41.1	41.75	5020
10.04.2023 00:00	41.75	44.45	41.75	43.5	11646
11.04.2023 00:00	43.550000000000004	45.95	39.95	41.35	32787
12.04.2023 00:00	41.35	43.95	41.35	42.45	10804
13.04.2023 00:00	42.1	43.2	40.6	41.75	8457
14.04.2023 00:00	41.75	42.6	41.5	42.300000000000004	3449
17.04.2023 00:00	42.95	47.25	42.5	44.95	50675
18.04.2023 00:00	44.95	52.050000000000004	42.2	48.7	93406
19.04.2023 00:00	49.85	59.95	47.85	53.35	173458
20.04.2023 00:00	54.800000000000004	54.85	50.550000000000004	51.2	24857
21.04.2023 00:00	50.75	53.650000000000006	48.300000000000004	52.300000000000004	16254
24.04.2023 00:00	52.300000000000004	58.400000000000006	52.300000000000004	54.550000000000004	45072
25.04.2023 00:00	55.35	55.35	52.0	52.1	10652
26.04.2023 00:00	52.150000000000006	55.650000000000006	52.1	53.25	13643
27.04.2023 00:00	54.300000000000004	54.300000000000004	52.400000000000006	53.45	3701
28.04.2023 00:00	52.7	53.75	52.45	52.7	4115
02.05.2023 00:00	53.35	53.35	50.1	50.75	18657
03.05.2023 00:00	50.75	55.45	49.95	50.95	26021
04.05.2023 00:00	51.45	54.45	51.050000000000004	53.300000000000004	7772
05.05.2023 00:00	53.1	53.150000000000006	51.75	52.0	3948
08.05.2023 00:00	51.95	52.45	50.2	51.2	1919
10.05.2023 00:00	50.300000000000004	52.25	50.300000000000004	51.800000000000004	4978
11.05.2023 00:00	53.95	53.95	51.1	51.550000000000004	4064
12.05.2023 00:00	51.550000000000004	51.900000000000006	50.5	51.1	2033
15.05.2023 00:00	51.1	56.75	50.550000000000004	52.7	26431
16.05.2023 00:00	52.7	54.95	52.35	52.35	8968
17.05.2023 00:00	52.95	53.900000000000006	51.45	53.7	7263
18.05.2023 00:00	53.75	54.25	52.2	52.5	4173
19.05.2023 00:00	52.45	52.95	51.0	52.35	2547
22.05.2023 00:00	52.25	55.45	51.7	53.1	13714
23.05.2023 00:00	53.25	56.95	52.050000000000004	54.650000000000006	11067
24.05.2023 00:00	54.800000000000004	58.45	54.800000000000004	55.95	26102
25.05.2023 00:00	56.85	57.95	52.2	53.5	13027
26.05.2023 00:00	53.5	55.900000000000006	52.0	55.150000000000006	7431
29.05.2023 00:00	55.95	55.95	52.75	52.95	15640
30.05.2023 00:00	52.95	55.35	50.1	50.85	41016
31.05.2023 00:00	50.25	52.45	48.7	51.6	27643
01.06.2023 00:00	51.6	51.95	49.95	50.75	17507
02.06.2023 00:00	50.5	53.7	50.050000000000004	51.45	9906
05.06.2023 00:00	51.900000000000006	51.900000000000006	49.5	50.45	9516
06.06.2023 00:00	50.0	50.0	48.1	49.300000000000004	14183
07.06.2023 00:00	49.25	50.95	49.25	50.45	7022
08.06.2023 00:00	53.95	53.95	50.5	50.550000000000004	5117
09.06.2023 00:00	50.6	50.95	50.45	50.7	1925
13.06.2023 00:00	52.95	52.95	50.85	51.35	5502
14.06.2023 00:00	51.800000000000004	51.800000000000004	50.45	51.0	4512
15.06.2023 00:00	51.45	51.45	50.7	50.7	872
16.06.2023 00:00	50.7	51.35	50.35	50.550000000000004	5052
19.06.2023 00:00	50.550000000000004	51.25	50.0	50.7	2645
20.06.2023 00:00	50.95	52.85	50.7	51.0	9408
21.06.2023 00:00	51.2	53.95	50.95	52.2	10552
22.06.2023 00:00	52.2	54.95	51.7	51.75	19987
23.06.2023 00:00	51.85	52.2	49.95	50.95	6450
26.06.2023 00:00	48.7	51.900000000000006	48.7	50.6	10725
27.06.2023 00:00	51.650000000000006	51.7	50.45	50.95	2634
28.06.2023 00:00	50.5	51.6	50.45	50.75	976
29.06.2023 00:00	50.75	51.400000000000006	50.1	50.7	3816
30.06.2023 00:00	50.7	50.95	50.25	50.550000000000004	2500
03.07.2023 00:00	50.7	51.1	50.1	50.95	2266
04.07.2023 00:00	50.550000000000004	50.75	50.25	50.45	1443
05.07.2023 00:00	50.800000000000004	50.800000000000004	49.050000000000004	49.550000000000004	6339
06.07.2023 00:00	49.95	50.45	49.45	49.45	2749
07.07.2023 00:00	49.550000000000004	50.7	48.95	50.1	11070
10.07.2023 00:00	50.35	50.35	49.5	49.95	4278
11.07.2023 00:00	50.25	50.25	49.800000000000004	49.95	1414
12.07.2023 00:00	50.300000000000004	50.300000000000004	49.7	49.85	1444
13.07.2023 00:00	49.85	50.25	49.6	50.050000000000004	2566
14.07.2023 00:00	50.050000000000004	50.050000000000004	49.7	49.85	1574
17.07.2023 00:00	49.75	50.050000000000004	49.2	49.95	4114
18.07.2023 00:00	50.050000000000004	50.95	50.0	50.35	16729
19.07.2023 00:00	50.95	51.95	50.35	50.7	15934
20.07.2023 00:00	51.35	51.35	49.95	50.2	5404
21.07.2023 00:00	50.2	50.550000000000004	49.6	49.95	4431
24.07.2023 00:00	50.1	50.95	49.800000000000004	50.550000000000004	7573
25.07.2023 00:00	50.800000000000004	51.85	49.95	51.45	39045
26.07.2023 00:00	51.45	51.6	49.95	50.95	11671
27.07.2023 00:00	51.2	51.2	48.75	50.0	37344
28.07.2023 00:00	50.050000000000004	51.650000000000006	49.95	50.5	9147
31.07.2023 00:00	51.050000000000004	53.0	50.45	53.0	96763
01.08.2023 00:00	53.25	53.800000000000004	51.95	52.800000000000004	22258
02.08.2023 00:00	52.75	52.900000000000006	51.2	51.7	18214
03.08.2023 00:00	52.6	52.7	49.95	51.25	61036
04.08.2023 00:00	51.7	51.7	47.2	47.7	41187
07.08.2023 00:00	49.6	49.75	48.0	48.1	32136
08.08.2023 00:00	48.95	48.95	46.2	47.2	15965
09.08.2023 00:00	47.2	48.2	47.2	48.1	7425
10.08.2023 00:00	48.2	49.7	47.85	48.35	6113
11.08.2023 00:00	48.75	50.45	48.1	49.0	12015
14.08.2023 00:00	49.7	49.85	48.2	48.5	14241
15.08.2023 00:00	48.5	49.2	47.85	48.35	6716
16.08.2023 00:00	48.7	48.7	47.300000000000004	47.45	7829
17.08.2023 00:00	47.95	48.35	46.95	47.550000000000004	5378
18.08.2023 00:00	48.25	48.300000000000004	47.5	48.300000000000004	2246
21.08.2023 00:00	48.35	49.35	47.35	48.2	10209
22.08.2023 00:00	48.7	48.95	48.0	48.75	5331
23.08.2023 00:00	49.25	49.75	48.550000000000004	48.85	6112
24.08.2023 00:00	48.95	49.45	48.25	48.95	2774
25.08.2023 00:00	48.95	49.300000000000004	48.45	48.85	3847
28.08.2023 00:00	49.2	50.7	47.5	48.800000000000004	19077
29.08.2023 00:00	48.95	49.45	48.45	48.75	4325
30.08.2023 00:00	48.95	49.2	47.95	48.050000000000004	4120
31.08.2023 00:00	48.85	49.1	48.0	48.300000000000004	8397
01.09.2023 00:00	48.050000000000004	49.2	48.050000000000004	48.45	5464
04.09.2023 00:00	49.300000000000004	49.7	48.45	49.1	7688
05.09.2023 00:00	49.7	50.45	47.95	49.6	17039
06.09.2023 00:00	49.45	49.95	48.0	49.75	12519
07.09.2023 00:00	49.7	49.95	45.95	47.35	15075
08.09.2023 00:00	47.35	47.35	46.1	46.85	5849
11.09.2023 00:00	47.45	48.2	46.2	46.75	2141
12.09.2023 00:00	46.95	47.35	46.35	47.2	1149
13.09.2023 00:00	47.050000000000004	52.95	47.050000000000004	52.150000000000006	90078
14.09.2023 00:00	52.25	52.35	47.800000000000004	49.85	26302
15.09.2023 00:00	48.6	49.95	48.6	49.050000000000004	8190
18.09.2023 00:00	49.45	51.85	48.45	48.550000000000004	10746
19.09.2023 00:00	48.550000000000004	51.25	47.95	50.85	21098
20.09.2023 00:00	50.95	56.45	50.95	51.95	115748
21.09.2023 00:00	51.650000000000006	53.2	49.7	50.5	20846
22.09.2023 00:00	50.45	51.95	50.45	50.7	6289
25.09.2023 00:00	50.7	52.85	50.7	50.95	8705
26.09.2023 00:00	50.5	51.85	50.050000000000004	50.7	5800
27.09.2023 00:00	50.0	51.550000000000004	49.45	50.800000000000004	9648
28.09.2023 00:00	50.95	51.2	49.5	50.35	22803
29.09.2023 00:00	49.95	51.050000000000004	49.95	50.35	7955
02.10.2023 00:00	49.550000000000004	50.45	49.550000000000004	50.25	6994
03.10.2023 00:00	50.6	52.7	50.1	52.7	10501
04.10.2023 00:00	50.75	52.45	50.75	51.5	5643
05.10.2023 00:00	51.2	52.95	50.2	51.35	6809
06.10.2023 00:00	52.45	53.95	49.7	50.35	18674
09.10.2023 00:00	50.95	54.2	49.75	50.75	38687
10.10.2023 00:00	50.550000000000004	50.800000000000004	49.550000000000004	49.550000000000004	10952
11.10.2023 00:00	49.45	49.45	46.45	47.2	24616
12.10.2023 00:00	47.45	47.45	46.050000000000004	46.7	7052
13.10.2023 00:00	47.0	47.050000000000004	42.1	46.7	36537
16.10.2023 00:00	47.1	47.1	45.45	46.550000000000004	6306
17.10.2023 00:00	46.2	46.95	45.75	46.1	2385
18.10.2023 00:00	46.1	46.35	44.95	45.0	4060
19.10.2023 00:00	45.1	46.7	44.95	45.300000000000004	3052
20.10.2023 00:00	46.050000000000004	46.75	44.35	44.95	5306
23.10.2023 00:00	45.45	45.45	41.1	42.75	20388
24.10.2023 00:00	42.95	42.95	41.7	41.95	3893
25.10.2023 00:00	42.7	43.95	41.75	42.2	5266
26.10.2023 00:00	42.85	43.2	41.0	41.5	5688
27.10.2023 00:00	41.95	41.95	40.1	41.25	6536
30.10.2023 00:00	40.300000000000004	42.45	40.0	40.85	4692
31.10.2023 00:00	41.800000000000004	41.95	39.95	40.35	4770
01.11.2023 00:00	40.45	41.050000000000004	40.35	40.6	1569
02.11.2023 00:00	40.6	41.35	40.050000000000004	40.75	15564
03.11.2023 00:00	41.050000000000004	41.050000000000004	40.35	40.95	4868
06.11.2023 00:00	41.0	41.5	40.95	41.0	2121
07.11.2023 00:00	41.45	41.45	40.95	41.2	3520
08.11.2023 00:00	41.25	42.45	40.95	41.95	7181
09.11.2023 00:00	41.95	44.25	41.95	43.1	9099
10.11.2023 00:00	43.2	44.6	43.2	44.050000000000004	10254
13.11.2023 00:00	43.95	45.25	42.25	42.95	9024
14.11.2023 00:00	42.95	44.7	40.1	43.050000000000004	6772
15.11.2023 00:00	44.800000000000004	47.75	43.2	44.45	24799
16.11.2023 00:00	44.45	45.1	44.45	44.45	1657
17.11.2023 00:00	44.45	44.95	41.1	42.300000000000004	5921
20.11.2023 00:00	42.2	44.2	41.550000000000004	42.050000000000004	8710
21.11.2023 00:00	41.75	42.0	41.0	41.300000000000004	916
22.11.2023 00:00	41.800000000000004	41.800000000000004	40.1	40.45	8411
23.11.2023 00:00	40.7	40.7	39.1	39.300000000000004	4433
24.11.2023 00:00	39.95	40.5	34.95	35.85	17752
27.11.2023 00:00	35.2	36.550000000000004	35.2	35.7	7897
28.11.2023 00:00	35.75	37.25	35.7	36.7	4865
29.11.2023 00:00	37.2	38.25	35.75	36.2	4223
30.11.2023 00:00	36.300000000000004	36.300000000000004	35.0	35.45	2135
01.12.2023 00:00	35.550000000000004	35.6	32.95	33.45	9061
04.12.2023 00:00	34.45	35.7	31.950000000000003	31.950000000000003	9325
05.12.2023 00:00	32.45	39.0	32.45	39.0	30614
06.12.2023 00:00	37.7	40.5	37.7	37.95	12882
07.12.2023 00:00	35.25	39.0	35.25	38.95	5624
08.12.2023 00:00	38.550000000000004	40.5	38.550000000000004	39.5	1662
11.12.2023 00:00	38.1	38.85	34.75	35.2	5442
12.12.2023 00:00	36.45	38.7	34.95	37.25	8168
13.12.2023 00:00	36.45	38.95	36.45	37.2	1542
14.12.2023 00:00	37.45	37.75	36.1	36.2	1207
15.12.2023 00:00	37.550000000000004	38.550000000000004	35.7	35.95	1152
18.12.2023 00:00	35.95	38.95	35.2	37.550000000000004	4420
19.12.2023 00:00	36.45	38.35	36.45	37.1	1996
20.12.2023 00:00	37.550000000000004	37.7	35.95	36.800000000000004	6457
21.12.2023 00:00	36.800000000000004	38.95	36.550000000000004	37.25	4976
22.12.2023 00:00	37.25	39.7	37.25	37.35	6585
25.12.2023 00:00	37.6	37.75	36.550000000000004	36.95	4862
26.12.2023 00:00	37.050000000000004	37.050000000000004	36.550000000000004	36.7	1456
27.12.2023 00:00	36.75	37.85	34.95	36.550000000000004	6139
28.12.2023 00:00	37.2	37.2	35.0	35.45	5662
29.12.2023 00:00	36.050000000000004	37.85	34.35	35.95	15980
03.01.2024 00:00	36.550000000000004	36.800000000000004	36.2	36.5	860
04.01.2024 00:00	36.5	36.7	36.45	36.7	508
05.01.2024 00:00	36.45	36.95	36.2	36.800000000000004	1937
08.01.2024 00:00	36.800000000000004	39.95	36.5	37.85	14131
09.01.2024 00:00	38.050000000000004	40.7	36.95	39.45	26538
10.01.2024 00:00	38.45	39.95	38.45	38.95	3708
11.01.2024 00:00	38.95	38.95	37.2	38.45	8231
12.01.2024 00:00	38.2	39.45	38.050000000000004	38.45	4242
15.01.2024 00:00	38.2	39.1	37.7	38.2	3084
16.01.2024 00:00	38.25	38.85	38.1	38.2	4036
17.01.2024 00:00	38.2	38.45	37.25	37.550000000000004	23228
18.01.2024 00:00	37.6	37.95	37.300000000000004	37.800000000000004	3896
19.01.2024 00:00	37.45	38.1	37.35	37.45	6630
22.01.2024 00:00	37.5	38.2	37.2	37.45	1846
23.01.2024 00:00	37.75	37.95	37.050000000000004	37.1	2559
24.01.2024 00:00	37.45	37.45	37.2	37.300000000000004	2580
25.01.2024 00:00	37.45	37.95	35.95	37.300000000000004	7507
26.01.2024 00:00	37.550000000000004	45.5	37.45	43.95	187644
29.01.2024 00:00	43.7	52.45	42.25	51.95	287305
30.01.2024 00:00	49.95	52.1	42.85	44.6	187215
31.01.2024 00:00	45.800000000000004	48.95	44.85	45.2	102337
01.02.2024 00:00	45.2	47.95	43.45	44.5	45870
02.02.2024 00:00	45.2	45.2	42.85	43.800000000000004	23110
05.02.2024 00:00	43.7	44.1	42.0	43.25	20365
06.02.2024 00:00	43.550000000000004	46.85	42.550000000000004	44.75	45449
07.02.2024 00:00	45.1	45.300000000000004	44.050000000000004	44.25	12378
08.02.2024 00:00	44.85	45.800000000000004	42.75	43.2	25484
09.02.2024 00:00	43.550000000000004	45.1	42.7	43.800000000000004	11933
12.02.2024 00:00	44.1	44.45	41.1	42.45	21456
13.02.2024 00:00	42.45	42.6	41.300000000000004	42.1	6904
14.02.2024 00:00	42.45	42.6	41.2	41.25	6950
15.02.2024 00:00	41.050000000000004	45.300000000000004	41.050000000000004	42.85	98768
16.02.2024 00:00	42.7	43.7	41.95	42.25	12604
19.02.2024 00:00	42.95	42.95	40.2	42.2	17256
20.02.2024 00:00	41.85	42.25	41.1	41.5	5532
21.02.2024 00:00	40.5	41.2	39.35	39.95	11983
22.02.2024 00:00	39.95	43.300000000000004	39.7	40.95	16524
26.02.2024 00:00	42.95	42.95	41.2	41.7	7602
27.02.2024 00:00	41.95	44.7	41.7	41.800000000000004	22522
28.02.2024 00:00	42.5	42.75	40.1	40.550000000000004	11086
29.02.2024 00:00	40.550000000000004	41.7	39.7	39.7	13559
01.03.2024 00:00	40.550000000000004	43.550000000000004	40.5	41.2	29558
04.03.2024 00:00	41.2	43.45	40.95	41.85	17962
05.03.2024 00:00	43.45	44.95	42.2	42.7	65448
06.03.2024 00:00	42.75	44.050000000000004	42.25	42.5	17628
07.03.2024 00:00	42.6	43.0	41.95	42.0	6612
11.03.2024 00:00	42.5	42.95	42.0	42.1	3805
12.03.2024 00:00	42.550000000000004	42.800000000000004	41.45	42.0	10711
13.03.2024 00:00	42.2	42.5	41.75	41.75	2560
14.03.2024 00:00	41.95	42.25	40.5	41.7	10918
15.03.2024 00:00	41.050000000000004	42.75	41.050000000000004	41.95	13131
18.03.2024 00:00	42.25	45.300000000000004	41.45	42.050000000000004	49275
19.03.2024 00:00	42.75	43.1	41.7	41.85	9292
20.03.2024 00:00	42.25	43.95	41.2	41.45	26215
21.03.2024 00:00	41.95	42.0	40.95	41.45	8298
22.03.2024 00:00	41.2	41.5	40.85	41.0	5236
25.03.2024 00:00	41.45	41.7	40.85	41.2	2932
26.03.2024 00:00	41.050000000000004	41.6	40.95	41.2	6328
27.03.2024 00:00	41.050000000000004	41.7	41.050000000000004	41.2	3940
28.03.2024 00:00	41.550000000000004	41.6	41.2	41.300000000000004	3625
29.03.2024 00:00	41.45	41.45	40.35	40.95	8996
01.04.2024 00:00	41.1	41.1	40.2	40.5	7016
02.04.2024 00:00	40.550000000000004	40.95	40.0	40.2	18033
03.04.2024 00:00	40.800000000000004	40.800000000000004	40.0	40.35	3421
04.04.2024 00:00	40.45	42.6	40.2	41.300000000000004	65268
05.04.2024 00:00	41.300000000000004	41.85	40.7	40.95	10624
08.04.2024 00:00	41.85	41.85	40.7	40.95	5403
09.04.2024 00:00	40.5	41.2	40.1	40.5	7301
10.04.2024 00:00	40.5	40.7	40.050000000000004	40.25	3255
11.04.2024 00:00	40.7	40.85	39.7	40.1	6446
12.04.2024 00:00	39.95	40.7	39.7	40.0	6895
15.04.2024 00:00	40.2	41.800000000000004	40.2	40.25	19930
16.04.2024 00:00	40.45	40.5	40.1	40.1	3896
17.04.2024 00:00	40.050000000000004	40.550000000000004	39.95	40.050000000000004	3086
18.04.2024 00:00	40.25	40.25	39.85	40.2	1042
19.04.2024 00:00	39.95	40.5	39.95	40.1	5074
22.04.2024 00:00	40.1	41.45	39.95	40.1	13213
23.04.2024 00:00	40.2	40.25	39.75	39.95	2486
24.04.2024 00:00	39.95	40.75	39.7	39.7	10600
25.04.2024 00:00	39.95	40.2	39.45	39.5	2528
26.04.2024 00:00	39.7	39.75	38.300000000000004	38.75	6152
27.04.2024 00:00	38.95	40.95	38.45	38.6	25396
29.04.2024 00:00	38.7	39.300000000000004	38.7	38.95	3466
30.04.2024 00:00	39.1	39.45	39.0	39.050000000000004	1128
02.05.2024 00:00	38.85	39.25	38.85	38.95	1645
03.05.2024 00:00	39.300000000000004	41.7	39.1	39.1	30316
06.05.2024 00:00	41.1	41.1	39.2	39.550000000000004	6706
07.05.2024 00:00	39.45	40.25	39.300000000000004	39.550000000000004	4754
08.05.2024 00:00	39.5	40.0	39.2	39.45	3512
10.05.2024 00:00	39.45	39.6	39.1	39.45	1078
13.05.2024 00:00	39.45	39.75	39.2	39.45	631
14.05.2024 00:00	39.25	39.45	38.550000000000004	39.050000000000004	7883
15.05.2024 00:00	39.0	39.1	38.45	38.800000000000004	3521
16.05.2024 00:00	39.2	39.2	38.550000000000004	38.7	2833
17.05.2024 00:00	38.7	40.25	38.2	38.25	12296
20.05.2024 00:00	38.25	38.45	36.95	37.25	7681
21.05.2024 00:00	37.45	38.35	36.95	37.0	3689
22.05.2024 00:00	37.0	37.7	36.45	37.050000000000004	9163
23.05.2024 00:00	37.2	37.35	36.45	36.7	2238
24.05.2024 00:00	36.7	37.1	36.25	36.550000000000004	1944
27.05.2024 00:00	36.0	36.25	34.95	35.2	11317
28.05.2024 00:00	35.45	38.35	35.050000000000004	35.1	11478
29.05.2024 00:00	35.45	35.45	34.1	34.7	3065
30.05.2024 00:00	34.7	35.35	33.75	34.7	5238
31.05.2024 00:00	34.25	36.1	31.950000000000003	33.45	9920
03.06.2024 00:00	33.050000000000004	33.95	32.1	33.6	3696
04.06.2024 00:00	32.2	34.0	32.2	33.7	1016
05.06.2024 00:00	33.800000000000004	34.800000000000004	33.800000000000004	34.45	3830
06.06.2024 00:00	34.5	34.95	34.2	34.300000000000004	2021
07.06.2024 00:00	34.050000000000004	35.2	34.050000000000004	34.85	1296
10.06.2024 00:00	34.75	35.7	34.75	34.800000000000004	3326
11.06.2024 00:00	35.300000000000004	35.35	34.0	34.050000000000004	1394
13.06.2024 00:00	33.0	34.85	32.45	34.2	1757
14.06.2024 00:00	34.550000000000004	34.550000000000004	33.800000000000004	34.2	877
17.06.2024 00:00	34.2	34.5	33.1	34.0	798
18.06.2024 00:00	33.85	34.7	33.85	33.95	786
19.06.2024 00:00	33.95	34.35	33.2	33.300000000000004	738
20.06.2024 00:00	34.0	34.2	33.2	33.25	892
21.06.2024 00:00	33.300000000000004	33.7	33.2	33.25	360
24.06.2024 00:00	33.5	33.550000000000004	32.95	33.1	241
25.06.2024 00:00	33.5	33.5	32.95	33.2	438
26.06.2024 00:00	33.25	33.6	32.95	33.35	798
27.06.2024 00:00	33.1	33.7	32.95	33.2	1045
28.06.2024 00:00	33.2	34.550000000000004	33.2	33.45	2225
01.07.2024 00:00	34.2	34.2	33.6	33.95	1160
02.07.2024 00:00	33.300000000000004	34.6	33.300000000000004	33.75	1697
03.07.2024 00:00	34.5	37.45	33.85	34.1	23665
04.07.2024 00:00	34.300000000000004	35.1	34.050000000000004	34.2	2439
05.07.2024 00:00	34.1	34.300000000000004	33.35	33.45	1358
08.07.2024 00:00	34.2	34.2	33.25	33.45	532
09.07.2024 00:00	33.25	33.35	32.050000000000004	32.050000000000004	2647
10.07.2024 00:00	32.0	32.550000000000004	31.0	31.3	3935
11.07.2024 00:00	31.450000000000003	32.050000000000004	30.5	31.85	4373
12.07.2024 00:00	32.35	32.35	31.25	31.35	1105
15.07.2024 00:00	31.85	31.900000000000002	30.85	31.75	1116
16.07.2024 00:00	31.8	31.950000000000003	30.3	31.1	2636
17.07.2024 00:00	31.5	31.55	30.75	30.950000000000003	1062
18.07.2024 00:00	31.0	31.35	30.700000000000003	31.1	509
19.07.2024 00:00	31.400000000000002	32.2	30.700000000000003	32.0	1674
22.07.2024 00:00	32.1	32.6	31.650000000000002	31.950000000000003	1032
23.07.2024 00:00	32.6	32.6	31.25	32.2	1109
24.07.2024 00:00	32.45	32.550000000000004	31.85	32.45	1765
25.07.2024 00:00	32.300000000000004	32.550000000000004	31.950000000000003	32.35	927
26.07.2024 00:00	32.300000000000004	34.050000000000004	32.0	32.35	7957
29.07.2024 00:00	32.050000000000004	32.1	31.200000000000003	31.5	2101
30.07.2024 00:00	31.950000000000003	31.950000000000003	31.150000000000002	31.900000000000002	115
31.07.2024 00:00	31.55	31.75	31.450000000000003	31.450000000000003	446
01.08.2024 00:00	31.35	37.800000000000004	31.25	32.800000000000004	40488
02.08.2024 00:00	32.95	33.7	31.900000000000002	31.950000000000003	4757
05.08.2024 00:00	32.0	32.0	31.450000000000003	31.450000000000003	2179
06.08.2024 00:00	31.8	33.75	31.450000000000003	31.650000000000002	4069
07.08.2024 00:00	31.950000000000003	32.300000000000004	30.35	31.55	6820
08.08.2024 00:00	32.550000000000004	32.95	31.6	31.900000000000002	6492
09.08.2024 00:00	32.85	32.85	31.700000000000003	31.85	1536
12.08.2024 00:00	31.700000000000003	32.45	31.200000000000003	31.85	3041
13.08.2024 00:00	32.0	33.35	31.900000000000002	32.25	3631
14.08.2024 00:00	32.550000000000004	33.85	32.0	32.300000000000004	2228
15.08.2024 00:00	32.45	32.45	31.55	31.6	1639
16.08.2024 00:00	31.8	32.550000000000004	31.8	31.950000000000003	1527
19.08.2024 00:00	32.2	32.45	31.35	31.6	1609
20.08.2024 00:00	31.650000000000002	31.900000000000002	31.450000000000003	31.75	520
21.08.2024 00:00	31.55	31.8	31.450000000000003	31.55	187
22.08.2024 00:00	31.450000000000003	32.45	30.5	30.650000000000002	4208
23.08.2024 00:00	30.950000000000003	31.1	29.35	29.5	5860
26.08.2024 00:00	30.200000000000003	30.200000000000003	29.400000000000002	29.85	5215
27.08.2024 00:00	29.150000000000002	30.450000000000003	28.5	28.8	3286
28.08.2024 00:00	28.650000000000002	28.8	26.25	27.25	9648
29.08.2024 00:00	27.700000000000003	27.700000000000003	26.35	26.900000000000002	1716
30.08.2024 00:00	27.200000000000003	27.5	26.150000000000002	26.200000000000003	2725
02.09.2024 00:00	26.200000000000003	26.6	25.1	25.1	5674
03.09.2024 00:00	25.200000000000003	25.6	24.650000000000002	24.700000000000003	1746
04.09.2024 00:00	24.650000000000002	25.650000000000002	24.35	25.1	989
05.09.2024 00:00	25.700000000000003	26.900000000000002	25.25	25.950000000000003	5810
06.09.2024 00:00	26.400000000000002	26.400000000000002	25.700000000000003	25.75	767
09.09.2024 00:00	26.200000000000003	27.900000000000002	26.1	26.450000000000003	5329
10.09.2024 00:00	27.75	27.75	26.35	26.75	400
11.09.2024 00:00	26.200000000000003	28.150000000000002	26.1	26.650000000000002	2466
12.09.2024 00:00	26.3	26.35	26.1	26.35	609
13.09.2024 00:00	26.700000000000003	27.25	26.200000000000003	26.8	1023
16.09.2024 00:00	27.05	28.200000000000003	26.85	27.950000000000003	3697
17.09.2024 00:00	28.150000000000002	28.200000000000003	27.5	28.0	3184
18.09.2024 00:00	28.05	28.650000000000002	27.650000000000002	27.75	1075
19.09.2024 00:00	28.05	29.0	27.900000000000002	28.200000000000003	2090
20.09.2024 00:00	28.3	29.35	27.650000000000002	27.950000000000003	4943
23.09.2024 00:00	28.650000000000002	28.650000000000002	26.950000000000003	27.900000000000002	6658
24.09.2024 00:00	28.0	28.450000000000003	27.5	28.05	1663
25.09.2024 00:00	27.950000000000003	28.150000000000002	27.200000000000003	27.6	2648
26.09.2024 00:00	27.900000000000002	28.200000000000003	26.950000000000003	27.5	11580
27.09.2024 00:00	27.55	27.85	27.400000000000002	27.400000000000002	707
30.09.2024 00:00	27.400000000000002	27.85	27.25	27.700000000000003	1680
01.10.2024 00:00	27.75	27.75	25.8	26.450000000000003	17292
02.10.2024 00:00	26.75	27.400000000000002	26.450000000000003	26.900000000000002	3159
03.10.2024 00:00	27.0	27.0	24.150000000000002	25.700000000000003	23781
04.10.2024 00:00	26.450000000000003	26.450000000000003	25.400000000000002	25.700000000000003	1970
07.10.2024 00:00	25.900000000000002	26.05	24.0	25.1	9776
08.10.2024 00:00	25.200000000000003	25.200000000000003	24.1	24.85	3587
09.10.2024 00:00	24.950000000000003	25.0	24.700000000000003	24.900000000000002	994
10.10.2024 00:00	25.400000000000002	25.400000000000002	23.950000000000003	24.35	7111
11.10.2024 00:00	24.25	24.25	22.950000000000003	23.5	16373
14.10.2024 00:00	23.650000000000002	25.1	23.25	24.5	13559
15.10.2024 00:00	24.150000000000002	25.1	23.900000000000002	24.5	3175
16.10.2024 00:00	24.5	24.5	24.1	24.200000000000003	4209
17.10.2024 00:00	24.85	25.75	24.200000000000003	24.900000000000002	9092
18.10.2024 00:00	24.650000000000002	24.950000000000003	24.400000000000002	24.400000000000002	2487
21.10.2024 00:00	24.400000000000002	24.900000000000002	23.950000000000003	24.5	5000
22.10.2024 00:00	24.150000000000002	25.25	24.1	24.900000000000002	3895
23.10.2024 00:00	25.0	25.5	24.85	24.950000000000003	3575
24.10.2024 00:00	25.1	25.1	24.5	24.700000000000003	1586
25.10.2024 00:00	24.85	24.900000000000002	24.6	24.6	989
28.10.2024 00:00	24.85	24.85	24.0	24.1	9758
29.10.2024 00:00	24.6	24.85	23.85	24.85	2479
30.10.2024 00:00	24.25	25.1	24.200000000000003	24.85	2312
31.10.2024 00:00	24.35	25.950000000000003	24.35	25.5	5279
01.11.2024 00:00	25.6	26.200000000000003	24.75	25.6	2154
02.11.2024 00:00	25.700000000000003	25.85	25.35	25.650000000000002	39
05.11.2024 00:00	25.400000000000002	25.950000000000003	25.35	25.8	2377
06.11.2024 00:00	26.200000000000003	26.700000000000003	25.950000000000003	25.950000000000003	1193
07.11.2024 00:00	26.0	26.700000000000003	25.950000000000003	26.700000000000003	2542
08.11.2024 00:00	25.950000000000003	28.400000000000002	25.35	27.5	1986
11.11.2024 00:00	28.35	28.700000000000003	27.950000000000003	28.05	3535
12.11.2024 00:00	28.150000000000002	28.3	27.700000000000003	27.900000000000002	1065
13.11.2024 00:00	27.85	28.8	27.200000000000003	27.950000000000003	3757
14.11.2024 00:00	27.650000000000002	28.35	27.650000000000002	28.0	1292
15.11.2024 00:00	28.200000000000003	30.85	28.0	30.75	9938
18.11.2024 00:00	30.150000000000002	30.950000000000003	29.35	30.900000000000002	3758
19.11.2024 00:00	31.200000000000003	32.45	30.35	30.650000000000002	13827
20.11.2024 00:00	30.650000000000002	32.45	29.900000000000002	30.25	6302
21.11.2024 00:00	30.25	30.450000000000003	29.400000000000002	29.6	5581
22.11.2024 00:00	29.450000000000003	29.85	29.25	29.5	3606
25.11.2024 00:00	29.6	29.75	28.650000000000002	28.700000000000003	3988
26.11.2024 00:00	28.200000000000003	28.5	26.0	26.700000000000003	4168
27.11.2024 00:00	25.35	26.400000000000002	24.35	25.35	11841
28.11.2024 00:00	25.900000000000002	28.3	25.35	27.450000000000003	2301
29.11.2024 00:00	27.5	28.900000000000002	26.650000000000002	26.700000000000003	1165
02.12.2024 00:00	27.05	27.900000000000002	26.75	26.8	382
03.12.2024 00:00	26.8	29.05	26.05	27.35	3378
04.12.2024 00:00	27.55	27.700000000000003	27.200000000000003	27.25	134
05.12.2024 00:00	27.450000000000003	28.55	27.150000000000002	27.25	2952
06.12.2024 00:00	27.400000000000002	28.5	27.400000000000002	28.35	905
09.12.2024 00:00	28.85	28.950000000000003	28.450000000000003	28.650000000000002	959
10.12.2024 00:00	28.450000000000003	32.45	27.450000000000003	30.35	7445
11.12.2024 00:00	30.400000000000002	30.85	29.400000000000002	29.85	964
12.12.2024 00:00	29.950000000000003	31.950000000000003	29.950000000000003	30.400000000000002	7367
13.12.2024 00:00	30.400000000000002	32.7	29.400000000000002	32.7	2263
16.12.2024 00:00	31.900000000000002	34.550000000000004	31.55	32.7	8641
17.12.2024 00:00	31.950000000000003	32.7	31.05	31.650000000000002	2904
18.12.2024 00:00	31.700000000000003	34.45	30.400000000000002	32.2	8216
19.12.2024 00:00	31.950000000000003	33.85	30.85	33.45	3778
20.12.2024 00:00	33.45	34.95	32.5	34.2	11091
23.12.2024 00:00	34.45	41.7	34.45	39.1	39382
24.12.2024 00:00	39.1	41.2	37.95	38.25	8035
25.12.2024 00:00	38.800000000000004	38.800000000000004	36.550000000000004	38.7	4016
26.12.2024 00:00	38.75	42.7	38.75	39.45	17439
27.12.2024 00:00	40.2	47.45	40.2	40.7	33698
28.12.2024 00:00	41.95	41.95	40.1	40.95	2589
30.12.2024 00:00	40.95	45.6	40.95	42.300000000000004	5619
03.01.2025 00:00	42.95	44.75	42.550000000000004	43.35	3145
06.01.2025 00:00	43.85	43.95	42.95	42.95	701
08.01.2025 00:00	43.1	44.800000000000004	42.95	43.800000000000004	1871
09.01.2025 00:00	43.95	44.95	41.95	42.2	2223
10.01.2025 00:00	42.2	43.35	39.95	41.45	3634
13.01.2025 00:00	40.6	44.7	40.550000000000004	42.7	4056
14.01.2025 00:00	42.45	46.95	41.95	46.2	14223
15.01.2025 00:00	46.25	46.25	44.0	44.5	3843
16.01.2025 00:00	44.95	48.75	44.2	45.7	12733
17.01.2025 00:00	45.800000000000004	45.800000000000004	43.1	43.7	10446
20.01.2025 00:00	43.7	44.050000000000004	43.2	43.45	11034
21.01.2025 00:00	43.45	44.25	43.2	43.95	4273
22.01.2025 00:00	44.1	45.300000000000004	43.1	43.95	5846
23.01.2025 00:00	44.45	44.800000000000004	43.2	43.45	1215
24.01.2025 00:00	43.25	49.0	43.0	45.6	15431
27.01.2025 00:00	46.1	53.95	45.5	50.85	28553
28.01.2025 00:00	50.95	53.95	49.0	51.45	12855
29.01.2025 00:00	51.45	53.6	51.400000000000006	52.45	10274
30.01.2025 00:00	51.85	53.550000000000004	51.45	52.300000000000004	4657
31.01.2025 00:00	52.25	53.5	50.85	51.2	5098
03.02.2025 00:00	53.95	62.2	53.45	62.2	61998
04.02.2025 00:00	68.2	68.3	66.65	68.3	12706
05.02.2025 00:00	75.15	75.15	73.9	75.15	11292
06.02.2025 00:00	82.7	82.7	82.7	82.7	6183
07.02.2025 00:00	91.15	91.15	69.7	72.95	93517
10.02.2025 00:00	74.65	80.25	74.15	80.25	49507
11.02.2025 00:00	84.95	86.4	76.4	80.9	31447
12.02.2025 00:00	81.9	84.15	78.9	81.7	19091
13.02.2025 00:00	87.9	89.80000000000001	82.05000000000001	87.55000000000001	37217
14.02.2025 00:00	89.95	96.0	87.55000000000001	96.0	40384
17.02.2025 00:00	104.65	105.30000000000001	99.45	105.30000000000001	16535
18.02.2025 00:00	111.25	115.7	108.2	115.7	15242
19.02.2025 00:00	123.95	127.35000000000001	121.4	127.35000000000001	48844
20.02.2025 00:00	139.55	139.55	111.15	115.7	78712
21.02.2025 00:00	116.35000000000001	116.35000000000001	101.0	104.05000000000001	37570
24.02.2025 00:00	104.05000000000001	113.55000000000001	99.2	100.9	46587
25.02.2025 00:00	101.4	109.95	99.45	107.2	29493
26.02.2025 00:00	108.95	111.55000000000001	101.0	104.65	9174
27.02.2025 00:00	104.25	104.25	97.4	101.4	4121
28.02.2025 00:00	99.9	100.9	94.15	96.30000000000001	8084
03.03.2025 00:00	94.95	98.80000000000001	94.95	95.65	2744
04.03.2025 00:00	96.65	102.95	96.65	97.25	7460
05.03.2025 00:00	98.30000000000001	100.30000000000001	96.05000000000001	96.9	4817
06.03.2025 00:00	95.65	96.75	88.0	94.45	5209
07.03.2025 00:00	95.9	99.9	95.05000000000001	95.15	7890
10.03.2025 00:00	97.15	97.55000000000001	95.15	97.05000000000001	2243
11.03.2025 00:00	94.9	101.4	92.5	93.95	6412
12.03.2025 00:00	95.7	95.7	90.95	94.9	2901
13.03.2025 00:00	96.30000000000001	96.45	93.15	95.4	3948
14.03.2025 00:00	95.9	98.55000000000001	94.75	97.9	2647
17.03.2025 00:00	97.9	107.2	97.9	107.2	9584
18.03.2025 00:00	114.60000000000001	117.75	112.0	117.10000000000001	36287
19.03.2025 00:00	116.85000000000001	117.4	111.95	115.05000000000001	10392
20.03.2025 00:00	117.2	117.2	113.5	113.9	1366
21.03.2025 00:00	113.95	114.35000000000001	111.95	111.95	3617
24.03.2025 00:00	113.05000000000001	115.65	111.05000000000001	112.45	3352
25.03.2025 00:00	111.55000000000001	112.60000000000001	107.2	108.25	3296
26.03.2025 00:00	108.95	108.95	105.95	106.60000000000001	1884
27.03.2025 00:00	105.9	105.9	97.95	100.65	4210
28.03.2025 00:00	98.65	100.05000000000001	80.95	91.4	11526
31.03.2025 00:00	90.95	99.55000000000001	90.4	93.80000000000001	8838
01.04.2025 00:00	94.75	102.4	93.9	102.4	11578
02.04.2025 00:00	101.95	112.45	99.75	104.35000000000001	18181
03.04.2025 00:00	105.7	105.7	95.5	96.4	6035
04.04.2025 00:00	97.95	101.15	94.95	96.15	2278
07.04.2025 00:00	92.95	94.4	86.25	89.25	15513
08.04.2025 00:00	91.55000000000001	95.15	91.4	92.15	2016
09.04.2025 00:00	91.5	91.5	82.65	83.75	6130
10.04.2025 00:00	86.95	90.65	85.75	87.7	3064
11.04.2025 00:00	89.9	93.9	89.9	90.80000000000001	1804
14.04.2025 00:00	90.2	93.0	86.4	88.5	2682
15.04.2025 00:00	88.0	90.55000000000001	86.2	88.05000000000001	1346
16.04.2025 00:00	88.0	90.45	87.55000000000001	89.2	1070
17.04.2025 00:00	89.2	89.80000000000001	85.95	86.65	6527
18.04.2025 00:00	86.05000000000001	87.65	85.15	86.45	1025
21.04.2025 00:00	87.25	89.5	86.0	86.95	7975
22.04.2025 00:00	88.0	88.05000000000001	84.95	85.80000000000001	4315
23.04.2025 00:00	83.75	85.95	83.75	84.5	1485
24.04.2025 00:00	84.25	85.15	79.80000000000001	81.2	3963
25.04.2025 00:00	81.15	89.15	80.95	89.15	10464
28.04.2025 00:00	90.95	91.95	86.5	89.80000000000001	4153
29.04.2025 00:00	90.65	90.65	84.4	84.9	5101
30.04.2025 00:00	84.65	84.9	81.05000000000001	81.95	2497
02.05.2025 00:00	81.2	81.30000000000001	77.45	78.25	2795
05.05.2025 00:00	77.5	81.80000000000001	76.2	77.25	3685
06.05.2025 00:00	77.25	78.75	76.25	76.4	1333
07.05.2025 00:00	76.3	80.4	71.9	77.5	2407
08.05.2025 00:00	77.4	78.95	76.65	78.65	1986
12.05.2025 00:00	79.75	83.9	79.75	82.75	3620
13.05.2025 00:00	84.45	88.45	83.80000000000001	86.15	5894
14.05.2025 00:00	86.25	88.2	85.15	85.95	4923
15.05.2025 00:00	85.55000000000001	88.2	82.25	84.80000000000001	6619
16.05.2025 00:00	86.0	87.9	81.4	84.30000000000001	4680
19.05.2025 00:00	85.15	87.2	84.4	85.95	1610
20.05.2025 00:00	86.65	86.65	83.55000000000001	85.05000000000001	3521
21.05.2025 00:00	84.95	85.0	83.2	83.7	937
22.05.2025 00:00	83.15	83.15	80.9	82.25	2923
