datetime	open	high	low	close	volume
09.11.2020 00:00	489.90000000000003	489.90000000000003	463.40000000000003	466.40000000000003	80940
10.11.2020 00:00	472.90000000000003	472.90000000000003	450.3	453.90000000000003	44870
11.11.2020 00:00	454.0	478.40000000000003	451.90000000000003	478.40000000000003	37140
12.11.2020 00:00	484.90000000000003	487.90000000000003	471.90000000000003	480.40000000000003	45530
13.11.2020 00:00	487.90000000000003	489.0	482.1	486.0	19310
16.11.2020 00:00	490.20000000000005	490.90000000000003	474.90000000000003	474.90000000000003	28750
17.11.2020 00:00	474.90000000000003	483.90000000000003	470.90000000000003	472.20000000000005	14520
18.11.2020 00:00	474.6	476.8	469.90000000000003	471.6	18020
19.11.2020 00:00	474.3	474.8	470.90000000000003	471.8	8000
20.11.2020 00:00	486.90000000000003	486.90000000000003	469.20000000000005	473.90000000000003	4530
23.11.2020 00:00	469.90000000000003	479.90000000000003	469.90000000000003	470.40000000000003	5480
24.11.2020 00:00	470.5	472.3	469.90000000000003	470.0	5370
25.11.2020 00:00	469.90000000000003	471.0	468.8	469.70000000000005	9560
26.11.2020 00:00	469.90000000000003	469.90000000000003	464.40000000000003	464.8	10940
27.11.2020 00:00	465.1	473.90000000000003	464.70000000000005	470.0	8120
30.11.2020 00:00	470.6	473.8	466.40000000000003	469.1	6270
01.12.2020 00:00	464.0	472.3	463.90000000000003	469.90000000000003	6970
02.12.2020 00:00	468.0	470.0	466.90000000000003	467.1	3060
03.12.2020 00:00	464.70000000000005	467.90000000000003	455.3	456.0	15050
04.12.2020 00:00	471.70000000000005	471.90000000000003	456.5	457.90000000000003	13200
07.12.2020 00:00	469.6	469.6	456.3	457.8	11250
08.12.2020 00:00	465.6	465.6	454.90000000000003	455.0	6130
09.12.2020 00:00	462.6	462.6	455.40000000000003	456.0	5760
10.12.2020 00:00	454.1	458.70000000000005	451.90000000000003	455.0	9160
11.12.2020 00:00	458.20000000000005	458.20000000000005	449.8	455.5	9950
14.12.2020 00:00	455.6	460.90000000000003	450.5	457.90000000000003	27050
15.12.2020 00:00	462.0	467.1	458.70000000000005	466.1	5930
16.12.2020 00:00	468.70000000000005	468.70000000000005	454.90000000000003	455.90000000000003	10920
17.12.2020 00:00	455.90000000000003	458.20000000000005	446.90000000000003	450.20000000000005	26940
18.12.2020 00:00	449.5	451.6	449.20000000000005	451.6	3620
21.12.2020 00:00	449.90000000000003	451.5	448.0	451.1	4620
22.12.2020 00:00	449.20000000000005	452.40000000000003	446.5	451.40000000000003	10100
23.12.2020 00:00	455.6	455.6	450.6	450.90000000000003	2400
24.12.2020 00:00	451.70000000000005	452.1	446.90000000000003	450.5	8030
25.12.2020 00:00	449.90000000000003	453.8	447.5	452.90000000000003	2710
28.12.2020 00:00	452.90000000000003	452.90000000000003	449.0	451.5	4850
29.12.2020 00:00	457.70000000000005	461.90000000000003	447.3	452.3	13680
30.12.2020 00:00	451.5	460.3	451.5	457.40000000000003	6930
04.01.2021 00:00	453.90000000000003	459.90000000000003	450.3	459.90000000000003	14560
05.01.2021 00:00	461.6	468.90000000000003	452.8	462.20000000000005	11250
06.01.2021 00:00	454.1	468.6	454.1	463.0	24920
08.01.2021 00:00	462.70000000000005	468.0	462.70000000000005	465.40000000000003	4210
11.01.2021 00:00	465.40000000000003	471.8	464.8	471.8	12550
12.01.2021 00:00	460.20000000000005	474.8	455.0	467.5	11060
13.01.2021 00:00	474.90000000000003	474.90000000000003	464.0	465.40000000000003	4490
14.01.2021 00:00	465.20000000000005	472.6	462.20000000000005	463.6	6360
15.01.2021 00:00	464.70000000000005	466.8	460.6	463.8	6560
18.01.2021 00:00	461.20000000000005	468.0	461.0	465.0	5800
19.01.2021 00:00	470.5	493.90000000000003	459.6	490.8	112200
20.01.2021 00:00	489.90000000000003	548.9	481.0	501.90000000000003	312510
21.01.2021 00:00	489.90000000000003	509.90000000000003	481.0	489.90000000000003	40200
22.01.2021 00:00	490.1	502.20000000000005	486.0	491.1	25290
25.01.2021 00:00	498.90000000000003	499.90000000000003	488.20000000000005	499.20000000000005	14230
26.01.2021 00:00	500.90000000000003	500.90000000000003	487.90000000000003	491.0	14070
27.01.2021 00:00	489.1	491.1	471.8	487.6	9220
28.01.2021 00:00	489.8	492.90000000000003	483.20000000000005	484.90000000000003	7160
29.01.2021 00:00	493.6	509.90000000000003	471.1	471.5	18150
01.02.2021 00:00	478.8	483.40000000000003	456.20000000000005	463.90000000000003	88400
02.02.2021 00:00	463.90000000000003	472.8	460.20000000000005	471.5	32130
03.02.2021 00:00	478.90000000000003	478.90000000000003	467.1	468.3	12350
04.02.2021 00:00	467.1	469.0	465.0	466.40000000000003	6230
05.02.2021 00:00	478.8	478.8	457.40000000000003	462.90000000000003	9480
08.02.2021 00:00	469.8	488.70000000000005	462.90000000000003	486.0	51140
09.02.2021 00:00	490.0	499.90000000000003	483.1	499.40000000000003	69490
10.02.2021 00:00	499.90000000000003	499.90000000000003	491.0	495.3	26600
11.02.2021 00:00	496.90000000000003	497.90000000000003	482.0	496.5	42250
12.02.2021 00:00	494.90000000000003	499.3	489.8	492.8	26700
15.02.2021 00:00	491.1	498.0	483.90000000000003	492.1	3430
16.02.2021 00:00	493.6	499.0	490.0	495.0	6600
17.02.2021 00:00	495.1	504.90000000000003	470.0	501.90000000000003	27290
18.02.2021 00:00	502.0	516.9	492.90000000000003	506.90000000000003	30480
19.02.2021 00:00	500.1	514.9	500.1	509.90000000000003	57790
20.02.2021 00:00	514.9	558.9	502.90000000000003	537.0	263720
22.02.2021 00:00	548.4	569.9	540.0	543.9	86200
24.02.2021 00:00	543.2	554.8000000000001	511.1	518.4	59110
25.02.2021 00:00	518.4	543.5	509.90000000000003	509.90000000000003	26960
26.02.2021 00:00	527.9	527.9	494.90000000000003	501.90000000000003	48770
01.03.2021 00:00	509.90000000000003	522.7	504.20000000000005	506.90000000000003	58650
02.03.2021 00:00	510.0	516.9	501.40000000000003	512.0	46100
03.03.2021 00:00	517.9	518.0	508.5	513.0	10270
04.03.2021 00:00	514.9	522.9	510.8	522.9	15260
05.03.2021 00:00	522.8000000000001	528.4	510.8	527.9	31340
09.03.2021 00:00	506.90000000000003	524.9	506.90000000000003	516.5	7790
10.03.2021 00:00	510.20000000000005	522.9	510.1	520.3000000000001	10740
11.03.2021 00:00	521.7	521.7	513.0	513.7	9540
12.03.2021 00:00	523.0	523.0	511.1	513.4	7540
15.03.2021 00:00	519.9	519.9	507.3	508.6	13590
16.03.2021 00:00	505.3	510.6	502.90000000000003	507.20000000000005	10830
17.03.2021 00:00	508.5	512.9	508.40000000000003	511.8	4750
18.03.2021 00:00	512.0	517.3000000000001	510.0	515.9	10430
19.03.2021 00:00	515.4	517.7	507.90000000000003	510.8	3650
22.03.2021 00:00	538.9	538.9	521.9	529.7	21920
23.03.2021 00:00	534.9	543.7	528.9	538.2	39000
24.03.2021 00:00	543.7	556.4	539.9	546.9	23910
25.03.2021 00:00	554.7	564.5	542.7	562.0	33200
26.03.2021 00:00	576.9	598.9	544.9	562.9	67680
29.03.2021 00:00	588.9	588.9	546.9	558.2	17290
30.03.2021 00:00	579.9	579.9	554.7	558.3000000000001	12560
31.03.2021 00:00	558.3000000000001	566.9	555.7	559.7	19900
01.04.2021 00:00	559.9	574.9	558.0	569.4	13390
02.04.2021 00:00	569.9	579.9	561.8000000000001	573.9	16500
05.04.2021 00:00	572.3000000000001	596.9	572.3000000000001	591.7	27940
06.04.2021 00:00	589.9	594.2	572.2	577.7	29050
07.04.2021 00:00	598.7	598.7	559.5	594.7	37120
08.04.2021 00:00	597.9	599.7	581.4	594.2	14880
09.04.2021 00:00	595.4	601.2	591.3000000000001	594.7	20900
12.04.2021 00:00	570.2	599.7	570.2	596.3000000000001	16430
13.04.2021 00:00	589.0	609.9	588.9	588.9	8400
14.04.2021 00:00	580.3000000000001	596.7	580.2	580.7	15570
15.04.2021 00:00	589.9	597.9	583.5	588.4	19290
16.04.2021 00:00	593.0	593.0	580.9	584.7	7470
19.04.2021 00:00	580.9	593.9	580.9	582.5	14190
20.04.2021 00:00	588.4	590.4	575.0	583.2	11600
21.04.2021 00:00	575.2	594.0	566.2	583.2	19060
22.04.2021 00:00	584.0	587.7	576.7	577.5	9660
23.04.2021 00:00	576.7	584.9	567.9	571.2	11040
26.04.2021 00:00	569.9	576.0	561.0	573.2	16790
27.04.2021 00:00	569.9	648.9000000000001	563.2	635.9000000000001	150800
28.04.2021 00:00	636.7	642.9000000000001	613.0	620.2	53280
29.04.2021 00:00	646.9000000000001	647.9000000000001	598.7	615.2	87740
30.04.2021 00:00	622.9000000000001	634.9000000000001	600.0	600.0	38940
04.05.2021 00:00	588.4	611.9	580.4	589.9	16690
05.05.2021 00:00	611.2	611.2	582.9	595.0	12300
06.05.2021 00:00	592.9	618.9000000000001	586.2	613.7	7760
07.05.2021 00:00	615.8000000000001	644.9000000000001	601.3000000000001	642.3000000000001	36190
10.05.2021 00:00	649.8000000000001	649.8000000000001	612.0	628.2	18090
11.05.2021 00:00	614.9000000000001	649.7	614.9000000000001	632.2	45690
12.05.2021 00:00	632.2	639.9000000000001	615.7	634.9000000000001	9870
13.05.2021 00:00	624.9000000000001	647.9000000000001	624.9000000000001	639.5	14630
14.05.2021 00:00	647.8000000000001	647.8000000000001	629.9000000000001	635.2	8210
17.05.2021 00:00	635.8000000000001	647.9000000000001	616.8000000000001	621.3000000000001	26800
18.05.2021 00:00	625.7	636.9000000000001	620.0	632.8000000000001	20240
19.05.2021 00:00	626.9000000000001	641.4000000000001	614.9000000000001	621.2	18710
20.05.2021 00:00	617.2	644.3000000000001	617.2	620.4000000000001	18640
21.05.2021 00:00	621.4000000000001	637.5	620.5	624.2	5370
24.05.2021 00:00	626.2	639.5	626.2	629.8000000000001	7360
25.05.2021 00:00	641.8000000000001	641.8000000000001	623.4000000000001	624.8000000000001	4360
26.05.2021 00:00	625.2	632.9000000000001	621.0	627.7	9520
27.05.2021 00:00	644.9000000000001	644.9000000000001	621.9000000000001	644.2	13760
28.05.2021 00:00	669.9000000000001	686.8000000000001	625.2	647.8000000000001	21440
31.05.2021 00:00	649.9000000000001	682.9000000000001	648.0	679.4000000000001	18110
01.06.2021 00:00	674.9000000000001	722.4000000000001	674.9000000000001	693.7	35870
02.06.2021 00:00	693.8000000000001	706.9000000000001	687.9000000000001	703.8000000000001	13360
03.06.2021 00:00	703.7	729.8000000000001	703.7	713.0	27870
04.06.2021 00:00	719.8000000000001	723.5	694.9000000000001	700.9000000000001	27890
07.06.2021 00:00	724.9000000000001	728.4000000000001	694.9000000000001	709.7	26390
08.06.2021 00:00	705.0	715.9000000000001	690.3000000000001	708.9000000000001	15590
09.06.2021 00:00	709.9000000000001	715.9000000000001	697.9000000000001	702.9000000000001	12400
10.06.2021 00:00	709.8000000000001	714.5	680.5	706.2	16710
11.06.2021 00:00	701.2	721.7	701.2	718.7	31200
14.06.2021 00:00	717.4000000000001	720.9000000000001	691.7	703.7	17370
15.06.2021 00:00	694.9000000000001	711.9000000000001	694.9000000000001	699.9000000000001	9600
16.06.2021 00:00	710.4000000000001	710.8000000000001	693.5	696.7	10350
17.06.2021 00:00	698.9000000000001	711.9000000000001	695.0	700.4000000000001	20830
18.06.2021 00:00	707.7	707.7	665.9000000000001	701.9000000000001	39320
21.06.2021 00:00	704.9000000000001	792.4000000000001	690.8000000000001	724.9000000000001	94600
22.06.2021 00:00	758.9000000000001	769.2	712.2	721.9000000000001	134550
23.06.2021 00:00	721.9000000000001	748.9000000000001	719.9000000000001	728.2	79290
24.06.2021 00:00	744.8000000000001	744.8000000000001	718.0	718.3000000000001	25910
25.06.2021 00:00	721.9000000000001	722.0	707.9000000000001	707.9000000000001	51380
28.06.2021 00:00	709.2	751.9000000000001	709.2	736.3000000000001	105990
29.06.2021 00:00	736.2	765.8000000000001	726.9000000000001	727.9000000000001	46210
30.06.2021 00:00	738.9000000000001	765.9000000000001	733.7	754.9000000000001	44660
01.07.2021 00:00	752.9000000000001	829.9000000000001	751.9000000000001	803.8000000000001	95140
02.07.2021 00:00	812.3000000000001	884.7	810.7	878.8000000000001	205440
05.07.2021 00:00	889.7	999.7	840.0	886.9000000000001	490460
06.07.2021 00:00	895.9000000000001	933.5	809.9000000000001	818.9000000000001	301780
07.07.2021 00:00	836.8000000000001	889.9000000000001	822.3000000000001	870.4000000000001	247020
08.07.2021 00:00	879.7	897.7	820.9000000000001	824.5	120850
09.07.2021 00:00	825.5	858.4000000000001	818.9000000000001	823.9000000000001	91150
12.07.2021 00:00	834.9000000000001	834.9000000000001	817.9000000000001	825.8000000000001	22740
13.07.2021 00:00	829.4000000000001	829.4000000000001	795.9000000000001	823.7	45130
14.07.2021 00:00	826.9000000000001	839.9000000000001	811.2	817.7	35690
15.07.2021 00:00	817.9000000000001	817.9000000000001	761.0	793.8000000000001	99870
16.07.2021 00:00	795.8000000000001	814.7	770.3000000000001	805.9000000000001	29750
19.07.2021 00:00	813.7	816.7	761.5	773.9000000000001	52710
20.07.2021 00:00	786.9000000000001	786.9000000000001	749.9000000000001	751.7	39970
21.07.2021 00:00	757.7	799.8000000000001	744.9000000000001	793.9000000000001	62830
22.07.2021 00:00	799.4000000000001	824.9000000000001	775.4000000000001	797.5	41580
23.07.2021 00:00	804.9000000000001	804.9000000000001	781.0	795.5	18240
26.07.2021 00:00	811.4000000000001	811.8000000000001	770.4000000000001	772.0	22180
27.07.2021 00:00	778.0	787.9000000000001	762.9000000000001	769.9000000000001	19390
28.07.2021 00:00	777.9000000000001	796.2	760.0	779.9000000000001	22790
29.07.2021 00:00	792.5	812.9000000000001	784.9000000000001	800.3000000000001	41410
30.07.2021 00:00	799.9000000000001	807.8000000000001	775.5	786.0	26020
02.08.2021 00:00	803.2	812.7	776.2	797.3000000000001	58810
03.08.2021 00:00	800.9000000000001	817.4000000000001	785.7	808.0	106930
04.08.2021 00:00	808.0	842.9000000000001	802.9000000000001	824.9000000000001	51670
05.08.2021 00:00	830.9000000000001	849.9000000000001	826.1	840.6	57630
06.08.2021 00:00	840.6	854.9000000000001	839.9000000000001	854.9000000000001	39440
09.08.2021 00:00	854.9000000000001	865.9000000000001	810.5	816.0	65110
10.08.2021 00:00	817.8000000000001	848.6	817.8000000000001	841.5	45290
11.08.2021 00:00	842.9000000000001	854.2	825.0	835.7	20250
12.08.2021 00:00	842.2	851.9000000000001	832.0	850.6	48760
13.08.2021 00:00	849.7	849.7	834.9000000000001	838.1	25870
16.08.2021 00:00	837.4000000000001	849.8000000000001	829.9000000000001	839.9000000000001	25950
17.08.2021 00:00	843.8000000000001	844.9000000000001	830.0	830.0	16570
18.08.2021 00:00	819.9000000000001	829.9000000000001	804.9000000000001	816.9000000000001	29050
19.08.2021 00:00	819.9000000000001	821.5	794.9000000000001	807.7	20870
20.08.2021 00:00	814.8000000000001	814.8000000000001	790.4000000000001	802.9000000000001	12240
23.08.2021 00:00	806.4000000000001	824.8000000000001	803.0	817.3000000000001	18430
24.08.2021 00:00	819.9000000000001	831.9000000000001	806.0	815.9000000000001	14030
25.08.2021 00:00	826.8000000000001	837.2	816.5	826.7	29890
26.08.2021 00:00	824.9000000000001	834.8000000000001	814.9000000000001	830.5	18860
27.08.2021 00:00	831.9000000000001	844.7	830.9000000000001	835.8000000000001	15970
30.08.2021 00:00	838.0	879.9000000000001	838.0	876.8000000000001	63860
31.08.2021 00:00	879.4000000000001	916.9000000000001	872.5	903.3000000000001	94690
01.09.2021 00:00	909.9000000000001	915.8000000000001	880.1	882.3000000000001	58644
02.09.2021 00:00	883.7	908.7	857.9000000000001	887.4000000000001	95017
03.09.2021 00:00	898.8000000000001	909.7	870.1	876.8000000000001	40498
06.09.2021 00:00	908.9000000000001	918.9000000000001	859.9000000000001	869.9000000000001	170621
07.09.2021 00:00	876.9000000000001	892.2	870.4000000000001	886.9000000000001	62001
08.09.2021 00:00	889.9000000000001	896.0	876.8000000000001	889.3000000000001	42479
09.09.2021 00:00	888.9000000000001	896.1	876.4000000000001	879.9000000000001	45752
10.09.2021 00:00	887.8000000000001	888.2	869.9000000000001	870.6	25187
13.09.2021 00:00	876.7	889.1	865.5	873.0	28285
14.09.2021 00:00	876.9000000000001	876.9000000000001	868.0	868.0	17146
15.09.2021 00:00	871.9000000000001	879.9000000000001	857.9000000000001	869.9000000000001	60773
16.09.2021 00:00	869.9000000000001	879.8000000000001	857.9000000000001	867.9000000000001	18356
17.09.2021 00:00	863.9000000000001	875.9000000000001	858.9000000000001	864.9000000000001	12495
20.09.2021 00:00	866.9000000000001	883.2	822.6	846.0	91643
21.09.2021 00:00	850.0	869.0	837.4000000000001	847.9000000000001	25445
22.09.2021 00:00	848.4000000000001	864.9000000000001	846.0	852.8000000000001	29057
23.09.2021 00:00	836.8000000000001	876.9000000000001	831.0	874.4000000000001	51106
24.09.2021 00:00	875.9000000000001	882.9000000000001	860.0	862.1	24772
27.09.2021 00:00	871.2	898.8000000000001	865.2	867.4000000000001	27460
28.09.2021 00:00	865.3000000000001	870.9000000000001	839.9000000000001	852.4000000000001	25742
29.09.2021 00:00	853.7	853.8000000000001	824.9000000000001	824.9000000000001	29743
30.09.2021 00:00	831.8000000000001	844.6	808.3000000000001	823.4000000000001	26331
01.10.2021 00:00	843.9000000000001	843.9000000000001	812.7	825.2	23254
04.10.2021 00:00	819.9000000000001	843.0	813.5	813.9000000000001	35150
05.10.2021 00:00	816.4000000000001	839.9000000000001	800.0	819.9000000000001	31875
06.10.2021 00:00	823.9000000000001	828.9000000000001	789.9000000000001	797.0	29414
07.10.2021 00:00	813.8000000000001	818.8000000000001	797.5	811.7	18192
08.10.2021 00:00	818.9000000000001	824.9000000000001	809.0	812.9000000000001	28068
11.10.2021 00:00	817.8000000000001	858.9000000000001	812.9000000000001	852.7	40680
12.10.2021 00:00	853.9000000000001	860.3000000000001	839.0	855.1	19246
13.10.2021 00:00	859.9000000000001	860.3000000000001	839.9000000000001	852.6	25616
14.10.2021 00:00	852.6	860.2	850.0	858.9000000000001	18364
15.10.2021 00:00	860.1	860.3000000000001	850.2	856.3000000000001	19791
18.10.2021 00:00	857.7	857.7	830.2	840.0	25381
19.10.2021 00:00	840.9000000000001	855.4000000000001	840.9000000000001	848.6	11001
20.10.2021 00:00	848.6	856.9000000000001	839.9000000000001	850.2	43680
21.10.2021 00:00	857.4000000000001	857.8000000000001	844.0	847.0	44504
22.10.2021 00:00	851.4000000000001	852.5	825.1	832.7	34890
25.10.2021 00:00	832.9000000000001	844.8000000000001	824.9000000000001	834.1	19268
26.10.2021 00:00	843.9000000000001	843.9000000000001	820.1	834.8000000000001	14576
27.10.2021 00:00	843.0	844.1	826.0	841.3000000000001	11977
28.10.2021 00:00	849.9000000000001	849.9000000000001	831.5	841.4000000000001	24855
29.10.2021 00:00	844.9000000000001	860.1	834.9000000000001	857.5	56897
01.11.2021 00:00	859.9000000000001	888.8000000000001	857.0	874.7	70734
02.11.2021 00:00	884.9000000000001	894.8000000000001	857.2	877.0	57295
03.11.2021 00:00	879.9000000000001	889.8000000000001	855.1	857.9000000000001	19714
05.11.2021 00:00	867.9000000000001	867.9000000000001	807.9000000000001	845.1	58454
08.11.2021 00:00	863.7	883.9000000000001	854.9000000000001	879.5	39102
09.11.2021 00:00	879.9000000000001	884.9000000000001	862.3000000000001	867.9000000000001	29059
10.11.2021 00:00	867.9000000000001	879.1	859.9000000000001	868.6	13387
11.11.2021 00:00	869.9000000000001	874.4000000000001	852.3000000000001	853.3000000000001	27099
12.11.2021 00:00	853.4000000000001	871.9000000000001	843.9000000000001	849.1	31596
15.11.2021 00:00	863.1	869.8000000000001	844.9000000000001	854.1	36651
16.11.2021 00:00	866.9000000000001	866.9000000000001	850.9000000000001	853.3000000000001	13397
17.11.2021 00:00	860.0	861.9000000000001	849.9000000000001	852.8000000000001	18489
18.11.2021 00:00	853.3000000000001	859.4000000000001	839.9000000000001	845.7	17606
19.11.2021 00:00	853.1	853.1	824.9000000000001	829.9000000000001	20140
22.11.2021 00:00	842.4000000000001	842.4000000000001	809.9000000000001	810.4000000000001	36655
23.11.2021 00:00	813.7	827.1	767.0	799.9000000000001	54485
24.11.2021 00:00	815.9000000000001	844.4000000000001	801.3000000000001	827.9000000000001	45459
25.11.2021 00:00	828.0	841.8000000000001	825.9000000000001	827.6	16633
26.11.2021 00:00	825.5	836.5	811.0	825.3000000000001	21715
29.11.2021 00:00	840.4000000000001	845.9000000000001	823.1	826.4000000000001	13209
30.11.2021 00:00	825.7	861.8000000000001	818.9000000000001	831.6	44336
01.12.2021 00:00	831.6	847.9000000000001	830.2	841.1	10441
02.12.2021 00:00	846.1	847.9000000000001	832.6	838.8000000000001	9825
03.12.2021 00:00	847.7	847.7	823.5	827.3000000000001	14900
06.12.2021 00:00	836.5	842.9000000000001	786.2	803.9000000000001	28899
07.12.2021 00:00	804.9000000000001	829.8000000000001	802.9000000000001	815.2	9466
08.12.2021 00:00	830.4000000000001	830.4000000000001	806.4000000000001	811.2	7665
09.12.2021 00:00	819.9000000000001	819.9000000000001	803.9000000000001	815.0	19026
10.12.2021 00:00	826.9000000000001	827.0	805.9000000000001	811.5	15704
13.12.2021 00:00	811.5	826.6	784.9000000000001	785.7	26022
14.12.2021 00:00	785.7	821.9000000000001	775.0	789.4000000000001	26048
15.12.2021 00:00	799.9000000000001	812.2	786.2	795.7	28974
16.12.2021 00:00	799.9000000000001	818.7	785.9000000000001	802.8000000000001	22662
17.12.2021 00:00	801.8000000000001	801.8000000000001	790.3000000000001	795.9000000000001	16324
20.12.2021 00:00	796.4000000000001	804.8000000000001	781.4000000000001	786.5	10838
21.12.2021 00:00	786.4000000000001	808.9000000000001	782.3000000000001	807.9000000000001	28260
22.12.2021 00:00	808.4000000000001	819.9000000000001	801.0	812.9000000000001	11475
23.12.2021 00:00	817.4000000000001	818.8000000000001	800.4000000000001	811.7	9488
24.12.2021 00:00	811.7	818.7	800.9000000000001	814.2	9728
27.12.2021 00:00	815.9000000000001	815.9000000000001	806.0	809.9000000000001	13371
28.12.2021 00:00	814.8000000000001	815.9000000000001	810.0	811.7	15926
29.12.2021 00:00	810.9000000000001	815.7	799.9000000000001	801.9000000000001	17364
30.12.2021 00:00	801.9000000000001	814.0	792.4000000000001	797.0	31537
03.01.2022 00:00	813.9000000000001	828.8000000000001	798.8000000000001	824.9000000000001	19799
04.01.2022 00:00	829.7	839.8000000000001	819.9000000000001	827.0	11109
05.01.2022 00:00	832.9000000000001	838.6	819.9000000000001	819.9000000000001	14450
06.01.2022 00:00	829.9000000000001	841.7	797.0	811.9000000000001	18366
10.01.2022 00:00	820.1	834.8000000000001	800.4000000000001	808.2	16041
11.01.2022 00:00	804.9000000000001	824.9000000000001	802.4000000000001	822.9000000000001	22738
12.01.2022 00:00	829.2	866.9000000000001	819.8000000000001	838.1	67788
13.01.2022 00:00	839.9000000000001	844.9000000000001	806.9000000000001	806.9000000000001	57057
14.01.2022 00:00	810.0	829.6	785.9000000000001	793.4000000000001	57184
17.01.2022 00:00	799.9000000000001	824.3000000000001	781.2	789.8000000000001	29341
18.01.2022 00:00	796.9000000000001	799.8000000000001	725.2	728.0	99761
19.01.2022 00:00	734.9000000000001	783.9000000000001	704.4000000000001	769.9000000000001	76098
20.01.2022 00:00	796.4000000000001	799.9000000000001	770.9000000000001	782.4000000000001	19041
21.01.2022 00:00	785.4000000000001	789.5	755.2	755.2	30708
24.01.2022 00:00	755.2	757.9000000000001	714.9000000000001	715.4000000000001	67244
25.01.2022 00:00	719.4000000000001	757.4000000000001	719.4000000000001	731.9000000000001	16879
26.01.2022 00:00	729.9000000000001	774.9000000000001	729.9000000000001	764.3000000000001	17670
27.01.2022 00:00	765.8000000000001	776.9000000000001	752.9000000000001	767.2	38489
28.01.2022 00:00	779.9000000000001	787.3000000000001	765.4000000000001	772.7	8614
31.01.2022 00:00	809.9000000000001	809.9000000000001	772.7	775.4000000000001	33876
01.02.2022 00:00	786.9000000000001	796.2	760.5	765.5	41446
02.02.2022 00:00	765.5	778.9000000000001	734.5	750.4000000000001	39607
03.02.2022 00:00	750.4000000000001	759.9000000000001	733.9000000000001	735.4000000000001	19039
04.02.2022 00:00	759.4000000000001	759.4000000000001	735.7	747.2	25569
07.02.2022 00:00	777.9000000000001	778.8000000000001	745.4000000000001	761.9000000000001	28321
08.02.2022 00:00	770.7	773.9000000000001	752.4000000000001	758.9000000000001	19508
09.02.2022 00:00	769.9000000000001	815.2	757.5	759.8000000000001	54740
10.02.2022 00:00	762.9000000000001	768.8000000000001	737.4000000000001	753.2	25291
11.02.2022 00:00	754.7	757.9000000000001	724.9000000000001	734.9000000000001	28165
14.02.2022 00:00	735.9000000000001	748.8000000000001	720.4000000000001	744.9000000000001	18518
15.02.2022 00:00	744.9000000000001	760.0	739.9000000000001	750.9000000000001	27157
16.02.2022 00:00	758.7	766.9000000000001	749.9000000000001	751.7	26372
17.02.2022 00:00	759.3000000000001	759.3000000000001	728.8000000000001	733.2	28780
18.02.2022 00:00	739.9000000000001	749.2	714.9000000000001	724.2	28292
21.02.2022 00:00	726.0	737.9000000000001	624.9000000000001	655.9000000000001	69899
22.02.2022 00:00	655.9000000000001	699.9000000000001	579.9	689.7	43868
24.02.2022 00:00	620.9000000000001	649.9000000000001	413.5	548.9	62261
25.02.2022 00:00	549.3000000000001	678.8000000000001	500.70000000000005	549.9	51806
30.03.2022 00:00	604.9	715.2	582.2	630.2	49944
31.03.2022 00:00	639.9000000000001	676.8000000000001	578.5	657.2	31921
01.04.2022 00:00	659.9000000000001	679.9000000000001	639.9000000000001	649.9000000000001	22279
04.04.2022 00:00	654.9000000000001	699.9000000000001	646.8000000000001	653.5	24088
05.04.2022 00:00	669.9000000000001	669.9000000000001	614.9000000000001	616.8000000000001	13491
06.04.2022 00:00	622.9000000000001	622.9000000000001	589.9	590.2	21009
07.04.2022 00:00	590.9	614.4000000000001	564.9	572.8000000000001	20033
08.04.2022 00:00	571.8000000000001	596.8000000000001	549.9	569.9	33153
11.04.2022 00:00	569.9	580.4	550.3000000000001	553.7	11126
12.04.2022 00:00	579.8000000000001	579.8000000000001	531.0	547.2	11732
13.04.2022 00:00	547.2	574.2	529.9	537.9	11554
14.04.2022 00:00	554.9	555.3000000000001	499.90000000000003	514.8000000000001	10164
15.04.2022 00:00	513.9	514.9	499.90000000000003	503.90000000000003	8870
18.04.2022 00:00	543.9	543.9	505.40000000000003	508.90000000000003	14829
19.04.2022 00:00	508.90000000000003	510.1	459.90000000000003	481.0	46790
20.04.2022 00:00	481.20000000000005	493.70000000000005	457.90000000000003	470.90000000000003	35120
21.04.2022 00:00	469.70000000000005	563.2	457.90000000000003	491.90000000000003	118712
22.04.2022 00:00	505.8	517.8000000000001	470.0	479.90000000000003	30582
25.04.2022 00:00	479.90000000000003	516.9	460.40000000000003	485.8	69258
26.04.2022 00:00	479.3	507.1	440.90000000000003	464.40000000000003	141947
27.04.2022 00:00	467.90000000000003	487.90000000000003	465.0	476.40000000000003	43002
28.04.2022 00:00	499.70000000000005	508.40000000000003	474.90000000000003	483.70000000000005	107731
29.04.2022 00:00	449.90000000000003	496.90000000000003	449.90000000000003	476.70000000000005	20524
04.05.2022 00:00	484.90000000000003	485.90000000000003	454.90000000000003	461.6	14660
05.05.2022 00:00	452.90000000000003	471.3	452.90000000000003	456.5	18742
06.05.2022 00:00	473.8	473.8	430.6	447.0	20260
11.05.2022 00:00	447.0	491.70000000000005	424.8	480.1	76280
12.05.2022 00:00	483.90000000000003	531.9	458.1	464.70000000000005	49074
13.05.2022 00:00	464.70000000000005	484.0	455.40000000000003	465.5	10110
16.05.2022 00:00	464.90000000000003	478.90000000000003	464.90000000000003	470.0	9807
17.05.2022 00:00	498.90000000000003	498.90000000000003	465.20000000000005	469.90000000000003	8913
18.05.2022 00:00	475.90000000000003	486.6	459.90000000000003	464.6	36809
19.05.2022 00:00	450.90000000000003	466.90000000000003	449.90000000000003	452.8	23494
20.05.2022 00:00	449.90000000000003	473.90000000000003	435.40000000000003	447.70000000000005	24972
23.05.2022 00:00	449.90000000000003	459.0	430.90000000000003	431.3	12278
24.05.2022 00:00	429.90000000000003	437.90000000000003	413.90000000000003	420.90000000000003	24509
25.05.2022 00:00	424.90000000000003	431.40000000000003	416.0	418.20000000000005	7998
26.05.2022 00:00	418.1	458.6	409.90000000000003	425.8	23086
27.05.2022 00:00	441.90000000000003	441.90000000000003	417.0	427.8	16235
30.05.2022 00:00	443.90000000000003	444.3	419.70000000000005	420.8	18715
31.05.2022 00:00	410.90000000000003	422.40000000000003	394.90000000000003	403.90000000000003	27572
01.06.2022 00:00	400.70000000000005	406.6	395.90000000000003	399.8	23434
02.06.2022 00:00	400.1	404.40000000000003	392.1	398.20000000000005	17142
03.06.2022 00:00	398.20000000000005	403.3	361.20000000000005	366.90000000000003	46854
06.06.2022 00:00	371.90000000000003	371.90000000000003	339.90000000000003	342.90000000000003	46329
07.06.2022 00:00	321.6	352.40000000000003	320.70000000000005	340.90000000000003	81378
08.06.2022 00:00	337.90000000000003	368.70000000000005	329.1	355.1	83164
09.06.2022 00:00	355.1	359.8	325.6	334.1	51227
10.06.2022 00:00	335.90000000000003	346.90000000000003	325.40000000000003	330.1	57710
14.06.2022 00:00	341.90000000000003	341.90000000000003	318.1	321.90000000000003	30499
15.06.2022 00:00	328.90000000000003	330.90000000000003	321.1	326.6	32353
16.06.2022 00:00	328.90000000000003	377.20000000000005	319.1	362.90000000000003	163971
17.06.2022 00:00	374.8	376.8	356.90000000000003	364.70000000000005	36289
20.06.2022 00:00	364.70000000000005	393.6	355.90000000000003	386.8	50452
21.06.2022 00:00	399.90000000000003	399.90000000000003	369.90000000000003	375.1	39771
22.06.2022 00:00	367.6	382.20000000000005	360.6	361.90000000000003	21711
23.06.2022 00:00	369.6	375.70000000000005	362.1	368.3	17155
24.06.2022 00:00	366.20000000000005	379.6	357.90000000000003	368.70000000000005	17051
27.06.2022 00:00	374.90000000000003	394.90000000000003	369.1	388.1	39206
28.06.2022 00:00	387.90000000000003	411.90000000000003	381.20000000000005	404.8	69689
29.06.2022 00:00	404.90000000000003	411.90000000000003	378.1	388.90000000000003	39319
30.06.2022 00:00	393.90000000000003	404.90000000000003	370.90000000000003	392.6	35235
01.07.2022 00:00	387.90000000000003	403.90000000000003	387.90000000000003	394.90000000000003	23021
04.07.2022 00:00	434.40000000000003	434.40000000000003	394.70000000000005	402.90000000000003	23262
05.07.2022 00:00	408.70000000000005	427.90000000000003	397.70000000000005	426.8	87018
06.07.2022 00:00	426.90000000000003	432.3	414.90000000000003	426.0	27213
07.07.2022 00:00	426.8	448.6	419.70000000000005	439.90000000000003	41848
08.07.2022 00:00	443.8	457.90000000000003	437.20000000000005	442.8	47562
11.07.2022 00:00	441.90000000000003	445.1	408.1	422.90000000000003	69556
12.07.2022 00:00	434.90000000000003	434.90000000000003	405.1	413.70000000000005	32944
13.07.2022 00:00	418.90000000000003	421.8	383.90000000000003	389.1	50006
14.07.2022 00:00	388.90000000000003	389.90000000000003	371.70000000000005	381.90000000000003	33861
15.07.2022 00:00	381.90000000000003	409.3	374.8	394.1	25139
18.07.2022 00:00	395.90000000000003	429.90000000000003	395.90000000000003	410.90000000000003	64437
19.07.2022 00:00	409.90000000000003	414.90000000000003	391.90000000000003	399.90000000000003	21757
20.07.2022 00:00	399.90000000000003	411.8	377.90000000000003	393.40000000000003	22688
21.07.2022 00:00	396.8	401.70000000000005	384.90000000000003	392.6	13979
22.07.2022 00:00	395.40000000000003	403.6	391.90000000000003	401.90000000000003	14906
25.07.2022 00:00	404.90000000000003	410.90000000000003	397.6	407.40000000000003	34109
26.07.2022 00:00	407.6	444.90000000000003	402.90000000000003	427.90000000000003	95239
27.07.2022 00:00	429.90000000000003	446.90000000000003	410.90000000000003	424.1	51454
28.07.2022 00:00	438.90000000000003	438.90000000000003	412.20000000000005	421.90000000000003	29355
29.07.2022 00:00	428.90000000000003	463.90000000000003	421.90000000000003	461.1	149454
01.08.2022 00:00	494.90000000000003	496.5	420.1	440.0	265786
02.08.2022 00:00	397.6	436.90000000000003	397.6	417.90000000000003	74506
03.08.2022 00:00	418.0	439.90000000000003	410.5	430.90000000000003	55393
04.08.2022 00:00	439.90000000000003	448.1	432.3	441.3	32992
05.08.2022 00:00	447.90000000000003	447.90000000000003	410.0	418.0	48009
08.08.2022 00:00	442.8	442.8	421.5	435.40000000000003	38799
09.08.2022 00:00	432.90000000000003	439.8	432.0	436.90000000000003	14228
10.08.2022 00:00	436.90000000000003	443.90000000000003	432.0	443.90000000000003	21866
11.08.2022 00:00	444.90000000000003	458.3	439.40000000000003	446.90000000000003	32127
12.08.2022 00:00	450.1	454.6	427.90000000000003	436.40000000000003	84324
15.08.2022 00:00	436.40000000000003	445.1	436.40000000000003	443.70000000000005	20888
16.08.2022 00:00	444.90000000000003	462.90000000000003	443.1	455.3	61794
17.08.2022 00:00	460.8	466.3	449.3	462.1	31406
18.08.2022 00:00	462.1	478.90000000000003	454.20000000000005	476.70000000000005	76429
19.08.2022 00:00	477.90000000000003	488.90000000000003	462.3	481.0	101538
22.08.2022 00:00	485.8	487.90000000000003	463.20000000000005	472.70000000000005	89327
23.08.2022 00:00	474.3	478.5	459.90000000000003	469.1	61651
24.08.2022 00:00	469.0	475.5	466.90000000000003	472.1	34061
25.08.2022 00:00	473.8	478.70000000000005	464.90000000000003	469.5	66086
26.08.2022 00:00	468.90000000000003	468.90000000000003	461.90000000000003	467.8	29767
29.08.2022 00:00	468.1	471.90000000000003	460.90000000000003	460.90000000000003	43781
30.08.2022 00:00	465.90000000000003	474.90000000000003	455.90000000000003	461.90000000000003	83739
31.08.2022 00:00	424.3	465.20000000000005	424.3	461.90000000000003	32865
01.09.2022 00:00	469.90000000000003	473.70000000000005	464.90000000000003	471.5	72384
02.09.2022 00:00	471.40000000000003	498.90000000000003	462.40000000000003	483.90000000000003	383855
05.09.2022 00:00	495.3	504.90000000000003	465.20000000000005	473.90000000000003	413334
06.09.2022 00:00	474.0	475.8	444.90000000000003	463.90000000000003	115256
07.09.2022 00:00	459.90000000000003	461.90000000000003	444.20000000000005	458.70000000000005	58065
08.09.2022 00:00	461.90000000000003	513.9	454.90000000000003	497.1	540099
09.09.2022 00:00	497.8	508.90000000000003	478.90000000000003	482.0	280323
12.09.2022 00:00	483.1	495.90000000000003	481.90000000000003	488.90000000000003	87044
13.09.2022 00:00	489.90000000000003	492.40000000000003	480.90000000000003	484.90000000000003	37198
14.09.2022 00:00	489.70000000000005	489.70000000000005	471.1	477.5	79225
15.09.2022 00:00	481.6	484.70000000000005	474.40000000000003	481.90000000000003	38217
16.09.2022 00:00	483.6	491.90000000000003	480.1	488.90000000000003	82506
19.09.2022 00:00	490.90000000000003	493.1	480.0	486.1	33388
20.09.2022 00:00	489.90000000000003	492.6	414.20000000000005	437.3	152313
21.09.2022 00:00	393.90000000000003	429.90000000000003	327.6	422.1	127191
22.09.2022 00:00	420.1	440.90000000000003	410.1	421.0	39601
23.09.2022 00:00	420.90000000000003	420.90000000000003	380.8	406.3	88869
26.09.2022 00:00	399.90000000000003	399.90000000000003	332.90000000000003	357.90000000000003	120669
27.09.2022 00:00	337.1	369.1	337.1	359.90000000000003	32450
28.09.2022 00:00	369.90000000000003	374.6	338.3	342.90000000000003	54831
29.09.2022 00:00	344.3	356.90000000000003	335.6	343.3	33499
30.09.2022 00:00	343.40000000000003	369.90000000000003	329.70000000000005	356.8	80334
03.10.2022 00:00	372.90000000000003	405.6	357.1	401.90000000000003	125135
04.10.2022 00:00	401.90000000000003	434.90000000000003	400.40000000000003	418.20000000000005	102092
05.10.2022 00:00	418.20000000000005	419.5	391.1	410.3	58843
06.10.2022 00:00	409.90000000000003	424.90000000000003	409.90000000000003	414.6	45912
07.10.2022 00:00	408.70000000000005	415.40000000000003	390.6	395.1	37220
10.10.2022 00:00	355.6	419.40000000000003	339.90000000000003	407.20000000000005	81702
11.10.2022 00:00	419.5	424.8	399.90000000000003	419.70000000000005	63948
12.10.2022 00:00	419.90000000000003	443.8	419.90000000000003	438.1	135498
13.10.2022 00:00	442.90000000000003	448.90000000000003	437.90000000000003	442.70000000000005	63286
14.10.2022 00:00	442.8	448.40000000000003	433.0	440.0	36214
17.10.2022 00:00	449.70000000000005	449.70000000000005	440.1	446.40000000000003	32782
18.10.2022 00:00	449.90000000000003	465.90000000000003	441.0	451.1	53588
19.10.2022 00:00	446.1	450.5	432.1	438.90000000000003	50690
20.10.2022 00:00	449.90000000000003	454.90000000000003	439.3	448.5	38854
21.10.2022 00:00	448.40000000000003	450.90000000000003	440.20000000000005	446.40000000000003	20139
24.10.2022 00:00	449.90000000000003	454.90000000000003	444.90000000000003	450.1	38136
25.10.2022 00:00	454.8	464.90000000000003	446.90000000000003	463.5	63795
26.10.2022 00:00	463.5	479.0	456.90000000000003	468.8	239599
27.10.2022 00:00	474.6	474.6	464.90000000000003	470.1	61150
28.10.2022 00:00	470.5	474.8	468.70000000000005	473.40000000000003	47957
31.10.2022 00:00	473.3	484.1	462.5	474.90000000000003	103041
01.11.2022 00:00	477.8	478.90000000000003	464.90000000000003	471.90000000000003	49816
02.11.2022 00:00	471.90000000000003	473.70000000000005	465.20000000000005	468.1	53291
03.11.2022 00:00	466.8	486.20000000000005	448.90000000000003	480.90000000000003	147697
07.11.2022 00:00	483.90000000000003	487.90000000000003	469.90000000000003	484.40000000000003	60112
08.11.2022 00:00	481.40000000000003	489.90000000000003	474.1	478.6	39482
09.11.2022 00:00	475.90000000000003	483.3	453.1	457.0	32008
10.11.2022 00:00	457.0	477.8	456.0	463.8	47174
11.11.2022 00:00	460.3	467.90000000000003	456.5	462.90000000000003	27095
14.11.2022 00:00	464.1	465.6	455.90000000000003	459.6	25954
15.11.2022 00:00	459.6	460.70000000000005	448.3	450.90000000000003	25807
16.11.2022 00:00	447.3	453.70000000000005	438.5	449.90000000000003	18469
17.11.2022 00:00	454.90000000000003	468.90000000000003	449.40000000000003	454.90000000000003	35845
18.11.2022 00:00	459.3	469.5	450.0	457.3	31779
21.11.2022 00:00	456.70000000000005	459.20000000000005	432.70000000000005	444.90000000000003	49556
22.11.2022 00:00	444.90000000000003	460.6	440.3	449.8	12761
23.11.2022 00:00	449.90000000000003	454.20000000000005	447.1	450.70000000000005	7275
24.11.2022 00:00	453.90000000000003	487.1	450.6	462.8	67189
25.11.2022 00:00	462.8	462.90000000000003	454.90000000000003	458.8	14383
28.11.2022 00:00	454.0	459.20000000000005	441.0	448.40000000000003	26063
29.11.2022 00:00	448.5	450.90000000000003	441.0	444.0	19565
30.11.2022 00:00	445.20000000000005	446.90000000000003	438.90000000000003	442.6	19002
01.12.2022 00:00	443.90000000000003	451.90000000000003	434.90000000000003	442.70000000000005	21102
02.12.2022 00:00	442.70000000000005	444.20000000000005	438.0	438.1	42506
05.12.2022 00:00	437.90000000000003	442.40000000000003	433.90000000000003	437.5	33055
06.12.2022 00:00	434.90000000000003	439.90000000000003	431.0	436.0	21840
07.12.2022 00:00	435.6	450.90000000000003	427.40000000000003	428.70000000000005	125948
08.12.2022 00:00	435.90000000000003	435.90000000000003	427.1	428.1	33967
09.12.2022 00:00	427.90000000000003	432.20000000000005	419.90000000000003	421.90000000000003	31253
12.12.2022 00:00	423.5	428.90000000000003	422.0	423.0	30858
13.12.2022 00:00	427.8	427.8	419.90000000000003	420.0	13680
14.12.2022 00:00	419.8	419.8	409.90000000000003	411.40000000000003	24810
15.12.2022 00:00	409.90000000000003	409.90000000000003	405.6	407.6	11919
16.12.2022 00:00	406.6	410.90000000000003	401.1	405.8	13608
19.12.2022 00:00	404.90000000000003	409.70000000000005	400.1	404.6	12538
20.12.2022 00:00	402.90000000000003	419.90000000000003	400.1	414.1	21245
21.12.2022 00:00	411.90000000000003	424.90000000000003	411.90000000000003	416.90000000000003	17002
22.12.2022 00:00	416.90000000000003	429.90000000000003	416.90000000000003	427.40000000000003	39540
23.12.2022 00:00	429.90000000000003	429.90000000000003	423.90000000000003	425.8	13276
26.12.2022 00:00	423.90000000000003	427.8	409.70000000000005	416.0	29869
27.12.2022 00:00	415.8	421.20000000000005	414.90000000000003	416.90000000000003	16355
28.12.2022 00:00	429.5	429.5	417.90000000000003	419.1	9198
29.12.2022 00:00	429.70000000000005	429.70000000000005	419.40000000000003	424.8	9783
30.12.2022 00:00	423.3	425.90000000000003	411.3	423.8	13512
03.01.2023 00:00	423.8	433.8	416.6	432.5	13428
04.01.2023 00:00	433.8	433.8	429.5	431.90000000000003	12456
05.01.2023 00:00	432.90000000000003	444.90000000000003	430.90000000000003	439.0	42663
06.01.2023 00:00	443.8	443.8	430.90000000000003	436.8	13748
09.01.2023 00:00	441.6	441.6	431.5	432.0	28036
10.01.2023 00:00	426.1	444.90000000000003	425.5	435.8	21845
11.01.2023 00:00	437.90000000000003	441.90000000000003	434.1	439.40000000000003	31654
12.01.2023 00:00	439.0	441.8	438.90000000000003	439.90000000000003	13434
13.01.2023 00:00	440.90000000000003	443.6	435.5	437.0	20622
16.01.2023 00:00	439.0	439.90000000000003	436.40000000000003	438.3	22706
17.01.2023 00:00	438.5	439.3	430.90000000000003	437.1	20384
18.01.2023 00:00	437.90000000000003	455.3	434.1	446.3	111880
19.01.2023 00:00	446.20000000000005	457.90000000000003	439.90000000000003	448.8	58930
20.01.2023 00:00	451.8	451.90000000000003	440.90000000000003	446.8	13743
23.01.2023 00:00	448.1	451.8	445.5	449.90000000000003	20458
24.01.2023 00:00	451.90000000000003	454.70000000000005	447.90000000000003	448.6	21646
25.01.2023 00:00	451.6	454.5	439.5	447.1	35159
26.01.2023 00:00	447.40000000000003	450.0	442.8	444.90000000000003	8141
27.01.2023 00:00	444.90000000000003	454.90000000000003	443.90000000000003	450.90000000000003	35159
30.01.2023 00:00	454.90000000000003	459.90000000000003	454.90000000000003	459.90000000000003	38272
31.01.2023 00:00	460.0	472.20000000000005	460.0	467.90000000000003	57166
01.02.2023 00:00	472.20000000000005	481.8	468.1	480.90000000000003	82250
02.02.2023 00:00	484.6	484.6	467.90000000000003	478.20000000000005	48891
03.02.2023 00:00	481.8	481.8	469.90000000000003	477.3	37389
06.02.2023 00:00	483.70000000000005	484.90000000000003	463.70000000000005	472.40000000000003	188812
07.02.2023 00:00	472.90000000000003	475.70000000000005	466.90000000000003	470.70000000000005	24607
08.02.2023 00:00	470.70000000000005	474.70000000000005	463.70000000000005	466.8	32502
09.02.2023 00:00	463.70000000000005	469.90000000000003	457.5	469.40000000000003	28585
10.02.2023 00:00	467.0	470.8	467.0	468.5	10900
13.02.2023 00:00	469.90000000000003	474.70000000000005	468.0	473.90000000000003	26924
14.02.2023 00:00	474.8	480.8	453.90000000000003	462.1	32214
15.02.2023 00:00	462.1	462.3	435.0	440.90000000000003	53468
16.02.2023 00:00	439.90000000000003	446.6	437.40000000000003	442.3	20156
17.02.2023 00:00	442.40000000000003	449.90000000000003	440.90000000000003	447.20000000000005	17526
20.02.2023 00:00	448.40000000000003	450.90000000000003	435.90000000000003	444.3	37737
21.02.2023 00:00	450.90000000000003	459.70000000000005	443.90000000000003	449.0	32369
22.02.2023 00:00	449.0	450.90000000000003	444.90000000000003	447.70000000000005	7420
24.02.2023 00:00	450.0	468.90000000000003	450.0	455.5	52400
27.02.2023 00:00	455.5	462.70000000000005	444.3	459.40000000000003	23745
28.02.2023 00:00	459.40000000000003	463.40000000000003	457.70000000000005	459.8	12106
01.03.2023 00:00	459.8	466.1	458.90000000000003	463.8	24360
02.03.2023 00:00	464.90000000000003	468.90000000000003	452.90000000000003	461.3	45006
03.03.2023 00:00	464.90000000000003	473.90000000000003	460.0	469.40000000000003	43842
06.03.2023 00:00	472.90000000000003	474.90000000000003	470.70000000000005	471.90000000000003	18954
07.03.2023 00:00	473.0	478.0	470.40000000000003	474.20000000000005	17919
09.03.2023 00:00	476.90000000000003	476.90000000000003	469.90000000000003	473.20000000000005	16613
10.03.2023 00:00	471.40000000000003	475.3	460.70000000000005	467.90000000000003	28433
13.03.2023 00:00	468.90000000000003	477.6	464.90000000000003	465.90000000000003	10116
14.03.2023 00:00	469.70000000000005	483.90000000000003	466.1	478.3	76906
15.03.2023 00:00	479.40000000000003	484.90000000000003	469.70000000000005	470.0	26994
16.03.2023 00:00	470.20000000000005	471.3	456.3	464.70000000000005	20737
17.03.2023 00:00	466.70000000000005	474.40000000000003	464.8	468.8	20214
20.03.2023 00:00	470.90000000000003	484.20000000000005	469.1	479.90000000000003	41976
21.03.2023 00:00	479.90000000000003	483.90000000000003	471.90000000000003	475.70000000000005	28013
22.03.2023 00:00	475.70000000000005	494.8	474.1	489.90000000000003	97333
23.03.2023 00:00	489.90000000000003	509.90000000000003	488.0	499.70000000000005	189139
24.03.2023 00:00	500.90000000000003	508.40000000000003	493.1	493.40000000000003	42735
27.03.2023 00:00	498.20000000000005	508.90000000000003	495.90000000000003	503.3	83378
28.03.2023 00:00	505.20000000000005	508.40000000000003	490.3	499.6	50271
29.03.2023 00:00	499.6	539.9	498.90000000000003	532.7	409947
30.03.2023 00:00	534.9	552.2	529.3000000000001	536.9	495318
31.03.2023 00:00	536.9	541.2	530.4	534.4	119485
03.04.2023 00:00	540.7	541.0	532.5	537.4	92663
04.04.2023 00:00	536.9	536.9	515.8000000000001	522.4	111342
05.04.2023 00:00	522.9	536.0	522.0	531.0	69008
06.04.2023 00:00	531.0	538.8000000000001	516.4	526.9	46524
07.04.2023 00:00	525.9	534.2	525.9	532.4	26438
10.04.2023 00:00	534.9	598.7	530.5	596.4	537876
11.04.2023 00:00	583.9	590.7	545.2	555.2	934977
12.04.2023 00:00	559.9	569.7	555.7	565.3000000000001	65557
13.04.2023 00:00	565.4	567.8000000000001	554.9	560.7	33966
14.04.2023 00:00	560.9	561.2	554.9	557.9	14815
17.04.2023 00:00	559.9	575.8000000000001	558.0	567.7	45976
18.04.2023 00:00	569.9	583.8000000000001	550.4	568.7	71542
19.04.2023 00:00	570.5	576.9	560.8000000000001	566.4	44690
20.04.2023 00:00	566.4	567.2	555.2	560.7	39889
21.04.2023 00:00	560.8000000000001	563.9	557.3000000000001	560.0	11420
24.04.2023 00:00	558.9	563.7	555.4	563.7	22027
25.04.2023 00:00	564.5	565.7	559.9	561.8000000000001	10408
26.04.2023 00:00	561.9	578.4	561.9	566.8000000000001	54471
27.04.2023 00:00	568.2	569.7	560.9	563.9	13333
28.04.2023 00:00	564.9	566.7	545.8000000000001	558.3000000000001	50082
02.05.2023 00:00	561.2	564.9	524.9	539.2	90227
03.05.2023 00:00	539.2	539.3000000000001	521.7	521.7	36290
04.05.2023 00:00	521.7	533.5	516.9	532.7	31884
05.05.2023 00:00	532.9	557.2	530.5	540.2	37758
08.05.2023 00:00	538.9	545.2	524.3000000000001	533.7	9260
10.05.2023 00:00	534.2	549.8000000000001	530.7	547.9	29216
11.05.2023 00:00	551.9	558.9	546.2	551.8000000000001	26211
12.05.2023 00:00	551.7	558.9	542.4	548.5	17368
15.05.2023 00:00	548.4	555.8000000000001	548.4	550.9	14911
16.05.2023 00:00	557.4	568.9	550.9	556.7	36132
17.05.2023 00:00	556.3000000000001	558.9	547.0	554.7	10687
18.05.2023 00:00	553.9	558.8000000000001	544.9	546.2	15254
19.05.2023 00:00	544.9	550.8000000000001	526.2	547.9	12538
22.05.2023 00:00	550.9	552.5	536.9	544.3000000000001	13680
23.05.2023 00:00	552.9	571.7	548.5	560.9	153364
24.05.2023 00:00	562.2	569.2	554.3000000000001	562.2	21971
25.05.2023 00:00	566.0	568.9	555.0	560.0	29660
26.05.2023 00:00	560.0	570.0	554.4	568.5	19872
29.05.2023 00:00	571.7	591.9	569.9	571.9	71089
30.05.2023 00:00	568.9	571.7	555.0	569.5	35644
31.05.2023 00:00	568.9	575.2	555.5	564.9	49425
01.06.2023 00:00	563.2	597.2	563.2	594.9	222960
02.06.2023 00:00	597.3000000000001	642.9000000000001	594.9	633.7	586229
05.06.2023 00:00	641.5	655.7	609.9	617.2	279491
06.06.2023 00:00	610.0	619.9000000000001	600.9	617.3000000000001	80683
07.06.2023 00:00	623.4000000000001	627.7	613.5	623.7	58104
08.06.2023 00:00	623.9000000000001	629.9000000000001	618.5	620.3000000000001	32130
09.06.2023 00:00	620.3000000000001	639.3000000000001	618.7	636.9000000000001	41129
13.06.2023 00:00	636.9000000000001	648.8000000000001	631.0	640.9000000000001	94549
14.06.2023 00:00	644.9000000000001	645.7	628.0	639.8000000000001	40600
15.06.2023 00:00	643.3000000000001	653.9000000000001	631.9000000000001	640.4000000000001	115187
16.06.2023 00:00	640.4000000000001	641.2	629.3000000000001	630.8000000000001	50215
19.06.2023 00:00	630.9000000000001	658.2	630.8000000000001	638.8000000000001	73196
20.06.2023 00:00	638.9000000000001	648.5	631.4000000000001	634.9000000000001	41656
21.06.2023 00:00	638.8000000000001	649.9000000000001	631.9000000000001	645.8000000000001	74783
22.06.2023 00:00	644.7	684.9000000000001	644.7	676.5	352122
23.06.2023 00:00	671.3000000000001	672.9000000000001	647.9000000000001	655.9000000000001	102744
26.06.2023 00:00	649.9000000000001	680.4000000000001	637.9000000000001	660.5	217241
27.06.2023 00:00	660.5	669.9000000000001	652.0	659.8000000000001	34112
28.06.2023 00:00	663.3000000000001	663.3000000000001	648.7	651.8000000000001	21439
29.06.2023 00:00	651.8000000000001	654.5	638.0	639.4000000000001	40426
30.06.2023 00:00	638.2	643.7	630.7	633.7	49995
03.07.2023 00:00	636.2	648.7	633.9000000000001	643.2	48733
04.07.2023 00:00	646.7	647.4000000000001	633.7	637.8000000000001	21299
05.07.2023 00:00	641.7	647.3000000000001	637.9000000000001	640.7	17285
06.07.2023 00:00	640.7	653.0	637.9000000000001	638.7	33587
07.07.2023 00:00	637.9000000000001	642.7	631.4000000000001	640.2	21167
10.07.2023 00:00	640.9000000000001	644.8000000000001	640.0	642.2	20248
11.07.2023 00:00	642.2	673.9000000000001	639.3000000000001	666.0	50775
12.07.2023 00:00	669.9000000000001	670.3000000000001	653.7	659.9000000000001	69242
13.07.2023 00:00	660.9000000000001	665.8000000000001	650.0	651.9000000000001	28438
14.07.2023 00:00	654.2	656.2	619.2	647.2	61870
17.07.2023 00:00	646.9000000000001	667.7	638.7	657.9000000000001	150429
18.07.2023 00:00	660.9000000000001	667.8000000000001	656.9000000000001	659.8000000000001	50169
19.07.2023 00:00	662.7	663.7	649.2	656.3000000000001	25479
20.07.2023 00:00	658.8000000000001	665.0	650.9000000000001	655.7	43067
21.07.2023 00:00	653.0	666.5	652.2	665.9000000000001	44188
24.07.2023 00:00	669.4000000000001	683.3000000000001	668.3000000000001	674.2	113881
25.07.2023 00:00	678.7	682.3000000000001	671.4000000000001	681.9000000000001	34839
26.07.2023 00:00	684.9000000000001	700.9000000000001	675.0	693.7	266461
27.07.2023 00:00	694.9000000000001	729.9000000000001	681.4000000000001	690.5	437829
28.07.2023 00:00	690.9000000000001	693.9000000000001	676.9000000000001	682.3000000000001	55861
31.07.2023 00:00	687.2	724.9000000000001	686.4000000000001	705.9000000000001	566410
01.08.2023 00:00	713.3000000000001	734.5	700.9000000000001	723.7	215089
02.08.2023 00:00	723.9000000000001	743.7	715.2	724.2	176523
03.08.2023 00:00	724.4000000000001	727.3000000000001	714.4000000000001	720.2	55752
04.08.2023 00:00	721.9000000000001	724.9000000000001	629.9000000000001	694.9000000000001	110475
07.08.2023 00:00	689.9000000000001	717.7	689.0	700.9000000000001	80039
08.08.2023 00:00	694.9000000000001	749.8000000000001	681.8000000000001	705.9000000000001	252485
09.08.2023 00:00	714.9000000000001	762.4000000000001	706.2	752.9000000000001	762611
10.08.2023 00:00	753.2	794.9000000000001	739.9000000000001	771.4000000000001	432611
11.08.2023 00:00	769.9000000000001	786.7	761.7	768.2	95006
14.08.2023 00:00	783.7	783.7	735.3000000000001	746.8000000000001	106487
15.08.2023 00:00	745.4000000000001	764.5	718.7	744.9000000000001	77627
16.08.2023 00:00	749.9000000000001	762.7	674.8000000000001	735.9000000000001	129589
17.08.2023 00:00	736.4000000000001	754.4000000000001	721.3000000000001	749.2	76613
18.08.2023 00:00	754.5	754.5	734.3000000000001	745.4000000000001	37609
21.08.2023 00:00	746.9000000000001	769.9000000000001	745.7	766.9000000000001	84581
22.08.2023 00:00	769.9000000000001	780.2	754.8000000000001	770.0	71592
23.08.2023 00:00	774.7	787.9000000000001	761.0	780.9000000000001	116289
24.08.2023 00:00	780.9000000000001	783.9000000000001	765.2	776.9000000000001	41751
25.08.2023 00:00	777.0	782.5	773.2	778.2	34570
28.08.2023 00:00	783.7	818.9000000000001	783.2	818.9000000000001	183747
29.08.2023 00:00	829.9000000000001	843.8000000000001	799.9000000000001	842.2	242353
30.08.2023 00:00	843.4000000000001	862.8000000000001	830.9000000000001	847.9000000000001	190493
31.08.2023 00:00	851.9000000000001	972.3000000000001	849.1	944.9000000000001	1966313
01.09.2023 00:00	945.9000000000001	949.8000000000001	894.9000000000001	906.9000000000001	280030
04.09.2023 00:00	912.9000000000001	915.9000000000001	895.1	901.9000000000001	121123
05.09.2023 00:00	902.5	903.8000000000001	879.9000000000001	889.3000000000001	125447
06.09.2023 00:00	889.4000000000001	891.7	861.9000000000001	874.0	79062
07.09.2023 00:00	874.0	874.0	799.9000000000001	850.1	160117
08.09.2023 00:00	849.7	871.3000000000001	802.9000000000001	859.0	133945
11.09.2023 00:00	862.9000000000001	908.9000000000001	841.4000000000001	874.8000000000001	306742
12.09.2023 00:00	875.4000000000001	894.7	862.0	885.9000000000001	53843
13.09.2023 00:00	885.9000000000001	897.2	854.9000000000001	860.9000000000001	69070
14.09.2023 00:00	862.7	863.9000000000001	735.9000000000001	826.9000000000001	121442
15.09.2023 00:00	833.9000000000001	847.9000000000001	802.9000000000001	839.8000000000001	64847
18.09.2023 00:00	834.9000000000001	868.9000000000001	824.2	824.4000000000001	58752
19.09.2023 00:00	824.5	868.7	824.5	841.0	223246
20.09.2023 00:00	849.5	849.5	789.9000000000001	825.6	94037
21.09.2023 00:00	825.6	825.7	798.3000000000001	801.9000000000001	36777
22.09.2023 00:00	797.9000000000001	810.0	792.9000000000001	808.7	28133
25.09.2023 00:00	802.9000000000001	844.9000000000001	799.9000000000001	827.9000000000001	65695
26.09.2023 00:00	827.9000000000001	854.2	825.9000000000001	836.9000000000001	70730
27.09.2023 00:00	837.0	847.5	833.9000000000001	838.9000000000001	35021
28.09.2023 00:00	841.1	849.4000000000001	825.9000000000001	839.4000000000001	41076
29.09.2023 00:00	839.0	852.9000000000001	830.0	842.8000000000001	57585
02.10.2023 00:00	849.9000000000001	867.9000000000001	838.9000000000001	849.8000000000001	72577
03.10.2023 00:00	849.8000000000001	849.8000000000001	813.9000000000001	834.9000000000001	48597
04.10.2023 00:00	839.3000000000001	881.2	839.2	858.9000000000001	353932
05.10.2023 00:00	864.9000000000001	878.5	840.9000000000001	842.0	70578
06.10.2023 00:00	848.4000000000001	856.3000000000001	843.5	849.8000000000001	39930
09.10.2023 00:00	848.9000000000001	859.9000000000001	842.1	848.0	26529
10.10.2023 00:00	849.8000000000001	854.1	829.9000000000001	841.7	23897
11.10.2023 00:00	841.7	851.8000000000001	835.0	850.2	37979
12.10.2023 00:00	846.9000000000001	853.5	836.9000000000001	845.4000000000001	43858
13.10.2023 00:00	845.5	848.4000000000001	842.7	843.7	14422
16.10.2023 00:00	847.9000000000001	864.1	843.9000000000001	854.9000000000001	42988
17.10.2023 00:00	854.9000000000001	874.3000000000001	854.9000000000001	869.0	57652
18.10.2023 00:00	869.0	874.2	846.6	856.3000000000001	50394
19.10.2023 00:00	856.3000000000001	859.5	845.4000000000001	856.2	24297
20.10.2023 00:00	856.2	863.4000000000001	844.9000000000001	849.1	22123
23.10.2023 00:00	849.9000000000001	873.8000000000001	849.6	864.9000000000001	67382
24.10.2023 00:00	867.3000000000001	872.9000000000001	853.4000000000001	861.2	37305
25.10.2023 00:00	861.2	863.2	846.5	854.2	27209
26.10.2023 00:00	854.2	856.4000000000001	814.9000000000001	828.0	40115
27.10.2023 00:00	827.9000000000001	889.9000000000001	819.5	874.9000000000001	247104
30.10.2023 00:00	875.9000000000001	890.3000000000001	845.0	845.4000000000001	180563
31.10.2023 00:00	854.1	854.9000000000001	830.9000000000001	837.7	55287
01.11.2023 00:00	840.9000000000001	840.9000000000001	830.9000000000001	833.9000000000001	25317
02.11.2023 00:00	838.3000000000001	838.3000000000001	829.9000000000001	832.6	21002
03.11.2023 00:00	834.3000000000001	836.3000000000001	824.9000000000001	825.8000000000001	26337
06.11.2023 00:00	827.4000000000001	843.8000000000001	824.6	833.6	23608
07.11.2023 00:00	833.6	867.5	830.1	848.9000000000001	181842
08.11.2023 00:00	856.0	860.6	839.9000000000001	848.9000000000001	44724
09.11.2023 00:00	848.9000000000001	848.9000000000001	835.9000000000001	840.9000000000001	29116
10.11.2023 00:00	835.2	840.9000000000001	830.9000000000001	831.1	21058
13.11.2023 00:00	831.4000000000001	839.9000000000001	825.9000000000001	828.0	29134
14.11.2023 00:00	825.0	827.4000000000001	745.2	797.9000000000001	102310
15.11.2023 00:00	797.9000000000001	799.9000000000001	779.9000000000001	792.5	40025
16.11.2023 00:00	792.5	807.9000000000001	792.2	795.2	29556
17.11.2023 00:00	787.9000000000001	797.2	781.5	785.7	15531
20.11.2023 00:00	785.8000000000001	814.7	781.9000000000001	789.9000000000001	52263
21.11.2023 00:00	793.5	805.2	787.9000000000001	797.8000000000001	26943
22.11.2023 00:00	802.5	823.9000000000001	794.2	818.9000000000001	71667
23.11.2023 00:00	826.0	826.0	804.2	810.7	27925
24.11.2023 00:00	810.8000000000001	816.9000000000001	802.9000000000001	808.9000000000001	18719
27.11.2023 00:00	813.2	814.9000000000001	804.5	810.2	22478
28.11.2023 00:00	809.9000000000001	812.9000000000001	784.9000000000001	792.2	31229
29.11.2023 00:00	792.2	799.9000000000001	789.3000000000001	790.0	16484
30.11.2023 00:00	790.9000000000001	792.2	754.7	771.9000000000001	51641
01.12.2023 00:00	771.9000000000001	771.9000000000001	749.9000000000001	749.9000000000001	40998
04.12.2023 00:00	748.4000000000001	749.8000000000001	712.3000000000001	719.9000000000001	47743
05.12.2023 00:00	719.9000000000001	757.7	711.9000000000001	744.7	56434
06.12.2023 00:00	751.9000000000001	753.4000000000001	719.9000000000001	720.2	34522
07.12.2023 00:00	720.0	724.2	683.0	704.9000000000001	43890
08.12.2023 00:00	707.7	731.2	705.3000000000001	720.4000000000001	31640
11.12.2023 00:00	719.9000000000001	728.2	694.9000000000001	706.2	28080
12.12.2023 00:00	706.2	725.2	701.9000000000001	711.9000000000001	20306
13.12.2023 00:00	710.2	737.9000000000001	705.9000000000001	729.9000000000001	24310
14.12.2023 00:00	727.4000000000001	747.5	723.0	726.2	14187
15.12.2023 00:00	723.0	746.9000000000001	715.8000000000001	736.2	24470
18.12.2023 00:00	736.9000000000001	811.8000000000001	736.9000000000001	793.9000000000001	207901
19.12.2023 00:00	800.9000000000001	814.9000000000001	770.5	785.9000000000001	57859
20.12.2023 00:00	793.9000000000001	804.5	785.9000000000001	795.7	36423
21.12.2023 00:00	800.8000000000001	800.8000000000001	774.5	785.7	27213
22.12.2023 00:00	785.7	817.8000000000001	780.9000000000001	809.9000000000001	75159
25.12.2023 00:00	808.9000000000001	824.9000000000001	808.0	820.9000000000001	42288
26.12.2023 00:00	820.9000000000001	838.9000000000001	799.9000000000001	805.9000000000001	39309
27.12.2023 00:00	805.9000000000001	812.0	790.5	799.9000000000001	23246
28.12.2023 00:00	796.8000000000001	803.2	782.9000000000001	789.2	23631
29.12.2023 00:00	793.2	793.9000000000001	763.2	775.2	47078
03.01.2024 00:00	792.5	812.8000000000001	776.4000000000001	808.9000000000001	23369
04.01.2024 00:00	808.9000000000001	824.9000000000001	805.0	811.9000000000001	18904
05.01.2024 00:00	821.9000000000001	821.9000000000001	804.9000000000001	809.0	15612
08.01.2024 00:00	811.9000000000001	822.9000000000001	808.0	810.2	39724
09.01.2024 00:00	810.2	842.7	808.2	826.9000000000001	88818
10.01.2024 00:00	834.9000000000001	844.7	825.0	825.8000000000001	53566
11.01.2024 00:00	825.9000000000001	839.9000000000001	800.7	813.2	64048
12.01.2024 00:00	813.2	829.9000000000001	813.0	819.0	32588
15.01.2024 00:00	819.2	848.9000000000001	819.2	827.9000000000001	30097
16.01.2024 00:00	827.9000000000001	827.9000000000001	809.9000000000001	816.2	29104
17.01.2024 00:00	818.9000000000001	818.9000000000001	804.7	810.2	23812
18.01.2024 00:00	816.2	816.2	799.9000000000001	802.8000000000001	25253
19.01.2024 00:00	802.8000000000001	811.8000000000001	792.2	799.0	23375
22.01.2024 00:00	799.9000000000001	818.0	799.2	808.9000000000001	26824
23.01.2024 00:00	808.9000000000001	817.9000000000001	799.2	799.2	20903
24.01.2024 00:00	808.2	809.0	797.2	804.5	21147
25.01.2024 00:00	804.5	822.4000000000001	798.9000000000001	802.2	46994
26.01.2024 00:00	803.8000000000001	809.3000000000001	800.0	805.9000000000001	28904
29.01.2024 00:00	809.9000000000001	826.1	809.9000000000001	825.1	57470
30.01.2024 00:00	829.9000000000001	848.9000000000001	825.3000000000001	848.7	89034
31.01.2024 00:00	850.4000000000001	879.9000000000001	846.2	879.8000000000001	205355
01.02.2024 00:00	881.5	899.9000000000001	860.9000000000001	898.9000000000001	230784
02.02.2024 00:00	899.9000000000001	900.9000000000001	871.9000000000001	895.7	95502
05.02.2024 00:00	896.9000000000001	946.0	877.7	931.8000000000001	472619
06.02.2024 00:00	946.2	1002.6	941.4000000000001	998.4000000000001	1857174
07.02.2024 00:00	998.9000000000001	1016.2	962.9000000000001	966.7	661898
08.02.2024 00:00	966.9000000000001	969.3000000000001	935.0	949.1	210090
09.02.2024 00:00	948.1	986.5	931.9000000000001	974.9000000000001	235667
12.02.2024 00:00	973.9000000000001	983.9000000000001	949.9000000000001	956.9000000000001	107578
13.02.2024 00:00	965.7	965.7	949.9000000000001	959.9000000000001	54839
14.02.2024 00:00	966.9000000000001	978.9000000000001	957.1	968.1	67305
15.02.2024 00:00	969.9000000000001	1017.2	958.3000000000001	1016.9000000000001	499834
16.02.2024 00:00	1006.9000000000001	1026.7	974.9000000000001	992.9000000000001	265091
19.02.2024 00:00	992.9000000000001	1021.9000000000001	989.9000000000001	1012.5	164063
20.02.2024 00:00	1011.9000000000001	1012.5	960.2	960.2	266360
21.02.2024 00:00	949.9000000000001	959.6	911.9000000000001	940.9000000000001	146079
22.02.2024 00:00	940.9000000000001	955.9000000000001	929.9000000000001	950.0	57855
26.02.2024 00:00	960.2	974.9000000000001	947.1	962.9000000000001	85990
27.02.2024 00:00	968.2	972.8000000000001	944.0	953.2	43081
28.02.2024 00:00	953.7	1009.9000000000001	947.2	956.9000000000001	340381
29.02.2024 00:00	959.9000000000001	1004.7	953.4000000000001	978.3000000000001	235360
01.03.2024 00:00	976.4000000000001	985.9000000000001	970.1	977.8000000000001	51542
04.03.2024 00:00	984.9000000000001	993.9000000000001	952.9000000000001	985.5	95955
05.03.2024 00:00	985.5	998.2	977.1	997.1	57515
06.03.2024 00:00	999.9000000000001	1040.4	990.0	1031.9	383390
07.03.2024 00:00	1031.9	1042.9	1011.2	1025.7	206176
11.03.2024 00:00	1026.0	1063.5	1011.7	1021.5	270311
12.03.2024 00:00	1029.0	1037.4	1002.0	1004.7	109693
13.03.2024 00:00	1004.9000000000001	1014.9000000000001	993.9000000000001	997.6	93392
14.03.2024 00:00	1001.9000000000001	1001.9000000000001	965.0	965.5	127388
15.03.2024 00:00	965.6	993.8000000000001	965.6	982.6	66175
18.03.2024 00:00	982.9000000000001	1002.9000000000001	981.9000000000001	993.1	53977
19.03.2024 00:00	992.9000000000001	1019.9000000000001	992.9000000000001	1004.9000000000001	103525
20.03.2024 00:00	1004.9000000000001	1014.7	986.9000000000001	995.0	38013
21.03.2024 00:00	995.2	1014.6	989.9000000000001	1006.4000000000001	62342
22.03.2024 00:00	1008.4000000000001	1019.9000000000001	998.9000000000001	1000.9000000000001	48088
25.03.2024 00:00	998.2	1009.4000000000001	980.8000000000001	986.0	94358
26.03.2024 00:00	995.9000000000001	1004.2	989.9000000000001	994.9000000000001	69626
27.03.2024 00:00	994.9000000000001	999.3000000000001	970.4000000000001	971.0	158027
28.03.2024 00:00	992.6	992.6	975.6	981.4000000000001	51021
29.03.2024 00:00	981.4000000000001	994.5	975.9000000000001	989.9000000000001	54148
01.04.2024 00:00	1004.9000000000001	1038.0	990.6	1018.9000000000001	417120
02.04.2024 00:00	1029.9	1037.5	1015.0	1036.9	108205
03.04.2024 00:00	1040.1000000000001	1089.9	1031.9	1057.9	312972
04.04.2024 00:00	1064.9	1078.9	1002.9000000000001	1012.4000000000001	207615
05.04.2024 00:00	1012.5	1029.9	1010.0	1020.0	81306
08.04.2024 00:00	1019.9000000000001	1035.7	1015.9000000000001	1020.1	56888
09.04.2024 00:00	1021.5	1031.2	1005.2	1010.5	50473
10.04.2024 00:00	1017.5	1017.5	1000.2	1006.2	43826
11.04.2024 00:00	1010.5	1010.9000000000001	980.4000000000001	1006.9000000000001	63759
12.04.2024 00:00	1014.7	1043.4	1008.3000000000001	1043.4	103034
15.04.2024 00:00	1043.4	1054.9	1031.6000000000001	1035.7	83047
16.04.2024 00:00	1035.7	1052.9	1032.9	1044.9	110228
17.04.2024 00:00	1045.4	1048.9	1034.9	1047.7	41801
18.04.2024 00:00	1047.7	1054.9	1038.9	1047.0	36987
19.04.2024 00:00	1055.9	1059.7	1032.9	1043.1000000000001	47053
22.04.2024 00:00	1048.1000000000001	1074.5	1036.9	1054.1000000000001	87252
23.04.2024 00:00	1059.5	1064.1000000000001	1037.9	1038.4	37155
24.04.2024 00:00	1037.9	1054.2	1034.9	1049.9	40148
25.04.2024 00:00	1049.9	1068.9	1049.9	1056.9	45432
26.04.2024 00:00	1057.2	1096.9	1056.9	1094.9	112546
27.04.2024 00:00	1098.9	1128.6000000000001	1072.1000000000001	1128.5	161122
29.04.2024 00:00	1128.5	1146.9	1100.0	1115.7	41099
30.04.2024 00:00	1113.9	1119.4	1091.1000000000001	1106.9	30350
02.05.2024 00:00	1114.9	1171.9	1112.6000000000001	1136.9	102296
03.05.2024 00:00	1139.9	1162.9	1132.9	1149.9	61354
06.05.2024 00:00	1159.4	1159.9	1118.1000000000001	1135.2	73068
07.05.2024 00:00	1135.4	1140.9	1108.4	1121.5	50063
08.05.2024 00:00	1121.5	1146.7	1121.5	1141.0	32085
10.05.2024 00:00	1140.1000000000001	1145.7	1130.1000000000001	1139.9	11709
13.05.2024 00:00	1142.2	1193.9	1141.4	1189.4	107030
14.05.2024 00:00	1180.9	1200.1000000000001	1145.9	1195.9	136406
15.05.2024 00:00	1195.9	1199.5	1099.9	1099.9	266413
16.05.2024 00:00	1098.9	1132.9	1051.5	1056.6000000000001	187321
17.05.2024 00:00	1056.6000000000001	1094.9	1051.4	1073.2	92720
20.05.2024 00:00	1073.4	1087.5	1051.7	1054.9	27540
21.05.2024 00:00	1054.9	1158.7	1052.4	1089.7	106368
22.05.2024 00:00	1089.7	1099.4	1059.9	1071.9	42688
17.06.2024 00:00	1179.1000000000001	1392.7	1042.4	1052.1000000000001	3004326
18.06.2024 00:00	999.9000000000001	1068.7	981.2	1000.9000000000001	2027515
19.06.2024 00:00	1026.9	1026.9	958.9000000000001	964.8000000000001	963843
20.06.2024 00:00	868.3000000000001	868.3000000000001	811.2	843.5	1030910
21.06.2024 00:00	847.9000000000001	859.9000000000001	840.7	841.7	266880
24.06.2024 00:00	849.9000000000001	886.5	841.9000000000001	847.9000000000001	464037
25.06.2024 00:00	850.7	852.6	825.5	846.8000000000001	216783
26.06.2024 00:00	847.9000000000001	849.9000000000001	832.9000000000001	839.8000000000001	170523
27.06.2024 00:00	842.2	844.7	819.9000000000001	838.6	464183
28.06.2024 00:00	838.9000000000001	839.8000000000001	827.3000000000001	831.5	163910
01.07.2024 00:00	837.8000000000001	838.9000000000001	821.2	826.6	246992
02.07.2024 00:00	826.6	854.3000000000001	818.9000000000001	822.1	406703
03.07.2024 00:00	826.6	836.9000000000001	819.2	826.1	237947
04.07.2024 00:00	826.1	829.2	817.9000000000001	822.9000000000001	205514
05.07.2024 00:00	823.4000000000001	828.9000000000001	789.9000000000001	798.9000000000001	567504
08.07.2024 00:00	799.0	817.4000000000001	798.9000000000001	815.3000000000001	247332
09.07.2024 00:00	815.3000000000001	828.9000000000001	801.8000000000001	818.4000000000001	349046
10.07.2024 00:00	817.9000000000001	849.4000000000001	810.9000000000001	822.9000000000001	381776
11.07.2024 00:00	822.8000000000001	844.9000000000001	810.9000000000001	820.9000000000001	186410
12.07.2024 00:00	829.9000000000001	848.3000000000001	819.9000000000001	827.5	75200
15.07.2024 00:00	827.9000000000001	829.9000000000001	810.2	813.7	75749
16.07.2024 00:00	813.7	819.2	802.2	815.5	118036
17.07.2024 00:00	819.9000000000001	825.9000000000001	802.9000000000001	821.9000000000001	141335
18.07.2024 00:00	821.9000000000001	833.9000000000001	811.9000000000001	829.4000000000001	336832
19.07.2024 00:00	829.9000000000001	854.9000000000001	809.2	842.4000000000001	193552
22.07.2024 00:00	843.6	858.8000000000001	829.9000000000001	832.7	198397
23.07.2024 00:00	839.9000000000001	849.9000000000001	824.9000000000001	828.9000000000001	112740
24.07.2024 00:00	830.5	844.9000000000001	820.0	842.9000000000001	137571
25.07.2024 00:00	844.9000000000001	847.9000000000001	833.3000000000001	843.4000000000001	114770
26.07.2024 00:00	844.9000000000001	850.9000000000001	811.2	844.6	180233
29.07.2024 00:00	845.4000000000001	847.6	819.9000000000001	827.8000000000001	114409
30.07.2024 00:00	829.4000000000001	854.3000000000001	814.9000000000001	852.8000000000001	182170
31.07.2024 00:00	854.3000000000001	912.3000000000001	836.2	871.6	819280
01.08.2024 00:00	879.9000000000001	898.9000000000001	875.9000000000001	884.7	256322
02.08.2024 00:00	890.9000000000001	890.9000000000001	859.9000000000001	875.5	259640
05.08.2024 00:00	851.3000000000001	865.9000000000001	831.2	859.4000000000001	222494
06.08.2024 00:00	866.9000000000001	878.7	851.9000000000001	851.9000000000001	195902
07.08.2024 00:00	854.9000000000001	869.6	844.9000000000001	863.6	183660
08.08.2024 00:00	864.9000000000001	867.9000000000001	849.9000000000001	858.9000000000001	239222
09.08.2024 00:00	858.9000000000001	860.7	850.2	853.0	74679
12.08.2024 00:00	856.8000000000001	856.8000000000001	832.9000000000001	848.4000000000001	101097
13.08.2024 00:00	849.1	862.8000000000001	847.2	852.9000000000001	155529
14.08.2024 00:00	853.6	861.6	840.9000000000001	847.0	134583
15.08.2024 00:00	846.9000000000001	848.8000000000001	836.0	843.1	77130
16.08.2024 00:00	843.8000000000001	847.3000000000001	824.9000000000001	825.1	165979
19.08.2024 00:00	826.8000000000001	830.9000000000001	811.3000000000001	826.9000000000001	151803
20.08.2024 00:00	825.1	833.3000000000001	810.0	828.0	115209
21.08.2024 00:00	829.9000000000001	841.5	821.3000000000001	838.9000000000001	120546
22.08.2024 00:00	842.2	848.8000000000001	818.3000000000001	824.9000000000001	235889
23.08.2024 00:00	822.9000000000001	838.8000000000001	812.9000000000001	821.0	163871
26.08.2024 00:00	844.9000000000001	851.9000000000001	823.9000000000001	846.9000000000001	145228
27.08.2024 00:00	846.9000000000001	868.9000000000001	830.1	838.1	251050
28.08.2024 00:00	840.9000000000001	864.9000000000001	815.0	820.9000000000001	258465
29.08.2024 00:00	821.9000000000001	854.9000000000001	819.9000000000001	834.8000000000001	321942
30.08.2024 00:00	834.8000000000001	844.8000000000001	820.3000000000001	825.1	234104
02.09.2024 00:00	828.9000000000001	829.5	801.0	801.0	239447
03.09.2024 00:00	805.4000000000001	834.9000000000001	801.9000000000001	809.9000000000001	245192
04.09.2024 00:00	811.7	818.9000000000001	811.0	817.2	139571
05.09.2024 00:00	821.3000000000001	839.9000000000001	820.9000000000001	835.2	115229
06.09.2024 00:00	837.9000000000001	838.9000000000001	821.2	832.4000000000001	97153
09.09.2024 00:00	822.5	841.5	809.9000000000001	840.1	170682
10.09.2024 00:00	840.1	844.3000000000001	830.2	834.8000000000001	96905
11.09.2024 00:00	834.8000000000001	839.2	818.9000000000001	828.4000000000001	78266
12.09.2024 00:00	818.9000000000001	827.3000000000001	815.3000000000001	823.0	38870
13.09.2024 00:00	822.9000000000001	829.8000000000001	813.0	818.9000000000001	124629
16.09.2024 00:00	827.5	838.9000000000001	823.0	831.6	71633
17.09.2024 00:00	836.9000000000001	849.9000000000001	833.6	848.6	83574
18.09.2024 00:00	848.6	852.6	825.0	841.3000000000001	70688
19.09.2024 00:00	841.3000000000001	841.9000000000001	834.9000000000001	837.9000000000001	67023
20.09.2024 00:00	839.2	864.9000000000001	836.3000000000001	864.7	168305
23.09.2024 00:00	872.9000000000001	891.9000000000001	872.2	878.4000000000001	161767
24.09.2024 00:00	889.9000000000001	894.9000000000001	860.3000000000001	869.9000000000001	140538
25.09.2024 00:00	873.7	878.4000000000001	855.9000000000001	869.6	102468
26.09.2024 00:00	869.9000000000001	886.6	868.9000000000001	879.9000000000001	189410
27.09.2024 00:00	879.9000000000001	894.9000000000001	875.2	885.8000000000001	117456
30.09.2024 00:00	894.9000000000001	921.9000000000001	890.8000000000001	901.2	210519
01.10.2024 00:00	901.2	914.0	880.2	885.4000000000001	185109
02.10.2024 00:00	890.1	909.2	883.3000000000001	883.3000000000001	137403
03.10.2024 00:00	882.8000000000001	891.8000000000001	852.7	869.9000000000001	101353
04.10.2024 00:00	878.9000000000001	886.4000000000001	865.9000000000001	874.8000000000001	68287
07.10.2024 00:00	879.9000000000001	881.9000000000001	860.1	869.8000000000001	60648
08.10.2024 00:00	868.9000000000001	869.9000000000001	860.9000000000001	867.0	38527
09.10.2024 00:00	869.8000000000001	888.7	864.9000000000001	869.9000000000001	150027
10.10.2024 00:00	871.2	879.2	864.9000000000001	876.1	44732
11.10.2024 00:00	875.8000000000001	877.4000000000001	868.0	874.3000000000001	37033
14.10.2024 00:00	872.9000000000001	879.7	862.7	877.9000000000001	70943
15.10.2024 00:00	877.9000000000001	892.1	876.6	880.4000000000001	120060
16.10.2024 00:00	880.4000000000001	894.9000000000001	880.4000000000001	885.4000000000001	124868
17.10.2024 00:00	885.9000000000001	889.9000000000001	870.2	870.2	64542
18.10.2024 00:00	872.4000000000001	872.4000000000001	854.0	861.6	72393
21.10.2024 00:00	864.9000000000001	869.9000000000001	858.9000000000001	864.1	72197
22.10.2024 00:00	864.3000000000001	869.9000000000001	840.9000000000001	846.1	112910
23.10.2024 00:00	846.2	848.8000000000001	820.1	845.9000000000001	96371
24.10.2024 00:00	845.9000000000001	859.9000000000001	831.4000000000001	855.8000000000001	52471
25.10.2024 00:00	855.8000000000001	863.0	829.9000000000001	841.5	98139
28.10.2024 00:00	836.9000000000001	844.4000000000001	814.9000000000001	815.7	84039
29.10.2024 00:00	816.5	839.9000000000001	806.2	831.2	133621
30.10.2024 00:00	840.9000000000001	969.9000000000001	840.9000000000001	867.6	778304
31.10.2024 00:00	872.9000000000001	879.7	846.8000000000001	853.5	137974
01.11.2024 00:00	853.8000000000001	864.4000000000001	827.9000000000001	845.6	136934
02.11.2024 00:00	845.9000000000001	848.1	832.9000000000001	842.1	36938
05.11.2024 00:00	843.5	854.9000000000001	834.3000000000001	839.5	100076
06.11.2024 00:00	849.9000000000001	864.8000000000001	838.9000000000001	841.9000000000001	111650
07.11.2024 00:00	844.9000000000001	844.9000000000001	833.9000000000001	841.1	53465
08.11.2024 00:00	845.6	860.9000000000001	843.9000000000001	858.9000000000001	118326
11.11.2024 00:00	860.4000000000001	876.8000000000001	860.4000000000001	867.6	116333
12.11.2024 00:00	871.2	886.9000000000001	868.0	878.3000000000001	121592
13.11.2024 00:00	878.6	887.9000000000001	878.6	882.9000000000001	99636
14.11.2024 00:00	877.9000000000001	887.9000000000001	862.1	873.9000000000001	132069
15.11.2024 00:00	873.9000000000001	892.6	865.3000000000001	890.3000000000001	126418
18.11.2024 00:00	887.6	907.9000000000001	867.9000000000001	895.4000000000001	233422
19.11.2024 00:00	897.5	899.9000000000001	863.9000000000001	879.9000000000001	189742
20.11.2024 00:00	877.1	888.4000000000001	864.9000000000001	867.7	57442
21.11.2024 00:00	867.7	878.1	858.9000000000001	862.7	63629
22.11.2024 00:00	869.8000000000001	876.8000000000001	866.9000000000001	872.6	33448
25.11.2024 00:00	875.4000000000001	889.9000000000001	871.9000000000001	879.1	121572
26.11.2024 00:00	880.1	886.2	862.9000000000001	862.9000000000001	99761
27.11.2024 00:00	862.9000000000001	873.5	834.9000000000001	853.9000000000001	141762
28.11.2024 00:00	867.2	869.6	842.4000000000001	860.3000000000001	99813
29.11.2024 00:00	847.6	866.2	847.1	853.8000000000001	131269
02.12.2024 00:00	860.3000000000001	868.6	855.3000000000001	858.7	100361
03.12.2024 00:00	859.9000000000001	864.1	836.4000000000001	853.9000000000001	72394
04.12.2024 00:00	856.9000000000001	859.4000000000001	840.9000000000001	844.9000000000001	73724
05.12.2024 00:00	845.6	852.2	840.9000000000001	846.0	63243
06.12.2024 00:00	854.9000000000001	856.4000000000001	845.9000000000001	849.5	60830
09.12.2024 00:00	849.9000000000001	853.8000000000001	844.9000000000001	846.0	89805
10.12.2024 00:00	845.9000000000001	850.2	839.9000000000001	841.7	118160
11.12.2024 00:00	840.9000000000001	849.0	838.0	844.1	69782
12.12.2024 00:00	844.7	848.4000000000001	838.4000000000001	838.5	107165
13.12.2024 00:00	838.5	844.9000000000001	836.9000000000001	841.0	71399
16.12.2024 00:00	840.9000000000001	845.4000000000001	833.9000000000001	837.3000000000001	156871
17.12.2024 00:00	837.3000000000001	841.8000000000001	831.9000000000001	833.8000000000001	123223
18.12.2024 00:00	834.4000000000001	846.8000000000001	832.4000000000001	841.9000000000001	106064
19.12.2024 00:00	841.9000000000001	847.6	841.9000000000001	845.4000000000001	89786
20.12.2024 00:00	842.7	869.7	829.0	866.7	306872
23.12.2024 00:00	868.7	878.0	860.0	862.9000000000001	216536
24.12.2024 00:00	866.7	868.9000000000001	848.9000000000001	853.7	168178
25.12.2024 00:00	853.7	862.6	848.9000000000001	852.5	183064
26.12.2024 00:00	859.8000000000001	870.6	842.9000000000001	855.6	520478
27.12.2024 00:00	856.1	862.2	848.9000000000001	852.8000000000001	138843
28.12.2024 00:00	853.9000000000001	884.9000000000001	853.9000000000001	882.4000000000001	193536
30.12.2024 00:00	884.9000000000001	900.0	882.9000000000001	899.0	120221
03.01.2025 00:00	902.9000000000001	909.9000000000001	870.0	901.3000000000001	99045
06.01.2025 00:00	903.9000000000001	945.7	880.0	940.3000000000001	318731
08.01.2025 00:00	940.3000000000001	958.3000000000001	927.5	941.5	121063
09.01.2025 00:00	941.1	943.8000000000001	908.0	929.9000000000001	137139
10.01.2025 00:00	927.9000000000001	943.9000000000001	910.0	939.9000000000001	111556
13.01.2025 00:00	940.0	949.9000000000001	921.7	933.7	117511
14.01.2025 00:00	928.3000000000001	939.9000000000001	927.0	938.9000000000001	111316
15.01.2025 00:00	939.0	949.9000000000001	933.7	938.9000000000001	99372
16.01.2025 00:00	949.0	949.6	934.9000000000001	937.7	160194
17.01.2025 00:00	937.7	939.9000000000001	934.8000000000001	937.7	92674
20.01.2025 00:00	938.9000000000001	948.7	916.1	934.9000000000001	164411
21.01.2025 00:00	933.9000000000001	943.7	919.1	934.6	63211
22.01.2025 00:00	937.3000000000001	965.5	934.6	950.9000000000001	154691
23.01.2025 00:00	949.9000000000001	987.5	940.3000000000001	966.9000000000001	280371
24.01.2025 00:00	977.2	984.9000000000001	967.6	975.4000000000001	140806
27.01.2025 00:00	975.4000000000001	1029.4	975.4000000000001	994.9000000000001	581969
28.01.2025 00:00	1004.3000000000001	1014.9000000000001	979.5	1009.9000000000001	228316
29.01.2025 00:00	1009.8000000000001	1019.6	990.7	999.9000000000001	99646
30.01.2025 00:00	999.9000000000001	1023.2	995.8000000000001	1012.5	115952
31.01.2025 00:00	1013.0	1022.9000000000001	990.9000000000001	1020.9000000000001	141012
03.02.2025 00:00	1020.4000000000001	1046.9	1015.0	1030.9	232148
04.02.2025 00:00	1036.1000000000001	1048.9	1031.2	1047.0	146542
05.02.2025 00:00	1046.9	1055.4	1014.9000000000001	1030.0	213250
06.02.2025 00:00	1033.5	1053.9	1019.6	1026.9	131386
07.02.2025 00:00	1026.9	1032.9	981.4000000000001	995.4000000000001	533255
10.02.2025 00:00	1000.6	1019.9000000000001	995.4000000000001	1011.7	134162
11.02.2025 00:00	1011.7	1014.9000000000001	1002.0	1005.0	127224
12.02.2025 00:00	1010.9000000000001	1023.8000000000001	1009.3000000000001	1018.3000000000001	181966
13.02.2025 00:00	1026.6000000000001	1072.9	1024.9	1032.9	273593
14.02.2025 00:00	1038.1000000000001	1058.4	1025.9	1030.9	133755
17.02.2025 00:00	1035.9	1050.5	1035.9	1045.6000000000001	89872
18.02.2025 00:00	1045.6000000000001	1051.9	1013.9000000000001	1013.9000000000001	100701
19.02.2025 00:00	1019.8000000000001	1029.1000000000001	1006.9000000000001	1020.0	80672
20.02.2025 00:00	1024.6000000000001	1044.9	1023.3000000000001	1028.2	106283
21.02.2025 00:00	1031.4	1046.1000000000001	1031.4	1037.9	65843
24.02.2025 00:00	1045.7	1045.7	1016.7	1027.5	128219
25.02.2025 00:00	1031.9	1044.9	1025.7	1029.9	69629
26.02.2025 00:00	1031.5	1044.9	1018.9000000000001	1023.9000000000001	219104
27.02.2025 00:00	1023.9000000000001	1027.7	999.9000000000001	1022.6	82118
28.02.2025 00:00	1027.9	1030.9	1013.0	1018.9000000000001	58847
03.03.2025 00:00	1018.9000000000001	1047.4	1005.9000000000001	1043.1000000000001	154418
04.03.2025 00:00	1047.4	1062.7	1035.0	1047.7	125470
05.03.2025 00:00	1047.7	1055.9	1040.9	1050.9	64565
06.03.2025 00:00	1057.9	1079.9	1052.4	1063.9	153024
07.03.2025 00:00	1060.1000000000001	1073.9	1022.9000000000001	1061.9	59720
10.03.2025 00:00	1061.9	1076.7	1060.0	1066.9	48934
11.03.2025 00:00	1066.9	1075.9	1045.9	1045.9	86199
12.03.2025 00:00	1045.9	1050.9	1027.9	1031.9	80202
13.03.2025 00:00	1031.9	1031.9	1008.9000000000001	1012.6	104730
14.03.2025 00:00	1031.7	1037.9	1018.9000000000001	1036.9	63416
17.03.2025 00:00	1039.9	1056.4	1031.0	1043.9	72940
18.03.2025 00:00	1046.7	1051.4	1005.2	1024.9	231724
19.03.2025 00:00	1024.9	1032.7	1017.9000000000001	1020.7	76854
20.03.2025 00:00	1031.1000000000001	1099.9	1025.9	1094.9	339203
21.03.2025 00:00	1088.9	1181.1000000000001	1065.0	1126.7	930837
24.03.2025 00:00	1127.2	1153.4	1075.4	1090.9	229220
25.03.2025 00:00	1090.9	1111.4	1060.9	1081.5	122502
26.03.2025 00:00	1081.5	1098.1000000000001	1064.1000000000001	1066.4	100978
27.03.2025 00:00	1066.4	1080.4	1050.9	1052.5	63495
28.03.2025 00:00	1052.9	1073.9	1035.9	1060.2	127209
29.03.2025 00:00	1059.6000000000001	1064.9	1033.2	1035.5	11043
30.03.2025 00:00	1036.0	1047.5	1028.4	1028.7	11935
31.03.2025 00:00	1040.5	1120.9	1007.9000000000001	1024.9	379759
01.04.2025 00:00	1027.6000000000001	1044.4	993.5	995.9000000000001	386007
02.04.2025 00:00	1002.8000000000001	1013.9000000000001	990.2	1001.2	121601
03.04.2025 00:00	1000.9000000000001	1013.8000000000001	993.9000000000001	1000.2	134943
04.04.2025 00:00	1000.1	1006.9000000000001	993.9000000000001	996.1	152998
05.04.2025 00:00	996.9000000000001	999.9000000000001	968.0	992.9000000000001	38177
06.04.2025 00:00	996.4000000000001	1004.9000000000001	984.9000000000001	1004.8000000000001	13589
07.04.2025 00:00	1004.6	1004.9000000000001	965.9000000000001	988.3000000000001	338252
08.04.2025 00:00	991.5	1002.2	975.0	978.0	128028
09.04.2025 00:00	976.9000000000001	1001.9000000000001	964.9000000000001	998.9000000000001	190457
10.04.2025 00:00	1001.9000000000001	1007.9000000000001	988.5	997.5	97453
11.04.2025 00:00	997.3000000000001	1016.9000000000001	997.3000000000001	1008.5	87465
12.04.2025 00:00	1012.8000000000001	1019.6	1011.0	1015.9000000000001	10788
13.04.2025 00:00	1015.9000000000001	1020.9000000000001	1015.9000000000001	1020.9000000000001	6119
14.04.2025 00:00	1013.6	1020.8000000000001	990.9000000000001	998.0	99833
15.04.2025 00:00	998.3000000000001	1006.9000000000001	993.9000000000001	1002.4000000000001	47794
16.04.2025 00:00	1005.9000000000001	1009.6	998.9000000000001	1004.1	50966
17.04.2025 00:00	1006.7	1011.0	999.8000000000001	1006.9000000000001	52003
18.04.2025 00:00	1006.9000000000001	1008.4000000000001	996.9000000000001	996.9000000000001	63584
21.04.2025 00:00	1000.0	1008.7	999.0	1001.9000000000001	66653
22.04.2025 00:00	1001.9000000000001	1004.9000000000001	993.4000000000001	1001.9000000000001	119075
23.04.2025 00:00	1001.9000000000001	1003.9000000000001	989.9000000000001	997.8000000000001	47540
24.04.2025 00:00	999.1	1002.4000000000001	979.9000000000001	985.8000000000001	107653
25.04.2025 00:00	986.0	997.0	985.8000000000001	987.7	69550
26.04.2025 00:00	990.0	995.9000000000001	984.9000000000001	993.0	23453
27.04.2025 00:00	995.7	996.7	993.8000000000001	996.7	6620
28.04.2025 00:00	996.7	1005.9000000000001	985.1	992.7	126596
29.04.2025 00:00	992.8000000000001	998.9000000000001	986.9000000000001	992.7	60294
30.04.2025 00:00	992.7	993.1	970.4000000000001	974.8000000000001	113282
02.05.2025 00:00	972.5	981.5	959.9000000000001	965.4000000000001	55431
03.05.2025 00:00	964.9000000000001	974.5	961.0	972.4000000000001	6075
04.05.2025 00:00	971.9000000000001	986.1	970.9000000000001	979.8000000000001	7591
05.05.2025 00:00	981.9000000000001	987.1	974.0	983.1	58802
06.05.2025 00:00	983.9000000000001	994.3000000000001	980.5	988.2	55847
07.05.2025 00:00	988.2	1003.1	988.2	990.5	88365
08.05.2025 00:00	991.7	1000.9000000000001	991.5	999.9000000000001	20783
10.05.2025 00:00	995.9000000000001	1005.8000000000001	995.9000000000001	1004.1	11747
11.05.2025 00:00	1007.9000000000001	1020.2	1000.0	1009.4000000000001	19192
12.05.2025 00:00	1005.9000000000001	1019.9000000000001	990.2	1001.3000000000001	119852
13.05.2025 00:00	1004.9000000000001	1005.9000000000001	992.9000000000001	998.0	51875
14.05.2025 00:00	999.9000000000001	1001.9000000000001	988.0	991.9000000000001	43007
15.05.2025 00:00	991.9000000000001	997.3000000000001	975.2	989.9000000000001	96159
16.05.2025 00:00	985.0	1001.3000000000001	980.0	999.9000000000001	167984
17.05.2025 00:00	980.0	984.4000000000001	978.0	983.1	40988
18.05.2025 00:00	986.4000000000001	990.3000000000001	979.9000000000001	987.5	18723
19.05.2025 00:00	987.5	988.9000000000001	969.9000000000001	974.7	106109
20.05.2025 00:00	974.7	976.7	961.2	968.1	56014
21.05.2025 00:00	971.6	984.9000000000001	960.0	962.7	68112
22.05.2025 00:00	962.7	968.9000000000001	940.4000000000001	965.6	133840
