datetime	open	high	low	close	volume
07.03.2018 00:00	10.3	10.3	9.08	9.68	30360
09.03.2018 00:00	9.74	10.08	9.56	9.9	6720
12.03.2018 00:00	9.8	10.08	9.74	9.96	4800
13.03.2018 00:00	9.84	10.18	9.68	9.98	3450
14.03.2018 00:00	10.06	10.14	9.9	9.98	3690
15.03.2018 00:00	10.08	10.08	9.64	9.96	6300
16.03.2018 00:00	9.84	10.14	9.68	9.68	6210
19.03.2018 00:00	9.68	9.68	9.08	9.34	17700
20.03.2018 00:00	9.3	9.3	8.9	9.08	52170
21.03.2018 00:00	9.08	9.08	8.64	8.84	22470
22.03.2018 00:00	8.74	8.74	8.3	8.56	45300
23.03.2018 00:00	8.56	8.74	8.46	8.68	10110
26.03.2018 00:00	8.64	9.08	8.64	8.98	20520
27.03.2018 00:00	9.08	9.18	8.48	8.74	18330
28.03.2018 00:00	8.84	9.24	8.84	9.06	4890
29.03.2018 00:00	9.06	9.3	8.9	9.24	5100
30.03.2018 00:00	9.18	9.3	9.06	9.24	2040
02.04.2018 00:00	9.08	9.14	9.06	9.06	390
03.04.2018 00:00	9.08	9.14	8.84	9.14	1350
04.04.2018 00:00	8.98	9.14	8.96	8.96	3210
05.04.2018 00:00	8.96	9.06	8.64	8.96	6300
06.04.2018 00:00	8.8	8.96	8.8	8.96	1500
09.04.2018 00:00	8.96	8.96	8.18	8.34	14070
10.04.2018 00:00	8.46	8.9	8.08	8.48	9390
11.04.2018 00:00	8.48	8.98	8.48	8.64	1800
12.04.2018 00:00	8.58	8.84	8.56	8.84	5670
13.04.2018 00:00	8.9	8.98	8.64	8.64	1020
16.04.2018 00:00	8.4	8.48	8.14	8.34	1380
17.04.2018 00:00	8.3	8.56	8.3	8.48	4470
18.04.2018 00:00	8.46	8.9	8.3	8.48	12450
19.04.2018 00:00	8.48	9.08	8.4	8.4	18360
20.04.2018 00:00	8.68	9.08	8.56	9.06	10560
23.04.2018 00:00	9.06	9.06	8.58	8.8	1560
24.04.2018 00:00	8.64	9.08	8.46	8.9	4560
25.04.2018 00:00	8.9	9.24	8.74	8.74	8100
26.04.2018 00:00	8.98	9.14	8.68	8.98	21570
27.04.2018 00:00	9.08	9.24	8.98	8.98	4680
28.04.2018 00:00	9.14	9.24	8.98	9.08	5040
30.04.2018 00:00	9.08	9.08	9.08	9.08	30
02.05.2018 00:00	9.14	9.48	9.08	9.34	4860
03.05.2018 00:00	9.14	9.46	8.9	9.34	750
04.05.2018 00:00	9.24	9.48	9.08	9.24	6450
07.05.2018 00:00	9.46	9.46	9.34	9.46	60
08.05.2018 00:00	9.46	9.46	8.96	9.24	2640
10.05.2018 00:00	9.14	9.4	9.08	9.18	9630
11.05.2018 00:00	9.3	9.4	9.24	9.3	360
14.05.2018 00:00	9.14	9.96	9.14	9.34	19380
15.05.2018 00:00	9.34	9.68	9.34	9.58	13650
16.05.2018 00:00	9.58	9.58	9.34	9.4	24510
17.05.2018 00:00	9.24	9.48	9.24	9.48	900
18.05.2018 00:00	9.4	9.4	9.4	9.4	420
21.05.2018 00:00	9.58	9.74	9.34	9.48	1680
22.05.2018 00:00	9.48	9.74	9.46	9.56	33870
23.05.2018 00:00	9.64	9.64	9.4	9.48	2940
24.05.2018 00:00	9.56	9.56	9.08	9.3	43860
25.05.2018 00:00	9.3	9.34	9.24	9.34	2580
28.05.2018 00:00	9.34	9.48	9.34	9.46	5850
29.05.2018 00:00	9.34	9.48	9.3	9.48	34860
30.05.2018 00:00	9.4	9.4	8.96	9.18	22680
31.05.2018 00:00	9.14	9.14	8.68	9.08	3810
01.06.2018 00:00	9.06	9.06	8.68	8.96	3660
05.06.2018 00:00	8.98	9.3	8.98	9.3	14010
06.06.2018 00:00	9.3	9.3	9.24	9.24	39030
07.06.2018 00:00	9.34	9.34	9.24	9.24	900
08.06.2018 00:00	9.24	9.34	9.24	9.24	5340
09.06.2018 00:00	9.24	9.34	9.08	9.08	2790
13.06.2018 00:00	9.24	9.24	9.24	9.24	9480
14.06.2018 00:00	9.46	9.48	9.08	9.08	3990
15.06.2018 00:00	9.34	9.46	9.18	9.18	9600
18.06.2018 00:00	9.18	9.34	8.96	8.98	21120
19.06.2018 00:00	9.14	9.14	9.14	9.14	150
20.06.2018 00:00	8.98	9.18	8.96	9.06	60540
21.06.2018 00:00	9.18	9.56	9.14	9.56	24420
22.06.2018 00:00	8.98	9.58	8.98	9.56	11760
25.06.2018 00:00	9.58	10.08	9.58	10.06	14730
26.06.2018 00:00	10.18	10.48	9.74	9.74	27570
27.06.2018 00:00	9.96	9.96	9.48	9.48	3060
28.06.2018 00:00	9.84	9.9	9.24	9.9	3570
29.06.2018 00:00	9.4	9.58	9.08	9.48	10650
02.07.2018 00:00	9.58	10.48	9.24	10.3	59430
03.07.2018 00:00	9.98	10.4	9.84	10.34	15810
04.07.2018 00:00	10.34	10.56	10.08	10.48	1980
05.07.2018 00:00	10.34	10.4	9.98	10.06	2520
06.07.2018 00:00	10.3	10.3	10.06	10.3	510
09.07.2018 00:00	10.06	10.34	9.98	10.08	390
10.07.2018 00:00	10.08	10.08	9.98	10.06	540
11.07.2018 00:00	10.06	10.18	9.48	9.48	101130
12.07.2018 00:00	9.58	9.58	9.24	9.34	2280
13.07.2018 00:00	9.3	9.68	9.24	9.64	1680
16.07.2018 00:00	9.74	9.74	9.3	9.74	3540
17.07.2018 00:00	9.64	9.9	9.3	9.68	17070
18.07.2018 00:00	9.48	9.48	9.48	9.48	300
19.07.2018 00:00	9.68	9.68	8.98	8.98	8790
20.07.2018 00:00	9.4	9.46	9.34	9.34	1140
23.07.2018 00:00	9.4	9.4	9.18	9.4	210
24.07.2018 00:00	9.48	9.48	9.48	9.48	1110
25.07.2018 00:00	9.68	9.68	9.24	9.34	1830
26.07.2018 00:00	9.24	9.24	8.48	9.06	15210
27.07.2018 00:00	9.3	9.34	8.9	9.06	3690
30.07.2018 00:00	8.98	9.06	8.96	9.06	1050
31.07.2018 00:00	9.06	9.08	8.8	8.98	690
01.08.2018 00:00	9.06	9.06	8.64	8.9	4890
02.08.2018 00:00	8.8	8.9	8.58	8.68	5460
03.08.2018 00:00	8.74	8.96	8.74	8.96	450
06.08.2018 00:00	8.96	8.98	8.8	8.98	2160
07.08.2018 00:00	9.08	9.08	8.98	8.98	420
08.08.2018 00:00	9.3	9.3	8.64	8.84	3840
09.08.2018 00:00	8.9	9.18	8.64	8.9	3150
10.08.2018 00:00	8.8	8.98	8.68	8.84	1410
13.08.2018 00:00	8.56	8.8	8.56	8.74	1170
14.08.2018 00:00	8.84	8.84	8.56	8.8	360
15.08.2018 00:00	8.8	9.14	8.68	8.8	3690
16.08.2018 00:00	9.14	9.18	8.98	9.08	2760
17.08.2018 00:00	9.06	9.06	9.06	9.06	150
20.08.2018 00:00	8.9	8.9	8.68	8.68	2160
21.08.2018 00:00	8.64	8.96	8.64	8.64	1920
22.08.2018 00:00	9.08	9.14	8.74	8.8	990
23.08.2018 00:00	8.96	8.98	8.64	8.64	1500
24.08.2018 00:00	9.08	9.08	8.58	8.74	3210
27.08.2018 00:00	8.84	8.84	8.84	8.84	360
28.08.2018 00:00	8.98	8.98	8.58	8.84	10710
29.08.2018 00:00	8.58	8.74	8.56	8.58	6600
30.08.2018 00:00	8.68	8.68	8.48	8.48	9810
31.08.2018 00:00	8.56	8.58	8.48	8.56	390
03.09.2018 00:00	8.64	8.64	8.64	8.64	300
04.09.2018 00:00	8.58	8.64	8.46	8.46	3150
05.09.2018 00:00	8.56	8.56	8.56	8.56	60
06.09.2018 00:00	8.56	8.8	8.48	8.48	10680
07.09.2018 00:00	8.46	8.48	8.46	8.48	120
10.09.2018 00:00	8.34	8.48	8.3	8.48	1740
11.09.2018 00:00	8.34	8.34	8.18	8.3	5880
12.09.2018 00:00	8.3	8.3	8.06	8.18	4770
13.09.2018 00:00	8.34	8.34	7.98	8.24	6810
14.09.2018 00:00	8.34	8.58	8.18	8.58	4950
17.09.2018 00:00	8.64	8.64	8.46	8.56	270
18.09.2018 00:00	8.4	8.68	8.4	8.56	1230
19.09.2018 00:00	8.68	8.8	8.68	8.68	270
21.09.2018 00:00	8.9	8.9	8.56	8.74	150
24.09.2018 00:00	8.84	8.9	8.4	8.4	19740
25.09.2018 00:00	8.46	8.48	8.18	8.3	8460
26.09.2018 00:00	8.34	8.34	7.94	8.08	23610
27.09.2018 00:00	8.08	8.08	7.7	7.98	19620
28.09.2018 00:00	7.9	10.4	7.78	9.68	269940
01.10.2018 00:00	9.8	10.34	8.74	9.24	87870
02.10.2018 00:00	9.46	9.8	8.4	8.58	95550
03.10.2018 00:00	8.84	8.84	8.34	8.48	15420
04.10.2018 00:00	8.48	8.9	7.98	8.08	49830
05.10.2018 00:00	8.08	8.56	7.94	8.48	29550
08.10.2018 00:00	8.4	8.4	8.24	8.34	3660
09.10.2018 00:00	8.48	8.96	8.4	8.48	3870
10.10.2018 00:00	8.8	8.8	8.24	8.24	4410
11.10.2018 00:00	8.18	8.34	7.58	7.78	51660
12.10.2018 00:00	7.9	8.06	7.86	7.98	3780
15.10.2018 00:00	7.98	8.14	7.86	7.9	4260
16.10.2018 00:00	8.14	8.24	7.86	7.98	12600
17.10.2018 00:00	7.98	8.08	7.9	8.06	4890
18.10.2018 00:00	8.06	8.06	7.94	7.98	1890
19.10.2018 00:00	7.9	8.06	7.9	7.98	660
22.10.2018 00:00	8.08	8.08	7.78	7.9	11700
23.10.2018 00:00	7.86	7.98	7.78	7.98	3990
24.10.2018 00:00	7.94	8.06	7.86	7.98	5040
25.10.2018 00:00	7.9	7.98	7.86	7.9	3780
26.10.2018 00:00	7.9	7.98	7.86	7.9	3480
29.10.2018 00:00	7.94	7.94	7.86	7.86	6300
30.10.2018 00:00	7.9	7.98	7.86	7.98	1890
31.10.2018 00:00	7.9	8.14	7.9	8.06	11460
01.11.2018 00:00	7.98	8.84	7.9	8.4	36030
02.11.2018 00:00	8.8	8.8	8.0	8.18	16560
06.11.2018 00:00	8.14	8.16	7.94	8.16	9000
07.11.2018 00:00	8.16	8.16	8.06	8.14	1740
08.11.2018 00:00	8.06	8.16	8.06	8.16	330
09.11.2018 00:00	8.14	8.14	7.9	8.06	10590
12.11.2018 00:00	7.94	8.08	7.92	8.06	3570
13.11.2018 00:00	8.14	8.14	7.94	8.08	2370
14.11.2018 00:00	8.08	8.08	8.06	8.08	750
15.11.2018 00:00	8.16	8.16	7.98	8.0	1680
16.11.2018 00:00	8.0	8.06	7.98	8.06	1530
19.11.2018 00:00	8.06	8.24	8.02	8.08	1410
20.11.2018 00:00	8.06	8.1	8.02	8.06	1140
21.11.2018 00:00	8.14	8.16	8.06	8.14	1080
22.11.2018 00:00	8.06	8.18	8.06	8.1	690
23.11.2018 00:00	8.14	8.18	8.14	8.18	660
26.11.2018 00:00	8.14	8.14	8.14	8.14	1200
27.11.2018 00:00	8.06	8.14	8.0	8.08	930
28.11.2018 00:00	8.14	8.16	8.06	8.06	1770
29.11.2018 00:00	8.08	8.14	8.02	8.14	480
30.11.2018 00:00	8.06	8.08	7.9	8.08	14010
03.12.2018 00:00	8.08	8.08	7.9	8.0	4170
04.12.2018 00:00	7.92	8.06	7.92	7.98	3390
05.12.2018 00:00	7.94	7.98	7.7	7.92	17670
06.12.2018 00:00	7.94	8.06	7.9	7.9	3570
07.12.2018 00:00	7.94	8.38	7.94	7.98	44220
10.12.2018 00:00	7.94	8.06	7.94	7.98	1260
11.12.2018 00:00	7.94	8.08	7.9	8.08	2100
12.12.2018 00:00	8.02	8.06	7.86	7.9	4620
13.12.2018 00:00	7.9	7.98	7.82	7.92	2340
14.12.2018 00:00	7.98	7.98	7.98	7.98	120
17.12.2018 00:00	8.02	8.14	7.92	8.06	7200
18.12.2018 00:00	7.92	7.94	7.82	7.92	7590
19.12.2018 00:00	7.98	7.98	7.94	7.98	270
20.12.2018 00:00	8.0	8.0	7.9	7.98	540
21.12.2018 00:00	7.98	7.98	7.9	7.92	750
24.12.2018 00:00	7.98	7.98	7.82	7.9	2370
25.12.2018 00:00	7.98	7.98	7.74	7.74	6540
26.12.2018 00:00	7.78	7.86	7.78	7.86	660
27.12.2018 00:00	7.86	7.9	7.7	7.82	2400
28.12.2018 00:00	7.86	7.86	7.78	7.78	1980
29.12.2018 00:00	7.82	7.9	7.82	7.9	1140
03.01.2019 00:00	7.94	7.94	7.94	7.94	120
04.01.2019 00:00	7.86	8.1	7.78	7.98	6030
08.01.2019 00:00	8.26	8.26	7.78	8.06	2940
09.01.2019 00:00	8.06	8.14	8.06	8.06	240
10.01.2019 00:00	8.06	8.06	8.06	8.06	420
11.01.2019 00:00	8.06	8.06	7.92	7.98	25650
14.01.2019 00:00	7.9	8.06	7.78	8.02	4830
15.01.2019 00:00	7.94	8.06	7.92	8.06	6870
16.01.2019 00:00	8.06	8.1	7.92	8.1	17070
17.01.2019 00:00	8.06	8.06	7.94	7.98	1170
18.01.2019 00:00	8.0	8.06	7.9	7.98	4200
21.01.2019 00:00	7.98	7.98	7.98	7.98	60
22.01.2019 00:00	8.3	8.48	7.9	8.06	8460
23.01.2019 00:00	8.0	8.3	7.98	8.18	2400
24.01.2019 00:00	8.14	8.82	8.06	8.66	45000
25.01.2019 00:00	8.46	8.66	8.24	8.3	8280
28.01.2019 00:00	8.3	8.4	8.24	8.3	2190
29.01.2019 00:00	8.26	8.32	7.98	8.14	11490
30.01.2019 00:00	8.0	8.24	8.0	8.18	2580
31.01.2019 00:00	8.24	8.4	8.14	8.4	5970
01.02.2019 00:00	8.24	8.24	8.16	8.16	60
04.02.2019 00:00	8.24	8.64	8.14	8.48	8610
05.02.2019 00:00	8.64	8.68	8.48	8.5	6390
06.02.2019 00:00	8.74	8.92	8.56	8.8	23100
07.02.2019 00:00	8.96	8.98	8.52	8.64	21450
08.02.2019 00:00	8.68	8.68	8.4	8.6	10080
11.02.2019 00:00	8.5	9.16	8.5	9.08	23550
12.02.2019 00:00	9.08	9.24	8.82	8.98	15360
13.02.2019 00:00	8.98	9.26	8.74	8.84	12000
14.02.2019 00:00	8.88	9.06	8.64	8.9	14910
15.02.2019 00:00	8.9	8.98	8.74	8.98	1740
18.02.2019 00:00	8.98	8.98	8.84	8.98	750
19.02.2019 00:00	8.98	9.02	8.76	8.98	1290
20.02.2019 00:00	8.82	8.98	8.82	8.96	6030
21.02.2019 00:00	9.02	9.24	8.9	9.08	8400
22.02.2019 00:00	9.16	9.16	8.9	9.02	5010
25.02.2019 00:00	9.0	9.0	8.92	8.92	360
26.02.2019 00:00	9.26	9.3	8.74	8.98	19170
27.02.2019 00:00	8.82	8.96	8.74	8.9	5400
28.02.2019 00:00	8.74	8.96	8.74	8.9	540
01.03.2019 00:00	8.8	8.92	8.76	8.88	1680
04.03.2019 00:00	8.9	8.9	8.74	8.82	1770
05.03.2019 00:00	8.82	8.82	8.66	8.66	6150
06.03.2019 00:00	8.84	8.88	8.64	8.66	1620
07.03.2019 00:00	8.5	8.96	8.5	8.76	2190
11.03.2019 00:00	8.82	8.82	8.52	8.76	12870
12.03.2019 00:00	8.9	8.9	8.68	8.8	4470
13.03.2019 00:00	8.22	8.98	7.98	8.8	10590
14.03.2019 00:00	8.96	8.96	8.74	8.9	540
15.03.2019 00:00	8.72	8.9	8.72	8.84	18600
18.03.2019 00:00	8.9	8.9	8.66	8.88	7650
19.03.2019 00:00	8.82	8.84	8.82	8.84	6360
20.03.2019 00:00	8.92	8.92	8.74	8.9	2130
21.03.2019 00:00	8.98	8.98	8.84	8.92	4290
22.03.2019 00:00	9.02	9.08	8.76	9.0	7530
25.03.2019 00:00	9.08	9.08	8.9	9.08	8160
26.03.2019 00:00	9.16	9.16	8.9	9.08	10920
27.03.2019 00:00	9.22	9.58	9.1	9.38	20430
28.03.2019 00:00	9.06	9.66	9.06	9.34	3660
29.03.2019 00:00	9.6	9.6	9.22	9.32	1590
01.04.2019 00:00	9.24	9.4	9.14	9.38	4110
02.04.2019 00:00	9.56	9.82	9.18	9.64	18960
03.04.2019 00:00	9.92	9.92	9.4	9.56	6480
04.04.2019 00:00	9.4	9.9	9.4	9.68	17490
05.04.2019 00:00	9.84	9.84	9.68	9.8	3990
08.04.2019 00:00	9.84	9.84	9.6	9.66	2820
09.04.2019 00:00	9.8	9.8	9.4	9.72	900
10.04.2019 00:00	9.42	9.5	9.24	9.24	5880
11.04.2019 00:00	9.24	9.84	9.24	9.74	5550
12.04.2019 00:00	9.74	9.74	9.4	9.68	660
15.04.2019 00:00	9.64	9.64	9.4	9.4	1590
16.04.2019 00:00	9.42	9.56	9.34	9.34	600
17.04.2019 00:00	9.56	9.56	9.32	9.32	600
18.04.2019 00:00	9.6	9.64	9.24	9.4	3000
19.04.2019 00:00	9.3	9.3	9.3	9.3	540
22.04.2019 00:00	9.22	9.48	9.16	9.26	3450
23.04.2019 00:00	9.32	9.42	9.18	9.3	2460
24.04.2019 00:00	9.14	9.4	9.1	9.4	19920
25.04.2019 00:00	9.38	9.46	9.14	9.46	4980
26.04.2019 00:00	9.3	9.42	9.3	9.38	1440
29.04.2019 00:00	9.3	9.58	9.3	9.58	13050
30.04.2019 00:00	9.58	9.68	9.42	9.68	3000
02.05.2019 00:00	9.8	10.06	9.56	10.0	9660
03.05.2019 00:00	10.18	10.22	9.9	10.18	7020
06.05.2019 00:00	10.0	10.3	10.0	10.26	5850
07.05.2019 00:00	10.46	13.84	10.32	12.8	259650
08.05.2019 00:00	13.02	13.02	11.16	11.82	74400
10.05.2019 00:00	11.6	12.98	11.4	11.4	34080
13.05.2019 00:00	11.3	11.68	10.98	11.1	13320
14.05.2019 00:00	11.06	11.64	10.9	10.9	17520
15.05.2019 00:00	10.98	11.46	10.9	11.3	9900
16.05.2019 00:00	11.68	11.68	10.9	11.08	12120
17.05.2019 00:00	10.98	11.22	10.88	11.22	9960
20.05.2019 00:00	10.98	11.16	10.96	10.98	3870
21.05.2019 00:00	10.92	10.98	10.8	10.9	9150
22.05.2019 00:00	10.98	10.98	10.66	10.76	2790
23.05.2019 00:00	10.72	10.72	10.4	10.4	9900
24.05.2019 00:00	10.48	10.5	10.24	10.24	10680
27.05.2019 00:00	10.14	10.9	10.06	10.38	12330
28.05.2019 00:00	10.18	10.56	10.08	10.32	1620
29.05.2019 00:00	10.24	10.4	10.14	10.3	3870
30.05.2019 00:00	10.06	10.18	9.98	9.98	9600
31.05.2019 00:00	10.18	10.18	9.8	9.9	7740
03.06.2019 00:00	9.98	9.98	9.46	9.64	14970
04.06.2019 00:00	9.5	9.88	9.06	9.22	13860
05.06.2019 00:00	9.3	9.5	9.14	9.18	2520
06.06.2019 00:00	9.14	9.38	9.06	9.3	1350
07.06.2019 00:00	9.4	9.42	9.32	9.32	1320
10.06.2019 00:00	9.32	9.4	9.08	9.08	18000
11.06.2019 00:00	9.06	9.16	8.98	9.06	8850
13.06.2019 00:00	9.24	9.32	9.02	9.08	16920
14.06.2019 00:00	9.0	9.26	9.0	9.24	3210
17.06.2019 00:00	9.06	9.1	8.9	9.02	11580
18.06.2019 00:00	9.08	9.14	8.9	8.98	7380
19.06.2019 00:00	8.96	8.96	8.74	8.92	19890
20.06.2019 00:00	8.74	8.82	8.72	8.74	21510
21.06.2019 00:00	8.74	8.92	8.72	8.9	1410
24.06.2019 00:00	8.88	8.9	8.74	8.82	1200
25.06.2019 00:00	8.82	8.92	8.8	8.92	930
26.06.2019 00:00	8.92	8.92	8.06	8.76	24660
27.06.2019 00:00	8.76	8.82	8.74	8.8	6870
28.06.2019 00:00	8.8	8.92	8.76	8.88	4800
01.07.2019 00:00	8.9	8.96	8.82	8.9	4110
02.07.2019 00:00	8.88	11.48	8.8	9.8	136320
03.07.2019 00:00	9.98	13.76	9.52	13.76	590490
04.07.2019 00:00	14.8	14.98	12.06	13.4	278670
05.07.2019 00:00	13.72	16.48	12.96	15.08	233670
08.07.2019 00:00	15.98	15.98	14.06	14.6	58020
09.07.2019 00:00	14.8	14.8	13.76	13.92	22110
10.07.2019 00:00	13.68	14.14	12.68	14.1	14070
11.07.2019 00:00	13.84	14.66	13.68	14.06	37710
12.07.2019 00:00	13.64	14.48	12.8	13.38	44400
15.07.2019 00:00	13.74	13.74	12.18	12.26	35550
16.07.2019 00:00	12.14	12.3	11.9	12.0	9840
17.07.2019 00:00	11.88	14.8	11.88	13.98	112080
18.07.2019 00:00	14.56	19.48	14.4	16.72	567420
19.07.2019 00:00	17.48	18.8	15.48	15.98	272850
22.07.2019 00:00	16.2	17.18	15.1	15.64	58920
23.07.2019 00:00	16.3	16.3	14.9	15.64	52020
24.07.2019 00:00	15.76	17.18	15.76	16.0	117930
25.07.2019 00:00	16.2	17.6	15.56	17.18	91110
26.07.2019 00:00	17.2	17.3	15.48	15.5	105510
29.07.2019 00:00	15.64	16.06	15.22	15.3	45630
30.07.2019 00:00	15.26	15.9	15.18	15.24	30990
31.07.2019 00:00	15.22	15.64	14.9	15.0	36480
01.08.2019 00:00	15.06	15.06	13.96	14.16	58770
02.08.2019 00:00	14.02	14.08	13.52	13.52	19020
05.08.2019 00:00	13.66	14.92	13.6	14.18	47010
06.08.2019 00:00	14.16	14.58	13.56	13.88	25950
07.08.2019 00:00	14.3	14.3	13.24	13.48	17640
08.08.2019 00:00	13.76	14.08	12.72	12.9	43470
09.08.2019 00:00	12.92	13.4	12.64	12.92	24240
12.08.2019 00:00	13.34	13.34	12.64	12.9	7710
13.08.2019 00:00	12.98	13.14	12.22	12.48	21660
14.08.2019 00:00	12.48	12.48	11.98	12.08	25800
15.08.2019 00:00	12.0	12.4	11.0	11.46	54930
16.08.2019 00:00	11.42	11.82	11.06	11.22	21390
19.08.2019 00:00	11.38	11.48	11.22	11.4	3960
20.08.2019 00:00	11.48	11.48	11.06	11.34	3390
21.08.2019 00:00	11.26	12.3	11.06	11.84	33120
22.08.2019 00:00	11.9	13.46	11.84	12.72	81900
23.08.2019 00:00	12.74	13.24	12.22	12.46	27450
26.08.2019 00:00	12.48	13.58	12.32	13.4	66480
27.08.2019 00:00	13.4	13.88	13.0	13.14	53130
28.08.2019 00:00	13.52	13.56	12.8	12.88	28590
29.08.2019 00:00	12.98	13.24	12.22	12.26	47970
30.08.2019 00:00	12.14	13.9	12.14	12.84	75420
02.09.2019 00:00	13.0	14.4	12.64	14.24	76080
03.09.2019 00:00	14.48	14.56	13.34	13.72	38910
04.09.2019 00:00	14.46	14.46	13.32	13.56	8520
05.09.2019 00:00	13.68	14.9	13.32	14.02	53940
06.09.2019 00:00	13.8	14.5	13.56	14.46	31950
09.09.2019 00:00	14.5	14.5	13.8	14.1	39780
10.09.2019 00:00	13.98	14.38	13.98	14.38	23190
11.09.2019 00:00	14.3	14.8	14.3	14.8	18000
12.09.2019 00:00	14.58	14.58	14.38	14.38	22350
13.09.2019 00:00	14.48	14.96	14.48	14.96	20520
16.09.2019 00:00	14.96	15.0	14.52	15.0	15690
17.09.2019 00:00	14.64	16.38	14.64	15.96	36750
18.09.2019 00:00	15.98	16.34	15.66	15.98	18750
19.09.2019 00:00	15.72	16.48	15.58	15.98	29730
20.09.2019 00:00	15.9	16.02	15.3	15.8	21600
23.09.2019 00:00	15.58	16.1	15.26	15.4	47820
24.09.2019 00:00	15.22	15.56	15.08	15.52	23070
25.09.2019 00:00	15.98	15.98	14.6	14.64	20400
26.09.2019 00:00	14.8	15.46	14.66	14.8	6120
27.09.2019 00:00	14.58	15.48	14.46	14.98	9540
30.09.2019 00:00	15.48	15.48	14.68	14.84	4980
01.10.2019 00:00	14.8	14.8	11.4	13.42	51720
02.10.2019 00:00	13.48	13.66	12.64	12.68	9690
03.10.2019 00:00	12.68	13.48	12.6	12.84	21690
04.10.2019 00:00	13.06	13.48	12.68	12.74	12150
07.10.2019 00:00	13.06	13.1	12.84	12.88	3330
08.10.2019 00:00	13.06	13.18	12.24	12.3	15630
09.10.2019 00:00	12.52	12.56	12.02	12.1	12210
10.10.2019 00:00	12.0	12.32	11.9	12.16	5340
11.10.2019 00:00	12.4	13.4	12.4	12.64	42510
14.10.2019 00:00	12.9	13.3	12.6	12.9	3360
15.10.2019 00:00	12.4	12.8	12.4	12.72	3840
16.10.2019 00:00	12.74	12.9	12.56	12.74	1740
17.10.2019 00:00	12.58	12.64	12.38	12.58	2970
18.10.2019 00:00	12.58	12.58	12.22	12.46	3240
21.10.2019 00:00	12.64	12.64	12.14	12.48	2670
22.10.2019 00:00	12.4	12.58	12.4	12.58	1140
23.10.2019 00:00	12.5	12.5	12.38	12.48	540
24.10.2019 00:00	12.5	13.9	12.5	13.08	27960
25.10.2019 00:00	13.58	13.58	12.68	13.06	7380
28.10.2019 00:00	12.98	12.98	12.48	12.5	11970
29.10.2019 00:00	12.58	12.64	12.14	12.48	6780
30.10.2019 00:00	12.32	12.98	12.14	12.64	12090
31.10.2019 00:00	12.58	13.18	12.56	12.8	2010
01.11.2019 00:00	12.6	13.4	12.6	12.68	7200
05.11.2019 00:00	12.6	13.88	12.4	12.6	17430
06.11.2019 00:00	12.64	13.34	12.52	12.68	6750
07.11.2019 00:00	12.82	12.82	12.56	12.68	4170
08.11.2019 00:00	12.58	12.68	12.38	12.56	13020
11.11.2019 00:00	12.5	12.76	12.48	12.56	7620
12.11.2019 00:00	12.68	12.68	12.4	12.52	2610
13.11.2019 00:00	12.34	12.48	12.22	12.24	14040
14.11.2019 00:00	12.22	12.42	12.14	12.22	13410
15.11.2019 00:00	12.22	12.4	12.22	12.4	2220
18.11.2019 00:00	12.32	12.56	12.32	12.4	3990
19.11.2019 00:00	12.48	12.48	12.26	12.4	900
20.11.2019 00:00	12.26	12.32	11.82	11.92	43110
21.11.2019 00:00	12.0	12.02	11.66	11.88	16710
22.11.2019 00:00	11.96	11.98	11.84	11.92	1890
25.11.2019 00:00	11.8	12.24	11.8	12.06	4650
26.11.2019 00:00	12.24	12.24	11.6	11.82	7080
27.11.2019 00:00	11.88	12.22	11.64	12.16	32940
28.11.2019 00:00	12.18	12.18	11.96	12.18	2820
29.11.2019 00:00	11.96	12.48	11.68	12.22	33960
02.12.2019 00:00	12.22	12.22	11.92	11.92	6780
03.12.2019 00:00	12.06	12.06	11.9	11.96	2490
04.12.2019 00:00	11.9	12.14	11.88	12.02	5130
05.12.2019 00:00	12.0	12.1	11.98	11.98	1560
06.12.2019 00:00	12.18	12.18	11.98	12.02	1560
09.12.2019 00:00	11.92	11.98	11.9	11.9	1770
10.12.2019 00:00	11.92	11.98	11.9	11.98	2700
11.12.2019 00:00	11.98	12.06	11.88	12.06	8250
12.12.2019 00:00	11.98	12.08	11.98	12.0	6720
13.12.2019 00:00	11.96	12.14	11.9	12.08	3420
16.12.2019 00:00	12.08	15.72	12.08	14.8	368670
17.12.2019 00:00	15.22	15.22	13.4	13.72	144090
18.12.2019 00:00	13.96	14.48	13.32	13.48	19380
19.12.2019 00:00	13.46	14.48	13.26	13.8	20040
20.12.2019 00:00	13.42	14.3	13.42	13.98	17520
23.12.2019 00:00	13.98	13.98	12.98	13.3	23400
24.12.2019 00:00	13.02	13.26	12.98	13.14	5070
25.12.2019 00:00	13.14	13.14	12.72	12.84	9060
26.12.2019 00:00	12.66	12.82	12.6	12.74	4710
27.12.2019 00:00	12.64	13.26	12.64	12.98	7500
30.12.2019 00:00	12.82	13.1	12.82	12.98	660
03.01.2020 00:00	13.38	13.38	12.96	13.22	2880
06.01.2020 00:00	12.98	13.14	12.96	13.06	9690
08.01.2020 00:00	13.0	13.02	12.98	13.02	9660
09.01.2020 00:00	12.98	13.38	12.9	13.22	5730
10.01.2020 00:00	13.24	13.24	12.8	13.08	13140
13.01.2020 00:00	13.18	13.4	13.02	13.14	3660
14.01.2020 00:00	13.16	13.26	12.98	13.02	12630
15.01.2020 00:00	13.0	13.22	12.98	13.22	6930
16.01.2020 00:00	13.18	14.88	13.0	13.98	80670
17.01.2020 00:00	14.4	14.4	13.6	13.66	22260
20.01.2020 00:00	13.64	13.9	13.32	13.4	22890
21.01.2020 00:00	13.56	13.56	12.98	13.14	32700
22.01.2020 00:00	13.06	13.22	12.82	13.08	37320
23.01.2020 00:00	13.22	14.16	12.9	13.32	68730
24.01.2020 00:00	13.26	13.92	13.08	13.24	49020
27.01.2020 00:00	13.08	13.9	12.92	13.1	53880
28.01.2020 00:00	13.24	15.66	13.24	14.82	227160
29.01.2020 00:00	14.98	16.68	13.96	14.58	233820
30.01.2020 00:00	14.02	14.3	13.8	13.9	21570
31.01.2020 00:00	14.18	14.96	14.0	14.8	32820
03.02.2020 00:00	14.76	15.98	14.48	15.3	61710
04.02.2020 00:00	14.56	15.64	14.48	14.56	49950
05.02.2020 00:00	14.58	14.68	14.0	14.3	14250
06.02.2020 00:00	14.58	14.82	14.32	14.58	8070
07.02.2020 00:00	14.3	14.48	14.02	14.48	13290
10.02.2020 00:00	14.66	14.66	14.08	14.18	5340
11.02.2020 00:00	14.1	14.1	13.48	13.98	17700
12.02.2020 00:00	13.9	13.9	13.48	13.52	14640
13.02.2020 00:00	13.6	13.74	13.3	13.48	20640
14.02.2020 00:00	13.8	13.8	13.06	13.22	26760
17.02.2020 00:00	13.14	13.48	13.1	13.4	5970
18.02.2020 00:00	13.46	14.66	13.14	13.72	61440
19.02.2020 00:00	13.74	14.42	13.22	13.88	16950
20.02.2020 00:00	14.32	14.68	13.56	14.06	14160
21.02.2020 00:00	14.3	14.8	13.98	14.06	32640
25.02.2020 00:00	13.82	14.76	13.5	13.8	26430
26.02.2020 00:00	13.98	13.98	13.46	13.84	10470
27.02.2020 00:00	13.98	14.14	13.34	13.64	21030
28.02.2020 00:00	13.38	13.84	12.82	13.84	41640
02.03.2020 00:00	13.9	13.98	13.34	13.8	12570
03.03.2020 00:00	13.84	13.84	13.64	13.68	2580
04.03.2020 00:00	13.96	14.18	13.66	13.84	10260
05.03.2020 00:00	13.84	14.1	13.56	13.68	3030
06.03.2020 00:00	13.82	13.82	12.96	13.1	19260
10.03.2020 00:00	12.56	12.56	11.46	11.98	23370
11.03.2020 00:00	12.06	12.8	11.48	11.5	25800
12.03.2020 00:00	11.48	11.84	10.34	10.34	9360
13.03.2020 00:00	10.14	11.16	10.0	10.98	15750
16.03.2020 00:00	11.14	11.18	10.3	10.48	19950
17.03.2020 00:00	10.48	10.96	9.6	9.74	18030
18.03.2020 00:00	9.9	10.08	8.98	9.24	28500
19.03.2020 00:00	9.26	9.98	9.02	9.98	10950
20.03.2020 00:00	9.98	11.66	9.98	10.72	10800
23.03.2020 00:00	11.14	11.48	9.8	10.72	7560
24.03.2020 00:00	10.24	11.56	10.18	11.48	13320
25.03.2020 00:00	11.66	12.56	10.52	11.4	29130
26.03.2020 00:00	11.3	11.64	10.8	11.22	5160
27.03.2020 00:00	11.66	11.66	10.64	11.4	9600
30.03.2020 00:00	11.48	11.64	11.3	11.64	9120
31.03.2020 00:00	11.64	12.24	11.38	11.66	11550
01.04.2020 00:00	11.72	13.16	11.58	11.96	89430
02.04.2020 00:00	12.24	12.56	12.06	12.26	9090
03.04.2020 00:00	12.64	12.64	12.22	12.42	8760
06.04.2020 00:00	12.4	12.96	12.24	12.68	10080
07.04.2020 00:00	12.68	12.8	12.3	12.52	12840
08.04.2020 00:00	12.56	12.56	12.48	12.56	1320
09.04.2020 00:00	12.8	12.88	12.34	12.42	2670
10.04.2020 00:00	12.48	12.5	12.08	12.14	16350
13.04.2020 00:00	12.24	17.0	12.24	17.0	383580
14.04.2020 00:00	18.7	22.84	18.18	21.46	1208040
15.04.2020 00:00	21.68	30.04	20.02	30.04	1419810
16.04.2020 00:00	33.06	42.06	32.28	42.06	765210
17.04.2020 00:00	42.06	46.24	32.8	39.28	2272620
20.04.2020 00:00	38.980000000000004	39.46	30.2	30.3	961500
21.04.2020 00:00	29.68	30.68	26.18	27.5	653160
22.04.2020 00:00	27.3	28.48	21.7	22.62	761400
23.04.2020 00:00	23.2	24.86	20.36	24.86	1070640
24.04.2020 00:00	26.68	27.32	25.560000000000002	27.32	714150
27.04.2020 00:00	27.62	30.02	27.62	30.02	330390
28.04.2020 00:00	32.14	33.02	32.12	33.02	137640
29.04.2020 00:00	36.34	44.980000000000004	30.28	32.7	2293860
30.04.2020 00:00	33.38	34.88	29.64	31.96	649050
04.05.2020 00:00	31.78	35.980000000000004	30.12	34.480000000000004	585090
05.05.2020 00:00	35.46	35.46	31.98	33.14	334200
06.05.2020 00:00	33.14	34.480000000000004	32.06	33.2	170820
07.05.2020 00:00	33.84	33.88	32.28	33.160000000000004	98250
08.05.2020 00:00	33.24	34.24	32.56	33.160000000000004	91560
12.05.2020 00:00	34.12	34.14	32.28	33.2	88560
13.05.2020 00:00	33.28	33.38	32.52	32.78	52710
14.05.2020 00:00	32.78	33.06	29.1	31.0	363570
15.05.2020 00:00	30.66	31.34	29.8	30.16	92610
18.05.2020 00:00	30.1	30.3	27.98	28.34	133350
19.05.2020 00:00	28.5	29.98	26.14	28.68	274200
20.05.2020 00:00	28.44	30.98	28.44	29.78	191730
21.05.2020 00:00	30.18	30.3	28.560000000000002	29.1	79170
22.05.2020 00:00	28.2	29.54	28.2	29.3	44340
25.05.2020 00:00	29.52	34.78	29.04	31.34	675720
26.05.2020 00:00	31.86	32.24	30.1	30.3	197730
27.05.2020 00:00	30.86	32.78	30.2	31.16	223890
28.05.2020 00:00	31.48	31.88	30.02	30.96	145080
29.05.2020 00:00	30.98	31.28	29.48	29.8	102510
01.06.2020 00:00	29.38	30.48	28.54	28.98	78990
02.06.2020 00:00	29.78	29.78	28.0	29.2	67740
03.06.2020 00:00	29.48	33.1	29.2	29.46	58770
04.06.2020 00:00	29.04	30.34	29.0	29.02	33120
05.06.2020 00:00	29.12	29.26	27.7	27.98	157260
08.06.2020 00:00	28.0	28.12	27.14	27.68	62370
09.06.2020 00:00	27.88	27.88	27.04	27.16	39930
10.06.2020 00:00	27.04	27.62	26.86	27.32	20340
11.06.2020 00:00	27.48	29.68	26.88	28.060000000000002	150630
15.06.2020 00:00	28.060000000000002	28.96	27.86	28.3	56700
16.06.2020 00:00	28.18	28.6	27.54	27.86	56820
17.06.2020 00:00	27.88	28.28	27.34	27.46	30540
18.06.2020 00:00	27.34	27.94	27.060000000000002	27.72	28410
19.06.2020 00:00	27.1	28.04	27.1	27.34	15210
22.06.2020 00:00	27.5	27.84	26.88	26.96	29010
23.06.2020 00:00	26.98	27.14	26.12	26.68	52110
25.06.2020 00:00	26.3	26.8	24.92	25.96	71610
26.06.2020 00:00	25.48	26.42	24.88	25.0	74670
29.06.2020 00:00	24.88	31.12	23.8	28.16	909690
30.06.2020 00:00	28.1	28.78	25.8	25.8	288540
02.07.2020 00:00	26.44	26.44	25.04	25.62	85410
03.07.2020 00:00	25.42	27.38	25.42	26.02	117480
06.07.2020 00:00	26.78	27.38	25.98	26.28	119250
07.07.2020 00:00	26.44	26.88	26.12	26.26	31830
08.07.2020 00:00	26.3	26.68	25.76	25.92	59730
09.07.2020 00:00	26.18	26.18	25.32	25.76	33060
10.07.2020 00:00	25.72	26.3	25.34	26.12	61620
13.07.2020 00:00	26.3	26.34	25.5	25.8	67080
14.07.2020 00:00	25.560000000000002	25.72	25.14	25.46	32700
15.07.2020 00:00	25.18	25.64	25.0	25.1	76830
16.07.2020 00:00	25.32	25.46	24.68	25.26	32040
17.07.2020 00:00	25.060000000000002	26.64	24.96	26.44	178110
20.07.2020 00:00	26.98	27.36	25.88	26.44	114330
21.07.2020 00:00	26.8	26.8	26.0	26.44	61530
22.07.2020 00:00	26.52	26.86	25.84	26.04	48180
23.07.2020 00:00	25.86	26.38	25.68	25.78	38460
24.07.2020 00:00	25.82	26.1	25.48	25.7	39060
27.07.2020 00:00	25.5	25.98	25.1	25.28	84750
28.07.2020 00:00	25.42	26.32	25.2	26.0	94500
29.07.2020 00:00	26.12	26.32	25.48	26.18	54270
30.07.2020 00:00	25.72	26.14	24.5	24.8	227970
31.07.2020 00:00	24.88	25.32	24.7	24.96	65100
03.08.2020 00:00	25.0	25.8	24.96	25.18	127860
04.08.2020 00:00	24.98	25.64	24.92	24.96	73380
05.08.2020 00:00	24.98	25.3	24.6	25.02	80940
06.08.2020 00:00	24.8	25.04	23.68	24.26	136410
07.08.2020 00:00	24.04	24.46	23.96	24.28	34950
10.08.2020 00:00	24.2	24.98	24.2	24.66	44940
11.08.2020 00:00	24.76	24.8	24.12	24.52	28860
12.08.2020 00:00	24.46	24.68	24.26	24.46	14550
13.08.2020 00:00	24.560000000000002	24.8	24.12	24.52	33810
14.08.2020 00:00	24.6	24.8	24.16	24.6	23280
17.08.2020 00:00	24.3	24.66	23.8	24.04	76260
18.08.2020 00:00	24.0	24.3	23.38	23.48	76290
19.08.2020 00:00	23.54	24.1	22.94	23.12	97530
20.08.2020 00:00	23.04	23.34	22.86	22.98	39630
21.08.2020 00:00	22.82	23.34	22.82	23.12	33450
24.08.2020 00:00	23.04	23.8	22.98	23.36	23340
25.08.2020 00:00	23.32	23.64	23.1	23.36	15210
26.08.2020 00:00	23.36	23.36	22.96	23.02	17820
27.08.2020 00:00	23.26	23.26	22.96	22.98	25050
28.08.2020 00:00	22.96	23.28	22.66	22.8	16800
31.08.2020 00:00	23.34	23.34	22.72	22.94	20010
01.09.2020 00:00	22.7	22.96	22.34	22.44	33870
02.09.2020 00:00	22.34	22.56	21.02	21.6	90990
03.09.2020 00:00	21.04	21.8	20.48	20.6	100620
04.09.2020 00:00	20.6	23.3	20.1	22.1	371400
07.09.2020 00:00	22.14	22.56	21.18	22.3	88410
08.09.2020 00:00	22.28	22.96	21.44	22.28	79620
09.09.2020 00:00	22.28	23.46	22.02	23.34	84330
10.09.2020 00:00	23.36	24.64	23.3	24.6	108180
11.09.2020 00:00	24.68	29.8	24.62	27.38	1235970
14.09.2020 00:00	27.82	28.68	25.68	26.26	337500
15.09.2020 00:00	26.560000000000002	27.54	25.12	26.92	300900
16.09.2020 00:00	26.86	28.12	26.2	27.66	236820
17.09.2020 00:00	27.66	28.060000000000002	27.14	27.32	117690
18.09.2020 00:00	27.3	27.6	26.48	26.5	91140
21.09.2020 00:00	26.5	26.96	24.62	24.88	60090
22.09.2020 00:00	24.8	28.98	24.3	28.98	444660
23.09.2020 00:00	29.38	29.6	27.36	28.12	293880
24.09.2020 00:00	27.48	33.74	27.48	32.2	902730
25.09.2020 00:00	32.34	36.980000000000004	32.34	34.480000000000004	1480200
28.09.2020 00:00	34.980000000000004	37.38	33.02	35.480000000000004	591480
29.09.2020 00:00	36.980000000000004	36.980000000000004	33.6	34.1	321210
30.09.2020 00:00	34.06	35.46	33.7	34.2	159540
01.10.2020 00:00	34.46	35.480000000000004	33.92	34.480000000000004	163410
02.10.2020 00:00	34.38	35.480000000000004	32.980000000000004	33.480000000000004	204570
05.10.2020 00:00	33.980000000000004	34.480000000000004	33.28	33.46	116460
06.10.2020 00:00	33.3	34.160000000000004	31.64	33.1	162060
07.10.2020 00:00	33.78	33.78	32.7	33.06	56700
08.10.2020 00:00	32.980000000000004	33.6	32.980000000000004	33.14	65730
09.10.2020 00:00	32.980000000000004	32.980000000000004	31.52	31.96	199980
12.10.2020 00:00	31.6	32.2	30.3	30.38	145440
13.10.2020 00:00	30.3	32.96	30.12	31.34	228840
14.10.2020 00:00	31.38	32.46	31.38	32.160000000000004	56130
15.10.2020 00:00	32.28	32.88	30.64	30.98	69060
16.10.2020 00:00	30.94	31.46	29.52	29.64	119940
19.10.2020 00:00	29.64	31.8	28.98	29.1	76500
20.10.2020 00:00	29.1	30.8	28.54	29.18	111870
21.10.2020 00:00	29.18	29.78	29.1	29.26	43890
22.10.2020 00:00	29.14	29.560000000000002	28.72	29.32	16680
23.10.2020 00:00	29.32	30.7	28.62	28.8	161850
26.10.2020 00:00	28.66	28.96	27.7	27.88	82020
27.10.2020 00:00	28.1	29.36	27.94	28.14	122850
28.10.2020 00:00	28.1	28.98	26.12	27.22	154410
29.10.2020 00:00	27.18	27.98	26.5	27.060000000000002	48210
30.10.2020 00:00	26.98	27.38	26.1	26.22	54330
02.11.2020 00:00	26.66	26.8	26.22	26.42	47280
03.11.2020 00:00	26.6	26.94	26.42	26.64	45000
05.11.2020 00:00	26.66	30.94	26.66	29.98	336750
06.11.2020 00:00	30.44	31.48	29.3	30.060000000000002	256860
09.11.2020 00:00	30.16	31.04	29.5	29.6	127590
10.11.2020 00:00	29.62	30.88	29.62	30.44	101010
11.11.2020 00:00	30.44	34.6	30.38	33.660000000000004	442200
12.11.2020 00:00	33.980000000000004	36.96	33.38	35.78	580320
13.11.2020 00:00	36.6	36.6	33.56	34.06	204780
16.11.2020 00:00	34.06	34.92	32.2	32.3	254370
17.11.2020 00:00	32.24	33.88	31.82	33.56	124320
18.11.2020 00:00	32.980000000000004	34.88	32.660000000000004	34.24	159990
19.11.2020 00:00	33.84	34.38	33.06	33.34	55050
20.11.2020 00:00	33.78	34.84	33.2	33.88	43260
23.11.2020 00:00	33.78	34.78	32.7	32.980000000000004	73530
24.11.2020 00:00	32.88	40.980000000000004	32.84	37.2	937500
25.11.2020 00:00	36.980000000000004	39.480000000000004	36.56	37.980000000000004	204450
26.11.2020 00:00	37.96	39.78	36.7	36.96	115920
27.11.2020 00:00	36.980000000000004	37.28	35.52	36.34	99180
30.11.2020 00:00	35.980000000000004	39.96	35.56	38.7	281910
01.12.2020 00:00	38.480000000000004	39.980000000000004	38.2	38.300000000000004	88560
02.12.2020 00:00	38.2	39.24	37.56	38.38	215610
03.12.2020 00:00	38.96	38.96	37.56	37.660000000000004	120930
04.12.2020 00:00	37.800000000000004	38.52	37.1	37.52	60780
07.12.2020 00:00	38.02	40.46	37.84	39.88	516030
08.12.2020 00:00	40.160000000000004	41.980000000000004	36.2	37.56	1345950
09.12.2020 00:00	38.46	38.7	37.52	37.74	139950
10.12.2020 00:00	38.02	38.02	36.34	36.980000000000004	138960
11.12.2020 00:00	37.1	37.1	35.38	36.28	148770
14.12.2020 00:00	36.6	36.6	34.64	35.2	195270
15.12.2020 00:00	35.2	41.28	34.480000000000004	38.6	855420
16.12.2020 00:00	39.96	41.74	38.78	39.2	390930
17.12.2020 00:00	39.78	40.78	39.38	40.1	121830
18.12.2020 00:00	40.2	40.52	39.88	40.02	55020
21.12.2020 00:00	40.06	41.02	37.1	38.24	193050
22.12.2020 00:00	38.1	40.160000000000004	38.1	38.980000000000004	132060
23.12.2020 00:00	38.980000000000004	39.96	38.660000000000004	39.02	57870
24.12.2020 00:00	39.2	39.24	38.06	38.34	66660
25.12.2020 00:00	38.34	38.84	37.6	37.980000000000004	69120
28.12.2020 00:00	38.480000000000004	39.480000000000004	37.980000000000004	38.12	77520
29.12.2020 00:00	38.14	38.78	37.980000000000004	38.1	37470
30.12.2020 00:00	37.56	38.480000000000004	37.38	38.14	44400
04.01.2021 00:00	38.1	38.96	38.1	38.2	42630
05.01.2021 00:00	38.96	38.96	38.02	38.1	25950
06.01.2021 00:00	38.1	38.38	38.02	38.28	57270
08.01.2021 00:00	37.96	38.46	37.7	38.38	46470
11.01.2021 00:00	38.2	38.28	37.92	38.02	54750
12.01.2021 00:00	37.980000000000004	38.38	37.92	37.96	25440
13.01.2021 00:00	37.84	38.2	36.92	37.300000000000004	53220
14.01.2021 00:00	37.88	37.92	37.2	37.42	26400
15.01.2021 00:00	37.300000000000004	40.980000000000004	36.980000000000004	38.38	405930
18.01.2021 00:00	38.62	40.38	38.38	38.88	173640
19.01.2021 00:00	38.92	39.78	38.24	38.42	51210
20.01.2021 00:00	38.56	39.88	38.34	39.800000000000004	82110
21.01.2021 00:00	39.92	40.56	38.980000000000004	39.980000000000004	208920
22.01.2021 00:00	39.660000000000004	40.96	39.52	40.28	99090
25.01.2021 00:00	40.7	40.96	39.42	39.480000000000004	84600
26.01.2021 00:00	39.56	39.96	39.480000000000004	39.88	37380
27.01.2021 00:00	39.64	39.980000000000004	39.14	39.14	26970
28.01.2021 00:00	38.980000000000004	38.980000000000004	38.1	38.34	46830
29.01.2021 00:00	38.42	38.46	35.06	37.62	88410
01.02.2021 00:00	37.64	37.84	37.06	37.52	24120
02.02.2021 00:00	37.12	38.7	37.12	37.88	34920
03.02.2021 00:00	38.2	38.480000000000004	37.480000000000004	37.78	29490
04.02.2021 00:00	38.78	38.78	37.52	37.88	37710
05.02.2021 00:00	37.84	38.38	37.52	37.78	26130
08.02.2021 00:00	37.88	40.980000000000004	37.88	39.84	332490
09.02.2021 00:00	40.38	40.480000000000004	38.980000000000004	39.160000000000004	79770
10.02.2021 00:00	39.28	39.980000000000004	38.980000000000004	39.02	29040
11.02.2021 00:00	38.92	39.64	37.300000000000004	38.74	77160
12.02.2021 00:00	38.96	39.46	38.52	38.74	47100
15.02.2021 00:00	39.46	39.46	38.78	38.78	21150
16.02.2021 00:00	38.96	38.96	38.480000000000004	38.800000000000004	44130
17.02.2021 00:00	38.480000000000004	38.84	37.7	38.38	33000
18.02.2021 00:00	38.52	38.96	37.800000000000004	38.14	42810
19.02.2021 00:00	37.6	38.78	37.6	37.88	41430
20.02.2021 00:00	37.78	38.56	37.7	38.06	17190
22.02.2021 00:00	38.96	39.28	37.74	37.96	11190
24.02.2021 00:00	38.06	38.06	37.38	37.480000000000004	25410
25.02.2021 00:00	37.74	37.96	37.52	37.660000000000004	16140
26.02.2021 00:00	37.6	37.6	36.7	37.2	29400
01.03.2021 00:00	37.64	37.88	36.6	36.6	49260
02.03.2021 00:00	36.6	36.6	35.34	35.6	103440
03.03.2021 00:00	35.6	36.78	35.6	36.1	38340
04.03.2021 00:00	35.6	36.7	35.2	35.46	36990
05.03.2021 00:00	35.28	35.6	34.7	35.28	35670
09.03.2021 00:00	36.480000000000004	36.480000000000004	35.02	35.7	35880
10.03.2021 00:00	35.88	35.88	34.84	35.38	19110
11.03.2021 00:00	35.78	36.2	35.24	35.660000000000004	16440
12.03.2021 00:00	35.660000000000004	35.660000000000004	34.12	34.480000000000004	38310
15.03.2021 00:00	34.660000000000004	36.6	34.660000000000004	34.84	102210
16.03.2021 00:00	34.84	35.2	33.34	34.28	97620
17.03.2021 00:00	34.28	34.980000000000004	33.8	34.1	23070
18.03.2021 00:00	34.34	34.46	34.02	34.160000000000004	11370
19.03.2021 00:00	36.28	36.28	34.1	34.1	19620
22.03.2021 00:00	34.52	34.660000000000004	34.06	34.42	13440
23.03.2021 00:00	34.480000000000004	34.6	34.02	34.300000000000004	13140
24.03.2021 00:00	34.24	35.88	34.2	34.92	52440
25.03.2021 00:00	34.96	34.96	34.1	34.12	13440
26.03.2021 00:00	34.1	35.2	34.1	35.02	39150
29.03.2021 00:00	36.480000000000004	40.42	35.52	38.14	615210
30.03.2021 00:00	38.480000000000004	38.84	36.480000000000004	36.74	128940
31.03.2021 00:00	37.06	37.1	36.480000000000004	36.92	30330
01.04.2021 00:00	36.96	37.1	36.52	36.74	15630
02.04.2021 00:00	36.6	38.800000000000004	36.6	37.78	82980
05.04.2021 00:00	38.74	38.980000000000004	37.980000000000004	38.28	63990
06.04.2021 00:00	38.38	38.78	37.2	37.62	34980
07.04.2021 00:00	37.2	38.78	37.2	37.52	39570
08.04.2021 00:00	37.52	38.28	37.52	37.84	16080
09.04.2021 00:00	37.92	37.980000000000004	36.480000000000004	37.38	29340
12.04.2021 00:00	37.96	37.96	36.84	37.02	27240
13.04.2021 00:00	37.42	37.78	37.2	37.42	22710
14.04.2021 00:00	37.480000000000004	37.52	36.92	37.06	22530
15.04.2021 00:00	36.88	37.74	36.88	37.24	13320
16.04.2021 00:00	37.7	37.7	36.42	36.480000000000004	31740
19.04.2021 00:00	36.7	37.28	36.56	37.06	19200
20.04.2021 00:00	37.38	37.38	35.88	35.96	65310
21.04.2021 00:00	36.02	36.24	35.88	36.1	18840
22.04.2021 00:00	36.2	36.24	35.28	35.74	43560
23.04.2021 00:00	35.56	36.480000000000004	35.52	35.84	27060
26.04.2021 00:00	35.74	36.6	35.660000000000004	35.88	28350
27.04.2021 00:00	35.7	36.6	35.56	35.96	24840
28.04.2021 00:00	35.92	36.2	34.34	34.480000000000004	81420
29.04.2021 00:00	35.28	36.78	34.980000000000004	35.980000000000004	54510
30.04.2021 00:00	35.980000000000004	36.24	35.02	35.34	18600
04.05.2021 00:00	35.980000000000004	38.78	35.56	35.92	185340
05.05.2021 00:00	36.02	36.24	35.06	35.62	36000
06.05.2021 00:00	35.92	35.980000000000004	35.2	35.34	16650
07.05.2021 00:00	35.46	35.96	34.7	35.480000000000004	23340
10.05.2021 00:00	35.84	35.84	34.96	35.1	21090
11.05.2021 00:00	34.88	35.12	34.6	34.84	15960
12.05.2021 00:00	34.6	35.28	34.52	34.78	11190
13.05.2021 00:00	34.660000000000004	34.96	34.34	34.52	18030
14.05.2021 00:00	34.480000000000004	34.7	34.38	34.38	8100
17.05.2021 00:00	34.62	34.980000000000004	34.46	34.78	20310
18.05.2021 00:00	34.800000000000004	35.56	34.800000000000004	34.84	9930
19.05.2021 00:00	34.980000000000004	35.480000000000004	34.660000000000004	34.96	28530
20.05.2021 00:00	34.74	35.28	34.62	35.28	32100
21.05.2021 00:00	35.28	35.92	34.980000000000004	35.6	73200
24.05.2021 00:00	35.6	39.34	35.6	38.88	899340
25.05.2021 00:00	39.28	39.96	37.28	37.38	194040
26.05.2021 00:00	37.38	38.88	37.38	37.88	77310
27.05.2021 00:00	38.88	39.06	37.46	38.28	54510
28.05.2021 00:00	38.160000000000004	38.38	37.78	38.1	23970
31.05.2021 00:00	38.74	38.74	37.38	37.56	27510
01.06.2021 00:00	37.46	37.74	37.02	37.52	27030
02.06.2021 00:00	37.52	37.74	37.06	37.2	28710
03.06.2021 00:00	37.96	37.96	37.02	37.12	27120
04.06.2021 00:00	37.2	37.24	36.38	36.46	35070
07.06.2021 00:00	36.46	36.92	36.24	36.7	9840
08.06.2021 00:00	36.2	37.1	36.2	36.6	11370
09.06.2021 00:00	36.96	36.96	35.84	35.96	28230
10.06.2021 00:00	35.92	36.12	35.480000000000004	35.78	30780
11.06.2021 00:00	35.64	36.24	35.64	36.12	14700
14.06.2021 00:00	36.02	36.52	35.980000000000004	36.24	10380
15.06.2021 00:00	35.78	36.980000000000004	35.78	36.2	17670
16.06.2021 00:00	36.2	36.78	35.14	35.7	24090
17.06.2021 00:00	35.7	36.480000000000004	35.38	35.660000000000004	27630
18.06.2021 00:00	35.7	36.52	35.7	35.84	12150
21.06.2021 00:00	36.480000000000004	36.480000000000004	35.160000000000004	36.1	13500
22.06.2021 00:00	36.28	36.34	35.64	36.02	12690
23.06.2021 00:00	36.02	36.980000000000004	35.46	36.84	56550
24.06.2021 00:00	36.92	37.34	36.06	36.52	25230
25.06.2021 00:00	36.12	37.62	36.1	37.300000000000004	41640
28.06.2021 00:00	37.84	38.6	37.2	37.7	73170
29.06.2021 00:00	37.78	37.980000000000004	37.42	37.42	33360
30.06.2021 00:00	37.96	38.42	37.52	38.28	83280
01.07.2021 00:00	38.38	39.88	38.24	39.06	175740
02.07.2021 00:00	39.02	39.34	38.480000000000004	38.7	47280
05.07.2021 00:00	38.06	38.78	37.6	38.64	59370
06.07.2021 00:00	38.02	38.78	37.2	37.24	61500
07.07.2021 00:00	37.24	38.34	37.24	38.2	34410
08.07.2021 00:00	37.64	38.6	37.480000000000004	37.980000000000004	37140
09.07.2021 00:00	37.84	38.42	37.84	38.2	14760
12.07.2021 00:00	38.02	39.980000000000004	37.74	38.7	56850
13.07.2021 00:00	38.2	39.6	38.02	38.480000000000004	32280
14.07.2021 00:00	38.480000000000004	38.56	37.06	37.56	52410
15.07.2021 00:00	37.160000000000004	38.78	37.160000000000004	38.38	53340
16.07.2021 00:00	39.06	39.1	38.02	38.24	30360
19.07.2021 00:00	38.7	39.78	36.980000000000004	37.14	62430
20.07.2021 00:00	37.7	37.7	36.84	37.38	35250
21.07.2021 00:00	38.2	42.980000000000004	37.7	41.52	873060
22.07.2021 00:00	42.02	48.42	42.02	48.38	1446900
23.07.2021 00:00	48.38	49.24	42.52	43.84	617400
26.07.2021 00:00	44.480000000000004	46.480000000000004	42.1	43.84	336600
27.07.2021 00:00	44.78	45.84	43.84	44.38	191760
28.07.2021 00:00	44.42	46.28	43.74	45.84	294570
29.07.2021 00:00	46.6	48.78	45.980000000000004	47.92	287250
30.07.2021 00:00	47.92	54.660000000000004	47.88	50.28	1332540
02.08.2021 00:00	51.24	56.92	51.02	55.980000000000004	905040
03.08.2021 00:00	56.78	74.9	56.42	66.4	4096860
04.08.2021 00:00	69.48	74.34	63.28	65.44	1922040
05.08.2021 00:00	66.7	69.9	62.28	67.92	963720
06.08.2021 00:00	69.9	70.9	65.48	67.04	308820
09.08.2021 00:00	67.08	69.54	65.5	68.48	332940
10.08.2021 00:00	69.48	71.44	67.44	70.42	416250
11.08.2021 00:00	71.9	87.98	70.98	83.58	3169440
12.08.2021 00:00	85.98	97.76	85.04	93.04	3037410
13.08.2021 00:00	93.58	103.98	92.06	97.48	2366370
16.08.2021 00:00	101.98	103.98	88.48	92.3	1316130
17.08.2021 00:00	93.84	98.98	82.48	93.36	1668120
18.08.2021 00:00	93.98	96.48	91.26	93.98	410580
19.08.2021 00:00	94.72	94.72	89.0	90.14	438000
20.08.2021 00:00	90.64	91.28	82.68	87.2	583440
23.08.2021 00:00	88.56	93.98	85.2	93.98	468480
24.08.2021 00:00	94.9	97.84	91.98	96.34	749400
25.08.2021 00:00	96.34	97.98	94.4	95.2	237120
26.08.2021 00:00	94.98	95.58	93.12	94.34	133530
27.08.2021 00:00	95.34	95.9	93.12	93.98	145620
30.08.2021 00:00	95.48	95.48	90.0	91.14	187218
31.08.2021 00:00	86.7	92.94	85.26	88.28	355275
01.09.2021 00:00	88.5	94.98	85.3	91.48	392514
02.09.2021 00:00	91.48	98.98	89.92	91.78	603372
03.09.2021 00:00	93.94	93.98	91.58	92.7	176946
06.09.2021 00:00	93.9	93.9	89.98	90.44	129705
07.09.2021 00:00	91.34	91.34	88.06	88.26	190530
08.09.2021 00:00	88.58	88.78	86.56	88.26	99849
09.09.2021 00:00	87.64	89.06	85.98	86.04	111144
10.09.2021 00:00	87.7	92.4	85.5	90.26	164025
13.09.2021 00:00	91.48	91.98	87.5	88.9	113301
14.09.2021 00:00	88.98	88.98	86.98	87.06	69366
15.09.2021 00:00	87.06	87.8	85.98	86.4	61209
16.09.2021 00:00	86.4	89.9	86.34	88.2	146625
17.09.2021 00:00	89.48	91.98	87.5	89.7	160365
20.09.2021 00:00	89.92	90.86	84.0	84.98	288480
21.09.2021 00:00	86.0	87.28	84.04	84.9	86193
22.09.2021 00:00	85.18	87.2	83.0	86.44	109596
23.09.2021 00:00	85.98	93.4	85.72	91.48	437991
24.09.2021 00:00	91.9	92.14	87.9	88.56	96072
27.09.2021 00:00	90.3	102.72	87.18	98.78	1647726
28.09.2021 00:00	100.34	101.34	93.04	94.98	431640
29.09.2021 00:00	95.94	95.94	90.3	91.98	166812
30.09.2021 00:00	92.98	93.4	90.62	91.2	79566
01.10.2021 00:00	91.98	93.04	88.34	89.08	91173
04.10.2021 00:00	90.28	91.9	88.4	88.48	90168
05.10.2021 00:00	90.12	90.76	88.54	88.7	67728
06.10.2021 00:00	89.56	89.98	86.98	88.68	82476
07.10.2021 00:00	88.68	89.34	85.18	87.58	147000
08.10.2021 00:00	87.7	90.76	86.98	88.36	71487
11.10.2021 00:00	89.42	90.72	87.76	89.7	91218
12.10.2021 00:00	89.98	90.64	88.48	88.68	38925
13.10.2021 00:00	89.48	89.48	87.28	88.12	64185
14.10.2021 00:00	88.14	89.2	85.9	86.5	84588
15.10.2021 00:00	86.04	88.48	85.98	87.98	86499
18.10.2021 00:00	88.7	90.7	87.0	88.76	124608
19.10.2021 00:00	88.78	89.36	87.56	87.98	39885
20.10.2021 00:00	88.48	88.48	86.9	87.4	65361
21.10.2021 00:00	87.86	88.4	86.7	87.2	49674
22.10.2021 00:00	87.22	87.48	85.76	85.76	80595
25.10.2021 00:00	85.78	86.54	72.04	81.92	338532
26.10.2021 00:00	80.26	86.84	77.34	83.98	174966
27.10.2021 00:00	83.98	85.06	81.2	82.48	58980
28.10.2021 00:00	81.26	83.98	80.8	82.48	56928
29.10.2021 00:00	82.5	83.2	81.08	82.2	36447
01.11.2021 00:00	82.98	86.48	81.2	85.34	89919
02.11.2021 00:00	85.98	88.76	84.62	85.5	120432
03.11.2021 00:00	85.98	85.98	81.64	82.98	47766
05.11.2021 00:00	84.54	86.98	81.34	84.5	94761
08.11.2021 00:00	87.58	95.7	85.9	93.78	1017984
09.11.2021 00:00	92.98	112.26	92.4	106.98	3307434
10.11.2021 00:00	109.2	139.48	106.98	139.46	6263433
11.11.2021 00:00	144.98	176.98	120.98	124.98	9645564
12.11.2021 00:00	119.98	135.74	107.98	124.28	3885255
15.11.2021 00:00	126.06	152.58	126.06	148.98	3591615
16.11.2021 00:00	152.02	158.98	142.98	144.96	1911465
17.11.2021 00:00	145.48	151.68	130.52	135.24	1495128
18.11.2021 00:00	136.48	143.48	122.2	132.02	1305654
19.11.2021 00:00	133.02	139.9	130.12	133.14000000000001	581742
22.11.2021 00:00	135.48	143.68	130.3	133.12	948714
23.11.2021 00:00	134.98	136.58	124.3	126.98	422055
24.11.2021 00:00	129.26	136.98	125.12	129.02	505638
25.11.2021 00:00	130.68	134.98	129.02	131.36	319749
26.11.2021 00:00	131.98	132.48	125.76	127.94	182760
29.11.2021 00:00	128.9	130.42000000000002	125.0	125.58	187029
30.11.2021 00:00	125.58	128.26	118.2	120.9	304731
01.12.2021 00:00	122.76	126.94	119.98	121.9	221856
02.12.2021 00:00	121.9	122.98	117.04	117.48	161781
03.12.2021 00:00	118.48	119.86	111.98	114.5	298053
06.12.2021 00:00	114.98	117.84	101.98	105.22	467085
07.12.2021 00:00	107.26	134.9	102.7	131.9	1440969
08.12.2021 00:00	134.98	146.58	121.78	123.5	1675833
09.12.2021 00:00	124.98	127.64	120.2	122.58	216765
10.12.2021 00:00	123.48	125.48	113.5	116.62	298113
13.12.2021 00:00	118.44	131.8	115.2	124.98	755217
14.12.2021 00:00	124.58	128.98	119.98	120.48	150738
15.12.2021 00:00	123.44	123.98	119.58	121.0	122658
16.12.2021 00:00	125.48	125.48	121.3	124.36	123510
17.12.2021 00:00	126.0	126.12	120.98	121.5	64944
20.12.2021 00:00	121.0	131.18	121.0	124.08	278520
21.12.2021 00:00	125.48	125.84	121.48	122.94	82239
22.12.2021 00:00	122.98	126.2	121.98	123.72	192396
23.12.2021 00:00	124.98	125.48	120.12	120.26	143946
24.12.2021 00:00	120.2	123.84	117.76	120.58	117159
27.12.2021 00:00	121.98	123.98	119.5	119.98	119028
28.12.2021 00:00	120.7	121.44	115.98	116.78	125274
29.12.2021 00:00	117.12	118.4	113.4	114.2	144939
30.12.2021 00:00	114.3	116.42	113.58	114.9	67287
03.01.2022 00:00	114.98	119.98	114.98	118.7	92634
04.01.2022 00:00	120.0	120.48	116.2	117.84	54444
05.01.2022 00:00	118.48	118.54	116.14	116.44	46011
06.01.2022 00:00	116.44	117.12	113.0	113.98	63078
10.01.2022 00:00	114.14	117.2	114.14	115.34	49482
11.01.2022 00:00	115.7	116.14	113.98	115.9	54306
12.01.2022 00:00	116.48	122.98	115.2	119.98	211248
13.01.2022 00:00	119.98	121.98	114.12	115.56	119199
14.01.2022 00:00	116.2	118.78	105.04	112.9	196653
17.01.2022 00:00	113.4	115.28	109.08	112.62	73881
18.01.2022 00:00	111.14	112.94	103.14	103.84	110448
19.01.2022 00:00	103.84	108.26	93.12	104.14	321723
20.01.2022 00:00	106.98	109.28	102.04	102.56	267120
21.01.2022 00:00	101.98	102.48	100.7	100.98	105816
24.01.2022 00:00	101.98	101.98	83.98	89.44	342177
25.01.2022 00:00	93.4	96.98	88.78	90.7	96105
26.01.2022 00:00	91.08	102.94	91.08	93.78	304872
27.01.2022 00:00	93.8	103.9	93.8	100.48	337110
28.01.2022 00:00	103.4	104.8	97.36	98.76	128913
31.01.2022 00:00	100.08	101.98	97.78	98.54	77877
01.02.2022 00:00	99.5	100.56	96.78	97.58	48414
02.02.2022 00:00	98.5	98.84	95.4	96.04	65271
03.02.2022 00:00	96.04	96.04	90.98	91.2	78792
04.02.2022 00:00	95.98	96.78	90.98	92.56	99087
07.02.2022 00:00	93.48	93.92	91.04	91.56	45810
08.02.2022 00:00	91.98	93.98	91.14	92.28	71247
09.02.2022 00:00	93.08	99.98	92.4	97.44	184059
10.02.2022 00:00	97.56	114.98	97.44	112.98	674721
11.02.2022 00:00	110.7	116.48	102.68	103.2	467277
14.02.2022 00:00	102.18	107.28	98.28	100.48	193179
15.02.2022 00:00	102.5	107.9	102.5	106.68	193758
16.02.2022 00:00	107.0	119.9	103.48	115.2	858453
17.02.2022 00:00	115.98	120.9	110.28	111.4	430347
18.02.2022 00:00	115.06	116.78	99.98	101.84	215475
21.02.2022 00:00	104.98	107.7	81.98	84.98	492945
22.02.2022 00:00	79.98	91.7	60.64	87.48	679665
24.02.2022 00:00	78.98	78.98	52.52	60.02	375090
25.02.2022 00:00	65.98	82.98	65.98	73.98	173184
28.03.2022 00:00	79.98	79.98	60.7	70.26	138957
29.03.2022 00:00	70.26	83.98	67.42	73.4	197928
30.03.2022 00:00	76.94	78.94	74.98	75.84	81396
31.03.2022 00:00	76.98	94.98	75.9	89.12	474423
01.04.2022 00:00	90.48	92.98	81.54	84.7	209580
04.04.2022 00:00	84.78	89.76	78.56	83.56	147594
05.04.2022 00:00	86.98	87.4	79.98	83.62	222990
06.04.2022 00:00	85.48	85.78	81.08	84.36	69900
07.04.2022 00:00	84.48	89.98	83.0	86.42	137196
08.04.2022 00:00	86.44	87.3	82.98	84.7	53520
11.04.2022 00:00	84.7	84.94	80.3	81.4	64704
12.04.2022 00:00	80.12	81.92	75.98	79.0	77496
13.04.2022 00:00	81.48	81.98	76.98	80.58	65886
14.04.2022 00:00	80.7	81.98	75.98	77.26	66843
15.04.2022 00:00	77.98	77.98	75.0	76.48	47088
18.04.2022 00:00	76.98	76.98	70.92	71.0	68148
19.04.2022 00:00	71.12	71.12	62.480000000000004	66.78	180720
20.04.2022 00:00	67.98	81.78	63.2	76.18	629157
21.04.2022 00:00	79.98	86.78	73.28	73.62	459849
22.04.2022 00:00	74.98	75.64	70.2	71.98	60039
25.04.2022 00:00	73.58	74.9	69.0	70.86	64038
26.04.2022 00:00	71.04	73.62	69.12	72.7	72165
27.04.2022 00:00	72.7	77.7	71.08	72.76	124293
28.04.2022 00:00	72.76	77.76	70.98	73.98	326160
29.04.2022 00:00	74.48	77.68	73.2	75.48	108981
04.05.2022 00:00	74.04	75.44	73.0	73.7	64869
05.05.2022 00:00	73.4	73.92	70.98	71.26	94248
06.05.2022 00:00	71.98	71.98	68.58	69.3	60555
11.05.2022 00:00	69.4	70.9	67.98	68.68	54606
12.05.2022 00:00	68.22	69.28	65.5	65.98	74313
13.05.2022 00:00	65.98	68.7	65.3	66.62	54339
16.05.2022 00:00	66.42	72.58	66.42	69.62	172464
17.05.2022 00:00	72.48	74.4	69.14	72.4	202767
18.05.2022 00:00	72.98	75.98	72.14	73.28	148206
19.05.2022 00:00	74.4	79.28	74.4	77.08	399804
20.05.2022 00:00	77.98	77.98	72.58	74.28	90267
23.05.2022 00:00	75.2	76.28	71.0	71.62	80301
24.05.2022 00:00	71.2	72.42	68.4	70.12	63273
25.05.2022 00:00	70.2	70.84	69.48	69.62	28464
26.05.2022 00:00	69.98	72.48	68.12	69.18	86949
27.05.2022 00:00	69.98	70.84	68.7	69.9	51678
30.05.2022 00:00	70.2	71.4	68.98	70.98	58545
31.05.2022 00:00	71.2	71.34	68.98	69.34	32478
01.06.2022 00:00	69.34	69.98	67.98	69.08	37629
02.06.2022 00:00	69.2	69.86	68.0	68.12	22539
03.06.2022 00:00	68.12	68.12	66.98	67.08	31170
06.06.2022 00:00	67.08	68.4	66.06	67.0	40506
07.06.2022 00:00	68.36	70.44	66.98	68.2	66486
08.06.2022 00:00	70.76	70.76	67.36	67.9	31167
09.06.2022 00:00	68.06	68.06	65.98	66.98	34887
10.06.2022 00:00	67.68	67.98	66.06	66.98	24123
14.06.2022 00:00	67.18	67.18	64.0	65.2	29379
15.06.2022 00:00	65.2	66.48	64.58	65.2	23469
16.06.2022 00:00	65.76	65.78	63.06	63.6	127428
17.06.2022 00:00	63.6	65.48	62.06	63.38	88515
20.06.2022 00:00	63.42	64.48	62.2	63.7	42618
21.06.2022 00:00	64.34	64.44	62.42	63.2	35181
22.06.2022 00:00	63.2	63.2	60.980000000000004	62.480000000000004	35079
23.06.2022 00:00	62.7	62.92	60.980000000000004	62.14	31611
24.06.2022 00:00	62.02	62.6	61.24	61.38	31188
27.06.2022 00:00	61.38	65.36	61.02	62.7	95298
28.06.2022 00:00	62.7	63.160000000000004	61.2	62.1	40266
29.06.2022 00:00	62.42	62.42	58.6	60.6	67383
30.06.2022 00:00	60.28	60.56	55.480000000000004	57.800000000000004	111300
01.07.2022 00:00	57.76	57.78	55.84	56.26	48126
04.07.2022 00:00	56.28	58.980000000000004	56.28	56.88	58944
05.07.2022 00:00	56.980000000000004	57.38	55.78	56.38	39756
06.07.2022 00:00	56.78	62.38	56.1	60.660000000000004	275700
07.07.2022 00:00	61.02	63.24	58.02	58.7	120114
08.07.2022 00:00	59.28	61.800000000000004	59.1	59.52	78573
11.07.2022 00:00	60.24	61.980000000000004	59.7	61.02	69555
12.07.2022 00:00	60.980000000000004	61.96	59.7	60.2	35754
13.07.2022 00:00	60.76	61.92	57.980000000000004	58.24	55725
14.07.2022 00:00	57.34	58.6	55.2	56.6	51063
15.07.2022 00:00	57.1	57.96	56.6	57.660000000000004	28611
18.07.2022 00:00	57.94	59.2	57.56	57.74	36987
19.07.2022 00:00	57.2	58.480000000000004	57.2	57.980000000000004	19803
20.07.2022 00:00	58.42	58.480000000000004	56.980000000000004	57.24	21876
21.07.2022 00:00	57.02	57.46	55.480000000000004	56.78	39531
22.07.2022 00:00	56.78	57.92	56.7	57.2	22209
25.07.2022 00:00	57.24	57.980000000000004	56.38	56.660000000000004	48903
26.07.2022 00:00	57.480000000000004	57.620000000000005	56.02	56.480000000000004	42600
27.07.2022 00:00	56.980000000000004	61.940000000000005	56.52	59.6	209763
28.07.2022 00:00	59.800000000000004	61.88	58.980000000000004	59.480000000000004	94113
29.07.2022 00:00	60.300000000000004	68.18	59.6	62.980000000000004	657351
01.08.2022 00:00	63.980000000000004	66.98	62.480000000000004	66.98	206700
02.08.2022 00:00	67.34	72.98	66.98	72.84	474114
03.08.2022 00:00	73.5	73.56	66.5	68.98	274500
04.08.2022 00:00	69.9	69.9	63.660000000000004	64.84	190779
05.08.2022 00:00	65.76	74.92	62.980000000000004	68.2	531471
08.08.2022 00:00	68.9	74.3	68.72	72.48	292878
09.08.2022 00:00	72.8	73.98	68.18	70.7	202434
10.08.2022 00:00	70.7	71.98	68.5	69.84	135393
11.08.2022 00:00	70.76	70.76	67.58	67.9	101982
12.08.2022 00:00	68.62	72.28	66.86	68.86	158424
15.08.2022 00:00	70.06	71.98	69.48	69.76	78597
16.08.2022 00:00	70.36	72.44	69.8	71.7	73800
17.08.2022 00:00	72.0	82.48	72.0	81.9	924186
18.08.2022 00:00	81.84	88.44	78.42	84.98	1341537
19.08.2022 00:00	82.7	89.78	80.98	81.2	819945
22.08.2022 00:00	82.4	86.98	81.68	83.7	493548
23.08.2022 00:00	83.72	85.78	80.58	81.98	153792
24.08.2022 00:00	82.62	83.4	79.0	79.12	153282
25.08.2022 00:00	79.48	80.86	79.08	79.12	87339
26.08.2022 00:00	79.48	79.92	75.28	78.7	135165
29.08.2022 00:00	78.98	83.72	77.62	79.76	310935
30.08.2022 00:00	80.58	81.78	79.78	81.06	127536
31.08.2022 00:00	76.12	81.98	76.12	79.8	150675
01.09.2022 00:00	80.48	88.58	78.58	82.98	1187517
02.09.2022 00:00	83.98	86.0	81.98	83.28	201717
05.09.2022 00:00	83.4	84.12	81.48	83.78	112035
06.09.2022 00:00	83.58	85.58	80.98	81.8	227148
07.09.2022 00:00	81.92	81.98	78.98	80.7	99486
08.09.2022 00:00	81.04	81.12	78.48	78.98	86868
09.09.2022 00:00	79.2	85.36	76.48	81.48	520551
12.09.2022 00:00	81.98	83.06	79.98	81.12	74667
13.09.2022 00:00	81.2	81.98	80.48	80.62	42645
14.09.2022 00:00	81.4	81.4	79.2	79.78	47508
15.09.2022 00:00	80.98	83.94	79.42	80.98	169185
16.09.2022 00:00	81.4	82.3	80.04	80.36	136611
19.09.2022 00:00	80.76	80.76	79.42	79.7	102111
20.09.2022 00:00	80.58	81.78	68.28	69.58	363981
21.09.2022 00:00	62.620000000000005	68.98	54.480000000000004	64.98	258552
22.09.2022 00:00	64.98	71.28	64.98	68.98	195993
23.09.2022 00:00	70.86	70.9	60.88	62.1	196665
26.09.2022 00:00	61.660000000000004	61.660000000000004	51.24	53.1	286908
27.09.2022 00:00	53.06	56.1	50.88	52.6	98157
28.09.2022 00:00	52.7	55.78	51.300000000000004	52.38	64473
29.09.2022 00:00	52.42	54.480000000000004	48.64	49.38	123699
30.09.2022 00:00	50.34	52.34	44.980000000000004	49.1	232626
03.10.2022 00:00	50.28	54.980000000000004	50.24	54.64	141021
04.10.2022 00:00	54.980000000000004	57.480000000000004	51.980000000000004	54.34	117909
05.10.2022 00:00	54.34	54.38	49.980000000000004	52.02	81219
06.10.2022 00:00	53.980000000000004	61.52	52.480000000000004	57.800000000000004	727704
07.10.2022 00:00	58.02	60.980000000000004	53.34	54.56	221013
10.10.2022 00:00	52.56	57.1	47.980000000000004	56.38	147924
11.10.2022 00:00	56.44	58.44	55.56	57.34	112224
12.10.2022 00:00	58.2	58.78	56.7	57.28	79611
13.10.2022 00:00	57.76	58.980000000000004	54.7	58.02	129597
14.10.2022 00:00	58.06	59.980000000000004	58.06	58.2	108297
17.10.2022 00:00	58.74	60.84	58.74	60.84	155094
18.10.2022 00:00	62.1	62.76	59.28	60.38	138246
19.10.2022 00:00	60.34	60.34	57.02	59.02	106089
20.10.2022 00:00	58.980000000000004	59.980000000000004	57.980000000000004	58.6	54000
21.10.2022 00:00	58.88	58.94	57.1	57.6	75915
24.10.2022 00:00	57.84	59.88	57.84	58.78	67302
25.10.2022 00:00	58.800000000000004	59.92	58.6	59.660000000000004	58497
26.10.2022 00:00	60.02	67.56	59.52	64.34	975789
27.10.2022 00:00	65.2	68.44	64.56	66.22	320400
28.10.2022 00:00	65.48	66.76	63.120000000000005	64.98	102429
31.10.2022 00:00	65.98	66.14	64.34	64.68	76974
01.11.2022 00:00	65.98	69.44	65.98	67.78	255675
02.11.2022 00:00	68.22	69.58	66.4	67.08	149445
03.11.2022 00:00	67.2	67.56	65.28	66.04	65601
07.11.2022 00:00	66.76	67.78	66.48	66.94	66798
08.11.2022 00:00	67.3	67.76	65.76	66.98	36105
09.11.2022 00:00	67.28	67.36	63.7	63.7	86256
10.11.2022 00:00	63.92	67.08	63.7	65.62	105606
11.11.2022 00:00	65.86	66.7	64.76	64.84	39051
14.11.2022 00:00	64.92	66.68	64.5	65.64	52299
15.11.2022 00:00	66.48	66.78	64.48	64.92	53613
16.11.2022 00:00	65.22	66.98	64.48	66.98	152565
17.11.2022 00:00	67.04	70.64	66.98	67.34	386118
18.11.2022 00:00	67.08	68.08	65.9	65.92	55866
21.11.2022 00:00	66.7	66.9	63.800000000000004	64.04	138693
22.11.2022 00:00	65.2	65.92	64.06	65.42	65730
23.11.2022 00:00	65.42	66.72	64.48	65.54	87990
24.11.2022 00:00	65.76	66.18	65.28	65.4	41454
25.11.2022 00:00	65.14	65.92	64.58	64.72	52965
28.11.2022 00:00	64.68	65.5	64.12	65.06	48330
29.11.2022 00:00	64.98	66.48	64.78	65.18	68931
30.11.2022 00:00	65.84	66.18	65.08	65.54	27243
01.12.2022 00:00	65.72	66.9	65.42	66.08	59166
02.12.2022 00:00	66.48	66.48	65.0	65.22	29229
05.12.2022 00:00	65.28	65.76	64.54	64.98	48093
06.12.2022 00:00	65.12	68.4	65.04	65.8	190476
07.12.2022 00:00	66.04	66.18	65.12	65.4	18501
08.12.2022 00:00	66.04	66.04	64.06	64.7	51759
09.12.2022 00:00	64.84	65.76	62.480000000000004	64.54	102186
12.12.2022 00:00	64.62	64.98	62.6	63.84	68082
13.12.2022 00:00	64.12	66.78	63.6	64.12	239907
14.12.2022 00:00	64.2	64.26	61.980000000000004	62.38	117528
15.12.2022 00:00	62.42	62.78	59.96	60.480000000000004	150873
16.12.2022 00:00	60.980000000000004	61.24	59.6	60.980000000000004	50763
19.12.2022 00:00	60.92	61.480000000000004	59.76	60.1	51411
20.12.2022 00:00	60.38	60.74	59.1	60.28	47448
21.12.2022 00:00	60.34	63.940000000000005	59.980000000000004	61.26	250962
22.12.2022 00:00	61.6	62.76	60.28	60.800000000000004	121758
23.12.2022 00:00	61.06	62.7	60.84	62.480000000000004	97704
26.12.2022 00:00	62.28	64.78	61.980000000000004	62.76	180810
27.12.2022 00:00	62.980000000000004	63.46	62.2	62.300000000000004	61824
28.12.2022 00:00	62.42	62.52	60.980000000000004	60.980000000000004	69507
29.12.2022 00:00	60.980000000000004	66.98	60.980000000000004	63.02	903309
30.12.2022 00:00	62.440000000000005	63.46	61.980000000000004	62.06	164436
03.01.2023 00:00	62.06	64.3	61.1	62.78	88254
04.01.2023 00:00	62.84	63.480000000000004	62.14	62.84	47883
05.01.2023 00:00	63.24	63.24	62.14	62.7	33993
06.01.2023 00:00	62.26	62.92	62.26	62.46	27324
09.01.2023 00:00	62.6	68.92	62.52	65.9	768906
10.01.2023 00:00	66.58	71.98	64.84	67.5	1463679
11.01.2023 00:00	67.84	73.42	66.68	69.78	897627
12.01.2023 00:00	70.62	70.62	67.04	67.26	172758
13.01.2023 00:00	67.68	68.9	66.98	67.44	193290
16.01.2023 00:00	68.2	73.42	67.72	70.98	956949
17.01.2023 00:00	71.12	71.48	68.5	68.86	210678
18.01.2023 00:00	69.04	72.26	68.12	69.98	380250
19.01.2023 00:00	70.34	70.8	68.78	68.78	119055
20.01.2023 00:00	69.18	69.9	68.84	69.4	48618
23.01.2023 00:00	70.98	71.26	69.48	70.28	215250
24.01.2023 00:00	70.62	71.98	70.06	70.76	170868
25.01.2023 00:00	70.22	70.92	68.76	69.28	138720
26.01.2023 00:00	69.76	74.78	69.36	71.48	1293210
27.01.2023 00:00	72.58	89.58	72.34	79.78	8983317
30.01.2023 00:00	82.78	96.58	78.12	91.56	8294328
31.01.2023 00:00	91.7	104.42	91.7	96.98	7754517
01.02.2023 00:00	98.84	99.94	90.98	91.48	1107987
02.02.2023 00:00	91.78	100.84	88.84	92.56	2299515
03.02.2023 00:00	93.84	99.12	92.2	92.76	1425633
06.02.2023 00:00	93.94	98.28	93.2	95.48	1033863
07.02.2023 00:00	95.48	96.34	93.4	94.56	365922
08.02.2023 00:00	95.4	95.98	91.48	93.84	356667
09.02.2023 00:00	94.08	95.4	90.58	92.14	350325
10.02.2023 00:00	92.98	94.08	91.48	91.48	251424
13.02.2023 00:00	91.18	93.7	89.2	91.86	320856
14.02.2023 00:00	92.08	92.28	85.14	87.84	225921
15.02.2023 00:00	88.06	88.06	79.06	80.34	366108
16.02.2023 00:00	81.28	92.26	81.2	83.98	2198319
17.02.2023 00:00	84.48	87.9	83.2	84.2	292287
20.02.2023 00:00	84.12	90.78	84.0	86.36	681594
21.02.2023 00:00	86.28	88.64	85.06	86.84	286470
22.02.2023 00:00	87.48	89.9	86.9	88.4	317142
24.02.2023 00:00	88.62	92.3	88.12	88.98	435372
27.02.2023 00:00	88.98	90.48	85.06	89.28	189846
28.02.2023 00:00	90.48	99.98	90.08	99.56	5164728
01.03.2023 00:00	101.86	113.98	101.06	113.48	5968080
02.03.2023 00:00	115.98	118.98	100.2	105.78	6792825
03.03.2023 00:00	106.84	113.84	106.2	110.62	3813525
06.03.2023 00:00	116.4	116.9	110.48	110.78	1345839
07.03.2023 00:00	110.7	112.22	105.62	109.48	1163016
09.03.2023 00:00	110.04	110.36	105.84	107.58	369792
10.03.2023 00:00	107.98	110.84	106.62	107.4	799644
13.03.2023 00:00	107.62	108.84	106.4	107.48	334992
14.03.2023 00:00	107.84	109.7	107.0	108.48	428562
15.03.2023 00:00	108.14	109.42	106.98	108.28	178704
16.03.2023 00:00	108.08	119.62	107.0	119.4	3971322
17.03.2023 00:00	119.98	122.68	112.7	114.36	4472691
20.03.2023 00:00	115.54	117.68	114.58	115.2	772488
21.03.2023 00:00	115.36	116.9	112.98	113.68	714231
22.03.2023 00:00	113.98	114.2	111.98	113.7	412953
23.03.2023 00:00	113.26	118.76	112.98	117.12	1758252
24.03.2023 00:00	117.98	118.4	114.54	115.34	525135
27.03.2023 00:00	115.98	116.78	115.34	115.78	280314
28.03.2023 00:00	115.94	116.42	113.98	115.14	257940
29.03.2023 00:00	115.14	119.4	114.28	116.64	1269249
30.03.2023 00:00	117.98	118.44	116.48	116.94	567348
31.03.2023 00:00	117.28	121.4	116.2	116.28	1395723
03.04.2023 00:00	116.98	119.0	111.92	116.58	659043
04.04.2023 00:00	117.08	117.4	114.78	114.84	426180
05.04.2023 00:00	114.86	117.34	114.7	115.5	410019
06.04.2023 00:00	115.68	117.7	115.28	116.18	601038
07.04.2023 00:00	116.4	116.4	114.98	115.4	180060
10.04.2023 00:00	115.4	120.92	115.4	117.28	1697781
11.04.2023 00:00	117.86	120.3	115.5	116.14	889350
12.04.2023 00:00	116.2	117.98	115.84	115.98	246798
13.04.2023 00:00	116.58	118.78	115.5	115.9	646119
14.04.2023 00:00	116.54	119.44	115.9	117.34	643104
17.04.2023 00:00	117.48	126.94	117.48	126.94	3530409
18.04.2023 00:00	127.3	128.48	121.0	121.98	1300629
19.04.2023 00:00	122.48	123.4	117.34	119.26	720540
20.04.2023 00:00	119.48	121.2	116.44	118.5	563865
21.04.2023 00:00	118.86	119.7	116.98	117.9	239565
24.04.2023 00:00	118.98	122.98	118.0	122.18	874950
25.04.2023 00:00	123.48	125.58	118.98	125.28	1080459
26.04.2023 00:00	126.98	127.12	121.06	121.98	1022763
27.04.2023 00:00	122.76	127.12	121.98	122.98	1615713
28.04.2023 00:00	123.12	124.36	117.58	119.54	456441
02.05.2023 00:00	119.78	120.26	101.98	106.18	1067934
03.05.2023 00:00	105.98	112.54	97.22	100.68	1309407
04.05.2023 00:00	100.7	106.48	100.48	103.26	531483
05.05.2023 00:00	103.9	104.98	100.84	101.04	187392
08.05.2023 00:00	101.9	103.36	101.26	101.48	77673
10.05.2023 00:00	102.2	105.48	101.26	104.56	195951
11.05.2023 00:00	105.08	108.98	104.62	108.9	316728
12.05.2023 00:00	108.4	108.4	104.4	105.56	195267
15.05.2023 00:00	106.48	107.98	106.08	107.04	136782
16.05.2023 00:00	107.28	107.98	105.56	106.92	107016
17.05.2023 00:00	106.92	108.48	106.48	107.42	155229
18.05.2023 00:00	107.78	114.76	107.7	112.34	1036182
19.05.2023 00:00	112.84	112.98	108.12	109.7	215589
22.05.2023 00:00	111.04	112.76	108.62	109.48	110121
23.05.2023 00:00	109.92	110.48	104.76	107.4	190872
24.05.2023 00:00	112.08	114.3	109.04	111.7	523197
25.05.2023 00:00	111.84	112.7	107.54	108.56	223257
26.05.2023 00:00	108.58	111.12	108.48	109.98	125562
29.05.2023 00:00	109.98	111.64	107.26	107.86	294543
30.05.2023 00:00	106.98	108.34	104.98	105.48	209328
31.05.2023 00:00	105.64	105.64	102.28	103.9	217527
01.06.2023 00:00	103.9	105.84	103.4	103.76	110865
02.06.2023 00:00	103.5	105.78	102.12	103.18	147843
05.06.2023 00:00	103.48	104.94	102.22	102.98	113505
06.06.2023 00:00	103.22	103.98	99.56	101.86	157947
07.06.2023 00:00	102.04	105.98	101.12	105.04	188253
08.06.2023 00:00	106.04	107.28	104.5	105.2	189315
09.06.2023 00:00	105.28	107.04	104.42	104.9	79050
13.06.2023 00:00	105.98	107.62	104.42	107.06	153618
14.06.2023 00:00	108.78	108.86	105.94	106.62	167994
15.06.2023 00:00	107.06	107.76	105.48	105.86	144270
16.06.2023 00:00	106.08	108.06	105.06	105.7	232062
19.06.2023 00:00	105.7	106.58	104.56	105.54	97512
20.06.2023 00:00	105.58	105.9	99.98	104.08	157038
21.06.2023 00:00	104.12	107.26	103.98	106.06	182880
22.06.2023 00:00	106.78	106.78	105.56	106.26	92832
23.06.2023 00:00	105.78	105.78	103.2	104.06	100272
26.06.2023 00:00	104.0	105.06	100.9	103.06	112275
27.06.2023 00:00	102.98	104.48	102.84	103.48	47778
28.06.2023 00:00	103.84	104.7	103.18	104.12	84426
29.06.2023 00:00	104.44	106.22	103.98	105.04	125742
30.06.2023 00:00	105.2	105.86	104.0	104.0	99297
03.07.2023 00:00	104.4	107.18	104.0	105.08	234177
04.07.2023 00:00	105.7	105.7	101.48	103.44	178647
05.07.2023 00:00	103.9	105.2	103.48	103.78	144861
06.07.2023 00:00	104.36	104.42	102.98	103.2	87171
07.07.2023 00:00	103.26	104.26	102.98	103.2	116118
10.07.2023 00:00	103.2	105.28	103.2	104.48	122829
11.07.2023 00:00	104.8	109.48	104.58	105.48	520338
12.07.2023 00:00	106.2	111.92	106.0	108.28	1092330
13.07.2023 00:00	108.9	109.76	106.4	107.0	297582
14.07.2023 00:00	107.56	108.94	105.98	106.8	181503
17.07.2023 00:00	106.9	109.94	106.12	109.34	370005
18.07.2023 00:00	110.48	112.86	108.2	111.64	676059
19.07.2023 00:00	111.98	112.62	109.62	110.7	300312
20.07.2023 00:00	111.14	113.84	108.48	109.2	256641
21.07.2023 00:00	109.14	110.98	108.7	109.7	116718
24.07.2023 00:00	110.98	111.42	109.7	111.04	93969
25.07.2023 00:00	111.26	111.76	110.26	111.12	169236
26.07.2023 00:00	111.48	111.84	109.12	110.2	106302
27.07.2023 00:00	110.36	116.3	110.26	112.98	754485
28.07.2023 00:00	114.98	115.76	112.98	113.34	201333
31.07.2023 00:00	113.36	114.58	113.34	114.06	128139
01.08.2023 00:00	114.58	114.58	112.14	113.5	238842
02.08.2023 00:00	113.98	116.4	113.2	113.78	591615
03.08.2023 00:00	113.78	114.48	112.36	113.62	158910
04.08.2023 00:00	114.08	115.54	106.8	109.48	406332
07.08.2023 00:00	109.62	113.4	109.48	110.84	131265
08.08.2023 00:00	110.48	118.98	106.98	118.98	498042
09.08.2023 00:00	124.98	125.98	115.2	117.14	1353774
10.08.2023 00:00	117.98	118.44	113.2	114.7	210774
11.08.2023 00:00	115.42	119.58	114.98	117.5	355080
14.08.2023 00:00	118.7	119.98	113.2	113.4	401511
15.08.2023 00:00	112.94	114.98	107.76	113.18	338124
16.08.2023 00:00	113.2	113.56	107.56	110.48	330456
17.08.2023 00:00	110.56	111.68	108.56	110.48	113478
18.08.2023 00:00	111.14	112.98	107.08	110.72	35987
21.08.2023 00:00	110.9	114.76	109.42	113.48	79538
22.08.2023 00:00	113.48	114.9	112.84	113.64	33139
23.08.2023 00:00	113.68	115.64	111.04	112.78	74993
24.08.2023 00:00	112.78	112.78	110.48	111.54	23088
25.08.2023 00:00	111.54	111.98	109.34	111.04	42279
28.08.2023 00:00	111.14	111.98	109.14	110.48	43832
29.08.2023 00:00	110.56	112.44	110.48	110.94	44921
30.08.2023 00:00	111.08	114.36	111.0	113.06	49883
31.08.2023 00:00	113.06	114.26	112.12	112.9	37944
01.09.2023 00:00	113.62	115.48	112.98	113.7	64977
04.09.2023 00:00	114.04	118.48	114.04	118.4	168686
05.09.2023 00:00	120.9	121.18	117.12	119.48	203840
06.09.2023 00:00	119.48	123.98	117.48	120.26	259526
07.09.2023 00:00	120.62	121.62	112.2	114.4	141396
08.09.2023 00:00	114.98	116.56	110.08	111.28	42517
11.09.2023 00:00	111.48	117.84	109.78	114.2	125593
12.09.2023 00:00	114.4	116.98	114.2	115.98	24585
13.09.2023 00:00	117.98	118.2	112.58	113.98	64147
14.09.2023 00:00	114.2	119.98	96.9	107.98	273275
15.09.2023 00:00	107.98	117.2	107.98	113.48	87880
18.09.2023 00:00	113.58	118.7	112.98	113.28	94612
19.09.2023 00:00	112.62	119.68	108.0	119.2	259347
20.09.2023 00:00	120.48	121.9	110.78	115.48	220816
21.09.2023 00:00	115.9	118.48	108.58	112.68	111475
22.09.2023 00:00	114.28	114.98	112.06	112.28	52524
25.09.2023 00:00	112.4	116.9	112.4	114.42	70188
26.09.2023 00:00	114.42	116.48	112.78	114.58	63895
27.09.2023 00:00	115.68	118.9	113.7	115.7	166063
28.09.2023 00:00	115.7	117.84	114.58	115.2	33937
29.09.2023 00:00	115.22	116.78	114.34	114.4	52169
02.10.2023 00:00	115.2	117.54	114.78	115.98	42808
03.10.2023 00:00	116.34	126.7	114.98	124.98	758652
04.10.2023 00:00	125.98	127.9	119.04	121.28	278225
05.10.2023 00:00	121.62	122.06	115.84	118.48	156823
06.10.2023 00:00	119.68	120.7	116.64	118.08	79648
09.10.2023 00:00	119.36	120.4	118.08	119.42	61957
10.10.2023 00:00	119.62	123.2	113.98	122.94	275805
11.10.2023 00:00	123.48	125.48	119.5	119.72	145978
12.10.2023 00:00	117.98	119.36	115.98	118.2	72964
13.10.2023 00:00	118.26	120.48	117.2	118.8	50717
16.10.2023 00:00	117.84	120.18	117.0	119.12	45923
17.10.2023 00:00	118.98	119.26	117.98	118.2	26672
18.10.2023 00:00	118.48	119.98	117.34	118.72	41637
19.10.2023 00:00	118.48	118.72	117.2	117.48	24724
20.10.2023 00:00	118.2	118.98	114.84	116.48	45690
23.10.2023 00:00	116.98	116.98	112.4	113.86	72010
24.10.2023 00:00	114.92	116.54	113.68	116.4	44245
25.10.2023 00:00	116.4	116.44	115.06	115.42	19482
26.10.2023 00:00	115.98	116.4	113.3	113.48	51540
27.10.2023 00:00	113.5	114.58	111.9	113.76	32105
30.10.2023 00:00	114.86	114.86	108.84	111.04	59499
31.10.2023 00:00	111.04	112.48	105.78	107.76	71534
01.11.2023 00:00	107.98	110.58	106.12	110.08	36750
02.11.2023 00:00	110.58	111.0	104.04	106.98	237301
03.11.2023 00:00	107.26	107.98	104.2	107.58	42814
06.11.2023 00:00	107.58	108.26	105.8	107.7	25362
07.11.2023 00:00	108.06	108.28	105.98	106.7	19371
08.11.2023 00:00	107.34	107.9	105.4	106.78	25409
09.11.2023 00:00	106.64	107.36	104.98	105.9	31720
10.11.2023 00:00	106.12	106.12	100.98	103.98	52959
13.11.2023 00:00	104.18	104.18	96.4	99.98	91312
14.11.2023 00:00	95.18	102.06	90.08	98.9	127373
15.11.2023 00:00	96.14	101.86	95.4	97.86	59782
16.11.2023 00:00	97.98	102.28	97.86	100.7	61678
17.11.2023 00:00	100.44	100.98	98.48	99.7	12370
20.11.2023 00:00	99.9	100.98	99.58	100.78	11756
21.11.2023 00:00	100.78	100.78	96.12	98.22	22554
22.11.2023 00:00	98.26	99.98	98.14	98.76	17217
23.11.2023 00:00	99.26	99.44	95.06	95.06	24817
24.11.2023 00:00	95.06	97.64	93.42	96.98	40808
27.11.2023 00:00	96.98	99.08	94.98	97.76	25495
28.11.2023 00:00	97.76	98.78	95.9	96.9	15914
29.11.2023 00:00	97.34	97.34	95.98	96.4	6642
30.11.2023 00:00	96.12	96.94	95.22	96.14	8410
01.12.2023 00:00	96.08	96.98	95.12	96.98	16287
04.12.2023 00:00	96.7	96.9	89.98	90.98	44713
05.12.2023 00:00	89.98	91.48	86.3	88.08	33548
06.12.2023 00:00	88.12	89.76	86.3	88.76	21817
07.12.2023 00:00	88.04	88.64	85.48	87.78	18241
08.12.2023 00:00	88.36	88.78	84.98	87.48	20099
11.12.2023 00:00	87.34	87.56	85.14	85.5	11573
12.12.2023 00:00	85.76	86.28	83.0	85.94	24366
13.12.2023 00:00	85.94	89.4	84.98	87.84	21583
14.12.2023 00:00	87.84	88.06	86.08	86.7	8600
15.12.2023 00:00	87.44	88.56	84.62	87.98	20111
18.12.2023 00:00	88.34	103.86	88.0	96.56	146596
19.12.2023 00:00	96.56	103.7	93.72	99.76	91028
20.12.2023 00:00	99.4	103.58	98.28	102.2	46539
21.12.2023 00:00	102.2	102.84	98.2	100.62	45024
22.12.2023 00:00	100.62	106.48	99.98	102.78	101259
25.12.2023 00:00	104.58	104.58	101.42	102.86	32913
26.12.2023 00:00	103.28	103.58	99.4	99.84	44598
27.12.2023 00:00	99.84	104.58	97.58	100.48	101400
28.12.2023 00:00	101.06	103.98	100.2	101.98	45151
29.12.2023 00:00	101.98	103.58	101.68	101.98	20549
03.01.2024 00:00	103.22	104.48	101.62	103.26	19761
04.01.2024 00:00	104.08	110.98	103.48	109.42	183568
05.01.2024 00:00	109.42	112.98	105.26	108.26	160742
08.01.2024 00:00	108.9	111.48	107.98	107.98	47169
09.01.2024 00:00	108.44	110.72	107.78	109.98	53781
10.01.2024 00:00	110.5	113.98	109.98	111.36	136820
11.01.2024 00:00	111.58	112.64	108.22	109.06	70572
12.01.2024 00:00	109.98	110.36	106.94	109.06	48508
15.01.2024 00:00	109.86	115.3	109.12	111.48	205637
16.01.2024 00:00	112.26	112.42	109.26	110.64	66543
17.01.2024 00:00	111.98	115.28	110.62	113.18	71751
18.01.2024 00:00	114.4	117.42	112.54	116.48	282538
19.01.2024 00:00	116.98	117.9	113.12	114.8	86784
22.01.2024 00:00	115.5	117.22	113.2	113.4	98902
23.01.2024 00:00	114.26	118.22	111.5	111.86	263154
24.01.2024 00:00	112.48	112.48	110.22	111.8	44728
25.01.2024 00:00	111.8	113.78	106.28	107.22	192791
26.01.2024 00:00	106.98	108.78	105.4	106.4	46019
29.01.2024 00:00	106.48	110.48	106.48	109.4	65309
30.01.2024 00:00	109.98	110.44	107.58	107.94	21602
31.01.2024 00:00	108.28	113.08	108.14	111.98	120248
01.02.2024 00:00	112.26	115.64	109.56	110.42	117677
02.02.2024 00:00	110.42	111.4	109.26	109.58	29534
05.02.2024 00:00	109.58	110.98	109.2	110.22	14968
06.02.2024 00:00	110.22	110.84	109.3	110.18	22236
07.02.2024 00:00	110.14	110.54	108.2	108.2	30758
08.02.2024 00:00	108.0	109.14	106.4	106.5	39729
09.02.2024 00:00	106.5	106.84	103.98	104.28	49227
12.02.2024 00:00	104.28	106.98	104.12	106.08	80025
13.02.2024 00:00	106.28	106.54	104.44	105.12	36726
14.02.2024 00:00	105.2	106.48	104.48	104.5	20288
15.02.2024 00:00	104.86	105.98	104.68	104.78	13391
16.02.2024 00:00	104.98	105.62	103.98	104.34	22018
19.02.2024 00:00	104.4	105.98	104.28	105.54	14585
20.02.2024 00:00	105.98	106.28	102.98	105.76	36079
21.02.2024 00:00	104.98	105.12	99.14	102.58	48130
22.02.2024 00:00	101.62	103.76	99.8	100.22	39121
26.02.2024 00:00	101.94	103.58	101.04	102.76	16184
27.02.2024 00:00	102.76	105.7	102.76	104.04	26367
28.02.2024 00:00	104.04	105.48	103.78	103.78	14927
29.02.2024 00:00	103.98	107.06	103.9	105.48	39665
01.03.2024 00:00	106.06	106.26	104.2	104.22	12280
04.03.2024 00:00	104.54	106.12	104.2	105.58	20877
05.03.2024 00:00	105.58	106.28	103.08	104.68	32193
06.03.2024 00:00	104.08	104.64	103.12	103.26	11873
07.03.2024 00:00	103.26	103.78	101.68	103.08	18853
11.03.2024 00:00	103.54	104.48	102.5	104.48	22906
12.03.2024 00:00	104.56	104.98	103.0	103.26	24506
13.03.2024 00:00	103.08	104.7	102.36	104.7	44795
14.03.2024 00:00	104.58	104.58	102.08	102.2	12802
15.03.2024 00:00	101.98	103.4	101.76	102.76	14451
18.03.2024 00:00	103.48	104.48	102.06	104.18	16214
19.03.2024 00:00	104.18	104.18	102.14	102.14	14880
20.03.2024 00:00	102.14	114.98	102.14	109.78	786090
21.03.2024 00:00	109.78	110.48	105.7	107.34	158863
22.03.2024 00:00	108.34	111.48	105.34	107.62	92513
25.03.2024 00:00	107.62	109.42	105.56	107.98	47004
26.03.2024 00:00	107.98	109.14	106.98	107.48	28219
27.03.2024 00:00	107.98	112.98	107.5	111.42	94517
28.03.2024 00:00	112.44	113.58	110.28	110.48	45293
29.03.2024 00:00	111.84	111.86	109.12	110.28	37038
01.04.2024 00:00	110.68	113.84	109.76	111.34	61660
02.04.2024 00:00	111.48	114.7	110.58	113.56	59187
03.04.2024 00:00	114.26	122.76	113.68	122.06	328589
04.04.2024 00:00	123.98	131.62	116.4	116.9	1129165
05.04.2024 00:00	117.48	123.78	116.62	118.0	310575
08.04.2024 00:00	119.86	119.98	116.34	118.28	89007
09.04.2024 00:00	118.36	118.76	113.9	116.64	90412
10.04.2024 00:00	116.64	116.78	112.28	113.06	89082
11.04.2024 00:00	113.26	113.98	112.04	113.04	40045
12.04.2024 00:00	113.48	115.12	112.48	112.62	43139
15.04.2024 00:00	112.34	118.48	112.06	117.62	147810
16.04.2024 00:00	118.2	118.98	113.98	114.56	49609
17.04.2024 00:00	115.26	116.94	113.4	114.34	34791
18.04.2024 00:00	114.64	114.94	113.08	114.2	13957
19.04.2024 00:00	114.2	116.34	113.2	113.44	35079
22.04.2024 00:00	113.22	114.42	111.0	113.78	39987
23.04.2024 00:00	114.26	114.28	112.26	112.3	15535
24.04.2024 00:00	112.62	115.26	111.58	112.54	65204
25.04.2024 00:00	112.98	113.26	111.08	112.48	16153
26.04.2024 00:00	113.2	115.28	112.26	113.34	42040
27.04.2024 00:00	113.58	114.98	111.98	112.18	43573
29.04.2024 00:00	112.34	113.4	110.62	111.9	51578
30.04.2024 00:00	112.7	112.7	111.4	111.92	24278
02.05.2024 00:00	112.42	113.62	110.98	111.5	51082
03.05.2024 00:00	113.48	117.98	112.28	112.98	147637
06.05.2024 00:00	113.12	113.26	110.5	111.2	56184
07.05.2024 00:00	111.48	112.92	111.08	111.48	26844
08.05.2024 00:00	111.7	112.12	110.08	110.56	24430
10.05.2024 00:00	110.48	111.68	108.98	110.2	20210
13.05.2024 00:00	110.2	110.84	109.62	110.14	15644
14.05.2024 00:00	110.04	110.34	105.8	108.08	45179
15.05.2024 00:00	107.98	108.76	107.7	108.0	17148
16.05.2024 00:00	108.44	108.44	106.48	107.76	21680
17.05.2024 00:00	107.72	109.8	107.48	108.5	22795
20.05.2024 00:00	108.48	109.04	104.26	105.34	43845
21.05.2024 00:00	105.26	105.26	100.06	103.48	49516
22.05.2024 00:00	103.98	108.08	103.2	103.64	65537
23.05.2024 00:00	103.64	103.76	102.0	103.08	16087
24.05.2024 00:00	103.4	103.54	100.0	100.18	29345
27.05.2024 00:00	99.98	100.62	93.06	94.26	69715
28.05.2024 00:00	94.48	95.98	92.2	93.48	74954
29.05.2024 00:00	94.98	95.2	89.98	93.34	45771
30.05.2024 00:00	93.34	93.8	90.2	90.56	38491
31.05.2024 00:00	90.56	90.8	86.98	88.4	59332
03.06.2024 00:00	88.42	93.68	87.0	93.58	53333
04.06.2024 00:00	93.34	98.98	91.9	98.98	41564
05.06.2024 00:00	99.04	100.98	96.56	96.9	40070
06.06.2024 00:00	96.9	96.9	95.12	96.26	10517
07.06.2024 00:00	96.26	100.84	95.3	99.98	26437
10.06.2024 00:00	100.04	102.76	98.76	99.48	41441
11.06.2024 00:00	98.98	99.42	95.48	97.58	46341
13.06.2024 00:00	92.7	97.2	90.12	96.84	37936
14.06.2024 00:00	97.4	99.58	96.2	97.48	33705
17.06.2024 00:00	97.48	98.48	94.58	95.3	28636
18.06.2024 00:00	95.3	95.58	91.7	92.0	22762
19.06.2024 00:00	92.9	96.48	90.08	95.5	67991
20.06.2024 00:00	94.9	97.62	90.98	94.56	58328
21.06.2024 00:00	95.0	95.22	91.98	92.78	19403
24.06.2024 00:00	93.04	93.76	92.48	92.7	10099
25.06.2024 00:00	92.86	93.22	91.84	93.08	12422
26.06.2024 00:00	93.2	96.08	92.4	92.68	24880
27.06.2024 00:00	92.68	92.98	92.4	92.56	8865
28.06.2024 00:00	92.9	93.5	92.4	93.12	9737
01.07.2024 00:00	92.56	94.48	92.42	93.58	18171
02.07.2024 00:00	94.48	94.98	92.84	93.18	10250
03.07.2024 00:00	93.26	93.76	91.98	92.56	8829
04.07.2024 00:00	92.56	92.56	90.26	90.54	11124
05.07.2024 00:00	90.28	90.94	88.28	89.76	15950
08.07.2024 00:00	89.7	94.48	89.04	90.56	40523
09.07.2024 00:00	90.84	91.04	80.04	82.34	130490
10.07.2024 00:00	82.34	82.62	75.64	76.26	75442
11.07.2024 00:00	76.42	85.84	76.42	85.2	72923
12.07.2024 00:00	85.34	88.78	82.18	84.84	117159
15.07.2024 00:00	84.04	84.06	80.62	81.0	29102
16.07.2024 00:00	80.06	82.76	79.36	82.14	17514
17.07.2024 00:00	82.58	83.76	80.62	81.58	18685
18.07.2024 00:00	81.34	83.7	81.26	83.4	37675
19.07.2024 00:00	83.48	92.3	82.9	87.86	117361
22.07.2024 00:00	87.98	92.78	87.98	88.9	26393
23.07.2024 00:00	88.9	91.84	88.28	89.68	35915
24.07.2024 00:00	90.86	91.48	87.62	88.34	22743
25.07.2024 00:00	88.34	89.94	87.56	88.4	14346
26.07.2024 00:00	88.4	90.2	82.86	86.54	59091
29.07.2024 00:00	86.22	86.48	83.42	84.14	20221
30.07.2024 00:00	84.78	85.76	83.22	85.06	10486
31.07.2024 00:00	85.06	86.06	84.48	85.64	7581
01.08.2024 00:00	85.04	86.7	84.78	85.62	12296
02.08.2024 00:00	85.62	85.62	83.5	84.12	11586
05.08.2024 00:00	83.26	83.86	80.58	81.92	18153
06.08.2024 00:00	81.9	84.04	81.48	81.92	17082
07.08.2024 00:00	82.4	86.48	80.04	85.78	34223
08.08.2024 00:00	85.28	86.4	84.06	84.22	11166
09.08.2024 00:00	82.98	85.4	82.98	83.84	5151
12.08.2024 00:00	84.78	85.18	81.94	84.92	21229
13.08.2024 00:00	85.22	86.98	84.26	86.92	15862
14.08.2024 00:00	86.98	88.48	82.62	83.98	24073
15.08.2024 00:00	83.98	85.4	81.92	82.7	10950
16.08.2024 00:00	82.7	88.98	82.36	83.8	63515
19.08.2024 00:00	83.78	85.42	81.12	82.0	26127
20.08.2024 00:00	82.0	84.68	80.98	81.48	21141
21.08.2024 00:00	81.48	82.44	80.62	81.36	24819
22.08.2024 00:00	81.72	81.72	79.42	79.78	11671
23.08.2024 00:00	79.98	80.42	75.0	77.12	31337
26.08.2024 00:00	81.3	82.44	78.2	80.56	22016
27.08.2024 00:00	80.64	81.98	78.48	79.56	17390
28.08.2024 00:00	79.86	83.62	78.56	79.7	58515
29.08.2024 00:00	80.26	82.76	78.08	78.76	12030
30.08.2024 00:00	79.26	79.68	77.0	77.08	11130
02.09.2024 00:00	77.12	77.56	68.3	68.9	49279
03.09.2024 00:00	69.08	72.84	68.04	69.48	40685
04.09.2024 00:00	69.62	74.22	69.3	73.56	28525
05.09.2024 00:00	73.62	76.92	71.98	73.14	43349
06.09.2024 00:00	73.8	74.22	72.26	73.3	10589
09.09.2024 00:00	73.62	78.5	73.62	77.48	30315
10.09.2024 00:00	78.78	78.78	76.04	76.3	14378
11.09.2024 00:00	76.8	77.42	75.42	75.5	12803
12.09.2024 00:00	75.56	75.58	73.04	74.0	9398
13.09.2024 00:00	74.4	74.56	69.8	73.26	44217
16.09.2024 00:00	73.62	75.94	72.62	74.98	27076
17.09.2024 00:00	74.98	75.8	74.12	75.48	15770
18.09.2024 00:00	75.68	76.98	74.5	74.7	14148
19.09.2024 00:00	74.76	77.4	73.7	75.42	20889
20.09.2024 00:00	75.42	81.84	75.42	79.08	70244
23.09.2024 00:00	81.56	113.34	80.08	107.48	2527304
24.09.2024 00:00	107.5	114.98	98.7	105.64	1570112
25.09.2024 00:00	106.72	112.34	101.62	102.92	629474
26.09.2024 00:00	102.78	104.84	95.48	97.48	253181
27.09.2024 00:00	98.42	98.42	93.7	95.2	172995
30.09.2024 00:00	95.22	103.78	95.22	100.14	519678
01.10.2024 00:00	101.48	103.48	93.08	95.42	260747
02.10.2024 00:00	96.34	98.56	92.62	94.8	127987
03.10.2024 00:00	95.08	95.14	88.84	93.06	183647
04.10.2024 00:00	93.42	97.58	90.4	94.28	234618
07.10.2024 00:00	94.98	96.72	92.0	92.5	105032
08.10.2024 00:00	92.9	94.7	90.0	91.08	93448
09.10.2024 00:00	91.4	98.26	90.14	97.12	422439
10.10.2024 00:00	97.76	99.56	92.98	94.44	284423
11.10.2024 00:00	94.48	94.98	92.4	93.36	73727
14.10.2024 00:00	93.78	104.76	92.94	102.76	1246773
15.10.2024 00:00	102.36	104.34	98.0	99.56	488740
16.10.2024 00:00	99.98	101.76	97.08	97.56	112599
17.10.2024 00:00	98.0	100.56	93.98	94.78	200706
18.10.2024 00:00	94.78	96.44	92.7	95.08	79079
21.10.2024 00:00	95.08	95.34	92.8	93.4	80470
22.10.2024 00:00	93.4	94.9	89.58	90.12	106599
23.10.2024 00:00	90.48	90.98	86.7	87.7	82086
24.10.2024 00:00	87.48	87.62	84.48	85.62	78100
25.10.2024 00:00	85.7	91.76	81.08	84.08	303771
28.10.2024 00:00	84.3	85.48	80.28	81.2	87170
29.10.2024 00:00	81.22	84.9	81.06	84.08	84880
30.10.2024 00:00	84.12	85.9	80.98	81.48	76107
31.10.2024 00:00	81.64	82.84	79.98	80.76	41456
01.11.2024 00:00	80.92	93.28	80.48	87.86	938079
02.11.2024 00:00	87.68	92.2	86.58	88.64	290199
05.11.2024 00:00	89.98	94.98	89.5	93.54	487772
06.11.2024 00:00	93.98	94.78	90.26	91.26	265398
07.11.2024 00:00	91.48	91.48	88.76	90.4	85801
08.11.2024 00:00	90.98	91.42	87.4	89.9	90412
11.11.2024 00:00	90.98	92.98	90.14	90.5	97897
12.11.2024 00:00	90.76	91.06	85.5	88.4	90586
13.11.2024 00:00	88.2	90.28	86.98	87.58	64634
14.11.2024 00:00	87.3	90.36	87.12	87.84	95635
15.11.2024 00:00	87.86	90.08	87.86	88.28	55176
18.11.2024 00:00	87.26	89.78	83.58	86.58	84115
19.11.2024 00:00	86.62	87.62	83.3	84.28	65088
20.11.2024 00:00	84.4	86.4	81.98	83.7	101333
21.11.2024 00:00	83.7	83.78	80.98	82.78	69290
22.11.2024 00:00	82.78	85.7	82.08	82.4	98575
25.11.2024 00:00	82.06	83.48	78.98	79.76	68793
26.11.2024 00:00	79.98	80.92	73.06	74.28	88731
27.11.2024 00:00	74.76	76.78	71.98	76.34	102187
28.11.2024 00:00	76.98	78.56	73.48	77.26	80905
29.11.2024 00:00	77.2	79.76	75.4	77.58	64466
02.12.2024 00:00	77.7	80.84	76.84	78.42	59005
03.12.2024 00:00	78.84	78.84	75.04	75.4	29656
04.12.2024 00:00	75.4	76.98	73.26	75.2	37396
05.12.2024 00:00	75.18	76.98	72.28	76.0	52515
06.12.2024 00:00	76.14	76.42	74.2	75.34	26319
09.12.2024 00:00	75.08	79.9	74.92	77.2	76681
10.12.2024 00:00	78.08	78.08	74.62	75.58	40389
11.12.2024 00:00	75.62	75.7	74.48	75.12	14828
12.12.2024 00:00	75.12	75.2	72.98	73.48	14082
13.12.2024 00:00	73.36	73.9	71.92	72.06	22610
16.12.2024 00:00	71.48	71.56	68.98	69.76	39876
17.12.2024 00:00	69.76	70.98	68.54	70.0	21119
18.12.2024 00:00	69.64	72.26	69.06	71.8	51587
19.12.2024 00:00	72.06	73.4	69.58	70.44	66006
20.12.2024 00:00	70.04	76.98	69.4	76.28	128816
23.12.2024 00:00	76.48	78.98	75.98	78.76	89270
24.12.2024 00:00	78.84	85.8	76.5	80.58	249310
25.12.2024 00:00	80.7	83.7	80.04	82.84	91962
26.12.2024 00:00	82.92	84.4	81.04	81.36	51323
27.12.2024 00:00	81.56	82.62	79.2	80.48	54151
28.12.2024 00:00	80.7	82.44	80.0	80.48	59226
30.12.2024 00:00	81.18	87.98	80.5	83.26	210219
03.01.2025 00:00	83.7	89.98	83.7	85.7	284999
06.01.2025 00:00	85.72	101.44	85.72	97.34	1437471
08.01.2025 00:00	97.34	99.22	91.78	93.54	501310
09.01.2025 00:00	93.98	94.2	88.26	88.3	162497
10.01.2025 00:00	88.22	91.9	88.2	89.62	281566
13.01.2025 00:00	90.0	92.48	89.04	89.06	119060
14.01.2025 00:00	89.0	93.36	88.18	91.48	239020
15.01.2025 00:00	91.62	92.22	89.26	91.64	66983
16.01.2025 00:00	91.84	92.98	90.08	91.48	90983
17.01.2025 00:00	92.06	94.22	88.98	91.18	163747
20.01.2025 00:00	91.62	92.98	89.48	89.54	72688
21.01.2025 00:00	89.62	92.4	86.34	89.48	156145
22.01.2025 00:00	89.78	94.48	88.48	90.58	380670
23.01.2025 00:00	90.98	92.7	90.22	91.04	106016
24.01.2025 00:00	91.48	91.98	89.98	90.28	54102
27.01.2025 00:00	90.98	90.98	87.54	88.28	47982
28.01.2025 00:00	88.28	90.44	87.26	89.7	38641
29.01.2025 00:00	89.9	90.44	89.26	89.5	20531
30.01.2025 00:00	90.28	90.76	89.58	90.26	40466
31.01.2025 00:00	90.4	91.28	89.0	89.54	47552
03.02.2025 00:00	89.56	91.18	89.08	90.14	52392
04.02.2025 00:00	90.14	90.86	88.58	88.84	27214
05.02.2025 00:00	88.84	90.86	87.48	90.14	39363
06.02.2025 00:00	89.9	91.7	89.7	90.22	89599
07.02.2025 00:00	90.22	93.2	89.2	91.34	184272
10.02.2025 00:00	92.06	94.7	90.9	91.06	86285
11.02.2025 00:00	91.12	92.04	90.76	92.04	27803
12.02.2025 00:00	92.64	93.68	88.9	93.14	155914
13.02.2025 00:00	93.12	94.08	89.98	91.44	55904
14.02.2025 00:00	91.76	93.92	90.68	91.44	79344
17.02.2025 00:00	91.98	93.9	91.84	93.28	81586
18.02.2025 00:00	93.84	99.44	92.98	94.12	516375
19.02.2025 00:00	94.28	97.78	93.22	95.18	189321
20.02.2025 00:00	95.04	95.86	94.12	94.9	31646
21.02.2025 00:00	94.9	96.4	93.12	94.9	63382
24.02.2025 00:00	95.06	98.3	95.06	96.48	120354
25.02.2025 00:00	96.5	104.98	95.5	100.64	337018
26.02.2025 00:00	101.7	102.12	95.54	96.04	120444
27.02.2025 00:00	96.04	99.78	93.22	93.9	112777
28.02.2025 00:00	93.98	101.64	93.4	96.62	129271
03.03.2025 00:00	96.62	98.62	94.58	97.08	37677
04.03.2025 00:00	97.94	98.98	97.5	98.0	27996
05.03.2025 00:00	98.78	101.86	95.86	96.62	85717
06.03.2025 00:00	98.48	104.48	97.62	100.54	218455
07.03.2025 00:00	101.08	101.2	97.08	98.8	49030
10.03.2025 00:00	98.9	100.98	97.2	97.86	35586
11.03.2025 00:00	97.48	99.34	95.44	96.7	54272
12.03.2025 00:00	96.62	97.64	94.62	95.22	35007
13.03.2025 00:00	94.98	96.2	93.3	95.68	27300
14.03.2025 00:00	95.5	97.7	93.62	96.06	61406
17.03.2025 00:00	97.2	97.48	95.44	96.34	50806
18.03.2025 00:00	96.84	98.3	94.98	95.56	32923
19.03.2025 00:00	95.2	97.06	94.3	95.9	18172
20.03.2025 00:00	96.18	97.54	94.9	95.5	25068
21.03.2025 00:00	95.62	99.7	95.62	96.22	91794
24.03.2025 00:00	96.08	97.08	95.0	95.36	20390
25.03.2025 00:00	95.06	97.08	93.64	95.2	25019
26.03.2025 00:00	95.4	96.56	94.04	94.04	32361
27.03.2025 00:00	94.26	94.98	91.98	92.22	36666
28.03.2025 00:00	92.22	93.7	90.26	91.7	34931
29.03.2025 00:00	90.76	91.64	89.98	90.12	4078
30.03.2025 00:00	89.84	90.12	88.56	88.56	4418
31.03.2025 00:00	89.64	92.98	87.98	92.08	42176
01.04.2025 00:00	91.98	94.84	88.78	89.58	53903
02.04.2025 00:00	89.98	91.4	89.58	90.4	15939
03.04.2025 00:00	90.56	92.68	85.56	87.2	41245
04.04.2025 00:00	87.44	89.08	83.12	83.72	37819
05.04.2025 00:00	82.98	83.14	81.28	82.8	5207
06.04.2025 00:00	82.48	84.64	82.44	84.04	3446
07.04.2025 00:00	84.06	84.56	77.48	80.58	70707
08.04.2025 00:00	80.68	83.22	79.44	79.48	36016
09.04.2025 00:00	79.54	83.18	74.78	83.04	71958
10.04.2025 00:00	83.08	84.98	81.34	82.06	28599
11.04.2025 00:00	82.56	84.78	82.28	84.58	23276
12.04.2025 00:00	84.58	85.98	84.26	85.8	3205
13.04.2025 00:00	85.8	86.2	85.78	86.2	3113
14.04.2025 00:00	86.12	86.5	83.36	83.7	13661
15.04.2025 00:00	83.54	84.78	83.08	83.72	13245
16.04.2025 00:00	83.72	85.34	81.26	83.5	28122
17.04.2025 00:00	84.2	86.06	83.72	84.7	59663
18.04.2025 00:00	84.44	84.56	82.14	83.0	16419
21.04.2025 00:00	83.36	84.34	83.34	83.7	8697
22.04.2025 00:00	83.58	86.4	83.44	83.58	51710
23.04.2025 00:00	83.84	84.98	83.62	84.58	28868
24.04.2025 00:00	84.72	85.76	84.28	84.7	18093
25.04.2025 00:00	84.62	85.34	84.44	85.04	14678
26.04.2025 00:00	85.34	86.48	85.26	85.76	4976
27.04.2025 00:00	85.04	86.36	84.62	86.2	3370
28.04.2025 00:00	86.48	92.48	85.98	88.08	209104
29.04.2025 00:00	88.08	90.26	83.2	84.62	83070
30.04.2025 00:00	85.06	85.12	80.98	82.62	39004
02.05.2025 00:00	82.7	82.7	80.26	80.5	13763
03.05.2025 00:00	80.5	81.2	80.28	80.98	2313
04.05.2025 00:00	80.7	81.42	80.7	81.4	737
05.05.2025 00:00	81.42	82.08	79.48	80.78	14496
06.05.2025 00:00	80.34	82.98	80.34	82.34	17086
07.05.2025 00:00	81.92	83.68	81.68	82.44	22275
08.05.2025 00:00	82.4	84.34	82.26	83.2	24986
10.05.2025 00:00	83.12	84.4	83.04	83.92	2896
11.05.2025 00:00	84.06	84.9	83.9	84.12	3998
12.05.2025 00:00	84.4	87.34	82.98	83.94	81340
13.05.2025 00:00	84.2	84.9	83.0	83.4	14938
14.05.2025 00:00	83.34	83.48	82.18	82.56	14380
15.05.2025 00:00	82.56	82.8	80.84	81.2	18920
16.05.2025 00:00	81.2	82.26	80.48	81.0	11899
17.05.2025 00:00	81.26	82.0	81.2	81.56	2206
18.05.2025 00:00	81.58	82.44	81.34	82.04	2320
19.05.2025 00:00	82.04	83.92	80.98	81.42	50193
20.05.2025 00:00	81.42	83.2	80.48	80.98	30856
21.05.2025 00:00	80.98	81.48	79.98	80.28	17651
22.05.2025 00:00	80.28	80.56	78.28	78.76	16550
