datetime	open	high	low	close	volume
07.03.2018 00:00	730.98	743.48	723.48	732.98	4788
09.03.2018 00:00	762.48	789.98	710.98	740.98	5976
12.03.2018 00:00	751.98	817.48	751.98	787.98	33300
13.03.2018 00:00	788.48	817.48	775.48	787.98	53673
14.03.2018 00:00	788.48	789.98	760.48	788.48	53336
15.03.2018 00:00	788.48	811.98	776.98	789.48	198584
16.03.2018 00:00	789.48	789.48	761.48	787.98	34338
19.03.2018 00:00	787.98	794.98	766.48	789.48	27154
20.03.2018 00:00	789.98	799.98	779.48	787.98	31656
21.03.2018 00:00	787.98	788.98	779.98	787.98	17242
22.03.2018 00:00	787.98	787.98	765.98	783.98	39631
23.03.2018 00:00	782.48	787.98	752.98	768.48	28843
26.03.2018 00:00	783.48	783.48	741.48	762.48	13592
27.03.2018 00:00	761.98	761.98	736.98	745.98	37258
28.03.2018 00:00	745.48	747.98	730.98	738.48	30352
29.03.2018 00:00	737.98	750.48	732.48	734.98	39056
30.03.2018 00:00	734.98	740.48	730.98	734.48	20297
02.04.2018 00:00	739.48	745.48	730.98	732.98	19689
03.04.2018 00:00	732.98	752.98	728.48	735.98	25009
04.04.2018 00:00	736.48	744.98	731.98	736.98	26653
05.04.2018 00:00	737.98	742.48	729.48	733.98	42951
06.04.2018 00:00	733.48	744.98	724.98	730.98	22388
09.04.2018 00:00	735.48	744.48	649.98	742.48	18509
10.04.2018 00:00	741.98	757.48	710.48	714.98	35764
11.04.2018 00:00	713.98	724.48	673.98	699.98	306833
12.04.2018 00:00	702.98	729.48	671.48	678.48	25239
13.04.2018 00:00	678.98	688.98	611.98	662.48	208406
16.04.2018 00:00	640.48	640.48	552.48	594.48	4780
17.04.2018 00:00	592.98	671.98	580.48	646.48	37607
18.04.2018 00:00	646.48	699.98	646.48	670.98	33652
19.04.2018 00:00	670.48	697.98	669.98	696.98	32549
20.04.2018 00:00	696.98	697.98	669.98	697.48	24843
23.04.2018 00:00	651.48	751.98	623.98	698.98	21332
24.04.2018 00:00	698.48	759.98	680.98	741.48	26694
25.04.2018 00:00	741.48	758.98	726.48	757.98	23794
26.04.2018 00:00	757.98	789.98	743.48	781.48	50868
27.04.2018 00:00	783.48	816.98	763.48	782.48	18782
28.04.2018 00:00	780.48	808.98	748.48	753.98	20853
30.04.2018 00:00	795.48	795.48	720.48	732.98	11995
02.05.2018 00:00	720.48	750.98	680.98	686.48	10078
03.05.2018 00:00	685.98	777.48	685.98	733.48	26339
04.05.2018 00:00	733.98	789.98	733.98	765.48	34895
07.05.2018 00:00	787.48	787.98	754.98	755.98	16578
08.05.2018 00:00	755.98	787.98	733.98	768.48	52365
10.05.2018 00:00	748.98	748.98	710.98	728.98	16663
11.05.2018 00:00	728.98	744.98	717.98	728.98	20082
14.05.2018 00:00	723.98	731.98	705.98	710.48	16691
15.05.2018 00:00	709.98	748.98	709.98	725.48	29029
16.05.2018 00:00	724.98	788.98	724.98	758.48	609438
17.05.2018 00:00	761.48	774.98	731.48	744.98	22672
18.05.2018 00:00	743.98	754.48	729.98	733.48	24730
21.05.2018 00:00	773.98	773.98	722.48	745.98	24236
22.05.2018 00:00	746.98	746.98	687.98	698.48	44361
23.05.2018 00:00	694.98	694.98	670.98	671.48	19671
24.05.2018 00:00	670.98	688.98	670.98	671.48	41595
25.05.2018 00:00	671.48	685.48	670.98	672.48	16743
28.05.2018 00:00	685.98	685.98	669.98	670.48	27770
29.05.2018 00:00	671.48	684.98	671.48	671.98	30111
30.05.2018 00:00	671.98	681.98	666.98	669.48	24229
31.05.2018 00:00	669.98	669.98	657.48	660.98	18248
01.06.2018 00:00	660.98	669.98	644.48	650.98	36079
04.06.2018 00:00	640.48	789.98	640.48	760.98	34536
05.06.2018 00:00	766.98	766.98	654.98	662.98	68255
06.06.2018 00:00	662.48	668.98	643.48	650.98	19154
07.06.2018 00:00	651.48	666.48	651.48	658.48	25821
08.06.2018 00:00	653.98	672.98	642.98	643.98	35882
09.06.2018 00:00	665.48	665.98	640.98	651.98	31564
11.06.2018 00:00	665.48	665.48	640.48	646.98	12678
13.06.2018 00:00	647.48	698.48	647.48	667.98	10231
14.06.2018 00:00	659.98	679.98	648.48	656.48	23158
15.06.2018 00:00	657.48	672.98	649.98	672.98	29836
18.06.2018 00:00	668.98	679.98	659.98	669.98	33347
19.06.2018 00:00	648.98	679.98	648.98	674.48	32918
20.06.2018 00:00	663.48	675.98	661.98	669.98	23408
21.06.2018 00:00	652.48	671.48	652.48	671.48	27359
22.06.2018 00:00	669.48	672.98	658.98	668.98	30649
25.06.2018 00:00	651.98	667.48	650.48	658.98	33147
26.06.2018 00:00	658.98	659.48	643.48	651.48	28712
27.06.2018 00:00	647.48	659.48	646.48	650.98	11717
28.06.2018 00:00	644.48	654.98	635.98	642.48	17159
29.06.2018 00:00	637.98	648.98	636.48	644.48	10179
02.07.2018 00:00	635.48	659.98	631.48	659.98	30620
03.07.2018 00:00	645.98	656.98	633.48	637.98	31342
04.07.2018 00:00	638.48	639.98	623.98	633.48	28420
05.07.2018 00:00	633.98	644.98	620.48	644.98	33258
06.07.2018 00:00	630.98	666.98	630.98	659.98	23229
09.07.2018 00:00	655.48	658.48	610.48	612.98	38029
10.07.2018 00:00	619.98	627.48	610.98	611.98	30713
11.07.2018 00:00	617.48	617.48	596.48	598.48	32608
12.07.2018 00:00	599.98	599.98	578.48	582.48	13255
13.07.2018 00:00	579.48	588.48	571.98	571.98	9899
16.07.2018 00:00	576.48	604.98	566.48	601.48	18565
17.07.2018 00:00	602.48	632.98	595.98	623.48	33439
18.07.2018 00:00	590.48	631.98	589.98	598.98	77885
19.07.2018 00:00	589.98	599.98	575.48	575.48	54961
20.07.2018 00:00	586.48	595.48	573.48	584.98	21395
23.07.2018 00:00	581.98	592.98	565.98	567.98	27900
24.07.2018 00:00	588.98	589.98	569.98	569.98	12022
25.07.2018 00:00	574.48	576.98	556.48	565.48	18601
26.07.2018 00:00	569.98	570.98	552.98	555.48	29726
27.07.2018 00:00	555.48	578.98	549.98	553.48	30097
30.07.2018 00:00	553.48	577.98	553.48	554.98	28068
31.07.2018 00:00	555.48	563.98	550.48	551.98	14478
01.08.2018 00:00	557.98	558.98	529.48	531.98	28955
02.08.2018 00:00	532.48	536.48	501.98	533.48	36438
03.08.2018 00:00	534.98	547.98	505.98	520.48	30499
06.08.2018 00:00	542.48	567.98	541.98	562.98	129097
07.08.2018 00:00	557.48	557.98	542.98	557.98	13758
08.08.2018 00:00	555.98	559.48	538.98	540.48	28910
09.08.2018 00:00	543.48	554.98	521.98	521.98	10652
10.08.2018 00:00	525.98	549.98	515.98	534.98	30328
13.08.2018 00:00	549.48	549.98	520.48	527.98	17200
14.08.2018 00:00	535.48	549.48	520.98	523.48	20012
15.08.2018 00:00	527.2	529.78	523.2	523.2	32150
16.08.2018 00:00	522.98	553.6	516.2	541.38	31787
17.08.2018 00:00	539.38	567.98	537.98	567.98	30361
20.08.2018 00:00	571.38	573.78	557.98	568.6	28493
21.08.2018 00:00	568.78	571.78	558.2	558.38	14324
22.08.2018 00:00	554.6	568.6	540.38	551.78	74277
23.08.2018 00:00	566.2	566.2	538.98	540.38	27619
24.08.2018 00:00	547.2	559.98	523.6	533.38	12399
27.08.2018 00:00	539.38	567.78	529.98	543.38	30378
28.08.2018 00:00	554.38	554.38	532.98	537.38	16202
29.08.2018 00:00	541.78	564.98	526.2	536.98	20557
30.08.2018 00:00	541.98	558.78	529.98	549.78	24104
31.08.2018 00:00	535.38	548.6	528.78	541.38	15509
03.09.2018 00:00	537.6	541.6	537.6	540.98	19458
04.09.2018 00:00	537.98	541.6	532.98	537.6	29040
05.09.2018 00:00	539.78	541.2	531.6	541.2	13806
06.09.2018 00:00	531.38	538.78	531.38	531.98	16155
07.09.2018 00:00	531.6	539.78	517.98	524.98	31647
10.09.2018 00:00	524.98	528.78	519.2	521.78	15990
11.09.2018 00:00	521.98	522.78	500.98	501.18	32186
12.09.2018 00:00	502.98	504.98	498.18	498.6	31025
13.09.2018 00:00	499.38	499.38	475.8	481.8	32362
14.09.2018 00:00	485.6	518.78	464.98	511.98	34473
17.09.2018 00:00	518.78	522.98	499.98	522.98	31584
18.09.2018 00:00	520.78	533.98	516.6	516.6	49258
19.09.2018 00:00	519.98	530.98	510.8	518.38	32295
20.09.2018 00:00	518.98	530.98	512.78	518.6	34012
21.09.2018 00:00	519.38	525.38	516.38	525.38	19892
24.09.2018 00:00	523.38	523.38	492.6	499.98	12502
25.09.2018 00:00	519.2	519.2	464.98	464.98	40663
26.09.2018 00:00	476.38	489.8	475.38	476.98	33652
27.09.2018 00:00	477.98	482.18	464.38	469.98	21831
28.09.2018 00:00	465.8	481.18	453.18	458.98	36388
01.10.2018 00:00	461.18	463.98	448.98	454.98	34131
02.10.2018 00:00	464.8	469.8	448.98	460.18	45914
03.10.2018 00:00	464.98	495.98	455.98	470.18	46074
04.10.2018 00:00	493.8	493.8	464.98	470.98	32338
05.10.2018 00:00	468.8	478.98	454.18	459.98	32266
08.10.2018 00:00	466.8	466.8	455.38	456.98	32911
09.10.2018 00:00	456.18	467.6	452.8	460.18	44852
10.10.2018 00:00	464.38	467.38	453.38	459.98	142879
11.10.2018 00:00	452.18	462.98	444.6	451.18	51487
12.10.2018 00:00	449.98	452.18	448.38	448.98	34306
15.10.2018 00:00	454.6	464.8	446.18	448.6	27309
16.10.2018 00:00	446.8	457.18	434.98	435.18	57273
17.10.2018 00:00	435.38	459.6	435.38	457.18	34497
18.10.2018 00:00	463.18	474.38	452.18	452.18	313451
19.10.2018 00:00	453.8	462.98	418.6	418.6	37381
22.10.2018 00:00	434.98	444.98	417.98	429.6	32691
23.10.2018 00:00	446.98	448.6	422.18	427.6	19205
24.10.2018 00:00	428.8	434.98	422.18	425.6	19004
25.10.2018 00:00	424.98	430.18	422.18	422.98	1065141
26.10.2018 00:00	422.98	427.18	419.38	422.98	19790
29.10.2018 00:00	420.8	439.18	420.6	433.98	24574
30.10.2018 00:00	425.6	438.8	425.6	430.8	17561
31.10.2018 00:00	438.98	441.38	432.38	435.6	21200
01.11.2018 00:00	426.18	430.8	424.98	428.6	20104
02.11.2018 00:00	424.98	448.98	423.38	444.38	18214
06.11.2018 00:00	441.18	459.98	425.8	425.8	27353
07.11.2018 00:00	431.38	439.98	425.6	436.6	28059
08.11.2018 00:00	431.18	436.38	429.6	432.98	26149
09.11.2018 00:00	435.98	435.98	421.98	424.8	115238
12.11.2018 00:00	432.98	432.98	420.98	421.98	27010
13.11.2018 00:00	427.8	427.8	421.18	426.38	23798
14.11.2018 00:00	439.18	439.18	420.38	422.18	29945
15.11.2018 00:00	424.18	427.38	419.98	424.6	24209
16.11.2018 00:00	423.98	427.18	421.98	424.8	329783
19.11.2018 00:00	426.98	429.98	419.98	423.98	15973
20.11.2018 00:00	422.38	431.8	420.38	429.98	13128
21.11.2018 00:00	425.38	432.18	424.98	427.98	25258
22.11.2018 00:00	435.6	435.6	425.38	425.38	24013
23.11.2018 00:00	425.98	425.98	414.6	414.8	25952
26.11.2018 00:00	414.98	417.98	400.18	406.8	24903
27.11.2018 00:00	424.6	424.6	406.18	407.98	15591
28.11.2018 00:00	423.38	423.38	400.8	413.98	21025
29.11.2018 00:00	421.98	426.38	409.98	410.98	15330
30.11.2018 00:00	408.38	414.38	403.8	411.18	16323
03.12.2018 00:00	409.18	415.18	403.8	411.98	15468
04.12.2018 00:00	419.8	419.98	405.38	406.18	24806
05.12.2018 00:00	404.98	408.8	402.38	402.6	27346
06.12.2018 00:00	408.98	408.98	395.98	397.98	77897
07.12.2018 00:00	400.18	405.6	396.18	396.18	25968
10.12.2018 00:00	398.18	408.98	396.6	399.18	25055
11.12.2018 00:00	401.6	407.6	383.98	389.8	26023
12.12.2018 00:00	394.98	394.98	379.98	384.8	16237
13.12.2018 00:00	377.98	381.38	362.98	362.98	21584
14.12.2018 00:00	371.38	375.98	354.18	375.6	21982
17.12.2018 00:00	375.98	394.98	371.38	390.98	2667
18.12.2018 00:00	388.18	406.98	383.38	406.98	342867
19.12.2018 00:00	406.8	414.38	392.98	409.98	25265
20.12.2018 00:00	403.38	419.98	381.6	381.6	26754
21.12.2018 00:00	392.8	417.8	384.98	417.8	20512
24.12.2018 00:00	413.8	419.98	403.18	406.98	18605
25.12.2018 00:00	401.6	401.8	387.6	391.98	15805
26.12.2018 00:00	392.18	417.98	386.8	401.8	15415
27.12.2018 00:00	407.18	412.6	398.18	399.38	25196
28.12.2018 00:00	400.6	414.38	395.8	401.6	15954
29.12.2018 00:00	399.18	408.8	395.8	396.98	9985
03.01.2019 00:00	404.98	407.6	395.18	400.6	10111
04.01.2019 00:00	404.6	404.6	393.98	398.6	10181
08.01.2019 00:00	399.6	404.8	394.38	398.8	10272
09.01.2019 00:00	399.38	411.98	391.6	394.8	19002
10.01.2019 00:00	398.98	399.18	393.98	395.18	25314
11.01.2019 00:00	390.6	398.8	390.6	393.18	23791
14.01.2019 00:00	392.18	397.18	390.18	396.8	21187
15.01.2019 00:00	392.6	404.6	390.38	394.98	26905
16.01.2019 00:00	401.98	401.98	393.38	395.8	22362
17.01.2019 00:00	401.18	401.6	395.6	397.8	18060
18.01.2019 00:00	398.38	400.8	396.98	397.6	13789
21.01.2019 00:00	399.98	400.8	397.38	400.8	13186
22.01.2019 00:00	396.18	401.98	396.18	399.98	16451
23.01.2019 00:00	399.38	401.98	398.18	399.8	25815
24.01.2019 00:00	400.98	407.38	398.98	403.98	27147
25.01.2019 00:00	400.18	406.6	399.98	403.18	13150
28.01.2019 00:00	404.98	410.6	403.18	403.8	18112
29.01.2019 00:00	409.8	409.8	397.98	400.38	14713
30.01.2019 00:00	400.98	400.98	395.98	398.98	26457
31.01.2019 00:00	401.38	401.38	393.98	394.8	13344
01.02.2019 00:00	394.88	399.98	389.98	399.88	27627
04.02.2019 00:00	400.98	410.1	397.48	399.88	129815
05.02.2019 00:00	403.38	460.48	401.98	449.88	33831
06.02.2019 00:00	461.1	541.78	423.38	522.48	71882
07.02.2019 00:00	532.88	747.98	524.98	641.2	227264
08.02.2019 00:00	616.48	717.78	549.98	549.98	112552
11.02.2019 00:00	560.98	582.98	504.48	506.48	39546
12.02.2019 00:00	506.98	577.98	481.3	522.1	43375
13.02.2019 00:00	525.48	539.98	512.98	516.88	19791
14.02.2019 00:00	507.8	528.98	498.18	504.1	20696
15.02.2019 00:00	503.98	524.7	469.98	488.18	21781
18.02.2019 00:00	497.98	524.98	473.6	496.98	13671
19.02.2019 00:00	501.1	514.98	493.98	496.3	5813
20.02.2019 00:00	483.98	515.28	471.3	496.3	16312
21.02.2019 00:00	500.18	509.88	493.98	493.98	14126
22.02.2019 00:00	476.1	519.88	476.1	493.3	12703
25.02.2019 00:00	537.88	537.88	489.98	494.38	17276
26.02.2019 00:00	503.98	503.98	488.6	493.68	21538
27.02.2019 00:00	497.88	499.98	486.38	489.1	20445
28.02.2019 00:00	489.88	493.18	486.1	493.18	13788
01.03.2019 00:00	487.98	501.6	486.98	487.1	16471
04.03.2019 00:00	487.98	493.8	477.18	486.98	21517
05.03.2019 00:00	479.98	488.98	476.98	488.6	13149
06.03.2019 00:00	478.98	488.98	476.98	483.3	16718
07.03.2019 00:00	479.98	489.98	478.98	479.98	13621
11.03.2019 00:00	484.6	489.98	398.3	481.3	15605
12.03.2019 00:00	482.98	484.38	479.88	482.48	13637
13.03.2019 00:00	483.6	484.98	475.3	484.88	10819
14.03.2019 00:00	484.98	484.98	481.3	482.48	11414
15.03.2019 00:00	480.38	488.3	476.3	476.3	9426
18.03.2019 00:00	476.98	488.98	475.3	477.18	15670
19.03.2019 00:00	479.6	489.98	477.98	482.98	11010
20.03.2019 00:00	479.98	484.98	477.98	479.3	10790
21.03.2019 00:00	479.3	484.98	467.98	478.6	11191
22.03.2019 00:00	484.98	484.98	475.1	479.98	11684
25.03.2019 00:00	509.98	519.98	464.98	471.8	11429
26.03.2019 00:00	471.8	474.68	464.6	466.38	11330
27.03.2019 00:00	464.48	467.1	444.1	444.38	11444
28.03.2019 00:00	444.38	462.88	428.88	448.98	12095
29.03.2019 00:00	405.48	449.88	405.48	428.48	14933
01.04.2019 00:00	431.98	440.6	422.1	424.98	11960
02.04.2019 00:00	429.68	439.88	422.8	432.1	11738
03.04.2019 00:00	428.1	438.68	426.3	431.3	11835
04.04.2019 00:00	429.98	432.48	423.38	429.8	11768
05.04.2019 00:00	437.88	437.88	427.8	428.1	11868
08.04.2019 00:00	442.6	508.98	430.68	445.8	42904
09.04.2019 00:00	469.8	489.88	442.38	458.98	10463
10.04.2019 00:00	468.88	479.98	441.38	447.6	5254
11.04.2019 00:00	457.98	457.98	427.98	431.3	11944
12.04.2019 00:00	430.98	435.98	427.98	428.98	9444
15.04.2019 00:00	428.48	436.98	427.8	428.3	12273
16.04.2019 00:00	427.68	438.98	426.98	427.8	11538
17.04.2019 00:00	430.8	436.3	424.1	430.38	12140
18.04.2019 00:00	429.98	433.18	425.98	428.88	10984
19.04.2019 00:00	439.98	439.98	427.38	429.98	11061
22.04.2019 00:00	438.98	438.98	427.8	431.18	11339
23.04.2019 00:00	430.3	432.6	424.98	431.98	11253
24.04.2019 00:00	433.98	443.98	426.48	443.98	12273
25.04.2019 00:00	443.98	450.98	433.1	450.98	13610
26.04.2019 00:00	442.18	442.18	428.68	437.98	13008
29.04.2019 00:00	438.98	454.88	432.98	454.88	11727
30.04.2019 00:00	437.1	448.48	422.8	425.68	14377
02.05.2019 00:00	427.98	427.98	412.48	420.48	5308
03.05.2019 00:00	421.6	424.3	410.38	415.88	12529
06.05.2019 00:00	416.88	416.88	404.98	405.98	4713
07.05.2019 00:00	404.98	406.38	402.3	405.88	536
08.05.2019 00:00	406.3	407.3	400.88	403.38	338
10.05.2019 00:00	401.18	404.88	399.98	402.38	607
13.05.2019 00:00	407.18	408.18	402.3	403.8	558
14.05.2019 00:00	401.18	408.98	400.68	402.18	2128
15.05.2019 00:00	400.3	405.48	400.18	403.98	1275
16.05.2019 00:00	405.68	429.8	405.68	408.88	1561
17.05.2019 00:00	409.8	409.88	398.6	403.98	806
20.05.2019 00:00	403.3	407.98	401.98	401.98	562
21.05.2019 00:00	411.88	411.88	389.98	396.6	1914
22.05.2019 00:00	398.48	404.8	394.98	402.98	1557
23.05.2019 00:00	402.98	403.88	398.98	403.68	732
24.05.2019 00:00	404.6	406.98	396.38	401.8	2006
27.05.2019 00:00	405.88	406.8	399.3	401.18	568
28.05.2019 00:00	401.38	406.8	401.38	406.8	363
29.05.2019 00:00	408.88	408.98	399.98	401.8	1033
30.05.2019 00:00	404.6	404.6	400.1	402.98	154
31.05.2019 00:00	400.18	405.6	400.1	403.48	121
03.06.2019 00:00	401.3	404.6	399.8	401.98	709
04.06.2019 00:00	401.68	404.88	400.1	401.68	554
05.06.2019 00:00	402.1	404.3	402.1	404.18	411
06.06.2019 00:00	399.6	406.88	399.48	404.38	420
07.06.2019 00:00	400.8	403.3	400.1	402.6	637
10.06.2019 00:00	403.98	403.98	401.1	403.38	203
11.06.2019 00:00	400.6	402.98	399.68	399.68	926
13.06.2019 00:00	399.98	402.8	399.6	401.48	250
14.06.2019 00:00	399.88	402.98	398.8	400.68	533
17.06.2019 00:00	399.1	402.8	393.98	402.8	2734
18.06.2019 00:00	402.88	405.98	400.18	405.98	1973
19.06.2019 00:00	405.88	407.98	402.88	407.98	2511
20.06.2019 00:00	408.88	409.88	400.48	403.1	883
21.06.2019 00:00	406.8	406.8	402.6	405.38	170
24.06.2019 00:00	405.18	405.18	401.18	404.38	339
25.06.2019 00:00	401.18	406.88	398.18	406.6	562
26.06.2019 00:00	406.6	407.68	401.1	402.6	605
27.06.2019 00:00	404.1	405.1	401.88	403.98	385
28.06.2019 00:00	406.38	416.98	401.18	416.98	2011
01.07.2019 00:00	408.68	416.98	396.6	400.88	5057
02.07.2019 00:00	400.1	401.1	400.1	400.1	831
03.07.2019 00:00	399.98	404.48	398.68	404.3	2499
04.07.2019 00:00	401.38	407.6	399.6	403.48	604
05.07.2019 00:00	403.48	404.48	400.18	401.88	166
08.07.2019 00:00	401.98	403.18	398.38	402.6	1786
09.07.2019 00:00	402.6	410.48	396.6	401.38	4828
10.07.2019 00:00	400.18	401.6	395.18	401.6	2624
11.07.2019 00:00	400.98	401.38	400.18	400.38	3252
12.07.2019 00:00	399.98	403.68	399.98	400.8	441
15.07.2019 00:00	403.8	403.8	397.48	401.18	174
16.07.2019 00:00	400.1	403.48	399.1	400.68	2415
17.07.2019 00:00	400.48	402.8	400.48	401.88	311
18.07.2019 00:00	397.1	403.8	397.1	401.6	761
19.07.2019 00:00	399.1	402.8	399.1	401.6	485
22.07.2019 00:00	399.6	402.98	397.6	399.98	2192
23.07.2019 00:00	403.6	403.6	400.98	401.88	1517
24.07.2019 00:00	400.6	401.98	400.48	401.48	522
25.07.2019 00:00	402.3	403.18	399.98	400.98	738
26.07.2019 00:00	401.3	403.18	400.18	400.18	265
29.07.2019 00:00	400.38	402.8	400.1	400.68	371
30.07.2019 00:00	400.68	400.98	399.98	400.38	246
31.07.2019 00:00	401.18	425.98	400.98	408.48	23021903
01.08.2019 00:00	410.1	410.1	399.38	402.3	6998
02.08.2019 00:00	402.18	403.1	399.48	399.48	2779
05.08.2019 00:00	402.6	402.8	395.38	397.88	1223
06.08.2019 00:00	399.6	399.6	389.98	394.68	2407
07.08.2019 00:00	394.88	394.98	384.98	387.68	2387
08.08.2019 00:00	390.1	397.8	382.98	396.98	5149
09.08.2019 00:00	397.6	400.18	387.98	392.68	1133
12.08.2019 00:00	398.38	398.38	387.98	395.48	2305
13.08.2019 00:00	390.68	396.68	390.68	394.48	282
14.08.2019 00:00	392.6	397.88	388.18	388.48	339
15.08.2019 00:00	385.3	392.18	380.3	383.88	4728
16.08.2019 00:00	381.1	381.1	358.8	359.98	13194
19.08.2019 00:00	365.98	387.98	360.18	386.38	7445
20.08.2019 00:00	383.8	383.8	373.48	375.98	1896
21.08.2019 00:00	381.88	381.88	372.18	372.8	454
22.08.2019 00:00	372.18	374.6	360.98	360.98	3510
23.08.2019 00:00	364.6	374.98	361.88	371.88	2833
26.08.2019 00:00	373.8	373.98	366.6	369.88	566
27.08.2019 00:00	369.1	376.1	366.98	373.3	766
28.08.2019 00:00	369.48	373.1	369.3	371.1	1109
29.08.2019 00:00	371.48	372.98	368.38	369.98	1286
30.08.2019 00:00	371.6	378.1	365.6	371.88	1907
02.09.2019 00:00	372.98	372.98	359.98	364.3	7105
03.09.2019 00:00	364.98	374.8	361.38	371.8	3187
04.09.2019 00:00	371.8	374.68	369.88	372.8	1575
05.09.2019 00:00	369.6	372.98	362.3	372.48	810
06.09.2019 00:00	372.6	373.98	366.6	368.68	1395
09.09.2019 00:00	372.8	379.98	367.8	369.38	1453
10.09.2019 00:00	369.98	369.98	365.98	365.98	2374
11.09.2019 00:00	365.48	368.68	365.48	368.68	421
12.09.2019 00:00	367.8	367.8	367.18	367.18	9073489
13.09.2019 00:00	378.8	378.8	372.88	372.88	1855
16.09.2019 00:00	369.98	369.98	369.1	369.1	2418
17.09.2019 00:00	369.1	370.98	367.48	368.48	1296
18.09.2019 00:00	367.3	370.48	366.18	367.98	758
19.09.2019 00:00	368.98	369.8	365.48	367.8	980
20.09.2019 00:00	366.18	369.18	356.18	356.18	9613
23.09.2019 00:00	367.68	370.8	362.1	369.8	2041
24.09.2019 00:00	369.88	369.88	364.98	367.48	533
25.09.2019 00:00	368.8	368.8	361.98	364.48	640
26.09.2019 00:00	363.1	366.98	361.98	365.8	480
27.09.2019 00:00	365.8	365.8	349.6	352.68	14204
30.09.2019 00:00	357.68	359.98	351.6	355.88	10749
01.10.2019 00:00	358.48	359.98	356.6	358.38	2783
02.10.2019 00:00	358.1	359.8	353.3	355.88	791
03.10.2019 00:00	352.1	357.68	350.98	353.18	787
04.10.2019 00:00	356.18	356.18	350.38	351.1	571
07.10.2019 00:00	355.3	355.3	347.98	350.8	2126
08.10.2019 00:00	348.8	352.38	348.18	349.98	2366
09.10.2019 00:00	351.6	351.8	349.98	351.6	135
10.10.2019 00:00	351.18	351.18	348.38	349.98	736
11.10.2019 00:00	349.8	350.68	341.1	341.1	1029
14.10.2019 00:00	347.68	347.68	329.98	330.38	3819
15.10.2019 00:00	331.8	339.68	331.6	337.88	793
16.10.2019 00:00	335.3	369.98	335.3	346.6	13767
17.10.2019 00:00	346.48	351.88	344.1	346.6	1393
18.10.2019 00:00	346.6	348.18	341.98	345.38	606
21.10.2019 00:00	341.6	346.18	341.18	342.68	440
22.10.2019 00:00	342.88	344.8	334.98	339.38	3068
23.10.2019 00:00	337.1	344.6	337.1	340.8	992
24.10.2019 00:00	340.48	342.6	333.18	337.68	2708
25.10.2019 00:00	336.1	340.68	335.18	336.18	487
28.10.2019 00:00	338.98	338.98	334.98	336.48	288
29.10.2019 00:00	338.98	340.68	333.3	337.18	1120
30.10.2019 00:00	337.48	358.98	335.8	351.8	6890
31.10.2019 00:00	357.98	358.88	345.18	351.1	1594
01.11.2019 00:00	344.38	351.98	344.18	348.98	1329
05.11.2019 00:00	349.98	349.98	344.98	349.38	694
06.11.2019 00:00	345.68	351.98	345.68	350.38	530
07.11.2019 00:00	349.48	354.98	341.98	347.98	2979
08.11.2019 00:00	347.18	358.98	346.98	354.6	5569
11.11.2019 00:00	355.6	362.98	354.6	355.88	6479
12.11.2019 00:00	354.6	362.98	349.98	352.8	1075
13.11.2019 00:00	350.18	357.98	344.1	345.68	2577
14.11.2019 00:00	359.48	359.68	344.18	345.6	2275
15.11.2019 00:00	344.18	349.98	343.98	348.88	549
18.11.2019 00:00	349.98	354.98	344.38	352.18	599
19.11.2019 00:00	345.6	354.88	345.48	349.88	1006
20.11.2019 00:00	354.98	354.98	347.68	348.38	656
21.11.2019 00:00	350.6	350.6	345.48	347.88	730
22.11.2019 00:00	349.48	349.48	343.68	347.38	1038
25.11.2019 00:00	347.98	352.18	347.3	348.98	398
26.11.2019 00:00	349.48	349.48	342.1	344.98	1363
27.11.2019 00:00	348.8	349.18	345.18	347.38	739
28.11.2019 00:00	345.3	347.48	343.18	345.1	617
29.11.2019 00:00	344.1	348.8	344.1	345.68	1019
02.12.2019 00:00	344.1	346.6	336.98	339.6	2287
03.12.2019 00:00	342.88	342.98	337.1	340.88	1960
04.12.2019 00:00	337.38	344.8	337.38	343.18	1242
05.12.2019 00:00	343.48	343.6	338.3	342.88	369
06.12.2019 00:00	344.68	344.68	338.98	341.38	502
09.12.2019 00:00	338.98	339.98	331.98	337.48	2765
10.12.2019 00:00	335.3	339.38	335.3	336.98	1576
11.12.2019 00:00	339.18	339.18	335.6	337.18	863
12.12.2019 00:00	338.88	344.88	333.3	336.88	1785
13.12.2019 00:00	338.8	338.8	330.98	334.8	3977
16.12.2019 00:00	333.48	344.88	331.18	333.98	4136
17.12.2019 00:00	333.3	337.1	328.98	330.48	7703
18.12.2019 00:00	332.8	332.8	324.1	327.98	6174
19.12.2019 00:00	327.38	330.18	323.8	324.18	2791
20.12.2019 00:00	326.68	326.68	321.88	323.68	2518
23.12.2019 00:00	322.98	322.98	320.3	320.6	2887
24.12.2019 00:00	323.98	323.98	316.48	319.18	6023
25.12.2019 00:00	317.88	323.98	317.1	322.1	3921
26.12.2019 00:00	321.68	333.8	320.98	327.98	6572
27.12.2019 00:00	323.1	327.98	319.98	320.48	7042
30.12.2019 00:00	323.18	326.3	313.3	313.3	19269
03.01.2020 00:00	315.88	320.98	312.98	320.98	7026
06.01.2020 00:00	321.18	325.98	318.68	318.68	2233
08.01.2020 00:00	319.1	321.48	307.8	318.48	5366
09.01.2020 00:00	316.98	318.68	315.38	318.38	3429
10.01.2020 00:00	319.88	321.6	317.1	321.3	2516
13.01.2020 00:00	319.18	327.68	319.18	322.48	5561
14.01.2020 00:00	325.1	334.3	322.1	332.68	7711
15.01.2020 00:00	333.98	334.98	327.1	331.3	13104
16.01.2020 00:00	334.88	334.88	328.98	328.98	3285
17.01.2020 00:00	333.88	333.88	320.98	324.98	13681
20.01.2020 00:00	324.48	329.98	324.38	327.98	9774
21.01.2020 00:00	324.48	334.98	324.48	333.98	4363
22.01.2020 00:00	334.98	334.98	328.1	328.98	7521
23.01.2020 00:00	328.98	334.98	327.98	332.98	6019
24.01.2020 00:00	330.88	334.38	329.1	330.98	6637
27.01.2020 00:00	330.98	332.88	319.98	328.88	9376
28.01.2020 00:00	329.98	330.98	326.98	327.88	2429
29.01.2020 00:00	330.68	331.38	324.68	325.98	1478
30.01.2020 00:00	328.88	330.88	327.1	329.38	3188
31.01.2020 00:00	329.3	331.38	325.98	326.6	878
03.02.2020 00:00	324.8	328.8	319.98	326.68	1321
04.02.2020 00:00	329.38	329.68	323.1	328.1	1170
05.02.2020 00:00	327.48	331.68	326.88	327.3	1154
06.02.2020 00:00	328.88	331.88	327.88	328.6	684
07.02.2020 00:00	329.98	329.98	324.48	327.8	1953
10.02.2020 00:00	323.6	329.1	323.3	327.8	946
11.02.2020 00:00	325.18	328.98	325.18	326.18	175
12.02.2020 00:00	328.88	328.88	323.1	325.6	3010
13.02.2020 00:00	324.88	326.18	322.68	324.98	1042
14.02.2020 00:00	324.98	325.98	322.48	324.48	5885
17.02.2020 00:00	323.1	325.98	322.3	324.98	4064
18.02.2020 00:00	325.88	325.98	323.98	325.8	4748
19.02.2020 00:00	325.98	325.98	324.48	325.88	4903
20.02.2020 00:00	328.48	328.48	323.98	324.68	3648
21.02.2020 00:00	325.88	325.88	319.18	319.18	9353
25.02.2020 00:00	319.3	325.38	315.88	316.6	2690
26.02.2020 00:00	316.18	316.48	306.98	313.48	5061
27.02.2020 00:00	311.1	314.98	294.98	298.88	7610
28.02.2020 00:00	293.68	293.68	279.98	290.48	7361
02.03.2020 00:00	293.68	302.18	293.68	294.3	1467
03.03.2020 00:00	302.68	304.98	294.6	299.48	599
04.03.2020 00:00	305.68	305.98	298.98	298.98	2087
05.03.2020 00:00	305.88	307.1	293.98	295.98	1268
06.03.2020 00:00	295.3	306.88	282.18	288.88	5393
10.03.2020 00:00	259.98	282.98	257.48	275.98	3661
11.03.2020 00:00	279.98	282.68	268.98	273.98	2911
12.03.2020 00:00	271.48	271.48	249.98000000000002	249.98000000000002	3761
13.03.2020 00:00	248.08	259.98	239.98000000000002	259.98	4849
16.03.2020 00:00	259.98	259.98	232.3	241.98000000000002	4449
17.03.2020 00:00	246.98000000000002	247.9	237.08	241.18	2693
18.03.2020 00:00	237.48000000000002	243.58	202.98000000000002	203.3	13713
19.03.2020 00:00	213.18	217.48000000000002	209.08	214.9	2695
20.03.2020 00:00	219.3	230.3	209.3	221.4	5857
23.03.2020 00:00	218.08	221.9	210.08	218.68	1222
24.03.2020 00:00	221.98000000000002	228.98000000000002	217.58	226.9	2572
25.03.2020 00:00	230.8	233.98000000000002	223.98000000000002	227.98000000000002	2852
26.03.2020 00:00	224.98000000000002	230.9	224.98000000000002	225.98000000000002	1446
27.03.2020 00:00	225.98000000000002	231.08	225.98000000000002	227.8	795
30.03.2020 00:00	222.08	228.98000000000002	221.98000000000002	224.3	2137
31.03.2020 00:00	224.58	233.18	224.08	227.58	2159
01.04.2020 00:00	227.48000000000002	232.58	225.3	232.58	925
02.04.2020 00:00	234.98000000000002	237.98000000000002	229.98000000000002	232.68	3014
03.04.2020 00:00	237.3	244.98000000000002	234.9	239.8	1551
06.04.2020 00:00	239.68	244.9	236.58	243.98000000000002	1268
07.04.2020 00:00	244.98000000000002	266.98	244.98000000000002	252.18	11155
08.04.2020 00:00	252.08	257.38	244.48000000000002	251.9	4993
09.04.2020 00:00	251.68	266.98	250.98000000000002	266.98	7963
10.04.2020 00:00	267.88	284.88	242.48000000000002	251.68	47532
13.04.2020 00:00	256.68	256.98	243.48000000000002	246.08	21261
14.04.2020 00:00	245.08	249.4	243.4	246.68	3933
15.04.2020 00:00	244.9	248.9	241.08	241.18	3282
16.04.2020 00:00	241.08	247.98000000000002	239.18	241.48000000000002	2801
17.04.2020 00:00	239.4	245.68	237.18	242.4	2197
20.04.2020 00:00	242.3	246.18	240.08	241.9	676
21.04.2020 00:00	241.08	241.08	233.98000000000002	237.48000000000002	1909
22.04.2020 00:00	236.98000000000002	246.98000000000002	235.18	242.08	4280
23.04.2020 00:00	243.98000000000002	244.98000000000002	238.8	244.9	2016
24.04.2020 00:00	243.98000000000002	244.98000000000002	240.18	240.18	1477
27.04.2020 00:00	240.58	246.08	235.4	242.9	1191
28.04.2020 00:00	240.9	246.58	240.9	243.68	1069
29.04.2020 00:00	247.8	247.8	240.68	243.9	2573
30.04.2020 00:00	243.9	248.4	241.48000000000002	242.9	6277
04.05.2020 00:00	247.68	247.68	240.3	240.9	1267
05.05.2020 00:00	241.4	246.4	240.48000000000002	243.9	1050
06.05.2020 00:00	244.98000000000002	257.88	240.98000000000002	250.68	24170
07.05.2020 00:00	258.68	269.88	246.08	249.48000000000002	20378
08.05.2020 00:00	249.9	252.98000000000002	243.3	251.9	10730
12.05.2020 00:00	251.9	257.8	244.98000000000002	249.58	3215
13.05.2020 00:00	249.58	253.3	245.98000000000002	245.98000000000002	1405
14.05.2020 00:00	248.98000000000002	248.98000000000002	243.9	244.18	1732
15.05.2020 00:00	244.58	248.68	240.18	243.18	3281
18.05.2020 00:00	243.3	245.9	240.98000000000002	242.98000000000002	1556
19.05.2020 00:00	245.4	248.68	242.98000000000002	243.9	4884
20.05.2020 00:00	246.08	246.08	238.98000000000002	243.8	8822
21.05.2020 00:00	243.48000000000002	244.98000000000002	241.08	243.98000000000002	1854
22.05.2020 00:00	242.4	243.58	238.98000000000002	241.9	5720
25.05.2020 00:00	240.48000000000002	244.3	240.08	242.08	3446
26.05.2020 00:00	244.9	250.98000000000002	240.98000000000002	243.68	10474
27.05.2020 00:00	244.98000000000002	244.98000000000002	239.98000000000002	242.68	4277
28.05.2020 00:00	242.9	242.98000000000002	239.98000000000002	242.9	2532
29.05.2020 00:00	242.4	243.3	240.08	242.4	4718
01.06.2020 00:00	246.3	246.4	237.98000000000002	243.98000000000002	2374
02.06.2020 00:00	242.9	243.68	239.98000000000002	242.3	5123
03.06.2020 00:00	244.98000000000002	245.3	241.68	242.98000000000002	14556
04.06.2020 00:00	242.8	243.98000000000002	241.8	243.3	2594
05.06.2020 00:00	246.58	246.58	241.48000000000002	242.08	3550
08.06.2020 00:00	241.98000000000002	244.98000000000002	240.3	243.58	9011
09.06.2020 00:00	244.8	244.8	239.18	242.08	4658
10.06.2020 00:00	241.08	244.98000000000002	241.08	244.8	4824
11.06.2020 00:00	245.98000000000002	245.98000000000002	240.4	240.9	3135
15.06.2020 00:00	240.48000000000002	245.18	239.98000000000002	241.68	1110
16.06.2020 00:00	244.9	244.9	238.48000000000002	240.18	16368
17.06.2020 00:00	241.18	241.18	236.98000000000002	237.4	7116
18.06.2020 00:00	237.9	238.68	237.08	237.9	2992
19.06.2020 00:00	236.48000000000002	241.8	235.48000000000002	235.48000000000002	7057
22.06.2020 00:00	241.9	242.48000000000002	237.08	239.98000000000002	2849
23.06.2020 00:00	235.18	242.18	235.18	237.98000000000002	2209
25.06.2020 00:00	237.58	238.98000000000002	235.98000000000002	237.68	2150
26.06.2020 00:00	236.98000000000002	238.48000000000002	234.3	237.08	2561
29.06.2020 00:00	233.98000000000002	237.8	233.98000000000002	237.48000000000002	1838
30.06.2020 00:00	236.98000000000002	239.58	235.18	237.68	2467
02.07.2020 00:00	241.8	241.8	236.3	236.48000000000002	1714
03.07.2020 00:00	237.48000000000002	240.8	235.18	239.9	2101
06.07.2020 00:00	239.98000000000002	239.98000000000002	235.18	235.18	2837
07.07.2020 00:00	235.4	238.98000000000002	235.4	236.18	1394
08.07.2020 00:00	235.68	237.68	234.08	235.98000000000002	1049
09.07.2020 00:00	237.98000000000002	238.9	234.08	236.18	2316
10.07.2020 00:00	236.3	236.98000000000002	233.98000000000002	235.8	1078
13.07.2020 00:00	235.18	236.68	234.58	236.08	573
14.07.2020 00:00	234.98000000000002	236.3	234.58	235.68	3523
15.07.2020 00:00	235.8	236.3	232.98000000000002	233.58	3552
16.07.2020 00:00	234.48000000000002	235.48000000000002	232.98000000000002	234.18	2084
17.07.2020 00:00	233.08	233.98000000000002	230.58	233.9	4183
20.07.2020 00:00	232.98000000000002	234.98000000000002	229.98000000000002	231.4	6257
21.07.2020 00:00	233.98000000000002	233.98000000000002	229.98000000000002	231.9	3160
22.07.2020 00:00	232.18	232.8	231.08	232.08	1101
23.07.2020 00:00	232.9	245.98000000000002	231.98000000000002	242.48000000000002	16536
24.07.2020 00:00	242.48000000000002	242.68	181.3	237.9	20346
27.07.2020 00:00	236.98000000000002	240.3	236.98000000000002	237.9	3778
28.07.2020 00:00	242.4	242.4	234.98000000000002	236.9	4428
29.07.2020 00:00	238.9	238.9	234.58	237.68	4241
30.07.2020 00:00	237.68	239.68	231.98000000000002	236.18	2617
31.07.2020 00:00	238.3	239.48000000000002	236.18	238.3	4039
03.08.2020 00:00	237.08	237.8	234.4	237.58	2527
04.08.2020 00:00	238.48000000000002	239.48000000000002	235.68	237.68	1651
05.08.2020 00:00	236.68	237.48000000000002	234.8	236.98000000000002	3942
06.08.2020 00:00	241.68	241.68	230.98000000000002	236.58	3572
07.08.2020 00:00	236.58	241.48000000000002	232.58	235.98000000000002	6969
10.08.2020 00:00	232.18	239.9	232.18	238.68	2830
11.08.2020 00:00	240.48000000000002	240.48000000000002	234.48000000000002	237.58	5284
12.08.2020 00:00	241.4	241.4	234.68	237.68	5252
13.08.2020 00:00	237.18	240.48000000000002	235.4	237.18	4309
14.08.2020 00:00	237.8	240.58	235.68	236.3	3841
17.08.2020 00:00	234.9	237.68	234.48000000000002	235.8	8785
18.08.2020 00:00	234.48000000000002	235.98000000000002	232.08	233.4	5448
19.08.2020 00:00	239.08	239.08	230.98000000000002	234.4	5904
20.08.2020 00:00	235.58	235.68	232.18	232.98000000000002	898
21.08.2020 00:00	231.58	233.8	229.98000000000002	231.98000000000002	1820
24.08.2020 00:00	233.68	233.68	232.4	232.58	2192
25.08.2020 00:00	232.48000000000002	234.8	229.08	231.3	2554
26.08.2020 00:00	230.18	233.18	230.18	232.08	1520
27.08.2020 00:00	232.58	235.08	231.98000000000002	231.98000000000002	5207
28.08.2020 00:00	232.3	234.4	231.48000000000002	231.58	1511
31.08.2020 00:00	234.8	234.8	229.98000000000002	231.9	3000
01.09.2020 00:00	230.3	231.8	228.98000000000002	230.3	3524
02.09.2020 00:00	230.8	231.4	228.98000000000002	230.4	2458
03.09.2020 00:00	228.98000000000002	230.3	227.48000000000002	227.98000000000002	3239
04.09.2020 00:00	228.9	228.9	227.08	227.8	1775
07.09.2020 00:00	228.68	232.98000000000002	226.4	229.98000000000002	6382
08.09.2020 00:00	229.98000000000002	229.98000000000002	224.98000000000002	225.4	4254
09.09.2020 00:00	229.9	229.9	224.98000000000002	225.68	1277
10.09.2020 00:00	224.98000000000002	227.58	224.98000000000002	227.08	774
11.09.2020 00:00	226.98000000000002	226.98000000000002	224.08	225.18	2280
14.09.2020 00:00	227.9	236.98000000000002	221.98000000000002	224.08	16226
15.09.2020 00:00	228.8	228.8	211.18	217.98000000000002	36928
16.09.2020 00:00	219.98000000000002	220.08	217.98000000000002	218.3	5926
17.09.2020 00:00	219.98000000000002	219.98000000000002	216.8	217.8	7387
18.09.2020 00:00	216.9	218.08	209.9	218.08	31732
21.09.2020 00:00	214.98000000000002	219.3	212.48000000000002	212.58	4458
22.09.2020 00:00	217.9	217.9	210.4	210.68	4921
23.09.2020 00:00	216.08	216.08	205.3	206.18	8678
24.09.2020 00:00	209.98000000000002	209.98000000000002	200.08	202.98000000000002	8424
25.09.2020 00:00	200.58	208.8	200.08	200.9	2974
28.09.2020 00:00	207.9	207.9	200.08	206.4	8428
29.09.2020 00:00	211.98000000000002	211.98000000000002	199.98000000000002	201.58	4585
30.09.2020 00:00	201.08	201.8	199.98000000000002	201.48000000000002	7915
01.10.2020 00:00	200.98000000000002	201.98000000000002	200.18	201.98000000000002	7863
02.10.2020 00:00	200.48000000000002	203.8	200.48000000000002	201.98000000000002	3104
05.10.2020 00:00	209.8	209.98000000000002	200.98000000000002	201.98000000000002	8018
06.10.2020 00:00	205.98000000000002	206.68	202.9	203.98000000000002	8499
07.10.2020 00:00	205.8	208.9	200.98000000000002	201.4	12369
08.10.2020 00:00	203.48000000000002	203.48000000000002	197.98000000000002	199.98000000000002	5488
09.10.2020 00:00	201.98000000000002	201.98000000000002	197.18	198.48000000000002	4017
12.10.2020 00:00	196.68	200.9	196.68	198.9	1623
13.10.2020 00:00	200.58	200.58	196.3	196.9	2349
14.10.2020 00:00	196.68	196.9	194.98000000000002	196.58	4898
15.10.2020 00:00	195.8	199.98000000000002	195.4	196.3	6739
16.10.2020 00:00	195.98000000000002	197.9	191.08	192.18	5109
19.10.2020 00:00	192.4	196.18	191.48000000000002	191.8	4465
20.10.2020 00:00	194.98000000000002	194.98000000000002	181.9	182.98	25894
21.10.2020 00:00	183.98	186.8	182.08	183.08	10905
22.10.2020 00:00	184.8	185.48	173.58	179.8	20468
23.10.2020 00:00	183.98	183.98	177.98	179.8	5307
26.10.2020 00:00	182.98	182.98	176.3	176.4	4811
27.10.2020 00:00	176.3	179.98	174.08	175.08	10909
28.10.2020 00:00	176.98	180.9	169.98	170.9	9692
29.10.2020 00:00	174.98	174.98	170.08	172.48	5802
30.10.2020 00:00	172.48	174.98	168.98	169.98	7646
02.11.2020 00:00	171.08	171.08	166.98	169.48	9457
03.11.2020 00:00	169.48	177.48	167.08	173.3	25672
05.11.2020 00:00	168.48	181.98	167.68	179.8	25385
06.11.2020 00:00	177.4	179.98	177.18	177.8	7381
09.11.2020 00:00	177.18	181.98	177.18	180.08	25572
10.11.2020 00:00	181.48	183.8	178.08	180.4	23698
11.11.2020 00:00	179.98	179.98	177.48	178.9	8520
12.11.2020 00:00	177.98	179.58	176.58	178.8	6629
13.11.2020 00:00	176.9	181.98	176.3	181.98	21414
16.11.2020 00:00	179.98	188.9	179.58	182.8	41747
17.11.2020 00:00	187.98	187.98	182.08	182.68	8250
18.11.2020 00:00	182.08	185.9	182.08	182.8	9325
19.11.2020 00:00	182.18	185.3	181.98	182.9	4951
20.11.2020 00:00	184.68	184.8	177.98	181.58	16253
23.11.2020 00:00	180.9	184.48	178.98	181.58	10331
24.11.2020 00:00	179.4	182.48	178.98	181.4	10333
25.11.2020 00:00	179.58	183.48	179.58	181.68	24127
26.11.2020 00:00	183.8	183.8	180.08	181.3	4869
27.11.2020 00:00	183.8	183.8	179.18	180.4	8925
30.11.2020 00:00	182.98	212.98000000000002	179.18	190.48	118923
01.12.2020 00:00	191.98000000000002	198.9	189.08	194.08	25926
02.12.2020 00:00	195.08	196.9	193.18	194.58	12767
03.12.2020 00:00	191.98000000000002	200.48000000000002	191.68	196.58	20307
04.12.2020 00:00	196.58	199.98000000000002	192.8	195.98000000000002	14443
07.12.2020 00:00	196.9	197.8	194.8	195.9	7273
08.12.2020 00:00	197.9	197.98000000000002	192.4	192.68	3731
09.12.2020 00:00	192.48000000000002	193.98000000000002	188.18	190.48	20100
10.12.2020 00:00	191.68	191.8	186.18	187.48	5227
11.12.2020 00:00	188.08	188.18	185.48	186.98	6634
14.12.2020 00:00	188.68	191.3	185.3	186.3	15998
15.12.2020 00:00	186.98	189.9	180.98	181.3	13886
16.12.2020 00:00	182.18	189.18	179.98	181.48	18450
17.12.2020 00:00	181.98	186.4	179.9	180.58	25892
18.12.2020 00:00	180.68	186.4	178.98	179.98	15440
21.12.2020 00:00	180.48	182.08	174.98	176.98	11137
22.12.2020 00:00	176.98	179.3	175.8	176.58	10916
23.12.2020 00:00	176.98	179.48	175.8	176.18	16166
24.12.2020 00:00	176.18	177.68	171.9	172.48	34558
25.12.2020 00:00	172.98	177.9	167.48	168.8	176099
28.12.2020 00:00	169.58	169.9	158.18	158.98	217925
29.12.2020 00:00	158.9	159.08	145.3	145.9	219693
30.12.2020 00:00	146.4	149.48	141.08	141.98	148897
04.01.2021 00:00	141.98	165.4	141.98	148.48	326383
05.01.2021 00:00	134.98	152.9	134.98	149.9	92276
06.01.2021 00:00	150.4	152.58	147.9	148.9	78339
08.01.2021 00:00	149.4	149.98	144.9	146.18	107679
11.01.2021 00:00	146.18	154.9	143.3	143.98	205149
12.01.2021 00:00	144.48	144.98	141.58	141.9	103253
13.01.2021 00:00	142.4	144.4	139.68	139.98	166579
14.01.2021 00:00	140.48	141.68	135.9	138.98	132336
15.01.2021 00:00	137.8	146.08	136.98	139.98	131805
18.01.2021 00:00	140.58	148.9	139.68	144.98	184766
19.01.2021 00:00	144.98	147.8	143.9	144.3	61629
20.01.2021 00:00	146.9	146.9	142.58	144.4	35881
21.01.2021 00:00	144.3	144.3	139.98	141.18	52022
22.01.2021 00:00	141.18	141.3	138.98	139.68	43444
25.01.2021 00:00	140.18	144.98	139.58	141.48	59982
26.01.2021 00:00	141.98	142.8	139.4	141.4	42650
27.01.2021 00:00	140.98	141.48	139.3	139.3	49270
28.01.2021 00:00	125.4	139.3	125.4	137.48	84460
29.01.2021 00:00	137.9	139.9	133.98	134.08	56281
01.02.2021 00:00	134.58	136.98	133.58	136.3	34823
02.02.2021 00:00	135.98	138.4	135.08	135.98	35598
03.02.2021 00:00	136.48	138.58	135.48	137.08	14434
04.02.2021 00:00	136.58	138.68	135.98	136.8	17844
05.02.2021 00:00	137.3	141.9	136.58	140.08	82444
08.02.2021 00:00	140.9	143.68	138.98	139.98	55555
09.02.2021 00:00	140.18	140.9	135.98	136.98	63080
10.02.2021 00:00	137.4	137.4	136.58	136.98	16538
11.02.2021 00:00	136.98	138.48	135.9	136.8	52982
12.02.2021 00:00	136.4	158.48	135.98	139.48	19846286
15.02.2021 00:00	139.98	143.4	139.68	140.48	163173
16.02.2021 00:00	140.98	141.18	137.98	138.68	64762
17.02.2021 00:00	139.18	139.3	136.08	136.98	77783
18.02.2021 00:00	136.58	137.8	135.48	136.18	87494
19.02.2021 00:00	135.98	137.4	134.08	136.3	74728
20.02.2021 00:00	135.8	136.9	133.8	135.18	87396
22.02.2021 00:00	134.98	135.68	134.3	134.9	25213
24.02.2021 00:00	135.4	136.18	133.98	134.58	43970
25.02.2021 00:00	135.08	135.48	131.98	133.3	42401
26.02.2021 00:00	133.8	133.8	131.18	131.98	38906
01.03.2021 00:00	131.48	132.9	130.8	131.3	38232
02.03.2021 00:00	130.9	136.4	130.4	133.18	76884
03.03.2021 00:00	133.4	134.9	131.18	131.98	27117
04.03.2021 00:00	131.8	131.8	128.98	129.58	28280
05.03.2021 00:00	129.58	133.4	125.9	130.48	30952
09.03.2021 00:00	130.68	133.68	129.18	129.8	27047
10.03.2021 00:00	130.3	131.98	128.3	130.58	39883
11.03.2021 00:00	131.08	131.08	128.68	129.68	30379
12.03.2021 00:00	130.08	130.68	128.48	129.9	30470
15.03.2021 00:00	130.4	130.8	127.9	129.08	87126
16.03.2021 00:00	129.58	130.18	126.98	127.98	32205
17.03.2021 00:00	128.08	128.4	126.78	127.2	21494
18.03.2021 00:00	126.98	128.18	125.98	126.58	62408
19.03.2021 00:00	125.08	126.48	123.48	125.4	70643
22.03.2021 00:00	124.98	127.9	124.7	125.7	29184
23.03.2021 00:00	125.78	125.9	121.4	121.58	111532
24.03.2021 00:00	121.98	123.9	116.58	116.98	191162
25.03.2021 00:00	117.2	118.4	113.7	114.7	85976
26.03.2021 00:00	114.98	115.28	111.9	112.9	91366
29.03.2021 00:00	112.58	119.4	111.98	115.78	234781
30.03.2021 00:00	115.78	116.2	109.98	111.2	141333
31.03.2021 00:00	111.58	113.48	110.4	110.98	57476
01.04.2021 00:00	111.78	112.9	110.78	112.48	64825
02.04.2021 00:00	112.98	114.28	112.08	113.08	69722
05.04.2021 00:00	112.98	114.9	110.9	111.48	37804
06.04.2021 00:00	111.48	112.4	109.9	110.28	65904
07.04.2021 00:00	110.98	115.98	109.98	111.98	167365
08.04.2021 00:00	111.98	115.48	111.28	114.7	68200
09.04.2021 00:00	114.9	129.9	113.98	121.7	558618
12.04.2021 00:00	121.78	127.7	121.08	124.48	157358
13.04.2021 00:00	123.98	126.9	123.28	124.58	99255
14.04.2021 00:00	124.9	124.98	119.08	120.58	76594
15.04.2021 00:00	120.58	126.98	118.98	122.9	103781
16.04.2021 00:00	122.78	124.28	115.98	116.58	147470
19.04.2021 00:00	117.08	117.08	111.7	112.78	163986
20.04.2021 00:00	112.48	115.08	108.9	109.58	168162
21.04.2021 00:00	109.4	111.08	104.58	107.08	163415
22.04.2021 00:00	106.78	111.78	106.48	110.9	176303
23.04.2021 00:00	112.48	112.48	107.9	110.7	63631
26.04.2021 00:00	110.9	114.58	105.98	106.08	133871
27.04.2021 00:00	106.78	109.48	99.48	99.9	595230
28.04.2021 00:00	100.08	101.48	89.58	89.9	642648
29.04.2021 00:00	89.98	91.2	78.48	79.98	912106
30.04.2021 00:00	80.48	83.08	79.58	81.48	279922
04.05.2021 00:00	81.98	91.48	81.98	88.48	512932
05.05.2021 00:00	89.2	93.28	85.48	87.2	371216
06.05.2021 00:00	87.2	89.78	84.4	84.9	154244
07.05.2021 00:00	84.98	85.78	82.08	83.08	122372
10.05.2021 00:00	83.08	88.98	81.58	84.78	212482
11.05.2021 00:00	85.08	85.9	82.98	83.98	82495
12.05.2021 00:00	84.28	84.78	83.28	83.98	103547
13.05.2021 00:00	84.58	84.58	82.98	83.98	38095
14.05.2021 00:00	84.08	85.2	82.48	84.4	294010
17.05.2021 00:00	84.9	85.58	82.28	83.4	122872
18.05.2021 00:00	83.98	83.98	81.48	81.98	170330
19.05.2021 00:00	82.48	82.9	79.78	79.98	145004
20.05.2021 00:00	80.48	81.9	77.78	78.08	257952
21.05.2021 00:00	77.98	78.08	74.28	74.78	512465
24.05.2021 00:00	75.28	81.4	74.98	78.2	353378
25.05.2021 00:00	79.98	80.48	77.48	79.2	128188
26.05.2021 00:00	79.48	80.7	74.9	75.08	386449
27.05.2021 00:00	75.58	76.4	74.78	74.98	275220
28.05.2021 00:00	75.4	76.9	74.58	76.9	130068
31.05.2021 00:00	76.9	76.9	74.9	75.2	174961
01.06.2021 00:00	75.28	76.2	74.58	75.9	163528
02.06.2021 00:00	75.2	77.78	74.7	74.9	185911
03.06.2021 00:00	74.98	75.58	74.58	75.08	145370
04.06.2021 00:00	75.4	75.48	74.7	74.98	71595
07.06.2021 00:00	75.2	75.28	74.58	74.9	142020
08.06.2021 00:00	75.2	75.4	74.28	74.48	116308
09.06.2021 00:00	73.98	74.2	69.4	69.98	631526
10.06.2021 00:00	69.98	70.9	68.08	69.98	224537
11.06.2021 00:00	69.9	70.48	68.48	69.98	125818
14.06.2021 00:00	69.98	74.48	69.08	69.7	223197
15.06.2021 00:00	69.9	71.28	69.48	69.9	91483
16.06.2021 00:00	70.08	70.4	68.58	69.7	70255
17.06.2021 00:00	69.78	72.08	68.98	69.9	164490
18.06.2021 00:00	69.9	70.28	68.48	69.08	80962
21.06.2021 00:00	69.4	72.2	68.7	70.4	306333
22.06.2021 00:00	70.9	71.7	69.48	69.78	137884
23.06.2021 00:00	69.78	70.2	69.28	70.08	92383
24.06.2021 00:00	70.2	70.7	69.48	70.7	193833
25.06.2021 00:00	70.78	71.58	68.7	69.78	284448
28.06.2021 00:00	69.9	70.98	68.98	70.98	162558
29.06.2021 00:00	70.98	71.48	68.98	70.08	348334
30.06.2021 00:00	70.58	71.28	69.48	69.9	220683
01.07.2021 00:00	70.08	70.48	69.78	69.98	59154
02.07.2021 00:00	70.08	70.48	69.7	69.98	76530
05.07.2021 00:00	70.08	70.7	69.98	70.4	84161
06.07.2021 00:00	70.48	71.48	69.9	70.2	361478
07.07.2021 00:00	70.28	70.98	69.9	70.2	178738
08.07.2021 00:00	70.08	70.48	68.9	69.78	109866
09.07.2021 00:00	69.98	70.4	69.28	69.7	73677
12.07.2021 00:00	69.7	70.98	69.48	70.28	236107
13.07.2021 00:00	70.28	70.48	68.78	69.9	356188
14.07.2021 00:00	69.78	70.7	69.58	70.08	102091
15.07.2021 00:00	69.98	70.2	69.08	69.9	97540
16.07.2021 00:00	69.98	70.2	69.48	69.98	79885
19.07.2021 00:00	69.98	69.98	67.2	68.08	172412
20.07.2021 00:00	68.08	69.98	67.9	69.4	145080
21.07.2021 00:00	69.4	71.28	69.2	71.28	201980
22.07.2021 00:00	71.28	78.2	69.98	72.78	467720
23.07.2021 00:00	73.98	75.48	72.78	73.48	617274
26.07.2021 00:00	73.7	77.58	72.58	74.98	537422
27.07.2021 00:00	75.48	79.2	71.98	72.48	757454
28.07.2021 00:00	72.48	73.58	69.9	70.48	302640
29.07.2021 00:00	70.58	71.48	69.98	70.58	151857
30.07.2021 00:00	70.48	70.9	69.48	69.9	181628
02.08.2021 00:00	70.4	71.48	69.7	71.08	201818
03.08.2021 00:00	71.4	71.48	69.9	70.78	196518
04.08.2021 00:00	70.78	72.08	69.9	70.58	428327
05.08.2021 00:00	70.28	71.4	69.98	70.78	193683
06.08.2021 00:00	70.78	70.98	69.9	70.2	138749
09.08.2021 00:00	70.58	71.58	69.9	70.2	561762
10.08.2021 00:00	70.28	70.7	69.9	69.9	481054
11.08.2021 00:00	70.2	70.4	69.9	70.28	151081
12.08.2021 00:00	71.28	71.28	69.9	70.08	141367
13.08.2021 00:00	69.98	70.28	69.9	70.08	104339
16.08.2021 00:00	70.08	70.58	69.9	69.98	165087
17.08.2021 00:00	70.4	70.4	69.58	69.98	148532
18.08.2021 00:00	69.9	70.28	69.78	70.08	60925
19.08.2021 00:00	69.98	69.98	68.9	69.48	168566
20.08.2021 00:00	69.78	69.98	68.98	69.98	78168
23.08.2021 00:00	70.08	70.58	69.9	70.2	186031
24.08.2021 00:00	70.28	70.9	69.98	70.2	198598
25.08.2021 00:00	70.28	70.9	69.9	70.2	265331
26.08.2021 00:00	70.28	76.9	69.7	69.9	749296
27.08.2021 00:00	70.08	70.78	69.7	69.98	377440
30.08.2021 00:00	70.28	84.7	69.98	83.98	3466941
31.08.2021 00:00	84.98	100.58	83.98	90.2	3554568
01.09.2021 00:00	90.9	94.98	82.78	85.9	1111851
02.09.2021 00:00	86.2	95.9	84.98	93.4	999396
03.09.2021 00:00	92.08	95.98	90.08	91.7	496379
06.09.2021 00:00	92.2	99.98	92.2	97.9	952777
07.09.2021 00:00	99.7	133.98	98.7	133.98	3930523
08.09.2021 00:00	137.3	139.9	114.08	126.4	3999119
09.09.2021 00:00	126.48	126.48	110.08	114.7	1570339
10.09.2021 00:00	114.9	118.08	106.98	108.98	783648
13.09.2021 00:00	110.78	118.58	108.9	113.48	807047
14.09.2021 00:00	115.9	116.78	108.98	110.98	328331
15.09.2021 00:00	111.7	113.48	100.4	101.08	1052331
16.09.2021 00:00	102.78	102.78	93.28	97.4	1308470
17.09.2021 00:00	97.48	107.98	97.48	103.08	1212232
20.09.2021 00:00	100.48	103.28	95.28	96.4	547109
21.09.2021 00:00	96.58	119.78	94.2	108.58	3101838
22.09.2021 00:00	109.9	113.4	105.98	109.08	779675
23.09.2021 00:00	112.48	112.48	106.98	108.08	360980
24.09.2021 00:00	108.58	108.58	103.2	105.48	329276
27.09.2021 00:00	106.2	109.9	102.08	106.98	427047
28.09.2021 00:00	107.08	109.08	105.48	106.78	174689
29.09.2021 00:00	106.98	109.2	102.4	106.48	287086
30.09.2021 00:00	106.9	107.4	105.08	105.78	148495
01.10.2021 00:00	105.48	106.98	102.28	103.7	268093
04.10.2021 00:00	104.9	106.58	98.98	100.98	343518
05.10.2021 00:00	100.98	105.08	100.28	102.48	336458
06.10.2021 00:00	103.2	104.48	99.58	103.58	239184
07.10.2021 00:00	104.9	107.78	101.2	102.78	195734
08.10.2021 00:00	103.48	103.58	100.98	101.58	250942
11.10.2021 00:00	101.9	104.4	100.48	102.28	231511
12.10.2021 00:00	102.28	103.98	100.98	101.78	178447
13.10.2021 00:00	102.08	102.78	100.48	101.7	175969
14.10.2021 00:00	101.7	102.48	100.98	101.58	134699
15.10.2021 00:00	101.9	102.48	99.98	101.08	188496
18.10.2021 00:00	101.78	102.48	100.7	101.08	147308
19.10.2021 00:00	102.08	102.08	100.28	101.2	150881
20.10.2021 00:00	101.28	112.7	101.2	107.28	1502247
21.10.2021 00:00	107.98	111.58	104.9	105.58	385542
22.10.2021 00:00	106.4	107.08	102.08	102.58	203308
25.10.2021 00:00	103.48	109.58	102.28	104.2	262388
26.10.2021 00:00	103.48	106.48	103.48	104.58	105337
27.10.2021 00:00	104.98	104.98	102.58	102.9	130497
28.10.2021 00:00	103.08	103.08	99.48	100.58	235858
29.10.2021 00:00	100.28	102.98	97.2	98.7	172473
01.11.2021 00:00	98.7	102.98	97.9	100.9	185670
02.11.2021 00:00	101.4	110.98	100.7	102.98	1233163
03.11.2021 00:00	102.28	106.28	101.9	104.28	207562
05.11.2021 00:00	104.28	105.48	102.58	102.7	108835
08.11.2021 00:00	103.4	104.78	102.78	103.28	82313
09.11.2021 00:00	103.28	109.28	102.98	105.7	304628
10.11.2021 00:00	106.48	106.48	103.58	104.2	146757
11.11.2021 00:00	104.2	106.08	101.98	102.4	280409
12.11.2021 00:00	103.08	104.48	99.58	102.48	187382
15.11.2021 00:00	102.48	106.08	102.48	103.98	137326
16.11.2021 00:00	103.78	108.28	103.78	104.7	274783
17.11.2021 00:00	104.98	107.4	104.28	106.28	158365
18.11.2021 00:00	105.58	106.9	102.08	102.98	144724
19.11.2021 00:00	103.98	104.78	98.4	101.2	283240
22.11.2021 00:00	101.4	101.48	90.08	93.98	460387
23.11.2021 00:00	94.08	99.28	90.98	96.08	224964
24.11.2021 00:00	96.7	105.98	96.7	99.08	389254
25.11.2021 00:00	100.58	100.58	87.2	92.08	2189022
26.11.2021 00:00	91.78	91.78	80.28	81.48	1027356
29.11.2021 00:00	80.58	85.28	78.08	81.28	510492
30.11.2021 00:00	80.98	80.98	75.48	77.48	307712
01.12.2021 00:00	77.48	83.9	75.9	78.48	411891
02.12.2021 00:00	78.28	82.4	78.2	81.2	253767
03.12.2021 00:00	80.98	82.28	79.4	79.98	109736
06.12.2021 00:00	80.48	84.9	79.48	80.28	256588
07.12.2021 00:00	80.98	81.58	78.9	80.2	91984
08.12.2021 00:00	80.2	81.78	75.9	76.78	144415
09.12.2021 00:00	76.78	79.48	73.98	74.98	227278
10.12.2021 00:00	73.98	73.98	62.78	67.78	292713
13.12.2021 00:00	68.2	73.9	63.88	65.48	166729
14.12.2021 00:00	69.28	69.98	63.980000000000004	68.78	226031
15.12.2021 00:00	67.9	73.4	67.9	71.7	105760
16.12.2021 00:00	72.2	81.58	71.9	78.7	272850
17.12.2021 00:00	78.7	78.98	72.98	76.48	62628
20.12.2021 00:00	76.9	76.98	71.2	71.98	110100
21.12.2021 00:00	72.48	74.98	72.2	72.9	57641
22.12.2021 00:00	72.9	74.78	71.28	72.98	49478
23.12.2021 00:00	72.98	76.9	71.98	75.2	139883
24.12.2021 00:00	75.08	75.98	72.08	75.48	97637
27.12.2021 00:00	75.48	77.28	72.98	74.4	148513
28.12.2021 00:00	74.78	74.98	71.58	72.08	189734
29.12.2021 00:00	72.58	74.48	72.08	73.2	96144
30.12.2021 00:00	73.58	74.48	71.48	73.78	90303
03.01.2022 00:00	74.9	77.58	73.78	76.08	70245
04.01.2022 00:00	76.08	80.4	74.48	79.2	168798
05.01.2022 00:00	79.48	83.58	78.7	79.98	169454
06.01.2022 00:00	79.98	80.4	76.28	77.2	48106
10.01.2022 00:00	77.2	80.98	77.2	78.2	84316
11.01.2022 00:00	78.58	80.98	78.2	80.2	66526
12.01.2022 00:00	80.2	82.7	78.2	80.98	82563
13.01.2022 00:00	83.9	83.9	78.98	78.98	78914
14.01.2022 00:00	80.28	81.2	72.48	75.98	126125
17.01.2022 00:00	76.78	77.98	71.58	74.4	98726
18.01.2022 00:00	73.98	74.48	69.98	70.98	80031
19.01.2022 00:00	70.9	74.2	69.28	72.48	81460
20.01.2022 00:00	76.78	76.78	72.4	73.9	47438
21.01.2022 00:00	77.28	77.28	70.48	70.98	63258
24.01.2022 00:00	71.78	72.58	62.6	67.48	155073
25.01.2022 00:00	67.48	69.98	65.98	68.4	43549
26.01.2022 00:00	68.4	70.9	66.08	69.58	70230
27.01.2022 00:00	69.08	73.98	67.98	72.78	90490
28.01.2022 00:00	72.78	73.98	71.08	72.2	57338
31.01.2022 00:00	72.7	74.78	71.98	73.08	39869
01.02.2022 00:00	73.28	73.78	70.98	72.4	36293
02.02.2022 00:00	72.4	72.48	70.2	70.78	58067
03.02.2022 00:00	70.4	70.58	67.28	69.78	66822
04.02.2022 00:00	69.9	71.28	68.58	70.28	52166
07.02.2022 00:00	69.78	71.4	67.98	69.08	69314
08.02.2022 00:00	69.2	69.98	68.4	69.78	39618
09.02.2022 00:00	69.9	72.4	68.98	70.08	101198
10.02.2022 00:00	70.4	72.08	68.9	69.7	64624
11.02.2022 00:00	69.98	70.7	67.78	68.48	80551
14.02.2022 00:00	68.4	69.4	66.4	68.28	74199
15.02.2022 00:00	68.78	72.48	67.98	69.9	95440
16.02.2022 00:00	69.9	72.48	69.2	70.78	99829
17.02.2022 00:00	70.78	71.2	68.98	69.78	52671
18.02.2022 00:00	70.08	70.98	67.2	67.58	62776
21.02.2022 00:00	67.98	70.9	51.28	55.6	426483
22.02.2022 00:00	51.980000000000004	58.480000000000004	41.980000000000004	56.980000000000004	387737
24.02.2022 00:00	51.28	51.28	34.28	34.38	697595
25.02.2022 00:00	35.38	44.980000000000004	34.7	41.7	305794
28.03.2022 00:00	41.480000000000004	41.980000000000004	35.38	39.980000000000004	139815
29.03.2022 00:00	39.980000000000004	49.980000000000004	39.38	46.480000000000004	324028
30.03.2022 00:00	46.78	55.980000000000004	46.6	53.88	262331
31.03.2022 00:00	53.980000000000004	59.28	53.980000000000004	57.480000000000004	304184
01.04.2022 00:00	58.1	58.1	53.980000000000004	56.1	272025
04.04.2022 00:00	56.1	58.7	51.980000000000004	55.38	157845
05.04.2022 00:00	55.38	57.28	51.980000000000004	54.1	122773
06.04.2022 00:00	52.28	54.7	52.28	52.980000000000004	75714
07.04.2022 00:00	53.2	54.28	52.1	53.88	146202
08.04.2022 00:00	53.980000000000004	54.6	50.980000000000004	52.78	57283
11.04.2022 00:00	52.1	56.980000000000004	49.980000000000004	52.7	136706
12.04.2022 00:00	52.7	52.7	45.980000000000004	46.78	491638
13.04.2022 00:00	47.980000000000004	48.38	44.980000000000004	48.1	249836
14.04.2022 00:00	48.480000000000004	49.78	46.1	46.7	111119
15.04.2022 00:00	47.1	47.1	44.1	45.78	71554
18.04.2022 00:00	45.88	46.38	44.480000000000004	45.480000000000004	66856
19.04.2022 00:00	45.480000000000004	45.480000000000004	42.78	44.38	86858
20.04.2022 00:00	43.88	47.480000000000004	43.6	45.2	91349
21.04.2022 00:00	45.2	47.2	44.6	46.2	137095
22.04.2022 00:00	46.28	47.2	45.88	47.2	155496
25.04.2022 00:00	47.2	47.2	44.2	44.980000000000004	84637
26.04.2022 00:00	45.980000000000004	47.7	43.980000000000004	46.38	106635
27.04.2022 00:00	46.1	54.1	45.7	52.980000000000004	441738
28.04.2022 00:00	52.78	55.980000000000004	49.480000000000004	51.480000000000004	395010
29.04.2022 00:00	51.480000000000004	53.480000000000004	49.1	50.7	104472
04.05.2022 00:00	50.980000000000004	57.38	50.88	52.980000000000004	299633
05.05.2022 00:00	53.1	54.88	50.480000000000004	51.980000000000004	371355
06.05.2022 00:00	51.980000000000004	51.980000000000004	49.480000000000004	50.88	121484
11.05.2022 00:00	50.980000000000004	52.28	49.480000000000004	50.1	119254
12.05.2022 00:00	50.2	50.38	44.38	45.7	315885
13.05.2022 00:00	45.6	46.980000000000004	44.980000000000004	45.1	227396
16.05.2022 00:00	45.7	46.38	45.28	45.980000000000004	98520
17.05.2022 00:00	45.980000000000004	49.980000000000004	45.7	46.88	241058
18.05.2022 00:00	47.7	48.7	46.28	47.980000000000004	256691
19.05.2022 00:00	47.980000000000004	49.88	46.480000000000004	47.88	194029
20.05.2022 00:00	48.1	49.78	47.38	48.28	180516
23.05.2022 00:00	48.480000000000004	49.1	44.38	44.980000000000004	225538
24.05.2022 00:00	45.38	45.38	43.7	44.480000000000004	128466
25.05.2022 00:00	44.38	45.980000000000004	43.78	43.980000000000004	117507
26.05.2022 00:00	44.2	44.78	43.480000000000004	43.980000000000004	133210
27.05.2022 00:00	43.980000000000004	44.7	42.28	43.480000000000004	134029
30.05.2022 00:00	43.88	44.980000000000004	43.6	44.78	160361
31.05.2022 00:00	44.78	45.78	43.88	44.2	180461
01.06.2022 00:00	44.480000000000004	44.6	43.2	43.28	95904
02.06.2022 00:00	43.28	43.38	41.7	42.1	105387
03.06.2022 00:00	42.38	42.38	40.980000000000004	41.38	48168
06.06.2022 00:00	41.980000000000004	42.28	40.7	40.980000000000004	98236
07.06.2022 00:00	41.38	41.38	38.6	39.980000000000004	267676
08.06.2022 00:00	40.28	40.480000000000004	39.28	39.480000000000004	57672
09.06.2022 00:00	39.88	39.88	38.78	39.1	49811
10.06.2022 00:00	39.1	39.480000000000004	37.2	38.980000000000004	172445
14.06.2022 00:00	38.88	45.28	37.980000000000004	42.7	349542
15.06.2022 00:00	43.480000000000004	43.7	41.1	42.6	140789
16.06.2022 00:00	42.6	43.480000000000004	42.28	43.2	75858
17.06.2022 00:00	43.88	44.480000000000004	42.38	43.480000000000004	126776
20.06.2022 00:00	43.1	50.480000000000004	43.1	48.38	507551
21.06.2022 00:00	49.7	49.7	45.88	48.2	157430
22.06.2022 00:00	48.78	48.88	46.6	47.78	87652
23.06.2022 00:00	47.88	49.78	46.980000000000004	49.38	148922
24.06.2022 00:00	49.88	49.88	47.980000000000004	48.6	105754
27.06.2022 00:00	48.6	48.88	47.2	47.38	45229
28.06.2022 00:00	48.480000000000004	48.480000000000004	45.980000000000004	46.78	75300
29.06.2022 00:00	47.1	47.1	44.980000000000004	45.480000000000004	69341
30.06.2022 00:00	45.480000000000004	45.7	42.88	43.480000000000004	90912
01.07.2022 00:00	43.980000000000004	45.38	41.38	45.2	109095
04.07.2022 00:00	45.78	48.88	44.38	46.78	151246
05.07.2022 00:00	46.980000000000004	48.980000000000004	45.980000000000004	47.480000000000004	89138
06.07.2022 00:00	47.480000000000004	47.480000000000004	44.980000000000004	45.980000000000004	85565
07.07.2022 00:00	46.7	47.1	45.78	45.980000000000004	44691
08.07.2022 00:00	46.480000000000004	49.1	45.7	47.28	96149
11.07.2022 00:00	46.1	47.2	45.2	46.2	29099
12.07.2022 00:00	46.2	47.28	44.78	46.2	86192
13.07.2022 00:00	46.1	46.38	43.2	43.7	55676
14.07.2022 00:00	43.980000000000004	47.2	42.980000000000004	44.1	101825
15.07.2022 00:00	44.28	45.7	42.480000000000004	44.1	111677
18.07.2022 00:00	46.480000000000004	46.480000000000004	42.2	43.1	195741
19.07.2022 00:00	43.2	43.28	42.2	42.6	51976
20.07.2022 00:00	42.980000000000004	45.980000000000004	42.6	44.980000000000004	139844
21.07.2022 00:00	45.2	45.28	42.980000000000004	43.7	33909
22.07.2022 00:00	44.1	44.6	43.38	43.980000000000004	17142
25.07.2022 00:00	44.1	44.28	42.1	43.1	167117
26.07.2022 00:00	43.7	45.28	42.88	44.2	90833
27.07.2022 00:00	44.28	44.480000000000004	43.28	44.1	46698
28.07.2022 00:00	44.1	44.38	43.480000000000004	43.88	35005
29.07.2022 00:00	43.88	44.88	43.6	44.2	102651
01.08.2022 00:00	44.7	44.7	43.88	44.1	33506
02.08.2022 00:00	44.2	44.2	43.28	43.78	47899
03.08.2022 00:00	43.88	43.980000000000004	43.480000000000004	43.7	34578
04.08.2022 00:00	43.7	44.2	43.7	43.980000000000004	14463
05.08.2022 00:00	43.980000000000004	43.980000000000004	43.480000000000004	43.78	46761
08.08.2022 00:00	43.78	44.88	43.7	44.78	54960
09.08.2022 00:00	44.78	49.980000000000004	44.78	47.78	366943
10.08.2022 00:00	47.28	52.28	47.28	48.480000000000004	341573
11.08.2022 00:00	48.88	54.38	48.38	54.1	423242
12.08.2022 00:00	52.6	57.6	50.7	52.480000000000004	359757
15.08.2022 00:00	52.38	54.88	50.78	51.28	247115
16.08.2022 00:00	50.78	52.980000000000004	50.2	50.78	258397
17.08.2022 00:00	51.28	51.980000000000004	49.38	50.78	151309
18.08.2022 00:00	50.2	51.6	49.480000000000004	51.1	149029
19.08.2022 00:00	51.28	51.28	49.6	50.2	63294
22.08.2022 00:00	49.88	50.88	48.480000000000004	49.6	229564
23.08.2022 00:00	49.980000000000004	50.2	49.28	49.480000000000004	89694
24.08.2022 00:00	49.78	49.78	48.7	48.980000000000004	137153
25.08.2022 00:00	49.38	49.6	48.78	48.980000000000004	81361
26.08.2022 00:00	49.38	49.980000000000004	48.980000000000004	49.38	116852
29.08.2022 00:00	49.38	50.980000000000004	49.38	50.78	134369
30.08.2022 00:00	51.480000000000004	51.480000000000004	49.7	49.78	81957
31.08.2022 00:00	50.480000000000004	50.480000000000004	48.980000000000004	49.480000000000004	93874
01.09.2022 00:00	50.980000000000004	50.980000000000004	48.7	49.480000000000004	91091
02.09.2022 00:00	49.7	51.7	49.480000000000004	51.28	112488
05.09.2022 00:00	51.28	53.88	51.1	52.480000000000004	218982
06.09.2022 00:00	52.480000000000004	64.98	50.980000000000004	58.88	2133812
07.09.2022 00:00	59.980000000000004	68.98	59.480000000000004	63.980000000000004	2324198
08.09.2022 00:00	64.9	64.9	58.980000000000004	58.980000000000004	494223
09.09.2022 00:00	59.38	64.98	58.980000000000004	61.1	634401
12.09.2022 00:00	60.480000000000004	63.6	58.28	60.6	323475
13.09.2022 00:00	60.7	61.78	59.1	60.2	176724
14.09.2022 00:00	60.28	60.480000000000004	57.980000000000004	59.28	169114
15.09.2022 00:00	59.78	59.78	58.2	58.38	117607
16.09.2022 00:00	58.480000000000004	59.28	57.78	57.980000000000004	91677
19.09.2022 00:00	58.1	61.38	57.88	59.88	234178
20.09.2022 00:00	60.28	60.38	51.88	53.78	411078
21.09.2022 00:00	48.38	52.38	44.38	50.88	484195
22.09.2022 00:00	50.1	51.6	46.6	46.78	939035
23.09.2022 00:00	47.7	47.980000000000004	42.38	43.480000000000004	335062
26.09.2022 00:00	43.980000000000004	44.480000000000004	34.980000000000004	37.78	459300
27.09.2022 00:00	38.480000000000004	39.480000000000004	36.78	37.7	171372
28.09.2022 00:00	38.7	40.480000000000004	36.88	37.38	308345
29.09.2022 00:00	38.78	38.88	34.980000000000004	35.980000000000004	199548
30.09.2022 00:00	37.28	37.7	34.480000000000004	36.480000000000004	335787
03.10.2022 00:00	36.980000000000004	37.88	35.980000000000004	37.78	325919
04.10.2022 00:00	38.7	39.38	36.480000000000004	38.28	457280
05.10.2022 00:00	38.78	39.6	36.480000000000004	37.28	231602
06.10.2022 00:00	37.38	37.980000000000004	36.78	37.38	110937
07.10.2022 00:00	37.6	37.980000000000004	35.1	36.1	235647
10.10.2022 00:00	34.28	36.980000000000004	32.1	36.480000000000004	245159
11.10.2022 00:00	36.88	37.480000000000004	36.38	37.28	125960
12.10.2022 00:00	37.38	37.980000000000004	36.7	37.480000000000004	105877
13.10.2022 00:00	37.480000000000004	42.2	37.28	40.480000000000004	732269
14.10.2022 00:00	40.980000000000004	43.38	39.78	40.88	407773
17.10.2022 00:00	40.980000000000004	43.78	40.980000000000004	42.38	353811
18.10.2022 00:00	42.88	43.2	41.6	42.6	135471
19.10.2022 00:00	42.38	42.38	39.980000000000004	40.980000000000004	229531
20.10.2022 00:00	41.38	42.88	40.38	41.38	200194
21.10.2022 00:00	41.480000000000004	42.480000000000004	40.78	41.480000000000004	168778
24.10.2022 00:00	42.38	51.88	41.7	48.2	1545347
25.10.2022 00:00	48.88	48.980000000000004	46.6	47.1	714017
26.10.2022 00:00	47.1	47.7	46.28	46.7	178495
27.10.2022 00:00	46.7	50.480000000000004	46.38	47.980000000000004	827223
28.10.2022 00:00	48.88	52.480000000000004	48.1	50.2	958178
31.10.2022 00:00	51.480000000000004	53.7	49.980000000000004	52.7	843971
01.11.2022 00:00	53.480000000000004	54.6	52.78	54.6	506093
02.11.2022 00:00	54.7	56.88	53.6	55.480000000000004	793942
03.11.2022 00:00	55.78	55.78	51.6	53.1	863755
07.11.2022 00:00	53.7	55.88	52.88	55.6	538362
08.11.2022 00:00	55.7	56.980000000000004	54.88	55.28	619081
09.11.2022 00:00	54.980000000000004	55.38	53.1	53.1	401202
10.11.2022 00:00	53.38	54.7	53.1	54.1	161668
11.11.2022 00:00	54.2	54.7	52.980000000000004	53.1	189871
14.11.2022 00:00	53.78	54.1	51.980000000000004	52.480000000000004	234717
15.11.2022 00:00	52.480000000000004	52.88	50.1	51.78	382786
16.11.2022 00:00	51.980000000000004	52.1	50.980000000000004	51.38	127957
17.11.2022 00:00	51.480000000000004	53.480000000000004	51.38	51.480000000000004	238432
18.11.2022 00:00	51.480000000000004	51.980000000000004	49.980000000000004	50.480000000000004	227338
21.11.2022 00:00	50.88	50.980000000000004	49.38	49.78	148846
22.11.2022 00:00	49.78	50.78	49.78	50.6	71560
23.11.2022 00:00	50.88	50.980000000000004	50.2	50.980000000000004	98776
24.11.2022 00:00	51.1	51.2	50.38	50.7	70519
25.11.2022 00:00	50.980000000000004	50.980000000000004	50.1	50.6	93638
28.11.2022 00:00	50.1	50.78	49.78	50.480000000000004	88468
29.11.2022 00:00	50.6	53.980000000000004	50.38	53.1	591922
30.11.2022 00:00	53.88	54.980000000000004	52.78	52.88	383195
01.12.2022 00:00	53.480000000000004	53.7	52.1	52.480000000000004	141063
02.12.2022 00:00	52.480000000000004	52.78	50.6	51.1	167396
05.12.2022 00:00	51.480000000000004	54.88	50.88	52.28	735890
06.12.2022 00:00	52.480000000000004	53.980000000000004	51.7	52.38	345117
07.12.2022 00:00	52.38	52.6	50.88	51.38	220554
08.12.2022 00:00	51.480000000000004	54.28	50.1	51.78	352632
09.12.2022 00:00	51.88	52.38	51.1	51.480000000000004	129811
12.12.2022 00:00	51.6	53.1	51.38	51.7	218973
13.12.2022 00:00	52.2	53.480000000000004	51.7	52.7	263507
14.12.2022 00:00	52.78	52.78	51.6	51.88	100146
15.12.2022 00:00	51.78	51.980000000000004	50.980000000000004	51.480000000000004	113752
16.12.2022 00:00	51.88	51.980000000000004	50.980000000000004	51.6	112420
19.12.2022 00:00	51.78	51.980000000000004	50.1	50.6	159122
20.12.2022 00:00	50.480000000000004	64.28	50.38	61.980000000000004	4351114
21.12.2022 00:00	65.4	86.58	64.9	86.58	9198569
22.12.2022 00:00	95.28	121.08	89.98	110.98	19102785
23.12.2022 00:00	105.48	115.78	84.08	84.48	7874984
26.12.2022 00:00	84.98	92.78	77.48	89.9	7960425
27.12.2022 00:00	91.78	95.98	84.98	86.78	6081030
28.12.2022 00:00	87.9	88.48	77.98	78.58	2776697
29.12.2022 00:00	76.4	84.4	75.58	78.98	1640688
30.12.2022 00:00	79.08	83.98	78.48	78.58	1548922
03.01.2023 00:00	79.98	86.28	79.2	86.28	2300062
04.01.2023 00:00	92.78	94.78	87.98	94.78	4974640
05.01.2023 00:00	96.2	102.7	90.98	95.78	6524458
06.01.2023 00:00	93.98	97.48	89.58	92.98	3752133
09.01.2023 00:00	94.9	97.7	91.28	92.58	1921548
10.01.2023 00:00	92.48	95.28	88.98	91.08	1856223
11.01.2023 00:00	91.2	93.9	89.58	90.78	1253652
12.01.2023 00:00	92.9	97.48	90.48	94.08	3098172
13.01.2023 00:00	95.78	110.9	95.2	103.4	13481980
16.01.2023 00:00	107.98	113.9	105.2	109.9	5911097
17.01.2023 00:00	110.98	112.98	103.08	104.78	3172788
18.01.2023 00:00	100.58	106.2	100.58	104.58	1325689
19.01.2023 00:00	105.78	110.9	103.48	105.48	3300395
20.01.2023 00:00	106.7	107.2	104.98	105.08	628937
23.01.2023 00:00	107.7	107.7	105.2	106.2	777036
24.01.2023 00:00	106.98	106.98	105.48	105.98	376080
25.01.2023 00:00	106.58	106.7	101.4	102.48	815039
26.01.2023 00:00	102.7	103.2	90.98	99.9	1121687
27.01.2023 00:00	99.78	104.7	95.58	101.28	1239596
30.01.2023 00:00	101.98	102.98	97.78	99.78	539170
31.01.2023 00:00	102.98	106.98	100.98	104.08	2010281
01.02.2023 00:00	105.98	105.98	101.58	103.4	440048
02.02.2023 00:00	103.7	103.78	101.78	102.2	318123
03.02.2023 00:00	102.48	102.78	101.2	101.48	173137
06.02.2023 00:00	102.28	103.58	101.4	102.78	273396
07.02.2023 00:00	102.98	103.2	101.2	101.78	355265
08.02.2023 00:00	101.78	114.48	100.4	106.58	4862609
09.02.2023 00:00	106.98	108.78	103.78	106.08	878158
10.02.2023 00:00	106.48	106.48	102.58	104.98	473324
13.02.2023 00:00	106.7	110.78	105.2	107.28	1570610
14.02.2023 00:00	107.7	107.9	101.98	104.48	735123
15.02.2023 00:00	104.28	104.28	94.98	96.98	1409225
16.02.2023 00:00	94.28	100.98	93.9	98.7	561467
17.02.2023 00:00	97.98	98.98	97.48	97.48	209094
20.02.2023 00:00	97.98	97.98	92.78	95.78	544636
21.02.2023 00:00	96.2	104.98	95.4	99.9	823066
22.02.2023 00:00	100.98	100.98	98.08	98.48	174187
24.02.2023 00:00	98.9	101.28	97.78	99.2	302889
27.02.2023 00:00	99.28	102.78	98.4	101.9	351731
28.02.2023 00:00	101.98	104.48	101.2	102.7	438338
01.03.2023 00:00	102.9	103.9	101.98	103.48	285870
02.03.2023 00:00	104.28	104.28	96.08	100.2	506262
03.03.2023 00:00	101.28	102.08	100.08	102.08	203283
06.03.2023 00:00	102.48	109.48	102.4	106.08	3246588
07.03.2023 00:00	106.9	108.4	104.28	105.9	703556
09.03.2023 00:00	105.98	108.58	101.98	106.78	1209554
10.03.2023 00:00	107.08	107.08	104.48	104.98	259527
13.03.2023 00:00	105.9	106.08	102.98	103.9	326875
14.03.2023 00:00	104.08	110.2	103.58	105.78	2829946
15.03.2023 00:00	106.78	111.4	105.98	108.4	3024008
16.03.2023 00:00	108.98	108.98	104.4	107.28	906946
17.03.2023 00:00	108.4	110.4	106.98	107.78	1843572
20.03.2023 00:00	108.78	113.98	107.9	113.98	2354731
21.03.2023 00:00	115.48	119.98	113.48	117.7	4118916
22.03.2023 00:00	118.28	119.48	116.48	118.58	1221610
23.03.2023 00:00	118.58	143.8	117.2	137.08	14382367
24.03.2023 00:00	139.08	143.58	133.98	136.8	3448346
27.03.2023 00:00	139.08	142.8	137.08	139.58	2529800
28.03.2023 00:00	140.98	141.18	134.48	137.08	1059969
29.03.2023 00:00	137.18	139.9	134.68	138.08	873430
30.03.2023 00:00	138.8	189.9	137.08	175.4	20700151
31.03.2023 00:00	179.9	184.98	166.58	174.68	6901531
03.04.2023 00:00	175.48	201.4	171.68	196.4	14320385
04.04.2023 00:00	197.98000000000002	206.98000000000002	194.8	204.18	7156680
05.04.2023 00:00	204.3	204.8	177.4	196.98000000000002	5280393
06.04.2023 00:00	197.58	201.4	186.18	189.3	3823393
07.04.2023 00:00	181.08	201.4	181.08	191.68	5549149
10.04.2023 00:00	194.9	199.4	191.48000000000002	195.4	2594584
11.04.2023 00:00	196.08	196.4	186.58	190.18	1029249
12.04.2023 00:00	190.98	195.9	189.98	191.4	726354
13.04.2023 00:00	193.4	206.58	189.68	201.4	10886512
14.04.2023 00:00	202.98000000000002	211.58	202.3	204.68	8305566
17.04.2023 00:00	207.8	209.9	203.08	206.08	2913818
18.04.2023 00:00	205.48000000000002	207.48000000000002	203.58	204.8	1993558
19.04.2023 00:00	205.3	205.98000000000002	192.98000000000002	198.98000000000002	2166466
20.04.2023 00:00	198.98000000000002	200.4	191.98000000000002	195.98000000000002	1212429
21.04.2023 00:00	195.4	195.8	191.4	192.98000000000002	666860
24.04.2023 00:00	192.58	192.9	185.68	189.48	1444504
25.04.2023 00:00	189.48	190.58	183.3	183.98	1430512
26.04.2023 00:00	184.48	197.8	180.68	195.9	3915756
27.04.2023 00:00	196.58	197.18	188.08	189.18	1616579
28.04.2023 00:00	189.4	192.9	185.58	185.98	1061295
02.05.2023 00:00	185.98	189.68	143.8	156.58	6898750
03.05.2023 00:00	157.9	169.3	137.9	150.58	10072032
04.05.2023 00:00	150.48	163.48	149.98	154.68	4668285
05.05.2023 00:00	156.8	159.3	147.98	148.48	1946625
08.05.2023 00:00	148.48	154.08	146.4	146.68	1079172
10.05.2023 00:00	148.9	158.4	146.9	157.98	2090843
11.05.2023 00:00	161.98	165.48	159.4	164.98	2442306
12.05.2023 00:00	163.4	164.18	156.08	159.68	1238156
15.05.2023 00:00	162.98	163.4	158.4	160.48	930978
16.05.2023 00:00	161.98	163.18	156.68	158.9	761941
17.05.2023 00:00	158.98	159.48	152.98	155.8	660033
18.05.2023 00:00	155.9	166.4	154.98	159.4	2618016
19.05.2023 00:00	160.18	160.4	154.08	154.98	521443
22.05.2023 00:00	156.4	163.18	156.3	159.9	1396572
23.05.2023 00:00	159.98	164.3	154.98	158.3	904382
24.05.2023 00:00	160.98	161.48	155.98	159.08	419268
25.05.2023 00:00	157.98	159.3	152.98	156.4	598903
26.05.2023 00:00	156.4	161.4	156.3	157.68	603617
29.05.2023 00:00	161.98	161.98	154.98	158.68	478808
30.05.2023 00:00	156.08	158.18	153.18	154.48	625216
31.05.2023 00:00	154.48	155.58	148.68	151.58	653699
01.06.2023 00:00	151.98	153.48	148.68	149.68	311711
02.06.2023 00:00	149.8	154.58	146.18	150.48	498853
05.06.2023 00:00	150.68	158.18	149.98	152.4	1290477
06.06.2023 00:00	150.58	158.9	148.48	156.3	1221199
07.06.2023 00:00	156.98	157.48	151.98	152.98	942959
08.06.2023 00:00	153.9	157.48	152.4	154.18	744259
09.06.2023 00:00	154.9	158.48	152.68	153.48	906057
13.06.2023 00:00	154.98	165.08	154.48	164.8	2027483
14.06.2023 00:00	167.18	173.68	165.48	170.98	3398679
15.06.2023 00:00	171.48	171.58	166.18	167.98	848156
16.06.2023 00:00	168.8	168.9	163.4	164.98	624367
19.06.2023 00:00	165.4	171.98	164.98	169.18	1123420
20.06.2023 00:00	169.4	171.08	158.08	165.9	850525
21.06.2023 00:00	167.58	172.98	165.08	169.98	1115876
22.06.2023 00:00	171.68	180.4	167.9	177.4	3320059
23.06.2023 00:00	175.08	176.48	170.4	172.98	926120
26.06.2023 00:00	171.68	172.48	166.98	168.48	637748
27.06.2023 00:00	168.98	173.8	168.08	171.9	622228
28.06.2023 00:00	172.58	174.3	168.18	169.58	414146
29.06.2023 00:00	169.58	171.98	168.18	168.48	472432
30.06.2023 00:00	168.98	169.8	165.68	166.08	420408
03.07.2023 00:00	166.98	176.48	166.58	172.48	1848774
04.07.2023 00:00	173.08	174.9	170.98	171.68	477315
05.07.2023 00:00	171.9	172.98	168.8	169.3	531083
06.07.2023 00:00	169.58	172.4	166.9	168.68	393500
07.07.2023 00:00	168.9	171.48	167.68	168.9	313362
10.07.2023 00:00	169.98	173.68	168.9	171.9	423544
11.07.2023 00:00	172.8	174.58	170.08	172.4	524043
12.07.2023 00:00	172.9	177.4	172.58	174.98	1551992
13.07.2023 00:00	176.48	176.68	170.9	173.18	771780
14.07.2023 00:00	173.68	180.08	172.58	174.68	1918304
17.07.2023 00:00	174.4	183.08	172.3	179.98	3089837
18.07.2023 00:00	181.58	184.98	180.08	180.98	1660371
19.07.2023 00:00	182.58	182.9	174.98	179.4	1129643
20.07.2023 00:00	180.3	180.48	176.08	176.08	682558
21.07.2023 00:00	176.08	180.18	175.4	175.58	738088
24.07.2023 00:00	176.98	180.98	175.98	180.48	860686
25.07.2023 00:00	181.68	183.9	180.08	180.9	1233749
26.07.2023 00:00	182.08	192.3	178.9	191.98000000000002	4562183
27.07.2023 00:00	194.98000000000002	195.98000000000002	191.98000000000002	192.98000000000002	2856016
28.07.2023 00:00	193.98000000000002	194.18	185.58	188.48	1205721
31.07.2023 00:00	190.48	194.48000000000002	188.98	192.08	1276532
01.08.2023 00:00	192.18	206.9	189.48	198.18	5786651
02.08.2023 00:00	199.4	205.8	196.58	200.98000000000002	2595906
03.08.2023 00:00	201.08	230.98000000000002	200.3	227.9	15862506
04.08.2023 00:00	230.98000000000002	245.8	208.98000000000002	223.08	12337799
07.08.2023 00:00	232.4	238.4	224.68	228.98000000000002	2934378
08.08.2023 00:00	231.08	231.08	214.98000000000002	218.8	2216904
09.08.2023 00:00	222.98000000000002	235.8	222.68	228.08	3118643
10.08.2023 00:00	231.98000000000002	232.58	227.98000000000002	228.9	872334
11.08.2023 00:00	230.9	245.3	228.08	243.98000000000002	8651161
14.08.2023 00:00	248.98000000000002	249.98000000000002	234.98000000000002	237.98000000000002	5724128
15.08.2023 00:00	232.08	246.8	223.18	236.3	5654143
16.08.2023 00:00	236.48000000000002	239.98000000000002	214.18	220.18	3729491
17.08.2023 00:00	224.98000000000002	233.3	222.18	227.48000000000002	2446528
18.08.2023 00:00	230.98000000000002	230.98000000000002	225.08	227.4	642591
21.08.2023 00:00	230.8	241.9	228.58	240.58	2550752
22.08.2023 00:00	242.18	251.3	236.48000000000002	247.9	4953626
23.08.2023 00:00	243.9	248.48000000000002	236.3	239.9	2739013
24.08.2023 00:00	231.48000000000002	243.9	230.8	239.8	1508660
25.08.2023 00:00	240.08	246.58	238.98000000000002	243.68	2122770
28.08.2023 00:00	242.98000000000002	255.48000000000002	242.58	251.48000000000002	4999005
29.08.2023 00:00	252.08	268.98	247.08	260.68	7581187
30.08.2023 00:00	262.98	277.38	261.38	268.38	5793558
31.08.2023 00:00	270.98	273.68	255.68	260.18	2571218
01.09.2023 00:00	260.68	281.88	257.88	275.8	4478889
04.09.2023 00:00	283.3	301.98	278.1	296.6	7444959
05.09.2023 00:00	299.1	300.98	264.6	286.18	3999799
06.09.2023 00:00	285.98	288.98	273.98	273.98	2843440
07.09.2023 00:00	273.98	277.88	245.08	252.48000000000002	8665807
08.09.2023 00:00	253.3	259.1	232.98000000000002	232.98000000000002	6611874
11.09.2023 00:00	229.8	229.98000000000002	196.3	201.98000000000002	14849830
12.09.2023 00:00	194.9	213.98000000000002	181.98	182.98	12844471
13.09.2023 00:00	179.9	179.98	109.98	125.7	69995363
14.09.2023 00:00	113.08	116.7	81.98	95.2	97916723
15.09.2023 00:00	100.78	120.7	96.58	117.58	40154781
18.09.2023 00:00	120.98	162.48	118.2	134.9	79571421
19.09.2023 00:00	145.68	145.98	127.08	129.98	22323661
20.09.2023 00:00	128.98	129.3	115.7	116.28	8679427
21.09.2023 00:00	112.08	122.98	103.98	106.08	6982574
22.09.2023 00:00	108.98	121.48	97.98	114.98	13476293
25.09.2023 00:00	118.78	121.98	108.2	111.78	5564152
26.09.2023 00:00	113.98	117.98	110.08	111.58	3776169
27.09.2023 00:00	111.7	113.9	110.48	111.28	1714709
28.09.2023 00:00	111.9	127.48	110.28	122.58	11239652
29.09.2023 00:00	123.9	125.98	116.28	117.98	3523600
02.10.2023 00:00	123.98	123.98	117.48	118.2	1937542
03.10.2023 00:00	118.98	119.7	112.98	116.48	1092445
04.10.2023 00:00	116.08	120.98	113.08	118.48	1669315
05.10.2023 00:00	118.58	119.98	113.98	115.2	1172162
06.10.2023 00:00	115.9	117.4	111.7	112.48	1459551
09.10.2023 00:00	113.9	114.4	102.28	108.48	2386954
10.10.2023 00:00	108.48	113.4	107.98	108.98	1746823
11.10.2023 00:00	109.2	110.58	108.08	108.58	480650
12.10.2023 00:00	107.98	109.58	101.58	105.78	1103362
13.10.2023 00:00	105.78	106.9	102.58	103.9	1509389
16.10.2023 00:00	103.9	108.7	102.7	106.2	2244585
17.10.2023 00:00	107.58	107.58	104.28	104.28	861063
18.10.2023 00:00	104.28	105.48	103.4	104.28	736085
19.10.2023 00:00	103.98	104.78	101.98	103.08	946134
20.10.2023 00:00	93.58	101.48	91.4	92.2	4727755
23.10.2023 00:00	84.28	89.78	77.48	78.98	5910361
24.10.2023 00:00	77.98	88.28	71.2	80.08	9439853
25.10.2023 00:00	81.4	86.78	81.4	84.98	4032611
26.10.2023 00:00	86.28	89.7	80.2	82.78	2863634
27.10.2023 00:00	81.98	83.98	79.28	81.58	995628
30.10.2023 00:00	82.4	83.08	79.28	79.7	799762
31.10.2023 00:00	81.2	81.2	74.98	75.58	1743577
01.11.2023 00:00	75.58	77.7	75.58	76.28	751019
02.11.2023 00:00	76.4	83.78	76.4	80.08	3951407
03.11.2023 00:00	80.08	88.4	79.08	83.48	3287395
06.11.2023 00:00	83.78	84.98	79.48	80.48	1029914
07.11.2023 00:00	80.98	81.08	76.98	78.28	1152439
08.11.2023 00:00	78.58	79.28	75.4	76.98	1080299
09.11.2023 00:00	73.98	75.2	70.2	72.7	2175083
10.11.2023 00:00	72.98	73.7	62.38	62.980000000000004	2674367
13.11.2023 00:00	62.980000000000004	64.48	39.2	39.78	17702839
14.11.2023 00:00	38.980000000000004	39.480000000000004	23.88	28.98	66386387
15.11.2023 00:00	29.48	35.28	26.3	35.28	39153662
16.11.2023 00:00	36.7	38.7	35.88	38.7	15999579
17.11.2023 00:00	41.480000000000004	42.480000000000004	36.7	39.980000000000004	16225876
20.11.2023 00:00	39.2	42.1	34.28	38.1	11359678
21.11.2023 00:00	38.38	40.88	29.1	37.88	41009620
22.11.2023 00:00	39.980000000000004	41.480000000000004	33.88	35.78	19904015
23.11.2023 00:00	32.2	32.2	21.3	22.6	148541205
24.11.2023 00:00	20.48	24.68	20.18	21.3	89380093
27.11.2023 00:00	21.6	23.18	21.18	23.18	33273777
28.11.2023 00:00	25.1	25.38	24.6	25.38	5378060
29.11.2023 00:00	27.88	27.88	27.88	27.88	3127419
30.11.2023 00:00	30.6	30.6	24.3	26.98	148266503
01.12.2023 00:00	27.68	28.38	25.6	26.48	33877560
04.12.2023 00:00	26.3	26.68	23.8	23.88	25189379
05.12.2023 00:00	23.88	26.3	22.18	26.3	45556780
06.12.2023 00:00	26.8	28.18	24.8	26.6	64895523
07.12.2023 00:00	27.18	27.6	25.88	26.3	29066735
08.12.2023 00:00	26.18	26.8	25.48	26.18	10928341
11.12.2023 00:00	26.18	26.18	24.8	24.88	12816798
12.12.2023 00:00	24.88	26.38	24.38	25.48	15414801
13.12.2023 00:00	28.1	31.1	26.68	31.1	61890951
14.12.2023 00:00	31.98	34.1	30.18	31.68	91243830
15.12.2023 00:00	32.1	33.1	30.98	31.88	24375261
18.12.2023 00:00	32.38	34.980000000000004	31.88	34.980000000000004	86045964
19.12.2023 00:00	35.6	38.38	35.2	38.38	48165368
20.12.2023 00:00	39.980000000000004	42.2	39.2	42.2	35391004
21.12.2023 00:00	45.88	46.28	44.6	46.28	16633120
22.12.2023 00:00	50.7	50.78	42.28	45.88	131149702
25.12.2023 00:00	47.38	49.1	41.78	45.1	59929086
26.12.2023 00:00	44.980000000000004	47.38	42.480000000000004	45.1	53296584
27.12.2023 00:00	43.980000000000004	45.980000000000004	40.7	40.980000000000004	29974181
28.12.2023 00:00	41.2	44.88	39.1	40.980000000000004	42471622
29.12.2023 00:00	41.38	42.88	39.980000000000004	41.2	11450429
03.01.2024 00:00	42.28	45.1	41.2	45.1	36943954
04.01.2024 00:00	46.980000000000004	49.28	46.38	47.38	55251987
05.01.2024 00:00	47.6	48.38	45.480000000000004	47.28	23439038
08.01.2024 00:00	47.6	49.7	46.980000000000004	49.480000000000004	25472802
09.01.2024 00:00	49.7	54.38	49.480000000000004	54.38	66529719
10.01.2024 00:00	55.6	59.7	55.480000000000004	59.7	68490180
11.01.2024 00:00	63.7	64.28	55.7	58.88	100124407
12.01.2024 00:00	59.1	62.2	57.2	61.7	48184598
15.01.2024 00:00	62.7	67.7	61.1	67.7	81940641
16.01.2024 00:00	67.98	73.7	62.38	69.7	95690753
17.01.2024 00:00	69.08	72.2	66.48	68.78	44101737
18.01.2024 00:00	69.08	70.2	63.480000000000004	66.7	55278077
19.01.2024 00:00	66.98	69.48	64.48	68.08	41915031
22.01.2024 00:00	68.48	74.08	68.08	72.58	70032763
23.01.2024 00:00	73.2	76.98	72.58	76.08	73570574
24.01.2024 00:00	76.48	77.98	73.48	75.7	44741194
25.01.2024 00:00	75.58	76.28	70.78	73.48	44534447
26.01.2024 00:00	73.28	75.28	71.98	73.28	15194556
29.01.2024 00:00	73.48	74.08	69.98	70.4	23817687
30.01.2024 00:00	70.4	74.58	65.28	71.7	81261706
31.01.2024 00:00	72.08	73.58	70.08	71.7	32117074
01.02.2024 00:00	71.98	72.4	68.7	68.9	24300558
02.02.2024 00:00	68.78	69.9	67.58	68.9	14296573
05.02.2024 00:00	68.98	69.58	66.98	66.98	15659498
06.02.2024 00:00	66.98	71.4	66.4	68.58	44679453
07.02.2024 00:00	68.9	70.08	67.78	68.28	14170202
08.02.2024 00:00	68.28	68.48	66.7	67.2	13122627
09.02.2024 00:00	68.4	70.28	67.4	67.78	23127485
12.02.2024 00:00	68.4	68.9	67.28	68.28	9061874
13.02.2024 00:00	68.48	68.98	64.2	65.9	17299067
14.02.2024 00:00	65.98	65.98	60.38	61.2	31975934
15.02.2024 00:00	61.1	67.2	59.480000000000004	66.28	53045713
16.02.2024 00:00	66.9	67.2	62.6	62.78	24028612
19.02.2024 00:00	62.980000000000004	64.58	61.78	63.1	10712864
20.02.2024 00:00	63.1	63.480000000000004	60.28	60.88	9173473
21.02.2024 00:00	60.28	60.28	54.1	54.78	29897079
22.02.2024 00:00	54.38	59.38	54.28	55.78	23113413
26.02.2024 00:00	57.480000000000004	61.1	56.980000000000004	61.1	29092517
27.02.2024 00:00	62.2	64.78	61.480000000000004	62.38	27216507
28.02.2024 00:00	62.88	62.88	60.2	60.88	10515559
29.02.2024 00:00	60.6	62.1	59.38	59.88	9824971
01.03.2024 00:00	59.88	60.480000000000004	58.28	58.88	7568612
04.03.2024 00:00	59.28	61.480000000000004	59.1	60.6	10311025
05.03.2024 00:00	60.78	61.980000000000004	59.38	60.480000000000004	12233369
06.03.2024 00:00	60.480000000000004	61.2	58.38	59.2	6865055
07.03.2024 00:00	59.480000000000004	60.38	58.980000000000004	59.7	4755874
11.03.2024 00:00	60.7	62.480000000000004	60.1	61.6	21033067
12.03.2024 00:00	61.6	61.7	60.2	60.28	7471423
13.03.2024 00:00	60.480000000000004	60.78	59.1	59.980000000000004	4605920
14.03.2024 00:00	59.88	60.38	57.2	58.2	9603578
15.03.2024 00:00	58.480000000000004	60.28	57.980000000000004	59.28	6379106
18.03.2024 00:00	59.38	60.2	58.7	59.480000000000004	4819355
19.03.2024 00:00	59.38	59.480000000000004	57.2	57.78	8391118
20.03.2024 00:00	57.78	58.28	54.980000000000004	56.480000000000004	8777186
21.03.2024 00:00	56.480000000000004	58.2	55.78	56.7	7235655
22.03.2024 00:00	56.78	57.2	53.2	55.2	6768913
25.03.2024 00:00	54.980000000000004	57.78	54.480000000000004	56.6	11738781
26.03.2024 00:00	56.88	56.980000000000004	55.88	56.28	3958552
27.03.2024 00:00	56.38	56.38	54.980000000000004	56.1	3337443
28.03.2024 00:00	55.980000000000004	56.2	54.980000000000004	55.38	2952914
29.03.2024 00:00	55.38	55.38	54.1	54.6	3438072
01.04.2024 00:00	54.7	56.480000000000004	54.1	56.28	7573109
02.04.2024 00:00	56.480000000000004	58.78	55.28	58.78	14782489
03.04.2024 00:00	58.980000000000004	59.88	57.1	58.480000000000004	8836793
04.04.2024 00:00	58.78	58.88	57.2	57.6	3665021
05.04.2024 00:00	57.38	57.480000000000004	55.980000000000004	56.88	3975203
08.04.2024 00:00	57.28	58.480000000000004	56.1	57.38	6841131
09.04.2024 00:00	57.38	57.38	56.2	56.480000000000004	2994105
10.04.2024 00:00	56.7	56.7	55.38	55.980000000000004	2746605
11.04.2024 00:00	56.1	56.2	55.480000000000004	55.6	1667827
12.04.2024 00:00	55.78	56.7	55.2	55.78	3563524
15.04.2024 00:00	55.78	56.28	55.38	56.1	3222439
16.04.2024 00:00	56.28	56.38	55.38	55.6	2187265
17.04.2024 00:00	55.7	55.7	54.980000000000004	55.1	1966862
18.04.2024 00:00	55.1	55.28	54.6	54.88	1923054
19.04.2024 00:00	55.1	57.480000000000004	54.88	55.980000000000004	10786356
22.04.2024 00:00	56.480000000000004	56.7	55.480000000000004	55.7	3125588
23.04.2024 00:00	55.7	56.2	54.7	55.28	3868659
24.04.2024 00:00	55.28	55.38	54.2	54.980000000000004	3017271
25.04.2024 00:00	55.28	55.480000000000004	54.2	54.7	3807275
26.04.2024 00:00	54.6	54.6	50.980000000000004	52.7	5067301
27.04.2024 00:00	52.88	52.980000000000004	51.2	52.2	5091006
29.04.2024 00:00	52.38	56.28	50.6	54.78	13424573
30.04.2024 00:00	54.78	54.88	53.1	53.88	3151221
02.05.2024 00:00	53.88	61.480000000000004	52.56	60.28	51116705
03.05.2024 00:00	60.84	60.88	55.24	56.1	18304932
06.05.2024 00:00	56.74	56.88	54.06	54.6	9082563
07.05.2024 00:00	54.78	55.64	54.34	54.88	4330246
08.05.2024 00:00	54.88	54.94	53.6	54.1	4055018
10.05.2024 00:00	53.980000000000004	54.38	53.34	53.7	2153929
13.05.2024 00:00	53.980000000000004	54.56	53.1	53.38	3810270
14.05.2024 00:00	53.1	53.44	52.56	53.1	3464692
15.05.2024 00:00	53.24	53.24	51.6	52.7	2860559
16.05.2024 00:00	52.7	52.74	51.480000000000004	51.94	3235976
17.05.2024 00:00	51.88	54.44	51.28	51.7	8553589
20.05.2024 00:00	51.88	53.2	51.24	51.38	6156592
21.05.2024 00:00	51.38	51.980000000000004	50.14	50.64	3532132
22.05.2024 00:00	50.78	51.78	50.6	50.64	2055532
23.05.2024 00:00	50.74	51.38	50.14	50.28	2315206
24.05.2024 00:00	50.28	50.78	46.1	46.94	9738163
27.05.2024 00:00	47.7	47.84	42.34	43.06	13747312
28.05.2024 00:00	43.2	46.38	41.34	43.74	12418398
29.05.2024 00:00	43.74	44.14	42.6	43.64	3774975
30.05.2024 00:00	43.980000000000004	44.64	40.84	41.38	4902354
31.05.2024 00:00	41.38	42.38	37.7	40.78	9972171
03.06.2024 00:00	40.980000000000004	42.480000000000004	37.88	41.44	14214482
04.06.2024 00:00	41.480000000000004	45.480000000000004	40.6	44.980000000000004	16637147
05.06.2024 00:00	44.94	45.980000000000004	43.2	43.84	9121321
06.06.2024 00:00	44.24	44.28	42.28	42.84	4530161
07.06.2024 00:00	42.480000000000004	45.64	42.480000000000004	44.980000000000004	8995734
10.06.2024 00:00	45.78	48.6	43.980000000000004	46.2	14778934
11.06.2024 00:00	45.980000000000004	46.34	43.38	44.7	7509614
13.06.2024 00:00	42.28	45.1	39.980000000000004	44.78	6798683
14.06.2024 00:00	44.78	46.1	44.34	44.74	3933365
17.06.2024 00:00	44.84	45.34	43.38	43.78	3826205
18.06.2024 00:00	43.84	44.28	41.7	42.24	4621425
19.06.2024 00:00	42.28	42.980000000000004	39.480000000000004	40.38	9725206
20.06.2024 00:00	40.38	42.24	39.96	41.56	7361825
21.06.2024 00:00	41.56	42.44	41.1	41.38	2605716
24.06.2024 00:00	41.28	42.6	41.1	41.56	3802641
25.06.2024 00:00	41.480000000000004	41.78	40.78	41.34	2879534
26.06.2024 00:00	41.34	42.64	41.28	41.78	3880075
27.06.2024 00:00	41.94	43.84	41.24	42.980000000000004	5416625
28.06.2024 00:00	43.14	44.6	42.6	43.1	4550689
01.07.2024 00:00	43.28	43.88	42.78	43.74	2812890
02.07.2024 00:00	43.74	44.44	43.1	43.28	3410031
03.07.2024 00:00	43.34	43.7	41.88	42.38	3215224
04.07.2024 00:00	42.38	43.28	41.24	41.480000000000004	2837248
05.07.2024 00:00	41.480000000000004	41.88	40.74	41.2	1960428
08.07.2024 00:00	41.24	41.88	40.2	40.6	3723777
09.07.2024 00:00	40.7	40.74	37.980000000000004	38.78	7792610
10.07.2024 00:00	38.7	39.1	35.06	35.24	11691012
11.07.2024 00:00	35.2	38.88	35.1	38.88	7247208
12.07.2024 00:00	39.2	40.46	38.14	38.96	8187058
15.07.2024 00:00	39.34	39.88	37.24	37.56	6233047
16.07.2024 00:00	37.78	38.96	36.14	38.34	10167634
17.07.2024 00:00	38.7	39.78	37.78	37.980000000000004	5588581
18.07.2024 00:00	37.980000000000004	38.74	37.7	38.46	2755974
19.07.2024 00:00	38.480000000000004	39.34	38.28	38.64	5337717
22.07.2024 00:00	38.980000000000004	40.38	38.56	39.7	5886563
23.07.2024 00:00	39.74	44.34	39.7	43.94	26093728
24.07.2024 00:00	43.980000000000004	43.980000000000004	41.7	41.84	7767829
25.07.2024 00:00	41.94	42.38	41.06	41.34	5422334
26.07.2024 00:00	41.38	42.38	39.78	40.64	6362280
29.07.2024 00:00	40.64	40.84	39.2	40.74	3467503
30.07.2024 00:00	40.7	42.94	40.64	42.06	6284404
31.07.2024 00:00	42.2	42.28	40.6	41.7	2844980
01.08.2024 00:00	41.7	42.24	40.980000000000004	41.06	2318945
02.08.2024 00:00	41.06	41.44	40.2	40.28	2294577
05.08.2024 00:00	40.1	40.2	38.64	39.14	3293411
06.08.2024 00:00	39.480000000000004	40.74	39.28	39.980000000000004	3148643
07.08.2024 00:00	40.480000000000004	40.78	39.2	40.28	3224584
08.08.2024 00:00	40.46	41.14	40.1	40.28	3874571
09.08.2024 00:00	40.28	40.88	40.2	40.480000000000004	1121902
12.08.2024 00:00	40.38	40.78	39.56	40.7	2654634
13.08.2024 00:00	40.74	42.6	40.56	42.14	5922763
14.08.2024 00:00	42.44	42.56	40.7	41.06	4165486
15.08.2024 00:00	41.06	41.78	40.84	40.96	2563166
16.08.2024 00:00	40.88	41.06	40.06	40.28	2014220
19.08.2024 00:00	40.480000000000004	40.7	39.56	39.980000000000004	3124171
20.08.2024 00:00	39.980000000000004	40.6	39.56	39.96	2593690
21.08.2024 00:00	39.78	40.28	39.480000000000004	39.74	1967653
22.08.2024 00:00	39.84	40.24	37.6	37.96	3865471
23.08.2024 00:00	37.96	38.74	35.6	37.7	4561423
26.08.2024 00:00	38.480000000000004	39.2	37.74	38.980000000000004	3902285
27.08.2024 00:00	39.1	39.2	37.480000000000004	37.78	2121622
28.08.2024 00:00	37.78	37.78	36.24	37.38	4685252
29.08.2024 00:00	37.38	44.28	36.6	43.14	17673233
30.08.2024 00:00	42.94	47.34	42.6	44.7	27819028
02.09.2024 00:00	46.480000000000004	46.980000000000004	40.980000000000004	42.2	12517527
03.09.2024 00:00	42.480000000000004	42.88	39.84	40.88	8561205
04.09.2024 00:00	40.980000000000004	43.84	38.74	41.94	11205227
05.09.2024 00:00	42.480000000000004	43.06	40.74	41.1	6553259
06.09.2024 00:00	41.88	44.38	41.44	43.56	9193974
09.09.2024 00:00	43.980000000000004	45.56	43.6	45.14	8490812
10.09.2024 00:00	45.38	45.7	43.14	43.6	8496011
11.09.2024 00:00	43.6	44.2	42.14	42.24	4196660
12.09.2024 00:00	42.1	42.38	40.980000000000004	41.74	3537348
13.09.2024 00:00	41.88	43.64	41.2	43.14	6751611
16.09.2024 00:00	44.1	52.78	44.06	52.2	71082245
17.09.2024 00:00	53.1	53.6	49.1	51.88	33571528
18.09.2024 00:00	51.980000000000004	55.44	51.1	54.14	36050701
19.09.2024 00:00	54.56	55.78	51.7	52.28	17952488
20.09.2024 00:00	52.74	54.24	52.06	52.78	10518197
23.09.2024 00:00	53.56	53.980000000000004	52.6	53.74	8733399
24.09.2024 00:00	54.1	54.74	51.7	52.980000000000004	7919232
25.09.2024 00:00	52.94	53.6	50.64	51.1	10719464
26.09.2024 00:00	50.78	50.78	48.980000000000004	49.74	7773675
27.09.2024 00:00	49.980000000000004	54.28	49.84	53.7	23333863
30.09.2024 00:00	54.44	56.480000000000004	53.44	53.88	28317951
01.10.2024 00:00	53.6	54.78	52.24	52.64	12173305
02.10.2024 00:00	52.84	54.6	51.44	52.24	12455565
03.10.2024 00:00	52.64	53.24	50.64	52.38	7426206
04.10.2024 00:00	52.7	53.980000000000004	51.78	52.74	7319155
07.10.2024 00:00	53.480000000000004	58.14	53.28	58.14	49978500
08.10.2024 00:00	58.94	61.940000000000005	56.1	58.1	58166457
09.10.2024 00:00	58.44	60.78	56.480000000000004	58.64	31697544
10.10.2024 00:00	58.94	60.44	57.44	58.38	12088628
11.10.2024 00:00	58.480000000000004	60.7	58.14	59.78	24612708
14.10.2024 00:00	60.56	63.64	59.28	62.7	47662819
15.10.2024 00:00	63.1	65.34	62.28	63.440000000000005	34833347
16.10.2024 00:00	63.6	64.4	58.56	59.84	30835290
17.10.2024 00:00	59.7	61.78	57.64	58.24	17170451
18.10.2024 00:00	58.1	59.06	54.7	56.74	21148789
21.10.2024 00:00	56.34	58.480000000000004	55.24	57.24	13793812
22.10.2024 00:00	57.44	57.64	55.06	55.24	9490716
23.10.2024 00:00	54.94	54.94	50.14	51.7	23626406
24.10.2024 00:00	51.88	54.14	50.34	52.6	15581577
25.10.2024 00:00	52.6	54.78	50.24	51.38	15196746
28.10.2024 00:00	50.7	55.94	49.2	55.14	38743083
29.10.2024 00:00	55.28	56.980000000000004	53.24	54.980000000000004	19717735
30.10.2024 00:00	55.480000000000004	57.78	55.14	56.88	27132015
31.10.2024 00:00	57.14	57.38	53.24	53.980000000000004	17625437
01.11.2024 00:00	54.06	54.980000000000004	52.28	54.14	9063846
02.11.2024 00:00	54.2	54.6	53.24	53.84	3104995
05.11.2024 00:00	53.980000000000004	55.24	53.24	53.980000000000004	5072085
06.11.2024 00:00	54.64	56.1	53.980000000000004	55.2	11908402
07.11.2024 00:00	55.2	56.38	53.6	56.38	7668318
08.11.2024 00:00	56.88	58.1	55.78	57.56	19911390
11.11.2024 00:00	58.980000000000004	60.28	57.78	58.38	16812048
12.11.2024 00:00	58.6	59.34	57.44	58.24	11970974
13.11.2024 00:00	58.1	59.28	57.6	57.74	9223887
14.11.2024 00:00	57.88	58.6	56.34	56.88	6580114
15.11.2024 00:00	56.88	57.64	56.44	57.480000000000004	5073445
18.11.2024 00:00	55.84	57.06	55.06	55.34	6844745
19.11.2024 00:00	55.34	55.74	51.6	52.64	12420932
20.11.2024 00:00	53.38	53.44	50.14	51.1	7559825
21.11.2024 00:00	51.2	54.480000000000004	49.2	54.2	17039800
22.11.2024 00:00	54.34	54.84	51.64	51.94	8334975
25.11.2024 00:00	51.84	52.44	49.06	49.6	10474983
26.11.2024 00:00	49.480000000000004	49.480000000000004	44.28	45.64	21869663
27.11.2024 00:00	45.74	49.56	41.14	48.84	36534301
28.11.2024 00:00	48.44	49.88	46.1	47.28	17830103
29.11.2024 00:00	47.28	48.64	46.64	47.78	7214434
02.12.2024 00:00	47.980000000000004	50.24	47.980000000000004	48.94	13630183
03.12.2024 00:00	49.1	49.1	46.24	46.980000000000004	9397105
04.12.2024 00:00	46.94	48.2	45.06	45.38	10331253
05.12.2024 00:00	45.64	47.44	44.06	46.84	13070591
06.12.2024 00:00	46.94	47.2	45.78	46.6	7110305
09.12.2024 00:00	47.2	48.6	47.1	47.88	7539444
10.12.2024 00:00	47.78	47.78	45.78	45.980000000000004	4915082
11.12.2024 00:00	45.94	46.74	45.2	46.6	4928411
12.12.2024 00:00	46.6	46.88	44.980000000000004	45.6	3331411
13.12.2024 00:00	45.34	45.74	44.1	44.980000000000004	3798079
16.12.2024 00:00	44.980000000000004	44.980000000000004	42.74	43.14	6091568
17.12.2024 00:00	43.06	44.38	42.84	43.980000000000004	4300621
18.12.2024 00:00	44.34	46.24	43.94	46.06	9779845
19.12.2024 00:00	46.14	46.94	45.2	45.64	6771599
20.12.2024 00:00	45.84	52.2	45.44	52.06	20787767
23.12.2024 00:00	53.980000000000004	54.44	51.06	52.480000000000004	16288335
24.12.2024 00:00	52.2	52.28	50.28	50.6	7486484
25.12.2024 00:00	50.56	52.1	49.64	50.78	11239986
26.12.2024 00:00	50.980000000000004	51.6	50.2	50.480000000000004	7005061
27.12.2024 00:00	50.44	50.7	45.74	46.34	38536229
28.12.2024 00:00	46.6	46.78	44.34	45.6	15367920
30.12.2024 00:00	46.24	47.28	45.78	46.88	10338689
03.01.2025 00:00	47.84	48.480000000000004	46.44	47.1	6553776
06.01.2025 00:00	46.94	47.480000000000004	46.24	47.24	4034219
08.01.2025 00:00	47.34	48.980000000000004	46.78	48.44	13697727
09.01.2025 00:00	48.38	48.980000000000004	46.44	46.74	6584831
10.01.2025 00:00	46.94	47.38	45.78	46.94	8696339
13.01.2025 00:00	47.64	48.28	46.88	47.06	9772957
14.01.2025 00:00	47.1	47.78	46.38	46.94	4076551
15.01.2025 00:00	46.94	47.94	46.34	47.78	5880739
16.01.2025 00:00	47.84	48.14	47.06	47.480000000000004	9431925
17.01.2025 00:00	47.38	49.88	47.14	48.84	17248918
20.01.2025 00:00	49.34	50.74	47.24	48.24	16847060
21.01.2025 00:00	48.14	48.44	47.34	48.1	4406913
22.01.2025 00:00	48.1	49.24	47.64	47.88	8985292
23.01.2025 00:00	47.88	48.2	47.14	48.1	4038746
24.01.2025 00:00	47.980000000000004	48.6	47.480000000000004	47.88	6603146
27.01.2025 00:00	48.06	48.14	47.2	47.480000000000004	3724967
28.01.2025 00:00	47.7	49.84	46.44	49.6	15525465
29.01.2025 00:00	49.56	49.74	48.480000000000004	48.84	7930671
30.01.2025 00:00	48.980000000000004	50.2	48.64	49.2	12261376
31.01.2025 00:00	49.28	49.56	47.44	48.06	9009204
03.02.2025 00:00	47.800000000000004	48.02	47.02	47.84	3721172
04.02.2025 00:00	47.88	48.34	47.2	47.56	2573256
05.02.2025 00:00	47.38	48.160000000000004	46.6	47.88	4336453
06.02.2025 00:00	47.92	48.78	47.480000000000004	47.74	4185244
07.02.2025 00:00	48.1	48.1	47.06	47.300000000000004	2968382
10.02.2025 00:00	47.980000000000004	48.06	46.7	46.92	4152102
11.02.2025 00:00	47.2	47.78	46.980000000000004	47.34	4687372
12.02.2025 00:00	47.56	49.46	47.28	48.78	21357777
13.02.2025 00:00	49.28	49.38	48.02	48.28	6511610
14.02.2025 00:00	48.78	49.660000000000004	47.42	47.980000000000004	10761702
17.02.2025 00:00	48.800000000000004	52.34	48.480000000000004	52.06	42419910
18.02.2025 00:00	51.28	51.28	47.42	49.38	14672953
19.02.2025 00:00	49.7	50.980000000000004	49.06	50.7	9024678
20.02.2025 00:00	50.96	52.24	49.7	50.02	12910719
21.02.2025 00:00	50.44	51.2	49.74	50.6	5156908
24.02.2025 00:00	51.1	51.980000000000004	50.56	51.78	8196531
25.02.2025 00:00	51.980000000000004	57.88	51.78	57.78	74126454
26.02.2025 00:00	57.78	61.38	54.980000000000004	55.38	64664232
27.02.2025 00:00	55.92	61.660000000000004	55.78	58.38	90447257
28.02.2025 00:00	58.84	61.38	58.1	59.480000000000004	61570754
03.03.2025 00:00	58.980000000000004	59.26	56.1	57.2	23187561
04.03.2025 00:00	58.2	60.34	57.480000000000004	58.300000000000004	26054929
05.03.2025 00:00	57.92	59.24	56.980000000000004	57.24	12652297
06.03.2025 00:00	57.46	58.02	55.06	56.480000000000004	9527475
07.03.2025 00:00	56.88	57.980000000000004	55.02	56.02	9718923
10.03.2025 00:00	56.34	56.84	55.38	55.7	4007523
11.03.2025 00:00	55.480000000000004	56.06	55.02	55.24	6490260
12.03.2025 00:00	55.2	55.74	53.480000000000004	53.6	7235340
13.03.2025 00:00	53.120000000000005	55.24	52.34	55.06	11895323
14.03.2025 00:00	54.6	56.24	53.88	55.74	9807008
17.03.2025 00:00	56.6	57.26	55.7	56.44	6742525
18.03.2025 00:00	56.620000000000005	56.74	54.88	55.46	7247082
19.03.2025 00:00	55.28	56.2	54.38	55.980000000000004	5063678
20.03.2025 00:00	56.94	56.94	54.52	55.42	5136514
21.03.2025 00:00	55.2	55.96	54.78	55.02	4153501
24.03.2025 00:00	55.02	55.42	53.2	53.46	3675412
25.03.2025 00:00	53.480000000000004	54.980000000000004	53.34	54.02	3540790
26.03.2025 00:00	54.1	54.480000000000004	52.660000000000004	52.96	3712191
27.03.2025 00:00	52.96	52.96	50.84	50.980000000000004	5728532
28.03.2025 00:00	50.14	51.38	49.06	49.24	6724232
31.03.2025 00:00	48.1	50.480000000000004	44.78	47.64	17642357
01.04.2025 00:00	47.34	49.38	46.42	46.800000000000004	9417717
02.04.2025 00:00	46.800000000000004	48.34	46.660000000000004	47.38	5346908
03.04.2025 00:00	47.6	49.120000000000005	45.64	46.78	9406139
04.04.2025 00:00	46.84	47.300000000000004	43.1	43.52	12713561
07.04.2025 00:00	43.12	43.38	39.42	42.06	12929199
08.04.2025 00:00	42.12	43.84	40.2	40.28	5398782
09.04.2025 00:00	40.6	42.74	37.1	42.74	14397390
10.04.2025 00:00	42.74	43.78	41.160000000000004	42.34	5859578
11.04.2025 00:00	42.34	43.88	41.96	43.56	7239098
14.04.2025 00:00	44.2	44.84	42.480000000000004	42.660000000000004	4079582
15.04.2025 00:00	42.78	43.480000000000004	42.480000000000004	43.2	1804237
16.04.2025 00:00	43.28	43.7	41.84	42.88	3663323
17.04.2025 00:00	42.78	43.6	42.78	43.34	3328023
18.04.2025 00:00	42.96	43.38	42.6	42.84	2117712
21.04.2025 00:00	42.88	43.78	42.7	43.6	2579202
22.04.2025 00:00	43.6	45.42	43.6	44.660000000000004	9546008
23.04.2025 00:00	44.660000000000004	45.06	43.1	43.800000000000004	4667365
24.04.2025 00:00	44.02	45.28	43.7	44.14	6686679
25.04.2025 00:00	44.14	45.480000000000004	43.88	44.84	6580735
28.04.2025 00:00	45.02	48.94	43.52	44.02	13045974
29.04.2025 00:00	44.1	44.480000000000004	41.480000000000004	42.06	5952277
30.04.2025 00:00	42.06	42.2	40.6	41.38	2402705
02.05.2025 00:00	41.42	41.74	40.28	40.6	3251853
05.05.2025 00:00	40.52	41.24	39.24	40.38	5705201
06.05.2025 00:00	40.6	41.56	39.980000000000004	41.02	2870207
07.05.2025 00:00	41.24	41.84	40.6	40.88	2520374
08.05.2025 00:00	41.06	41.74	40.84	41.34	2692991
12.05.2025 00:00	41.7	43.12	41.62	42.56	3785406
13.05.2025 00:00	42.64	43.28	41.74	41.980000000000004	3090395
14.05.2025 00:00	42.12	42.52	40.300000000000004	40.38	2209407
15.05.2025 00:00	40.38	41.78	40.38	41.480000000000004	1857672
16.05.2025 00:00	41.74	41.94	40.480000000000004	41.02	1846715
19.05.2025 00:00	42.38	42.38	40.88	41.160000000000004	2424492
20.05.2025 00:00	41.2	41.34	40.1	40.52	2273232
21.05.2025 00:00	40.52	40.88	39.800000000000004	40.12	1432115
22.05.2025 00:00	40.12	40.34	39.02	39.24	3770916
