datetime	open	high	low	close	volume
07.03.2018 00:00	0.325	0.325	0.325	0.325	10
09.03.2018 00:00	0.325	0.325	0.325	0.325	1
12.03.2018 00:00	0.325	0.325	0.325	0.325	3
13.03.2018 00:00	0.325	0.325	0.3	0.325	44
14.03.2018 00:00	0.32	0.325	0.32	0.325	2
15.03.2018 00:00	0.325	0.325	0.325	0.325	81
16.03.2018 00:00	0.325	0.325	0.325	0.325	6
19.03.2018 00:00	0.33	0.33	0.325	0.33	7
20.03.2018 00:00	0.33	0.33	0.325	0.33	8
21.03.2018 00:00	0.325	0.325	0.32	0.32	34
22.03.2018 00:00	0.32	0.32	0.295	0.3	489
23.03.2018 00:00	0.3	0.3	0.295	0.3	85
26.03.2018 00:00	0.295	0.3	0.295	0.295	220
27.03.2018 00:00	0.295	0.3	0.295	0.3	159
28.03.2018 00:00	0.3	0.3	0.295	0.295	7
29.03.2018 00:00	0.295	0.305	0.295	0.3	64
30.03.2018 00:00	0.3	0.305	0.295	0.3	114
02.04.2018 00:00	0.305	0.305	0.295	0.3	36
03.04.2018 00:00	0.3	0.3	0.28500000000000003	0.3	15
04.04.2018 00:00	0.295	0.295	0.28	0.28	2943
05.04.2018 00:00	0.28	0.28500000000000003	0.275	0.28500000000000003	703
06.04.2018 00:00	0.28	0.28500000000000003	0.28	0.28500000000000003	310
09.04.2018 00:00	0.28	0.28	0.24	0.26	1223
10.04.2018 00:00	0.27	0.27	0.245	0.25	1092
11.04.2018 00:00	0.26	0.265	0.245	0.265	1851
12.04.2018 00:00	0.26	0.265	0.25	0.26	293
13.04.2018 00:00	0.26	0.265	0.26	0.265	59
16.04.2018 00:00	0.25	0.28	0.25	0.27	13
17.04.2018 00:00	0.27	0.28	0.265	0.275	52
18.04.2018 00:00	0.28	0.28	0.265	0.27	176
19.04.2018 00:00	0.27	0.28	0.265	0.27	104
20.04.2018 00:00	0.27	0.275	0.27	0.275	62
24.04.2018 00:00	0.28	0.28	0.265	0.275	119
25.04.2018 00:00	0.27	0.27	0.27	0.27	130
26.04.2018 00:00	0.27	0.275	0.27	0.27	100
27.04.2018 00:00	0.27	0.28	0.27	0.275	149
28.04.2018 00:00	0.275	0.28	0.27	0.28	56
30.04.2018 00:00	0.28	0.28	0.275	0.275	3
02.05.2018 00:00	0.28	0.28	0.28	0.28	19
03.05.2018 00:00	0.28	0.28	0.27	0.275	180
04.05.2018 00:00	0.275	0.28	0.275	0.28	138
07.05.2018 00:00	0.28	0.28	0.28	0.28	11
08.05.2018 00:00	0.28	0.28	0.275	0.28	29
10.05.2018 00:00	0.27	0.28500000000000003	0.27	0.28	12
11.05.2018 00:00	0.275	0.28	0.27	0.275	163
14.05.2018 00:00	0.28500000000000003	0.28500000000000003	0.28	0.28	83
15.05.2018 00:00	0.28	0.28	0.275	0.28	214
16.05.2018 00:00	0.28	0.28	0.26	0.275	295
17.05.2018 00:00	0.275	0.275	0.245	0.25	9004
18.05.2018 00:00	0.25	0.25	0.245	0.245	711
21.05.2018 00:00	0.245	0.25	0.245	0.245	18
22.05.2018 00:00	0.245	0.25	0.23500000000000001	0.25	576
23.05.2018 00:00	0.245	0.27	0.245	0.245	213
24.05.2018 00:00	0.245	0.26	0.245	0.245	301
25.05.2018 00:00	0.245	0.27	0.245	0.26	231
28.05.2018 00:00	0.26	0.26	0.25	0.26	9
29.05.2018 00:00	0.26	0.26	0.24	0.245	738
30.05.2018 00:00	0.245	0.26	0.24	0.25	81
31.05.2018 00:00	0.245	0.26	0.245	0.25	88
01.06.2018 00:00	0.26	0.26	0.245	0.25	373
04.06.2018 00:00	0.25	0.25	0.25	0.25	61
05.06.2018 00:00	0.25	0.25	0.245	0.25	172
06.06.2018 00:00	0.25	0.25	0.245	0.25	236
07.06.2018 00:00	0.25	0.25	0.25	0.25	73
08.06.2018 00:00	0.25	0.26	0.25	0.25	184
09.06.2018 00:00	0.25	0.26	0.25	0.26	236
11.06.2018 00:00	0.26	0.26	0.25	0.26	42
13.06.2018 00:00	0.26	0.26	0.25	0.25	187
14.06.2018 00:00	0.25	0.25	0.245	0.25	114
15.06.2018 00:00	0.25	0.25	0.245	0.245	55
18.06.2018 00:00	0.25	0.25	0.23500000000000001	0.245	176
19.06.2018 00:00	0.25	0.25	0.24	0.245	47
20.06.2018 00:00	0.25	0.25	0.245	0.25	58
21.06.2018 00:00	0.25	0.25	0.245	0.25	74
22.06.2018 00:00	0.26	0.26	0.24	0.25	286
25.06.2018 00:00	0.25	0.26	0.245	0.25	360
26.06.2018 00:00	0.25	0.26	0.25	0.26	403
27.06.2018 00:00	0.25	0.26	0.25	0.26	1241
28.06.2018 00:00	0.23500000000000001	0.24	0.23	0.23	567
29.06.2018 00:00	0.23500000000000001	0.23500000000000001	0.23500000000000001	0.23500000000000001	94
02.07.2018 00:00	0.23500000000000001	0.23500000000000001	0.23500000000000001	0.23500000000000001	99
03.07.2018 00:00	0.23500000000000001	0.23500000000000001	0.23	0.23500000000000001	333
04.07.2018 00:00	0.23	0.23500000000000001	0.23	0.23	171
05.07.2018 00:00	0.23	0.23500000000000001	0.23	0.23	28
06.07.2018 00:00	0.23500000000000001	0.23500000000000001	0.23	0.23	69
09.07.2018 00:00	0.23500000000000001	0.23500000000000001	0.23500000000000001	0.23500000000000001	44
10.07.2018 00:00	0.24	0.24	0.23	0.23500000000000001	52
11.07.2018 00:00	0.23500000000000001	0.23500000000000001	0.23	0.23500000000000001	4
12.07.2018 00:00	0.23500000000000001	0.23500000000000001	0.23500000000000001	0.23500000000000001	137
13.07.2018 00:00	0.23500000000000001	0.23500000000000001	0.23500000000000001	0.23500000000000001	119
16.07.2018 00:00	0.23500000000000001	0.23500000000000001	0.23500000000000001	0.23500000000000001	22
17.07.2018 00:00	0.23500000000000001	0.23500000000000001	0.23	0.23500000000000001	178
18.07.2018 00:00	0.23	0.23500000000000001	0.23	0.23	29
19.07.2018 00:00	0.23500000000000001	0.24	0.23	0.23500000000000001	1121
20.07.2018 00:00	0.23500000000000001	0.23500000000000001	0.23500000000000001	0.23500000000000001	219
23.07.2018 00:00	0.23500000000000001	0.23500000000000001	0.23500000000000001	0.23500000000000001	46
24.07.2018 00:00	0.23500000000000001	0.23500000000000001	0.23500000000000001	0.23500000000000001	22
25.07.2018 00:00	0.23500000000000001	0.24	0.23500000000000001	0.23500000000000001	48
26.07.2018 00:00	0.23500000000000001	0.24	0.23500000000000001	0.23500000000000001	78
27.07.2018 00:00	0.23500000000000001	0.23500000000000001	0.23500000000000001	0.23500000000000001	8
30.07.2018 00:00	0.23500000000000001	0.23500000000000001	0.23500000000000001	0.23500000000000001	24
31.07.2018 00:00	0.23500000000000001	0.23500000000000001	0.23500000000000001	0.23500000000000001	370
01.08.2018 00:00	0.23500000000000001	0.23500000000000001	0.23500000000000001	0.23500000000000001	20
02.08.2018 00:00	0.23500000000000001	0.23500000000000001	0.23500000000000001	0.23500000000000001	86
03.08.2018 00:00	0.23500000000000001	0.245	0.23500000000000001	0.24	470
06.08.2018 00:00	0.245	0.25	0.215	0.245	199
07.08.2018 00:00	0.2	0.27	0.2	0.25	497
08.08.2018 00:00	0.25	0.25	0.23500000000000001	0.24	20
09.08.2018 00:00	0.23500000000000001	0.25	0.23500000000000001	0.245	149
10.08.2018 00:00	0.23500000000000001	0.245	0.23500000000000001	0.245	16
13.08.2018 00:00	0.23	0.245	0.23	0.24	84
14.08.2018 00:00	0.24	0.24	0.23	0.24	1551
15.08.2018 00:00	0.24	0.245	0.23500000000000001	0.24	95
16.08.2018 00:00	0.24	0.24	0.24	0.24	15
17.08.2018 00:00	0.24	0.24	0.23500000000000001	0.23500000000000001	455
20.08.2018 00:00	0.24	0.245	0.23500000000000001	0.24	100
21.08.2018 00:00	0.23500000000000001	0.24	0.23500000000000001	0.24	28
22.08.2018 00:00	0.24	0.245	0.23500000000000001	0.24	208
23.08.2018 00:00	0.24	0.24	0.24	0.24	10
24.08.2018 00:00	0.24	0.24	0.24	0.24	73
27.08.2018 00:00	0.24	0.245	0.23500000000000001	0.245	76
28.08.2018 00:00	0.24	0.24	0.23500000000000001	0.24	5
29.08.2018 00:00	0.23500000000000001	0.24	0.23500000000000001	0.24	2
30.08.2018 00:00	0.24	0.24	0.24	0.24	53
31.08.2018 00:00	0.24	0.245	0.24	0.245	6
03.09.2018 00:00	0.245	0.245	0.24	0.245	18
04.09.2018 00:00	0.245	0.245	0.23500000000000001	0.24	45
05.09.2018 00:00	0.24	0.245	0.23500000000000001	0.24	48
06.09.2018 00:00	0.245	0.245	0.24	0.24	52
07.09.2018 00:00	0.23500000000000001	0.245	0.23500000000000001	0.24	139
10.09.2018 00:00	0.23	0.24	0.23	0.24	48
11.09.2018 00:00	0.23500000000000001	0.24	0.23	0.24	113
12.09.2018 00:00	0.24	0.245	0.24	0.24	145
13.09.2018 00:00	0.24	0.24	0.24	0.24	2
14.09.2018 00:00	0.24	0.245	0.24	0.245	70
17.09.2018 00:00	0.245	0.245	0.24	0.245	92
18.09.2018 00:00	0.245	0.25	0.24	0.245	142
19.09.2018 00:00	0.24	0.245	0.24	0.24	89
20.09.2018 00:00	0.24	0.245	0.24	0.24	190
21.09.2018 00:00	0.24	0.24	0.24	0.24	39
24.09.2018 00:00	0.24	0.24	0.23500000000000001	0.23500000000000001	132
25.09.2018 00:00	0.23500000000000001	0.24	0.23500000000000001	0.23500000000000001	58
26.09.2018 00:00	0.23500000000000001	0.245	0.23	0.23500000000000001	867
27.09.2018 00:00	0.23500000000000001	0.23500000000000001	0.23500000000000001	0.23500000000000001	28
28.09.2018 00:00	0.24	0.245	0.24	0.245	42
01.10.2018 00:00	0.23	0.27	0.23	0.265	1351
02.10.2018 00:00	0.265	0.27	0.26	0.26	17
03.10.2018 00:00	0.26	0.265	0.26	0.26	71
04.10.2018 00:00	0.265	0.265	0.26	0.26	86
05.10.2018 00:00	0.27	0.27	0.245	0.26	195
08.10.2018 00:00	0.24	0.25	0.23500000000000001	0.25	33
09.10.2018 00:00	0.25	0.25	0.24	0.245	147
10.10.2018 00:00	0.245	0.245	0.24	0.245	165
11.10.2018 00:00	0.24	0.245	0.23500000000000001	0.24	28
12.10.2018 00:00	0.24	0.245	0.23500000000000001	0.24	57
15.10.2018 00:00	0.245	0.25	0.24	0.245	103
16.10.2018 00:00	0.245	0.245	0.245	0.245	9
17.10.2018 00:00	0.245	0.26	0.245	0.25	86
18.10.2018 00:00	0.245	0.26	0.245	0.25	86
19.10.2018 00:00	0.26	0.26	0.25	0.25	26
22.10.2018 00:00	0.245	0.25	0.245	0.25	26
23.10.2018 00:00	0.245	0.26	0.245	0.25	85
24.10.2018 00:00	0.25	0.25	0.245	0.25	42
25.10.2018 00:00	0.26	0.26	0.25	0.25	45
26.10.2018 00:00	0.24	0.25	0.23500000000000001	0.245	417
29.10.2018 00:00	0.245	0.245	0.23500000000000001	0.245	41
30.10.2018 00:00	0.23500000000000001	0.24	0.23500000000000001	0.24	60
31.10.2018 00:00	0.24	0.245	0.24	0.245	107
01.11.2018 00:00	0.245	0.245	0.245	0.245	48
02.11.2018 00:00	0.245	0.25	0.245	0.245	168
06.11.2018 00:00	0.245	0.25	0.245	0.25	305
07.11.2018 00:00	0.245	0.26	0.245	0.25	76
08.11.2018 00:00	0.25	0.26	0.245	0.26	381
09.11.2018 00:00	0.26	0.26	0.25	0.26	30
12.11.2018 00:00	0.26	0.26	0.26	0.26	27
13.11.2018 00:00	0.25	0.26	0.25	0.26	23
14.11.2018 00:00	0.25	0.26	0.245	0.25	619
15.11.2018 00:00	0.25	0.26	0.25	0.25	68
16.11.2018 00:00	0.25	0.25	0.25	0.25	9
19.11.2018 00:00	0.25	0.25	0.245	0.25	131
20.11.2018 00:00	0.25	0.25	0.245	0.245	40
21.11.2018 00:00	0.25	0.25	0.24	0.25	848
22.11.2018 00:00	0.24	0.245	0.24	0.245	36
23.11.2018 00:00	0.245	0.245	0.24	0.245	230
26.11.2018 00:00	0.245	0.245	0.24	0.24	317
27.11.2018 00:00	0.245	0.245	0.24	0.24	30
28.11.2018 00:00	0.24	0.245	0.24	0.245	324
29.11.2018 00:00	0.245	0.26	0.245	0.245	526
30.11.2018 00:00	0.25	0.25	0.245	0.245	1019
03.12.2018 00:00	0.245	0.245	0.245	0.245	59
04.12.2018 00:00	0.245	0.25	0.245	0.245	40
05.12.2018 00:00	0.245	0.245	0.245	0.245	6
06.12.2018 00:00	0.245	0.245	0.245	0.245	11
07.12.2018 00:00	0.245	0.245	0.23500000000000001	0.245	1533
10.12.2018 00:00	0.245	0.245	0.245	0.245	4
11.12.2018 00:00	0.245	0.245	0.245	0.245	292
12.12.2018 00:00	0.245	0.245	0.245	0.245	38
13.12.2018 00:00	0.24	0.26	0.24	0.25	3095
14.12.2018 00:00	0.26	0.26	0.245	0.25	48
17.12.2018 00:00	0.25	0.26	0.25	0.25	65
18.12.2018 00:00	0.245	0.25	0.245	0.25	33
19.12.2018 00:00	0.25	0.26	0.25	0.26	35
20.12.2018 00:00	0.245	0.25	0.245	0.25	56
21.12.2018 00:00	0.25	0.25	0.245	0.25	17
24.12.2018 00:00	0.245	0.245	0.24	0.245	311
25.12.2018 00:00	0.245	0.245	0.23500000000000001	0.24	467
26.12.2018 00:00	0.24	0.24	0.23500000000000001	0.24	81
27.12.2018 00:00	0.245	0.245	0.24	0.24	283
28.12.2018 00:00	0.245	0.245	0.24	0.24	191
29.12.2018 00:00	0.245	0.245	0.24	0.24	23
03.01.2019 00:00	0.245	0.26	0.245	0.245	139
04.01.2019 00:00	0.26	0.26	0.245	0.245	160
08.01.2019 00:00	0.245	0.245	0.245	0.245	29
09.01.2019 00:00	0.245	0.26	0.245	0.25	1325
10.01.2019 00:00	0.25	0.26	0.245	0.26	68
11.01.2019 00:00	0.25	0.26	0.25	0.26	21
14.01.2019 00:00	0.25	0.26	0.25	0.25	39
15.01.2019 00:00	0.26	0.26	0.25	0.25	26
16.01.2019 00:00	0.245	0.245	0.245	0.245	1
17.01.2019 00:00	0.245	0.25	0.245	0.245	91
18.01.2019 00:00	0.25	0.25	0.25	0.25	34
21.01.2019 00:00	0.24	0.25	0.24	0.25	45
22.01.2019 00:00	0.245	0.25	0.245	0.25	6
23.01.2019 00:00	0.245	0.25	0.245	0.25	12
24.01.2019 00:00	0.25	0.31	0.25	0.28	32260
25.01.2019 00:00	0.28	0.28	0.26	0.27	4403
28.01.2019 00:00	0.26	0.27	0.245	0.265	1474
29.01.2019 00:00	0.25	0.265	0.25	0.265	166
30.01.2019 00:00	0.26	0.265	0.25	0.26	147
31.01.2019 00:00	0.265	0.265	0.25	0.265	193
01.02.2019 00:00	0.26	0.265	0.26	0.265	233
04.02.2019 00:00	0.26	0.265	0.25	0.265	124
05.02.2019 00:00	0.265	0.27	0.265	0.27	443
06.02.2019 00:00	0.27	0.3	0.27	0.28	5136
07.02.2019 00:00	0.27	0.28	0.25	0.265	1419
08.02.2019 00:00	0.26	0.265	0.26	0.265	59
11.02.2019 00:00	0.26	0.27	0.26	0.27	290
12.02.2019 00:00	0.27	0.27	0.265	0.27	96
13.02.2019 00:00	0.27	0.28	0.265	0.275	410
14.02.2019 00:00	0.275	0.28	0.27	0.27	153
15.02.2019 00:00	0.27	0.275	0.265	0.27	92
18.02.2019 00:00	0.265	0.27	0.26	0.27	417
19.02.2019 00:00	0.27	0.27	0.25	0.265	367
20.02.2019 00:00	0.265	0.27	0.265	0.27	91
21.02.2019 00:00	0.27	0.27	0.265	0.265	54
22.02.2019 00:00	0.27	0.28	0.265	0.27	985
25.02.2019 00:00	0.275	0.28500000000000003	0.27	0.275	755
26.02.2019 00:00	0.275	0.275	0.27	0.275	28
27.02.2019 00:00	0.275	0.28	0.27	0.275	124
28.02.2019 00:00	0.275	0.275	0.25	0.275	813
01.03.2019 00:00	0.275	0.275	0.265	0.27	159
04.03.2019 00:00	0.265	0.3	0.265	0.28	7115
05.03.2019 00:00	0.275	0.28500000000000003	0.27	0.275	2348
06.03.2019 00:00	0.275	0.28	0.265	0.275	486
07.03.2019 00:00	0.275	0.28	0.27	0.28	181
11.03.2019 00:00	0.275	0.275	0.27	0.275	128
12.03.2019 00:00	0.275	0.28	0.275	0.28	272
13.03.2019 00:00	0.28	0.28	0.275	0.28	234
14.03.2019 00:00	0.28	0.29	0.28	0.28	2507
15.03.2019 00:00	0.29	0.3	0.28	0.29	2241
18.03.2019 00:00	0.295	0.295	0.28500000000000003	0.29	196
19.03.2019 00:00	0.295	0.295	0.28500000000000003	0.29	73
20.03.2019 00:00	0.29	0.34	0.28500000000000003	0.295	24515
21.03.2019 00:00	0.3	0.305	0.28	0.29	3178
22.03.2019 00:00	0.29	0.29	0.28	0.28500000000000003	1224
25.03.2019 00:00	0.28	0.29	0.28	0.28	263
26.03.2019 00:00	0.28	0.295	0.28	0.28500000000000003	1093
27.03.2019 00:00	0.28	0.28500000000000003	0.28	0.28	1106
28.03.2019 00:00	0.28	0.28	0.28	0.28	334
29.03.2019 00:00	0.28	0.28500000000000003	0.28	0.28500000000000003	333
01.04.2019 00:00	0.28500000000000003	0.28500000000000003	0.28	0.28	165
02.04.2019 00:00	0.28	0.28	0.28	0.28	346
03.04.2019 00:00	0.28	0.28500000000000003	0.28	0.28	314
04.04.2019 00:00	0.28	0.28	0.28	0.28	69
05.04.2019 00:00	0.28	0.28	0.28	0.28	132
08.04.2019 00:00	0.28	0.28	0.275	0.28	241
09.04.2019 00:00	0.275	0.28	0.27	0.28	576
10.04.2019 00:00	0.28	0.28	0.28	0.28	253
11.04.2019 00:00	0.28	0.28	0.27	0.275	311
12.04.2019 00:00	0.275	0.28	0.275	0.28	148
15.04.2019 00:00	0.28	0.28	0.27	0.275	289
16.04.2019 00:00	0.275	0.28	0.275	0.275	142
17.04.2019 00:00	0.275	0.28	0.275	0.275	80
18.04.2019 00:00	0.28	0.28	0.27	0.275	259
19.04.2019 00:00	0.275	0.28	0.275	0.275	634
22.04.2019 00:00	0.275	0.275	0.27	0.275	542
23.04.2019 00:00	0.275	0.275	0.27	0.27	216
24.04.2019 00:00	0.27	0.28	0.27	0.28	758
25.04.2019 00:00	0.28	0.28	0.27	0.28	240
26.04.2019 00:00	0.275	0.28	0.275	0.275	69
29.04.2019 00:00	0.275	0.28	0.275	0.275	126
30.04.2019 00:00	0.275	0.275	0.275	0.275	27
02.05.2019 00:00	0.28	0.28	0.27	0.28	97
03.05.2019 00:00	0.28	0.28	0.28	0.28	10
06.05.2019 00:00	0.28	0.28	0.275	0.28	135
07.05.2019 00:00	0.275	0.28	0.275	0.28	53
08.05.2019 00:00	0.275	0.28	0.275	0.28	40
10.05.2019 00:00	0.28	0.28	0.275	0.28	125
13.05.2019 00:00	0.275	0.28	0.275	0.275	131
14.05.2019 00:00	0.275	0.28	0.27	0.275	106
15.05.2019 00:00	0.275	0.275	0.275	0.275	106
16.05.2019 00:00	0.275	0.28	0.275	0.28	95
17.05.2019 00:00	0.28	0.28	0.27	0.275	262
20.05.2019 00:00	0.275	0.28	0.275	0.28	50
21.05.2019 00:00	0.275	0.275	0.275	0.275	45
22.05.2019 00:00	0.28	0.28	0.28	0.28	112
23.05.2019 00:00	0.28	0.28	0.275	0.275	193
24.05.2019 00:00	0.275	0.275	0.27	0.275	413
27.05.2019 00:00	0.275	0.275	0.275	0.275	2
28.05.2019 00:00	0.275	0.275	0.275	0.275	381
29.05.2019 00:00	0.275	0.275	0.275	0.275	58
30.05.2019 00:00	0.275	0.28	0.275	0.275	36
31.05.2019 00:00	0.275	0.275	0.275	0.275	1775
03.06.2019 00:00	0.275	0.275	0.27	0.27	577
04.06.2019 00:00	0.275	0.275	0.27	0.275	38
05.06.2019 00:00	0.275	0.275	0.27	0.27	204
06.06.2019 00:00	0.27	0.275	0.27	0.275	99
07.06.2019 00:00	0.27	0.275	0.27	0.27	320
10.06.2019 00:00	0.27	0.275	0.27	0.275	59
11.06.2019 00:00	0.275	0.275	0.27	0.275	620
13.06.2019 00:00	0.275	0.28	0.275	0.28	474
14.06.2019 00:00	0.28	0.28	0.28	0.28	495
17.06.2019 00:00	0.28	0.28	0.28	0.28	138
18.06.2019 00:00	0.28	0.28500000000000003	0.28	0.28500000000000003	182
19.06.2019 00:00	0.28500000000000003	0.28500000000000003	0.28	0.28	457
20.06.2019 00:00	0.28	0.28	0.28	0.28	239
21.06.2019 00:00	0.28	0.28500000000000003	0.28	0.28	382
24.06.2019 00:00	0.28	0.29	0.28	0.29	1614
25.06.2019 00:00	0.29	0.29	0.28500000000000003	0.29	170
26.06.2019 00:00	0.28	0.29	0.28	0.29	93
27.06.2019 00:00	0.29	0.29	0.29	0.29	99
28.06.2019 00:00	0.29	0.29	0.28500000000000003	0.29	1223
01.07.2019 00:00	0.275	0.28500000000000003	0.275	0.28	830
02.07.2019 00:00	0.28	0.28	0.27	0.275	576
03.07.2019 00:00	0.275	0.28	0.275	0.275	73
04.07.2019 00:00	0.275	0.275	0.27	0.275	115
05.07.2019 00:00	0.275	0.275	0.275	0.275	47
08.07.2019 00:00	0.275	0.28	0.275	0.28	220
09.07.2019 00:00	0.275	0.28	0.275	0.28	71
10.07.2019 00:00	0.28	0.29	0.28	0.28500000000000003	1073
11.07.2019 00:00	0.28	0.28500000000000003	0.28	0.28500000000000003	64
12.07.2019 00:00	0.28	0.28	0.28	0.28	96
15.07.2019 00:00	0.28	0.28	0.28	0.28	1441
16.07.2019 00:00	0.28500000000000003	0.28500000000000003	0.28	0.28	45
17.07.2019 00:00	0.28	0.28	0.27	0.28	367
18.07.2019 00:00	0.28	0.28	0.28	0.28	179
19.07.2019 00:00	0.28	0.28	0.28	0.28	230
22.07.2019 00:00	0.28	0.28	0.28	0.28	50
23.07.2019 00:00	0.28	0.28	0.28	0.28	10
24.07.2019 00:00	0.28	0.28	0.28	0.28	57
25.07.2019 00:00	0.28	0.28	0.28	0.28	266
26.07.2019 00:00	0.28	0.28500000000000003	0.28	0.28500000000000003	135
29.07.2019 00:00	0.28500000000000003	0.29	0.28500000000000003	0.28500000000000003	431
30.07.2019 00:00	0.28500000000000003	0.29	0.28500000000000003	0.28500000000000003	26
31.07.2019 00:00	0.29	0.29	0.28500000000000003	0.28500000000000003	75
01.08.2019 00:00	0.29	0.29	0.28	0.28500000000000003	132
02.08.2019 00:00	0.28500000000000003	0.28500000000000003	0.28	0.28	76
05.08.2019 00:00	0.28	0.28	0.28	0.28	554
06.08.2019 00:00	0.28	0.28	0.28	0.28	147
07.08.2019 00:00	0.28	0.28	0.27	0.28	384
08.08.2019 00:00	0.28	0.28	0.275	0.28	95
09.08.2019 00:00	0.275	0.28	0.275	0.28	95
12.08.2019 00:00	0.28	0.28	0.28	0.28	69
13.08.2019 00:00	0.28	0.28	0.28	0.28	67
14.08.2019 00:00	0.28	0.28	0.28	0.28	60
15.08.2019 00:00	0.28	0.28	0.27	0.27	1153
16.08.2019 00:00	0.27	0.27	0.27	0.27	517
19.08.2019 00:00	0.27	0.275	0.27	0.275	47
20.08.2019 00:00	0.275	0.275	0.27	0.275	187
21.08.2019 00:00	0.275	0.275	0.275	0.275	51
22.08.2019 00:00	0.275	0.28	0.275	0.28	361
23.08.2019 00:00	0.28	0.28	0.28	0.28	2
26.08.2019 00:00	0.275	0.28	0.275	0.28	686
27.08.2019 00:00	0.28	0.28	0.28	0.28	465
28.08.2019 00:00	0.275	0.28	0.275	0.275	1107
29.08.2019 00:00	0.28	0.28	0.28	0.28	3
30.08.2019 00:00	0.28	0.28	0.275	0.275	57
02.09.2019 00:00	0.28	0.28	0.275	0.275	37
03.09.2019 00:00	0.275	0.28	0.275	0.28	42
04.09.2019 00:00	0.28	0.28	0.275	0.28	183
05.09.2019 00:00	0.275	0.28	0.275	0.275	132
06.09.2019 00:00	0.28	0.28	0.275	0.28	30
09.09.2019 00:00	0.28	0.28	0.275	0.275	89
10.09.2019 00:00	0.28	0.28	0.275	0.275	12
11.09.2019 00:00	0.275	0.275	0.275	0.275	777
12.09.2019 00:00	0.275	0.28	0.275	0.275	2883
13.09.2019 00:00	0.275	0.275	0.275	0.275	134
16.09.2019 00:00	0.275	0.275	0.275	0.275	67
17.09.2019 00:00	0.275	0.275	0.275	0.275	347
18.09.2019 00:00	0.275	0.275	0.275	0.275	46
19.09.2019 00:00	0.275	0.275	0.275	0.275	718
20.09.2019 00:00	0.275	0.275	0.275	0.275	346
23.09.2019 00:00	0.275	0.28	0.275	0.275	500
24.09.2019 00:00	0.275	0.275	0.275	0.275	28
25.09.2019 00:00	0.275	0.275	0.275	0.275	358
26.09.2019 00:00	0.275	0.275	0.275	0.275	84
27.09.2019 00:00	0.275	0.305	0.275	0.28	17143
30.09.2019 00:00	0.28	0.28	0.28	0.28	2247
01.10.2019 00:00	0.28	0.28	0.28	0.28	1290
02.10.2019 00:00	0.28	0.28	0.28	0.28	1254
03.10.2019 00:00	0.28	0.28	0.275	0.28	285
04.10.2019 00:00	0.28	0.28	0.28	0.28	4
07.10.2019 00:00	0.28	0.28	0.275	0.28	132
08.10.2019 00:00	0.275	0.28	0.275	0.28	381
09.10.2019 00:00	0.275	0.28	0.275	0.28	159
10.10.2019 00:00	0.275	0.28	0.275	0.28	147
11.10.2019 00:00	0.28	0.28	0.275	0.28	101
14.10.2019 00:00	0.275	0.28	0.27	0.275	346
15.10.2019 00:00	0.275	0.28	0.275	0.28	69
16.10.2019 00:00	0.28	0.28	0.275	0.28	350
17.10.2019 00:00	0.28	0.28	0.275	0.28	43
18.10.2019 00:00	0.28	0.28	0.275	0.28	355
21.10.2019 00:00	0.28	0.28	0.275	0.275	368
22.10.2019 00:00	0.28	0.28	0.28	0.28	97
23.10.2019 00:00	0.28	0.28	0.28	0.28	287
24.10.2019 00:00	0.28	0.28	0.28	0.28	287
25.10.2019 00:00	0.28	0.28	0.28	0.28	193
28.10.2019 00:00	0.28	0.28	0.275	0.28	2388
29.10.2019 00:00	0.28	0.28	0.27	0.28	1315
30.10.2019 00:00	0.28	0.28	0.28	0.28	211
31.10.2019 00:00	0.28	0.28	0.28	0.28	545
01.11.2019 00:00	0.28	0.28	0.28	0.28	69
05.11.2019 00:00	0.28	0.28	0.28	0.28	416
06.11.2019 00:00	0.28	0.28	0.275	0.28	3628
07.11.2019 00:00	0.28	0.28	0.28	0.28	490
08.11.2019 00:00	0.28	0.28	0.28	0.28	63
11.11.2019 00:00	0.28	0.295	0.28	0.29	1680
12.11.2019 00:00	0.295	0.295	0.28500000000000003	0.29	1273
13.11.2019 00:00	0.295	0.295	0.28500000000000003	0.295	688
14.11.2019 00:00	0.29	0.295	0.29	0.29	1399
15.11.2019 00:00	0.28500000000000003	0.305	0.28500000000000003	0.3	1336
18.11.2019 00:00	0.295	0.32	0.295	0.32	1014
19.11.2019 00:00	0.32	0.325	0.31	0.32	119
20.11.2019 00:00	0.32	0.32	0.31	0.31	139
21.11.2019 00:00	0.31	0.32	0.31	0.31	342
22.11.2019 00:00	0.31	0.32	0.31	0.32	99
25.11.2019 00:00	0.31	0.325	0.305	0.31	465
26.11.2019 00:00	0.32	0.32	0.3	0.305	341
27.11.2019 00:00	0.305	0.32	0.295	0.3	1213
28.11.2019 00:00	0.31	0.31	0.295	0.305	736
29.11.2019 00:00	0.31	0.31	0.3	0.305	96
02.12.2019 00:00	0.31	0.325	0.3	0.32	1071
03.12.2019 00:00	0.325	0.325	0.31	0.32	419
04.12.2019 00:00	0.325	0.33	0.31	0.32	992
05.12.2019 00:00	0.31	0.33	0.31	0.33	223
06.12.2019 00:00	0.325	0.33	0.32	0.325	194
09.12.2019 00:00	0.325	0.325	0.31	0.32	390
10.12.2019 00:00	0.31	0.325	0.31	0.32	248
11.12.2019 00:00	0.32	0.325	0.32	0.32	66
12.12.2019 00:00	0.325	0.33	0.325	0.33	119
13.12.2019 00:00	0.33	0.33	0.325	0.33	270
16.12.2019 00:00	0.33	0.33	0.325	0.33	38
17.12.2019 00:00	0.33	0.33	0.325	0.325	74
18.12.2019 00:00	0.33	0.33	0.325	0.33	93
19.12.2019 00:00	0.33	0.34500000000000003	0.33	0.33	343
20.12.2019 00:00	0.33	0.34	0.325	0.33	249
23.12.2019 00:00	0.335	0.335	0.33	0.33	39
24.12.2019 00:00	0.33	0.335	0.33	0.335	181
25.12.2019 00:00	0.33	0.33	0.325	0.33	503
26.12.2019 00:00	0.325	0.325	0.325	0.325	225
27.12.2019 00:00	0.33	0.33	0.32	0.32	802
30.12.2019 00:00	0.32	0.325	0.32	0.32	353
03.01.2020 00:00	0.33	0.33	0.32	0.325	127
06.01.2020 00:00	0.325	0.325	0.325	0.325	64
08.01.2020 00:00	0.325	0.325	0.325	0.325	40
09.01.2020 00:00	0.325	0.34	0.325	0.33	225
10.01.2020 00:00	0.33	0.34	0.33	0.335	1534
13.01.2020 00:00	0.34	0.34	0.34	0.34	13
14.01.2020 00:00	0.34	0.34500000000000003	0.335	0.34	423
15.01.2020 00:00	0.34500000000000003	0.34500000000000003	0.34	0.34	50
16.01.2020 00:00	0.34	0.34500000000000003	0.34	0.34	2023
17.01.2020 00:00	0.34	0.34500000000000003	0.34	0.34500000000000003	151
20.01.2020 00:00	0.34	0.35000000000000003	0.34	0.34500000000000003	2004
21.01.2020 00:00	0.34	0.35000000000000003	0.34	0.34500000000000003	101
22.01.2020 00:00	0.34500000000000003	0.355	0.34500000000000003	0.34500000000000003	1335
23.01.2020 00:00	0.35000000000000003	0.35000000000000003	0.34500000000000003	0.35000000000000003	151
24.01.2020 00:00	0.35000000000000003	0.35000000000000003	0.34	0.34500000000000003	34
27.01.2020 00:00	0.34500000000000003	0.35000000000000003	0.34	0.34500000000000003	202
28.01.2020 00:00	0.34500000000000003	0.35000000000000003	0.34500000000000003	0.35000000000000003	252
29.01.2020 00:00	0.35000000000000003	0.355	0.34500000000000003	0.35000000000000003	206
30.01.2020 00:00	0.34500000000000003	0.355	0.34500000000000003	0.355	129
31.01.2020 00:00	0.355	0.355	0.35000000000000003	0.355	56
03.02.2020 00:00	0.35000000000000003	0.355	0.34500000000000003	0.35000000000000003	1170
04.02.2020 00:00	0.35000000000000003	0.355	0.34	0.355	43
05.02.2020 00:00	0.34500000000000003	0.35000000000000003	0.34	0.35000000000000003	87
06.02.2020 00:00	0.35000000000000003	0.35000000000000003	0.34500000000000003	0.35000000000000003	98
07.02.2020 00:00	0.35000000000000003	0.35000000000000003	0.34500000000000003	0.35000000000000003	112
10.02.2020 00:00	0.35000000000000003	0.35000000000000003	0.34	0.34500000000000003	465
11.02.2020 00:00	0.34500000000000003	0.35000000000000003	0.335	0.34	291
12.02.2020 00:00	0.34	0.34500000000000003	0.32	0.34500000000000003	3509
13.02.2020 00:00	0.33	0.34500000000000003	0.33	0.34	213
14.02.2020 00:00	0.335	0.34500000000000003	0.335	0.34	251
17.02.2020 00:00	0.34	0.34	0.34	0.34	217
18.02.2020 00:00	0.34	0.34500000000000003	0.34	0.34500000000000003	108
19.02.2020 00:00	0.34500000000000003	0.34500000000000003	0.34	0.34	184
20.02.2020 00:00	0.34500000000000003	0.34500000000000003	0.34	0.34	59
21.02.2020 00:00	0.34500000000000003	0.34500000000000003	0.34	0.34500000000000003	177
25.02.2020 00:00	0.34500000000000003	0.34500000000000003	0.34	0.34	109
26.02.2020 00:00	0.34	0.34	0.335	0.34	225
27.02.2020 00:00	0.34	0.34	0.325	0.325	432
28.02.2020 00:00	0.325	0.33	0.28	0.295	1312
02.03.2020 00:00	0.305	0.31	0.28500000000000003	0.305	187
03.03.2020 00:00	0.31	0.31	0.3	0.305	51
04.03.2020 00:00	0.305	0.31	0.305	0.31	1372
05.03.2020 00:00	0.31	0.325	0.31	0.325	175
06.03.2020 00:00	0.325	0.33	0.295	0.305	852
10.03.2020 00:00	0.28500000000000003	0.3	0.28	0.295	22
11.03.2020 00:00	0.3	0.305	0.28	0.295	193
12.03.2020 00:00	0.28500000000000003	0.28500000000000003	0.28	0.28	366
13.03.2020 00:00	0.28	0.29	0.275	0.275	698
16.03.2020 00:00	0.28	0.28	0.26	0.265	670
17.03.2020 00:00	0.28	0.28	0.265	0.275	679
18.03.2020 00:00	0.28500000000000003	0.28500000000000003	0.215	0.27	1102
19.03.2020 00:00	0.27	0.28	0.265	0.28	718
20.03.2020 00:00	0.28	0.28500000000000003	0.20500000000000002	0.275	578
23.03.2020 00:00	0.275	0.28	0.265	0.275	182
24.03.2020 00:00	0.28	0.295	0.275	0.28	718
25.03.2020 00:00	0.295	0.3	0.28	0.28	1734
26.03.2020 00:00	0.28	0.295	0.28	0.29	235
27.03.2020 00:00	0.3	0.3	0.28	0.29	457
30.03.2020 00:00	0.295	0.295	0.28500000000000003	0.29	2168
31.03.2020 00:00	0.295	0.3	0.28500000000000003	0.295	34
01.04.2020 00:00	0.29	0.3	0.28500000000000003	0.29	216
02.04.2020 00:00	0.29	0.295	0.28500000000000003	0.295	341
03.04.2020 00:00	0.295	0.3	0.28500000000000003	0.29	86
06.04.2020 00:00	0.29	0.3	0.29	0.295	124
07.04.2020 00:00	0.3	0.3	0.28500000000000003	0.295	457
08.04.2020 00:00	0.3	0.3	0.29	0.3	69
09.04.2020 00:00	0.28500000000000003	0.3	0.28500000000000003	0.295	105
10.04.2020 00:00	0.295	0.295	0.29	0.29	201
13.04.2020 00:00	0.295	0.295	0.28	0.28	1957
14.04.2020 00:00	0.28500000000000003	0.28500000000000003	0.28500000000000003	0.28500000000000003	269
15.04.2020 00:00	0.28	0.28500000000000003	0.28	0.28500000000000003	489
16.04.2020 00:00	0.28	0.28500000000000003	0.28	0.28500000000000003	190
17.04.2020 00:00	0.28	0.28500000000000003	0.28	0.28500000000000003	12
20.04.2020 00:00	0.28	0.28500000000000003	0.28	0.28	416
21.04.2020 00:00	0.28	0.28500000000000003	0.28	0.28	360
22.04.2020 00:00	0.28500000000000003	0.28500000000000003	0.28	0.28500000000000003	299
23.04.2020 00:00	0.28	0.28500000000000003	0.28	0.28	659
24.04.2020 00:00	0.28	0.28	0.28	0.28	304
27.04.2020 00:00	0.28	0.28	0.28	0.28	183
28.04.2020 00:00	0.28	0.28500000000000003	0.28	0.28	880
29.04.2020 00:00	0.28	0.31	0.28	0.28500000000000003	1308
30.04.2020 00:00	0.29	0.29	0.28	0.28500000000000003	1450
04.05.2020 00:00	0.28500000000000003	0.28500000000000003	0.28	0.28500000000000003	917
05.05.2020 00:00	0.28	0.28500000000000003	0.28	0.28500000000000003	2077
06.05.2020 00:00	0.28500000000000003	0.28500000000000003	0.28	0.28	449
07.05.2020 00:00	0.28	0.28500000000000003	0.28	0.28500000000000003	606
08.05.2020 00:00	0.28	0.28500000000000003	0.28	0.28500000000000003	111
12.05.2020 00:00	0.28500000000000003	0.28500000000000003	0.28500000000000003	0.28500000000000003	255
13.05.2020 00:00	0.28	0.28500000000000003	0.28	0.28	329
14.05.2020 00:00	0.28500000000000003	0.28500000000000003	0.28	0.28500000000000003	74
15.05.2020 00:00	0.28500000000000003	0.28500000000000003	0.28	0.28500000000000003	1573
18.05.2020 00:00	0.29	0.295	0.28	0.28500000000000003	637
19.05.2020 00:00	0.28500000000000003	0.29	0.28500000000000003	0.28500000000000003	259
20.05.2020 00:00	0.28500000000000003	0.29	0.28500000000000003	0.29	499
21.05.2020 00:00	0.28500000000000003	0.29	0.28	0.28	427
22.05.2020 00:00	0.28500000000000003	0.28500000000000003	0.28	0.28500000000000003	145
25.05.2020 00:00	0.28500000000000003	0.295	0.28500000000000003	0.295	469
26.05.2020 00:00	0.295	0.3	0.29	0.295	327
27.05.2020 00:00	0.3	0.32	0.29	0.305	1813
28.05.2020 00:00	0.31	0.325	0.3	0.325	2491
29.05.2020 00:00	0.33	0.39	0.33	0.36	18137
01.06.2020 00:00	0.35000000000000003	0.355	0.32	0.335	5541
02.06.2020 00:00	0.34	0.35000000000000003	0.32	0.335	4035
03.06.2020 00:00	0.34	0.34	0.325	0.33	570
04.06.2020 00:00	0.325	0.335	0.295	0.335	517
05.06.2020 00:00	0.33	0.335	0.325	0.33	69
08.06.2020 00:00	0.325	0.33	0.31	0.33	553
09.06.2020 00:00	0.33	0.34	0.32	0.33	921
10.06.2020 00:00	0.33	0.34	0.33	0.34	168
11.06.2020 00:00	0.33	0.34	0.33	0.335	71
15.06.2020 00:00	0.34	0.34500000000000003	0.325	0.335	571
16.06.2020 00:00	0.335	0.335	0.325	0.33	202
17.06.2020 00:00	0.335	0.335	0.33	0.33	180
18.06.2020 00:00	0.33	0.33	0.33	0.33	79
19.06.2020 00:00	0.33	0.365	0.32	0.34	3221
22.06.2020 00:00	0.335	0.34	0.335	0.335	1030
23.06.2020 00:00	0.335	0.34	0.335	0.34	202
25.06.2020 00:00	0.33	0.34	0.33	0.34	27
26.06.2020 00:00	0.34	0.34	0.335	0.335	43
29.06.2020 00:00	0.335	0.34	0.33	0.335	522
30.06.2020 00:00	0.335	0.34	0.33	0.33	186
02.07.2020 00:00	0.335	0.335	0.33	0.335	135
03.07.2020 00:00	0.34	0.34500000000000003	0.335	0.34500000000000003	544
06.07.2020 00:00	0.34500000000000003	0.355	0.34	0.34500000000000003	386
07.07.2020 00:00	0.34	0.34500000000000003	0.33	0.34	448
08.07.2020 00:00	0.34	0.34500000000000003	0.34	0.34500000000000003	505
09.07.2020 00:00	0.34500000000000003	0.36	0.33	0.35000000000000003	3334
10.07.2020 00:00	0.365	0.405	0.34	0.35000000000000003	21772
13.07.2020 00:00	0.34500000000000003	0.355	0.34	0.35000000000000003	4187
14.07.2020 00:00	0.35000000000000003	0.35000000000000003	0.34	0.34	3983
15.07.2020 00:00	0.34	0.34500000000000003	0.34	0.34	3090
16.07.2020 00:00	0.34	0.355	0.34	0.34	3966
17.07.2020 00:00	0.34	0.34500000000000003	0.335	0.34	5588
20.07.2020 00:00	0.34	0.34	0.34	0.34	6141
21.07.2020 00:00	0.34	0.34500000000000003	0.34	0.34500000000000003	3531
22.07.2020 00:00	0.34500000000000003	0.355	0.34500000000000003	0.35000000000000003	2440
23.07.2020 00:00	0.35000000000000003	0.355	0.34500000000000003	0.355	1355
24.07.2020 00:00	0.355	0.355	0.35000000000000003	0.355	1528
27.07.2020 00:00	0.36	0.36	0.34500000000000003	0.355	2762
28.07.2020 00:00	0.36	0.36	0.355	0.36	2048
29.07.2020 00:00	0.36	0.36	0.355	0.36	2858
30.07.2020 00:00	0.365	0.375	0.36	0.37	3446
31.07.2020 00:00	0.37	0.375	0.36	0.37	4298
03.08.2020 00:00	0.365	0.375	0.365	0.37	2945
04.08.2020 00:00	0.375	0.39	0.37	0.385	3060
05.08.2020 00:00	0.39	0.395	0.385	0.39	5741
06.08.2020 00:00	0.395	0.41000000000000003	0.385	0.405	10759
07.08.2020 00:00	0.41000000000000003	0.56	0.405	0.535	102059
10.08.2020 00:00	0.535	0.5750000000000001	0.47500000000000003	0.48	31483
11.08.2020 00:00	0.47500000000000003	0.555	0.47500000000000003	0.505	30230
12.08.2020 00:00	0.495	0.515	0.48	0.505	5404
13.08.2020 00:00	0.52	0.52	0.495	0.505	5671
14.08.2020 00:00	0.52	0.55	0.5	0.53	12245
17.08.2020 00:00	0.535	0.54	0.5	0.53	8785
18.08.2020 00:00	0.53	0.535	0.42	0.505	8477
19.08.2020 00:00	0.515	0.515	0.47500000000000003	0.495	4930
20.08.2020 00:00	0.495	0.52	0.49	0.5	16005
21.08.2020 00:00	0.465	0.47500000000000003	0.425	0.43	25738
24.08.2020 00:00	0.425	0.47000000000000003	0.425	0.465	28448
25.08.2020 00:00	0.465	0.465	0.435	0.44	9116
26.08.2020 00:00	0.44	0.44	0.42	0.425	3159
27.08.2020 00:00	0.425	0.425	0.41000000000000003	0.41000000000000003	4186
28.08.2020 00:00	0.41000000000000003	0.41500000000000004	0.405	0.405	2234
31.08.2020 00:00	0.41000000000000003	0.43	0.405	0.425	3032
01.09.2020 00:00	0.41500000000000004	0.425	0.41000000000000003	0.425	1171
02.09.2020 00:00	0.425	0.43	0.405	0.41000000000000003	2557
03.09.2020 00:00	0.41000000000000003	0.41500000000000004	0.405	0.405	1762
04.09.2020 00:00	0.395	0.395	0.355	0.385	2864
07.09.2020 00:00	0.4	0.405	0.395	0.405	1299
08.09.2020 00:00	0.405	0.405	0.39	0.395	1936
09.09.2020 00:00	0.385	0.4	0.385	0.4	798
10.09.2020 00:00	0.4	0.41500000000000004	0.395	0.405	2530
11.09.2020 00:00	0.405	0.41500000000000004	0.395	0.405	1145
14.09.2020 00:00	0.405	0.425	0.4	0.405	5940
15.09.2020 00:00	0.405	0.405	0.4	0.405	1433
16.09.2020 00:00	0.41000000000000003	0.41000000000000003	0.4	0.405	1235
17.09.2020 00:00	0.4	0.405	0.4	0.4	194
18.09.2020 00:00	0.4	0.405	0.39	0.4	904
21.09.2020 00:00	0.405	0.405	0.385	0.39	1723
22.09.2020 00:00	0.4	0.4	0.39	0.395	346
23.09.2020 00:00	0.39	0.4	0.385	0.39	841
24.09.2020 00:00	0.395	0.395	0.375	0.375	665
25.09.2020 00:00	0.375	0.375	0.37	0.37	813
28.09.2020 00:00	0.37	0.375	0.365	0.37	448
29.09.2020 00:00	0.37	0.375	0.36	0.37	860
30.09.2020 00:00	0.37	0.385	0.365	0.375	380
01.10.2020 00:00	0.375	0.375	0.37	0.37	253
02.10.2020 00:00	0.375	0.375	0.37	0.375	284
05.10.2020 00:00	0.37	0.385	0.37	0.385	963
06.10.2020 00:00	0.375	0.385	0.375	0.385	29
07.10.2020 00:00	0.385	0.385	0.375	0.375	305
08.10.2020 00:00	0.375	0.375	0.37	0.375	243
09.10.2020 00:00	0.375	0.375	0.37	0.37	243
12.10.2020 00:00	0.375	0.375	0.365	0.375	504
13.10.2020 00:00	0.375	0.375	0.37	0.375	325
14.10.2020 00:00	0.375	0.375	0.365	0.37	742
15.10.2020 00:00	0.365	0.37	0.365	0.365	333
16.10.2020 00:00	0.36	0.375	0.35000000000000003	0.355	835
19.10.2020 00:00	0.35000000000000003	0.36	0.34	0.34	2584
20.10.2020 00:00	0.34	0.35000000000000003	0.33	0.33	2304
21.10.2020 00:00	0.33	0.34	0.31	0.325	8192
22.10.2020 00:00	0.34	0.34	0.31	0.335	1063
23.10.2020 00:00	0.33	0.34	0.33	0.335	1037
26.10.2020 00:00	0.34	0.34	0.335	0.335	327
27.10.2020 00:00	0.33	0.34	0.32	0.33	1466
28.10.2020 00:00	0.33	0.33	0.31	0.32	486
29.10.2020 00:00	0.325	0.335	0.325	0.325	155
30.10.2020 00:00	0.335	0.335	0.32	0.325	546
02.11.2020 00:00	0.325	0.325	0.31	0.32	648
03.11.2020 00:00	0.325	0.33	0.32	0.33	729
05.11.2020 00:00	0.33	0.335	0.33	0.33	713
06.11.2020 00:00	0.33	0.335	0.33	0.335	285
09.11.2020 00:00	0.33	0.34	0.33	0.33	2425
10.11.2020 00:00	0.34	0.34	0.33	0.34	1255
11.11.2020 00:00	0.335	0.34	0.335	0.34	1147
12.11.2020 00:00	0.335	0.34	0.335	0.34	1492
13.11.2020 00:00	0.34	0.34500000000000003	0.335	0.34500000000000003	1527
16.11.2020 00:00	0.34	0.34500000000000003	0.34	0.34500000000000003	711
17.11.2020 00:00	0.34500000000000003	0.34500000000000003	0.335	0.34	858
18.11.2020 00:00	0.34	0.34	0.34	0.34	249
19.11.2020 00:00	0.34	0.34	0.335	0.34	1811
20.11.2020 00:00	0.34	0.34	0.335	0.34	989
23.11.2020 00:00	0.34	0.34	0.34	0.34	94
24.11.2020 00:00	0.34	0.34	0.34	0.34	240
25.11.2020 00:00	0.34	0.34	0.335	0.34	1223
26.11.2020 00:00	0.34	0.34	0.335	0.34	462
27.11.2020 00:00	0.34	0.34	0.34	0.34	1689
30.11.2020 00:00	0.34	0.34500000000000003	0.34	0.34	976
01.12.2020 00:00	0.34	0.34	0.34	0.34	853
02.12.2020 00:00	0.34	0.34	0.34	0.34	301
03.12.2020 00:00	0.34	0.34	0.34	0.34	357
04.12.2020 00:00	0.34	0.34500000000000003	0.34	0.34	2906
07.12.2020 00:00	0.34	0.34	0.34	0.34	698
08.12.2020 00:00	0.34	0.34	0.335	0.34	1734
09.12.2020 00:00	0.335	0.34	0.335	0.34	674
10.12.2020 00:00	0.335	0.34	0.335	0.335	664
11.12.2020 00:00	0.34	0.34	0.34	0.34	581
14.12.2020 00:00	0.335	0.34	0.335	0.34	1827
15.12.2020 00:00	0.34	0.34500000000000003	0.34	0.34	1541
16.12.2020 00:00	0.34	0.34	0.34	0.34	219
17.12.2020 00:00	0.34	0.34	0.335	0.335	1275
18.12.2020 00:00	0.34	0.34	0.335	0.34	556
21.12.2020 00:00	0.34	0.34	0.33	0.335	1137
22.12.2020 00:00	0.34	0.34	0.325	0.33	979
23.12.2020 00:00	0.335	0.335	0.325	0.33	929
24.12.2020 00:00	0.335	0.335	0.32	0.32	1483
25.12.2020 00:00	0.325	0.33	0.325	0.33	5004
28.12.2020 00:00	0.32	0.33	0.32	0.325	1431
29.12.2020 00:00	0.33	0.33	0.325	0.325	921
30.12.2020 00:00	0.325	0.325	0.325	0.325	1192
04.01.2021 00:00	0.33	0.34	0.325	0.33	1725
05.01.2021 00:00	0.33	0.33	0.325	0.325	1547
06.01.2021 00:00	0.325	0.33	0.32	0.325	1962
08.01.2021 00:00	0.33	0.33	0.32	0.325	1685
11.01.2021 00:00	0.325	0.33	0.325	0.325	1132
12.01.2021 00:00	0.325	0.33	0.32	0.325	2161
13.01.2021 00:00	0.34	0.34	0.325	0.33	3525
14.01.2021 00:00	0.335	0.34500000000000003	0.335	0.34500000000000003	7977
15.01.2021 00:00	0.34500000000000003	0.35000000000000003	0.34	0.34	1149
18.01.2021 00:00	0.34500000000000003	0.34500000000000003	0.34	0.34	190
19.01.2021 00:00	0.34	0.34500000000000003	0.34	0.34	552
20.01.2021 00:00	0.34	0.34500000000000003	0.34	0.34500000000000003	1128
21.01.2021 00:00	0.34500000000000003	0.34500000000000003	0.34	0.34	1420
22.01.2021 00:00	0.34	0.34500000000000003	0.34	0.34500000000000003	837
25.01.2021 00:00	0.34	0.355	0.34	0.355	1285
26.01.2021 00:00	0.355	0.36	0.34	0.34500000000000003	2002
27.01.2021 00:00	0.35000000000000003	0.35000000000000003	0.34	0.34500000000000003	723
28.01.2021 00:00	0.35000000000000003	0.35000000000000003	0.34	0.34500000000000003	496
29.01.2021 00:00	0.35000000000000003	0.36	0.34500000000000003	0.36	1984
01.02.2021 00:00	0.35000000000000003	0.36	0.35000000000000003	0.355	347
02.02.2021 00:00	0.355	0.365	0.355	0.36	889
03.02.2021 00:00	0.365	0.365	0.36	0.365	372
04.02.2021 00:00	0.365	0.37	0.36	0.365	1101
05.02.2021 00:00	0.365	0.37	0.36	0.36	402
08.02.2021 00:00	0.37	0.37	0.36	0.365	458
09.02.2021 00:00	0.37	0.37	0.36	0.37	427
10.02.2021 00:00	0.36	0.375	0.36	0.365	1230
11.02.2021 00:00	0.365	0.365	0.36	0.36	154
12.02.2021 00:00	0.365	0.365	0.355	0.355	785
15.02.2021 00:00	0.365	0.365	0.355	0.355	444
16.02.2021 00:00	0.35000000000000003	0.36	0.35000000000000003	0.355	245
17.02.2021 00:00	0.36	0.36	0.35000000000000003	0.35000000000000003	292
18.02.2021 00:00	0.355	0.355	0.34500000000000003	0.34500000000000003	1688
19.02.2021 00:00	0.35000000000000003	0.355	0.34	0.35000000000000003	2039
20.02.2021 00:00	0.355	0.355	0.34500000000000003	0.34500000000000003	674
22.02.2021 00:00	0.355	0.355	0.34500000000000003	0.35000000000000003	433
24.02.2021 00:00	0.34500000000000003	0.355	0.34500000000000003	0.35000000000000003	243
25.02.2021 00:00	0.35000000000000003	0.355	0.35000000000000003	0.355	192
26.02.2021 00:00	0.35000000000000003	0.355	0.34500000000000003	0.35000000000000003	418
01.03.2021 00:00	0.355	0.37	0.35000000000000003	0.355	348
02.03.2021 00:00	0.355	0.365	0.35000000000000003	0.355	224
03.03.2021 00:00	0.365	0.405	0.355	0.36	12059
04.03.2021 00:00	0.36	0.365	0.35000000000000003	0.355	2404
05.03.2021 00:00	0.365	0.365	0.35000000000000003	0.35000000000000003	571
09.03.2021 00:00	0.355	0.355	0.34500000000000003	0.355	358
10.03.2021 00:00	0.355	0.365	0.35000000000000003	0.36	716
11.03.2021 00:00	0.355	0.365	0.355	0.36	207
12.03.2021 00:00	0.365	0.37	0.36	0.365	623
15.03.2021 00:00	0.37	0.375	0.36	0.37	2753
16.03.2021 00:00	0.37	0.375	0.365	0.37	1903
17.03.2021 00:00	0.375	0.375	0.365	0.365	793
18.03.2021 00:00	0.375	0.39	0.37	0.39	1786
19.03.2021 00:00	0.39	0.39	0.37	0.39	875
22.03.2021 00:00	0.375	0.395	0.375	0.385	966
23.03.2021 00:00	0.395	0.395	0.39	0.39	542
24.03.2021 00:00	0.395	0.395	0.385	0.39	864
25.03.2021 00:00	0.395	0.395	0.385	0.39	207
26.03.2021 00:00	0.395	0.395	0.39	0.39	321
29.03.2021 00:00	0.395	0.395	0.39	0.39	693
30.03.2021 00:00	0.395	0.395	0.39	0.39	131
31.03.2021 00:00	0.395	0.405	0.39	0.405	1366
01.04.2021 00:00	0.405	0.52	0.405	0.465	43300
02.04.2021 00:00	0.465	0.48	0.45	0.465	9372
05.04.2021 00:00	0.465	0.47500000000000003	0.45	0.46	1900
06.04.2021 00:00	0.465	0.56	0.46	0.515	63748
07.04.2021 00:00	0.52	0.535	0.495	0.495	11884
08.04.2021 00:00	0.495	0.5	0.485	0.495	2739
09.04.2021 00:00	0.5	0.5	0.485	0.495	2547
12.04.2021 00:00	0.495	0.525	0.495	0.52	3754
13.04.2021 00:00	0.515	0.525	0.495	0.52	1581
14.04.2021 00:00	0.525	0.56	0.515	0.55	7506
15.04.2021 00:00	0.56	0.56	0.505	0.53	6433
16.04.2021 00:00	0.53	0.545	0.525	0.53	2220
19.04.2021 00:00	0.54	0.54	0.52	0.535	1511
20.04.2021 00:00	0.535	0.54	0.52	0.53	2756
21.04.2021 00:00	0.525	0.535	0.515	0.53	2427
22.04.2021 00:00	0.53	0.54	0.525	0.54	4015
23.04.2021 00:00	0.535	0.545	0.53	0.535	2079
26.04.2021 00:00	0.54	0.545	0.52	0.535	3223
27.04.2021 00:00	0.54	0.54	0.53	0.53	1204
28.04.2021 00:00	0.53	0.54	0.525	0.535	1698
29.04.2021 00:00	0.535	0.54	0.525	0.535	604
30.04.2021 00:00	0.54	0.54	0.535	0.54	259
04.05.2021 00:00	0.535	0.545	0.535	0.545	1451
05.05.2021 00:00	0.545	0.555	0.54	0.555	2517
06.05.2021 00:00	0.555	0.56	0.545	0.56	1801
07.05.2021 00:00	0.56	0.5650000000000001	0.56	0.56	1010
10.05.2021 00:00	0.56	0.58	0.56	0.5750000000000001	1212
11.05.2021 00:00	0.58	0.58	0.5700000000000001	0.58	702
12.05.2021 00:00	0.58	0.585	0.5700000000000001	0.5750000000000001	1521
13.05.2021 00:00	0.5700000000000001	0.685	0.5700000000000001	0.65	10157
14.05.2021 00:00	0.65	0.68	0.6	0.64	4199
17.05.2021 00:00	0.64	0.745	0.64	0.685	23193
18.05.2021 00:00	0.6950000000000001	0.71	0.67	0.6950000000000001	2936
19.05.2021 00:00	0.6950000000000001	0.76	0.685	0.74	13149
20.05.2021 00:00	0.76	0.76	0.705	0.725	6719
21.05.2021 00:00	0.715	0.735	0.6950000000000001	0.71	4105
24.05.2021 00:00	0.71	0.72	0.685	0.72	4652
25.05.2021 00:00	0.72	0.725	0.715	0.72	1203
26.05.2021 00:00	0.72	0.72	0.7000000000000001	0.705	1420
27.05.2021 00:00	0.7000000000000001	0.715	0.7000000000000001	0.705	696
28.05.2021 00:00	0.71	0.72	0.6950000000000001	0.705	1716
31.05.2021 00:00	0.71	0.72	0.705	0.72	1612
01.06.2021 00:00	0.725	0.73	0.72	0.725	1672
02.06.2021 00:00	0.73	0.77	0.725	0.75	3443
03.06.2021 00:00	0.75	0.775	0.75	0.775	2944
04.06.2021 00:00	0.775	0.81	0.75	0.775	4837
07.06.2021 00:00	0.76	0.795	0.755	0.78	3252
08.06.2021 00:00	0.785	0.79	0.77	0.775	1757
09.06.2021 00:00	0.78	0.78	0.76	0.775	1734
10.06.2021 00:00	0.775	0.78	0.77	0.775	1136
11.06.2021 00:00	0.77	0.78	0.77	0.775	2660
14.06.2021 00:00	0.78	0.78	0.755	0.76	3225
15.06.2021 00:00	0.775	0.795	0.755	0.78	6377
16.06.2021 00:00	0.79	0.8	0.78	0.785	1826
17.06.2021 00:00	0.785	0.79	0.76	0.77	985
18.06.2021 00:00	0.775	0.775	0.735	0.75	2309
21.06.2021 00:00	0.755	0.79	0.735	0.75	2120
22.06.2021 00:00	0.75	0.755	0.715	0.745	7401
23.06.2021 00:00	0.735	0.75	0.715	0.74	2074
24.06.2021 00:00	0.74	0.745	0.7000000000000001	0.705	3583
25.06.2021 00:00	0.715	0.715	0.64	0.665	13377
28.06.2021 00:00	0.625	0.6950000000000001	0.625	0.6900000000000001	7802
29.06.2021 00:00	0.6950000000000001	0.705	0.66	0.675	4260
30.06.2021 00:00	0.68	0.68	0.605	0.65	18415
01.07.2021 00:00	0.65	0.675	0.615	0.62	28241
02.07.2021 00:00	0.56	0.5700000000000001	0.555	0.56	18967
05.07.2021 00:00	0.555	0.5650000000000001	0.54	0.555	2944
06.07.2021 00:00	0.55	0.555	0.525	0.54	4611
07.07.2021 00:00	0.53	0.54	0.525	0.54	2164
08.07.2021 00:00	0.525	0.54	0.525	0.53	1960
09.07.2021 00:00	0.525	0.55	0.525	0.54	1214
12.07.2021 00:00	0.55	0.5650000000000001	0.52	0.54	1170
13.07.2021 00:00	0.53	0.56	0.53	0.545	2168
14.07.2021 00:00	0.55	0.555	0.53	0.555	1907
15.07.2021 00:00	0.56	0.56	0.545	0.555	533
16.07.2021 00:00	0.56	0.56	0.55	0.55	872
19.07.2021 00:00	0.545	0.55	0.535	0.545	1001
20.07.2021 00:00	0.54	0.56	0.535	0.56	1823
21.07.2021 00:00	0.55	0.5650000000000001	0.55	0.555	563
22.07.2021 00:00	0.55	0.56	0.55	0.555	422
23.07.2021 00:00	0.56	0.56	0.545	0.56	576
26.07.2021 00:00	0.55	0.555	0.535	0.545	1804
27.07.2021 00:00	0.54	0.555	0.525	0.545	910
28.07.2021 00:00	0.54	0.56	0.54	0.545	865
29.07.2021 00:00	0.555	0.555	0.55	0.555	378
30.07.2021 00:00	0.55	0.555	0.53	0.545	1182
02.08.2021 00:00	0.54	0.555	0.505	0.53	3809
03.08.2021 00:00	0.53	0.535	0.52	0.535	1998
04.08.2021 00:00	0.54	0.545	0.525	0.54	392
05.08.2021 00:00	0.54	0.545	0.525	0.54	396
06.08.2021 00:00	0.54	0.54	0.53	0.535	458
09.08.2021 00:00	0.54	0.545	0.525	0.54	204
10.08.2021 00:00	0.535	0.545	0.535	0.545	214
11.08.2021 00:00	0.545	0.56	0.54	0.55	727
12.08.2021 00:00	0.55	0.55	0.545	0.545	335
13.08.2021 00:00	0.545	0.5650000000000001	0.54	0.5650000000000001	4322
16.08.2021 00:00	0.5650000000000001	0.5750000000000001	0.545	0.555	3414
17.08.2021 00:00	0.555	0.56	0.545	0.55	1576
18.08.2021 00:00	0.56	0.56	0.54	0.555	1366
19.08.2021 00:00	0.55	0.555	0.54	0.55	502
20.08.2021 00:00	0.55	0.55	0.54	0.545	735
23.08.2021 00:00	0.54	0.55	0.535	0.545	1763
24.08.2021 00:00	0.54	0.545	0.525	0.54	494
25.08.2021 00:00	0.54	0.54	0.525	0.54	1067
26.08.2021 00:00	0.54	0.56	0.535	0.55	548
27.08.2021 00:00	0.55	0.555	0.54	0.555	432
30.08.2021 00:00	0.555	0.56	0.55	0.56	1076
31.08.2021 00:00	0.56	0.5650000000000001	0.54	0.5650000000000001	2393
01.09.2021 00:00	0.56	0.5700000000000001	0.56	0.5650000000000001	815
02.09.2021 00:00	0.5650000000000001	0.5750000000000001	0.5650000000000001	0.5650000000000001	660
03.09.2021 00:00	0.5700000000000001	0.5700000000000001	0.55	0.555	938
06.09.2021 00:00	0.56	0.5650000000000001	0.555	0.56	320
07.09.2021 00:00	0.56	0.5650000000000001	0.555	0.56	631
08.09.2021 00:00	0.56	0.56	0.55	0.56	713
09.09.2021 00:00	0.56	0.56	0.55	0.56	424
10.09.2021 00:00	0.55	0.56	0.54	0.555	585
13.09.2021 00:00	0.555	0.555	0.545	0.555	741
14.09.2021 00:00	0.555	0.5700000000000001	0.555	0.56	1685
15.09.2021 00:00	0.5700000000000001	0.685	0.5700000000000001	0.59	30032
16.09.2021 00:00	0.6	0.6	0.5650000000000001	0.5750000000000001	2966
17.09.2021 00:00	0.585	0.585	0.5750000000000001	0.58	390
20.09.2021 00:00	0.58	0.6	0.5750000000000001	0.585	914
21.09.2021 00:00	0.59	0.725	0.56	0.595	22065
22.09.2021 00:00	0.595	0.615	0.595	0.615	1162
23.09.2021 00:00	0.615	0.63	0.6	0.61	1507
24.09.2021 00:00	0.605	0.63	0.605	0.62	622
27.09.2021 00:00	0.61	0.71	0.61	0.625	18939
28.09.2021 00:00	0.64	0.67	0.615	0.65	5243
29.09.2021 00:00	0.645	0.655	0.59	0.61	4734
30.09.2021 00:00	0.625	0.625	0.595	0.6	1175
01.10.2021 00:00	0.605	0.605	0.585	0.595	1180
04.10.2021 00:00	0.6	0.6	0.5700000000000001	0.58	4651
05.10.2021 00:00	0.585	0.625	0.5750000000000001	0.605	3422
06.10.2021 00:00	0.6	0.63	0.585	0.625	2314
07.10.2021 00:00	0.625	0.655	0.625	0.64	3587
08.10.2021 00:00	0.65	0.655	0.62	0.625	1512
11.10.2021 00:00	0.63	0.64	0.62	0.625	633
12.10.2021 00:00	0.63	0.645	0.62	0.645	880
13.10.2021 00:00	0.64	0.6950000000000001	0.64	0.665	9025
14.10.2021 00:00	0.67	0.6950000000000001	0.67	0.675	2672
15.10.2021 00:00	0.67	0.685	0.62	0.645	1794
18.10.2021 00:00	0.645	0.65	0.62	0.64	1599
19.10.2021 00:00	0.645	0.665	0.62	0.645	1201
20.10.2021 00:00	0.65	0.665	0.63	0.65	1207
21.10.2021 00:00	0.655	0.665	0.65	0.655	507
22.10.2021 00:00	0.655	0.655	0.64	0.645	434
25.10.2021 00:00	0.64	0.645	0.625	0.64	516
26.10.2021 00:00	0.625	0.65	0.625	0.63	1425
27.10.2021 00:00	0.625	0.63	0.625	0.625	513
28.10.2021 00:00	0.625	0.63	0.605	0.615	1040
29.10.2021 00:00	0.61	0.62	0.61	0.615	280
01.11.2021 00:00	0.62	0.62	0.595	0.615	491
02.11.2021 00:00	0.61	0.63	0.61	0.62	562
03.11.2021 00:00	0.61	0.62	0.6	0.61	723
05.11.2021 00:00	0.605	0.615	0.605	0.61	337
08.11.2021 00:00	0.61	0.615	0.605	0.61	357
09.11.2021 00:00	0.615	0.615	0.605	0.615	171
10.11.2021 00:00	0.615	0.615	0.605	0.615	257
11.11.2021 00:00	0.605	0.61	0.59	0.605	1004
12.11.2021 00:00	0.605	0.61	0.6	0.605	225
15.11.2021 00:00	0.595	0.605	0.595	0.605	170
16.11.2021 00:00	0.595	0.615	0.595	0.6	634
17.11.2021 00:00	0.6	0.615	0.595	0.6	258
18.11.2021 00:00	0.61	0.61	0.6	0.605	435
19.11.2021 00:00	0.605	0.605	0.595	0.595	644
22.11.2021 00:00	0.6	0.66	0.595	0.605	19225
23.11.2021 00:00	0.61	0.61	0.595	0.605	468
24.11.2021 00:00	0.61	0.61	0.6	0.605	153
25.11.2021 00:00	0.6	0.605	0.595	0.605	115
26.11.2021 00:00	0.6	0.605	0.59	0.595	467
29.11.2021 00:00	0.595	0.605	0.595	0.605	190
30.11.2021 00:00	0.595	0.605	0.595	0.595	250
01.12.2021 00:00	0.6	0.605	0.595	0.6	86
02.12.2021 00:00	0.595	0.605	0.595	0.6	192
03.12.2021 00:00	0.605	0.605	0.595	0.6	129
06.12.2021 00:00	0.605	0.605	0.595	0.6	699
07.12.2021 00:00	0.6	0.6	0.595	0.6	144
08.12.2021 00:00	0.6	0.62	0.595	0.605	677
09.12.2021 00:00	0.61	0.615	0.595	0.605	356
10.12.2021 00:00	0.595	0.605	0.595	0.6	204
13.12.2021 00:00	0.595	0.605	0.585	0.59	455
14.12.2021 00:00	0.59	0.595	0.58	0.585	578
15.12.2021 00:00	0.595	0.595	0.59	0.595	373
16.12.2021 00:00	0.59	0.61	0.59	0.61	165
17.12.2021 00:00	0.615	0.615	0.59	0.595	411
20.12.2021 00:00	0.595	0.595	0.585	0.59	299
21.12.2021 00:00	0.59	0.595	0.585	0.595	167
22.12.2021 00:00	0.585	0.59	0.5750000000000001	0.585	1436
23.12.2021 00:00	0.585	0.605	0.58	0.58	194
24.12.2021 00:00	0.58	0.595	0.58	0.585	442
27.12.2021 00:00	0.59	0.59	0.585	0.585	620
28.12.2021 00:00	0.59	0.59	0.585	0.585	484
29.12.2021 00:00	0.585	0.6	0.585	0.595	157
30.12.2021 00:00	0.595	0.605	0.585	0.595	854
03.01.2022 00:00	0.6	0.615	0.6	0.61	294
04.01.2022 00:00	0.61	0.61	0.605	0.605	291
05.01.2022 00:00	0.61	0.61	0.61	0.61	48
06.01.2022 00:00	0.6	0.605	0.58	0.595	761
10.01.2022 00:00	0.595	0.605	0.595	0.6	197
11.01.2022 00:00	0.6	0.61	0.585	0.605	351
12.01.2022 00:00	0.595	0.61	0.595	0.6	123
13.01.2022 00:00	0.61	0.615	0.595	0.595	639
14.01.2022 00:00	0.61	0.61	0.585	0.6	507
17.01.2022 00:00	0.61	0.625	0.585	0.6	1905
18.01.2022 00:00	0.6	0.62	0.54	0.5650000000000001	1424
19.01.2022 00:00	0.5650000000000001	0.59	0.55	0.58	489
20.01.2022 00:00	0.595	0.6	0.5650000000000001	0.59	562
21.01.2022 00:00	0.5650000000000001	0.595	0.5650000000000001	0.58	180
24.01.2022 00:00	0.58	0.59	0.545	0.55	876
25.01.2022 00:00	0.5700000000000001	0.5700000000000001	0.56	0.5650000000000001	299
26.01.2022 00:00	0.5750000000000001	0.595	0.5650000000000001	0.59	353
27.01.2022 00:00	0.58	0.595	0.5750000000000001	0.585	167
28.01.2022 00:00	0.595	0.595	0.585	0.595	83
31.01.2022 00:00	0.595	0.605	0.58	0.59	425
01.02.2022 00:00	0.59	0.6	0.585	0.595	589
02.02.2022 00:00	0.6	0.61	0.59	0.59	201
03.02.2022 00:00	0.59	0.595	0.59	0.595	258
04.02.2022 00:00	0.6	0.6	0.59	0.59	76
07.02.2022 00:00	0.595	0.595	0.59	0.59	93
08.02.2022 00:00	0.59	0.59	0.5700000000000001	0.59	298
09.02.2022 00:00	0.59	0.595	0.585	0.595	93
10.02.2022 00:00	0.595	0.6	0.59	0.595	169
11.02.2022 00:00	0.6	0.6	0.585	0.6	306
14.02.2022 00:00	0.6	0.6	0.5750000000000001	0.585	332
15.02.2022 00:00	0.585	0.595	0.585	0.595	589
16.02.2022 00:00	0.58	0.595	0.58	0.595	175
17.02.2022 00:00	0.59	0.595	0.5750000000000001	0.585	480
18.02.2022 00:00	0.59	0.59	0.55	0.56	1870
21.02.2022 00:00	0.56	0.5750000000000001	0.525	0.54	1368
22.02.2022 00:00	0.54	0.545	0.48	0.54	1174
24.02.2022 00:00	0.495	0.495	0.34	0.395	3437
25.02.2022 00:00	0.37	0.485	0.37	0.485	1025
28.03.2022 00:00	0.485	0.485	0.34500000000000003	0.47500000000000003	224
29.03.2022 00:00	0.46	0.505	0.45	0.47500000000000003	294
30.03.2022 00:00	0.495	0.5650000000000001	0.48	0.495	1086
31.03.2022 00:00	0.5	0.555	0.495	0.555	437
01.04.2022 00:00	0.56	0.56	0.54	0.56	422
04.04.2022 00:00	0.56	0.5700000000000001	0.54	0.56	571
05.04.2022 00:00	0.56	0.5650000000000001	0.54	0.545	457
06.04.2022 00:00	0.54	0.56	0.54	0.56	106
07.04.2022 00:00	0.56	0.56	0.555	0.56	25
08.04.2022 00:00	0.555	0.56	0.555	0.555	45
11.04.2022 00:00	0.55	0.56	0.53	0.545	423
12.04.2022 00:00	0.55	0.55	0.515	0.55	289
13.04.2022 00:00	0.525	0.56	0.525	0.545	196
14.04.2022 00:00	0.53	0.555	0.52	0.545	469
15.04.2022 00:00	0.555	0.615	0.555	0.585	1771
18.04.2022 00:00	0.5700000000000001	0.7000000000000001	0.555	0.59	1817
19.04.2022 00:00	0.58	0.59	0.5700000000000001	0.59	510
20.04.2022 00:00	0.58	0.595	0.5650000000000001	0.595	132
21.04.2022 00:00	0.59	0.61	0.59	0.61	313
22.04.2022 00:00	0.61	0.61	0.595	0.61	362
25.04.2022 00:00	0.605	0.615	0.595	0.615	1109
26.04.2022 00:00	0.62	0.65	0.61	0.625	978
27.04.2022 00:00	0.63	0.645	0.595	0.625	338
28.04.2022 00:00	0.62	0.63	0.5650000000000001	0.605	1097
29.04.2022 00:00	0.605	0.605	0.6	0.605	83
04.05.2022 00:00	0.595	0.63	0.595	0.63	401
05.05.2022 00:00	0.62	0.645	0.62	0.64	889
06.05.2022 00:00	0.64	0.685	0.625	0.65	733
11.05.2022 00:00	0.645	0.665	0.64	0.645	450
12.05.2022 00:00	0.645	0.685	0.64	0.67	410
13.05.2022 00:00	0.68	0.685	0.66	0.67	1162
16.05.2022 00:00	0.67	0.71	0.66	0.685	2024
17.05.2022 00:00	0.6900000000000001	0.725	0.68	0.705	7660
18.05.2022 00:00	0.705	0.705	0.68	0.685	4601
19.05.2022 00:00	0.685	0.685	0.65	0.655	2807
20.05.2022 00:00	0.665	0.675	0.65	0.67	1313
23.05.2022 00:00	0.68	0.68	0.66	0.665	759
24.05.2022 00:00	0.665	0.67	0.65	0.66	1562
25.05.2022 00:00	0.66	0.685	0.66	0.68	480
26.05.2022 00:00	0.685	0.685	0.66	0.68	550
27.05.2022 00:00	0.68	0.68	0.665	0.665	472
30.05.2022 00:00	0.67	0.68	0.65	0.665	1612
31.05.2022 00:00	0.665	0.685	0.655	0.665	636
01.06.2022 00:00	0.665	0.675	0.665	0.675	1002
02.06.2022 00:00	0.675	0.68	0.67	0.67	913
03.06.2022 00:00	0.675	0.68	0.66	0.665	1220
06.06.2022 00:00	0.665	0.675	0.66	0.665	671
07.06.2022 00:00	0.67	0.67	0.645	0.66	893
08.06.2022 00:00	0.66	0.665	0.65	0.655	1148
09.06.2022 00:00	0.655	0.655	0.645	0.65	554
10.06.2022 00:00	0.65	0.685	0.65	0.655	1099
14.06.2022 00:00	0.655	0.675	0.65	0.66	1200
15.06.2022 00:00	0.665	0.67	0.655	0.67	576
16.06.2022 00:00	0.67	0.68	0.67	0.67	512
17.06.2022 00:00	0.68	0.68	0.67	0.68	933
20.06.2022 00:00	0.68	0.6950000000000001	0.68	0.685	3642
21.06.2022 00:00	0.685	0.6900000000000001	0.68	0.6900000000000001	853
22.06.2022 00:00	0.6900000000000001	0.6950000000000001	0.685	0.6900000000000001	980
23.06.2022 00:00	0.6900000000000001	0.6950000000000001	0.675	0.685	1729
24.06.2022 00:00	0.6900000000000001	0.6900000000000001	0.685	0.685	969
27.06.2022 00:00	0.685	0.7000000000000001	0.685	0.6950000000000001	4444
28.06.2022 00:00	0.7000000000000001	0.705	0.6900000000000001	0.6950000000000001	2492
29.06.2022 00:00	0.7000000000000001	0.7000000000000001	0.685	0.6950000000000001	2891
30.06.2022 00:00	0.685	0.6950000000000001	0.655	0.67	9768
01.07.2022 00:00	0.6	0.6	0.545	0.56	6546
04.07.2022 00:00	0.56	0.56	0.54	0.56	1772
05.07.2022 00:00	0.56	0.56	0.54	0.545	945
06.07.2022 00:00	0.56	0.56	0.535	0.545	2472
07.07.2022 00:00	0.555	0.56	0.545	0.55	707
08.07.2022 00:00	0.555	0.56	0.545	0.56	672
11.07.2022 00:00	0.56	0.56	0.545	0.545	458
12.07.2022 00:00	0.555	0.555	0.545	0.55	352
13.07.2022 00:00	0.55	0.56	0.545	0.55	368
14.07.2022 00:00	0.555	0.555	0.54	0.545	330
15.07.2022 00:00	0.545	0.545	0.54	0.54	518
18.07.2022 00:00	0.545	0.55	0.54	0.545	430
19.07.2022 00:00	0.55	0.605	0.55	0.55	1433
20.07.2022 00:00	0.555	0.56	0.555	0.555	527
21.07.2022 00:00	0.555	0.555	0.54	0.55	339
22.07.2022 00:00	0.55	0.55	0.55	0.55	175
25.07.2022 00:00	0.555	0.56	0.55	0.55	566
26.07.2022 00:00	0.555	0.5650000000000001	0.555	0.5650000000000001	316
27.07.2022 00:00	0.5700000000000001	0.5700000000000001	0.56	0.56	346
28.07.2022 00:00	0.5650000000000001	0.5650000000000001	0.56	0.56	108
29.07.2022 00:00	0.56	0.5750000000000001	0.56	0.5750000000000001	511
01.08.2022 00:00	0.5650000000000001	0.5750000000000001	0.54	0.5750000000000001	1615
02.08.2022 00:00	0.56	0.5650000000000001	0.56	0.56	304
03.08.2022 00:00	0.56	0.56	0.555	0.56	130
04.08.2022 00:00	0.56	0.585	0.55	0.56	2061
05.08.2022 00:00	0.555	0.56	0.55	0.555	271
08.08.2022 00:00	0.555	0.56	0.555	0.56	283
09.08.2022 00:00	0.55	0.555	0.55	0.555	96
10.08.2022 00:00	0.555	0.5700000000000001	0.555	0.5650000000000001	648
11.08.2022 00:00	0.5650000000000001	0.5650000000000001	0.555	0.56	547
12.08.2022 00:00	0.56	0.56	0.555	0.56	58
15.08.2022 00:00	0.56	0.5650000000000001	0.56	0.56	148
16.08.2022 00:00	0.56	0.5700000000000001	0.56	0.5700000000000001	547
17.08.2022 00:00	0.5700000000000001	0.5750000000000001	0.5650000000000001	0.5700000000000001	421
18.08.2022 00:00	0.5650000000000001	0.5750000000000001	0.5650000000000001	0.5750000000000001	80
19.08.2022 00:00	0.5700000000000001	0.585	0.5650000000000001	0.58	568
22.08.2022 00:00	0.5700000000000001	0.5750000000000001	0.5650000000000001	0.5700000000000001	300
23.08.2022 00:00	0.5650000000000001	0.58	0.5650000000000001	0.5700000000000001	209
24.08.2022 00:00	0.5700000000000001	0.5750000000000001	0.5700000000000001	0.5700000000000001	101
25.08.2022 00:00	0.5700000000000001	0.5750000000000001	0.5700000000000001	0.5750000000000001	54
26.08.2022 00:00	0.5750000000000001	0.605	0.5650000000000001	0.5750000000000001	1111
29.08.2022 00:00	0.5750000000000001	0.59	0.5750000000000001	0.59	294
30.08.2022 00:00	0.585	0.605	0.58	0.6	1280
31.08.2022 00:00	0.595	0.595	0.59	0.59	97
01.09.2022 00:00	0.59	0.595	0.585	0.585	274
02.09.2022 00:00	0.585	0.59	0.5650000000000001	0.585	727
05.09.2022 00:00	0.585	0.595	0.585	0.59	263
06.09.2022 00:00	0.59	0.6	0.58	0.58	298
07.09.2022 00:00	0.58	0.585	0.58	0.58	178
08.09.2022 00:00	0.5750000000000001	0.585	0.5750000000000001	0.585	76
09.09.2022 00:00	0.59	0.59	0.5750000000000001	0.58	132
12.09.2022 00:00	0.58	0.59	0.5750000000000001	0.585	247
13.09.2022 00:00	0.585	0.595	0.5750000000000001	0.585	483
14.09.2022 00:00	0.5750000000000001	0.59	0.5650000000000001	0.59	403
15.09.2022 00:00	0.585	0.59	0.58	0.59	229
16.09.2022 00:00	0.59	0.595	0.585	0.595	489
19.09.2022 00:00	0.59	0.59	0.585	0.59	198
20.09.2022 00:00	0.595	0.655	0.5700000000000001	0.5700000000000001	4012
21.09.2022 00:00	0.52	0.63	0.505	0.585	1537
22.09.2022 00:00	0.585	0.595	0.5750000000000001	0.585	231
23.09.2022 00:00	0.595	0.62	0.5650000000000001	0.5650000000000001	910
26.09.2022 00:00	0.5650000000000001	0.5700000000000001	0.525	0.54	621
27.09.2022 00:00	0.54	0.55	0.54	0.545	84
28.09.2022 00:00	0.55	0.55	0.525	0.55	173
29.09.2022 00:00	0.56	0.56	0.53	0.53	151
30.09.2022 00:00	0.54	0.54	0.53	0.53	215
03.10.2022 00:00	0.54	0.5650000000000001	0.54	0.55	173
04.10.2022 00:00	0.545	0.56	0.53	0.535	1378
05.10.2022 00:00	0.545	0.545	0.535	0.54	57
06.10.2022 00:00	0.54	0.55	0.52	0.55	494
07.10.2022 00:00	0.55	0.56	0.53	0.535	192
10.10.2022 00:00	0.535	0.54	0.53	0.535	594
11.10.2022 00:00	0.535	0.55	0.535	0.54	69
12.10.2022 00:00	0.545	0.55	0.54	0.54	90
13.10.2022 00:00	0.54	0.58	0.54	0.55	889
14.10.2022 00:00	0.555	0.555	0.55	0.55	86
17.10.2022 00:00	0.555	0.5750000000000001	0.55	0.5750000000000001	426
18.10.2022 00:00	0.5700000000000001	0.5750000000000001	0.5700000000000001	0.5750000000000001	25
19.10.2022 00:00	0.5750000000000001	0.58	0.56	0.5750000000000001	171
20.10.2022 00:00	0.5650000000000001	0.585	0.555	0.585	336
21.10.2022 00:00	0.58	0.585	0.5750000000000001	0.5750000000000001	288
24.10.2022 00:00	0.58	0.6	0.5750000000000001	0.595	249
25.10.2022 00:00	0.595	0.615	0.59	0.605	1465
26.10.2022 00:00	0.605	0.63	0.595	0.61	1099
27.10.2022 00:00	0.605	0.665	0.605	0.65	4293
28.10.2022 00:00	0.65	0.685	0.645	0.675	2585
31.10.2022 00:00	0.67	0.6900000000000001	0.67	0.6900000000000001	1432
01.11.2022 00:00	0.685	0.6900000000000001	0.655	0.68	679
02.11.2022 00:00	0.68	0.685	0.67	0.685	400
03.11.2022 00:00	0.68	0.7000000000000001	0.67	0.6950000000000001	1553
07.11.2022 00:00	0.6900000000000001	0.71	0.685	0.6950000000000001	3126
08.11.2022 00:00	0.6950000000000001	0.715	0.6950000000000001	0.71	1073
09.11.2022 00:00	0.71	0.725	0.7000000000000001	0.72	1420
10.11.2022 00:00	0.705	0.8250000000000001	0.6950000000000001	0.74	4971
11.11.2022 00:00	0.73	0.74	0.725	0.735	352
14.11.2022 00:00	0.74	0.75	0.725	0.74	684
15.11.2022 00:00	0.74	0.755	0.73	0.75	747
16.11.2022 00:00	0.745	0.755	0.725	0.75	489
17.11.2022 00:00	0.75	0.755	0.735	0.74	895
18.11.2022 00:00	0.74	0.74	0.71	0.72	1048
21.11.2022 00:00	0.72	0.75	0.71	0.735	438
22.11.2022 00:00	0.735	0.75	0.735	0.745	238
23.11.2022 00:00	0.74	0.745	0.735	0.74	219
24.11.2022 00:00	0.74	0.75	0.715	0.74	802
25.11.2022 00:00	0.735	0.74	0.725	0.735	243
28.11.2022 00:00	0.73	0.745	0.72	0.735	2906
29.11.2022 00:00	0.735	0.755	0.725	0.725	576
30.11.2022 00:00	0.73	0.73	0.725	0.73	151
01.12.2022 00:00	0.73	0.73	0.725	0.73	109
02.12.2022 00:00	0.725	0.735	0.715	0.725	2678
05.12.2022 00:00	0.72	0.73	0.705	0.72	1212
06.12.2022 00:00	0.72	0.72	0.71	0.72	513
07.12.2022 00:00	0.71	0.72	0.71	0.715	182
08.12.2022 00:00	0.72	0.72	0.715	0.715	181
09.12.2022 00:00	0.715	0.715	0.71	0.715	136
12.12.2022 00:00	0.715	0.72	0.705	0.715	1271
13.12.2022 00:00	0.71	0.715	0.71	0.71	207
14.12.2022 00:00	0.71	0.71	0.705	0.71	142
15.12.2022 00:00	0.71	0.71	0.7000000000000001	0.705	293
16.12.2022 00:00	0.705	0.705	0.6950000000000001	0.7000000000000001	286
19.12.2022 00:00	0.705	0.705	0.6950000000000001	0.7000000000000001	382
20.12.2022 00:00	0.705	0.715	0.7000000000000001	0.705	273
21.12.2022 00:00	0.71	0.715	0.705	0.71	259
22.12.2022 00:00	0.71	0.71	0.705	0.705	107
23.12.2022 00:00	0.7000000000000001	0.705	0.7000000000000001	0.7000000000000001	90
26.12.2022 00:00	0.705	0.715	0.685	0.705	654
27.12.2022 00:00	0.705	0.72	0.705	0.71	705
28.12.2022 00:00	0.71	0.715	0.705	0.71	353
29.12.2022 00:00	0.71	0.72	0.71	0.715	72
30.12.2022 00:00	0.715	0.725	0.715	0.72	178
03.01.2023 00:00	0.725	0.725	0.715	0.72	447
04.01.2023 00:00	0.725	0.725	0.715	0.72	261
05.01.2023 00:00	0.72	0.735	0.715	0.72	712
06.01.2023 00:00	0.725	0.755	0.725	0.755	4072
09.01.2023 00:00	0.75	0.79	0.75	0.785	1453
10.01.2023 00:00	0.78	0.785	0.77	0.785	343
11.01.2023 00:00	0.785	0.79	0.755	0.78	924
12.01.2023 00:00	0.785	0.81	0.785	0.8	1031
13.01.2023 00:00	0.8	0.81	0.8	0.81	853
16.01.2023 00:00	0.81	0.845	0.81	0.84	1133
17.01.2023 00:00	0.835	0.855	0.8250000000000001	0.8300000000000001	568
18.01.2023 00:00	0.8300000000000001	0.855	0.8200000000000001	0.85	1111
19.01.2023 00:00	0.845	0.855	0.8250000000000001	0.8300000000000001	2082
20.01.2023 00:00	0.8300000000000001	0.84	0.8150000000000001	0.8150000000000001	1552
23.01.2023 00:00	0.8150000000000001	0.8300000000000001	0.8150000000000001	0.8300000000000001	362
24.01.2023 00:00	0.8300000000000001	0.855	0.8250000000000001	0.8250000000000001	286
25.01.2023 00:00	0.8300000000000001	0.84	0.8200000000000001	0.8200000000000001	298
26.01.2023 00:00	0.8200000000000001	0.8200000000000001	0.81	0.81	1576
27.01.2023 00:00	0.81	0.8150000000000001	0.795	0.795	1060
30.01.2023 00:00	0.8	0.81	0.8	0.8	221
31.01.2023 00:00	0.81	0.81	0.795	0.805	480
01.02.2023 00:00	0.81	0.81	0.8	0.805	276
02.02.2023 00:00	0.81	0.8250000000000001	0.8	0.81	588
03.02.2023 00:00	0.81	0.81	0.805	0.81	459
06.02.2023 00:00	0.81	0.8250000000000001	0.81	0.8200000000000001	451
07.02.2023 00:00	0.8200000000000001	0.85	0.8150000000000001	0.8200000000000001	524
08.02.2023 00:00	0.8250000000000001	0.855	0.8200000000000001	0.8250000000000001	550
09.02.2023 00:00	0.8250000000000001	0.865	0.8200000000000001	0.85	1088
10.02.2023 00:00	0.85	0.935	0.8300000000000001	0.89	2500
13.02.2023 00:00	0.9	0.92	0.855	0.865	965
14.02.2023 00:00	0.855	0.9450000000000001	0.81	0.9	5319
15.02.2023 00:00	0.875	0.89	0.85	0.85	1068
16.02.2023 00:00	0.85	0.9	0.85	0.88	901
17.02.2023 00:00	0.9	0.925	0.88	0.91	1348
20.02.2023 00:00	0.91	1.06	0.89	0.905	36994
21.02.2023 00:00	0.925	0.975	0.89	0.93	4036
22.02.2023 00:00	0.93	0.935	0.92	0.935	252
24.02.2023 00:00	0.925	0.935	0.92	0.935	446
27.02.2023 00:00	0.915	0.99	0.915	0.975	1504
28.02.2023 00:00	0.975	1.03	0.9550000000000001	0.99	2634
01.03.2023 00:00	1.0050000000000001	1.175	1.0050000000000001	1.0150000000000001	8299
02.03.2023 00:00	1.0150000000000001	1.02	0.98	0.995	1112
03.03.2023 00:00	1.0	1.03	0.99	1.0150000000000001	414
06.03.2023 00:00	1.03	1.06	1.0050000000000001	1.03	664
07.03.2023 00:00	1.03	1.06	1.03	1.03	185
09.03.2023 00:00	1.05	1.06	1.04	1.05	419
10.03.2023 00:00	1.06	1.06	1.04	1.05	273
13.03.2023 00:00	1.04	1.09	1.03	1.08	1310
14.03.2023 00:00	1.06	1.1	1.06	1.07	308
15.03.2023 00:00	1.1	1.12	1.08	1.09	1251
16.03.2023 00:00	1.12	1.165	1.08	1.1	5520
17.03.2023 00:00	1.1	1.11	1.05	1.11	729
20.03.2023 00:00	1.11	1.125	1.09	1.1	1040
21.03.2023 00:00	1.12	1.12	1.11	1.11	320
22.03.2023 00:00	1.11	1.12	1.1	1.12	583
23.03.2023 00:00	1.12	1.145	1.11	1.125	302
24.03.2023 00:00	1.12	1.185	1.12	1.125	4969
27.03.2023 00:00	1.125	1.155	1.11	1.12	3156
28.03.2023 00:00	1.125	1.1300000000000001	1.12	1.125	153
29.03.2023 00:00	1.125	1.155	1.125	1.1400000000000001	359
30.03.2023 00:00	1.1400000000000001	1.165	1.12	1.155	2376
31.03.2023 00:00	1.185	1.185	1.1400000000000001	1.175	891
03.04.2023 00:00	1.175	1.245	1.145	1.165	3688
04.04.2023 00:00	1.175	1.175	1.165	1.175	1107
05.04.2023 00:00	1.175	1.195	1.165	1.195	848
06.04.2023 00:00	1.195	1.195	1.185	1.195	730
07.04.2023 00:00	1.195	1.235	1.185	1.205	2714
10.04.2023 00:00	1.23	1.28	1.205	1.2650000000000001	3944
11.04.2023 00:00	1.25	1.34	1.25	1.29	3333
12.04.2023 00:00	1.3	1.3	1.2550000000000001	1.28	399
13.04.2023 00:00	1.29	1.35	1.27	1.3	2606
14.04.2023 00:00	1.33	1.34	1.3	1.33	2517
17.04.2023 00:00	1.3900000000000001	1.435	1.35	1.415	4615
18.04.2023 00:00	1.425	1.425	1.35	1.405	2317
19.04.2023 00:00	1.405	1.415	1.34	1.375	1216
20.04.2023 00:00	1.375	1.3800000000000001	1.32	1.37	2194
21.04.2023 00:00	1.375	1.375	1.31	1.375	2268
24.04.2023 00:00	1.375	1.475	1.36	1.37	11032
25.04.2023 00:00	1.3900000000000001	1.48	1.37	1.415	6417
26.04.2023 00:00	1.415	1.415	1.375	1.395	2156
27.04.2023 00:00	1.3900000000000001	1.5150000000000001	1.3800000000000001	1.465	9975
28.04.2023 00:00	1.465	1.465	1.3900000000000001	1.435	4639
02.05.2023 00:00	1.445	1.5050000000000001	1.405	1.445	6365
03.05.2023 00:00	1.445	1.445	1.405	1.435	1393
04.05.2023 00:00	1.415	1.445	1.415	1.425	1336
05.05.2023 00:00	1.445	1.465	1.415	1.465	1485
08.05.2023 00:00	1.425	1.475	1.425	1.455	717
10.05.2023 00:00	1.435	1.495	1.425	1.48	1540
11.05.2023 00:00	1.48	1.495	1.465	1.495	1452
12.05.2023 00:00	1.475	1.495	1.465	1.495	506
15.05.2023 00:00	1.48	1.52	1.475	1.5150000000000001	1848
16.05.2023 00:00	1.5150000000000001	1.555	1.445	1.5150000000000001	1779
17.05.2023 00:00	1.5350000000000001	1.6	1.5150000000000001	1.555	4519
18.05.2023 00:00	1.555	2.17	1.52	1.915	21195
19.05.2023 00:00	1.925	1.935	1.695	1.835	8028
22.05.2023 00:00	1.835	1.84	1.705	1.7750000000000001	3733
23.05.2023 00:00	1.8	1.9000000000000001	1.735	1.87	3437
24.05.2023 00:00	1.8900000000000001	1.975	1.7650000000000001	1.87	3159
25.05.2023 00:00	1.895	1.935	1.86	1.8800000000000001	1109
26.05.2023 00:00	1.8800000000000001	1.985	1.85	1.94	2762
29.05.2023 00:00	1.94	1.995	1.895	1.945	1782
30.05.2023 00:00	1.945	1.955	1.9100000000000001	1.94	1676
31.05.2023 00:00	1.955	1.96	1.895	1.915	2198
01.06.2023 00:00	1.93	1.935	1.915	1.93	739
02.06.2023 00:00	1.925	1.975	1.8	1.895	7291
05.06.2023 00:00	1.895	1.935	1.895	1.93	1916
06.06.2023 00:00	1.94	2.165	1.85	1.935	12168
07.06.2023 00:00	1.965	2.025	1.9100000000000001	1.98	2575
08.06.2023 00:00	1.985	2.045	1.955	2.025	1728
09.06.2023 00:00	2.02	2.06	1.815	1.975	6268
13.06.2023 00:00	1.975	1.995	1.945	1.985	1688
14.06.2023 00:00	1.975	2.0	1.975	1.995	1070
15.06.2023 00:00	1.995	2.035	1.995	2.035	1306
16.06.2023 00:00	2.035	2.125	2.02	2.1	3074
19.06.2023 00:00	2.125	2.375	2.055	2.185	14841
20.06.2023 00:00	2.21	2.21	2.105	2.18	3435
21.06.2023 00:00	2.18	2.245	2.16	2.19	2666
22.06.2023 00:00	2.24	2.245	2.2	2.205	1724
23.06.2023 00:00	2.22	2.23	2.105	2.165	3708
26.06.2023 00:00	2.18	2.205	2.015	2.185	6017
27.06.2023 00:00	2.185	2.2	2.1	2.15	2897
28.06.2023 00:00	2.16	2.35	2.14	2.185	18738
29.06.2023 00:00	2.24	2.245	2.14	2.15	4619
30.06.2023 00:00	2.14	2.145	2.055	2.13	7170
03.07.2023 00:00	2.13	2.49	2.065	2.145	74855
04.07.2023 00:00	1.935	2.04	1.85	1.975	14167
05.07.2023 00:00	1.975	2.06	1.975	2.015	3238
06.07.2023 00:00	1.995	2.095	1.995	2.06	2872
07.07.2023 00:00	2.08	2.08	2.0	2.06	1872
10.07.2023 00:00	2.055	2.06	2.005	2.035	2558
11.07.2023 00:00	2.055	2.055	1.995	2.035	2825
12.07.2023 00:00	2.035	2.04	2.025	2.035	843
13.07.2023 00:00	2.045	2.08	2.035	2.045	1348
14.07.2023 00:00	2.055	2.1	2.035	2.095	2713
17.07.2023 00:00	2.095	2.14	2.08	2.105	2304
18.07.2023 00:00	2.115	2.145	2.08	2.125	3725
19.07.2023 00:00	2.125	2.245	2.08	2.225	5163
20.07.2023 00:00	2.225	2.295	2.12	2.21	5129
21.07.2023 00:00	2.21	2.295	2.185	2.25	1891
24.07.2023 00:00	2.285	2.315	2.22	2.285	2371
25.07.2023 00:00	2.29	2.355	2.29	2.33	1632
26.07.2023 00:00	2.355	2.395	2.33	2.33	2192
27.07.2023 00:00	2.33	2.625	2.33	2.475	20375
28.07.2023 00:00	2.45	2.475	2.395	2.45	2692
31.07.2023 00:00	2.49	2.555	2.45	2.515	4717
01.08.2023 00:00	2.575	2.745	2.56	2.62	16134
02.08.2023 00:00	2.645	2.68	2.58	2.62	3350
03.08.2023 00:00	2.68	2.68	2.505	2.64	3527
04.08.2023 00:00	2.64	2.745	2.515	2.63	6764
07.08.2023 00:00	2.725	2.895	2.64	2.88	4880
08.08.2023 00:00	2.915	3.245	2.765	3.18	12873
09.08.2023 00:00	3.2	3.495	3.1	3.495	16431
10.08.2023 00:00	3.505	3.755	2.31	2.895	13007
11.08.2023 00:00	2.895	2.995	2.755	2.995	2952
14.08.2023 00:00	3.0	3.225	2.895	2.95	4926
15.08.2023 00:00	2.92	2.95	2.805	2.83	2260
16.08.2023 00:00	2.87	2.87	2.515	2.68	3705
17.08.2023 00:00	2.69	2.7	2.515	2.6	3403
18.08.2023 00:00	2.685	2.87	2.6	2.765	1697
21.08.2023 00:00	2.77	3.045	2.75	2.93	11083
22.08.2023 00:00	3.225	3.475	2.965	3.095	7415
23.08.2023 00:00	3.095	3.105	2.935	2.99	3822
24.08.2023 00:00	3.2	3.2	2.85	2.975	1825
25.08.2023 00:00	2.955	3.045	2.87	2.955	1767
28.08.2023 00:00	2.975	3.02	2.93	3.0	2287
29.08.2023 00:00	3.1	3.1	2.955	2.965	1281
30.08.2023 00:00	2.995	2.995	2.85	2.93	2459
31.08.2023 00:00	2.975	2.99	2.895	2.93	955
01.09.2023 00:00	2.92	2.99	2.91	2.95	1055
04.09.2023 00:00	2.95	2.99	2.915	2.965	1623
05.09.2023 00:00	2.965	3.145	2.955	3.105	7359
06.09.2023 00:00	3.105	3.16	3.035	3.095	3907
07.09.2023 00:00	3.12	3.18	2.715	2.93	5433
08.09.2023 00:00	2.95	2.95	2.765	2.85	1566
11.09.2023 00:00	2.95	2.95	2.795	2.815	845
12.09.2023 00:00	2.745	2.95	2.745	2.89	1296
13.09.2023 00:00	2.865	2.93	2.68	2.745	1784
14.09.2023 00:00	2.745	2.825	2.495	2.6	3155
15.09.2023 00:00	2.6	2.975	2.6	2.805	2853
18.09.2023 00:00	2.94	2.94	2.745	2.835	1160
19.09.2023 00:00	2.795	2.87	2.605	2.725	1727
20.09.2023 00:00	2.605	2.805	2.505	2.605	1766
21.09.2023 00:00	2.62	2.64	2.515	2.585	700
22.09.2023 00:00	2.535	2.665	2.52	2.6550000000000002	450
25.09.2023 00:00	2.665	2.74	2.6	2.68	711
26.09.2023 00:00	2.725	2.725	2.52	2.6	1363
27.09.2023 00:00	2.66	2.665	2.575	2.6	993
28.09.2023 00:00	2.645	2.645	2.555	2.64	782
29.09.2023 00:00	2.645	2.645	2.5300000000000002	2.615	620
02.10.2023 00:00	2.62	2.645	2.56	2.58	467
03.10.2023 00:00	2.585	2.615	2.535	2.565	1069
04.10.2023 00:00	2.565	2.63	2.56	2.58	430
05.10.2023 00:00	2.58	2.64	2.56	2.625	722
06.10.2023 00:00	2.6	2.63	2.6	2.625	262
09.10.2023 00:00	2.645	2.645	2.555	2.62	559
10.10.2023 00:00	2.645	2.645	2.56	2.64	884
11.10.2023 00:00	2.64	2.725	2.58	2.625	1402
12.10.2023 00:00	2.6	2.68	2.555	2.68	17052
13.10.2023 00:00	2.665	2.7	2.605	2.645	442
16.10.2023 00:00	2.7	2.79	2.645	2.725	793
17.10.2023 00:00	2.75	2.95	2.705	2.805	13300
18.10.2023 00:00	2.805	2.93	2.74	2.895	17126
19.10.2023 00:00	2.895	3.0	2.73	2.83	1431
20.10.2023 00:00	2.88	2.88	2.685	2.74	463
23.10.2023 00:00	2.725	2.805	2.66	2.765	683
24.10.2023 00:00	2.89	2.89	2.73	2.73	524
25.10.2023 00:00	2.77	2.83	2.725	2.795	328
26.10.2023 00:00	2.77	2.815	2.705	2.725	374
27.10.2023 00:00	2.755	2.785	2.66	2.745	881
30.10.2023 00:00	2.745	2.755	2.645	2.69	1478
31.10.2023 00:00	2.705	2.725	2.54	2.565	1509
01.11.2023 00:00	2.565	2.63	2.495	2.62	761
02.11.2023 00:00	2.56	2.73	2.56	2.64	503
03.11.2023 00:00	2.64	2.64	2.4050000000000002	2.54	2413
06.11.2023 00:00	2.625	2.64	2.475	2.5300000000000002	20591
07.11.2023 00:00	2.555	2.555	2.48	2.5300000000000002	310
08.11.2023 00:00	2.505	2.545	2.45	2.505	1194
09.11.2023 00:00	2.505	2.535	2.495	2.5300000000000002	184
10.11.2023 00:00	2.5300000000000002	2.5300000000000002	2.415	2.45	709
13.11.2023 00:00	2.475	2.475	2.24	2.24	1551
14.11.2023 00:00	2.31	2.31	1.995	2.095	1948
15.11.2023 00:00	2.095	2.33	2.055	2.315	1263
16.11.2023 00:00	2.39	2.455	2.33	2.365	1155
17.11.2023 00:00	2.34	2.39	2.335	2.35	429
20.11.2023 00:00	2.34	2.365	2.33	2.335	335
21.11.2023 00:00	2.335	2.375	2.33	2.335	259
22.11.2023 00:00	2.335	2.375	2.33	2.335	379
23.11.2023 00:00	2.33	2.35	2.255	2.265	736
24.11.2023 00:00	2.2	2.255	2.2	2.225	432
27.11.2023 00:00	2.225	2.2800000000000002	2.16	2.17	484
28.11.2023 00:00	2.145	2.33	2.12	2.285	1055
29.11.2023 00:00	2.295	2.295	2.14	2.18	778
30.11.2023 00:00	2.18	2.18	2.015	2.08	1164
01.12.2023 00:00	2.06	2.125	2.045	2.045	551
04.12.2023 00:00	2.045	2.055	1.9100000000000001	1.975	1790
05.12.2023 00:00	1.975	2.02	1.895	1.975	1691
06.12.2023 00:00	2.015	2.06	2.0	2.015	496
07.12.2023 00:00	2.0	2.015	1.93	2.0	803
08.12.2023 00:00	2.015	2.105	1.995	2.08	236
11.12.2023 00:00	2.085	2.085	1.995	2.055	812
12.12.2023 00:00	2.015	2.1	2.005	2.035	630
13.12.2023 00:00	2.06	2.125	2.035	2.06	387
14.12.2023 00:00	2.06	2.2	2.06	2.075	528
15.12.2023 00:00	2.075	2.145	2.065	2.14	387
18.12.2023 00:00	2.14	2.2800000000000002	2.14	2.225	649
19.12.2023 00:00	2.205	2.295	2.205	2.225	366
20.12.2023 00:00	2.29	2.35	2.145	2.35	833
21.12.2023 00:00	2.33	2.43	2.22	2.315	1857
22.12.2023 00:00	2.295	2.35	2.295	2.305	431
25.12.2023 00:00	2.295	2.31	2.24	2.25	388
26.12.2023 00:00	2.255	2.2800000000000002	2.225	2.225	620
27.12.2023 00:00	2.225	2.575	2.2	2.475	4050
28.12.2023 00:00	2.475	2.495	2.375	2.415	766
29.12.2023 00:00	2.39	2.475	2.35	2.435	368
03.01.2024 00:00	2.435	2.565	2.435	2.46	574
04.01.2024 00:00	2.535	2.62	2.495	2.565	938
05.01.2024 00:00	2.565	2.64	2.565	2.64	336
08.01.2024 00:00	2.64	2.995	2.64	2.87	5874
09.01.2024 00:00	2.875	2.995	2.795	2.855	1046
10.01.2024 00:00	2.865	2.865	2.75	2.795	936
11.01.2024 00:00	2.795	2.795	2.545	2.745	946
12.01.2024 00:00	2.7	2.79	2.7	2.725	607
15.01.2024 00:00	2.745	2.785	2.68	2.745	1263
16.01.2024 00:00	2.75	2.89	2.705	2.7800000000000002	2680
17.01.2024 00:00	2.7800000000000002	2.825	2.73	2.785	741
18.01.2024 00:00	2.84	2.88	2.745	2.77	399
19.01.2024 00:00	2.77	2.85	2.755	2.795	434
22.01.2024 00:00	2.81	2.83	2.74	2.805	962
23.01.2024 00:00	2.81	2.94	2.785	2.91	2684
24.01.2024 00:00	2.935	2.95	2.85	2.87	839
25.01.2024 00:00	2.875	2.875	2.805	2.85	601
26.01.2024 00:00	2.87	2.87	2.79	2.815	239
29.01.2024 00:00	2.85	2.87	2.825	2.85	390
30.01.2024 00:00	2.855	2.855	2.805	2.815	757
31.01.2024 00:00	2.825	2.875	2.785	2.85	632
01.02.2024 00:00	2.795	2.85	2.7800000000000002	2.79	257
02.02.2024 00:00	2.785	2.785	2.74	2.765	317
05.02.2024 00:00	2.765	2.825	2.74	2.81	323
06.02.2024 00:00	2.81	2.81	2.7800000000000002	2.785	277
07.02.2024 00:00	2.805	2.825	2.785	2.815	335
08.02.2024 00:00	2.815	2.815	2.765	2.785	118
09.02.2024 00:00	2.765	2.795	2.7	2.715	467
12.02.2024 00:00	2.725	2.745	2.645	2.745	302
13.02.2024 00:00	2.745	2.805	2.745	2.805	336
14.02.2024 00:00	2.83	2.83	2.7800000000000002	2.815	218
15.02.2024 00:00	2.83	2.83	2.7	2.825	588
16.02.2024 00:00	2.825	2.84	2.795	2.835	646
19.02.2024 00:00	2.85	2.855	2.805	2.825	1414
20.02.2024 00:00	2.815	2.83	2.785	2.785	155
21.02.2024 00:00	2.7800000000000002	2.805	2.665	2.715	413
22.02.2024 00:00	2.725	2.765	2.66	2.7	364
26.02.2024 00:00	2.705	2.83	2.705	2.785	304
27.02.2024 00:00	2.74	2.935	2.74	2.795	960
28.02.2024 00:00	2.85	2.875	2.7800000000000002	2.7800000000000002	523
29.02.2024 00:00	2.765	2.79	2.7	2.7800000000000002	336
01.03.2024 00:00	2.765	2.83	2.765	2.815	408
04.03.2024 00:00	2.83	2.895	2.715	2.755	1161
05.03.2024 00:00	2.755	2.79	2.7	2.765	843
06.03.2024 00:00	2.755	2.805	2.74	2.7800000000000002	288
07.03.2024 00:00	2.79	2.83	2.765	2.79	225
11.03.2024 00:00	2.785	2.785	2.705	2.755	815
12.03.2024 00:00	2.77	2.785	2.715	2.75	242
13.03.2024 00:00	2.765	3.18	2.765	3.025	25296
14.03.2024 00:00	3.035	3.1	2.805	2.83	5147
15.03.2024 00:00	2.835	2.91	2.83	2.83	749
18.03.2024 00:00	2.855	2.875	2.795	2.795	1034
19.03.2024 00:00	2.805	2.835	2.785	2.815	797
20.03.2024 00:00	2.795	2.855	2.765	2.805	470
21.03.2024 00:00	2.805	2.84	2.795	2.83	549
22.03.2024 00:00	2.815	2.955	2.815	2.895	1611
25.03.2024 00:00	2.915	2.975	2.805	2.835	1106
26.03.2024 00:00	2.85	3.12	2.815	2.975	10904
27.03.2024 00:00	2.975	2.975	2.855	2.89	1904
28.03.2024 00:00	2.89	2.95	2.855	2.935	659
29.03.2024 00:00	2.915	2.955	2.87	2.895	654
01.04.2024 00:00	2.915	2.92	2.825	2.835	1513
02.04.2024 00:00	2.835	2.875	2.795	2.825	1466
03.04.2024 00:00	2.825	2.85	2.785	2.805	2779
04.04.2024 00:00	2.815	2.815	2.765	2.815	765
05.04.2024 00:00	2.83	2.835	2.7800000000000002	2.79	435
08.04.2024 00:00	2.805	2.87	2.805	2.87	845
09.04.2024 00:00	2.84	2.875	2.815	2.85	786
10.04.2024 00:00	2.815	2.85	2.805	2.835	271
11.04.2024 00:00	2.895	2.895	2.81	2.81	619
12.04.2024 00:00	2.81	3.055	2.81	2.955	4266
15.04.2024 00:00	3.045	3.075	2.935	2.94	2104
16.04.2024 00:00	2.99	3.035	2.92	2.95	1127
17.04.2024 00:00	2.95	3.105	2.95	2.965	3168
18.04.2024 00:00	2.965	2.995	2.955	2.965	355
19.04.2024 00:00	2.965	2.98	2.915	2.94	1062
22.04.2024 00:00	2.965	3.035	2.935	2.995	910
23.04.2024 00:00	2.955	2.995	2.95	2.95	408
24.04.2024 00:00	2.95	3.16	2.91	2.93	7301
25.04.2024 00:00	2.955	2.965	2.89	2.9050000000000002	976
26.04.2024 00:00	2.91	2.975	2.91	2.975	364
27.04.2024 00:00	2.975	2.99	2.935	2.965	370
29.04.2024 00:00	2.935	2.995	2.935	2.975	412
30.04.2024 00:00	2.955	2.98	2.955	2.975	84
02.05.2024 00:00	2.98	3.015	2.955	2.96	622
03.05.2024 00:00	2.975	2.975	2.95	2.975	158
06.05.2024 00:00	2.975	3.1	2.965	3.015	941
07.05.2024 00:00	3.035	3.105	2.955	3.025	2258
08.05.2024 00:00	3.025	3.15	3.025	3.145	3249
10.05.2024 00:00	3.15	3.305	3.12	3.17	2928
13.05.2024 00:00	3.18	3.605	3.18	3.545	16119
14.05.2024 00:00	3.545	3.715	3.37	3.39	7058
15.05.2024 00:00	3.395	3.49	3.365	3.39	2734
16.05.2024 00:00	3.395	3.435	3.225	3.2800000000000002	3541
17.05.2024 00:00	3.295	3.295	3.265	3.285	303
20.05.2024 00:00	3.29	3.305	3.18	3.225	744
21.05.2024 00:00	3.225	3.24	3.055	3.12	1379
22.05.2024 00:00	3.145	3.205	3.12	3.18	356
23.05.2024 00:00	3.19	3.23	3.1	3.14	964
24.05.2024 00:00	3.185	3.295	3.08	3.21	1405
27.05.2024 00:00	3.205	3.21	3.045	3.045	1388
28.05.2024 00:00	2.9050000000000002	3.12	2.9050000000000002	3.0	795
29.05.2024 00:00	3.035	3.06	2.915	2.92	551
30.05.2024 00:00	2.92	3.045	2.92	3.015	697
31.05.2024 00:00	2.995	2.995	2.84	2.87	1005
03.06.2024 00:00	2.85	2.915	2.755	2.89	1131
04.06.2024 00:00	2.955	3.145	2.895	3.035	1307
05.06.2024 00:00	3.045	3.105	2.965	3.025	870
06.06.2024 00:00	3.055	3.085	2.995	3.005	312
07.06.2024 00:00	3.045	3.265	2.995	3.165	1006
10.06.2024 00:00	3.17	3.245	3.145	3.18	829
11.06.2024 00:00	3.18	3.185	3.06	3.105	585
13.06.2024 00:00	2.85	3.17	2.83	3.13	1035
14.06.2024 00:00	3.08	3.15	2.995	3.065	1171
17.06.2024 00:00	3.085	3.1	2.955	3.02	775
18.06.2024 00:00	3.08	3.08	2.975	2.99	629
19.06.2024 00:00	2.995	2.995	2.855	2.875	940
20.06.2024 00:00	2.96	2.965	2.715	2.935	1617
21.06.2024 00:00	2.935	2.965	2.915	2.915	432
24.06.2024 00:00	2.955	2.995	2.93	2.975	350
25.06.2024 00:00	2.955	3.04	2.955	2.98	250
26.06.2024 00:00	3.04	3.04	2.965	3.035	263
27.06.2024 00:00	3.04	3.055	3.0	3.005	245
28.06.2024 00:00	3.045	3.08	2.955	3.015	1576
01.07.2024 00:00	3.04	3.08	3.025	3.025	598
02.07.2024 00:00	3.04	3.065	3.035	3.035	594
03.07.2024 00:00	3.035	3.1	2.96	3.015	941
04.07.2024 00:00	3.015	3.08	2.975	3.08	3105
05.07.2024 00:00	2.83	2.91	2.7800000000000002	2.835	2346
08.07.2024 00:00	2.835	2.835	2.7800000000000002	2.785	569
09.07.2024 00:00	2.83	2.83	2.6550000000000002	2.685	505
10.07.2024 00:00	2.685	2.69	2.555	2.58	342
11.07.2024 00:00	2.58	2.815	2.58	2.79	665
12.07.2024 00:00	2.79	2.87	2.75	2.765	231
15.07.2024 00:00	2.7800000000000002	2.805	2.755	2.755	229
16.07.2024 00:00	2.765	2.785	2.7	2.745	331
17.07.2024 00:00	2.785	2.785	2.715	2.755	254
18.07.2024 00:00	2.77	2.7800000000000002	2.7	2.7800000000000002	183
19.07.2024 00:00	2.755	2.805	2.755	2.785	325
22.07.2024 00:00	2.77	2.89	2.77	2.875	349
23.07.2024 00:00	2.85	2.93	2.83	2.89	241
24.07.2024 00:00	2.915	2.915	2.85	2.88	113
25.07.2024 00:00	2.88	2.915	2.865	2.875	181
26.07.2024 00:00	2.87	3.08	2.825	2.955	1071
29.07.2024 00:00	2.955	3.025	2.895	2.895	494
30.07.2024 00:00	2.895	2.99	2.895	2.91	396
31.07.2024 00:00	2.975	2.995	2.89	2.99	504
01.08.2024 00:00	2.93	2.995	2.88	2.955	406
02.08.2024 00:00	2.995	2.995	2.895	2.935	457
05.08.2024 00:00	2.935	2.94	2.79	2.92	1222
06.08.2024 00:00	2.92	2.975	2.875	2.93	238
07.08.2024 00:00	2.93	2.955	2.87	2.95	176
08.08.2024 00:00	2.92	2.975	2.91	2.915	566
09.08.2024 00:00	2.875	2.95	2.875	2.93	115
12.08.2024 00:00	2.93	2.96	2.915	2.96	102
13.08.2024 00:00	2.93	3.035	2.93	3.0	377
14.08.2024 00:00	3.0	3.065	2.975	2.975	264
15.08.2024 00:00	2.975	2.995	2.9050000000000002	2.995	335
16.08.2024 00:00	2.995	3.025	2.94	2.995	252
19.08.2024 00:00	3.015	3.2	2.935	2.965	664
20.08.2024 00:00	2.995	3.035	2.93	2.995	373
21.08.2024 00:00	2.975	2.995	2.935	2.98	442
22.08.2024 00:00	2.99	2.995	2.93	2.935	655
23.08.2024 00:00	2.955	3.02	2.91	2.965	1459
26.08.2024 00:00	2.955	3.12	2.95	2.995	1192
27.08.2024 00:00	2.995	3.185	2.995	3.035	314
28.08.2024 00:00	3.13	3.14	2.965	2.995	236
29.08.2024 00:00	2.965	2.995	2.93	2.95	404
30.08.2024 00:00	2.955	2.99	2.93	2.965	325
02.09.2024 00:00	2.99	2.99	2.795	2.95	2471
03.09.2024 00:00	2.95	3.015	2.835	2.91	486
04.09.2024 00:00	2.895	3.1	2.805	2.95	701
05.09.2024 00:00	2.965	3.055	2.83	2.93	545
06.09.2024 00:00	2.89	2.965	2.89	2.955	63
09.09.2024 00:00	2.91	2.995	2.91	2.95	151
10.09.2024 00:00	2.995	3.005	2.95	2.95	174
11.09.2024 00:00	2.95	3.025	2.93	2.995	247
12.09.2024 00:00	3.025	3.025	2.93	2.975	228
13.09.2024 00:00	2.975	2.995	2.7800000000000002	2.93	1574
16.09.2024 00:00	2.87	3.025	2.835	2.975	543
17.09.2024 00:00	2.93	3.065	2.84	2.995	965
18.09.2024 00:00	3.005	3.005	2.975	2.99	60
19.09.2024 00:00	2.995	3.035	2.965	3.0	187
20.09.2024 00:00	3.005	3.02	2.975	3.015	129
23.09.2024 00:00	3.015	3.035	2.975	2.995	187
24.09.2024 00:00	3.015	3.025	2.96	3.025	262
25.09.2024 00:00	3.025	3.035	2.98	2.995	291
26.09.2024 00:00	2.98	3.045	2.975	2.995	467
27.09.2024 00:00	3.015	3.04	2.995	3.02	170
30.09.2024 00:00	3.02	3.045	2.955	3.015	717
01.10.2024 00:00	3.035	3.1	2.975	3.035	615
02.10.2024 00:00	3.035	3.075	2.995	3.035	191
03.10.2024 00:00	3.055	3.08	3.035	3.065	262
04.10.2024 00:00	3.065	3.105	2.995	3.045	1351
07.10.2024 00:00	3.06	3.16	3.025	3.095	873
08.10.2024 00:00	3.12	3.125	3.08	3.12	200
09.10.2024 00:00	3.095	3.145	3.095	3.145	190
10.10.2024 00:00	3.205	3.205	3.095	3.095	241
11.10.2024 00:00	3.17	3.17	3.08	3.08	122
14.10.2024 00:00	3.085	3.165	3.065	3.14	333
15.10.2024 00:00	3.14	3.145	3.105	3.14	483
16.10.2024 00:00	3.13	3.22	3.13	3.185	732
17.10.2024 00:00	3.19	3.2	3.16	3.16	262
18.10.2024 00:00	3.185	3.185	3.125	3.145	593
21.10.2024 00:00	3.105	3.165	3.105	3.16	148
22.10.2024 00:00	3.14	3.145	3.065	3.12	241
23.10.2024 00:00	3.1	3.16	3.08	3.16	1075
24.10.2024 00:00	3.165	3.22	3.1	3.14	603
25.10.2024 00:00	3.14	3.19	3.12	3.18	344
28.10.2024 00:00	3.18	3.18	3.085	3.115	454
29.10.2024 00:00	3.115	3.22	3.085	3.185	496
30.10.2024 00:00	3.185	3.205	3.165	3.19	249
31.10.2024 00:00	3.19	3.205	3.145	3.205	172
01.11.2024 00:00	3.18	3.265	3.18	3.245	142
02.11.2024 00:00	3.255	3.255	3.14	3.18	123
05.11.2024 00:00	3.18	3.23	3.18	3.21	300
06.11.2024 00:00	3.16	3.285	3.16	3.225	228
07.11.2024 00:00	3.205	3.285	3.205	3.285	162
08.11.2024 00:00	3.23	3.37	3.145	3.265	531
11.11.2024 00:00	3.315	3.42	3.305	3.395	725
12.11.2024 00:00	3.395	3.495	3.245	3.415	1120
13.11.2024 00:00	3.44	3.46	3.39	3.46	264
14.11.2024 00:00	3.475	3.52	3.465	3.505	490
15.11.2024 00:00	3.515	3.615	3.41	3.615	1069
18.11.2024 00:00	3.565	3.66	3.395	3.515	1194
19.11.2024 00:00	3.515	3.515	3.33	3.39	802
20.11.2024 00:00	3.42	3.49	3.395	3.45	431
21.11.2024 00:00	3.45	3.585	3.395	3.46	552
22.11.2024 00:00	3.465	3.64	3.44	3.54	878
25.11.2024 00:00	3.59	3.605	3.475	3.54	417
26.11.2024 00:00	3.465	3.535	3.365	3.41	918
27.11.2024 00:00	3.45	3.63	3.295	3.435	505
28.11.2024 00:00	3.495	3.545	3.355	3.42	316
29.11.2024 00:00	3.41	3.49	3.335	3.45	713
02.12.2024 00:00	3.43	3.45	3.37	3.38	694
03.12.2024 00:00	3.395	3.43	3.37	3.4050000000000002	218
04.12.2024 00:00	3.45	3.48	3.35	3.395	426
05.12.2024 00:00	3.375	3.495	3.365	3.415	434
06.12.2024 00:00	3.395	3.515	3.395	3.49	313
09.12.2024 00:00	3.495	3.62	3.495	3.545	600
10.12.2024 00:00	3.545	3.625	3.505	3.625	736
11.12.2024 00:00	3.625	3.64	3.54	3.62	631
12.12.2024 00:00	3.64	3.645	3.555	3.565	257
13.12.2024 00:00	3.63	3.63	3.455	3.54	416
16.12.2024 00:00	3.54	3.62	3.54	3.565	700
17.12.2024 00:00	3.515	3.59	3.395	3.545	541
18.12.2024 00:00	3.6	3.62	3.535	3.575	204
19.12.2024 00:00	3.575	3.615	3.5300000000000002	3.585	113
20.12.2024 00:00	3.59	3.69	3.535	3.6550000000000002	792
23.12.2024 00:00	3.755	3.765	3.58	3.64	781
24.12.2024 00:00	3.605	3.77	3.605	3.7	325
25.12.2024 00:00	3.7	3.795	3.68	3.77	354
26.12.2024 00:00	3.77	3.87	3.715	3.755	511
27.12.2024 00:00	3.745	3.755	3.52	3.665	1039
28.12.2024 00:00	3.75	3.765	3.67	3.715	175
30.12.2024 00:00	3.685	3.87	3.685	3.755	398
03.01.2025 00:00	3.745	3.83	3.725	3.765	177
06.01.2025 00:00	3.83	3.98	3.745	3.865	916
08.01.2025 00:00	3.87	4.105	3.815	3.975	876
09.01.2025 00:00	4.09	4.75	3.805	3.895	7529
10.01.2025 00:00	3.895	4.7	3.84	4.135	4492
13.01.2025 00:00	4.24	4.45	4.13	4.325	1897
14.01.2025 00:00	4.325	4.625	4.32	4.625	1212
15.01.2025 00:00	4.625	4.625	4.385	4.47	2118
16.01.2025 00:00	4.575	4.575	4.325	4.41	1652
17.01.2025 00:00	4.11	4.405	4.11	4.22	1938
20.01.2025 00:00	4.23	4.425	4.17	4.2	798
21.01.2025 00:00	4.205	4.275	4.05	4.255	1033
22.01.2025 00:00	4.275	4.37	4.215	4.315	534
23.01.2025 00:00	4.305	4.325	4.22	4.265	242
24.01.2025 00:00	4.285	4.345	4.11	4.23	650
27.01.2025 00:00	4.24	4.245	4.105	4.14	374
28.01.2025 00:00	4.19	4.19	4.05	4.14	696
29.01.2025 00:00	4.14	4.17	4.12	4.155	154
30.01.2025 00:00	4.17	4.2	4.155	4.16	287
31.01.2025 00:00	4.16	4.17	4.12	4.12	145
03.02.2025 00:00	4.115	4.155	4.065	4.075	386
04.02.2025 00:00	4.075	4.14	4.07	4.125	158
05.02.2025 00:00	4.085	4.135	4.085	4.095	267
06.02.2025 00:00	4.095	4.16	4.095	4.16	117
07.02.2025 00:00	4.16	4.2	4.135	4.14	310
10.02.2025 00:00	4.19	4.195	4.105	4.11	162
11.02.2025 00:00	4.095	4.11	4.0	4.075	606
12.02.2025 00:00	4.095	4.105	4.05	4.085	119
13.02.2025 00:00	4.19	4.19	4.0	4.07	838
14.02.2025 00:00	4.065	4.16	4.045	4.09	497
17.02.2025 00:00	4.045	4.19	3.91	4.075	573
18.02.2025 00:00	4.105	4.115	4.07	4.07	239
19.02.2025 00:00	4.07	4.15	4.025	4.13	232
20.02.2025 00:00	4.075	4.125	4.075	4.08	95
21.02.2025 00:00	4.08	4.08	4.005	4.065	200
24.02.2025 00:00	4.085	4.3	4.025	4.12	852
25.02.2025 00:00	4.15	4.175	4.105	4.135	155
26.02.2025 00:00	4.135	4.2	4.12	4.12	240
27.02.2025 00:00	4.12	4.195	4.09	4.09	279
28.02.2025 00:00	4.09	4.205	3.995	4.11	883
03.03.2025 00:00	4.12	4.195	4.085	4.085	163
04.03.2025 00:00	4.17	4.17	4.095	4.125	75
05.03.2025 00:00	4.125	4.14	4.075	4.135	151
06.03.2025 00:00	4.13	4.165	4.075	4.125	167
07.03.2025 00:00	4.155	4.195	4.115	4.125	127
10.03.2025 00:00	4.11	4.155	4.105	4.125	86
11.03.2025 00:00	4.135	4.15	4.115	4.125	76
12.03.2025 00:00	4.105	4.115	4.07	4.075	150
13.03.2025 00:00	4.07	4.11	4.005	4.095	295
14.03.2025 00:00	4.09	4.095	4.025	4.095	158
17.03.2025 00:00	4.095	4.125	4.085	4.12	115
18.03.2025 00:00	4.11	4.125	4.095	4.11	42
19.03.2025 00:00	4.065	4.14	4.065	4.125	64
20.03.2025 00:00	4.12	4.19	4.12	4.15	167
21.03.2025 00:00	4.14	4.335	4.14	4.21	626
24.03.2025 00:00	4.285	4.42	4.22	4.325	849
25.03.2025 00:00	4.33	4.34	4.175	4.305	171
26.03.2025 00:00	4.205	4.305	4.195	4.3	246
27.03.2025 00:00	4.285	4.3	4.23	4.265	91
28.03.2025 00:00	4.255	4.465	4.21	4.32	553
31.03.2025 00:00	4.39	4.53	4.25	4.41	390
01.04.2025 00:00	4.32	4.425	4.305	4.39	211
02.04.2025 00:00	4.39	4.405	4.26	4.33	161
03.04.2025 00:00	4.325	4.67	4.325	4.445	940
04.04.2025 00:00	4.445	4.45	4.285	4.335	126
07.04.2025 00:00	4.285	4.33	4.07	4.325	559
08.04.2025 00:00	4.325	4.605	4.285	4.43	472
09.04.2025 00:00	4.365	4.48	4.16	4.245	461
10.04.2025 00:00	4.285	4.48	4.285	4.46	154
11.04.2025 00:00	4.38	4.57	4.38	4.545	123
14.04.2025 00:00	4.545	4.545	4.46	4.51	71
15.04.2025 00:00	4.57	4.575	4.455	4.455	34
16.04.2025 00:00	4.535	4.545	4.46	4.525	47
17.04.2025 00:00	4.525	4.535	4.49	4.535	33
18.04.2025 00:00	4.49	4.535	4.455	4.535	50
21.04.2025 00:00	4.54	4.62	4.535	4.545	124
22.04.2025 00:00	4.575	4.65	4.275	4.525	601
23.04.2025 00:00	4.545	4.545	4.36	4.525	145
24.04.2025 00:00	4.495	4.675	4.495	4.67	413
25.04.2025 00:00	4.585	4.835	4.545	4.75	475
28.04.2025 00:00	4.73	4.865	4.73	4.825	299
29.04.2025 00:00	4.865	4.87	4.73	4.78	204
30.04.2025 00:00	4.735	4.865	4.575	4.82	408
02.05.2025 00:00	4.845	4.88	4.605	4.75	259
05.05.2025 00:00	4.795	4.82	4.51	4.795	381
06.05.2025 00:00	4.845	4.86	4.705	4.745	331
07.05.2025 00:00	4.655	4.825	4.525	4.8	454
08.05.2025 00:00	4.8100000000000005	5.045	4.8100000000000005	4.87	615
12.05.2025 00:00	4.9350000000000005	5.155	4.885	5.125	1137
13.05.2025 00:00	5.13	5.335	4.28	4.57	3526
14.05.2025 00:00	4.57	4.825	4.48	4.7	1715
15.05.2025 00:00	4.715	4.87	4.465	4.61	785
16.05.2025 00:00	4.695	4.7	4.405	4.51	344
19.05.2025 00:00	4.575	4.825	4.5600000000000005	4.78	987
20.05.2025 00:00	4.79	4.84	4.705	4.795	420
21.05.2025 00:00	4.82	4.87	4.76	4.825	463
22.05.2025 00:00	4.825	4.99	4.775	4.8100000000000005	428
