datetime	open	high	low	close	volume
07.03.2018 00:00	0.33	0.33	0.33	0.33	2
09.03.2018 00:00	0.32	0.325	0.32	0.32	14
13.03.2018 00:00	0.335	0.335	0.32	0.32	17
14.03.2018 00:00	0.32	0.325	0.32	0.32	28
15.03.2018 00:00	0.325	0.33	0.32	0.325	144
16.03.2018 00:00	0.325	0.33	0.325	0.33	16
19.03.2018 00:00	0.325	0.33	0.325	0.33	93
20.03.2018 00:00	0.33	0.33	0.325	0.325	48
21.03.2018 00:00	0.325	0.33	0.32	0.325	109
22.03.2018 00:00	0.32	0.32	0.32	0.32	400
23.03.2018 00:00	0.32	0.325	0.32	0.32	101
26.03.2018 00:00	0.32	0.32	0.31	0.32	22
27.03.2018 00:00	0.31	0.33	0.31	0.31	87
28.03.2018 00:00	0.31	0.31	0.31	0.31	1
29.03.2018 00:00	0.31	0.32	0.31	0.31	13
30.03.2018 00:00	0.31	0.31	0.29	0.31	46
02.04.2018 00:00	0.325	0.325	0.31	0.32	218
03.04.2018 00:00	0.31	0.325	0.31	0.325	30
04.04.2018 00:00	0.305	0.31	0.305	0.31	189
05.04.2018 00:00	0.31	0.325	0.3	0.305	75
06.04.2018 00:00	0.305	0.325	0.305	0.325	56
09.04.2018 00:00	0.32	0.32	0.3	0.305	150
10.04.2018 00:00	0.3	0.325	0.29	0.305	135
11.04.2018 00:00	0.305	0.305	0.29	0.305	87
12.04.2018 00:00	0.3	0.3	0.265	0.3	23
13.04.2018 00:00	0.295	0.3	0.29	0.295	25
16.04.2018 00:00	0.305	0.305	0.295	0.295	8
17.04.2018 00:00	0.295	0.3	0.295	0.3	17
18.04.2018 00:00	0.295	0.31	0.275	0.28500000000000003	98
19.04.2018 00:00	0.28500000000000003	0.32	0.28	0.31	305
20.04.2018 00:00	0.305	0.32	0.305	0.32	128
23.04.2018 00:00	0.32	0.33	0.305	0.305	31
24.04.2018 00:00	0.305	0.32	0.3	0.31	165
25.04.2018 00:00	0.305	0.32	0.305	0.305	69
26.04.2018 00:00	0.31	0.325	0.305	0.31	11
27.04.2018 00:00	0.305	0.325	0.305	0.32	146
28.04.2018 00:00	0.32	0.325	0.31	0.32	38
30.04.2018 00:00	0.325	0.325	0.31	0.32	78
02.05.2018 00:00	0.325	0.325	0.31	0.32	13
03.05.2018 00:00	0.325	0.325	0.325	0.325	3
04.05.2018 00:00	0.31	0.325	0.31	0.32	42
07.05.2018 00:00	0.305	0.32	0.305	0.32	15
08.05.2018 00:00	0.31	0.32	0.305	0.31	55
10.05.2018 00:00	0.31	0.335	0.31	0.31	6
11.05.2018 00:00	0.31	0.335	0.31	0.32	37
14.05.2018 00:00	0.325	0.325	0.31	0.32	16
15.05.2018 00:00	0.325	0.325	0.31	0.32	155
16.05.2018 00:00	0.31	0.32	0.31	0.32	213
17.05.2018 00:00	0.32	0.32	0.3	0.305	306
18.05.2018 00:00	0.305	0.305	0.29	0.3	34
21.05.2018 00:00	0.305	0.305	0.295	0.3	22
22.05.2018 00:00	0.3	0.305	0.295	0.3	19
23.05.2018 00:00	0.3	0.3	0.295	0.295	6
24.05.2018 00:00	0.295	0.3	0.295	0.3	3
25.05.2018 00:00	0.295	0.3	0.295	0.3	7
28.05.2018 00:00	0.3	0.3	0.295	0.3	1
29.05.2018 00:00	0.28500000000000003	0.29	0.28	0.28500000000000003	97
30.05.2018 00:00	0.28500000000000003	0.3	0.28	0.28500000000000003	183
31.05.2018 00:00	0.28	0.3	0.28	0.29	49
01.06.2018 00:00	0.29	0.3	0.28	0.28	196
04.06.2018 00:00	0.29	0.29	0.28	0.28	20
05.06.2018 00:00	0.28	0.295	0.28	0.28	23
06.06.2018 00:00	0.28	0.28	0.28	0.28	11
07.06.2018 00:00	0.28	0.28500000000000003	0.28	0.28	74
08.06.2018 00:00	0.28500000000000003	0.28500000000000003	0.28	0.28	85
09.06.2018 00:00	0.28500000000000003	0.29	0.28	0.28	35
11.06.2018 00:00	0.28500000000000003	0.295	0.28500000000000003	0.295	17
13.06.2018 00:00	0.28	0.28500000000000003	0.28	0.28	106
14.06.2018 00:00	0.28500000000000003	0.28500000000000003	0.28	0.28	74
15.06.2018 00:00	0.28	0.28	0.28	0.28	30
18.06.2018 00:00	0.28500000000000003	0.28500000000000003	0.28	0.28	12
19.06.2018 00:00	0.28	0.28	0.27	0.28	27
20.06.2018 00:00	0.29	0.29	0.275	0.28	16
21.06.2018 00:00	0.28	0.28	0.28	0.28	82
22.06.2018 00:00	0.28500000000000003	0.28500000000000003	0.275	0.28	92
25.06.2018 00:00	0.28	0.28	0.28	0.28	73
26.06.2018 00:00	0.28	0.28	0.27	0.28	123
27.06.2018 00:00	0.28	0.28	0.28	0.28	3
28.06.2018 00:00	0.28	0.29	0.26	0.28	27
29.06.2018 00:00	0.28500000000000003	0.28500000000000003	0.28	0.28	4
02.07.2018 00:00	0.29	0.29	0.27	0.28	81
03.07.2018 00:00	0.28	0.28	0.28	0.28	1
05.07.2018 00:00	0.28	0.28	0.28	0.28	3
06.07.2018 00:00	0.28	0.28	0.28	0.28	9
09.07.2018 00:00	0.28	0.28	0.28	0.28	7
10.07.2018 00:00	0.28	0.28	0.28	0.28	26
11.07.2018 00:00	0.28	0.28	0.28	0.28	18
12.07.2018 00:00	0.28	0.28	0.28	0.28	27
13.07.2018 00:00	0.28	0.28	0.28	0.28	77
16.07.2018 00:00	0.28	0.28	0.26	0.265	586
17.07.2018 00:00	0.27	0.275	0.26	0.27	175
18.07.2018 00:00	0.28	0.28	0.265	0.27	27
19.07.2018 00:00	0.28	0.28	0.27	0.27	30
20.07.2018 00:00	0.275	0.28	0.275	0.28	30
23.07.2018 00:00	0.28	0.28	0.265	0.275	33
24.07.2018 00:00	0.275	0.275	0.275	0.275	14
25.07.2018 00:00	0.28500000000000003	0.28500000000000003	0.28	0.28	2
26.07.2018 00:00	0.28	0.28	0.275	0.275	27
27.07.2018 00:00	0.275	0.28	0.27	0.275	16
30.07.2018 00:00	0.28	0.28	0.27	0.275	18
31.07.2018 00:00	0.27	0.275	0.27	0.275	21
01.08.2018 00:00	0.28	0.28	0.275	0.28	8
02.08.2018 00:00	0.28	0.28	0.27	0.275	53
03.08.2018 00:00	0.275	0.275	0.27	0.275	102
06.08.2018 00:00	0.27	0.275	0.27	0.275	6
07.08.2018 00:00	0.275	0.275	0.27	0.275	8
08.08.2018 00:00	0.275	0.275	0.27	0.275	33
09.08.2018 00:00	0.275	0.275	0.27	0.27	6
10.08.2018 00:00	0.275	0.275	0.27	0.27	8
13.08.2018 00:00	0.275	0.275	0.26	0.27	140
14.08.2018 00:00	0.26	0.265	0.26	0.265	115
15.08.2018 00:00	0.27	0.27	0.265	0.265	25
16.08.2018 00:00	0.27	0.27	0.26	0.265	39
17.08.2018 00:00	0.27	0.27	0.265	0.265	313
20.08.2018 00:00	0.275	0.275	0.275	0.275	3
22.08.2018 00:00	0.27	0.28	0.26	0.26	96
23.08.2018 00:00	0.28	0.28	0.265	0.27	27
24.08.2018 00:00	0.275	0.28	0.26	0.265	270
27.08.2018 00:00	0.265	0.265	0.265	0.265	3
28.08.2018 00:00	0.27	0.27	0.195	0.265	311
29.08.2018 00:00	0.27	0.27	0.26	0.26	16
30.08.2018 00:00	0.26	0.26	0.24	0.245	181
31.08.2018 00:00	0.25	0.27	0.23	0.245	254
03.09.2018 00:00	0.265	0.265	0.245	0.25	52
04.09.2018 00:00	0.27	0.275	0.245	0.26	86
05.09.2018 00:00	0.265	0.27	0.26	0.26	17
06.09.2018 00:00	0.26	0.26	0.245	0.245	84
07.09.2018 00:00	0.245	0.245	0.245	0.245	22
10.09.2018 00:00	0.25	0.265	0.245	0.25	437
11.09.2018 00:00	0.26	0.26	0.24	0.25	30
12.09.2018 00:00	0.265	0.265	0.245	0.25	54
13.09.2018 00:00	0.26	0.265	0.245	0.245	20
14.09.2018 00:00	0.26	0.26	0.245	0.25	12
17.09.2018 00:00	0.26	0.265	0.25	0.26	12
18.09.2018 00:00	0.26	0.26	0.25	0.25	37
19.09.2018 00:00	0.265	0.265	0.245	0.25	131
20.09.2018 00:00	0.265	0.265	0.26	0.26	62
21.09.2018 00:00	0.27	0.27	0.26	0.26	22
24.09.2018 00:00	0.25	0.26	0.23500000000000001	0.25	338
25.09.2018 00:00	0.26	0.26	0.25	0.26	5
26.09.2018 00:00	0.25	0.25	0.24	0.245	52
27.09.2018 00:00	0.25	0.25	0.245	0.245	47
28.09.2018 00:00	0.25	0.27	0.24	0.265	286
01.10.2018 00:00	0.265	0.3	0.265	0.3	1208
02.10.2018 00:00	0.3	0.3	0.29	0.29	126
03.10.2018 00:00	0.3	0.3	0.29	0.29	12
04.10.2018 00:00	0.305	0.305	0.28500000000000003	0.295	125
05.10.2018 00:00	0.3	0.3	0.28500000000000003	0.29	56
08.10.2018 00:00	0.295	0.295	0.28	0.28500000000000003	44
09.10.2018 00:00	0.295	0.31	0.28	0.29	183
10.10.2018 00:00	0.28	0.28500000000000003	0.23500000000000001	0.26	2103
11.10.2018 00:00	0.26	0.26	0.23	0.245	214
12.10.2018 00:00	0.25	0.26	0.24	0.25	447
15.10.2018 00:00	0.26	0.275	0.24	0.27	1163
16.10.2018 00:00	0.25	0.275	0.23500000000000001	0.25	855
17.10.2018 00:00	0.26	0.275	0.25	0.265	473
18.10.2018 00:00	0.265	0.265	0.265	0.265	13
19.10.2018 00:00	0.265	0.265	0.25	0.26	52
22.10.2018 00:00	0.26	0.27	0.26	0.26	30
23.10.2018 00:00	0.265	0.265	0.25	0.25	45
24.10.2018 00:00	0.265	0.27	0.26	0.26	18
25.10.2018 00:00	0.27	0.27	0.245	0.26	125
26.10.2018 00:00	0.265	0.27	0.245	0.245	241
29.10.2018 00:00	0.25	0.265	0.245	0.26	101
30.10.2018 00:00	0.265	0.265	0.26	0.26	5
31.10.2018 00:00	0.265	0.265	0.245	0.25	160
01.11.2018 00:00	0.26	0.265	0.26	0.265	711
02.11.2018 00:00	0.26	0.265	0.26	0.265	278
06.11.2018 00:00	0.26	0.265	0.26	0.265	416
07.11.2018 00:00	0.265	0.265	0.26	0.265	892
08.11.2018 00:00	0.26	0.265	0.26	0.265	83
09.11.2018 00:00	0.265	0.265	0.265	0.265	1
12.11.2018 00:00	0.265	0.265	0.26	0.265	42
13.11.2018 00:00	0.265	0.265	0.26	0.265	117
14.11.2018 00:00	0.265	0.265	0.26	0.26	20
15.11.2018 00:00	0.26	0.26	0.25	0.26	291
16.11.2018 00:00	0.26	0.26	0.25	0.26	267
19.11.2018 00:00	0.26	0.26	0.25	0.26	35
20.11.2018 00:00	0.265	0.265	0.26	0.26	101
21.11.2018 00:00	0.25	0.26	0.245	0.245	357
22.11.2018 00:00	0.25	0.25	0.245	0.245	89
23.11.2018 00:00	0.25	0.25	0.24	0.245	1093
26.11.2018 00:00	0.25	0.25	0.24	0.24	416
27.11.2018 00:00	0.24	0.24	0.24	0.24	72
28.11.2018 00:00	0.24	0.245	0.24	0.245	411
29.11.2018 00:00	0.24	0.245	0.24	0.245	100
30.11.2018 00:00	0.25	0.26	0.245	0.245	6
03.12.2018 00:00	0.26	0.26	0.245	0.245	21
04.12.2018 00:00	0.245	0.26	0.245	0.245	157
05.12.2018 00:00	0.25	0.25	0.24	0.245	477
06.12.2018 00:00	0.25	0.25	0.24	0.245	62
07.12.2018 00:00	0.245	0.25	0.24	0.245	206
10.12.2018 00:00	0.25	0.25	0.24	0.245	166
11.12.2018 00:00	0.24	0.245	0.24	0.245	80
12.12.2018 00:00	0.245	0.245	0.24	0.24	240
13.12.2018 00:00	0.24	0.25	0.24	0.245	990
14.12.2018 00:00	0.245	0.25	0.24	0.24	352
17.12.2018 00:00	0.245	0.245	0.23500000000000001	0.24	194
18.12.2018 00:00	0.245	0.25	0.23500000000000001	0.24	125
19.12.2018 00:00	0.24	0.25	0.23500000000000001	0.24	1093
20.12.2018 00:00	0.24	0.24	0.23500000000000001	0.24	514
21.12.2018 00:00	0.24	0.245	0.23500000000000001	0.24	283
24.12.2018 00:00	0.24	0.24	0.24	0.24	94
25.12.2018 00:00	0.24	0.24	0.23500000000000001	0.24	363
26.12.2018 00:00	0.24	0.24	0.23500000000000001	0.23500000000000001	210
27.12.2018 00:00	0.24	0.24	0.23500000000000001	0.24	6
28.12.2018 00:00	0.24	0.24	0.23500000000000001	0.24	135
29.12.2018 00:00	0.23500000000000001	0.24	0.23500000000000001	0.23500000000000001	4
03.01.2019 00:00	0.24	0.24	0.23500000000000001	0.23500000000000001	60
04.01.2019 00:00	0.24	0.24	0.23500000000000001	0.24	29
08.01.2019 00:00	0.24	0.24	0.23500000000000001	0.23500000000000001	243
09.01.2019 00:00	0.24	0.24	0.23500000000000001	0.24	332
10.01.2019 00:00	0.24	0.24	0.24	0.24	174
11.01.2019 00:00	0.24	0.24	0.24	0.24	488
14.01.2019 00:00	0.24	0.24	0.24	0.24	37
15.01.2019 00:00	0.24	0.24	0.24	0.24	106
16.01.2019 00:00	0.24	0.24	0.24	0.24	50
17.01.2019 00:00	0.245	0.245	0.24	0.24	36
18.01.2019 00:00	0.24	0.24	0.24	0.24	43
21.01.2019 00:00	0.24	0.24	0.24	0.24	112
22.01.2019 00:00	0.245	0.25	0.24	0.24	229
23.01.2019 00:00	0.245	0.26	0.24	0.245	824
24.01.2019 00:00	0.245	0.34	0.245	0.34	15784
25.01.2019 00:00	0.36	0.41500000000000004	0.29	0.32	8382
28.01.2019 00:00	0.32	0.33	0.26	0.27	3810
29.01.2019 00:00	0.275	0.28	0.26	0.265	1467
30.01.2019 00:00	0.27	0.28	0.26	0.275	733
31.01.2019 00:00	0.265	0.28	0.265	0.28	522
01.02.2019 00:00	0.28	0.28	0.25	0.28	312
04.02.2019 00:00	0.28	0.28	0.27	0.275	219
05.02.2019 00:00	0.28	0.28	0.2	0.275	1841
06.02.2019 00:00	0.28	0.36	0.28	0.3	8024
07.02.2019 00:00	0.28500000000000003	0.31	0.275	0.29	3022
08.02.2019 00:00	0.28	0.29	0.27	0.275	1182
11.02.2019 00:00	0.28	0.29	0.27	0.28500000000000003	926
12.02.2019 00:00	0.28	0.295	0.275	0.28500000000000003	627
13.02.2019 00:00	0.28	0.325	0.28	0.32	1706
14.02.2019 00:00	0.325	0.325	0.295	0.3	294
15.02.2019 00:00	0.295	0.295	0.28	0.29	545
18.02.2019 00:00	0.3	0.31	0.28500000000000003	0.295	373
19.02.2019 00:00	0.325	0.325	0.28	0.28500000000000003	390
20.02.2019 00:00	0.28500000000000003	0.28500000000000003	0.275	0.28	632
21.02.2019 00:00	0.295	0.295	0.275	0.28500000000000003	562
22.02.2019 00:00	0.295	0.34500000000000003	0.28	0.31	3310
25.02.2019 00:00	0.295	0.34500000000000003	0.295	0.325	1897
26.02.2019 00:00	0.33	0.33	0.28500000000000003	0.29	978
27.02.2019 00:00	0.295	0.325	0.28500000000000003	0.295	1024
28.02.2019 00:00	0.31	0.325	0.28500000000000003	0.325	949
01.03.2019 00:00	0.32	0.33	0.3	0.32	799
04.03.2019 00:00	0.325	0.42	0.295	0.36	10566
05.03.2019 00:00	0.365	0.385	0.335	0.34	3578
06.03.2019 00:00	0.34500000000000003	0.35000000000000003	0.335	0.34	1070
07.03.2019 00:00	0.34	0.34	0.325	0.33	470
11.03.2019 00:00	0.34	0.34	0.325	0.335	521
12.03.2019 00:00	0.325	0.34	0.325	0.335	559
13.03.2019 00:00	0.34	0.34	0.335	0.34	966
14.03.2019 00:00	0.34	0.4	0.34	0.365	4115
15.03.2019 00:00	0.375	0.41500000000000004	0.36	0.395	6966
18.03.2019 00:00	0.405	0.41500000000000004	0.39	0.4	2132
19.03.2019 00:00	0.405	0.405	0.385	0.39	316
20.03.2019 00:00	0.39	0.545	0.385	0.465	26617
21.03.2019 00:00	0.47500000000000003	0.47500000000000003	0.41000000000000003	0.41000000000000003	5273
22.03.2019 00:00	0.41000000000000003	0.41500000000000004	0.39	0.41500000000000004	2020
25.03.2019 00:00	0.41500000000000004	0.42	0.39	0.395	1288
26.03.2019 00:00	0.395	0.435	0.39	0.41500000000000004	2725
27.03.2019 00:00	0.41500000000000004	0.435	0.405	0.41500000000000004	940
28.03.2019 00:00	0.41500000000000004	0.435	0.405	0.43	543
29.03.2019 00:00	0.435	0.435	0.41500000000000004	0.42	273
01.04.2019 00:00	0.42	0.42	0.4	0.42	188
02.04.2019 00:00	0.41500000000000004	0.41500000000000004	0.405	0.405	213
03.04.2019 00:00	0.405	0.405	0.39	0.395	1425
04.04.2019 00:00	0.395	0.395	0.365	0.37	1580
05.04.2019 00:00	0.37	0.375	0.355	0.365	2569
08.04.2019 00:00	0.365	0.37	0.36	0.365	1214
09.04.2019 00:00	0.365	0.365	0.36	0.365	1297
10.04.2019 00:00	0.36	0.365	0.36	0.36	953
11.04.2019 00:00	0.36	0.36	0.35000000000000003	0.355	474
12.04.2019 00:00	0.35000000000000003	0.365	0.35000000000000003	0.36	514
15.04.2019 00:00	0.36	0.365	0.355	0.36	459
16.04.2019 00:00	0.365	0.365	0.355	0.36	154
17.04.2019 00:00	0.36	0.36	0.36	0.36	115
18.04.2019 00:00	0.36	0.36	0.355	0.36	235
19.04.2019 00:00	0.36	0.36	0.36	0.36	230
22.04.2019 00:00	0.36	0.36	0.36	0.36	302
23.04.2019 00:00	0.36	0.36	0.36	0.36	768
24.04.2019 00:00	0.365	0.385	0.355	0.365	1267
25.04.2019 00:00	0.36	0.365	0.34500000000000003	0.36	488
26.04.2019 00:00	0.36	0.36	0.355	0.36	200
29.04.2019 00:00	0.36	0.36	0.355	0.355	1230
30.04.2019 00:00	0.36	0.36	0.355	0.355	801
02.05.2019 00:00	0.355	0.36	0.35000000000000003	0.355	1093
03.05.2019 00:00	0.355	0.355	0.355	0.355	45
06.05.2019 00:00	0.355	0.36	0.35000000000000003	0.355	226
07.05.2019 00:00	0.355	0.355	0.34500000000000003	0.355	225
08.05.2019 00:00	0.355	0.355	0.355	0.355	3
10.05.2019 00:00	0.355	0.36	0.355	0.355	66
13.05.2019 00:00	0.355	0.355	0.35000000000000003	0.355	77
14.05.2019 00:00	0.355	0.355	0.35000000000000003	0.355	240
15.05.2019 00:00	0.35000000000000003	0.355	0.35000000000000003	0.355	95
16.05.2019 00:00	0.355	0.365	0.35000000000000003	0.355	247
17.05.2019 00:00	0.355	0.355	0.35000000000000003	0.355	150
20.05.2019 00:00	0.36	0.36	0.34500000000000003	0.355	516
21.05.2019 00:00	0.355	0.355	0.35000000000000003	0.355	25
22.05.2019 00:00	0.355	0.355	0.35000000000000003	0.355	61
23.05.2019 00:00	0.355	0.355	0.35000000000000003	0.355	440
24.05.2019 00:00	0.35000000000000003	0.355	0.35000000000000003	0.355	525
27.05.2019 00:00	0.355	0.355	0.35000000000000003	0.35000000000000003	395
28.05.2019 00:00	0.35000000000000003	0.355	0.35000000000000003	0.35000000000000003	275
29.05.2019 00:00	0.35000000000000003	0.355	0.35000000000000003	0.35000000000000003	501
30.05.2019 00:00	0.35000000000000003	0.35000000000000003	0.35000000000000003	0.35000000000000003	192
31.05.2019 00:00	0.35000000000000003	0.36	0.35000000000000003	0.35000000000000003	152
03.06.2019 00:00	0.35000000000000003	0.35000000000000003	0.34500000000000003	0.35000000000000003	287
04.06.2019 00:00	0.35000000000000003	0.35000000000000003	0.35000000000000003	0.35000000000000003	74
05.06.2019 00:00	0.35000000000000003	0.36	0.34500000000000003	0.35000000000000003	608
06.06.2019 00:00	0.35000000000000003	0.35000000000000003	0.35000000000000003	0.35000000000000003	199
07.06.2019 00:00	0.35000000000000003	0.35000000000000003	0.35000000000000003	0.35000000000000003	149
10.06.2019 00:00	0.35000000000000003	0.35000000000000003	0.35000000000000003	0.35000000000000003	434
11.06.2019 00:00	0.35000000000000003	0.35000000000000003	0.35000000000000003	0.35000000000000003	173
13.06.2019 00:00	0.35000000000000003	0.355	0.35000000000000003	0.355	366
14.06.2019 00:00	0.355	0.355	0.35000000000000003	0.35000000000000003	321
17.06.2019 00:00	0.35000000000000003	0.355	0.35000000000000003	0.35000000000000003	639
18.06.2019 00:00	0.35000000000000003	0.35000000000000003	0.35000000000000003	0.35000000000000003	542
19.06.2019 00:00	0.35000000000000003	0.35000000000000003	0.35000000000000003	0.35000000000000003	115
20.06.2019 00:00	0.355	0.355	0.35000000000000003	0.35000000000000003	129
21.06.2019 00:00	0.35000000000000003	0.35000000000000003	0.35000000000000003	0.35000000000000003	303
24.06.2019 00:00	0.35000000000000003	0.35000000000000003	0.35000000000000003	0.35000000000000003	46
25.06.2019 00:00	0.35000000000000003	0.355	0.35000000000000003	0.35000000000000003	134
26.06.2019 00:00	0.355	0.355	0.35000000000000003	0.35000000000000003	103
27.06.2019 00:00	0.35000000000000003	0.355	0.35000000000000003	0.35000000000000003	433
28.06.2019 00:00	0.35000000000000003	0.35000000000000003	0.34500000000000003	0.35000000000000003	119
01.07.2019 00:00	0.35000000000000003	0.355	0.35000000000000003	0.35000000000000003	499
02.07.2019 00:00	0.35000000000000003	0.35000000000000003	0.35000000000000003	0.35000000000000003	68
03.07.2019 00:00	0.35000000000000003	0.35000000000000003	0.35000000000000003	0.35000000000000003	167
04.07.2019 00:00	0.35000000000000003	0.35000000000000003	0.35000000000000003	0.35000000000000003	189
05.07.2019 00:00	0.35000000000000003	0.35000000000000003	0.35000000000000003	0.35000000000000003	6
08.07.2019 00:00	0.35000000000000003	0.35000000000000003	0.35000000000000003	0.35000000000000003	181
09.07.2019 00:00	0.35000000000000003	0.35000000000000003	0.35000000000000003	0.35000000000000003	50
10.07.2019 00:00	0.35000000000000003	0.35000000000000003	0.35000000000000003	0.35000000000000003	134
11.07.2019 00:00	0.35000000000000003	0.35000000000000003	0.34500000000000003	0.35000000000000003	692
12.07.2019 00:00	0.35000000000000003	0.35000000000000003	0.34500000000000003	0.35000000000000003	434
15.07.2019 00:00	0.35000000000000003	0.35000000000000003	0.34500000000000003	0.35000000000000003	75
16.07.2019 00:00	0.35000000000000003	0.35000000000000003	0.35000000000000003	0.35000000000000003	144
17.07.2019 00:00	0.35000000000000003	0.35000000000000003	0.34500000000000003	0.35000000000000003	616
18.07.2019 00:00	0.35000000000000003	0.35000000000000003	0.34500000000000003	0.35000000000000003	70
19.07.2019 00:00	0.34500000000000003	0.35000000000000003	0.34500000000000003	0.34500000000000003	138
22.07.2019 00:00	0.34500000000000003	0.35000000000000003	0.34500000000000003	0.35000000000000003	161
23.07.2019 00:00	0.34500000000000003	0.35000000000000003	0.34500000000000003	0.35000000000000003	122
24.07.2019 00:00	0.34500000000000003	0.35000000000000003	0.34500000000000003	0.35000000000000003	20
25.07.2019 00:00	0.34500000000000003	0.35000000000000003	0.34500000000000003	0.35000000000000003	381
26.07.2019 00:00	0.34500000000000003	0.35000000000000003	0.34500000000000003	0.35000000000000003	27
29.07.2019 00:00	0.34500000000000003	0.35000000000000003	0.34500000000000003	0.35000000000000003	23
30.07.2019 00:00	0.35000000000000003	0.35000000000000003	0.34500000000000003	0.35000000000000003	41
31.07.2019 00:00	0.35000000000000003	0.35000000000000003	0.34500000000000003	0.35000000000000003	335
01.08.2019 00:00	0.34500000000000003	0.34500000000000003	0.34500000000000003	0.34500000000000003	65
02.08.2019 00:00	0.34500000000000003	0.34500000000000003	0.34500000000000003	0.34500000000000003	54
05.08.2019 00:00	0.34500000000000003	0.34500000000000003	0.34500000000000003	0.34500000000000003	22
06.08.2019 00:00	0.34500000000000003	0.34500000000000003	0.34500000000000003	0.34500000000000003	230
07.08.2019 00:00	0.34500000000000003	0.34500000000000003	0.34500000000000003	0.34500000000000003	32
08.08.2019 00:00	0.34500000000000003	0.34500000000000003	0.34500000000000003	0.34500000000000003	16
09.08.2019 00:00	0.34500000000000003	0.34500000000000003	0.34500000000000003	0.34500000000000003	40
12.08.2019 00:00	0.34500000000000003	0.34500000000000003	0.34500000000000003	0.34500000000000003	50
13.08.2019 00:00	0.34500000000000003	0.34500000000000003	0.34	0.34500000000000003	140
14.08.2019 00:00	0.34500000000000003	0.34500000000000003	0.34500000000000003	0.34500000000000003	3
15.08.2019 00:00	0.34	0.34500000000000003	0.34	0.34500000000000003	36
16.08.2019 00:00	0.34	0.34500000000000003	0.34	0.34500000000000003	14
19.08.2019 00:00	0.34500000000000003	0.34500000000000003	0.34500000000000003	0.34500000000000003	1
20.08.2019 00:00	0.34500000000000003	0.34500000000000003	0.33	0.34	271
21.08.2019 00:00	0.34	0.34500000000000003	0.34	0.34	39
22.08.2019 00:00	0.34500000000000003	0.34500000000000003	0.34500000000000003	0.34500000000000003	8
23.08.2019 00:00	0.34	0.34500000000000003	0.34	0.34500000000000003	83
26.08.2019 00:00	0.34500000000000003	0.34500000000000003	0.34	0.34500000000000003	29
27.08.2019 00:00	0.34500000000000003	0.34500000000000003	0.34	0.34	268
28.08.2019 00:00	0.34500000000000003	0.34500000000000003	0.34500000000000003	0.34500000000000003	1
29.08.2019 00:00	0.34500000000000003	0.34500000000000003	0.34500000000000003	0.34500000000000003	16
30.08.2019 00:00	0.34	0.34	0.33	0.33	1197
02.09.2019 00:00	0.33	0.33	0.33	0.33	156
03.09.2019 00:00	0.33	0.33	0.33	0.33	331
04.09.2019 00:00	0.33	0.33	0.325	0.33	361
05.09.2019 00:00	0.335	0.335	0.33	0.33	401
06.09.2019 00:00	0.33	0.33	0.33	0.33	16
09.09.2019 00:00	0.33	0.33	0.33	0.33	180
10.09.2019 00:00	0.33	0.33	0.33	0.33	109
11.09.2019 00:00	0.33	0.33	0.33	0.33	132
12.09.2019 00:00	0.33	0.33	0.325	0.325	3027
13.09.2019 00:00	0.335	0.335	0.325	0.325	10
16.09.2019 00:00	0.34	0.34	0.325	0.325	271
17.09.2019 00:00	0.34	0.34	0.325	0.33	165
18.09.2019 00:00	0.335	0.34	0.325	0.325	761
19.09.2019 00:00	0.335	0.335	0.325	0.33	153
20.09.2019 00:00	0.325	0.33	0.325	0.325	6
23.09.2019 00:00	0.34	0.34	0.325	0.325	239
24.09.2019 00:00	0.33	0.33	0.31	0.31	637
25.09.2019 00:00	0.325	0.325	0.305	0.305	185
26.09.2019 00:00	0.31	0.32	0.3	0.305	349
27.09.2019 00:00	0.32	0.39	0.31	0.34	9985
30.09.2019 00:00	0.35000000000000003	0.35000000000000003	0.325	0.34	1863
01.10.2019 00:00	0.34	0.355	0.34	0.34	454
02.10.2019 00:00	0.34	0.34500000000000003	0.33	0.34	253
03.10.2019 00:00	0.34500000000000003	0.34500000000000003	0.34	0.34	143
04.10.2019 00:00	0.335	0.34	0.335	0.34	14
07.10.2019 00:00	0.34	0.34	0.335	0.34	77
08.10.2019 00:00	0.335	0.34	0.33	0.335	172
09.10.2019 00:00	0.33	0.34	0.32	0.325	884
10.10.2019 00:00	0.33	0.33	0.32	0.32	562
11.10.2019 00:00	0.325	0.325	0.31	0.32	123
14.10.2019 00:00	0.325	0.325	0.305	0.31	554
15.10.2019 00:00	0.32	0.32	0.32	0.32	11
16.10.2019 00:00	0.325	0.325	0.31	0.32	561
17.10.2019 00:00	0.32	0.325	0.31	0.32	459
18.10.2019 00:00	0.31	0.32	0.31	0.32	32
21.10.2019 00:00	0.32	0.32	0.32	0.32	63
22.10.2019 00:00	0.32	0.325	0.32	0.32	836
23.10.2019 00:00	0.32	0.32	0.32	0.32	468
24.10.2019 00:00	0.32	0.32	0.32	0.32	117
25.10.2019 00:00	0.32	0.32	0.32	0.32	876
28.10.2019 00:00	0.33	0.375	0.325	0.33	1264
29.10.2019 00:00	0.34	0.34	0.305	0.33	1143
30.10.2019 00:00	0.34	0.34	0.335	0.34	16
31.10.2019 00:00	0.335	0.36	0.325	0.33	291
01.11.2019 00:00	0.34	0.34500000000000003	0.33	0.34	84
05.11.2019 00:00	0.33	0.34500000000000003	0.325	0.34	157
06.11.2019 00:00	0.35000000000000003	0.35000000000000003	0.335	0.34	47
07.11.2019 00:00	0.34500000000000003	0.35000000000000003	0.34	0.34500000000000003	126
08.11.2019 00:00	0.35000000000000003	0.375	0.34500000000000003	0.37	864
11.11.2019 00:00	0.375	0.405	0.355	0.365	1924
12.11.2019 00:00	0.365	0.385	0.36	0.37	998
13.11.2019 00:00	0.385	0.385	0.355	0.37	27
14.11.2019 00:00	0.385	0.385	0.36	0.37	302
15.11.2019 00:00	0.365	0.375	0.365	0.375	143
18.11.2019 00:00	0.355	0.37	0.355	0.365	281
19.11.2019 00:00	0.365	0.365	0.36	0.36	36
20.11.2019 00:00	0.425	0.425	0.355	0.365	268
21.11.2019 00:00	0.365	0.375	0.365	0.365	90
22.11.2019 00:00	0.37	0.37	0.36	0.36	144
25.11.2019 00:00	0.36	0.36	0.355	0.36	104
26.11.2019 00:00	0.365	0.365	0.34	0.355	845
27.11.2019 00:00	0.355	0.36	0.34	0.35000000000000003	357
28.11.2019 00:00	0.36	0.36	0.35000000000000003	0.35000000000000003	196
29.11.2019 00:00	0.355	0.355	0.34	0.35000000000000003	323
02.12.2019 00:00	0.35000000000000003	0.36	0.34500000000000003	0.355	258
03.12.2019 00:00	0.355	0.36	0.35000000000000003	0.355	830
04.12.2019 00:00	0.355	0.355	0.35000000000000003	0.355	169
05.12.2019 00:00	0.355	0.355	0.35000000000000003	0.355	56
06.12.2019 00:00	0.355	0.355	0.35000000000000003	0.355	76
09.12.2019 00:00	0.355	0.355	0.35000000000000003	0.35000000000000003	85
10.12.2019 00:00	0.36	0.36	0.35000000000000003	0.35000000000000003	263
11.12.2019 00:00	0.35000000000000003	0.35000000000000003	0.35000000000000003	0.35000000000000003	158
12.12.2019 00:00	0.34500000000000003	0.355	0.34500000000000003	0.355	1381
13.12.2019 00:00	0.355	0.36	0.34500000000000003	0.35000000000000003	253
16.12.2019 00:00	0.35000000000000003	0.35000000000000003	0.34500000000000003	0.35000000000000003	130
17.12.2019 00:00	0.35000000000000003	0.35000000000000003	0.34	0.34500000000000003	222
18.12.2019 00:00	0.35000000000000003	0.35000000000000003	0.34500000000000003	0.35000000000000003	89
19.12.2019 00:00	0.34500000000000003	0.34500000000000003	0.34500000000000003	0.34500000000000003	6
20.12.2019 00:00	0.34500000000000003	0.34500000000000003	0.34	0.34500000000000003	824
23.12.2019 00:00	0.34500000000000003	0.35000000000000003	0.34500000000000003	0.34500000000000003	346
24.12.2019 00:00	0.35000000000000003	0.36	0.34500000000000003	0.35000000000000003	3549
25.12.2019 00:00	0.34500000000000003	0.355	0.34500000000000003	0.35000000000000003	665
26.12.2019 00:00	0.35000000000000003	0.35000000000000003	0.34500000000000003	0.35000000000000003	342
27.12.2019 00:00	0.35000000000000003	0.35000000000000003	0.34500000000000003	0.35000000000000003	228
30.12.2019 00:00	0.34500000000000003	0.35000000000000003	0.34500000000000003	0.35000000000000003	106
03.01.2020 00:00	0.34500000000000003	0.355	0.34500000000000003	0.35000000000000003	327
06.01.2020 00:00	0.35000000000000003	0.35000000000000003	0.34500000000000003	0.35000000000000003	240
08.01.2020 00:00	0.34500000000000003	0.35000000000000003	0.34500000000000003	0.35000000000000003	180
09.01.2020 00:00	0.35000000000000003	0.355	0.34500000000000003	0.35000000000000003	137
10.01.2020 00:00	0.35000000000000003	0.355	0.34500000000000003	0.35000000000000003	1458
13.01.2020 00:00	0.34500000000000003	0.355	0.34500000000000003	0.355	477
14.01.2020 00:00	0.355	0.37	0.35000000000000003	0.355	562
15.01.2020 00:00	0.355	0.36	0.355	0.355	62
16.01.2020 00:00	0.355	0.36	0.35000000000000003	0.355	415
17.01.2020 00:00	0.355	0.365	0.35000000000000003	0.36	263
20.01.2020 00:00	0.355	0.375	0.355	0.365	197
21.01.2020 00:00	0.37	0.37	0.355	0.365	109
22.01.2020 00:00	0.36	0.365	0.36	0.365	27
23.01.2020 00:00	0.37	0.39	0.34500000000000003	0.365	539
24.01.2020 00:00	0.37	0.37	0.355	0.355	88
27.01.2020 00:00	0.36	0.365	0.34500000000000003	0.36	344
28.01.2020 00:00	0.36	0.385	0.36	0.37	345
29.01.2020 00:00	0.385	0.4	0.37	0.39	695
30.01.2020 00:00	0.395	0.395	0.375	0.375	136
31.01.2020 00:00	0.385	0.385	0.37	0.375	125
03.02.2020 00:00	0.385	0.395	0.37	0.385	623
04.02.2020 00:00	0.385	0.395	0.375	0.375	232
05.02.2020 00:00	0.385	0.395	0.365	0.37	343
06.02.2020 00:00	0.375	0.385	0.365	0.37	316
07.02.2020 00:00	0.375	0.375	0.365	0.37	23
10.02.2020 00:00	0.37	0.385	0.365	0.375	217
11.02.2020 00:00	0.385	0.385	0.375	0.385	69
12.02.2020 00:00	0.375	0.385	0.36	0.375	308
13.02.2020 00:00	0.375	0.385	0.36	0.365	248
14.02.2020 00:00	0.37	0.37	0.365	0.37	32
17.02.2020 00:00	0.37	0.4	0.365	0.385	585
18.02.2020 00:00	0.385	0.39	0.385	0.39	327
19.02.2020 00:00	0.385	0.395	0.375	0.39	79
20.02.2020 00:00	0.39	0.4	0.39	0.395	477
21.02.2020 00:00	0.4	0.41500000000000004	0.39	0.405	1239
25.02.2020 00:00	0.405	0.405	0.355	0.395	463
26.02.2020 00:00	0.4	0.4	0.37	0.39	81
27.02.2020 00:00	0.385	0.395	0.35000000000000003	0.355	261
28.02.2020 00:00	0.375	0.375	0.33	0.34	1009
02.03.2020 00:00	0.365	0.39	0.34500000000000003	0.35000000000000003	424
03.03.2020 00:00	0.365	0.365	0.35000000000000003	0.35000000000000003	235
04.03.2020 00:00	0.34500000000000003	0.37	0.34500000000000003	0.355	514
05.03.2020 00:00	0.365	0.365	0.35000000000000003	0.355	176
06.03.2020 00:00	0.34500000000000003	0.35000000000000003	0.34	0.34500000000000003	446
10.03.2020 00:00	0.34	0.34	0.305	0.34	478
11.03.2020 00:00	0.34	0.385	0.325	0.335	455
12.03.2020 00:00	0.34	0.35000000000000003	0.295	0.305	332
13.03.2020 00:00	0.295	0.31	0.295	0.31	150
16.03.2020 00:00	0.305	0.305	0.295	0.305	182
17.03.2020 00:00	0.31	0.31	0.3	0.305	153
18.03.2020 00:00	0.31	0.31	0.3	0.305	357
19.03.2020 00:00	0.31	0.32	0.3	0.305	515
20.03.2020 00:00	0.31	0.32	0.31	0.32	300
23.03.2020 00:00	0.305	0.32	0.3	0.305	360
24.03.2020 00:00	0.305	0.33	0.305	0.33	571
25.03.2020 00:00	0.32	0.34	0.32	0.33	154
26.03.2020 00:00	0.335	0.34	0.33	0.33	23
27.03.2020 00:00	0.33	0.335	0.33	0.33	22
30.03.2020 00:00	0.33	0.33	0.325	0.325	57
31.03.2020 00:00	0.335	0.34	0.32	0.33	521
01.04.2020 00:00	0.335	0.34	0.33	0.335	200
02.04.2020 00:00	0.34	0.34	0.32	0.34	167
03.04.2020 00:00	0.34	0.34	0.335	0.34	70
06.04.2020 00:00	0.335	0.34	0.335	0.34	20
07.04.2020 00:00	0.34	0.35000000000000003	0.33	0.34500000000000003	478
08.04.2020 00:00	0.34500000000000003	0.34500000000000003	0.34	0.34500000000000003	78
09.04.2020 00:00	0.34500000000000003	0.34500000000000003	0.34	0.34500000000000003	155
10.04.2020 00:00	0.34	0.35000000000000003	0.34	0.34	46
13.04.2020 00:00	0.34500000000000003	0.34500000000000003	0.33	0.33	871
14.04.2020 00:00	0.335	0.34500000000000003	0.33	0.34	398
15.04.2020 00:00	0.34	0.34500000000000003	0.33	0.34	236
16.04.2020 00:00	0.34	0.34500000000000003	0.335	0.34	49
17.04.2020 00:00	0.335	0.34	0.335	0.34	138
20.04.2020 00:00	0.34	0.34	0.335	0.34	84
21.04.2020 00:00	0.34	0.34	0.335	0.335	121
22.04.2020 00:00	0.33	0.34	0.32	0.34	105
23.04.2020 00:00	0.335	0.34	0.33	0.34	253
24.04.2020 00:00	0.34	0.34500000000000003	0.34	0.34500000000000003	224
27.04.2020 00:00	0.34500000000000003	0.355	0.34500000000000003	0.35000000000000003	278
28.04.2020 00:00	0.36	0.365	0.34	0.34	353
29.04.2020 00:00	0.36	0.365	0.34	0.34	758
30.04.2020 00:00	0.34	0.385	0.34	0.34	1588
04.05.2020 00:00	0.34500000000000003	0.34500000000000003	0.34	0.34500000000000003	154
05.05.2020 00:00	0.34	0.34500000000000003	0.34	0.34500000000000003	237
06.05.2020 00:00	0.34500000000000003	0.34500000000000003	0.34	0.34	188
07.05.2020 00:00	0.34500000000000003	0.34500000000000003	0.34	0.34500000000000003	111
08.05.2020 00:00	0.34500000000000003	0.34500000000000003	0.34	0.34500000000000003	45
12.05.2020 00:00	0.34500000000000003	0.34500000000000003	0.34500000000000003	0.34500000000000003	8
13.05.2020 00:00	0.34500000000000003	0.34500000000000003	0.34	0.34	85
14.05.2020 00:00	0.34500000000000003	0.355	0.34	0.35000000000000003	630
15.05.2020 00:00	0.35000000000000003	0.355	0.34	0.34500000000000003	382
18.05.2020 00:00	0.35000000000000003	0.35000000000000003	0.34	0.34500000000000003	221
19.05.2020 00:00	0.35000000000000003	0.35000000000000003	0.34	0.34500000000000003	18
20.05.2020 00:00	0.35000000000000003	0.35000000000000003	0.34	0.34	19
21.05.2020 00:00	0.34500000000000003	0.34500000000000003	0.34	0.34	197
22.05.2020 00:00	0.34500000000000003	0.34500000000000003	0.34	0.34	269
25.05.2020 00:00	0.34500000000000003	0.35000000000000003	0.34	0.34500000000000003	171
26.05.2020 00:00	0.35000000000000003	0.35000000000000003	0.34	0.34500000000000003	282
27.05.2020 00:00	0.35000000000000003	0.35000000000000003	0.34	0.35000000000000003	655
28.05.2020 00:00	0.35000000000000003	0.35000000000000003	0.34	0.35000000000000003	603
29.05.2020 00:00	0.35000000000000003	0.47000000000000003	0.35000000000000003	0.42	30771
01.06.2020 00:00	0.435	0.435	0.37	0.395	2780
02.06.2020 00:00	0.4	0.455	0.385	0.4	5843
03.06.2020 00:00	0.395	0.4	0.385	0.395	538
04.06.2020 00:00	0.395	0.395	0.385	0.39	281
05.06.2020 00:00	0.395	0.395	0.365	0.375	1186
08.06.2020 00:00	0.39	0.39	0.37	0.385	495
09.06.2020 00:00	0.365	0.405	0.365	0.39	1513
10.06.2020 00:00	0.4	0.405	0.375	0.4	685
11.06.2020 00:00	0.4	0.4	0.385	0.39	259
15.06.2020 00:00	0.385	0.39	0.385	0.385	49
16.06.2020 00:00	0.385	0.395	0.37	0.385	254
17.06.2020 00:00	0.375	0.4	0.375	0.4	424
18.06.2020 00:00	0.405	0.41000000000000003	0.39	0.395	186
19.06.2020 00:00	0.405	0.425	0.395	0.405	1046
22.06.2020 00:00	0.41500000000000004	0.41500000000000004	0.405	0.405	29
23.06.2020 00:00	0.41500000000000004	0.43	0.405	0.425	773
25.06.2020 00:00	0.41500000000000004	0.41500000000000004	0.4	0.405	1656
26.06.2020 00:00	0.41500000000000004	0.43	0.395	0.405	472
29.06.2020 00:00	0.405	0.41000000000000003	0.395	0.4	394
30.06.2020 00:00	0.41500000000000004	0.41500000000000004	0.395	0.4	112
02.07.2020 00:00	0.405	0.405	0.385	0.395	121
03.07.2020 00:00	0.4	0.405	0.39	0.4	176
06.07.2020 00:00	0.405	0.405	0.4	0.405	99
07.07.2020 00:00	0.405	0.405	0.395	0.395	93
08.07.2020 00:00	0.4	0.4	0.385	0.395	272
09.07.2020 00:00	0.4	0.4	0.385	0.39	165
10.07.2020 00:00	0.395	0.405	0.365	0.385	4374
13.07.2020 00:00	0.39	0.39	0.385	0.385	184
14.07.2020 00:00	0.385	0.395	0.375	0.375	232
15.07.2020 00:00	0.385	0.385	0.37	0.385	88
16.07.2020 00:00	0.375	0.385	0.37	0.385	333
17.07.2020 00:00	0.385	0.385	0.37	0.375	182
20.07.2020 00:00	0.385	0.39	0.375	0.385	520
21.07.2020 00:00	0.39	0.395	0.385	0.39	802
22.07.2020 00:00	0.395	0.4	0.385	0.39	150
23.07.2020 00:00	0.4	0.4	0.39	0.39	351
24.07.2020 00:00	0.4	0.4	0.39	0.395	323
27.07.2020 00:00	0.395	0.4	0.39	0.39	310
28.07.2020 00:00	0.4	0.43	0.39	0.4	1353
29.07.2020 00:00	0.4	0.46	0.395	0.42	1040
30.07.2020 00:00	0.41000000000000003	0.425	0.41000000000000003	0.425	221
31.07.2020 00:00	0.41000000000000003	0.455	0.41000000000000003	0.43	1432
03.08.2020 00:00	0.435	0.455	0.435	0.455	1119
04.08.2020 00:00	0.455	0.46	0.4	0.45	705
05.08.2020 00:00	0.44	0.46	0.41500000000000004	0.45	1213
06.08.2020 00:00	0.435	0.53	0.435	0.47500000000000003	2454
07.08.2020 00:00	0.485	0.67	0.485	0.67	22533
10.08.2020 00:00	0.715	0.84	0.5700000000000001	0.61	25969
11.08.2020 00:00	0.65	0.8	0.625	0.665	20027
12.08.2020 00:00	0.67	0.775	0.63	0.705	7687
13.08.2020 00:00	0.7000000000000001	0.72	0.66	0.665	3279
14.08.2020 00:00	0.66	0.6950000000000001	0.66	0.685	2067
17.08.2020 00:00	0.685	0.6950000000000001	0.625	0.655	1814
18.08.2020 00:00	0.68	0.685	0.64	0.665	1216
19.08.2020 00:00	0.68	0.685	0.61	0.63	1037
20.08.2020 00:00	0.64	0.67	0.5700000000000001	0.595	2517
21.08.2020 00:00	0.5750000000000001	0.59	0.525	0.54	1560
24.08.2020 00:00	0.555	0.68	0.53	0.665	14105
25.08.2020 00:00	0.68	0.6900000000000001	0.595	0.605	5843
26.08.2020 00:00	0.61	0.61	0.56	0.5750000000000001	2280
27.08.2020 00:00	0.585	0.585	0.56	0.58	758
28.08.2020 00:00	0.5650000000000001	0.5750000000000001	0.55	0.5700000000000001	1004
31.08.2020 00:00	0.56	0.58	0.55	0.5650000000000001	868
01.09.2020 00:00	0.56	0.5750000000000001	0.56	0.56	412
02.09.2020 00:00	0.5650000000000001	0.605	0.56	0.5750000000000001	4070
03.09.2020 00:00	0.5650000000000001	0.585	0.56	0.5650000000000001	1323
04.09.2020 00:00	0.55	0.56	0.535	0.545	1263
07.09.2020 00:00	0.505	0.56	0.505	0.54	1301
08.09.2020 00:00	0.555	0.59	0.525	0.55	1683
09.09.2020 00:00	0.52	0.5650000000000001	0.52	0.56	1471
10.09.2020 00:00	0.5700000000000001	0.625	0.495	0.56	4226
11.09.2020 00:00	0.56	0.585	0.545	0.555	551
14.09.2020 00:00	0.56	0.655	0.56	0.585	3907
15.09.2020 00:00	0.5650000000000001	0.605	0.5650000000000001	0.58	517
16.09.2020 00:00	0.59	0.595	0.5750000000000001	0.5750000000000001	186
17.09.2020 00:00	0.58	0.59	0.55	0.5750000000000001	446
18.09.2020 00:00	0.5650000000000001	0.59	0.5650000000000001	0.59	439
21.09.2020 00:00	0.605	0.605	0.5650000000000001	0.5700000000000001	422
22.09.2020 00:00	0.5750000000000001	0.5750000000000001	0.55	0.5700000000000001	120
23.09.2020 00:00	0.56	0.5700000000000001	0.56	0.56	182
24.09.2020 00:00	0.56	0.56	0.545	0.55	449
25.09.2020 00:00	0.55	0.56	0.54	0.555	360
28.09.2020 00:00	0.56	0.56	0.55	0.56	28
29.09.2020 00:00	0.555	0.56	0.545	0.555	76
30.09.2020 00:00	0.555	0.555	0.545	0.555	69
01.10.2020 00:00	0.56	0.56	0.55	0.55	179
02.10.2020 00:00	0.545	0.555	0.54	0.545	113
05.10.2020 00:00	0.56	0.5650000000000001	0.545	0.5650000000000001	184
06.10.2020 00:00	0.55	0.5650000000000001	0.55	0.555	100
07.10.2020 00:00	0.5650000000000001	0.5650000000000001	0.55	0.555	71
08.10.2020 00:00	0.555	0.56	0.54	0.555	148
09.10.2020 00:00	0.5650000000000001	0.5650000000000001	0.535	0.54	145
12.10.2020 00:00	0.555	0.555	0.535	0.55	274
13.10.2020 00:00	0.555	0.555	0.525	0.525	95
14.10.2020 00:00	0.54	0.5650000000000001	0.53	0.55	708
15.10.2020 00:00	0.53	0.555	0.52	0.53	503
16.10.2020 00:00	0.53	0.54	0.525	0.53	161
19.10.2020 00:00	0.56	0.56	0.53	0.535	199
20.10.2020 00:00	0.555	0.555	0.535	0.545	41
21.10.2020 00:00	0.54	0.55	0.53	0.535	226
22.10.2020 00:00	0.53	0.545	0.52	0.545	634
23.10.2020 00:00	0.545	0.545	0.525	0.535	223
26.10.2020 00:00	0.535	0.545	0.525	0.535	623
27.10.2020 00:00	0.53	0.535	0.52	0.52	117
28.10.2020 00:00	0.525	0.525	0.495	0.505	646
29.10.2020 00:00	0.505	0.525	0.465	0.505	208
30.10.2020 00:00	0.505	0.505	0.495	0.495	117
02.11.2020 00:00	0.465	0.525	0.465	0.505	329
03.11.2020 00:00	0.53	0.535	0.495	0.515	354
05.11.2020 00:00	0.515	0.52	0.505	0.52	461
06.11.2020 00:00	0.505	0.54	0.505	0.53	407
09.11.2020 00:00	0.53	0.54	0.515	0.525	426
10.11.2020 00:00	0.525	0.535	0.52	0.525	396
11.11.2020 00:00	0.525	0.535	0.515	0.525	252
12.11.2020 00:00	0.54	0.54	0.525	0.525	36
13.11.2020 00:00	0.53	0.53	0.525	0.525	66
16.11.2020 00:00	0.515	0.54	0.515	0.53	59
17.11.2020 00:00	0.54	0.54	0.535	0.535	159
18.11.2020 00:00	0.545	0.545	0.535	0.54	51
19.11.2020 00:00	0.525	0.54	0.525	0.535	461
20.11.2020 00:00	0.535	0.535	0.525	0.53	103
23.11.2020 00:00	0.53	0.53	0.515	0.52	277
24.11.2020 00:00	0.54	0.545	0.52	0.525	107
25.11.2020 00:00	0.53	0.53	0.515	0.52	281
26.11.2020 00:00	0.53	0.535	0.515	0.515	216
27.11.2020 00:00	0.53	0.53	0.52	0.52	161
30.11.2020 00:00	0.53	0.54	0.52	0.52	178
01.12.2020 00:00	0.535	0.535	0.52	0.52	110
02.12.2020 00:00	0.525	0.545	0.52	0.53	167
03.12.2020 00:00	0.535	0.535	0.5	0.525	351
04.12.2020 00:00	0.54	0.5700000000000001	0.525	0.525	904
07.12.2020 00:00	0.53	0.5650000000000001	0.52	0.535	293
08.12.2020 00:00	0.53	0.54	0.53	0.535	217
09.12.2020 00:00	0.53	0.54	0.52	0.53	589
10.12.2020 00:00	0.56	0.56	0.52	0.53	123
11.12.2020 00:00	0.525	0.53	0.525	0.525	48
14.12.2020 00:00	0.54	0.54	0.52	0.52	277
15.12.2020 00:00	0.65	0.65	0.515	0.535	199
16.12.2020 00:00	0.54	0.54	0.525	0.53	105
17.12.2020 00:00	0.53	0.53	0.525	0.53	87
18.12.2020 00:00	0.525	0.53	0.52	0.525	70
21.12.2020 00:00	0.54	0.54	0.505	0.52	306
22.12.2020 00:00	0.53	0.55	0.52	0.525	175
23.12.2020 00:00	0.54	0.55	0.52	0.52	292
24.12.2020 00:00	0.53	0.53	0.515	0.52	74
25.12.2020 00:00	0.515	0.525	0.515	0.525	66
28.12.2020 00:00	0.52	0.52	0.5	0.515	317
29.12.2020 00:00	0.515	0.525	0.515	0.515	59
30.12.2020 00:00	0.525	0.54	0.515	0.53	373
04.01.2021 00:00	0.52	0.54	0.52	0.53	258
05.01.2021 00:00	0.53	0.535	0.525	0.53	162
06.01.2021 00:00	0.53	0.535	0.525	0.53	92
08.01.2021 00:00	0.525	0.53	0.52	0.525	450
11.01.2021 00:00	0.52	0.53	0.515	0.525	106
12.01.2021 00:00	0.53	0.53	0.52	0.525	273
13.01.2021 00:00	0.53	0.53	0.52	0.525	97
14.01.2021 00:00	0.53	0.545	0.525	0.53	944
15.01.2021 00:00	0.53	0.535	0.515	0.525	227
18.01.2021 00:00	0.53	0.55	0.525	0.535	404
19.01.2021 00:00	0.53	0.535	0.53	0.53	139
20.01.2021 00:00	0.53	0.53	0.525	0.53	75
21.01.2021 00:00	0.535	0.535	0.52	0.525	360
22.01.2021 00:00	0.525	0.53	0.52	0.525	230
25.01.2021 00:00	0.525	0.53	0.515	0.525	72
26.01.2021 00:00	0.53	0.53	0.52	0.525	109
27.01.2021 00:00	0.53	0.53	0.52	0.52	37
28.01.2021 00:00	0.52	0.525	0.52	0.52	133
29.01.2021 00:00	0.52	0.53	0.52	0.525	214
01.02.2021 00:00	0.53	0.53	0.52	0.525	58
02.02.2021 00:00	0.53	0.535	0.525	0.53	168
03.02.2021 00:00	0.53	0.53	0.53	0.53	40
04.02.2021 00:00	0.53	0.53	0.52	0.53	82
05.02.2021 00:00	0.53	0.53	0.525	0.53	18
08.02.2021 00:00	0.525	0.535	0.525	0.535	147
09.02.2021 00:00	0.54	0.545	0.53	0.54	588
10.02.2021 00:00	0.54	0.54	0.52	0.53	353
11.02.2021 00:00	0.535	0.535	0.53	0.53	168
12.02.2021 00:00	0.53	0.53	0.525	0.525	52
15.02.2021 00:00	0.525	0.525	0.52	0.525	349
16.02.2021 00:00	0.525	0.525	0.52	0.52	196
17.02.2021 00:00	0.52	0.525	0.52	0.52	241
18.02.2021 00:00	0.52	0.525	0.52	0.52	266
19.02.2021 00:00	0.52	0.525	0.515	0.52	376
20.02.2021 00:00	0.525	0.525	0.52	0.525	22
22.02.2021 00:00	0.525	0.525	0.525	0.525	17
24.02.2021 00:00	0.525	0.53	0.525	0.525	372
25.02.2021 00:00	0.53	0.53	0.525	0.53	10
26.02.2021 00:00	0.52	0.525	0.52	0.525	24
01.03.2021 00:00	0.53	0.535	0.52	0.53	247
02.03.2021 00:00	0.53	0.535	0.525	0.53	92
03.03.2021 00:00	0.535	0.56	0.52	0.53	2053
04.03.2021 00:00	0.53	0.54	0.525	0.535	189
05.03.2021 00:00	0.54	0.54	0.53	0.535	157
09.03.2021 00:00	0.54	0.54	0.53	0.53	28
10.03.2021 00:00	0.53	0.535	0.53	0.535	71
11.03.2021 00:00	0.54	0.54	0.53	0.535	34
12.03.2021 00:00	0.535	0.54	0.53	0.535	86
15.03.2021 00:00	0.54	0.54	0.525	0.53	396
16.03.2021 00:00	0.53	0.53	0.52	0.53	208
17.03.2021 00:00	0.525	0.53	0.525	0.53	43
18.03.2021 00:00	0.53	0.54	0.525	0.525	525
19.03.2021 00:00	0.53	0.53	0.525	0.53	35
22.03.2021 00:00	0.535	0.535	0.525	0.525	17
23.03.2021 00:00	0.525	0.535	0.525	0.53	76
24.03.2021 00:00	0.535	0.535	0.525	0.525	312
25.03.2021 00:00	0.525	0.535	0.525	0.525	61
26.03.2021 00:00	0.525	0.535	0.525	0.53	48
29.03.2021 00:00	0.53	0.535	0.525	0.53	22
30.03.2021 00:00	0.535	0.535	0.53	0.53	6
31.03.2021 00:00	0.53	0.53	0.525	0.53	44
01.04.2021 00:00	0.53	0.615	0.53	0.56	18125
02.04.2021 00:00	0.58	0.58	0.535	0.545	5190
05.04.2021 00:00	0.55	0.55	0.535	0.54	914
06.04.2021 00:00	0.55	0.62	0.54	0.58	13930
07.04.2021 00:00	0.5750000000000001	0.595	0.56	0.5650000000000001	2407
08.04.2021 00:00	0.56	0.58	0.56	0.58	2378
09.04.2021 00:00	0.58	0.585	0.5700000000000001	0.5750000000000001	1148
12.04.2021 00:00	0.585	0.595	0.5700000000000001	0.58	1975
13.04.2021 00:00	0.5750000000000001	0.595	0.5650000000000001	0.5750000000000001	1298
14.04.2021 00:00	0.5750000000000001	0.59	0.56	0.585	1221
15.04.2021 00:00	0.59	0.595	0.5750000000000001	0.585	911
16.04.2021 00:00	0.585	0.595	0.58	0.585	1097
19.04.2021 00:00	0.58	0.595	0.58	0.59	1038
20.04.2021 00:00	0.595	0.6	0.59	0.595	498
21.04.2021 00:00	0.6	0.605	0.59	0.595	235
22.04.2021 00:00	0.595	0.615	0.58	0.6	890
23.04.2021 00:00	0.6	0.61	0.595	0.6	59
26.04.2021 00:00	0.595	0.605	0.555	0.59	1218
27.04.2021 00:00	0.595	0.595	0.58	0.58	139
28.04.2021 00:00	0.58	0.59	0.5650000000000001	0.59	349
29.04.2021 00:00	0.59	0.59	0.58	0.58	11
30.04.2021 00:00	0.59	0.595	0.585	0.59	40
04.05.2021 00:00	0.59	0.6	0.5700000000000001	0.59	476
05.05.2021 00:00	0.585	0.595	0.58	0.585	98
06.05.2021 00:00	0.585	0.59	0.58	0.585	100
07.05.2021 00:00	0.59	0.595	0.585	0.59	902
10.05.2021 00:00	0.585	0.6	0.585	0.595	230
11.05.2021 00:00	0.595	0.6	0.59	0.6	373
12.05.2021 00:00	0.6	0.605	0.5650000000000001	0.5750000000000001	1344
13.05.2021 00:00	0.5750000000000001	0.665	0.5750000000000001	0.605	4152
14.05.2021 00:00	0.61	0.62	0.595	0.605	579
17.05.2021 00:00	0.61	0.66	0.61	0.61	3760
18.05.2021 00:00	0.62	0.64	0.605	0.64	739
19.05.2021 00:00	0.625	0.665	0.62	0.66	1902
20.05.2021 00:00	0.67	0.67	0.64	0.655	461
21.05.2021 00:00	0.645	0.66	0.625	0.645	332
24.05.2021 00:00	0.63	0.63	0.62	0.625	78
25.05.2021 00:00	0.62	0.65	0.62	0.63	123
26.05.2021 00:00	0.645	0.645	0.595	0.605	866
27.05.2021 00:00	0.6	0.61	0.6	0.61	85
28.05.2021 00:00	0.605	0.62	0.605	0.615	597
31.05.2021 00:00	0.615	0.625	0.61	0.625	195
01.06.2021 00:00	0.62	0.64	0.62	0.625	189
02.06.2021 00:00	0.64	0.67	0.62	0.67	905
03.06.2021 00:00	0.665	0.71	0.665	0.71	2829
04.06.2021 00:00	0.71	0.72	0.685	0.6950000000000001	1228
07.06.2021 00:00	0.705	0.725	0.68	0.72	685
08.06.2021 00:00	0.6950000000000001	0.725	0.6950000000000001	0.715	320
09.06.2021 00:00	0.71	0.725	0.6950000000000001	0.72	129
10.06.2021 00:00	0.71	0.725	0.705	0.71	167
11.06.2021 00:00	0.715	0.77	0.715	0.75	1699
14.06.2021 00:00	0.755	0.76	0.745	0.755	338
15.06.2021 00:00	0.76	0.8200000000000001	0.755	0.8200000000000001	2177
16.06.2021 00:00	0.8	0.8200000000000001	0.8	0.8150000000000001	371
17.06.2021 00:00	0.8150000000000001	0.8150000000000001	0.755	0.77	845
18.06.2021 00:00	0.77	0.795	0.77	0.79	833
21.06.2021 00:00	0.79	0.79	0.76	0.785	447
22.06.2021 00:00	0.79	0.795	0.745	0.78	501
23.06.2021 00:00	0.785	0.79	0.785	0.79	65
24.06.2021 00:00	0.79	0.79	0.755	0.77	370
25.06.2021 00:00	0.76	0.785	0.755	0.77	419
28.06.2021 00:00	0.77	0.77	0.745	0.75	447
29.06.2021 00:00	0.76	0.76	0.745	0.75	129
30.06.2021 00:00	0.745	0.745	0.705	0.71	499
01.07.2021 00:00	0.715	0.715	0.675	0.6900000000000001	929
02.07.2021 00:00	0.68	0.73	0.68	0.68	242
05.07.2021 00:00	0.68	0.68	0.645	0.655	272
06.07.2021 00:00	0.655	0.655	0.645	0.645	52
07.07.2021 00:00	0.64	0.65	0.64	0.64	291
08.07.2021 00:00	0.655	0.665	0.61	0.625	220
09.07.2021 00:00	0.62	0.63	0.615	0.62	152
12.07.2021 00:00	0.645	0.645	0.62	0.625	133
13.07.2021 00:00	0.63	0.65	0.63	0.65	136
14.07.2021 00:00	0.63	0.65	0.625	0.645	100
15.07.2021 00:00	0.645	0.645	0.64	0.64	86
16.07.2021 00:00	0.65	0.65	0.625	0.645	78
19.07.2021 00:00	0.625	0.645	0.625	0.625	69
20.07.2021 00:00	0.625	0.645	0.625	0.63	36
21.07.2021 00:00	0.645	0.68	0.6	0.65	343
22.07.2021 00:00	0.665	0.665	0.64	0.655	85
23.07.2021 00:00	0.645	0.655	0.64	0.645	51
26.07.2021 00:00	0.64	0.675	0.63	0.65	132
27.07.2021 00:00	0.66	0.66	0.645	0.655	90
28.07.2021 00:00	0.655	0.655	0.64	0.655	21
29.07.2021 00:00	0.655	0.655	0.645	0.655	27
30.07.2021 00:00	0.655	0.66	0.625	0.645	128
02.08.2021 00:00	0.645	0.645	0.64	0.645	14
03.08.2021 00:00	0.645	0.645	0.63	0.63	22
04.08.2021 00:00	0.645	0.645	0.625	0.625	1275
05.08.2021 00:00	0.63	0.63	0.62	0.625	88
06.08.2021 00:00	0.625	0.63	0.62	0.63	26
09.08.2021 00:00	0.615	0.63	0.615	0.625	24
10.08.2021 00:00	0.625	0.63	0.62	0.625	56
11.08.2021 00:00	0.625	0.675	0.625	0.66	296
12.08.2021 00:00	0.655	0.67	0.655	0.665	237
13.08.2021 00:00	0.66	0.67	0.65	0.67	86
16.08.2021 00:00	0.66	0.675	0.66	0.66	56
17.08.2021 00:00	0.67	0.675	0.665	0.665	73
18.08.2021 00:00	0.66	0.675	0.655	0.66	183
19.08.2021 00:00	0.655	0.66	0.645	0.65	50
20.08.2021 00:00	0.645	0.655	0.64	0.65	41
23.08.2021 00:00	0.655	0.655	0.65	0.655	115
24.08.2021 00:00	0.64	0.655	0.64	0.65	56
25.08.2021 00:00	0.655	0.655	0.645	0.655	13
26.08.2021 00:00	0.65	0.655	0.65	0.65	16
27.08.2021 00:00	0.655	0.655	0.655	0.655	22
30.08.2021 00:00	0.655	0.655	0.645	0.65	210
31.08.2021 00:00	0.655	0.675	0.65	0.675	162
01.09.2021 00:00	0.675	0.675	0.66	0.665	55
02.09.2021 00:00	0.675	0.675	0.645	0.65	121
03.09.2021 00:00	0.655	0.66	0.655	0.655	56
06.09.2021 00:00	0.66	0.675	0.655	0.66	105
07.09.2021 00:00	0.66	0.67	0.66	0.665	67
08.09.2021 00:00	0.67	0.67	0.65	0.665	106
09.09.2021 00:00	0.65	0.67	0.645	0.66	431
10.09.2021 00:00	0.655	0.665	0.645	0.665	72
13.09.2021 00:00	0.655	0.67	0.64	0.66	250
14.09.2021 00:00	0.67	0.67	0.66	0.66	26
15.09.2021 00:00	0.67	0.9	0.67	0.735	7500
16.09.2021 00:00	0.735	0.735	0.68	0.7000000000000001	822
17.09.2021 00:00	0.705	0.705	0.68	0.685	381
20.09.2021 00:00	0.68	0.6900000000000001	0.68	0.685	720
21.09.2021 00:00	0.68	0.89	0.68	0.78	13680
22.09.2021 00:00	0.79	0.795	0.72	0.75	2751
23.09.2021 00:00	0.75	0.77	0.73	0.74	836
24.09.2021 00:00	0.75	0.785	0.6900000000000001	0.77	1376
27.09.2021 00:00	0.77	1.04	0.77	0.8150000000000001	13423
28.09.2021 00:00	0.835	0.9550000000000001	0.835	0.88	5711
29.09.2021 00:00	0.905	0.905	0.8150000000000001	0.845	1035
30.09.2021 00:00	0.8250000000000001	0.865	0.8200000000000001	0.8250000000000001	167
01.10.2021 00:00	0.8200000000000001	0.85	0.795	0.8150000000000001	599
04.10.2021 00:00	0.8200000000000001	0.8200000000000001	0.77	0.8150000000000001	781
05.10.2021 00:00	0.8150000000000001	0.835	0.785	0.8	1257
06.10.2021 00:00	0.795	0.8150000000000001	0.795	0.81	745
07.10.2021 00:00	0.8150000000000001	0.88	0.81	0.865	1206
08.10.2021 00:00	0.85	0.865	0.8200000000000001	0.8250000000000001	406
11.10.2021 00:00	0.8250000000000001	0.86	0.81	0.835	269
12.10.2021 00:00	0.8300000000000001	0.9550000000000001	0.81	0.9	1511
13.10.2021 00:00	0.9	1.03	0.9	0.965	6782
14.10.2021 00:00	0.965	0.985	0.9	0.915	1714
15.10.2021 00:00	0.9	0.9550000000000001	0.9	0.92	1792
18.10.2021 00:00	0.9	0.9	0.8	0.835	2353
19.10.2021 00:00	0.84	0.87	0.84	0.855	599
20.10.2021 00:00	0.865	0.865	0.85	0.86	335
21.10.2021 00:00	0.845	0.875	0.8250000000000001	0.855	426
22.10.2021 00:00	0.855	0.875	0.845	0.855	242
25.10.2021 00:00	0.84	0.855	0.8250000000000001	0.84	252
26.10.2021 00:00	0.845	0.845	0.81	0.81	647
27.10.2021 00:00	0.8250000000000001	0.8250000000000001	0.81	0.8150000000000001	103
28.10.2021 00:00	0.8150000000000001	0.8200000000000001	0.78	0.8	628
29.10.2021 00:00	0.805	0.81	0.79	0.805	147
01.11.2021 00:00	0.81	0.81	0.785	0.79	136
02.11.2021 00:00	0.79	0.805	0.775	0.785	278
03.11.2021 00:00	0.805	0.805	0.78	0.785	346
05.11.2021 00:00	0.785	0.795	0.78	0.78	171
08.11.2021 00:00	0.8	0.8	0.785	0.795	27
09.11.2021 00:00	0.8	0.8	0.78	0.79	44
10.11.2021 00:00	0.785	0.8	0.775	0.785	151
11.11.2021 00:00	0.775	0.79	0.775	0.775	70
12.11.2021 00:00	0.79	0.79	0.77	0.775	37
15.11.2021 00:00	0.775	0.785	0.77	0.775	138
16.11.2021 00:00	0.77	0.77	0.74	0.745	311
17.11.2021 00:00	0.755	0.755	0.745	0.755	80
18.11.2021 00:00	0.735	0.755	0.735	0.755	36
19.11.2021 00:00	0.725	0.76	0.725	0.745	68
22.11.2021 00:00	0.735	0.9	0.735	0.78	8421
23.11.2021 00:00	0.79	0.79	0.745	0.76	281
24.11.2021 00:00	0.77	0.785	0.735	0.745	316
25.11.2021 00:00	0.735	0.745	0.715	0.725	836
26.11.2021 00:00	0.725	0.735	0.71	0.725	153
29.11.2021 00:00	0.73	0.73	0.72	0.72	50
30.11.2021 00:00	0.72	0.725	0.66	0.705	190
01.12.2021 00:00	0.705	0.72	0.6950000000000001	0.705	82
02.12.2021 00:00	0.73	0.735	0.685	0.7000000000000001	254
03.12.2021 00:00	0.68	0.72	0.68	0.685	84
06.12.2021 00:00	0.6950000000000001	0.725	0.66	0.685	448
07.12.2021 00:00	0.685	0.6950000000000001	0.685	0.685	211
08.12.2021 00:00	0.68	0.705	0.68	0.685	135
09.12.2021 00:00	0.7000000000000001	0.735	0.675	0.685	534
10.12.2021 00:00	0.68	0.6900000000000001	0.675	0.685	146
13.12.2021 00:00	0.685	0.685	0.665	0.675	188
14.12.2021 00:00	0.6900000000000001	0.6900000000000001	0.625	0.65	514
15.12.2021 00:00	0.685	0.685	0.65	0.67	129
16.12.2021 00:00	0.68	0.6950000000000001	0.67	0.6950000000000001	82
17.12.2021 00:00	0.68	0.6950000000000001	0.68	0.685	844
20.12.2021 00:00	0.67	0.6950000000000001	0.67	0.685	63
21.12.2021 00:00	0.67	0.685	0.67	0.67	154
22.12.2021 00:00	0.6950000000000001	0.6950000000000001	0.625	0.665	136
23.12.2021 00:00	0.665	0.685	0.655	0.67	128
24.12.2021 00:00	0.67	0.6950000000000001	0.67	0.685	162
27.12.2021 00:00	0.6950000000000001	0.6950000000000001	0.68	0.685	126
28.12.2021 00:00	0.68	0.6900000000000001	0.675	0.685	151
29.12.2021 00:00	0.685	0.685	0.68	0.68	103
30.12.2021 00:00	0.685	0.685	0.685	0.685	22
03.01.2022 00:00	0.685	0.715	0.685	0.715	139
04.01.2022 00:00	0.6950000000000001	0.715	0.6950000000000001	0.715	199
05.01.2022 00:00	0.7000000000000001	0.715	0.6950000000000001	0.71	146
06.01.2022 00:00	0.715	0.725	0.6950000000000001	0.705	243
10.01.2022 00:00	0.71	0.715	0.6950000000000001	0.705	388
11.01.2022 00:00	0.7000000000000001	0.705	0.685	0.705	171
12.01.2022 00:00	0.705	0.71	0.705	0.71	110
13.01.2022 00:00	0.71	0.735	0.705	0.715	295
14.01.2022 00:00	0.735	0.735	0.705	0.715	173
17.01.2022 00:00	0.73	0.73	0.7000000000000001	0.72	109
18.01.2022 00:00	0.72	0.72	0.7000000000000001	0.71	97
19.01.2022 00:00	0.685	0.71	0.685	0.7000000000000001	40
20.01.2022 00:00	0.71	0.71	0.685	0.71	121
21.01.2022 00:00	0.7000000000000001	0.705	0.7000000000000001	0.705	53
24.01.2022 00:00	0.705	0.705	0.63	0.64	152
25.01.2022 00:00	0.675	0.675	0.63	0.65	205
26.01.2022 00:00	0.65	0.71	0.63	0.66	395
27.01.2022 00:00	0.67	0.67	0.65	0.665	155
28.01.2022 00:00	0.685	0.685	0.67	0.685	121
31.01.2022 00:00	0.685	0.685	0.67	0.685	94
01.02.2022 00:00	0.685	0.685	0.675	0.675	100
02.02.2022 00:00	0.6900000000000001	0.6900000000000001	0.67	0.675	87
03.02.2022 00:00	0.665	0.665	0.665	0.665	57
04.02.2022 00:00	0.68	0.68	0.665	0.67	59
07.02.2022 00:00	0.655	0.675	0.655	0.67	28
08.02.2022 00:00	0.685	0.685	0.64	0.67	328
09.02.2022 00:00	0.685	0.685	0.65	0.655	530
10.02.2022 00:00	0.66	0.66	0.64	0.655	546
11.02.2022 00:00	0.645	0.655	0.64	0.645	74
14.02.2022 00:00	0.65	0.67	0.64	0.64	65
15.02.2022 00:00	0.64	0.65	0.64	0.645	315
16.02.2022 00:00	0.64	0.67	0.64	0.65	115
17.02.2022 00:00	0.64	0.66	0.64	0.64	60
18.02.2022 00:00	0.64	0.65	0.63	0.63	194
21.02.2022 00:00	0.605	0.64	0.56	0.615	286
22.02.2022 00:00	0.525	0.61	0.525	0.605	318
24.02.2022 00:00	0.42	0.655	0.42	0.55	372
25.02.2022 00:00	0.42	0.665	0.405	0.56	148
28.03.2022 00:00	0.5	0.6	0.425	0.56	38
29.03.2022 00:00	0.405	0.665	0.405	0.5750000000000001	318
30.03.2022 00:00	0.49	0.595	0.49	0.58	389
31.03.2022 00:00	0.595	0.6	0.5750000000000001	0.595	361
01.04.2022 00:00	0.595	0.675	0.585	0.65	517
04.04.2022 00:00	0.63	0.6950000000000001	0.63	0.6950000000000001	270
05.04.2022 00:00	0.65	0.72	0.63	0.6950000000000001	225
06.04.2022 00:00	0.6950000000000001	0.6950000000000001	0.62	0.665	213
07.04.2022 00:00	0.655	0.6900000000000001	0.62	0.66	315
08.04.2022 00:00	0.67	0.67	0.595	0.625	270
11.04.2022 00:00	0.625	0.645	0.615	0.64	144
12.04.2022 00:00	0.625	0.65	0.62	0.63	48
13.04.2022 00:00	0.65	0.655	0.625	0.65	92
14.04.2022 00:00	0.625	0.66	0.625	0.655	168
15.04.2022 00:00	0.665	0.6950000000000001	0.625	0.66	442
18.04.2022 00:00	0.66	0.71	0.595	0.64	464
19.04.2022 00:00	0.615	0.655	0.61	0.645	113
20.04.2022 00:00	0.62	0.66	0.62	0.645	32
21.04.2022 00:00	0.625	0.67	0.625	0.67	224
22.04.2022 00:00	0.67	0.67	0.645	0.65	64
25.04.2022 00:00	0.67	0.67	0.64	0.65	73
26.04.2022 00:00	0.65	0.67	0.63	0.66	134
27.04.2022 00:00	0.655	0.655	0.64	0.655	52
28.04.2022 00:00	0.66	0.66	0.63	0.63	188
29.04.2022 00:00	0.655	0.655	0.6	0.645	258
04.05.2022 00:00	0.645	0.645	0.605	0.62	171
05.05.2022 00:00	0.61	0.64	0.61	0.615	106
06.05.2022 00:00	0.615	0.65	0.615	0.64	147
11.05.2022 00:00	0.62	0.63	0.62	0.625	48
12.05.2022 00:00	0.62	0.65	0.62	0.63	174
13.05.2022 00:00	0.625	0.65	0.615	0.645	229
16.05.2022 00:00	0.645	0.655	0.64	0.645	94
17.05.2022 00:00	0.64	0.68	0.64	0.68	596
18.05.2022 00:00	0.68	0.6900000000000001	0.67	0.675	367
19.05.2022 00:00	0.685	0.685	0.665	0.67	123
20.05.2022 00:00	0.685	0.685	0.66	0.67	213
23.05.2022 00:00	0.68	0.68	0.665	0.665	233
24.05.2022 00:00	0.675	0.675	0.63	0.66	158
25.05.2022 00:00	0.66	0.67	0.655	0.67	39
26.05.2022 00:00	0.67	0.67	0.65	0.66	113
27.05.2022 00:00	0.665	0.67	0.65	0.67	164
30.05.2022 00:00	0.65	0.66	0.62	0.655	185
31.05.2022 00:00	0.655	0.655	0.65	0.655	107
01.06.2022 00:00	0.645	0.655	0.645	0.655	105
02.06.2022 00:00	0.65	0.66	0.64	0.645	129
03.06.2022 00:00	0.64	0.66	0.615	0.63	538
06.06.2022 00:00	0.64	0.655	0.63	0.64	31
07.06.2022 00:00	0.655	0.655	0.625	0.655	12
08.06.2022 00:00	0.655	0.655	0.645	0.65	16
09.06.2022 00:00	0.655	0.655	0.645	0.655	18
10.06.2022 00:00	0.645	0.66	0.645	0.65	89
14.06.2022 00:00	0.645	0.66	0.645	0.66	78
15.06.2022 00:00	0.66	0.675	0.655	0.675	105
16.06.2022 00:00	0.665	0.685	0.665	0.68	273
17.06.2022 00:00	0.675	0.705	0.665	0.7000000000000001	592
20.06.2022 00:00	0.685	0.705	0.68	0.685	71
21.06.2022 00:00	0.6950000000000001	0.7000000000000001	0.65	0.67	557
22.06.2022 00:00	0.665	0.685	0.66	0.68	59
23.06.2022 00:00	0.68	0.6950000000000001	0.665	0.6950000000000001	309
24.06.2022 00:00	0.6950000000000001	0.7000000000000001	0.685	0.7000000000000001	362
27.06.2022 00:00	0.6900000000000001	0.7000000000000001	0.68	0.7000000000000001	281
28.06.2022 00:00	0.7000000000000001	0.72	0.6950000000000001	0.72	331
29.06.2022 00:00	0.72	0.725	0.6950000000000001	0.72	460
30.06.2022 00:00	0.725	0.725	0.655	0.72	333
01.07.2022 00:00	0.6950000000000001	0.705	0.685	0.6900000000000001	39
04.07.2022 00:00	0.685	0.685	0.68	0.68	37
05.07.2022 00:00	0.685	0.685	0.655	0.685	36
06.07.2022 00:00	0.6950000000000001	0.705	0.67	0.685	61
07.07.2022 00:00	0.66	0.6950000000000001	0.66	0.6900000000000001	30
08.07.2022 00:00	0.655	0.685	0.655	0.685	3
11.07.2022 00:00	0.7000000000000001	0.7000000000000001	0.665	0.685	8
12.07.2022 00:00	0.655	0.6950000000000001	0.655	0.685	39
13.07.2022 00:00	0.7000000000000001	0.7000000000000001	0.655	0.68	61
14.07.2022 00:00	0.6950000000000001	0.6950000000000001	0.655	0.68	8
15.07.2022 00:00	0.65	0.705	0.65	0.6950000000000001	360
18.07.2022 00:00	0.7000000000000001	0.7000000000000001	0.66	0.6950000000000001	239
19.07.2022 00:00	0.685	0.725	0.685	0.725	483
20.07.2022 00:00	0.725	0.75	0.72	0.72	461
21.07.2022 00:00	0.735	0.745	0.725	0.74	232
22.07.2022 00:00	0.745	0.77	0.745	0.75	95
25.07.2022 00:00	0.76	0.77	0.745	0.77	304
26.07.2022 00:00	0.775	0.8	0.75	0.755	116
27.07.2022 00:00	0.775	0.78	0.755	0.755	59
28.07.2022 00:00	0.775	0.78	0.72	0.77	477
29.07.2022 00:00	0.775	0.775	0.755	0.775	65
01.08.2022 00:00	0.77	0.78	0.6950000000000001	0.75	1064
02.08.2022 00:00	0.75	0.755	0.75	0.755	35
03.08.2022 00:00	0.755	0.77	0.755	0.77	67
04.08.2022 00:00	0.775	0.89	0.715	0.725	2923
05.08.2022 00:00	0.735	0.735	0.665	0.6900000000000001	618
08.08.2022 00:00	0.685	0.6950000000000001	0.66	0.68	428
09.08.2022 00:00	0.68	0.68	0.665	0.67	46
10.08.2022 00:00	0.675	0.77	0.67	0.745	1181
11.08.2022 00:00	0.745	0.745	0.7000000000000001	0.725	318
12.08.2022 00:00	0.705	0.72	0.7000000000000001	0.71	32
15.08.2022 00:00	0.705	0.705	0.68	0.6950000000000001	163
16.08.2022 00:00	0.6950000000000001	0.6950000000000001	0.66	0.6950000000000001	382
17.08.2022 00:00	0.685	0.685	0.68	0.685	18
18.08.2022 00:00	0.685	0.6950000000000001	0.68	0.6900000000000001	31
19.08.2022 00:00	0.685	0.6900000000000001	0.67	0.6900000000000001	311
22.08.2022 00:00	0.68	0.6900000000000001	0.68	0.685	117
23.08.2022 00:00	0.68	0.7000000000000001	0.68	0.685	137
24.08.2022 00:00	0.685	0.6900000000000001	0.68	0.6900000000000001	86
25.08.2022 00:00	0.6950000000000001	0.7000000000000001	0.6950000000000001	0.7000000000000001	76
26.08.2022 00:00	0.685	0.775	0.685	0.77	783
29.08.2022 00:00	0.745	0.775	0.725	0.745	409
30.08.2022 00:00	0.76	0.8250000000000001	0.735	0.81	1591
31.08.2022 00:00	0.81	0.81	0.775	0.795	251
01.09.2022 00:00	0.79	0.79	0.775	0.79	55
02.09.2022 00:00	0.795	0.795	0.78	0.79	19
05.09.2022 00:00	0.77	0.81	0.77	0.79	70
06.09.2022 00:00	0.785	0.8	0.775	0.775	177
07.09.2022 00:00	0.775	0.775	0.775	0.775	25
08.09.2022 00:00	0.775	0.78	0.775	0.775	18
09.09.2022 00:00	0.775	0.795	0.775	0.795	8
12.09.2022 00:00	0.795	0.795	0.79	0.795	8
13.09.2022 00:00	0.79	0.795	0.79	0.795	30
14.09.2022 00:00	0.795	0.795	0.775	0.79	103
15.09.2022 00:00	0.78	0.78	0.75	0.775	117
16.09.2022 00:00	0.775	0.8	0.77	0.8	220
19.09.2022 00:00	0.8	0.8	0.755	0.775	455
20.09.2022 00:00	0.775	0.85	0.745	0.78	925
21.09.2022 00:00	0.725	0.775	0.6900000000000001	0.76	352
22.09.2022 00:00	0.78	0.8150000000000001	0.705	0.725	92
23.09.2022 00:00	0.77	0.775	0.7000000000000001	0.7000000000000001	129
26.09.2022 00:00	0.685	0.71	0.67	0.67	299
27.09.2022 00:00	0.685	0.685	0.61	0.65	74
28.09.2022 00:00	0.705	0.705	0.61	0.67	38
29.09.2022 00:00	0.615	0.715	0.615	0.67	265
30.09.2022 00:00	0.6900000000000001	0.6900000000000001	0.61	0.655	322
03.10.2022 00:00	0.625	0.67	0.61	0.67	35
04.10.2022 00:00	0.68	0.68	0.665	0.665	3
05.10.2022 00:00	0.65	0.66	0.645	0.645	14
06.10.2022 00:00	0.65	0.685	0.64	0.66	20
07.10.2022 00:00	0.685	0.685	0.625	0.68	35
10.10.2022 00:00	0.64	0.6900000000000001	0.64	0.6900000000000001	82
11.10.2022 00:00	0.685	0.685	0.67	0.685	18
12.10.2022 00:00	0.67	0.6900000000000001	0.67	0.685	42
13.10.2022 00:00	0.6900000000000001	0.8150000000000001	0.6900000000000001	0.74	817
14.10.2022 00:00	0.74	0.74	0.725	0.74	83
17.10.2022 00:00	0.74	0.74	0.72	0.735	23
18.10.2022 00:00	0.725	0.74	0.715	0.725	83
19.10.2022 00:00	0.725	0.725	0.715	0.725	44
20.10.2022 00:00	0.725	0.735	0.715	0.735	95
21.10.2022 00:00	0.735	0.735	0.72	0.735	12
24.10.2022 00:00	0.72	0.735	0.72	0.725	82
25.10.2022 00:00	0.72	0.73	0.715	0.72	215
26.10.2022 00:00	0.715	0.715	0.71	0.715	22
27.10.2022 00:00	0.73	0.73	0.705	0.73	279
28.10.2022 00:00	0.715	0.77	0.715	0.77	166
31.10.2022 00:00	0.76	0.785	0.725	0.78	211
01.11.2022 00:00	0.785	0.8	0.72	0.77	420
02.11.2022 00:00	0.775	0.775	0.735	0.755	77
03.11.2022 00:00	0.755	0.755	0.735	0.745	36
07.11.2022 00:00	0.735	0.755	0.735	0.755	34
08.11.2022 00:00	0.755	0.76	0.735	0.74	48
09.11.2022 00:00	0.74	0.805	0.735	0.76	284
10.11.2022 00:00	0.76	0.785	0.755	0.775	88
11.11.2022 00:00	0.785	0.785	0.76	0.78	28
14.11.2022 00:00	0.78	0.79	0.76	0.77	74
15.11.2022 00:00	0.79	0.79	0.74	0.78	130
16.11.2022 00:00	0.78	0.78	0.735	0.77	108
17.11.2022 00:00	0.77	0.78	0.755	0.77	169
18.11.2022 00:00	0.77	0.77	0.755	0.77	10
21.11.2022 00:00	0.77	0.77	0.755	0.76	22
22.11.2022 00:00	0.76	0.76	0.74	0.76	115
23.11.2022 00:00	0.76	0.785	0.74	0.76	269
24.11.2022 00:00	0.76	0.76	0.75	0.75	2
25.11.2022 00:00	0.755	0.77	0.745	0.755	38
28.11.2022 00:00	0.745	0.76	0.745	0.755	6
29.11.2022 00:00	0.76	0.76	0.735	0.755	211
30.11.2022 00:00	0.76	0.76	0.745	0.755	56
01.12.2022 00:00	0.76	0.76	0.745	0.755	12
02.12.2022 00:00	0.755	0.755	0.75	0.755	16
05.12.2022 00:00	0.755	0.755	0.75	0.755	44
06.12.2022 00:00	0.755	0.76	0.75	0.75	42
07.12.2022 00:00	0.75	0.755	0.75	0.755	7
08.12.2022 00:00	0.75	0.75	0.735	0.74	81
09.12.2022 00:00	0.735	0.76	0.735	0.755	21
12.12.2022 00:00	0.75	0.76	0.735	0.75	95
13.12.2022 00:00	0.74	0.75	0.735	0.74	94
14.12.2022 00:00	0.745	0.745	0.745	0.745	3
15.12.2022 00:00	0.74	0.785	0.74	0.745	295
16.12.2022 00:00	0.745	0.745	0.715	0.74	164
19.12.2022 00:00	0.74	0.745	0.74	0.745	11
20.12.2022 00:00	0.745	0.745	0.745	0.745	4
21.12.2022 00:00	0.735	0.75	0.73	0.75	81
22.12.2022 00:00	0.75	0.76	0.735	0.755	125
23.12.2022 00:00	0.74	0.75	0.74	0.75	16
26.12.2022 00:00	0.74	0.745	0.735	0.745	52
27.12.2022 00:00	0.745	0.755	0.74	0.745	144
28.12.2022 00:00	0.745	0.75	0.74	0.745	31
29.12.2022 00:00	0.75	0.755	0.74	0.74	52
30.12.2022 00:00	0.745	0.775	0.74	0.76	97
03.01.2023 00:00	0.76	0.785	0.74	0.78	161
04.01.2023 00:00	0.78	0.78	0.755	0.775	106
05.01.2023 00:00	0.77	0.78	0.76	0.76	38
06.01.2023 00:00	0.775	0.795	0.77	0.795	32
09.01.2023 00:00	0.795	0.795	0.775	0.795	144
10.01.2023 00:00	0.8	0.8	0.775	0.795	62
11.01.2023 00:00	0.8	0.865	0.79	0.8250000000000001	448
12.01.2023 00:00	0.835	0.86	0.8200000000000001	0.86	144
13.01.2023 00:00	0.85	0.865	0.795	0.845	809
16.01.2023 00:00	0.85	0.85	0.835	0.85	69
17.01.2023 00:00	0.85	0.86	0.835	0.855	54
18.01.2023 00:00	0.86	0.865	0.845	0.855	92
19.01.2023 00:00	0.865	0.87	0.795	0.8250000000000001	400
20.01.2023 00:00	0.8250000000000001	0.8300000000000001	0.8200000000000001	0.8300000000000001	22
23.01.2023 00:00	0.8300000000000001	0.8300000000000001	0.8	0.8250000000000001	223
24.01.2023 00:00	0.8250000000000001	0.845	0.795	0.8250000000000001	698
25.01.2023 00:00	0.8250000000000001	0.8300000000000001	0.8200000000000001	0.8200000000000001	43
26.01.2023 00:00	0.8200000000000001	0.8250000000000001	0.81	0.81	125
27.01.2023 00:00	0.81	0.81	0.77	0.8	357
30.01.2023 00:00	0.8	0.81	0.79	0.8	96
31.01.2023 00:00	0.81	0.81	0.8	0.81	62
01.02.2023 00:00	0.805	0.8150000000000001	0.805	0.8150000000000001	166
02.02.2023 00:00	0.8150000000000001	0.8200000000000001	0.81	0.8150000000000001	48
03.02.2023 00:00	0.8150000000000001	0.8150000000000001	0.81	0.8150000000000001	17
06.02.2023 00:00	0.8150000000000001	0.845	0.81	0.8250000000000001	150
07.02.2023 00:00	0.8200000000000001	0.865	0.81	0.835	429
08.02.2023 00:00	0.84	0.885	0.835	0.84	201
09.02.2023 00:00	0.885	0.9	0.85	0.87	326
10.02.2023 00:00	0.87	0.9	0.8250000000000001	0.9	546
13.02.2023 00:00	0.875	0.89	0.835	0.88	677
14.02.2023 00:00	0.885	0.885	0.845	0.88	498
15.02.2023 00:00	0.87	0.89	0.86	0.88	280
16.02.2023 00:00	0.885	0.885	0.855	0.885	272
17.02.2023 00:00	0.87	0.89	0.86	0.89	368
20.02.2023 00:00	0.87	1.225	0.87	0.91	14894
21.02.2023 00:00	0.935	0.97	0.865	0.92	2826
22.02.2023 00:00	0.9	0.9400000000000001	0.88	0.92	493
24.02.2023 00:00	0.915	0.925	0.89	0.925	222
27.02.2023 00:00	0.925	0.9400000000000001	0.905	0.935	407
28.02.2023 00:00	0.925	1.0050000000000001	0.91	0.97	859
01.03.2023 00:00	0.98	1.195	0.965	1.01	11812
02.03.2023 00:00	1.02	1.02	0.9450000000000001	0.99	2278
03.03.2023 00:00	0.99	1.0	0.9550000000000001	0.97	1738
06.03.2023 00:00	0.97	0.99	0.965	0.975	883
07.03.2023 00:00	0.97	0.99	0.965	0.975	327
09.03.2023 00:00	0.985	0.99	0.965	0.975	417
10.03.2023 00:00	0.97	0.995	0.965	0.98	210
13.03.2023 00:00	0.975	1.02	0.975	0.99	1036
14.03.2023 00:00	0.99	1.03	0.99	0.995	417
15.03.2023 00:00	0.995	1.0050000000000001	0.985	0.995	173
16.03.2023 00:00	1.0	1.07	0.975	0.975	1958
17.03.2023 00:00	0.98	1.0050000000000001	0.965	0.995	550
20.03.2023 00:00	0.985	1.0	0.965	0.99	372
21.03.2023 00:00	0.995	1.0	0.975	0.995	136
22.03.2023 00:00	1.0	1.0	0.97	0.985	285
23.03.2023 00:00	0.995	1.0050000000000001	0.9550000000000001	0.995	729
24.03.2023 00:00	0.995	1.03	0.99	1.01	593
27.03.2023 00:00	1.01	1.03	1.0	1.0150000000000001	741
28.03.2023 00:00	1.02	1.02	0.995	1.01	172
29.03.2023 00:00	1.01	1.03	1.01	1.03	161
30.03.2023 00:00	1.03	1.06	0.975	0.995	3154
31.03.2023 00:00	0.995	1.0050000000000001	0.98	0.995	474
03.04.2023 00:00	0.995	1.0050000000000001	0.985	1.0	471
04.04.2023 00:00	1.0	1.0050000000000001	0.99	0.99	246
05.04.2023 00:00	0.99	1.0050000000000001	0.99	0.995	491
06.04.2023 00:00	1.0	1.0	0.99	0.995	558
07.04.2023 00:00	0.995	1.0150000000000001	0.96	1.0	4892
10.04.2023 00:00	0.99	1.09	0.99	1.06	3122
11.04.2023 00:00	1.05	1.1400000000000001	1.05	1.1	2134
12.04.2023 00:00	1.1	1.12	1.08	1.11	379
13.04.2023 00:00	1.1	1.11	1.08	1.11	991
14.04.2023 00:00	1.1	1.175	1.09	1.165	776
17.04.2023 00:00	1.175	1.235	1.165	1.23	1257
18.04.2023 00:00	1.245	1.3	1.185	1.2650000000000001	907
19.04.2023 00:00	1.25	1.3	1.205	1.2550000000000001	596
20.04.2023 00:00	1.2550000000000001	1.2550000000000001	1.175	1.225	1802
21.04.2023 00:00	1.225	1.235	1.195	1.215	344
24.04.2023 00:00	1.215	1.5	1.205	1.3900000000000001	8719
25.04.2023 00:00	1.3900000000000001	1.485	1.35	1.3900000000000001	1834
26.04.2023 00:00	1.435	1.435	1.35	1.36	703
27.04.2023 00:00	1.3900000000000001	1.745	1.36	1.58	12889
28.04.2023 00:00	1.585	1.62	1.405	1.475	2910
02.05.2023 00:00	1.445	1.495	1.3	1.37	1663
03.05.2023 00:00	1.37	1.395	1.245	1.34	710
04.05.2023 00:00	1.36	1.37	1.29	1.34	1933
05.05.2023 00:00	1.34	1.37	1.28	1.31	718
08.05.2023 00:00	1.3	1.355	1.29	1.31	639
10.05.2023 00:00	1.31	1.34	1.28	1.31	626
11.05.2023 00:00	1.32	1.405	1.32	1.3800000000000001	1816
12.05.2023 00:00	1.3900000000000001	1.405	1.35	1.3800000000000001	272
15.05.2023 00:00	1.405	1.445	1.355	1.37	718
16.05.2023 00:00	1.415	1.415	1.37	1.395	553
17.05.2023 00:00	1.425	1.6	1.405	1.495	2427
18.05.2023 00:00	1.54	1.985	1.495	1.84	6481
19.05.2023 00:00	1.855	1.9100000000000001	1.54	1.6	5098
22.05.2023 00:00	1.565	1.695	1.565	1.6500000000000001	1002
23.05.2023 00:00	1.695	1.84	1.565	1.84	1421
24.05.2023 00:00	1.735	1.8	1.62	1.77	1520
25.05.2023 00:00	1.8	1.81	1.745	1.81	710
26.05.2023 00:00	1.81	1.81	1.745	1.7850000000000001	513
29.05.2023 00:00	1.81	1.81	1.68	1.75	267
30.05.2023 00:00	1.735	1.75	1.685	1.69	740
31.05.2023 00:00	1.715	1.8900000000000001	1.675	1.875	3003
01.06.2023 00:00	1.875	1.8800000000000001	1.715	1.83	339
02.06.2023 00:00	1.8	1.85	1.8	1.8	141
05.06.2023 00:00	1.805	1.945	1.8	1.81	991
06.06.2023 00:00	1.81	1.995	1.81	1.83	1988
07.06.2023 00:00	1.86	1.93	1.81	1.835	632
08.06.2023 00:00	1.85	1.87	1.815	1.87	394
09.06.2023 00:00	1.815	1.87	1.815	1.86	604
13.06.2023 00:00	1.9100000000000001	1.94	1.83	1.925	803
14.06.2023 00:00	1.93	1.965	1.8900000000000001	1.915	283
15.06.2023 00:00	1.915	1.965	1.8900000000000001	1.965	578
16.06.2023 00:00	1.945	1.965	1.81	1.93	976
19.06.2023 00:00	1.965	2.45	1.895	2.18	6829
20.06.2023 00:00	2.185	2.19	1.93	2.08	2343
21.06.2023 00:00	2.14	2.14	2.045	2.1	355
22.06.2023 00:00	2.08	2.1	2.015	2.085	572
23.06.2023 00:00	2.085	2.085	2.04	2.055	204
26.06.2023 00:00	1.995	2.1	1.995	2.035	227
27.06.2023 00:00	1.995	2.145	1.985	2.1	584
28.06.2023 00:00	2.2	2.555	2.055	2.1	6975
29.06.2023 00:00	2.14	2.145	2.015	2.045	1242
30.06.2023 00:00	2.08	2.13	2.045	2.055	547
03.07.2023 00:00	2.105	2.87	2.06	2.12	24394
04.07.2023 00:00	2.145	2.145	1.995	2.08	3145
05.07.2023 00:00	2.16	2.18	2.085	2.15	1317
06.07.2023 00:00	2.16	2.19	2.055	2.12	641
07.07.2023 00:00	2.105	2.16	2.08	2.145	629
10.07.2023 00:00	2.105	2.145	2.085	2.12	527
11.07.2023 00:00	2.145	2.16	2.1	2.16	934
12.07.2023 00:00	2.13	2.2	2.13	2.2	677
13.07.2023 00:00	2.2	2.245	2.145	2.165	859
14.07.2023 00:00	2.205	2.225	2.165	2.22	446
17.07.2023 00:00	2.225	2.24	2.19	2.22	659
18.07.2023 00:00	2.23	2.285	2.205	2.22	672
19.07.2023 00:00	2.265	2.38	2.225	2.35	1460
20.07.2023 00:00	2.355	2.565	2.295	2.44	5816
21.07.2023 00:00	2.475	2.71	2.45	2.56	6286
24.07.2023 00:00	2.67	2.715	2.49	2.6550000000000002	2085
25.07.2023 00:00	2.63	2.85	2.6	2.745	3383
26.07.2023 00:00	2.85	2.995	2.725	2.95	3508
27.07.2023 00:00	3.21	3.805	3.1	3.395	13020
28.07.2023 00:00	3.395	3.395	2.995	3.27	3881
31.07.2023 00:00	3.495	3.745	3.23	3.46	3281
01.08.2023 00:00	3.6	4.455	3.555	3.895	18658
02.08.2023 00:00	4.05	4.05	3.805	3.93	3094
03.08.2023 00:00	3.94	4.0	3.855	3.95	1691
04.08.2023 00:00	3.995	4.245	3.62	3.995	4899
07.08.2023 00:00	4.035	4.345	3.805	4.305	4007
08.08.2023 00:00	4.345	4.95	4.2	4.705	9884
09.08.2023 00:00	4.995	5.655	4.705	5.655	12078
10.08.2023 00:00	5.995	6.495	3.545	4.17	15667
11.08.2023 00:00	4.265	4.265	3.915	4.2	2287
14.08.2023 00:00	3.915	4.4	3.865	4.235	2439
15.08.2023 00:00	3.805	4.34	3.77	3.89	4519
16.08.2023 00:00	3.89	3.96	3.2	3.64	3389
17.08.2023 00:00	3.63	3.63	3.225	3.295	2568
18.08.2023 00:00	3.395	3.54	3.335	3.465	1803
21.08.2023 00:00	3.555	4.43	3.48	4.075	13322
22.08.2023 00:00	4.32	4.4	4.12	4.3	4313
23.08.2023 00:00	4.4	4.4	3.995	4.135	1741
24.08.2023 00:00	4.075	4.2	3.795	4.2	1528
25.08.2023 00:00	4.2	4.23	4.075	4.15	602
28.08.2023 00:00	4.15	4.36	4.13	4.36	2254
29.08.2023 00:00	4.455	4.66	4.2	4.355	2572
30.08.2023 00:00	4.355	4.42	4.245	4.365	1220
31.08.2023 00:00	4.495	4.525	4.275	4.375	1157
01.09.2023 00:00	4.33	4.4	4.235	4.325	788
04.09.2023 00:00	4.3	4.66	4.22	4.405	2801
05.09.2023 00:00	4.49	4.7	4.355	4.535	4333
06.09.2023 00:00	4.61	4.82	4.415	4.45	2267
07.09.2023 00:00	4.495	4.62	3.79	4.18	2155
08.09.2023 00:00	4.045	4.175	3.605	4.0	4463
11.09.2023 00:00	4.015	4.12	3.81	4.065	1158
12.09.2023 00:00	4.065	4.065	3.9650000000000003	4.01	668
13.09.2023 00:00	4.11	4.15	3.85	3.92	3022
14.09.2023 00:00	3.95	3.975	2.815	3.5300000000000002	4585
15.09.2023 00:00	3.815	3.875	3.2	3.69	1787
18.09.2023 00:00	3.74	3.92	3.625	3.625	1365
19.09.2023 00:00	3.74	3.74	3.295	3.395	1203
20.09.2023 00:00	3.395	3.395	2.995	3.245	1406
21.09.2023 00:00	3.185	3.245	2.995	3.145	410
22.09.2023 00:00	3.17	3.245	3.025	3.2	792
25.09.2023 00:00	3.2	3.495	3.12	3.395	877
26.09.2023 00:00	3.495	3.495	3.1	3.23	1256
27.09.2023 00:00	3.23	3.33	3.19	3.31	565
28.09.2023 00:00	3.305	3.43	3.305	3.4050000000000002	465
29.09.2023 00:00	3.415	3.415	3.335	3.34	322
02.10.2023 00:00	3.395	3.45	3.33	3.44	888
03.10.2023 00:00	3.35	3.435	3.285	3.41	396
04.10.2023 00:00	3.42	3.49	3.365	3.49	403
05.10.2023 00:00	3.455	3.645	3.365	3.64	634
06.10.2023 00:00	3.68	3.765	3.41	3.605	365
09.10.2023 00:00	3.6	3.67	3.475	3.64	316
10.10.2023 00:00	3.63	3.645	3.505	3.63	464
11.10.2023 00:00	3.575	3.715	3.575	3.71	611
12.10.2023 00:00	3.71	3.725	3.6	3.625	549
13.10.2023 00:00	3.62	3.68	3.415	3.67	447
16.10.2023 00:00	3.67	3.85	3.67	3.805	757
17.10.2023 00:00	3.805	4.15	3.805	3.89	2415
18.10.2023 00:00	3.89	4.03	3.865	3.94	822
19.10.2023 00:00	3.975	3.975	3.895	3.935	226
20.10.2023 00:00	3.895	3.975	3.645	3.7	945
23.10.2023 00:00	3.62	3.85	3.615	3.7800000000000002	470
24.10.2023 00:00	3.74	3.85	3.52	3.665	1067
25.10.2023 00:00	3.6	3.975	3.6	3.68	1585
26.10.2023 00:00	3.68	3.68	3.6	3.62	532
27.10.2023 00:00	3.62	3.625	3.545	3.62	344
30.10.2023 00:00	3.7	3.7	3.62	3.62	348
31.10.2023 00:00	3.62	3.62	3.41	3.475	397
01.11.2023 00:00	3.585	3.625	3.33	3.42	663
02.11.2023 00:00	3.41	3.575	3.35	3.39	745
03.11.2023 00:00	3.46	3.49	3.25	3.38	450
06.11.2023 00:00	3.38	3.465	3.255	3.4050000000000002	218
07.11.2023 00:00	3.395	3.395	3.2800000000000002	3.33	682
08.11.2023 00:00	3.355	3.365	2.995	3.185	2735
09.11.2023 00:00	3.21	3.29	3.075	3.105	509
10.11.2023 00:00	3.085	3.16	3.015	3.085	742
13.11.2023 00:00	3.045	3.095	2.545	2.68	3584
14.11.2023 00:00	2.62	2.62	2.045	2.25	3944
15.11.2023 00:00	2.25	2.605	2.22	2.545	1813
16.11.2023 00:00	2.605	2.75	2.565	2.665	2147
17.11.2023 00:00	2.6	2.81	2.45	2.62	1233
20.11.2023 00:00	2.68	2.68	2.56	2.62	832
21.11.2023 00:00	2.62	2.69	2.585	2.645	191
22.11.2023 00:00	2.705	2.785	2.68	2.685	200
23.11.2023 00:00	2.68	2.68	2.495	2.555	483
24.11.2023 00:00	2.56	2.62	2.285	2.35	885
27.11.2023 00:00	2.555	2.555	2.265	2.355	311
28.11.2023 00:00	2.355	2.6	2.355	2.59	658
29.11.2023 00:00	2.6	2.625	2.375	2.48	422
30.11.2023 00:00	2.48	2.495	2.31	2.465	422
01.12.2023 00:00	2.41	2.475	2.295	2.375	288
04.12.2023 00:00	2.31	2.33	2.14	2.18	2110
05.12.2023 00:00	2.18	2.2	1.85	1.94	3137
06.12.2023 00:00	1.94	1.98	1.87	1.895	731
07.12.2023 00:00	1.855	1.895	1.735	1.81	1185
08.12.2023 00:00	1.7550000000000001	1.9100000000000001	1.7550000000000001	1.8800000000000001	732
11.12.2023 00:00	1.87	1.87	1.77	1.81	1085
12.12.2023 00:00	1.815	1.835	1.7650000000000001	1.7650000000000001	528
13.12.2023 00:00	1.7750000000000001	1.87	1.725	1.82	1083
14.12.2023 00:00	1.815	1.925	1.815	1.855	1831
15.12.2023 00:00	1.855	1.8900000000000001	1.7750000000000001	1.85	1275
18.12.2023 00:00	1.85	1.985	1.81	1.93	1295
19.12.2023 00:00	1.925	2.095	1.925	2.0	1124
20.12.2023 00:00	2.0	2.16	1.935	2.105	3273
21.12.2023 00:00	2.13	2.37	2.055	2.325	3019
22.12.2023 00:00	2.325	2.38	2.205	2.21	1082
25.12.2023 00:00	2.295	2.295	2.005	2.16	1818
26.12.2023 00:00	2.185	2.185	2.035	2.06	585
27.12.2023 00:00	2.12	2.19	2.075	2.12	3524
28.12.2023 00:00	2.12	2.14	2.06	2.095	1749
29.12.2023 00:00	2.13	2.205	2.065	2.105	740
03.01.2024 00:00	2.185	2.185	2.06	2.1	1293
04.01.2024 00:00	2.145	2.185	2.1	2.185	1236
05.01.2024 00:00	2.2	2.375	2.185	2.315	2895
08.01.2024 00:00	2.33	2.6	2.33	2.5	5652
09.01.2024 00:00	2.54	2.68	2.37	2.665	3287
10.01.2024 00:00	2.645	2.68	2.495	2.6	2028
11.01.2024 00:00	2.625	2.645	2.495	2.535	1266
12.01.2024 00:00	2.535	2.62	2.495	2.585	699
15.01.2024 00:00	2.615	2.87	2.6	2.84	2617
16.01.2024 00:00	2.865	3.16	2.85	2.96	6051
17.01.2024 00:00	2.96	3.1	2.855	3.08	2077
18.01.2024 00:00	3.08	3.22	2.995	3.065	1801
19.01.2024 00:00	3.085	3.13	3.005	3.125	895
22.01.2024 00:00	3.145	3.17	3.045	3.14	857
23.01.2024 00:00	3.165	3.6	3.14	3.6	4700
24.01.2024 00:00	3.6	3.615	3.45	3.49	1867
25.01.2024 00:00	3.465	3.5	3.25	3.41	2805
26.01.2024 00:00	3.355	3.43	3.27	3.375	406
29.01.2024 00:00	3.39	3.555	3.39	3.455	871
30.01.2024 00:00	3.455	3.515	3.295	3.34	819
31.01.2024 00:00	3.31	3.34	3.16	3.285	2438
01.02.2024 00:00	3.29	3.295	3.015	3.12	1152
02.02.2024 00:00	3.12	3.165	2.895	3.045	2049
05.02.2024 00:00	3.06	3.14	2.995	3.095	1043
06.02.2024 00:00	3.105	3.25	3.085	3.22	1026
07.02.2024 00:00	3.225	3.245	3.115	3.19	924
08.02.2024 00:00	3.205	3.205	3.055	3.085	410
09.02.2024 00:00	3.095	3.165	2.965	2.975	600
12.02.2024 00:00	2.98	3.055	2.915	2.915	581
13.02.2024 00:00	2.955	3.025	2.915	3.025	538
14.02.2024 00:00	3.095	3.095	2.98	2.995	808
15.02.2024 00:00	3.02	3.02	2.95	2.995	416
16.02.2024 00:00	2.995	3.1	2.995	3.0	321
19.02.2024 00:00	3.02	3.02	2.93	2.94	594
20.02.2024 00:00	2.95	3.015	2.805	2.84	611
21.02.2024 00:00	2.835	2.835	2.705	2.75	617
22.02.2024 00:00	2.755	2.835	2.71	2.835	177
26.02.2024 00:00	2.87	3.14	2.85	3.04	983
27.02.2024 00:00	3.14	3.34	3.02	3.145	2270
28.02.2024 00:00	3.22	3.34	3.16	3.205	1288
29.02.2024 00:00	3.245	3.245	2.965	3.075	2205
01.03.2024 00:00	3.14	3.14	3.045	3.085	262
04.03.2024 00:00	3.095	3.14	3.095	3.1	674
05.03.2024 00:00	3.13	3.13	3.055	3.1	50
06.03.2024 00:00	3.08	3.08	3.02	3.045	251
07.03.2024 00:00	3.04	3.06	2.995	3.015	125
11.03.2024 00:00	3.035	3.055	3.005	3.005	221
12.03.2024 00:00	2.995	3.015	2.91	2.965	567
13.03.2024 00:00	3.015	3.575	3.015	3.35	13057
14.03.2024 00:00	3.35	3.54	3.12	3.145	3532
15.03.2024 00:00	3.14	3.265	3.005	3.105	1082
18.03.2024 00:00	3.15	3.22	3.055	3.055	716
19.03.2024 00:00	3.08	3.105	3.015	3.035	525
20.03.2024 00:00	3.035	3.095	2.975	2.975	661
21.03.2024 00:00	2.995	3.1	2.965	3.035	551
22.03.2024 00:00	3.055	3.42	2.995	3.41	3616
25.03.2024 00:00	3.41	3.41	3.17	3.24	2251
26.03.2024 00:00	3.245	3.785	3.24	3.455	10660
27.03.2024 00:00	3.45	3.615	3.245	3.35	3255
28.03.2024 00:00	3.395	3.4050000000000002	3.245	3.295	1593
29.03.2024 00:00	3.29	3.39	3.27	3.33	767
01.04.2024 00:00	3.35	3.375	3.245	3.265	1440
02.04.2024 00:00	3.265	3.31	3.19	3.23	1250
03.04.2024 00:00	3.265	3.2800000000000002	3.185	3.225	1288
04.04.2024 00:00	3.245	3.295	3.245	3.27	1311
05.04.2024 00:00	3.265	3.27	3.205	3.265	263
08.04.2024 00:00	3.285	3.39	3.225	3.245	1423
09.04.2024 00:00	3.285	3.285	3.18	3.21	805
10.04.2024 00:00	3.245	3.245	3.18	3.24	435
11.04.2024 00:00	3.24	3.25	3.2	3.21	353
12.04.2024 00:00	3.205	3.49	3.18	3.355	5043
15.04.2024 00:00	3.395	3.395	3.255	3.285	1140
16.04.2024 00:00	3.285	3.475	3.27	3.355	1564
17.04.2024 00:00	3.43	3.475	3.33	3.38	1336
18.04.2024 00:00	3.39	3.46	3.31	3.41	1088
19.04.2024 00:00	3.43	3.43	3.325	3.4050000000000002	287
22.04.2024 00:00	3.4050000000000002	3.45	3.305	3.34	1393
23.04.2024 00:00	3.35	3.395	3.305	3.335	934
24.04.2024 00:00	3.35	3.795	3.31	3.4050000000000002	8561
25.04.2024 00:00	3.43	3.455	3.305	3.305	1592
26.04.2024 00:00	3.35	3.39	3.305	3.34	322
27.04.2024 00:00	3.35	3.37	3.31	3.355	216
29.04.2024 00:00	3.33	3.37	3.315	3.335	293
30.04.2024 00:00	3.335	3.455	3.335	3.41	781
02.05.2024 00:00	3.415	3.575	3.245	3.295	1819
03.05.2024 00:00	3.33	3.33	3.225	3.2800000000000002	347
06.05.2024 00:00	3.295	3.295	3.1	3.21	1337
07.05.2024 00:00	3.18	3.435	3.14	3.22	2521
08.05.2024 00:00	3.22	3.35	3.22	3.295	1134
10.05.2024 00:00	3.305	3.39	3.2	3.24	1146
13.05.2024 00:00	3.255	3.535	3.125	3.535	6801
14.05.2024 00:00	3.685	3.745	3.395	3.475	5127
15.05.2024 00:00	3.475	3.54	3.395	3.475	1049
16.05.2024 00:00	3.44	3.54	3.39	3.415	1180
17.05.2024 00:00	3.42	3.44	3.285	3.355	974
20.05.2024 00:00	3.37	3.37	3.295	3.33	270
21.05.2024 00:00	3.305	3.315	3.205	3.2800000000000002	631
22.05.2024 00:00	3.245	3.34	3.15	3.25	1010
23.05.2024 00:00	3.255	3.29	3.245	3.265	307
24.05.2024 00:00	3.245	3.29	3.16	3.205	447
27.05.2024 00:00	3.2	3.225	3.005	3.055	669
28.05.2024 00:00	2.975	3.185	2.85	3.185	874
29.05.2024 00:00	3.16	3.2	3.115	3.115	203
30.05.2024 00:00	3.115	3.255	3.115	3.205	264
31.05.2024 00:00	3.185	3.19	2.935	2.975	1883
03.06.2024 00:00	3.0	3.055	2.74	3.02	964
04.06.2024 00:00	2.96	3.2	2.915	3.075	1436
05.06.2024 00:00	3.105	3.14	2.995	3.08	862
06.06.2024 00:00	3.1	3.1	3.035	3.045	200
07.06.2024 00:00	3.055	3.19	3.035	3.125	577
10.06.2024 00:00	3.13	3.185	3.13	3.13	188
11.06.2024 00:00	3.14	3.17	3.015	3.015	280
13.06.2024 00:00	2.975	3.145	2.795	3.105	1317
14.06.2024 00:00	3.14	3.16	3.085	3.12	163
17.06.2024 00:00	3.125	3.16	3.055	3.06	375
18.06.2024 00:00	3.06	3.115	3.0	3.025	246
19.06.2024 00:00	3.015	3.025	2.92	2.95	573
20.06.2024 00:00	3.02	3.02	2.875	2.975	280
21.06.2024 00:00	2.995	2.995	2.91	2.955	148
24.06.2024 00:00	2.965	3.04	2.89	3.035	388
25.06.2024 00:00	3.055	3.055	2.96	3.025	102
26.06.2024 00:00	3.015	3.055	2.995	3.04	103
27.06.2024 00:00	3.015	3.08	3.0	3.035	193
28.06.2024 00:00	3.075	3.24	2.89	3.015	1390
01.07.2024 00:00	3.02	3.1	3.0	3.0	593
02.07.2024 00:00	3.015	3.145	3.015	3.045	471
03.07.2024 00:00	3.045	3.1	3.02	3.055	579
04.07.2024 00:00	3.055	3.055	2.95	2.995	1582
05.07.2024 00:00	2.915	2.915	2.745	2.87	1475
08.07.2024 00:00	2.87	2.91	2.805	2.835	394
09.07.2024 00:00	2.805	2.825	2.63	2.64	295
10.07.2024 00:00	2.64	2.67	2.6	2.6	377
11.07.2024 00:00	2.625	2.805	2.6	2.77	559
12.07.2024 00:00	2.805	2.825	2.705	2.75	182
15.07.2024 00:00	2.77	2.83	2.77	2.77	90
16.07.2024 00:00	2.79	2.79	2.74	2.745	87
17.07.2024 00:00	2.745	2.745	2.725	2.73	85
18.07.2024 00:00	2.74	2.745	2.63	2.745	337
19.07.2024 00:00	2.745	2.89	2.74	2.815	342
22.07.2024 00:00	2.825	2.89	2.7800000000000002	2.835	419
23.07.2024 00:00	2.85	2.85	2.7	2.805	526
24.07.2024 00:00	2.795	2.825	2.75	2.805	39
25.07.2024 00:00	2.805	2.81	2.7800000000000002	2.785	120
26.07.2024 00:00	2.805	2.895	2.7800000000000002	2.87	1318
29.07.2024 00:00	2.865	2.94	2.825	2.87	413
30.07.2024 00:00	2.895	2.895	2.67	2.785	986
31.07.2024 00:00	2.755	2.755	2.6	2.705	2074
01.08.2024 00:00	2.705	2.785	2.645	2.74	1127
02.08.2024 00:00	2.745	2.745	2.68	2.68	285
05.08.2024 00:00	2.68	2.785	2.5300000000000002	2.5300000000000002	1715
06.08.2024 00:00	2.585	2.685	2.54	2.575	865
07.08.2024 00:00	2.565	2.62	2.555	2.615	202
08.08.2024 00:00	2.565	2.69	2.565	2.63	371
09.08.2024 00:00	2.63	2.725	2.63	2.685	301
12.08.2024 00:00	2.68	2.795	2.615	2.765	568
13.08.2024 00:00	2.79	2.895	2.7800000000000002	2.825	835
14.08.2024 00:00	2.83	2.83	2.725	2.755	388
15.08.2024 00:00	2.745	2.855	2.715	2.855	481
16.08.2024 00:00	2.87	2.875	2.83	2.85	306
19.08.2024 00:00	2.855	2.875	2.7800000000000002	2.83	358
20.08.2024 00:00	2.805	2.83	2.755	2.825	211
21.08.2024 00:00	2.825	2.825	2.74	2.7800000000000002	431
22.08.2024 00:00	2.785	2.785	2.645	2.645	232
23.08.2024 00:00	2.62	2.705	2.585	2.605	635
26.08.2024 00:00	2.645	2.725	2.62	2.69	289
27.08.2024 00:00	2.71	2.85	2.71	2.745	475
28.08.2024 00:00	2.765	2.765	2.66	2.715	142
29.08.2024 00:00	2.69	2.84	2.665	2.79	133
30.08.2024 00:00	2.805	2.805	2.69	2.71	309
02.09.2024 00:00	2.765	2.77	2.495	2.585	318
03.09.2024 00:00	2.66	2.73	2.54	2.66	238
04.09.2024 00:00	2.59	2.795	2.395	2.7800000000000002	436
05.09.2024 00:00	2.805	2.815	2.52	2.73	441
06.09.2024 00:00	2.745	2.745	2.66	2.71	84
09.09.2024 00:00	2.725	2.835	2.67	2.745	454
10.09.2024 00:00	2.75	2.79	2.75	2.7800000000000002	88
11.09.2024 00:00	2.77	2.795	2.755	2.785	66
12.09.2024 00:00	2.785	2.79	2.705	2.79	137
13.09.2024 00:00	2.765	2.7800000000000002	2.575	2.71	326
16.09.2024 00:00	2.705	2.765	2.705	2.765	58
17.09.2024 00:00	2.7800000000000002	2.795	2.725	2.795	244
18.09.2024 00:00	2.795	2.805	2.77	2.785	35
19.09.2024 00:00	2.805	2.815	2.785	2.815	77
20.09.2024 00:00	2.815	2.87	2.785	2.84	444
23.09.2024 00:00	2.85	2.88	2.805	2.84	233
24.09.2024 00:00	2.84	2.875	2.815	2.875	288
25.09.2024 00:00	2.875	2.89	2.83	2.85	267
26.09.2024 00:00	2.83	2.855	2.81	2.84	818
27.09.2024 00:00	2.855	2.955	2.835	2.875	459
30.09.2024 00:00	2.915	2.93	2.875	2.92	262
01.10.2024 00:00	2.93	2.96	2.88	2.88	352
02.10.2024 00:00	2.89	2.965	2.85	2.9050000000000002	379
03.10.2024 00:00	2.91	2.965	2.9050000000000002	2.935	343
04.10.2024 00:00	2.955	2.99	2.94	2.975	167
07.10.2024 00:00	2.995	2.995	2.93	2.935	416
08.10.2024 00:00	2.935	3.015	2.935	2.98	230
09.10.2024 00:00	3.025	3.045	2.95	3.0	69
10.10.2024 00:00	3.005	3.035	2.995	3.0	71
11.10.2024 00:00	2.995	3.035	2.95	2.95	105
14.10.2024 00:00	2.995	3.025	2.92	2.995	185
15.10.2024 00:00	3.015	3.02	2.965	3.02	168
16.10.2024 00:00	3.02	3.08	3.005	3.04	162
17.10.2024 00:00	3.055	3.1	3.015	3.035	172
18.10.2024 00:00	3.04	3.055	2.99	3.035	233
21.10.2024 00:00	2.99	3.02	2.9050000000000002	3.02	104
22.10.2024 00:00	2.93	3.02	2.89	2.975	418
23.10.2024 00:00	2.975	3.025	2.915	3.02	168
24.10.2024 00:00	3.015	3.1	2.995	3.035	296
25.10.2024 00:00	3.015	3.095	2.975	3.025	437
28.10.2024 00:00	2.975	3.035	2.965	2.965	466
29.10.2024 00:00	3.04	3.08	2.995	3.035	182
30.10.2024 00:00	3.08	3.1	3.035	3.035	528
31.10.2024 00:00	3.035	3.1	3.035	3.085	261
01.11.2024 00:00	3.045	3.095	3.045	3.075	54
02.11.2024 00:00	3.06	3.085	3.005	3.04	114
05.11.2024 00:00	3.015	3.1	3.0	3.06	259
06.11.2024 00:00	3.015	3.095	3.0	3.065	126
07.11.2024 00:00	3.075	3.095	3.04	3.085	103
08.11.2024 00:00	3.005	3.12	2.9050000000000002	3.06	405
11.11.2024 00:00	3.06	3.2	2.91	3.015	500
12.11.2024 00:00	3.0	3.115	3.0	3.115	175
13.11.2024 00:00	3.115	3.17	3.1	3.15	194
14.11.2024 00:00	3.16	3.295	3.1	3.1	358
15.11.2024 00:00	3.145	3.305	3.095	3.285	544
18.11.2024 00:00	3.19	3.27	3.015	3.14	726
19.11.2024 00:00	3.08	3.205	2.995	3.1	612
20.11.2024 00:00	3.075	3.21	3.075	3.17	200
21.11.2024 00:00	3.165	3.2	3.1	3.1	144
22.11.2024 00:00	3.1	3.22	3.1	3.21	234
25.11.2024 00:00	3.225	3.29	3.105	3.145	385
26.11.2024 00:00	3.105	3.2	3.045	3.075	612
27.11.2024 00:00	3.085	3.13	2.9050000000000002	3.035	211
28.11.2024 00:00	3.035	3.1	2.995	3.02	45
29.11.2024 00:00	2.995	3.14	2.98	3.035	553
02.12.2024 00:00	3.005	3.145	3.0	3.06	348
03.12.2024 00:00	3.015	3.185	3.015	3.055	364
04.12.2024 00:00	3.13	3.13	3.005	3.02	258
05.12.2024 00:00	3.005	3.04	2.995	3.04	83
06.12.2024 00:00	3.035	3.145	3.035	3.13	253
09.12.2024 00:00	3.15	3.245	3.12	3.245	158
10.12.2024 00:00	3.165	3.22	3.145	3.2	68
11.12.2024 00:00	3.205	3.31	3.065	3.29	499
12.12.2024 00:00	3.295	3.295	3.225	3.2800000000000002	127
13.12.2024 00:00	3.245	3.295	3.105	3.245	578
16.12.2024 00:00	3.245	3.265	3.18	3.265	319
17.12.2024 00:00	3.205	3.24	3.1	3.16	169
18.12.2024 00:00	3.22	3.22	3.12	3.12	28
19.12.2024 00:00	3.2	3.255	3.15	3.15	170
20.12.2024 00:00	3.21	3.285	3.16	3.205	151
23.12.2024 00:00	3.31	3.45	3.21	3.295	629
24.12.2024 00:00	3.305	3.39	3.225	3.38	263
25.12.2024 00:00	3.38	3.39	3.325	3.37	114
26.12.2024 00:00	3.37	3.395	3.35	3.365	54
27.12.2024 00:00	3.355	3.375	3.325	3.355	267
28.12.2024 00:00	3.37	3.41	3.335	3.355	143
30.12.2024 00:00	3.375	3.395	3.35	3.37	65
03.01.2025 00:00	3.41	3.42	3.285	3.33	217
06.01.2025 00:00	3.35	3.35	3.225	3.315	247
08.01.2025 00:00	3.33	3.395	3.255	3.355	203
09.01.2025 00:00	3.37	3.575	3.27	3.285	2671
10.01.2025 00:00	3.325	3.52	3.27	3.31	979
13.01.2025 00:00	3.35	3.45	3.315	3.4050000000000002	449
14.01.2025 00:00	3.4050000000000002	3.555	3.365	3.42	734
15.01.2025 00:00	3.475	3.89	3.46	3.64	3541
16.01.2025 00:00	3.645	3.725	3.565	3.605	1177
17.01.2025 00:00	3.565	3.615	3.52	3.54	287
20.01.2025 00:00	3.535	3.59	3.535	3.535	298
21.01.2025 00:00	3.555	3.585	3.555	3.575	113
22.01.2025 00:00	3.575	3.6	3.495	3.6	403
23.01.2025 00:00	3.6	3.66	3.535	3.575	377
24.01.2025 00:00	3.64	3.66	3.575	3.585	244
27.01.2025 00:00	3.625	3.625	3.5	3.515	184
28.01.2025 00:00	3.515	3.625	3.515	3.59	400
29.01.2025 00:00	3.615	3.62	3.54	3.565	259
30.01.2025 00:00	3.6	3.615	3.565	3.58	96
31.01.2025 00:00	3.62	3.62	3.545	3.545	125
03.02.2025 00:00	3.585	3.6	3.5	3.515	210
04.02.2025 00:00	3.585	3.665	3.58	3.64	542
05.02.2025 00:00	3.615	3.66	3.52	3.555	373
06.02.2025 00:00	3.615	3.62	3.6	3.6	79
07.02.2025 00:00	3.625	3.66	3.6	3.64	147
10.02.2025 00:00	3.64	3.6550000000000002	3.565	3.575	283
11.02.2025 00:00	3.575	3.59	3.5300000000000002	3.575	175
12.02.2025 00:00	3.555	3.6	3.545	3.585	101
13.02.2025 00:00	3.6	3.7	3.565	3.64	530
14.02.2025 00:00	3.6550000000000002	3.725	3.58	3.585	673
17.02.2025 00:00	3.63	3.7	3.545	3.605	1078
18.02.2025 00:00	3.645	3.685	3.585	3.585	222
19.02.2025 00:00	3.575	3.66	3.575	3.645	109
20.02.2025 00:00	3.6550000000000002	3.67	3.63	3.64	146
21.02.2025 00:00	3.665	3.71	3.62	3.705	683
24.02.2025 00:00	3.725	3.77	3.705	3.75	535
25.02.2025 00:00	3.765	3.765	3.705	3.755	361
26.02.2025 00:00	3.745	3.85	3.6	3.69	644
27.02.2025 00:00	3.59	3.805	3.585	3.74	450
28.02.2025 00:00	3.7	3.805	3.64	3.74	391
03.03.2025 00:00	3.73	3.74	3.6550000000000002	3.685	62
04.03.2025 00:00	3.685	3.73	3.605	3.725	224
05.03.2025 00:00	3.705	3.79	3.685	3.74	165
06.03.2025 00:00	3.715	3.85	3.64	3.665	391
07.03.2025 00:00	3.67	3.725	3.665	3.67	84
10.03.2025 00:00	3.68	3.68	3.6	3.62	162
11.03.2025 00:00	3.66	3.795	3.62	3.79	461
12.03.2025 00:00	3.79	3.79	3.68	3.765	248
13.03.2025 00:00	3.7	3.7	3.64	3.685	232
14.03.2025 00:00	3.68	3.685	3.555	3.625	369
17.03.2025 00:00	3.68	3.795	3.68	3.745	238
18.03.2025 00:00	3.705	3.795	3.705	3.745	32
19.03.2025 00:00	3.815	3.815	3.75	3.785	54
20.03.2025 00:00	3.755	3.85	3.755	3.785	238
21.03.2025 00:00	3.765	3.825	3.7	3.71	360
24.03.2025 00:00	3.785	3.825	3.645	3.805	207
25.03.2025 00:00	3.765	3.81	3.725	3.795	151
26.03.2025 00:00	3.79	3.85	3.79	3.84	147
27.03.2025 00:00	3.795	3.85	3.77	3.85	225
28.03.2025 00:00	3.785	4.045	3.715	3.9050000000000002	984
31.03.2025 00:00	3.93	3.93	3.865	3.88	493
01.04.2025 00:00	3.89	3.89	3.87	3.875	677
02.04.2025 00:00	3.89	3.99	3.875	3.93	339
03.04.2025 00:00	3.975	4.09	3.895	3.935	330
04.04.2025 00:00	3.935	3.99	3.765	3.855	216
07.04.2025 00:00	3.85	3.85	3.495	3.565	509
08.04.2025 00:00	3.6	3.745	3.6	3.7	97
09.04.2025 00:00	3.555	3.67	3.52	3.52	128
10.04.2025 00:00	3.69	3.89	3.575	3.685	231
11.04.2025 00:00	3.685	3.85	3.685	3.81	163
14.04.2025 00:00	3.81	3.89	3.75	3.75	122
15.04.2025 00:00	3.765	3.765	3.645	3.66	120
16.04.2025 00:00	3.725	3.755	3.7	3.745	63
17.04.2025 00:00	3.785	3.785	3.73	3.765	62
18.04.2025 00:00	3.765	3.765	3.71	3.725	30
21.04.2025 00:00	3.745	3.89	3.715	3.83	144
22.04.2025 00:00	3.875	3.935	3.85	3.93	136
23.04.2025 00:00	3.87	3.93	3.87	3.89	13
24.04.2025 00:00	3.915	3.95	3.85	3.875	112
25.04.2025 00:00	3.92	3.935	3.855	3.91	116
28.04.2025 00:00	3.94	4.075	3.935	3.975	284
29.04.2025 00:00	3.955	3.955	3.9050000000000002	3.9050000000000002	78
30.04.2025 00:00	3.89	3.9050000000000002	3.81	3.87	111
02.05.2025 00:00	3.825	3.87	3.725	3.825	227
05.05.2025 00:00	3.865	3.995	3.855	3.9050000000000002	181
06.05.2025 00:00	3.915	3.995	3.91	3.955	171
07.05.2025 00:00	3.99	4.085	3.955	4.085	195
08.05.2025 00:00	4.085	4.355	4.065	4.265	634
12.05.2025 00:00	4.265	4.495	4.25	4.41	908
13.05.2025 00:00	4.525	4.525	3.435	3.435	6273
14.05.2025 00:00	3.505	3.565	3.14	3.205	8273
15.05.2025 00:00	3.22	3.255	3.055	3.105	1822
16.05.2025 00:00	3.13	3.16	2.955	3.0	1344
19.05.2025 00:00	3.005	3.165	2.965	3.12	881
20.05.2025 00:00	3.14	3.145	3.045	3.055	201
21.05.2025 00:00	3.08	3.225	2.955	3.035	890
22.05.2025 00:00	3.065	3.065	2.91	2.915	570
