datetime	open	high	low	close	volume
12.03.2018 00:00	3.74	3.98	3.7	3.7800000000000002	400
13.03.2018 00:00	3.7800000000000002	3.98	3.68	3.88	1300
14.03.2018 00:00	3.9	3.98	3.88	3.98	370
15.03.2018 00:00	3.96	3.96	3.9	3.9	80
16.03.2018 00:00	3.94	3.94	3.94	3.94	10
19.03.2018 00:00	3.9	3.98	3.9	3.9	50
20.03.2018 00:00	3.9	3.98	3.9	3.98	170
21.03.2018 00:00	3.92	3.96	3.92	3.92	70
22.03.2018 00:00	3.92	3.96	3.9	3.9	180
23.03.2018 00:00	3.96	3.96	3.88	3.96	120
26.03.2018 00:00	3.94	3.94	3.94	3.94	60
27.03.2018 00:00	3.8200000000000003	3.96	3.8200000000000003	3.88	1090
28.03.2018 00:00	3.92	3.94	3.88	3.94	90
30.03.2018 00:00	3.88	3.98	3.88	3.98	390
02.04.2018 00:00	4.08	4.08	4.08	4.08	10
03.04.2018 00:00	4.04	4.0600000000000005	3.94	3.94	40
05.04.2018 00:00	4.0600000000000005	4.0600000000000005	3.98	4.0600000000000005	20
06.04.2018 00:00	3.98	3.98	3.94	3.96	120
09.04.2018 00:00	4.0600000000000005	4.0600000000000005	3.7800000000000002	3.8000000000000003	570
10.04.2018 00:00	3.74	3.88	3.7	3.7800000000000002	650
11.04.2018 00:00	3.8000000000000003	3.86	3.8000000000000003	3.84	290
12.04.2018 00:00	3.7800000000000002	3.84	3.7800000000000002	3.84	60
13.04.2018 00:00	3.86	3.86	3.84	3.84	20
17.04.2018 00:00	3.86	3.86	3.8000000000000003	3.8000000000000003	70
18.04.2018 00:00	3.8200000000000003	3.88	3.7800000000000002	3.86	470
19.04.2018 00:00	3.8200000000000003	3.88	3.7800000000000002	3.86	530
20.04.2018 00:00	3.88	3.88	3.88	3.88	50
23.04.2018 00:00	3.88	3.96	3.88	3.96	100
24.04.2018 00:00	3.96	3.96	3.8000000000000003	3.96	160
25.04.2018 00:00	3.96	3.96	3.86	3.88	50
26.04.2018 00:00	3.86	3.96	3.86	3.96	50
28.04.2018 00:00	3.86	3.86	3.84	3.86	170
03.05.2018 00:00	3.9	3.9	3.9	3.9	100
04.05.2018 00:00	3.86	3.86	3.86	3.86	20
07.05.2018 00:00	3.9	3.92	3.9	3.92	20
08.05.2018 00:00	3.94	3.94	3.9	3.9	50
10.05.2018 00:00	3.94	3.94	3.9	3.94	50
11.05.2018 00:00	3.9	3.9	3.9	3.9	10
15.05.2018 00:00	3.86	3.88	3.7	3.7	1260
16.05.2018 00:00	3.88	3.88	3.88	3.88	170
17.05.2018 00:00	3.88	3.92	3.84	3.88	250
18.05.2018 00:00	3.88	3.92	3.88	3.92	160
21.05.2018 00:00	3.9	4.48	3.88	4.24	4400
22.05.2018 00:00	4.32	4.4	4.2	4.28	3560
23.05.2018 00:00	4.48	4.48	4.2	4.28	2660
24.05.2018 00:00	4.28	4.48	4.24	4.28	140
25.05.2018 00:00	4.32	4.48	4.32	4.36	1250
28.05.2018 00:00	4.5600000000000005	4.5600000000000005	4.4	4.48	20
29.05.2018 00:00	4.4	4.44	4.28	4.32	310
30.05.2018 00:00	4.4	4.48	4.36	4.44	70
31.05.2018 00:00	4.44	4.48	4.44	4.48	90
01.06.2018 00:00	4.4	4.4	4.4	4.4	30
04.06.2018 00:00	4.44	4.44	4.44	4.44	20
05.06.2018 00:00	4.4	4.5600000000000005	4.4	4.5600000000000005	700
06.06.2018 00:00	4.44	4.5600000000000005	4.4	4.48	850
07.06.2018 00:00	4.44	4.48	4.44	4.44	70
08.06.2018 00:00	4.48	4.5600000000000005	4.32	4.48	560
09.06.2018 00:00	4.5600000000000005	4.58	4.4	4.4	560
11.06.2018 00:00	4.5	4.5200000000000005	4.5	4.5200000000000005	180
13.06.2018 00:00	4.32	4.48	4.32	4.44	890
14.06.2018 00:00	4.5600000000000005	4.58	4.48	4.48	360
15.06.2018 00:00	4.58	4.58	4.5600000000000005	4.5600000000000005	80
18.06.2018 00:00	4.5600000000000005	4.5600000000000005	4.44	4.48	530
19.06.2018 00:00	4.4	4.48	4.4	4.4	210
20.06.2018 00:00	4.78	4.78	4.48	4.48	2220
21.06.2018 00:00	4.48	4.5200000000000005	4.48	4.48	480
22.06.2018 00:00	4.5600000000000005	4.5600000000000005	4.44	4.48	30
25.06.2018 00:00	4.44	4.48	4.44	4.44	50
26.06.2018 00:00	4.44	4.74	4.44	4.58	7340
27.06.2018 00:00	4.44	4.7	4.44	4.5200000000000005	610
28.06.2018 00:00	4.74	4.78	4.48	4.5	1740
29.06.2018 00:00	4.5600000000000005	4.62	4.5600000000000005	4.5600000000000005	870
02.07.2018 00:00	4.24	4.4	3.7800000000000002	3.98	1500
03.07.2018 00:00	3.9	3.94	3.9	3.94	780
04.07.2018 00:00	4.0	4.0	3.88	3.9	230
05.07.2018 00:00	3.88	3.96	3.88	3.9	140
06.07.2018 00:00	3.96	3.96	3.88	3.94	120
09.07.2018 00:00	3.94	3.98	3.88	3.94	180
11.07.2018 00:00	3.98	3.98	3.98	3.98	260
12.07.2018 00:00	4.0	4.0	3.98	3.98	120
13.07.2018 00:00	4.0200000000000005	4.0600000000000005	4.0	4.0	80
16.07.2018 00:00	4.0200000000000005	4.0200000000000005	4.0200000000000005	4.0200000000000005	20
17.07.2018 00:00	4.08	4.08	4.0	4.0	50
18.07.2018 00:00	4.0200000000000005	4.0200000000000005	3.9	3.9	450
19.07.2018 00:00	3.98	3.98	3.86	3.94	90
20.07.2018 00:00	3.8000000000000003	3.96	3.8000000000000003	3.88	270
23.07.2018 00:00	3.88	3.9	3.88	3.88	70
24.07.2018 00:00	3.88	3.9	3.86	3.88	130
25.07.2018 00:00	3.88	3.9	3.88	3.9	130
26.07.2018 00:00	4.0200000000000005	4.0200000000000005	3.94	3.94	60
27.07.2018 00:00	3.96	4.04	3.96	4.0	230
30.07.2018 00:00	4.0	4.0	4.0	4.0	10
31.07.2018 00:00	4.04	4.04	3.98	4.04	30
02.08.2018 00:00	4.0	4.04	3.98	3.98	40
03.08.2018 00:00	4.04	4.04	4.04	4.04	30
06.08.2018 00:00	3.84	4.28	3.84	4.0600000000000005	80
07.08.2018 00:00	4.04	4.04	3.92	3.94	150
08.08.2018 00:00	3.94	3.94	3.92	3.92	50
09.08.2018 00:00	3.94	3.94	3.88	3.92	70
10.08.2018 00:00	3.94	3.98	3.9	3.9	70
13.08.2018 00:00	3.92	3.92	3.92	3.92	110
14.08.2018 00:00	3.94	3.94	3.94	3.94	30
15.08.2018 00:00	3.94	3.94	3.94	3.94	10
16.08.2018 00:00	3.84	3.98	3.84	3.9	80
17.08.2018 00:00	3.96	3.96	3.96	3.96	10
20.08.2018 00:00	3.84	3.96	3.8000000000000003	3.96	220
21.08.2018 00:00	3.96	3.96	3.96	3.96	20
22.08.2018 00:00	3.96	3.96	3.9	3.9	20
23.08.2018 00:00	3.86	3.86	3.7800000000000002	3.7800000000000002	270
27.08.2018 00:00	3.7800000000000002	3.94	3.7800000000000002	3.94	90
28.08.2018 00:00	3.84	3.92	3.7800000000000002	3.8200000000000003	180
29.08.2018 00:00	3.96	3.96	3.94	3.94	20
30.08.2018 00:00	3.8200000000000003	3.9	3.8200000000000003	3.9	2820
31.08.2018 00:00	3.8200000000000003	3.94	3.7800000000000002	3.94	360
03.09.2018 00:00	3.88	3.9	3.8000000000000003	3.9	130
04.09.2018 00:00	3.92	3.92	3.92	3.92	20
05.09.2018 00:00	3.9	3.92	3.7800000000000002	3.88	980
06.09.2018 00:00	3.86	3.86	3.84	3.84	230
07.09.2018 00:00	3.84	3.88	3.84	3.86	130
10.09.2018 00:00	3.8000000000000003	3.86	3.8000000000000003	3.8000000000000003	250
11.09.2018 00:00	3.8000000000000003	3.8200000000000003	3.8000000000000003	3.8000000000000003	50
13.09.2018 00:00	3.88	3.98	3.66	3.92	1910
14.09.2018 00:00	3.92	3.96	3.92	3.96	260
17.09.2018 00:00	3.92	3.94	3.92	3.94	60
19.09.2018 00:00	3.96	4.24	3.96	4.24	3080
20.09.2018 00:00	4.28	4.48	4.2	4.48	500
21.09.2018 00:00	4.2	4.5	4.2	4.48	140
24.09.2018 00:00	4.58	4.58	4.32	4.36	780
25.09.2018 00:00	4.16	4.48	4.0600000000000005	4.48	120
26.09.2018 00:00	4.16	4.16	4.16	4.16	100
27.09.2018 00:00	4.5200000000000005	4.58	4.16	4.5600000000000005	290
28.09.2018 00:00	4.58	4.58	4.24	4.5200000000000005	420
01.10.2018 00:00	4.5	4.5200000000000005	4.12	4.28	730
02.10.2018 00:00	4.44	4.5600000000000005	4.28	4.4	360
03.10.2018 00:00	4.4	4.44	4.2	4.28	1180
04.10.2018 00:00	4.32	4.36	4.28	4.36	130
05.10.2018 00:00	4.28	4.32	4.2	4.24	470
08.10.2018 00:00	4.4	4.4	4.2	4.32	40
09.10.2018 00:00	4.28	4.36	4.28	4.28	90
10.10.2018 00:00	4.32	4.32	4.24	4.28	120
11.10.2018 00:00	4.2	4.24	4.16	4.24	100
12.10.2018 00:00	4.28	4.36	4.2	4.28	400
15.10.2018 00:00	4.28	4.28	4.28	4.28	210
16.10.2018 00:00	4.28	4.44	4.24	4.44	250
17.10.2018 00:00	4.2	4.32	4.16	4.32	220
18.10.2018 00:00	3.96	4.28	3.9	4.24	260
19.10.2018 00:00	4.32	4.32	4.32	4.32	20
22.10.2018 00:00	4.28	4.4	4.28	4.28	290
23.10.2018 00:00	4.2	4.2	4.2	4.2	10
24.10.2018 00:00	4.44	4.44	4.28	4.28	250
25.10.2018 00:00	4.28	4.28	4.28	4.28	10
26.10.2018 00:00	4.36	4.36	4.24	4.28	420
29.10.2018 00:00	4.0200000000000005	4.2	3.98	4.0	1700
30.10.2018 00:00	4.0200000000000005	4.04	4.0200000000000005	4.04	40
31.10.2018 00:00	4.08	4.16	4.0600000000000005	4.16	150
01.11.2018 00:00	4.16	4.2	4.08	4.2	160
02.11.2018 00:00	4.16	4.24	4.16	4.2	40
06.11.2018 00:00	4.24	4.28	4.2	4.2	920
07.11.2018 00:00	4.08	4.2	4.08	4.2	1020
08.11.2018 00:00	4.16	4.32	4.16	4.24	130
09.11.2018 00:00	4.08	4.12	4.08	4.12	150
12.11.2018 00:00	4.0600000000000005	4.12	4.0600000000000005	4.0600000000000005	320
13.11.2018 00:00	4.2	4.2	4.0200000000000005	4.04	200
14.11.2018 00:00	4.08	4.08	3.98	4.0200000000000005	210
15.11.2018 00:00	4.0600000000000005	4.0600000000000005	3.92	4.0	180
16.11.2018 00:00	3.98	4.04	3.98	4.0	200
19.11.2018 00:00	4.0	4.0	4.0	4.0	10
20.11.2018 00:00	4.04	4.04	3.94	3.98	180
21.11.2018 00:00	4.0	4.0	4.0	4.0	60
22.11.2018 00:00	4.0	4.0	4.0	4.0	60
23.11.2018 00:00	3.96	4.0	3.94	4.0	130
26.11.2018 00:00	3.98	3.98	3.98	3.98	60
27.11.2018 00:00	3.98	3.98	3.98	3.98	10
28.11.2018 00:00	3.98	3.98	3.98	3.98	40
29.11.2018 00:00	3.98	3.98	3.98	3.98	30
30.11.2018 00:00	4.0600000000000005	4.0600000000000005	4.0	4.0200000000000005	240
03.12.2018 00:00	4.0	4.0200000000000005	3.98	3.98	150
05.12.2018 00:00	4.0	4.0	4.0	4.0	10
06.12.2018 00:00	3.94	3.94	3.88	3.88	60
07.12.2018 00:00	4.0600000000000005	4.0600000000000005	3.94	3.94	130
10.12.2018 00:00	3.84	4.0	3.84	4.0	50
11.12.2018 00:00	4.0	4.0	4.0	4.0	60
12.12.2018 00:00	4.0600000000000005	4.0600000000000005	4.0200000000000005	4.0200000000000005	40
13.12.2018 00:00	3.98	4.08	3.98	4.0600000000000005	260
14.12.2018 00:00	4.0600000000000005	4.0600000000000005	4.0600000000000005	4.0600000000000005	10
17.12.2018 00:00	4.08	4.36	4.08	4.28	200
18.12.2018 00:00	3.94	4.2	3.94	4.04	170
19.12.2018 00:00	4.0	4.0600000000000005	3.98	4.0600000000000005	40
21.12.2018 00:00	3.94	4.2	3.92	4.08	430
24.12.2018 00:00	3.98	4.0200000000000005	3.98	4.0200000000000005	70
25.12.2018 00:00	3.84	3.98	3.84	3.94	170
27.12.2018 00:00	3.94	3.94	3.88	3.88	200
28.12.2018 00:00	4.0200000000000005	4.0200000000000005	4.0200000000000005	4.0200000000000005	90
04.01.2019 00:00	4.04	4.04	4.04	4.04	30
08.01.2019 00:00	3.84	3.96	3.8200000000000003	3.96	100
09.01.2019 00:00	4.0	4.0	3.98	3.98	20
10.01.2019 00:00	3.98	3.98	3.98	3.98	180
11.01.2019 00:00	3.98	3.98	3.98	3.98	10
14.01.2019 00:00	4.0600000000000005	4.0600000000000005	4.0	4.0600000000000005	260
16.01.2019 00:00	4.0600000000000005	4.16	4.0600000000000005	4.0600000000000005	120
18.01.2019 00:00	4.36	4.36	4.0600000000000005	4.08	330
22.01.2019 00:00	4.08	4.08	4.08	4.08	10
23.01.2019 00:00	4.2	4.28	4.2	4.28	70
24.01.2019 00:00	4.44	4.44	4.2	4.4	260
28.01.2019 00:00	4.58	4.58	4.08	4.28	130
31.01.2019 00:00	4.44	4.44	4.4	4.4	20
01.02.2019 00:00	4.04	4.44	4.04	4.44	630
04.02.2019 00:00	4.44	4.44	4.44	4.44	390
05.02.2019 00:00	4.44	4.44	4.44	4.44	10
06.02.2019 00:00	4.78	4.78	4.44	4.48	60
07.02.2019 00:00	4.48	4.5	4.48	4.5	20
08.02.2019 00:00	4.48	4.48	4.48	4.48	20
12.02.2019 00:00	4.5600000000000005	4.78	4.5600000000000005	4.7	80
13.02.2019 00:00	4.48	4.5	4.44	4.48	370
14.02.2019 00:00	4.44	4.44	4.44	4.44	10
15.02.2019 00:00	4.44	4.7	4.44	4.7	40
18.02.2019 00:00	4.44	4.44	4.44	4.44	80
21.02.2019 00:00	3.98	4.48	3.98	4.48	80
22.02.2019 00:00	4.7	4.7	4.4	4.4	20
27.02.2019 00:00	4.66	4.66	4.4	4.4	100
28.02.2019 00:00	4.2	4.4	4.2	4.4	30
01.03.2019 00:00	4.2	4.78	4.2	4.2	50
04.03.2019 00:00	4.78	4.78	4.48	4.48	40
05.03.2019 00:00	4.4	4.4	4.4	4.4	120
06.03.2019 00:00	4.28	4.28	4.28	4.28	90
11.03.2019 00:00	4.2	4.4	4.2	4.4	60
12.03.2019 00:00	4.2	4.28	4.2	4.28	50
13.03.2019 00:00	4.4	4.4	4.36	4.36	140
14.03.2019 00:00	4.36	4.36	4.0200000000000005	4.2	160
15.03.2019 00:00	4.9	4.9	4.28	4.28	80
18.03.2019 00:00	4.4	4.9	4.4	4.9	870
19.03.2019 00:00	4.9	4.9	4.32	4.5600000000000005	200
20.03.2019 00:00	4.48	4.66	4.48	4.5600000000000005	70
21.03.2019 00:00	4.48	4.5600000000000005	4.48	4.48	40
22.03.2019 00:00	4.44	4.44	4.4	4.4	80
26.03.2019 00:00	4.4	4.48	4.24	4.32	70
27.03.2019 00:00	4.48	4.48	4.48	4.48	10
28.03.2019 00:00	4.5	4.5	4.48	4.48	30
01.04.2019 00:00	4.2	4.4	4.16	4.4	70
03.04.2019 00:00	4.28	4.48	4.28	4.48	30
04.04.2019 00:00	4.24	4.4	4.24	4.4	40
09.04.2019 00:00	4.4	4.44	4.4	4.44	40
10.04.2019 00:00	4.48	4.48	4.4	4.48	70
11.04.2019 00:00	4.7	4.7	4.4	4.48	30
15.04.2019 00:00	4.28	4.7	4.28	4.7	160
16.04.2019 00:00	4.62	4.62	4.48	4.48	110
18.04.2019 00:00	4.28	4.66	4.28	4.48	170
19.04.2019 00:00	4.4	4.48	4.4	4.48	100
22.04.2019 00:00	4.36	4.5600000000000005	4.36	4.5600000000000005	100
23.04.2019 00:00	4.32	4.5200000000000005	4.28	4.5200000000000005	30
24.04.2019 00:00	4.48	4.5200000000000005	4.32	4.5200000000000005	150
25.04.2019 00:00	4.5200000000000005	4.5200000000000005	4.32	4.48	170
30.04.2019 00:00	4.24	4.44	4.24	4.44	20
06.05.2019 00:00	4.36	4.48	4.24	4.24	110
07.05.2019 00:00	4.16	4.36	4.12	4.36	860
08.05.2019 00:00	4.28	4.28	4.28	4.28	20
10.05.2019 00:00	4.12	4.2	4.12	4.2	50
14.05.2019 00:00	4.08	4.2	3.92	4.16	400
16.05.2019 00:00	4.24	4.24	4.2	4.24	40
20.05.2019 00:00	4.24	4.36	4.12	4.12	40
21.05.2019 00:00	4.28	4.28	4.28	4.28	20
22.05.2019 00:00	4.36	4.5200000000000005	4.28	4.5200000000000005	760
23.05.2019 00:00	4.36	4.4	4.28	4.4	180
24.05.2019 00:00	4.32	4.32	4.28	4.32	170
27.05.2019 00:00	4.44	4.44	4.32	4.32	110
28.05.2019 00:00	4.36	4.36	4.36	4.36	10
29.05.2019 00:00	4.44	4.44	4.36	4.36	290
30.05.2019 00:00	4.48	4.48	4.44	4.44	40
03.06.2019 00:00	4.4	4.4	4.4	4.4	120
04.06.2019 00:00	4.4	4.44	4.4	4.4	80
05.06.2019 00:00	4.4	4.4	4.4	4.4	230
07.06.2019 00:00	4.44	4.44	4.44	4.44	10
10.06.2019 00:00	4.44	4.44	4.44	4.44	10
11.06.2019 00:00	4.5	4.5	4.28	4.28	160
13.06.2019 00:00	4.5200000000000005	4.5200000000000005	4.48	4.48	20
14.06.2019 00:00	4.48	4.48	4.36	4.36	30
18.06.2019 00:00	4.32	4.44	4.2	4.28	180
19.06.2019 00:00	4.28	4.36	4.28	4.36	40
20.06.2019 00:00	4.36	4.36	4.36	4.36	60
21.06.2019 00:00	4.32	4.32	4.2	4.32	130
24.06.2019 00:00	4.36	4.36	4.36	4.36	20
25.06.2019 00:00	4.36	4.36	4.32	4.32	30
26.06.2019 00:00	4.32	4.32	4.24	4.24	140
27.06.2019 00:00	4.24	4.36	4.24	4.36	260
28.06.2019 00:00	4.32	4.36	4.32	4.36	60
01.07.2019 00:00	4.36	4.48	4.36	4.48	120
02.07.2019 00:00	4.48	4.66	4.4	4.66	200
03.07.2019 00:00	4.66	4.66	4.48	4.48	40
04.07.2019 00:00	4.74	4.74	4.4	4.48	190
05.07.2019 00:00	4.5600000000000005	4.58	4.5600000000000005	4.5600000000000005	90
08.07.2019 00:00	4.66	4.7	4.48	4.7	620
09.07.2019 00:00	4.4	4.4	4.24	4.24	850
10.07.2019 00:00	4.48	4.48	4.36	4.4	180
11.07.2019 00:00	4.28	4.28	4.2	4.24	60
12.07.2019 00:00	4.24	4.24	4.08	4.24	230
15.07.2019 00:00	4.24	4.24	4.2	4.24	110
16.07.2019 00:00	4.28	4.36	4.24	4.24	100
17.07.2019 00:00	4.24	4.24	4.24	4.24	40
18.07.2019 00:00	4.24	4.28	4.2	4.2	110
19.07.2019 00:00	4.12	4.24	4.12	4.16	50
22.07.2019 00:00	4.08	4.2	4.04	4.04	100
23.07.2019 00:00	4.2	4.2	4.16	4.16	40
24.07.2019 00:00	4.24	4.24	4.24	4.24	10
25.07.2019 00:00	4.24	4.24	4.2	4.24	40
29.07.2019 00:00	4.2	4.28	4.08	4.16	1060
30.07.2019 00:00	4.12	4.16	4.12	4.16	80
31.07.2019 00:00	4.12	4.16	4.12	4.16	90
01.08.2019 00:00	4.12	4.12	4.08	4.12	480
02.08.2019 00:00	4.0200000000000005	4.12	4.0200000000000005	4.12	80
05.08.2019 00:00	4.12	4.12	4.12	4.12	100
07.08.2019 00:00	4.12	4.12	4.0	4.0600000000000005	180
08.08.2019 00:00	4.12	4.12	4.04	4.12	220
09.08.2019 00:00	4.12	4.12	4.08	4.08	80
13.08.2019 00:00	4.12	4.12	4.08	4.08	30
14.08.2019 00:00	4.12	4.12	4.04	4.04	130
15.08.2019 00:00	4.12	4.12	4.04	4.04	40
19.08.2019 00:00	4.12	4.12	4.0600000000000005	4.0600000000000005	90
20.08.2019 00:00	4.08	4.08	4.08	4.08	50
21.08.2019 00:00	4.08	4.12	4.08	4.12	40
23.08.2019 00:00	4.04	4.12	3.98	4.12	150
26.08.2019 00:00	4.08	4.12	4.0	4.08	150
27.08.2019 00:00	3.9	4.12	3.9	4.08	40
28.08.2019 00:00	4.0600000000000005	4.08	3.98	4.08	470
29.08.2019 00:00	4.08	4.16	4.08	4.12	540
30.08.2019 00:00	4.2	4.2	4.0600000000000005	4.12	20
02.09.2019 00:00	4.12	4.12	4.0200000000000005	4.0600000000000005	1470
03.09.2019 00:00	4.04	4.12	4.0200000000000005	4.12	200
04.09.2019 00:00	4.04	4.24	4.04	4.2	130
05.09.2019 00:00	4.28	4.28	4.12	4.16	150
09.09.2019 00:00	4.12	4.2	3.98	3.98	4070
10.09.2019 00:00	4.04	4.04	4.0200000000000005	4.0200000000000005	1250
11.09.2019 00:00	4.0200000000000005	4.0200000000000005	4.0	4.0	1850
12.09.2019 00:00	4.0	4.0200000000000005	4.0	4.0200000000000005	60
13.09.2019 00:00	4.0200000000000005	4.12	4.0200000000000005	4.08	280
16.09.2019 00:00	4.0200000000000005	4.0600000000000005	4.0200000000000005	4.0600000000000005	60
17.09.2019 00:00	4.12	4.12	4.0	4.0	40
18.09.2019 00:00	4.08	4.08	4.08	4.08	70
19.09.2019 00:00	4.08	4.16	4.08	4.12	110
20.09.2019 00:00	4.08	4.16	4.04	4.12	90
23.09.2019 00:00	4.08	4.12	4.08	4.12	50
24.09.2019 00:00	4.12	4.12	4.12	4.12	10
25.09.2019 00:00	4.04	4.12	4.04	4.12	30
26.09.2019 00:00	4.12	4.12	4.12	4.12	20
27.09.2019 00:00	4.16	4.16	4.04	4.04	140
30.09.2019 00:00	4.0	4.16	3.98	4.08	110
01.10.2019 00:00	4.12	4.12	4.0200000000000005	4.0200000000000005	40
02.10.2019 00:00	4.0200000000000005	4.0200000000000005	4.0200000000000005	4.0200000000000005	50
04.10.2019 00:00	4.0	4.08	4.0	4.08	20
07.10.2019 00:00	4.08	4.08	4.0600000000000005	4.0600000000000005	40
09.10.2019 00:00	4.0	4.0	3.96	3.98	570
10.10.2019 00:00	4.0200000000000005	4.0200000000000005	4.0200000000000005	4.0200000000000005	10
11.10.2019 00:00	4.0200000000000005	4.08	3.92	4.0200000000000005	310
14.10.2019 00:00	4.0200000000000005	4.0200000000000005	3.98	4.0200000000000005	60
15.10.2019 00:00	4.0200000000000005	4.0200000000000005	4.0200000000000005	4.0200000000000005	20
16.10.2019 00:00	4.0200000000000005	4.0200000000000005	4.0200000000000005	4.0200000000000005	20
17.10.2019 00:00	3.94	3.94	3.94	3.94	60
18.10.2019 00:00	3.98	4.0	3.94	3.98	180
21.10.2019 00:00	4.0	4.0	3.94	4.0	100
22.10.2019 00:00	3.92	4.0200000000000005	3.92	4.0200000000000005	90
23.10.2019 00:00	3.98	4.0200000000000005	3.98	4.0200000000000005	60
24.10.2019 00:00	4.0600000000000005	4.0600000000000005	3.98	4.0	60
25.10.2019 00:00	4.0	4.08	3.98	4.0600000000000005	110
28.10.2019 00:00	4.0200000000000005	4.0600000000000005	4.0200000000000005	4.0600000000000005	290
29.10.2019 00:00	4.08	4.28	4.08	4.24	1490
30.10.2019 00:00	4.28	4.28	4.08	4.24	250
31.10.2019 00:00	4.16	4.32	4.16	4.24	470
01.11.2019 00:00	4.2	4.28	4.2	4.24	120
05.11.2019 00:00	4.28	4.36	4.24	4.24	300
06.11.2019 00:00	4.24	4.4	4.24	4.28	280
07.11.2019 00:00	4.36	4.44	4.28	4.28	80
08.11.2019 00:00	4.24	4.4	4.24	4.32	180
11.11.2019 00:00	4.36	4.4	4.28	4.36	370
12.11.2019 00:00	4.36	4.4	4.36	4.4	120
13.11.2019 00:00	4.44	4.44	4.32	4.32	50
14.11.2019 00:00	4.36	4.36	4.28	4.32	200
15.11.2019 00:00	4.4	4.48	4.4	4.48	240
18.11.2019 00:00	4.48	4.48	4.4	4.48	140
20.11.2019 00:00	4.48	4.5	4.48	4.48	150
21.11.2019 00:00	4.48	4.5200000000000005	4.44	4.44	360
22.11.2019 00:00	4.5	4.5	4.44	4.44	50
25.11.2019 00:00	4.44	4.5200000000000005	4.44	4.48	160
26.11.2019 00:00	4.28	4.48	4.28	4.48	190
27.11.2019 00:00	4.48	4.48	4.48	4.48	30
29.11.2019 00:00	4.5200000000000005	4.5200000000000005	4.5200000000000005	4.5200000000000005	10
02.12.2019 00:00	4.48	4.48	4.48	4.48	10
03.12.2019 00:00	4.44	4.48	4.44	4.48	900
05.12.2019 00:00	4.44	4.48	4.44	4.48	60
06.12.2019 00:00	4.4	4.4	4.4	4.4	20
09.12.2019 00:00	4.48	4.48	4.48	4.48	10
10.12.2019 00:00	4.5200000000000005	4.5600000000000005	4.44	4.5	220
11.12.2019 00:00	4.4	4.48	4.4	4.48	20
12.12.2019 00:00	4.48	4.48	4.44	4.48	130
13.12.2019 00:00	4.5	4.5200000000000005	4.44	4.48	370
16.12.2019 00:00	4.44	4.48	4.4	4.48	70
17.12.2019 00:00	4.4	4.78	4.4	4.48	240
18.12.2019 00:00	4.4	4.66	4.4	4.66	50
19.12.2019 00:00	4.48	4.66	4.48	4.62	80
20.12.2019 00:00	4.5200000000000005	4.58	4.5200000000000005	4.58	20
23.12.2019 00:00	4.58	4.66	4.58	4.62	20
24.12.2019 00:00	4.58	4.62	4.58	4.62	50
25.12.2019 00:00	4.66	4.7	4.66	4.7	190
26.12.2019 00:00	4.7	4.82	4.66	4.82	170
27.12.2019 00:00	4.78	4.82	4.7	4.78	220
30.12.2019 00:00	4.7	4.74	4.7	4.74	1400
03.01.2020 00:00	4.78	4.9	4.74	4.78	220
06.01.2020 00:00	4.78	4.98	4.58	4.78	330
08.01.2020 00:00	5.08	5.08	4.7	4.86	200
09.01.2020 00:00	4.92	4.92	4.78	4.82	230
10.01.2020 00:00	4.82	4.98	4.78	4.9	280
13.01.2020 00:00	4.9	5.28	4.9	5.12	720
14.01.2020 00:00	4.9	5.2	4.9	5.16	130
15.01.2020 00:00	4.98	5.28	4.98	5.28	170
16.01.2020 00:00	5.24	5.28	5.16	5.24	230
17.01.2020 00:00	5.2	5.44	5.08	5.36	910
20.01.2020 00:00	5.5600000000000005	5.78	5.24	5.7	590
21.01.2020 00:00	5.5600000000000005	5.5600000000000005	5.44	5.5200000000000005	600
22.01.2020 00:00	5.6000000000000005	6.04	5.58	5.86	3340
23.01.2020 00:00	6.0600000000000005	6.0600000000000005	5.5600000000000005	5.86	870
24.01.2020 00:00	5.78	5.78	5.5	5.7	210
27.01.2020 00:00	6.0	6.0	5.5	5.86	430
28.01.2020 00:00	5.86	5.9	5.5600000000000005	5.9	320
29.01.2020 00:00	5.82	5.9	5.6000000000000005	5.6000000000000005	600
30.01.2020 00:00	5.7	5.78	5.58	5.6000000000000005	920
31.01.2020 00:00	5.66	5.7	5.48	5.48	290
03.02.2020 00:00	5.66	5.66	5.5	5.62	250
04.02.2020 00:00	5.6000000000000005	5.7	5.6000000000000005	5.62	360
05.02.2020 00:00	5.7	5.74	5.6000000000000005	5.74	40
06.02.2020 00:00	5.86	5.86	5.5600000000000005	5.58	260
07.02.2020 00:00	5.62	5.78	5.62	5.78	60
10.02.2020 00:00	5.82	6.58	5.62	6.16	1880
11.02.2020 00:00	6.4	6.48	6.08	6.24	810
12.02.2020 00:00	6.28	6.28	6.1000000000000005	6.24	430
13.02.2020 00:00	6.32	6.32	6.24	6.24	90
14.02.2020 00:00	6.16	6.28	6.12	6.16	170
17.02.2020 00:00	6.2	6.44	6.16	6.2	180
18.02.2020 00:00	6.32	6.32	6.0200000000000005	6.12	460
19.02.2020 00:00	6.12	6.12	6.0200000000000005	6.04	190
20.02.2020 00:00	6.1000000000000005	6.24	6.08	6.16	600
21.02.2020 00:00	6.28	7.0600000000000005	6.24	6.44	1550
25.02.2020 00:00	6.32	6.4	5.86	6.24	370
26.02.2020 00:00	6.66	6.92	5.9	6.04	1330
27.02.2020 00:00	5.92	5.98	5.58	5.7	970
28.02.2020 00:00	5.44	5.74	5.44	5.74	760
02.03.2020 00:00	5.9	5.98	5.62	5.62	440
03.03.2020 00:00	5.9	6.16	5.6000000000000005	6.04	870
04.03.2020 00:00	6.16	7.0600000000000005	6.0200000000000005	6.24	2090
05.03.2020 00:00	6.1000000000000005	6.4	6.08	6.28	300
06.03.2020 00:00	5.98	6.24	5.9	5.98	560
10.03.2020 00:00	5.5600000000000005	5.98	5.48	5.78	330
11.03.2020 00:00	5.74	5.98	5.48	5.7	350
12.03.2020 00:00	5.78	5.78	4.98	5.12	600
13.03.2020 00:00	5.04	5.48	5.04	5.36	190
16.03.2020 00:00	4.7	5.44	4.7	5.12	920
17.03.2020 00:00	5.16	5.16	4.62	4.7	290
18.03.2020 00:00	4.66	4.9	4.5	4.62	500
19.03.2020 00:00	4.78	5.4	4.78	4.98	160
20.03.2020 00:00	5.66	5.66	5.16	5.2	210
23.03.2020 00:00	5.04	5.24	4.98	5.12	280
24.03.2020 00:00	5.0	5.48	4.5600000000000005	5.4	490
25.03.2020 00:00	5.4	5.5600000000000005	5.28	5.5600000000000005	280
26.03.2020 00:00	5.0600000000000005	5.48	5.04	5.48	130
27.03.2020 00:00	5.44	5.44	5.08	5.2	90
30.03.2020 00:00	5.32	5.4	5.32	5.36	90
31.03.2020 00:00	5.36	5.36	5.12	5.28	80
01.04.2020 00:00	5.2	5.44	5.2	5.36	220
02.04.2020 00:00	5.48	5.48	5.32	5.36	60
03.04.2020 00:00	5.4	5.48	5.2	5.4	50
06.04.2020 00:00	5.2	5.48	5.2	5.44	200
07.04.2020 00:00	5.28	5.78	5.28	5.48	380
08.04.2020 00:00	5.28	5.7	5.28	5.66	750
09.04.2020 00:00	5.74	5.74	5.5600000000000005	5.66	110
10.04.2020 00:00	5.5600000000000005	5.74	5.32	5.66	240
13.04.2020 00:00	5.6000000000000005	5.66	5.58	5.6000000000000005	50
14.04.2020 00:00	5.4	5.82	5.4	5.66	300
15.04.2020 00:00	5.74	5.78	5.24	5.4	880
16.04.2020 00:00	5.7	5.7	5.48	5.5600000000000005	80
17.04.2020 00:00	5.62	5.62	5.4	5.5600000000000005	50
20.04.2020 00:00	5.6000000000000005	5.86	5.5600000000000005	5.86	740
21.04.2020 00:00	5.86	5.86	5.66	5.78	260
22.04.2020 00:00	5.86	5.9	5.86	5.9	80
23.04.2020 00:00	5.92	6.08	5.5600000000000005	5.82	980
27.04.2020 00:00	5.44	5.78	5.44	5.62	1110
28.04.2020 00:00	5.9	6.16	5.82	6.0600000000000005	2020
29.04.2020 00:00	6.16	6.36	5.98	6.28	1330
30.04.2020 00:00	6.28	6.48	6.1000000000000005	6.36	830
04.05.2020 00:00	6.36	6.48	6.28	6.28	510
05.05.2020 00:00	6.36	6.48	6.24	6.36	480
06.05.2020 00:00	6.28	6.48	6.28	6.4	510
07.05.2020 00:00	6.4	6.48	6.28	6.48	1090
08.05.2020 00:00	6.6000000000000005	6.7	6.36	6.5	220
12.05.2020 00:00	6.66	6.74	6.5600000000000005	6.66	450
13.05.2020 00:00	6.82	6.82	6.4	6.5	1860
14.05.2020 00:00	6.5200000000000005	6.74	6.28	6.32	2640
15.05.2020 00:00	6.36	6.44	6.28	6.28	1430
18.05.2020 00:00	6.36	6.44	6.28	6.4	880
19.05.2020 00:00	6.44	6.7	6.44	6.44	1950
20.05.2020 00:00	6.58	6.66	6.44	6.6000000000000005	1220
21.05.2020 00:00	6.66	6.9	6.66	6.86	1300
22.05.2020 00:00	6.5	6.98	6.5	6.98	1070
25.05.2020 00:00	7.08	8.76	6.78	8.14	8380
26.05.2020 00:00	8.22	9.4	8.22	8.64	11450
27.05.2020 00:00	9.32	9.32	8.24	8.48	4940
28.05.2020 00:00	8.9	8.9	8.3	8.38	1360
29.05.2020 00:00	8.22	8.82	8.08	8.8	2510
01.06.2020 00:00	8.96	9.1	8.64	8.82	2000
02.06.2020 00:00	8.82	8.98	8.58	8.74	560
03.06.2020 00:00	8.88	8.88	8.4	8.4	910
04.06.2020 00:00	8.66	8.68	8.0	8.3	1660
05.06.2020 00:00	8.46	8.46	7.98	8.0	1710
08.06.2020 00:00	7.98	8.4	7.98	8.24	1840
09.06.2020 00:00	8.34	8.4	8.08	8.14	930
10.06.2020 00:00	8.26	8.4	7.98	8.02	480
11.06.2020 00:00	8.08	8.18	7.640000000000001	8.06	1570
15.06.2020 00:00	8.06	8.14	7.7	8.0	3520
16.06.2020 00:00	7.4	7.78	7.1000000000000005	7.4	4960
17.06.2020 00:00	7.28	7.9	7.28	7.4	720
18.06.2020 00:00	7.36	7.58	7.24	7.24	260
19.06.2020 00:00	7.32	7.5600000000000005	7.2	7.48	500
22.06.2020 00:00	7.04	7.48	7.0	7.32	620
23.06.2020 00:00	7.24	7.36	7.0600000000000005	7.32	360
25.06.2020 00:00	7.36	7.4	7.2	7.32	250
26.06.2020 00:00	7.4	7.44	7.2	7.36	240
29.06.2020 00:00	7.28	7.32	7.140000000000001	7.32	200
30.06.2020 00:00	7.16	7.4	7.16	7.28	180
02.07.2020 00:00	7.16	7.32	7.0	7.12	750
03.07.2020 00:00	7.1000000000000005	7.5600000000000005	6.82	7.0600000000000005	440
06.07.2020 00:00	7.1000000000000005	7.32	7.0200000000000005	7.2	390
07.07.2020 00:00	7.32	7.32	7.140000000000001	7.2	280
08.07.2020 00:00	7.08	7.24	7.0	7.12	150
09.07.2020 00:00	7.28	7.28	6.98	7.08	540
10.07.2020 00:00	7.0600000000000005	7.5600000000000005	6.82	7.0200000000000005	1150
13.07.2020 00:00	6.9	6.98	6.86	6.92	330
14.07.2020 00:00	6.78	6.9	6.58	6.7	680
15.07.2020 00:00	6.78	6.9	6.7	6.74	190
16.07.2020 00:00	6.7	6.7	6.5600000000000005	6.5600000000000005	670
17.07.2020 00:00	6.5600000000000005	6.82	6.5600000000000005	6.78	360
20.07.2020 00:00	6.86	6.94	6.6000000000000005	6.6000000000000005	640
21.07.2020 00:00	6.66	6.66	6.4	6.48	1370
22.07.2020 00:00	6.36	6.5600000000000005	6.36	6.48	290
23.07.2020 00:00	6.48	6.5	6.36	6.44	640
24.07.2020 00:00	6.5200000000000005	7.2	6.4	6.58	1150
27.07.2020 00:00	6.5200000000000005	6.7	6.48	6.58	230
28.07.2020 00:00	6.7	6.7	6.44	6.58	140
29.07.2020 00:00	6.7	6.78	6.6000000000000005	6.78	450
30.07.2020 00:00	6.78	7.28	6.78	7.0200000000000005	470
31.07.2020 00:00	7.08	7.16	6.98	7.140000000000001	210
03.08.2020 00:00	7.04	7.16	7.0	7.0600000000000005	150
04.08.2020 00:00	7.0	7.1000000000000005	6.92	7.1000000000000005	770
05.08.2020 00:00	6.58	7.1000000000000005	6.58	7.0	450
06.08.2020 00:00	7.0600000000000005	7.140000000000001	6.92	7.1000000000000005	780
07.08.2020 00:00	7.12	7.5600000000000005	7.0200000000000005	7.16	450
10.08.2020 00:00	7.0200000000000005	7.4	7.0200000000000005	7.36	330
11.08.2020 00:00	7.82	7.82	7.08	7.1000000000000005	270
12.08.2020 00:00	7.66	7.66	7.04	7.4	440
13.08.2020 00:00	7.24	7.48	7.2	7.36	360
14.08.2020 00:00	7.32	7.4	7.32	7.4	100
17.08.2020 00:00	7.44	7.5200000000000005	7.140000000000001	7.36	130
18.08.2020 00:00	7.48	7.5	7.32	7.36	450
19.08.2020 00:00	7.36	7.4	7.12	7.24	70
20.08.2020 00:00	7.28	7.36	7.28	7.28	80
21.08.2020 00:00	7.36	7.36	7.28	7.28	60
24.08.2020 00:00	7.2	7.28	7.2	7.28	40
25.08.2020 00:00	7.04	7.28	7.04	7.28	30
26.08.2020 00:00	7.1000000000000005	7.2	7.1000000000000005	7.2	50
27.08.2020 00:00	7.1000000000000005	7.1000000000000005	7.1000000000000005	7.1000000000000005	10
28.08.2020 00:00	7.0600000000000005	7.140000000000001	7.0600000000000005	7.140000000000001	40
31.08.2020 00:00	7.36	7.44	7.04	7.12	740
01.09.2020 00:00	7.2	7.2	7.0600000000000005	7.12	223
02.09.2020 00:00	7.04	7.2	7.04	7.08	55
03.09.2020 00:00	7.2	7.2	7.0600000000000005	7.0600000000000005	151
04.09.2020 00:00	7.24	7.24	7.0200000000000005	7.0600000000000005	187
07.09.2020 00:00	7.08	7.08	6.4	6.92	310
08.09.2020 00:00	6.78	7.08	6.78	6.9	75
09.09.2020 00:00	7.0200000000000005	7.0200000000000005	6.32	6.9	123
10.09.2020 00:00	6.86	7.04	6.74	7.0200000000000005	393
11.09.2020 00:00	7.0600000000000005	7.0600000000000005	6.86	6.98	60
14.09.2020 00:00	7.04	7.78	7.04	7.08	1764
15.09.2020 00:00	7.44	7.640000000000001	7.08	7.1000000000000005	273
16.09.2020 00:00	7.2	7.28	7.08	7.08	57
17.09.2020 00:00	7.2	7.32	7.08	7.28	197
18.09.2020 00:00	7.12	7.44	7.12	7.16	48
21.09.2020 00:00	7.12	7.28	7.0	7.0200000000000005	106
22.09.2020 00:00	7.2	7.5600000000000005	7.08	7.24	68
23.09.2020 00:00	7.44	7.44	7.04	7.2	154
24.09.2020 00:00	7.24	7.28	6.98	7.2	53
25.09.2020 00:00	7.04	8.0	7.04	7.48	965
28.09.2020 00:00	7.5	7.5200000000000005	7.0600000000000005	7.48	352
29.09.2020 00:00	7.48	7.58	7.44	7.5200000000000005	115
30.09.2020 00:00	7.5600000000000005	8.0	7.4	7.5600000000000005	213
01.10.2020 00:00	7.86	7.92	7.28	7.5200000000000005	277
02.10.2020 00:00	7.28	7.5200000000000005	7.28	7.36	110
05.10.2020 00:00	7.5600000000000005	7.5600000000000005	7.0	7.2	223
06.10.2020 00:00	7.0	7.28	7.0	7.08	1284
07.10.2020 00:00	7.0200000000000005	7.2	7.0200000000000005	7.1000000000000005	69
08.10.2020 00:00	7.1000000000000005	7.12	7.0200000000000005	7.0600000000000005	191
09.10.2020 00:00	7.140000000000001	7.16	5.98	7.04	601
12.10.2020 00:00	7.0	7.48	7.0	7.28	461
13.10.2020 00:00	7.32	7.32	7.2	7.2	33
14.10.2020 00:00	7.44	7.48	7.0600000000000005	7.2	132
15.10.2020 00:00	7.1000000000000005	7.16	7.08	7.12	125
16.10.2020 00:00	7.08	7.2	7.0600000000000005	7.0600000000000005	55
19.10.2020 00:00	7.1000000000000005	7.16	7.0200000000000005	7.12	78
20.10.2020 00:00	7.04	7.1000000000000005	7.04	7.0600000000000005	62
21.10.2020 00:00	6.98	7.24	6.98	7.1000000000000005	121
22.10.2020 00:00	7.12	7.2	7.0200000000000005	7.12	122
23.10.2020 00:00	7.32	7.32	7.04	7.24	150
26.10.2020 00:00	7.24	7.32	7.2	7.32	23
27.10.2020 00:00	7.44	7.48	7.2	7.32	421
28.10.2020 00:00	7.28	7.28	7.1000000000000005	7.1000000000000005	245
29.10.2020 00:00	7.04	7.12	7.04	7.12	90
30.10.2020 00:00	7.08	7.2	7.04	7.140000000000001	18
02.11.2020 00:00	7.140000000000001	7.36	6.98	7.08	240
03.11.2020 00:00	6.98	7.24	6.98	7.16	146
05.11.2020 00:00	7.12	7.36	7.12	7.32	205
06.11.2020 00:00	7.32	7.32	7.2	7.24	74
09.11.2020 00:00	7.28	7.48	7.24	7.28	314
10.11.2020 00:00	7.2	7.36	7.2	7.28	66
11.11.2020 00:00	7.36	7.48	7.08	7.2	411
12.11.2020 00:00	7.140000000000001	7.28	7.140000000000001	7.2	171
13.11.2020 00:00	7.24	7.36	7.24	7.28	201
16.11.2020 00:00	7.32	7.640000000000001	7.32	7.48	448
17.11.2020 00:00	7.4	7.4	7.2	7.24	461
18.11.2020 00:00	7.36	7.4	7.32	7.36	77
19.11.2020 00:00	7.32	7.48	7.32	7.44	48
20.11.2020 00:00	7.4	7.48	7.36	7.4	118
23.11.2020 00:00	7.44	7.48	7.4	7.4	143
24.11.2020 00:00	7.36	7.48	7.32	7.4	150
25.11.2020 00:00	7.36	7.74	7.36	7.36	236
26.11.2020 00:00	7.58	7.58	7.44	7.48	236
27.11.2020 00:00	7.5200000000000005	7.5200000000000005	7.28	7.44	235
30.11.2020 00:00	7.32	7.44	7.28	7.4	225
01.12.2020 00:00	7.44	7.7	7.4	7.4	442
02.12.2020 00:00	7.4	7.58	7.32	7.48	163
03.12.2020 00:00	7.5	7.74	7.48	7.6000000000000005	205
04.12.2020 00:00	7.58	7.7	7.58	7.66	94
07.12.2020 00:00	7.5200000000000005	7.78	7.5200000000000005	7.7	169
08.12.2020 00:00	7.5600000000000005	7.74	7.5600000000000005	7.640000000000001	228
09.12.2020 00:00	7.98	7.98	7.7	7.7	427
10.12.2020 00:00	7.98	7.98	7.6000000000000005	7.640000000000001	159
11.12.2020 00:00	7.78	8.24	7.640000000000001	7.82	232
14.12.2020 00:00	8.38	8.38	7.4	7.78	468
15.12.2020 00:00	7.9	7.9	7.78	7.82	391
16.12.2020 00:00	7.82	7.98	7.640000000000001	7.82	267
17.12.2020 00:00	7.74	7.9	7.74	7.82	151
18.12.2020 00:00	7.74	7.9	7.7	7.86	103
21.12.2020 00:00	7.82	7.82	7.6000000000000005	7.66	96
22.12.2020 00:00	7.7	7.7	7.6000000000000005	7.62	144
23.12.2020 00:00	7.6000000000000005	7.6000000000000005	7.4	7.5200000000000005	261
24.12.2020 00:00	7.5600000000000005	7.5600000000000005	7.5	7.5600000000000005	45
25.12.2020 00:00	7.5600000000000005	7.7	7.5600000000000005	7.66	50
28.12.2020 00:00	7.7	8.56	7.62	7.82	286
29.12.2020 00:00	7.74	8.1	7.74	8.06	538
30.12.2020 00:00	7.98	8.24	7.78	8.02	470
04.01.2021 00:00	8.26	8.34	7.9	8.06	362
05.01.2021 00:00	8.14	8.14	8.1	8.14	101
06.01.2021 00:00	8.16	8.18	7.94	8.06	212
08.01.2021 00:00	8.1	8.18	7.9	8.14	316
11.01.2021 00:00	7.98	8.32	7.98	8.32	300
12.01.2021 00:00	8.3	8.34	8.14	8.26	38
13.01.2021 00:00	8.08	8.34	7.32	8.14	295
14.01.2021 00:00	7.98	8.18	7.98	8.14	93
15.01.2021 00:00	7.92	8.18	7.92	8.1	218
18.01.2021 00:00	8.06	8.14	8.06	8.14	30
19.01.2021 00:00	8.22	8.22	8.06	8.18	109
20.01.2021 00:00	8.02	8.22	8.02	8.14	38
21.01.2021 00:00	8.16	8.16	7.98	8.06	154
22.01.2021 00:00	8.16	8.16	7.98	8.0	81
25.01.2021 00:00	8.0	8.3	7.98	8.02	186
26.01.2021 00:00	8.08	8.18	7.98	8.1	113
27.01.2021 00:00	8.06	8.14	7.98	8.1	87
28.01.2021 00:00	8.0	8.14	7.78	8.06	916
29.01.2021 00:00	8.0	8.14	7.94	8.06	149
01.02.2021 00:00	8.02	8.14	8.0	8.0	181
02.02.2021 00:00	8.16	8.3	7.94	8.22	634
03.02.2021 00:00	8.26	8.26	8.08	8.14	63
04.02.2021 00:00	8.02	8.34	8.02	8.24	338
05.02.2021 00:00	8.24	8.32	8.06	8.14	142
08.02.2021 00:00	8.1	8.3	7.98	8.18	252
09.02.2021 00:00	8.08	8.26	8.08	8.24	164
10.02.2021 00:00	8.26	8.4	8.24	8.32	289
11.02.2021 00:00	8.48	8.48	8.26	8.34	156
12.02.2021 00:00	8.32	8.48	8.3	8.34	478
15.02.2021 00:00	8.22	8.66	8.22	8.5	400
16.02.2021 00:00	8.64	8.64	8.38	8.48	180
17.02.2021 00:00	8.32	8.52	8.32	8.32	269
18.02.2021 00:00	8.32	8.46	8.0	8.18	589
19.02.2021 00:00	8.16	8.6	8.16	8.48	423
20.02.2021 00:00	8.64	8.64	8.4	8.5	196
22.02.2021 00:00	8.64	8.64	8.38	8.48	22
24.02.2021 00:00	8.38	8.66	8.32	8.4	194
25.02.2021 00:00	8.56	8.56	8.26	8.52	471
26.02.2021 00:00	8.48	8.56	8.32	8.4	338
01.03.2021 00:00	8.3	8.88	8.3	8.72	784
02.03.2021 00:00	8.9	8.9	8.66	8.88	514
03.03.2021 00:00	8.9	9.06	8.72	8.98	1537
04.03.2021 00:00	9.06	9.08	8.68	8.9	250
05.03.2021 00:00	8.92	8.98	8.82	8.98	133
09.03.2021 00:00	8.98	9.3	8.98	9.18	622
10.03.2021 00:00	9.68	9.84	9.24	9.48	2090
11.03.2021 00:00	9.5	9.9	9.3	9.84	1005
12.03.2021 00:00	9.9	10.06	9.8	9.88	1791
15.03.2021 00:00	9.98	9.98	9.84	9.84	530
16.03.2021 00:00	9.82	9.82	9.56	9.74	239
17.03.2021 00:00	9.64	9.74	9.64	9.74	79
18.03.2021 00:00	9.74	9.88	9.64	9.82	129
19.03.2021 00:00	9.66	9.74	9.64	9.74	89
22.03.2021 00:00	9.9	9.9	9.64	9.68	133
23.03.2021 00:00	9.4	9.6	9.4	9.56	65
24.03.2021 00:00	9.56	9.6	9.34	9.6	45
25.03.2021 00:00	9.56	9.56	9.4	9.52	103
26.03.2021 00:00	9.52	9.88	9.3	9.32	389
29.03.2021 00:00	9.4	9.42	9.18	9.42	239
30.03.2021 00:00	9.42	9.42	9.24	9.4	44
31.03.2021 00:00	9.4	9.56	9.14	9.42	193
01.04.2021 00:00	9.32	9.84	9.32	9.74	350
02.04.2021 00:00	9.56	9.76	9.52	9.58	210
05.04.2021 00:00	9.4	10.14	9.4	9.56	499
06.04.2021 00:00	9.66	9.92	9.5	9.9	332
07.04.2021 00:00	9.68	9.9	9.58	9.84	195
08.04.2021 00:00	9.58	9.98	9.58	9.9	89
09.04.2021 00:00	9.88	9.88	9.64	9.84	203
12.04.2021 00:00	9.66	9.84	9.66	9.74	108
13.04.2021 00:00	9.74	9.88	9.74	9.88	28
14.04.2021 00:00	9.82	10.08	9.74	9.88	286
15.04.2021 00:00	10.24	10.24	9.46	9.58	652
16.04.2021 00:00	9.68	9.82	9.56	9.56	444
19.04.2021 00:00	9.8	9.8	9.56	9.66	409
20.04.2021 00:00	9.74	9.74	9.58	9.58	346
21.04.2021 00:00	9.74	9.98	9.74	9.8	529
22.04.2021 00:00	9.9	10.72	9.9	10.22	1262
23.04.2021 00:00	10.34	10.72	10.22	10.4	629
26.04.2021 00:00	9.4	9.6	9.18	9.56	4024
27.04.2021 00:00	9.56	9.6	9.48	9.6	651
28.04.2021 00:00	9.8	9.8	9.58	9.64	534
29.04.2021 00:00	9.74	10.18	9.58	10.1	944
30.04.2021 00:00	10.08	10.32	9.58	9.88	383
04.05.2021 00:00	9.88	10.22	9.88	10.02	807
05.05.2021 00:00	10.02	10.22	9.8	10.0	358
06.05.2021 00:00	10.02	10.4	9.68	10.08	801
07.05.2021 00:00	9.82	10.16	9.82	10.02	513
10.05.2021 00:00	9.9	10.42	9.9	10.24	557
11.05.2021 00:00	10.18	10.46	10.18	10.46	383
12.05.2021 00:00	9.96	10.74	9.96	10.74	741
13.05.2021 00:00	10.8	11.56	10.72	11.56	2342
14.05.2021 00:00	11.58	12.98	11.14	11.9	3496
17.05.2021 00:00	12.18	13.14	10.9	11.66	2912
18.05.2021 00:00	11.42	11.72	11.08	11.22	1254
19.05.2021 00:00	11.18	11.48	11.1	11.22	806
20.05.2021 00:00	11.76	11.76	11.14	11.24	615
21.05.2021 00:00	11.34	11.42	11.18	11.32	328
24.05.2021 00:00	11.34	11.38	10.72	10.92	726
25.05.2021 00:00	10.8	10.98	10.48	10.72	279
26.05.2021 00:00	10.72	10.8	10.56	10.68	321
27.05.2021 00:00	10.82	10.98	10.48	10.66	634
28.05.2021 00:00	10.58	10.84	10.48	10.64	343
31.05.2021 00:00	10.64	11.24	10.5	10.9	1503
01.06.2021 00:00	11.18	11.4	11.0	11.3	1257
02.06.2021 00:00	11.18	11.72	11.18	11.4	2490
03.06.2021 00:00	11.66	11.68	10.98	10.98	1377
04.06.2021 00:00	11.48	11.48	10.5	10.84	4034
07.06.2021 00:00	9.98	10.22	9.84	10.08	2045
08.06.2021 00:00	10.14	10.42	9.9	9.98	631
09.06.2021 00:00	9.98	9.98	9.6	9.76	588
10.06.2021 00:00	9.92	9.98	9.68	9.82	301
11.06.2021 00:00	9.9	9.92	9.52	9.74	124
14.06.2021 00:00	9.74	9.88	9.4	9.8	1077
15.06.2021 00:00	9.8	9.98	9.8	9.98	339
16.06.2021 00:00	9.98	9.98	9.82	9.92	222
17.06.2021 00:00	9.9	10.06	9.9	10.06	90
18.06.2021 00:00	10.22	10.26	9.8	9.9	202
21.06.2021 00:00	9.82	9.84	9.64	9.74	185
22.06.2021 00:00	9.82	9.9	9.64	9.74	130
23.06.2021 00:00	9.72	9.74	9.52	9.56	154
24.06.2021 00:00	9.5	9.64	9.48	9.58	161
25.06.2021 00:00	9.72	9.72	9.48	9.52	103
28.06.2021 00:00	9.5	9.56	9.18	9.32	342
29.06.2021 00:00	9.24	9.9	8.9	9.4	867
30.06.2021 00:00	9.32	9.4	9.3	9.4	209
01.07.2021 00:00	9.48	9.48	9.14	9.4	73
02.07.2021 00:00	9.4	9.48	9.34	9.48	55
05.07.2021 00:00	9.48	9.48	9.22	9.38	191
06.07.2021 00:00	9.48	9.48	9.3	9.3	83
07.07.2021 00:00	9.26	9.32	9.16	9.3	75
08.07.2021 00:00	9.3	9.3	9.16	9.18	27
09.07.2021 00:00	9.18	9.3	9.02	9.14	61
12.07.2021 00:00	9.1	9.38	9.1	9.24	55
13.07.2021 00:00	9.14	9.34	9.14	9.26	414
14.07.2021 00:00	9.22	9.4	9.1	9.24	257
15.07.2021 00:00	9.3	9.3	9.14	9.24	22
16.07.2021 00:00	9.32	9.64	9.14	9.32	178
19.07.2021 00:00	9.24	9.32	9.08	9.24	266
20.07.2021 00:00	9.24	9.24	9.02	9.14	199
21.07.2021 00:00	9.02	9.22	9.02	9.06	275
22.07.2021 00:00	9.24	9.24	9.06	9.18	145
23.07.2021 00:00	9.16	9.18	9.06	9.16	64
26.07.2021 00:00	9.06	9.14	9.06	9.14	59
27.07.2021 00:00	9.14	9.14	9.08	9.14	40
28.07.2021 00:00	9.14	9.14	9.06	9.14	73
29.07.2021 00:00	9.06	9.24	9.06	9.24	154
30.07.2021 00:00	9.24	9.24	9.1	9.14	56
02.08.2021 00:00	9.14	9.16	9.1	9.14	41
03.08.2021 00:00	9.14	9.82	9.14	9.48	816
04.08.2021 00:00	9.46	9.56	9.32	9.5	95
05.08.2021 00:00	9.4	9.56	9.4	9.4	150
06.08.2021 00:00	9.4	9.48	9.02	9.32	311
09.08.2021 00:00	9.24	9.38	9.08	9.24	154
10.08.2021 00:00	9.22	9.42	9.22	9.4	92
11.08.2021 00:00	9.32	9.42	9.18	9.32	150
12.08.2021 00:00	9.34	9.4	9.18	9.26	240
13.08.2021 00:00	9.32	9.32	9.18	9.26	105
16.08.2021 00:00	9.22	9.22	8.98	9.18	203
17.08.2021 00:00	9.32	9.32	9.24	9.32	64
18.08.2021 00:00	9.32	9.32	9.18	9.22	201
19.08.2021 00:00	9.24	9.24	8.98	9.06	638
20.08.2021 00:00	9.08	9.1	9.06	9.06	254
23.08.2021 00:00	9.32	9.38	9.14	9.26	49
24.08.2021 00:00	9.24	9.26	9.22	9.26	27
25.08.2021 00:00	9.42	9.42	9.06	9.3	60
26.08.2021 00:00	9.08	9.32	9.06	9.3	275
27.08.2021 00:00	9.3	9.56	9.26	9.32	57
30.08.2021 00:00	9.48	9.56	9.32	9.4	97
31.08.2021 00:00	9.52	9.52	9.24	9.4	272
01.09.2021 00:00	9.32	9.64	9.32	9.58	118
02.09.2021 00:00	9.4	9.64	9.4	9.4	128
03.09.2021 00:00	9.4	9.6	9.38	9.56	174
06.09.2021 00:00	9.42	9.8	9.34	9.52	184
07.09.2021 00:00	9.76	9.8	9.46	9.52	227
08.09.2021 00:00	9.6	9.9	9.4	9.52	276
09.09.2021 00:00	9.5	9.66	9.42	9.6	46
10.09.2021 00:00	9.38	9.66	9.34	9.6	248
13.09.2021 00:00	9.42	9.68	9.32	9.42	308
14.09.2021 00:00	9.5	9.56	9.4	9.4	53
15.09.2021 00:00	9.42	9.52	9.42	9.52	36
16.09.2021 00:00	9.56	9.56	9.4	9.46	35
17.09.2021 00:00	9.5	9.58	9.4	9.48	203
20.09.2021 00:00	9.46	9.56	9.26	9.5	61
21.09.2021 00:00	9.52	9.56	9.38	9.4	176
22.09.2021 00:00	9.48	9.56	9.4	9.52	35
23.09.2021 00:00	9.4	9.5	9.4	9.48	20
24.09.2021 00:00	9.4	9.46	9.4	9.42	32
27.09.2021 00:00	9.56	9.56	9.32	9.38	120
28.09.2021 00:00	9.52	9.52	9.32	9.34	126
29.09.2021 00:00	9.48	9.48	9.38	9.4	56
30.09.2021 00:00	9.48	9.48	9.38	9.4	18
01.10.2021 00:00	9.48	9.48	9.32	9.48	76
04.10.2021 00:00	9.32	9.42	9.3	9.34	182
05.10.2021 00:00	9.32	9.48	9.14	9.22	225
06.10.2021 00:00	9.18	9.4	9.18	9.24	359
07.10.2021 00:00	9.26	9.4	9.26	9.38	158
08.10.2021 00:00	9.4	9.48	9.3	9.48	313
11.10.2021 00:00	9.48	9.48	9.3	9.34	333
12.10.2021 00:00	9.4	9.5	9.22	9.5	1094
13.10.2021 00:00	9.4	10.82	9.4	9.9	3126
14.10.2021 00:00	10.08	10.26	9.72	9.82	493
15.10.2021 00:00	9.52	11.34	9.52	9.74	2039
18.10.2021 00:00	9.76	9.76	9.5	9.64	326
19.10.2021 00:00	9.56	9.9	9.56	9.74	230
20.10.2021 00:00	9.58	9.82	9.58	9.64	150
21.10.2021 00:00	9.74	9.74	9.56	9.66	137
22.10.2021 00:00	9.68	9.82	9.4	9.74	167
25.10.2021 00:00	9.68	10.06	9.56	9.66	382
26.10.2021 00:00	9.5	9.66	9.42	9.46	133
27.10.2021 00:00	9.66	9.66	9.5	9.52	59
28.10.2021 00:00	9.56	9.58	9.22	9.32	246
29.10.2021 00:00	9.34	9.74	9.32	9.4	306
01.11.2021 00:00	9.48	9.66	9.32	9.56	65
02.11.2021 00:00	9.4	9.5	9.22	9.34	698
03.11.2021 00:00	9.34	9.34	9.26	9.34	66
05.11.2021 00:00	9.32	9.42	9.32	9.42	20
08.11.2021 00:00	9.46	9.48	9.24	9.4	336
09.11.2021 00:00	9.32	9.48	9.3	9.48	75
10.11.2021 00:00	9.38	9.4	9.34	9.4	19
11.11.2021 00:00	9.4	9.4	9.3	9.3	37
12.11.2021 00:00	9.34	9.34	9.3	9.32	52
15.11.2021 00:00	9.32	9.48	9.14	9.3	358
16.11.2021 00:00	9.3	9.32	9.18	9.26	43
17.11.2021 00:00	9.24	9.3	9.1	9.14	114
18.11.2021 00:00	9.26	9.32	9.16	9.22	53
19.11.2021 00:00	9.3	9.32	9.14	9.18	98
22.11.2021 00:00	9.14	9.26	9.08	9.14	110
23.11.2021 00:00	9.14	9.3	9.14	9.26	20
24.11.2021 00:00	9.32	9.32	9.16	9.22	21
25.11.2021 00:00	9.16	9.24	9.08	9.16	180
26.11.2021 00:00	9.24	9.32	9.08	9.08	64
29.11.2021 00:00	9.08	9.32	9.08	9.14	41
30.11.2021 00:00	9.14	9.14	8.72	8.9	1371
01.12.2021 00:00	8.9	8.98	8.84	8.98	62
02.12.2021 00:00	8.98	9.02	8.98	9.0	116
03.12.2021 00:00	9.02	9.06	9.02	9.02	17
06.12.2021 00:00	9.06	9.06	8.72	8.82	344
07.12.2021 00:00	8.88	8.9	8.74	8.76	51
08.12.2021 00:00	8.72	8.96	8.64	8.8	76
09.12.2021 00:00	8.66	9.0	8.64	8.82	115
10.12.2021 00:00	8.72	8.98	8.66	8.76	76
13.12.2021 00:00	8.68	8.8	8.64	8.76	43
14.12.2021 00:00	8.64	8.72	8.3	8.6	246
15.12.2021 00:00	8.64	8.64	8.56	8.56	14
16.12.2021 00:00	8.58	8.82	8.58	8.74	185
17.12.2021 00:00	8.34	8.82	8.34	8.52	57
20.12.2021 00:00	8.5	8.5	8.32	8.32	90
21.12.2021 00:00	8.42	8.56	8.32	8.48	201
22.12.2021 00:00	8.96	8.96	8.48	8.52	51
23.12.2021 00:00	8.58	9.3	8.32	8.56	518
24.12.2021 00:00	8.56	8.56	8.42	8.5	53
27.12.2021 00:00	8.48	8.6	8.38	8.58	220
28.12.2021 00:00	9.0	9.02	8.38	8.96	438
29.12.2021 00:00	8.82	8.88	8.56	8.82	91
30.12.2021 00:00	8.84	8.9	8.8	8.8	152
03.01.2022 00:00	9.0	9.02	8.9	9.02	50
04.01.2022 00:00	9.16	9.26	8.76	9.16	110
05.01.2022 00:00	9.18	9.24	9.0	9.24	179
06.01.2022 00:00	8.76	9.24	8.76	8.92	128
10.01.2022 00:00	8.98	9.58	8.88	9.1	749
11.01.2022 00:00	9.08	9.34	9.08	9.14	59
12.01.2022 00:00	9.32	9.34	9.0	9.06	108
13.01.2022 00:00	9.16	9.98	9.16	9.24	588
14.01.2022 00:00	9.48	9.48	9.14	9.24	107
17.01.2022 00:00	9.3	9.3	8.9	8.98	104
18.01.2022 00:00	8.96	8.98	8.52	8.74	248
19.01.2022 00:00	8.58	9.08	8.58	9.06	129
20.01.2022 00:00	9.06	9.48	8.98	9.4	139
21.01.2022 00:00	8.98	9.18	8.68	8.9	330
24.01.2022 00:00	8.92	8.92	8.26	8.48	558
25.01.2022 00:00	8.32	8.76	8.3	8.3	186
26.01.2022 00:00	8.88	8.88	8.24	8.52	218
27.01.2022 00:00	8.48	8.68	8.48	8.68	32
28.01.2022 00:00	8.64	8.8	8.64	8.8	14
31.01.2022 00:00	8.84	8.9	8.14	8.76	60
01.02.2022 00:00	8.74	8.76	8.74	8.76	30
02.02.2022 00:00	8.72	8.9	8.6	8.9	36
03.02.2022 00:00	8.66	8.66	8.6	8.64	32
04.02.2022 00:00	8.6	8.9	8.6	8.82	10
07.02.2022 00:00	8.48	8.92	8.48	8.68	31
08.02.2022 00:00	8.88	8.88	8.8	8.84	41
09.02.2022 00:00	8.96	9.0	8.58	8.98	105
10.02.2022 00:00	9.06	9.06	8.58	8.72	216
11.02.2022 00:00	8.66	8.72	8.64	8.66	59
14.02.2022 00:00	8.46	8.72	8.32	8.64	28
15.02.2022 00:00	8.66	8.74	8.64	8.64	56
16.02.2022 00:00	8.68	9.16	8.68	8.88	158
17.02.2022 00:00	8.8	9.4	8.58	8.82	315
18.02.2022 00:00	8.72	8.74	8.46	8.66	49
21.02.2022 00:00	8.52	8.82	8.26	8.34	162
22.02.2022 00:00	8.34	8.8	6.7	7.86	1522
24.02.2022 00:00	7.78	7.78	4.9	5.48	2306
25.02.2022 00:00	5.48	6.86	5.44	6.7	290
28.03.2022 00:00	6.94	7.5	6.7	7.08	887
29.03.2022 00:00	7.08	8.4	6.9	7.5600000000000005	403
30.03.2022 00:00	8.96	8.96	7.5600000000000005	7.7	407
31.03.2022 00:00	7.7	8.52	7.48	8.08	395
01.04.2022 00:00	7.9	8.4	7.86	7.98	54
04.04.2022 00:00	8.56	8.58	7.98	8.56	164
05.04.2022 00:00	8.56	8.56	7.94	7.98	309
06.04.2022 00:00	8.02	8.56	8.02	8.08	170
07.04.2022 00:00	8.42	8.42	8.14	8.38	26
08.04.2022 00:00	8.1	8.18	7.92	7.98	106
11.04.2022 00:00	8.0	8.32	7.82	8.18	128
12.04.2022 00:00	8.38	8.38	7.58	7.78	110
13.04.2022 00:00	7.9	8.26	7.78	8.24	133
14.04.2022 00:00	8.26	9.4	7.98	8.0	1428
15.04.2022 00:00	8.82	11.18	8.26	8.98	7067
18.04.2022 00:00	9.74	9.76	8.56	8.74	869
19.04.2022 00:00	8.68	8.98	8.18	8.58	537
20.04.2022 00:00	8.64	8.88	8.4	8.66	147
21.04.2022 00:00	8.74	8.98	8.52	8.76	227
22.04.2022 00:00	8.64	8.76	8.56	8.68	96
25.04.2022 00:00	8.96	8.98	8.3	8.52	240
26.04.2022 00:00	8.68	9.24	8.56	8.88	359
27.04.2022 00:00	9.16	9.32	8.58	8.66	242
28.04.2022 00:00	9.06	9.14	8.66	8.72	464
29.04.2022 00:00	8.64	9.14	8.64	8.8	462
04.05.2022 00:00	9.08	9.14	8.9	9.06	247
05.05.2022 00:00	8.9	9.74	8.66	9.58	699
06.05.2022 00:00	9.24	9.76	9.24	9.58	451
11.05.2022 00:00	9.24	9.98	9.24	9.98	2126
12.05.2022 00:00	10.38	10.38	9.64	9.76	568
13.05.2022 00:00	9.76	10.18	9.6	10.18	1082
16.05.2022 00:00	10.18	10.4	9.9	10.24	1450
17.05.2022 00:00	10.22	10.72	10.18	10.4	856
18.05.2022 00:00	10.74	10.8	10.1	10.34	803
19.05.2022 00:00	10.56	10.98	10.34	10.4	279
20.05.2022 00:00	10.58	10.64	9.82	10.26	898
23.05.2022 00:00	10.14	10.14	9.06	9.74	1131
24.05.2022 00:00	10.06	10.66	9.64	10.22	989
25.05.2022 00:00	10.24	10.68	9.42	10.14	1000
26.05.2022 00:00	10.26	10.56	9.9	10.02	1568
27.05.2022 00:00	10.02	10.46	9.9	10.42	1203
30.05.2022 00:00	10.48	10.66	10.06	10.38	1178
31.05.2022 00:00	10.24	11.18	9.8	9.98	5659
01.06.2022 00:00	8.98	9.52	7.98	8.66	2287
02.06.2022 00:00	8.52	8.82	7.98	8.16	1286
03.06.2022 00:00	8.16	8.16	6.48	7.140000000000001	5533
06.06.2022 00:00	7.24	9.84	7.2	8.92	11011
07.06.2022 00:00	8.4	8.98	7.7	8.0	3350
08.06.2022 00:00	8.14	8.14	7.78	7.98	256
09.06.2022 00:00	7.98	8.06	7.36	7.82	467
10.06.2022 00:00	7.78	7.86	7.7	7.86	171
14.06.2022 00:00	7.86	7.98	7.7	7.9	212
15.06.2022 00:00	7.94	8.02	7.7	7.9	258
16.06.2022 00:00	7.92	8.14	7.86	7.98	188
17.06.2022 00:00	7.98	8.1	7.86	7.9	189
20.06.2022 00:00	7.9	8.14	7.86	8.14	265
21.06.2022 00:00	8.14	8.4	8.02	8.08	217
22.06.2022 00:00	8.06	8.16	8.02	8.02	83
23.06.2022 00:00	8.14	8.14	7.94	8.02	39
24.06.2022 00:00	7.98	8.06	7.98	7.98	144
27.06.2022 00:00	7.92	8.24	7.92	8.16	298
28.06.2022 00:00	8.24	8.24	7.98	8.14	185
29.06.2022 00:00	8.02	8.26	8.0	8.1	71
30.06.2022 00:00	8.06	8.06	7.44	7.58	600
01.07.2022 00:00	7.7	7.78	7.5600000000000005	7.78	333
04.07.2022 00:00	7.6000000000000005	7.78	7.36	7.66	157
05.07.2022 00:00	7.5	7.74	7.5	7.5600000000000005	74
06.07.2022 00:00	7.58	7.7	7.5600000000000005	7.62	105
07.07.2022 00:00	7.5600000000000005	7.9	7.5600000000000005	7.78	77
08.07.2022 00:00	7.78	7.78	7.6000000000000005	7.74	83
11.07.2022 00:00	7.78	7.82	7.44	7.58	203
12.07.2022 00:00	7.640000000000001	7.82	7.44	7.78	75
13.07.2022 00:00	7.6000000000000005	7.78	7.58	7.6000000000000005	82
14.07.2022 00:00	7.58	7.66	7.44	7.66	160
15.07.2022 00:00	7.48	7.640000000000001	7.32	7.58	68
18.07.2022 00:00	7.5600000000000005	7.98	7.5600000000000005	7.78	75
19.07.2022 00:00	7.5	7.86	7.5	7.86	30
20.07.2022 00:00	7.86	7.92	7.6000000000000005	7.7	64
21.07.2022 00:00	7.7	7.86	7.5200000000000005	7.66	18
22.07.2022 00:00	7.7	7.74	7.48	7.74	55
25.07.2022 00:00	7.48	7.98	7.44	7.86	124
26.07.2022 00:00	7.98	8.02	7.78	7.86	168
27.07.2022 00:00	7.98	8.08	7.66	7.9	375
28.07.2022 00:00	7.78	8.06	7.7	7.9	24
29.07.2022 00:00	7.92	8.02	7.92	7.94	34
01.08.2022 00:00	8.02	8.02	7.5600000000000005	7.82	193
02.08.2022 00:00	7.92	7.92	7.82	7.82	38
03.08.2022 00:00	7.86	7.86	7.82	7.82	28
04.08.2022 00:00	7.9	8.08	7.82	8.06	157
05.08.2022 00:00	7.98	8.1	7.9	7.94	142
08.08.2022 00:00	7.94	8.1	7.94	8.06	139
09.08.2022 00:00	8.14	8.26	8.0	8.02	62
10.08.2022 00:00	8.32	8.32	8.06	8.06	85
11.08.2022 00:00	8.06	8.1	8.0	8.1	116
12.08.2022 00:00	8.16	8.56	8.16	8.3	388
15.08.2022 00:00	8.32	8.32	8.24	8.24	49
16.08.2022 00:00	8.32	8.4	8.24	8.38	115
17.08.2022 00:00	8.48	8.66	8.48	8.48	43
18.08.2022 00:00	8.4	8.46	8.34	8.4	40
19.08.2022 00:00	8.48	9.02	8.4	8.4	112
22.08.2022 00:00	8.48	8.88	8.48	8.64	150
23.08.2022 00:00	8.82	8.82	8.32	8.64	143
24.08.2022 00:00	8.72	8.74	8.4	8.48	74
25.08.2022 00:00	8.38	9.06	8.14	8.48	560
26.08.2022 00:00	8.5	8.74	8.5	8.6	72
29.08.2022 00:00	8.6	8.82	8.56	8.56	54
30.08.2022 00:00	8.56	8.74	8.3	8.6	580
31.08.2022 00:00	8.32	8.64	8.26	8.48	174
01.09.2022 00:00	8.64	8.72	8.26	8.46	155
02.09.2022 00:00	8.4	8.58	8.24	8.4	319
05.09.2022 00:00	8.56	8.8	8.4	8.5	164
06.09.2022 00:00	8.58	8.82	8.48	8.5	167
07.09.2022 00:00	8.48	8.6	8.48	8.52	13
08.09.2022 00:00	8.6	8.6	8.42	8.42	39
09.09.2022 00:00	8.46	8.56	8.42	8.48	31
12.09.2022 00:00	8.6	8.6	8.4	8.56	93
13.09.2022 00:00	8.34	8.58	8.3	8.58	118
14.09.2022 00:00	8.58	8.6	8.42	8.48	31
15.09.2022 00:00	8.48	8.58	8.48	8.56	67
16.09.2022 00:00	8.58	8.66	8.52	8.56	35
19.09.2022 00:00	8.64	8.74	8.52	8.56	48
20.09.2022 00:00	8.64	8.64	8.18	8.22	198
21.09.2022 00:00	8.18	8.26	7.9	8.08	298
22.09.2022 00:00	8.16	8.64	8.08	8.38	135
23.09.2022 00:00	8.22	8.34	8.02	8.1	235
26.09.2022 00:00	8.02	8.22	7.7	7.78	188
27.09.2022 00:00	7.78	7.82	7.74	7.74	18
28.09.2022 00:00	7.94	7.94	7.9	7.9	14
29.09.2022 00:00	7.98	7.98	7.7	7.74	60
30.09.2022 00:00	7.92	7.92	7.4	7.5	99
03.10.2022 00:00	7.5200000000000005	7.98	7.44	7.98	87
04.10.2022 00:00	7.5200000000000005	8.0	7.4	7.74	90
05.10.2022 00:00	7.98	7.98	7.58	7.74	53
06.10.2022 00:00	7.74	7.74	7.44	7.640000000000001	106
07.10.2022 00:00	7.5200000000000005	7.7	7.4	7.4	178
10.10.2022 00:00	7.48	7.58	7.48	7.58	130
11.10.2022 00:00	7.7	7.98	7.7	7.78	196
12.10.2022 00:00	7.86	7.86	7.86	7.86	8
13.10.2022 00:00	7.9	8.3	7.7	7.82	281
14.10.2022 00:00	8.16	8.16	7.82	7.82	24
17.10.2022 00:00	7.86	7.9	7.82	7.9	43
18.10.2022 00:00	7.9	8.14	7.9	8.14	57
19.10.2022 00:00	8.18	8.82	8.18	8.3	811
20.10.2022 00:00	8.32	8.66	8.26	8.4	110
21.10.2022 00:00	8.32	9.56	8.16	8.68	1031
24.10.2022 00:00	8.82	8.88	8.46	8.88	193
25.10.2022 00:00	8.88	9.06	8.6	8.9	160
26.10.2022 00:00	8.9	9.4	8.52	8.82	222
27.10.2022 00:00	9.14	10.18	8.82	9.42	1723
28.10.2022 00:00	9.18	10.06	9.18	9.46	147
31.10.2022 00:00	9.22	9.58	9.06	9.34	75
01.11.2022 00:00	9.24	9.24	8.72	9.06	400
02.11.2022 00:00	9.06	9.1	8.82	9.06	89
03.11.2022 00:00	8.84	8.96	8.82	8.9	96
07.11.2022 00:00	9.08	9.08	8.82	8.9	52
08.11.2022 00:00	9.14	10.88	8.82	8.98	2057
09.11.2022 00:00	9.06	9.26	8.9	8.98	94
10.11.2022 00:00	8.9	9.18	8.9	8.96	28
11.11.2022 00:00	9.24	9.26	8.82	8.82	60
14.11.2022 00:00	8.84	8.84	8.74	8.84	67
15.11.2022 00:00	8.8	8.92	8.64	8.82	94
16.11.2022 00:00	8.72	9.02	8.72	9.02	66
17.11.2022 00:00	8.98	8.98	8.74	8.98	35
18.11.2022 00:00	8.92	9.66	8.92	9.0	129
21.11.2022 00:00	8.98	9.18	8.22	8.9	1174
22.11.2022 00:00	9.08	9.08	8.68	8.9	66
23.11.2022 00:00	8.82	9.06	8.8	9.06	46
24.11.2022 00:00	9.02	9.1	9.02	9.06	94
25.11.2022 00:00	9.14	9.16	9.02	9.08	11
28.11.2022 00:00	9.24	9.48	8.9	9.0	93
29.11.2022 00:00	8.98	9.14	8.9	9.02	88
30.11.2022 00:00	8.92	9.14	8.8	8.98	227
01.12.2022 00:00	8.8	9.06	8.74	8.96	140
02.12.2022 00:00	8.88	8.9	8.84	8.84	23
05.12.2022 00:00	8.88	9.1	8.84	8.88	51
06.12.2022 00:00	8.84	8.98	8.72	8.84	131
07.12.2022 00:00	8.8	8.8	8.3	8.48	897
08.12.2022 00:00	8.58	8.74	8.58	8.66	142
09.12.2022 00:00	8.74	8.74	8.52	8.58	77
12.12.2022 00:00	8.64	8.64	8.48	8.58	69
13.12.2022 00:00	8.58	8.58	8.42	8.52	121
14.12.2022 00:00	8.56	8.56	8.38	8.48	202
15.12.2022 00:00	8.52	8.56	8.48	8.48	8
16.12.2022 00:00	8.56	8.68	8.42	8.5	94
19.12.2022 00:00	8.48	8.56	8.4	8.52	88
20.12.2022 00:00	8.5	8.6	8.5	8.58	32
21.12.2022 00:00	8.42	8.72	8.42	8.66	110
22.12.2022 00:00	8.64	8.64	8.24	8.56	631
23.12.2022 00:00	8.52	8.66	8.5	8.64	74
26.12.2022 00:00	8.64	8.74	8.52	8.72	30
27.12.2022 00:00	8.74	8.74	8.64	8.64	55
28.12.2022 00:00	8.68	8.9	8.52	8.64	261
29.12.2022 00:00	8.74	8.82	8.66	8.8	67
30.12.2022 00:00	8.84	8.9	8.6	8.72	67
03.01.2023 00:00	8.84	8.84	8.56	8.84	198
04.01.2023 00:00	8.98	8.98	8.8	8.8	84
05.01.2023 00:00	8.96	9.08	8.84	9.0	257
06.01.2023 00:00	8.96	8.98	8.88	8.96	59
09.01.2023 00:00	8.82	9.14	8.82	9.1	188
10.01.2023 00:00	9.14	9.26	8.96	9.08	144
11.01.2023 00:00	9.02	9.22	8.98	9.14	253
12.01.2023 00:00	9.24	9.26	8.98	9.1	134
13.01.2023 00:00	9.14	9.26	9.14	9.24	69
16.01.2023 00:00	9.18	9.34	9.14	9.34	108
17.01.2023 00:00	9.32	9.32	9.18	9.24	96
18.01.2023 00:00	9.14	9.3	9.14	9.26	145
19.01.2023 00:00	9.16	9.32	9.14	9.24	88
20.01.2023 00:00	9.22	9.24	9.1	9.16	110
23.01.2023 00:00	9.24	9.24	9.06	9.16	152
24.01.2023 00:00	9.24	9.24	9.14	9.24	48
25.01.2023 00:00	9.18	9.3	9.14	9.18	96
26.01.2023 00:00	9.22	9.26	9.14	9.14	125
27.01.2023 00:00	9.14	9.24	8.98	9.16	212
30.01.2023 00:00	9.18	9.98	9.08	9.32	933
31.01.2023 00:00	9.64	9.8	9.42	9.48	343
01.02.2023 00:00	9.58	9.64	9.22	9.48	193
02.02.2023 00:00	9.5	9.52	9.46	9.52	67
03.02.2023 00:00	9.52	9.52	9.42	9.52	26
06.02.2023 00:00	9.64	9.68	9.48	9.68	148
07.02.2023 00:00	9.66	9.66	9.52	9.64	76
08.02.2023 00:00	9.64	9.66	9.46	9.56	324
09.02.2023 00:00	9.58	9.68	9.56	9.58	146
10.02.2023 00:00	9.58	9.68	9.48	9.66	337
13.02.2023 00:00	9.56	9.88	9.5	9.64	589
14.02.2023 00:00	9.82	9.98	9.48	9.52	746
15.02.2023 00:00	9.5	9.82	9.48	9.56	516
16.02.2023 00:00	9.58	9.82	9.18	9.38	580
17.02.2023 00:00	9.42	9.42	8.98	9.18	671
20.02.2023 00:00	9.02	9.34	9.02	9.06	920
21.02.2023 00:00	9.14	9.4	9.14	9.34	247
22.02.2023 00:00	9.4	9.52	9.24	9.38	190
24.02.2023 00:00	9.34	9.56	9.1	9.32	328
27.02.2023 00:00	9.3	9.58	9.24	9.32	221
28.02.2023 00:00	9.38	9.4	9.24	9.32	206
01.03.2023 00:00	9.4	9.58	9.34	9.56	568
02.03.2023 00:00	9.6	9.66	9.24	9.4	222
03.03.2023 00:00	9.48	9.64	9.38	9.64	283
06.03.2023 00:00	9.68	9.84	9.64	9.74	190
07.03.2023 00:00	9.76	9.8	9.64	9.74	245
09.03.2023 00:00	9.82	9.98	9.74	9.8	355
10.03.2023 00:00	9.74	9.84	9.74	9.82	252
13.03.2023 00:00	9.82	10.16	9.68	9.84	1360
14.03.2023 00:00	9.82	9.82	9.72	9.74	78
15.03.2023 00:00	9.8	9.8	9.72	9.74	73
16.03.2023 00:00	9.96	9.96	9.64	9.64	164
17.03.2023 00:00	9.64	10.74	9.58	9.76	9105
20.03.2023 00:00	9.68	9.98	9.56	9.8	2535
21.03.2023 00:00	9.8	9.96	9.58	9.76	2220
22.03.2023 00:00	9.74	9.88	9.68	9.82	345
23.03.2023 00:00	9.74	10.34	9.66	10.06	772
24.03.2023 00:00	10.4	10.84	9.88	10.06	1664
27.03.2023 00:00	9.92	10.38	9.9	9.98	473
28.03.2023 00:00	10.24	10.48	9.98	10.16	1005
29.03.2023 00:00	10.4	10.84	10.08	10.34	1963
30.03.2023 00:00	10.5	10.9	10.1	10.4	2220
31.03.2023 00:00	10.38	10.72	10.26	10.38	517
03.04.2023 00:00	10.42	10.96	10.32	10.56	1981
04.04.2023 00:00	10.58	11.34	10.58	10.9	1050
05.04.2023 00:00	11.02	11.14	10.9	10.98	500
06.04.2023 00:00	11.14	11.32	11.0	11.32	952
07.04.2023 00:00	11.34	11.96	11.08	11.84	3421
10.04.2023 00:00	11.72	14.14	11.68	13.38	9322
11.04.2023 00:00	13.56	15.06	12.72	13.74	4060
12.04.2023 00:00	13.6	13.9	12.64	13.14	2442
13.04.2023 00:00	11.84	13.26	10.48	12.88	2077
14.04.2023 00:00	12.98	12.98	11.5	12.34	4492
17.04.2023 00:00	12.58	14.16	12.48	12.98	11675
18.04.2023 00:00	13.14	13.34	12.9	13.22	1785
19.04.2023 00:00	13.24	13.3	12.82	13.08	2487
20.04.2023 00:00	13.24	13.56	12.8	13.08	1422
21.04.2023 00:00	13.06	13.16	12.9	13.06	501
24.04.2023 00:00	12.98	13.22	12.96	13.14	740
25.04.2023 00:00	13.14	13.4	13.1	13.38	1518
26.04.2023 00:00	13.48	13.48	12.96	13.38	1363
27.04.2023 00:00	13.4	15.56	13.06	14.52	11650
28.04.2023 00:00	14.56	14.98	13.9	14.16	4246
02.05.2023 00:00	14.26	17.36	13.58	14.42	17348
03.05.2023 00:00	14.4	14.56	13.34	13.8	1564
04.05.2023 00:00	13.8	14.38	13.8	14.24	871
05.05.2023 00:00	14.3	14.76	13.96	14.06	418
08.05.2023 00:00	14.34	14.42	13.98	14.24	732
10.05.2023 00:00	14.0	14.64	14.0	14.56	1189
11.05.2023 00:00	14.66	14.98	14.66	14.8	971
12.05.2023 00:00	14.88	15.14	14.66	14.8	1196
15.05.2023 00:00	14.82	15.06	14.74	14.9	1019
16.05.2023 00:00	14.98	15.02	14.72	14.9	1786
17.05.2023 00:00	14.9	14.98	14.56	14.88	1906
18.05.2023 00:00	14.9	15.46	14.74	15.02	2725
19.05.2023 00:00	15.48	15.48	14.98	15.3	1726
22.05.2023 00:00	15.38	15.56	14.68	14.9	3252
23.05.2023 00:00	14.72	15.02	14.5	14.88	1240
24.05.2023 00:00	14.42	14.98	14.42	14.98	1217
25.05.2023 00:00	15.08	15.08	14.5	14.72	1805
26.05.2023 00:00	14.8	14.88	14.18	14.8	1939
29.05.2023 00:00	14.88	15.22	14.3	14.92	3318
30.05.2023 00:00	14.98	14.98	14.48	14.9	3518
31.05.2023 00:00	14.9	15.4	13.98	13.98	6539
01.06.2023 00:00	12.98	13.48	12.56	13.16	5802
02.06.2023 00:00	13.26	13.38	13.06	13.26	750
05.06.2023 00:00	13.38	13.6	13.14	13.42	637
06.06.2023 00:00	13.4	13.68	13.24	13.34	329
07.06.2023 00:00	13.32	13.8	13.3	13.6	696
08.06.2023 00:00	13.6	13.8	13.22	13.58	359
09.06.2023 00:00	13.68	13.8	13.16	13.4	935
13.06.2023 00:00	13.42	13.74	13.38	13.64	412
14.06.2023 00:00	13.64	14.08	13.64	13.88	1480
15.06.2023 00:00	13.98	14.16	13.96	14.16	524
16.06.2023 00:00	14.18	14.26	14.1	14.22	507
19.06.2023 00:00	14.24	14.48	14.06	14.3	448
20.06.2023 00:00	14.38	14.9	14.18	14.56	2189
21.06.2023 00:00	14.56	14.72	14.22	14.32	599
22.06.2023 00:00	14.32	14.76	14.24	14.3	725
23.06.2023 00:00	14.52	14.52	13.68	14.3	1592
26.06.2023 00:00	14.0	14.22	13.82	14.06	348
27.06.2023 00:00	14.06	14.48	13.56	14.48	2084
28.06.2023 00:00	15.9	19.92	14.3	14.58	23374
29.06.2023 00:00	14.98	14.98	14.38	14.56	1541
30.06.2023 00:00	14.74	14.8	14.48	14.56	641
03.07.2023 00:00	14.66	15.6	14.4	14.66	3932
04.07.2023 00:00	14.9	15.0	14.5	14.8	1012
05.07.2023 00:00	14.68	15.14	14.68	14.9	508
06.07.2023 00:00	14.96	15.16	14.8	14.8	681
07.07.2023 00:00	15.14	15.16	14.68	14.74	431
10.07.2023 00:00	14.74	14.98	14.58	14.72	359
11.07.2023 00:00	14.8	14.88	14.6	14.8	481
12.07.2023 00:00	14.8	14.84	14.56	14.8	561
13.07.2023 00:00	14.8	14.96	14.6	14.82	425
14.07.2023 00:00	14.9	15.18	14.6	14.98	4789
17.07.2023 00:00	15.08	15.38	14.9	15.22	1150
18.07.2023 00:00	15.22	15.56	14.9	15.3	1389
19.07.2023 00:00	15.22	16.44	15.22	16.44	3185
20.07.2023 00:00	15.72	16.42	15.72	16.04	1170
21.07.2023 00:00	16.1	17.16	16.1	16.5	1532
24.07.2023 00:00	16.66	17.1	16.3	16.66	1078
25.07.2023 00:00	16.66	16.68	16.46	16.56	665
26.07.2023 00:00	16.6	17.14	16.52	17.02	1238
27.07.2023 00:00	17.06	17.72	17.04	17.42	1795
28.07.2023 00:00	17.46	17.98	17.12	17.38	1394
31.07.2023 00:00	17.68	17.68	17.18	17.5	1257
01.08.2023 00:00	17.5	18.48	17.3	18.48	2248
02.08.2023 00:00	18.48	19.18	18.38	18.44	2274
03.08.2023 00:00	18.46	18.78	18.38	18.64	1385
04.08.2023 00:00	18.76	19.5	18.16	18.6	2998
07.08.2023 00:00	18.6	21.3	18.6	20.86	6122
08.08.2023 00:00	21.38	24.46	21.06	24.46	11480
09.08.2023 00:00	24.1	27.48	24.0	26.92	7466
10.08.2023 00:00	29.6	29.6	20.1	21.48	9073
11.08.2023 00:00	22.02	25.44	22.02	23.66	4678
14.08.2023 00:00	23.98	24.28	22.42	23.78	2403
15.08.2023 00:00	23.48	23.48	21.14	22.3	1488
16.08.2023 00:00	22.32	22.84	19.32	20.46	2891
17.08.2023 00:00	20.46	21.06	19.48	19.7	1006
18.08.2023 00:00	19.7	20.38	19.64	20.38	690
21.08.2023 00:00	21.3	24.3	20.28	23.78	4542
22.08.2023 00:00	24.36	24.86	22.16	23.2	2932
23.08.2023 00:00	23.5	24.14	22.26	22.98	1476
24.08.2023 00:00	22.98	22.98	22.42	22.78	479
25.08.2023 00:00	22.78	23.0	22.28	22.48	1292
28.08.2023 00:00	22.82	24.16	22.5	23.14	2922
29.08.2023 00:00	23.96	24.060000000000002	22.68	22.82	2122
30.08.2023 00:00	23.12	23.96	22.8	22.86	931
31.08.2023 00:00	23.38	23.62	22.3	22.8	872
01.09.2023 00:00	22.92	23.18	22.62	22.88	1067
04.09.2023 00:00	22.84	24.28	22.78	22.86	3361
05.09.2023 00:00	23.32	23.32	22.46	22.8	3077
06.09.2023 00:00	22.8	22.8	22.12	22.56	1495
07.09.2023 00:00	22.96	23.28	20.98	21.46	2854
08.09.2023 00:00	21.76	21.76	20.78	21.48	787
11.09.2023 00:00	21.48	21.96	20.8	21.2	1240
12.09.2023 00:00	20.94	21.8	20.92	21.78	462
13.09.2023 00:00	21.86	21.96	20.72	21.3	1212
14.09.2023 00:00	21.06	21.26	15.98	20.06	2596
15.09.2023 00:00	20.06	20.78	18.76	20.36	789
18.09.2023 00:00	20.3	20.78	20.2	20.2	452
19.09.2023 00:00	20.32	20.72	18.94	19.8	885
20.09.2023 00:00	19.72	20.48	17.14	18.8	3258
21.09.2023 00:00	18.44	18.96	17.98	17.98	700
22.09.2023 00:00	18.38	18.48	17.48	18.48	506
25.09.2023 00:00	18.42	19.14	18.34	19.12	384
26.09.2023 00:00	19.16	19.34	18.82	18.98	351
27.09.2023 00:00	19.0	19.98	19.0	19.5	238
28.09.2023 00:00	19.3	19.88	19.3	19.56	266
29.09.2023 00:00	19.62	20.28	19.34	20.0	288
02.10.2023 00:00	20.0	20.64	19.42	20.48	404
03.10.2023 00:00	20.52	20.52	19.3	19.94	381
04.10.2023 00:00	19.7	20.02	19.6	19.86	80
05.10.2023 00:00	19.68	19.98	19.36	19.68	273
06.10.2023 00:00	19.56	19.88	19.28	19.66	121
09.10.2023 00:00	19.54	19.72	19.3	19.46	243
10.10.2023 00:00	19.6	19.78	19.2	19.44	193
11.10.2023 00:00	19.3	19.98	19.02	19.48	407
12.10.2023 00:00	19.38	19.84	19.14	19.34	340
13.10.2023 00:00	19.14	19.48	19.14	19.32	81
16.10.2023 00:00	19.52	19.8	19.16	19.5	367
17.10.2023 00:00	19.72	19.78	19.3	19.56	664
18.10.2023 00:00	19.5	20.56	19.32	20.1	979
19.10.2023 00:00	20.18	20.38	19.8	19.92	284
20.10.2023 00:00	20.22	20.22	19.5	19.68	335
23.10.2023 00:00	19.66	19.68	19.48	19.56	336
24.10.2023 00:00	19.72	19.72	19.42	19.6	147
25.10.2023 00:00	19.62	19.68	19.5	19.64	191
26.10.2023 00:00	19.78	19.96	19.38	19.6	427
27.10.2023 00:00	19.38	19.46	18.98	19.26	1290
30.10.2023 00:00	19.42	19.42	18.88	19.04	641
31.10.2023 00:00	18.94	18.98	18.14	18.28	583
01.11.2023 00:00	18.26	18.66	18.0	18.66	266
02.11.2023 00:00	18.64	18.64	18.02	18.28	725
03.11.2023 00:00	18.6	18.6	18.22	18.28	124
06.11.2023 00:00	18.28	18.28	17.6	17.92	1212
07.11.2023 00:00	18.04	18.26	17.98	18.06	315
08.11.2023 00:00	18.56	18.56	17.7	18.3	530
09.11.2023 00:00	18.16	18.26	17.8	17.88	324
10.11.2023 00:00	17.98	18.12	17.28	17.62	701
13.11.2023 00:00	18.54	18.54	16.66	16.8	1377
14.11.2023 00:00	16.92	16.92	15.9	15.98	1345
15.11.2023 00:00	15.9	17.34	15.4	16.64	1230
16.11.2023 00:00	17.16	17.56	16.8	17.22	369
17.11.2023 00:00	17.48	17.48	16.54	16.98	416
20.11.2023 00:00	16.98	16.98	16.64	16.92	400
21.11.2023 00:00	16.68	17.3	16.64	16.96	585
22.11.2023 00:00	17.34	17.82	16.96	17.14	569
23.11.2023 00:00	17.38	17.38	16.78	16.92	266
24.11.2023 00:00	16.92	17.04	16.88	16.96	361
27.11.2023 00:00	16.98	17.36	16.38	16.64	1011
28.11.2023 00:00	16.54	17.12	16.18	16.98	393
29.11.2023 00:00	17.02	17.46	16.48	16.88	377
30.11.2023 00:00	16.78	16.78	16.44	16.48	162
01.12.2023 00:00	16.42	16.5	16.32	16.32	119
04.12.2023 00:00	16.38	16.98	15.58	15.58	733
05.12.2023 00:00	15.58	15.74	15.1	15.48	321
06.12.2023 00:00	15.48	15.58	15.18	15.5	433
07.12.2023 00:00	15.32	15.34	14.56	15.08	431
08.12.2023 00:00	15.0	15.58	14.98	15.48	263
11.12.2023 00:00	15.32	15.48	14.68	14.9	651
12.12.2023 00:00	14.84	14.9	14.42	14.68	170
13.12.2023 00:00	15.0	15.06	14.3	14.74	517
14.12.2023 00:00	14.96	15.14	14.56	14.64	436
15.12.2023 00:00	14.56	15.06	14.14	15.06	541
18.12.2023 00:00	15.06	16.44	15.06	16.12	581
19.12.2023 00:00	16.18	16.8	16.1	16.68	498
20.12.2023 00:00	16.48	17.0	16.14	16.84	704
21.12.2023 00:00	16.8	17.12	16.68	16.78	241
22.12.2023 00:00	16.88	16.98	16.64	16.88	355
25.12.2023 00:00	16.88	17.06	16.38	16.7	231
26.12.2023 00:00	16.66	16.86	16.32	16.52	1452
27.12.2023 00:00	16.6	17.18	16.56	16.76	551
28.12.2023 00:00	16.78	17.14	16.6	16.7	400
29.12.2023 00:00	16.82	16.88	16.32	16.36	432
03.01.2024 00:00	16.44	16.98	15.98	16.86	553
04.01.2024 00:00	16.68	16.98	16.52	16.68	1434
05.01.2024 00:00	16.8	17.62	16.7	17.62	1745
08.01.2024 00:00	17.38	18.78	17.26	18.52	1288
09.01.2024 00:00	18.48	18.64	18.14	18.48	377
10.01.2024 00:00	18.36	18.5	18.2	18.44	427
11.01.2024 00:00	18.54	18.88	18.42	18.84	515
12.01.2024 00:00	18.84	18.86	17.72	18.68	1805
15.01.2024 00:00	18.68	18.94	18.6	18.72	406
16.01.2024 00:00	18.8	19.14	18.3	18.64	1155
17.01.2024 00:00	18.64	19.1	18.64	19.04	581
18.01.2024 00:00	18.94	19.3	18.92	18.98	618
19.01.2024 00:00	18.96	19.26	18.7	19.04	420
22.01.2024 00:00	18.94	19.3	18.76	19.26	612
23.01.2024 00:00	19.36	19.5	19.18	19.48	433
24.01.2024 00:00	19.48	19.48	19.22	19.36	835
25.01.2024 00:00	19.48	21.18	19.48	19.7	3810
26.01.2024 00:00	19.7	20.48	19.5	19.8	869
29.01.2024 00:00	19.72	20.12	19.68	20.0	438
30.01.2024 00:00	20.14	20.14	19.5	19.6	430
31.01.2024 00:00	19.68	19.7	19.3	19.52	578
01.02.2024 00:00	19.52	19.56	19.38	19.38	554
02.02.2024 00:00	19.38	19.38	18.64	19.1	923
05.02.2024 00:00	19.06	19.36	19.06	19.2	270
06.02.2024 00:00	19.12	19.56	19.04	19.16	520
07.02.2024 00:00	19.2	19.32	19.1	19.28	139
08.02.2024 00:00	19.22	19.3	18.92	19.04	264
09.02.2024 00:00	19.06	19.1	18.26	18.3	1286
12.02.2024 00:00	18.36	18.36	17.76	18.02	720
13.02.2024 00:00	18.3	18.64	17.98	18.64	354
14.02.2024 00:00	18.66	18.98	18.42	18.48	495
15.02.2024 00:00	18.48	18.6	18.3	18.6	133
16.02.2024 00:00	18.68	18.86	18.54	18.64	415
19.02.2024 00:00	18.64	19.06	18.38	18.64	225
20.02.2024 00:00	18.54	18.6	17.96	18.48	379
21.02.2024 00:00	17.98	18.14	17.68	17.96	363
22.02.2024 00:00	17.96	18.1	17.82	17.98	157
26.02.2024 00:00	17.98	18.52	17.98	18.5	112
27.02.2024 00:00	18.54	18.72	18.42	18.52	152
28.02.2024 00:00	18.72	18.98	18.42	18.46	262
29.02.2024 00:00	18.36	18.78	18.2	18.66	251
01.03.2024 00:00	18.62	18.76	18.1	18.64	203
04.03.2024 00:00	18.6	18.64	18.36	18.6	194
05.03.2024 00:00	18.62	18.64	18.3	18.48	153
06.03.2024 00:00	18.48	18.94	18.34	18.6	391
07.03.2024 00:00	18.7	18.86	18.38	18.8	278
11.03.2024 00:00	18.8	18.92	18.64	18.76	397
12.03.2024 00:00	18.66	19.1	18.48	18.78	349
13.03.2024 00:00	19.04	20.96	18.84	19.48	2041
14.03.2024 00:00	19.48	19.6	19.02	19.14	485
15.03.2024 00:00	19.18	19.18	18.96	19.0	94
18.03.2024 00:00	19.02	19.1	18.88	18.88	436
19.03.2024 00:00	18.92	19.04	18.7	18.78	174
20.03.2024 00:00	18.64	19.7	18.38	18.92	1191
21.03.2024 00:00	18.88	19.14	18.88	18.94	322
22.03.2024 00:00	18.96	19.3	18.68	18.88	300
25.03.2024 00:00	18.88	19.36	18.88	18.98	150
26.03.2024 00:00	18.96	20.66	18.96	19.92	1852
27.03.2024 00:00	20.36	20.36	19.44	19.48	603
28.03.2024 00:00	19.48	20.02	19.48	20.02	254
29.03.2024 00:00	19.8	20.02	19.48	19.84	274
01.04.2024 00:00	19.86	19.96	19.3	19.5	263
02.04.2024 00:00	19.48	19.68	19.3	19.48	225
03.04.2024 00:00	19.66	19.66	19.34	19.64	199
04.04.2024 00:00	19.62	19.62	19.36	19.56	131
05.04.2024 00:00	19.48	19.86	19.46	19.62	327
08.04.2024 00:00	19.64	19.98	19.3	19.82	363
09.04.2024 00:00	19.84	20.0	19.62	19.86	408
10.04.2024 00:00	19.64	20.02	19.42	19.8	343
11.04.2024 00:00	20.0	20.06	19.8	19.96	217
12.04.2024 00:00	20.0	20.64	19.86	20.56	827
15.04.2024 00:00	20.64	21.84	20.3	20.6	1740
16.04.2024 00:00	20.8	21.36	20.42	21.0	494
17.04.2024 00:00	21.06	21.38	20.2	20.68	1325
18.04.2024 00:00	20.84	20.86	20.36	20.46	341
19.04.2024 00:00	20.52	20.84	20.12	20.8	488
22.04.2024 00:00	20.96	21.16	20.72	20.76	448
23.04.2024 00:00	20.78	20.94	20.18	20.44	749
24.04.2024 00:00	20.44	21.38	20.02	20.96	991
25.04.2024 00:00	20.44	20.44	18.7	19.56	6364
26.04.2024 00:00	19.56	19.84	19.22	19.5	1096
27.04.2024 00:00	19.52	19.78	19.36	19.66	879
29.04.2024 00:00	19.5	19.7	19.28	19.42	1127
30.04.2024 00:00	19.44	19.46	18.98	19.32	988
02.05.2024 00:00	19.14	19.48	19.14	19.44	812
03.05.2024 00:00	19.44	19.54	19.14	19.48	488
06.05.2024 00:00	19.48	19.52	19.38	19.48	546
07.05.2024 00:00	19.52	19.98	19.44	19.84	504
08.05.2024 00:00	19.86	20.3	19.5	19.78	779
10.05.2024 00:00	19.52	20.14	19.2	19.76	1574
13.05.2024 00:00	19.8	20.46	18.3	18.8	6308
14.05.2024 00:00	18.94	19.18	18.6	18.76	2006
15.05.2024 00:00	18.92	18.92	18.56	18.6	1163
16.05.2024 00:00	18.76	18.8	18.0	18.44	1761
17.05.2024 00:00	18.44	18.76	18.22	18.48	635
20.05.2024 00:00	18.64	18.94	18.04	18.44	791
21.05.2024 00:00	18.46	18.72	18.0	18.36	572
22.05.2024 00:00	18.3	18.54	18.12	18.34	251
23.05.2024 00:00	18.54	18.54	18.14	18.22	159
24.05.2024 00:00	18.44	18.46	17.68	18.02	804
27.05.2024 00:00	18.1	18.18	17.54	17.64	637
28.05.2024 00:00	17.68	17.8	17.26	17.48	355
29.05.2024 00:00	17.56	17.62	17.2	17.22	532
30.05.2024 00:00	17.3	17.5	16.94	16.94	447
31.05.2024 00:00	16.98	16.98	15.8	16.76	1100
03.06.2024 00:00	16.52	17.06	15.8	16.14	938
04.06.2024 00:00	16.48	17.48	16.18	17.0	1607
05.06.2024 00:00	17.0	17.82	17.0	17.3	1251
06.06.2024 00:00	17.48	17.76	17.42	17.48	396
07.06.2024 00:00	17.48	17.86	17.42	17.84	1245
10.06.2024 00:00	16.64	17.16	16.18	17.12	1995
11.06.2024 00:00	17.0	17.0	14.9	15.52	4763
13.06.2024 00:00	15.48	15.72	14.68	15.72	778
14.06.2024 00:00	15.74	16.16	15.74	16.14	333
17.06.2024 00:00	16.16	16.28	16.14	16.14	137
18.06.2024 00:00	16.26	16.26	15.6	15.68	177
19.06.2024 00:00	15.52	15.76	15.0	15.0	238
20.06.2024 00:00	15.16	16.1	15.16	15.38	291
21.06.2024 00:00	15.4	15.68	15.34	15.68	153
24.06.2024 00:00	15.74	15.76	15.42	15.64	77
25.06.2024 00:00	15.82	15.98	15.18	15.46	179
26.06.2024 00:00	15.56	15.64	15.1	15.26	408
27.06.2024 00:00	15.3	15.4	14.88	15.16	318
28.06.2024 00:00	15.22	15.38	14.88	15.14	243
01.07.2024 00:00	15.22	15.24	15.14	15.22	59
02.07.2024 00:00	15.16	15.4	14.68	15.24	740
03.07.2024 00:00	15.18	15.48	15.14	15.32	309
04.07.2024 00:00	15.3	15.58	15.24	15.26	466
05.07.2024 00:00	15.24	15.4	15.1	15.4	249
08.07.2024 00:00	15.52	15.82	15.32	15.58	498
09.07.2024 00:00	15.48	15.56	14.9	15.3	343
10.07.2024 00:00	15.48	15.98	15.06	15.26	692
11.07.2024 00:00	15.48	15.56	15.22	15.56	637
12.07.2024 00:00	15.6	15.66	15.26	15.3	308
15.07.2024 00:00	15.56	15.58	15.1	15.42	204
16.07.2024 00:00	15.22	15.48	15.16	15.42	193
17.07.2024 00:00	15.48	15.56	15.38	15.42	364
18.07.2024 00:00	15.38	15.52	15.3	15.4	40
19.07.2024 00:00	15.56	15.58	15.5	15.58	254
22.07.2024 00:00	15.58	15.82	15.48	15.82	140
23.07.2024 00:00	15.8	15.82	15.52	15.6	162
24.07.2024 00:00	15.74	15.76	15.72	15.76	97
25.07.2024 00:00	15.74	16.04	15.72	15.84	156
26.07.2024 00:00	16.02	16.1	15.6	15.88	283
29.07.2024 00:00	15.74	15.9	15.48	15.66	162
30.07.2024 00:00	15.46	15.66	15.3	15.66	249
31.07.2024 00:00	15.56	16.06	15.48	15.82	201
01.08.2024 00:00	15.74	15.98	15.74	15.9	190
02.08.2024 00:00	15.82	15.9	15.58	15.88	189
05.08.2024 00:00	15.8	15.8	15.1	15.72	401
06.08.2024 00:00	15.16	15.72	15.16	15.38	349
07.08.2024 00:00	15.64	15.64	15.16	15.34	213
08.08.2024 00:00	15.42	15.52	14.98	15.16	244
09.08.2024 00:00	15.22	15.24	15.08	15.18	97
12.08.2024 00:00	15.02	15.1	14.8	15.06	303
13.08.2024 00:00	15.06	15.38	14.88	15.38	337
14.08.2024 00:00	15.4	15.88	15.4	15.48	157
15.08.2024 00:00	15.64	15.72	15.5	15.6	199
16.08.2024 00:00	15.56	15.66	15.48	15.58	176
19.08.2024 00:00	15.64	15.64	15.18	15.22	133
20.08.2024 00:00	15.16	15.3	14.98	15.06	411
21.08.2024 00:00	15.06	15.06	14.72	14.88	402
22.08.2024 00:00	14.82	14.9	14.18	14.38	722
23.08.2024 00:00	14.5	14.5	13.98	14.14	321
26.08.2024 00:00	14.18	14.42	14.06	14.34	310
27.08.2024 00:00	14.24	14.9	14.18	14.48	572
28.08.2024 00:00	14.56	14.6	14.4	14.46	68
29.08.2024 00:00	14.48	14.9	14.4	14.52	269
30.08.2024 00:00	14.42	14.46	13.9	14.38	154
02.09.2024 00:00	14.32	14.38	12.4	12.9	917
03.09.2024 00:00	12.98	13.14	12.34	12.96	424
04.09.2024 00:00	12.9	13.66	12.5	13.14	648
05.09.2024 00:00	13.24	13.48	12.6	13.3	534
06.09.2024 00:00	13.3	13.3	13.14	13.24	64
09.09.2024 00:00	13.56	13.84	13.22	13.48	530
10.09.2024 00:00	13.58	13.88	13.58	13.8	414
11.09.2024 00:00	13.88	13.88	13.6	13.64	27
12.09.2024 00:00	13.66	13.88	13.46	13.56	103
13.09.2024 00:00	13.74	13.76	13.56	13.68	127
16.09.2024 00:00	13.74	13.9	13.64	13.9	301
17.09.2024 00:00	13.88	13.9	13.72	13.84	158
18.09.2024 00:00	13.88	13.9	13.48	13.76	152
19.09.2024 00:00	13.52	13.88	13.52	13.74	78
20.09.2024 00:00	13.9	13.9	13.72	13.72	138
23.09.2024 00:00	13.66	13.88	13.42	13.68	459
24.09.2024 00:00	13.5	13.9	13.5	13.66	506
25.09.2024 00:00	13.76	13.9	13.68	13.9	196
26.09.2024 00:00	13.9	14.9	13.72	14.0	1636
27.09.2024 00:00	14.06	14.06	13.72	13.98	215
30.09.2024 00:00	13.98	13.98	13.52	13.74	507
01.10.2024 00:00	13.8	13.8	13.4	13.48	195
02.10.2024 00:00	13.6	13.64	13.4	13.4	269
03.10.2024 00:00	13.56	13.6	13.14	13.58	186
04.10.2024 00:00	13.38	13.58	13.34	13.48	91
07.10.2024 00:00	13.42	13.56	13.02	13.34	360
08.10.2024 00:00	13.22	13.3	13.14	13.24	99
09.10.2024 00:00	13.18	13.22	13.14	13.18	43
10.10.2024 00:00	13.18	13.4	13.16	13.22	88
11.10.2024 00:00	13.22	13.3	13.14	13.24	122
14.10.2024 00:00	13.22	13.26	13.16	13.24	114
15.10.2024 00:00	13.22	14.18	13.22	13.42	581
16.10.2024 00:00	13.4	13.56	13.4	13.48	83
17.10.2024 00:00	13.4	13.4	12.98	13.26	211
18.10.2024 00:00	13.26	13.32	12.98	13.3	379
21.10.2024 00:00	13.3	13.32	13.22	13.26	339
22.10.2024 00:00	13.14	13.16	13.06	13.08	62
23.10.2024 00:00	13.08	13.42	13.06	13.08	111
24.10.2024 00:00	13.1	13.22	13.06	13.08	62
25.10.2024 00:00	13.14	13.14	13.06	13.06	83
28.10.2024 00:00	13.02	13.1	12.34	12.38	330
29.10.2024 00:00	12.46	12.98	12.14	12.4	737
30.10.2024 00:00	12.5	12.5	12.24	12.32	164
31.10.2024 00:00	12.42	12.48	11.58	11.64	494
01.11.2024 00:00	11.74	11.98	11.58	11.74	296
02.11.2024 00:00	11.82	12.1	11.8	11.98	245
05.11.2024 00:00	12.14	12.56	12.02	12.18	326
06.11.2024 00:00	12.48	12.64	12.4	12.48	113
07.11.2024 00:00	12.72	12.72	12.48	12.5	66
08.11.2024 00:00	12.58	12.98	12.58	12.98	254
11.11.2024 00:00	13.02	13.5	12.98	13.3	228
12.11.2024 00:00	13.32	13.52	13.16	13.16	208
13.11.2024 00:00	13.1	13.48	12.98	12.98	193
14.11.2024 00:00	12.98	13.96	12.98	13.64	397
15.11.2024 00:00	13.9	13.9	13.22	13.72	350
18.11.2024 00:00	13.68	13.92	13.4	13.48	282
19.11.2024 00:00	13.56	13.56	12.82	12.88	531
20.11.2024 00:00	12.88	13.06	12.88	13.0	98
21.11.2024 00:00	12.84	12.98	12.48	12.72	303
22.11.2024 00:00	12.9	13.32	12.88	13.06	140
25.11.2024 00:00	13.14	13.48	13.0	13.16	624
26.11.2024 00:00	13.16	13.24	13.16	13.18	436
27.11.2024 00:00	13.14	13.14	12.26	12.96	384
28.11.2024 00:00	12.96	13.14	12.72	12.98	141
29.11.2024 00:00	13.06	13.06	12.66	13.06	172
02.12.2024 00:00	13.06	13.48	12.82	13.42	156
03.12.2024 00:00	13.42	13.42	12.9	13.26	85
04.12.2024 00:00	13.34	14.18	13.1	13.56	296
05.12.2024 00:00	13.32	14.58	13.22	14.58	1252
06.12.2024 00:00	14.22	14.68	14.1	14.64	199
09.12.2024 00:00	14.64	14.68	13.58	14.38	312
10.12.2024 00:00	14.38	14.46	14.16	14.38	298
11.12.2024 00:00	14.18	14.38	14.18	14.34	34
12.12.2024 00:00	14.34	14.48	14.22	14.24	113
13.12.2024 00:00	14.24	14.3	14.16	14.3	186
16.12.2024 00:00	14.24	14.3	13.9	14.08	64
17.12.2024 00:00	14.08	14.1	13.6	14.06	143
18.12.2024 00:00	14.0	14.06	13.64	14.06	95
19.12.2024 00:00	14.06	14.46	13.72	14.26	284
20.12.2024 00:00	14.38	14.88	14.1	14.66	250
23.12.2024 00:00	14.72	15.1	13.9	14.5	482
24.12.2024 00:00	14.5	15.48	14.5	15.02	418
25.12.2024 00:00	15.0	15.02	14.34	14.82	404
26.12.2024 00:00	14.98	15.06	14.72	14.9	82
27.12.2024 00:00	14.82	15.0	14.34	14.9	384
28.12.2024 00:00	14.9	15.08	14.76	15.02	110
30.12.2024 00:00	15.16	15.72	15.1	15.72	577
03.01.2025 00:00	15.1	15.5	15.1	15.5	109
06.01.2025 00:00	15.26	15.26	14.82	15.26	147
08.01.2025 00:00	15.26	15.46	14.9	15.3	162
09.01.2025 00:00	15.42	15.72	15.22	15.4	310
10.01.2025 00:00	15.48	15.72	15.24	15.64	341
13.01.2025 00:00	15.6	15.88	15.5	15.72	192
14.01.2025 00:00	15.8	15.8	15.4	15.56	104
15.01.2025 00:00	15.56	15.64	15.56	15.6	45
16.01.2025 00:00	15.68	15.74	15.56	15.74	63
17.01.2025 00:00	15.58	15.9	15.58	15.72	116
20.01.2025 00:00	15.72	16.66	15.72	16.04	420
21.01.2025 00:00	16.26	16.64	16.06	16.42	226
22.01.2025 00:00	16.3	16.42	16.14	16.34	1348
23.01.2025 00:00	16.2	16.72	16.2	16.56	181
24.01.2025 00:00	16.54	16.68	16.44	16.44	94
27.01.2025 00:00	16.56	16.56	16.26	16.52	151
28.01.2025 00:00	16.28	16.54	15.92	16.28	263
29.01.2025 00:00	16.3	16.3	15.92	16.2	161
30.01.2025 00:00	16.2	16.26	16.04	16.1	68
31.01.2025 00:00	16.22	16.5	16.12	16.22	153
03.02.2025 00:00	16.48	16.48	16.16	16.36	131
04.02.2025 00:00	16.28	16.5	16.28	16.48	123
05.02.2025 00:00	16.36	16.48	16.1	16.46	178
06.02.2025 00:00	16.44	16.44	16.2	16.34	45
07.02.2025 00:00	16.3	16.34	16.22	16.22	15
10.02.2025 00:00	16.36	16.5	16.18	16.18	88
11.02.2025 00:00	16.3	16.3	15.98	16.04	73
12.02.2025 00:00	16.12	16.28	15.9	15.9	147
13.02.2025 00:00	16.28	16.32	15.9	16.3	341
14.02.2025 00:00	16.34	16.42	16.06	16.14	216
17.02.2025 00:00	16.3	16.3	15.92	16.14	305
18.02.2025 00:00	16.1	16.18	15.96	16.12	207
19.02.2025 00:00	16.14	16.14	15.92	16.04	29
20.02.2025 00:00	16.14	16.14	16.04	16.06	289
21.02.2025 00:00	16.14	16.14	15.64	16.1	497
24.02.2025 00:00	16.1	16.3	15.9	16.3	595
25.02.2025 00:00	16.28	16.5	15.96	16.14	633
26.02.2025 00:00	16.5	16.5	16.0	16.06	52
27.02.2025 00:00	16.04	16.42	15.9	15.98	224
28.02.2025 00:00	16.2	16.5	15.98	16.2	173
03.03.2025 00:00	16.2	16.36	15.9	16.14	369
04.03.2025 00:00	16.26	16.3	16.06	16.3	186
05.03.2025 00:00	16.28	16.5	16.22	16.38	239
06.03.2025 00:00	16.38	16.5	16.2	16.38	99
07.03.2025 00:00	16.38	16.46	16.1	16.1	170
10.03.2025 00:00	16.36	16.36	15.9	16.16	165
11.03.2025 00:00	16.14	16.88	16.06	16.88	1154
12.03.2025 00:00	16.86	17.06	16.44	16.44	646
13.03.2025 00:00	16.76	16.98	16.5	16.7	371
14.03.2025 00:00	16.62	16.82	16.54	16.56	146
17.03.2025 00:00	16.8	17.28	16.64	16.8	440
18.03.2025 00:00	16.88	16.94	16.66	16.66	99
19.03.2025 00:00	16.84	16.84	16.56	16.78	163
20.03.2025 00:00	16.72	16.8	16.64	16.64	25
21.03.2025 00:00	16.78	16.98	16.38	16.76	295
24.03.2025 00:00	16.76	16.82	16.44	16.54	132
25.03.2025 00:00	16.46	16.64	16.46	16.48	86
26.03.2025 00:00	16.54	16.6	16.42	16.42	20
27.03.2025 00:00	16.34	16.48	16.12	16.12	219
28.03.2025 00:00	16.14	16.22	15.88	15.98	570
31.03.2025 00:00	15.9	16.48	15.6	16.48	459
01.04.2025 00:00	16.48	16.48	16.3	16.3	188
02.04.2025 00:00	16.36	16.48	16.1	16.1	60
03.04.2025 00:00	16.3	16.36	15.98	16.12	230
04.04.2025 00:00	16.02	16.26	15.66	15.98	326
07.04.2025 00:00	15.3	15.72	13.8	14.82	1918
08.04.2025 00:00	15.26	15.26	14.74	15.16	111
09.04.2025 00:00	15.06	15.06	14.26	14.5	134
10.04.2025 00:00	14.64	15.16	14.64	15.06	139
11.04.2025 00:00	15.08	15.18	14.92	15.1	61
14.04.2025 00:00	15.06	15.56	14.96	15.38	255
15.04.2025 00:00	15.3	15.48	15.3	15.48	83
16.04.2025 00:00	15.48	15.96	15.3	15.68	212
17.04.2025 00:00	15.72	16.28	15.5	15.96	396
18.04.2025 00:00	15.96	15.96	15.22	15.22	235
21.04.2025 00:00	15.22	15.74	15.22	15.72	162
22.04.2025 00:00	15.74	15.76	15.52	15.76	34
23.04.2025 00:00	15.72	15.76	15.56	15.6	52
24.04.2025 00:00	15.6	15.76	15.58	15.76	47
25.04.2025 00:00	15.72	16.46	15.72	16.26	437
28.04.2025 00:00	16.38	16.56	16.26	16.34	291
29.04.2025 00:00	16.46	16.46	15.9	15.9	91
30.04.2025 00:00	15.9	16.28	15.4	15.82	597
02.05.2025 00:00	16.12	16.32	15.98	16.32	113
05.05.2025 00:00	16.84	17.48	16.5	16.78	935
06.05.2025 00:00	17.14	17.78	16.82	17.32	503
07.05.2025 00:00	17.34	17.48	17.1	17.38	230
08.05.2025 00:00	17.38	17.86	17.36	17.6	390
12.05.2025 00:00	17.62	18.16	17.32	17.64	698
13.05.2025 00:00	17.8	18.06	17.64	18.06	521
14.05.2025 00:00	18.06	18.6	18.02	18.52	1003
15.05.2025 00:00	18.54	18.78	18.54	18.72	456
16.05.2025 00:00	18.8	18.98	18.32	18.5	501
19.05.2025 00:00	18.78	19.92	18.78	19.66	2322
20.05.2025 00:00	19.66	19.66	19.38	19.5	1377
21.05.2025 00:00	19.62	19.84	19.02	19.56	543
22.05.2025 00:00	19.62	19.68	19.6	19.64	615
