datetime	open	high	low	close	volume
09.03.2018 00:00	0.46	0.46	0.455	0.455	10
13.03.2018 00:00	0.46	0.46	0.455	0.46	3
15.03.2018 00:00	0.455	0.455	0.45	0.45	21
16.03.2018 00:00	0.45	0.45	0.45	0.45	11
20.03.2018 00:00	0.45	0.45	0.435	0.45	67
21.03.2018 00:00	0.45	0.45	0.45	0.45	4
27.03.2018 00:00	0.45	0.45	0.45	0.45	21
02.04.2018 00:00	0.44	0.44	0.44	0.44	14
04.04.2018 00:00	0.44	0.465	0.44	0.45	140
09.04.2018 00:00	0.44	0.44	0.43	0.435	5
10.04.2018 00:00	0.43	0.43	0.405	0.42	35
11.04.2018 00:00	0.42	0.425	0.42	0.42	1
12.04.2018 00:00	0.41000000000000003	0.425	0.41000000000000003	0.41500000000000004	2
13.04.2018 00:00	0.42	0.425	0.405	0.42	572
16.04.2018 00:00	0.425	0.425	0.425	0.425	10
17.04.2018 00:00	0.41500000000000004	0.41500000000000004	0.41000000000000003	0.41500000000000004	596
18.04.2018 00:00	0.41500000000000004	0.41500000000000004	0.41000000000000003	0.41000000000000003	63
20.04.2018 00:00	0.41000000000000003	0.41000000000000003	0.41000000000000003	0.41000000000000003	3
24.04.2018 00:00	0.405	0.47500000000000003	0.36	0.405	134
25.04.2018 00:00	0.41500000000000004	0.465	0.41000000000000003	0.46	144
26.04.2018 00:00	0.46	0.46	0.405	0.41000000000000003	65
27.04.2018 00:00	0.41500000000000004	0.41500000000000004	0.41500000000000004	0.41500000000000004	56
28.04.2018 00:00	0.435	0.435	0.435	0.435	1
03.05.2018 00:00	0.44	0.45	0.405	0.435	5
04.05.2018 00:00	0.435	0.45	0.435	0.45	3
07.05.2018 00:00	0.45	0.49	0.435	0.45	42
08.05.2018 00:00	0.49	0.49	0.42	0.45	62
10.05.2018 00:00	0.45	0.48	0.435	0.45	7
11.05.2018 00:00	0.48	0.48	0.45	0.455	5
14.05.2018 00:00	0.42	0.425	0.42	0.42	112
15.05.2018 00:00	0.425	0.425	0.41500000000000004	0.425	56
16.05.2018 00:00	0.42	0.425	0.42	0.42	3
17.05.2018 00:00	0.42	0.42	0.42	0.42	2
22.05.2018 00:00	0.41500000000000004	0.425	0.41500000000000004	0.42	3
23.05.2018 00:00	0.42	0.43	0.42	0.42	162
24.05.2018 00:00	0.43	0.43	0.41500000000000004	0.41500000000000004	9
25.05.2018 00:00	0.41000000000000003	0.43	0.41000000000000003	0.425	36
28.05.2018 00:00	0.425	0.43	0.425	0.43	2
29.05.2018 00:00	0.425	0.465	0.405	0.41000000000000003	61
30.05.2018 00:00	0.41000000000000003	0.41000000000000003	0.405	0.405	343
31.05.2018 00:00	0.41000000000000003	0.42	0.405	0.41500000000000004	68
01.06.2018 00:00	0.41000000000000003	0.435	0.405	0.41000000000000003	24
04.06.2018 00:00	0.425	0.425	0.41500000000000004	0.41500000000000004	5
05.06.2018 00:00	0.405	0.42	0.405	0.405	22
06.06.2018 00:00	0.41000000000000003	0.41500000000000004	0.41000000000000003	0.41500000000000004	665
07.06.2018 00:00	0.405	0.41500000000000004	0.405	0.41500000000000004	37
08.06.2018 00:00	0.41500000000000004	0.41500000000000004	0.4	0.41500000000000004	893
09.06.2018 00:00	0.405	0.405	0.405	0.405	18
11.06.2018 00:00	0.405	0.405	0.4	0.405	13
13.06.2018 00:00	0.405	0.405	0.4	0.4	12
14.06.2018 00:00	0.405	0.405	0.405	0.405	20
15.06.2018 00:00	0.405	0.405	0.4	0.405	12
19.06.2018 00:00	0.4	0.4	0.4	0.4	1
20.06.2018 00:00	0.4	0.4	0.4	0.4	5
21.06.2018 00:00	0.405	0.405	0.405	0.405	5
22.06.2018 00:00	0.405	0.405	0.405	0.405	1
26.06.2018 00:00	0.4	0.4	0.4	0.4	1
28.06.2018 00:00	0.405	0.405	0.4	0.405	30
29.06.2018 00:00	0.395	0.395	0.395	0.395	5
02.07.2018 00:00	0.395	0.4	0.395	0.4	11
03.07.2018 00:00	0.4	0.4	0.4	0.4	11
05.07.2018 00:00	0.4	0.405	0.4	0.4	6
06.07.2018 00:00	0.395	0.4	0.395	0.4	2
09.07.2018 00:00	0.4	0.4	0.4	0.4	4
10.07.2018 00:00	0.4	0.4	0.4	0.4	3
12.07.2018 00:00	0.405	0.405	0.4	0.4	26
13.07.2018 00:00	0.405	0.405	0.405	0.405	2
16.07.2018 00:00	0.405	0.405	0.4	0.4	10
17.07.2018 00:00	0.4	0.41000000000000003	0.4	0.41000000000000003	33
18.07.2018 00:00	0.405	0.41000000000000003	0.405	0.41000000000000003	45
19.07.2018 00:00	0.405	0.405	0.405	0.405	2
23.07.2018 00:00	0.41000000000000003	0.41000000000000003	0.405	0.41000000000000003	6
26.07.2018 00:00	0.41000000000000003	0.41500000000000004	0.41000000000000003	0.41000000000000003	29
27.07.2018 00:00	0.47500000000000003	0.47500000000000003	0.41000000000000003	0.43	322
30.07.2018 00:00	0.45	0.45	0.425	0.425	22
31.07.2018 00:00	0.41500000000000004	0.42	0.41500000000000004	0.41500000000000004	43
01.08.2018 00:00	0.42	0.46	0.42	0.435	170
02.08.2018 00:00	0.425	0.43	0.425	0.43	26
03.08.2018 00:00	0.425	0.43	0.42	0.43	20
06.08.2018 00:00	0.425	0.43	0.425	0.43	10
07.08.2018 00:00	0.43	0.47000000000000003	0.425	0.455	401
08.08.2018 00:00	0.45	0.455	0.44	0.45	114
09.08.2018 00:00	0.45	0.46	0.45	0.45	133
10.08.2018 00:00	0.45	0.455	0.45	0.45	147
13.08.2018 00:00	0.46	0.465	0.45	0.455	26
14.08.2018 00:00	0.455	0.455	0.45	0.455	9
15.08.2018 00:00	0.455	0.455	0.45	0.45	28
17.08.2018 00:00	0.44	0.455	0.44	0.455	6
20.08.2018 00:00	0.45	0.45	0.45	0.45	7
21.08.2018 00:00	0.45	0.45	0.45	0.45	6
22.08.2018 00:00	0.44	0.44	0.44	0.44	3
23.08.2018 00:00	0.45	0.45	0.435	0.435	53
24.08.2018 00:00	0.45	0.465	0.44	0.45	31
27.08.2018 00:00	0.45	0.45	0.44	0.45	5
28.08.2018 00:00	0.465	0.465	0.435	0.45	4
29.08.2018 00:00	0.435	0.435	0.43	0.43	10
30.08.2018 00:00	0.43	0.44	0.425	0.435	15
31.08.2018 00:00	0.43	0.43	0.43	0.43	1
03.09.2018 00:00	0.45	0.45	0.45	0.45	1
04.09.2018 00:00	0.45	0.45	0.45	0.45	2
05.09.2018 00:00	0.45	0.45	0.45	0.45	27
10.09.2018 00:00	0.42	0.425	0.42	0.425	24
12.09.2018 00:00	0.425	0.425	0.425	0.425	8
13.09.2018 00:00	0.42	0.425	0.42	0.425	3
14.09.2018 00:00	0.43	0.43	0.425	0.425	17
17.09.2018 00:00	0.425	0.425	0.42	0.425	7
18.09.2018 00:00	0.425	0.43	0.41500000000000004	0.425	9
19.09.2018 00:00	0.425	0.47000000000000003	0.41500000000000004	0.41500000000000004	904
20.09.2018 00:00	0.41500000000000004	0.425	0.41500000000000004	0.425	12
21.09.2018 00:00	0.425	0.425	0.425	0.425	5
24.09.2018 00:00	0.425	0.425	0.42	0.42	4
25.09.2018 00:00	0.425	0.425	0.425	0.425	4
26.09.2018 00:00	0.43	0.43	0.43	0.43	2
28.09.2018 00:00	0.42	0.43	0.405	0.41500000000000004	25
01.10.2018 00:00	0.43	0.46	0.43	0.455	297
02.10.2018 00:00	0.41000000000000003	0.58	0.41000000000000003	0.53	5465
03.10.2018 00:00	0.5750000000000001	0.735	0.5750000000000001	0.735	1935
04.10.2018 00:00	0.81	1.03	0.5750000000000001	0.63	19515
05.10.2018 00:00	0.665	0.68	0.53	0.55	2453
08.10.2018 00:00	0.545	0.62	0.52	0.525	3314
09.10.2018 00:00	0.515	0.52	0.495	0.5	743
10.10.2018 00:00	0.515	0.54	0.495	0.495	386
11.10.2018 00:00	0.505	0.525	0.48	0.49	883
12.10.2018 00:00	0.495	0.5	0.485	0.495	94
15.10.2018 00:00	0.485	0.64	0.485	0.5750000000000001	7019
16.10.2018 00:00	0.61	0.615	0.52	0.52	2079
17.10.2018 00:00	0.53	0.535	0.495	0.505	1283
18.10.2018 00:00	0.49	0.5650000000000001	0.485	0.52	2158
19.10.2018 00:00	0.53	0.545	0.485	0.495	1374
22.10.2018 00:00	0.5	0.515	0.47500000000000003	0.5	610
23.10.2018 00:00	0.5	0.5	0.495	0.5	82
24.10.2018 00:00	0.495	0.5	0.485	0.5	139
25.10.2018 00:00	0.49	0.5	0.485	0.495	311
26.10.2018 00:00	0.495	0.515	0.485	0.495	514
29.10.2018 00:00	0.495	0.5	0.495	0.495	132
30.10.2018 00:00	0.49	0.495	0.49	0.49	74
31.10.2018 00:00	0.495	0.495	0.485	0.49	236
01.11.2018 00:00	0.5	0.505	0.49	0.495	113
02.11.2018 00:00	0.5	0.505	0.465	0.47500000000000003	439
06.11.2018 00:00	0.48	0.5	0.48	0.485	63
07.11.2018 00:00	0.485	0.495	0.48	0.49	111
08.11.2018 00:00	0.49	0.495	0.485	0.485	35
09.11.2018 00:00	0.485	0.485	0.47500000000000003	0.47500000000000003	157
12.11.2018 00:00	0.48	0.49	0.455	0.465	255
13.11.2018 00:00	0.465	0.48	0.465	0.47000000000000003	41
14.11.2018 00:00	0.47500000000000003	0.59	0.465	0.505	2632
15.11.2018 00:00	0.52	0.52	0.49	0.495	755
16.11.2018 00:00	0.495	0.5	0.495	0.495	46
19.11.2018 00:00	0.5	0.5	0.495	0.5	14
20.11.2018 00:00	0.5	0.505	0.485	0.495	153
21.11.2018 00:00	0.49	0.49	0.48	0.49	85
22.11.2018 00:00	0.485	0.49	0.45	0.48	674
23.11.2018 00:00	0.48	0.485	0.47000000000000003	0.485	147
26.11.2018 00:00	0.47500000000000003	0.47500000000000003	0.425	0.47500000000000003	110
27.11.2018 00:00	0.47500000000000003	0.495	0.47500000000000003	0.485	346
28.11.2018 00:00	0.485	0.485	0.465	0.485	53
29.11.2018 00:00	0.485	0.485	0.47000000000000003	0.48	62
30.11.2018 00:00	0.47500000000000003	0.48	0.47000000000000003	0.47500000000000003	12
03.12.2018 00:00	0.48	0.48	0.48	0.48	1
04.12.2018 00:00	0.47500000000000003	0.48	0.47000000000000003	0.48	33
05.12.2018 00:00	0.48	0.48	0.47000000000000003	0.47500000000000003	18
06.12.2018 00:00	0.48	0.48	0.465	0.47000000000000003	9
07.12.2018 00:00	0.47000000000000003	0.47500000000000003	0.47000000000000003	0.47500000000000003	8
10.12.2018 00:00	0.47500000000000003	0.47500000000000003	0.465	0.47500000000000003	8
11.12.2018 00:00	0.465	0.47000000000000003	0.465	0.47000000000000003	86
12.12.2018 00:00	0.465	0.47000000000000003	0.465	0.465	12
13.12.2018 00:00	0.465	0.465	0.465	0.465	25
14.12.2018 00:00	0.47000000000000003	0.525	0.465	0.515	551
17.12.2018 00:00	0.495	0.495	0.485	0.485	47
18.12.2018 00:00	0.5	0.5	0.485	0.49	22
19.12.2018 00:00	0.49	0.49	0.48	0.49	18
20.12.2018 00:00	0.47500000000000003	0.485	0.47000000000000003	0.47000000000000003	20
21.12.2018 00:00	0.47500000000000003	0.49	0.47500000000000003	0.485	36
24.12.2018 00:00	0.49	0.49	0.48	0.48	14
26.12.2018 00:00	0.48	0.485	0.48	0.485	17
27.12.2018 00:00	0.495	0.505	0.48	0.48	35
28.12.2018 00:00	0.485	0.485	0.47500000000000003	0.47500000000000003	14
29.12.2018 00:00	0.47500000000000003	0.47500000000000003	0.47500000000000003	0.47500000000000003	1
03.01.2019 00:00	0.48	0.48	0.48	0.48	10
04.01.2019 00:00	0.47500000000000003	0.49	0.47500000000000003	0.48	7
08.01.2019 00:00	0.49	0.53	0.49	0.505	493
09.01.2019 00:00	0.505	0.515	0.495	0.495	14
10.01.2019 00:00	0.485	0.495	0.47500000000000003	0.49	98
11.01.2019 00:00	0.47500000000000003	0.495	0.47500000000000003	0.495	4
14.01.2019 00:00	0.47500000000000003	0.495	0.47500000000000003	0.495	116
15.01.2019 00:00	0.47500000000000003	0.49	0.47500000000000003	0.49	91
16.01.2019 00:00	0.495	0.495	0.465	0.47500000000000003	218
17.01.2019 00:00	0.47500000000000003	0.485	0.47500000000000003	0.485	8
18.01.2019 00:00	0.485	0.485	0.485	0.485	2
22.01.2019 00:00	0.48	0.48	0.48	0.48	1
23.01.2019 00:00	0.47500000000000003	0.49	0.47500000000000003	0.485	86
24.01.2019 00:00	0.49	0.685	0.485	0.685	6899
25.01.2019 00:00	0.745	0.9	0.53	0.56	17951
28.01.2019 00:00	0.5650000000000001	0.64	0.54	0.59	2806
29.01.2019 00:00	0.61	0.61	0.53	0.55	1476
30.01.2019 00:00	0.55	0.56	0.52	0.535	893
31.01.2019 00:00	0.54	0.625	0.53	0.555	5035
01.02.2019 00:00	0.5700000000000001	0.66	0.555	0.5750000000000001	4525
04.02.2019 00:00	0.5700000000000001	0.585	0.5650000000000001	0.5650000000000001	409
05.02.2019 00:00	0.5650000000000001	0.5750000000000001	0.555	0.5700000000000001	223
06.02.2019 00:00	0.585	0.79	0.55	0.67	12701
07.02.2019 00:00	0.67	0.71	0.6	0.62	2579
08.02.2019 00:00	0.6	0.625	0.56	0.58	2331
11.02.2019 00:00	0.5650000000000001	0.595	0.56	0.5700000000000001	635
12.02.2019 00:00	0.5750000000000001	0.5750000000000001	0.5700000000000001	0.5750000000000001	179
13.02.2019 00:00	0.5750000000000001	0.5750000000000001	0.56	0.5750000000000001	269
14.02.2019 00:00	0.5700000000000001	0.615	0.55	0.5650000000000001	1548
15.02.2019 00:00	0.5650000000000001	0.5750000000000001	0.55	0.5650000000000001	164
18.02.2019 00:00	0.56	0.67	0.56	0.5700000000000001	1446
19.02.2019 00:00	0.5650000000000001	0.58	0.56	0.56	119
20.02.2019 00:00	0.5650000000000001	0.58	0.56	0.5700000000000001	75
21.02.2019 00:00	0.56	0.605	0.56	0.58	430
22.02.2019 00:00	0.5750000000000001	0.615	0.5650000000000001	0.58	848
25.02.2019 00:00	0.585	0.595	0.5700000000000001	0.5750000000000001	172
26.02.2019 00:00	0.5750000000000001	0.64	0.5650000000000001	0.5750000000000001	385
27.02.2019 00:00	0.5750000000000001	0.58	0.5650000000000001	0.5750000000000001	92
28.02.2019 00:00	0.5650000000000001	0.5750000000000001	0.5650000000000001	0.5750000000000001	36
01.03.2019 00:00	0.5750000000000001	0.5750000000000001	0.56	0.5700000000000001	239
04.03.2019 00:00	0.5700000000000001	0.63	0.5650000000000001	0.6	3401
05.03.2019 00:00	0.595	0.66	0.59	0.64	2208
06.03.2019 00:00	0.625	0.625	0.5750000000000001	0.62	333
07.03.2019 00:00	0.62	0.63	0.58	0.605	1032
11.03.2019 00:00	0.595	0.63	0.59	0.6	439
12.03.2019 00:00	0.615	0.6900000000000001	0.61	0.645	1916
13.03.2019 00:00	0.605	0.655	0.595	0.655	380
14.03.2019 00:00	0.655	0.675	0.62	0.645	341
15.03.2019 00:00	0.645	0.905	0.62	0.905	12349
18.03.2019 00:00	0.9450000000000001	1.2650000000000001	0.8150000000000001	0.975	18259
19.03.2019 00:00	0.985	1.29	0.985	1.07	9267
20.03.2019 00:00	1.08	1.3900000000000001	1.08	1.185	8818
21.03.2019 00:00	1.225	1.29	1.08	1.1400000000000001	1644
22.03.2019 00:00	1.12	1.12	0.99	1.01	630
25.03.2019 00:00	1.0150000000000001	1.0150000000000001	0.905	0.935	499
26.03.2019 00:00	0.93	1.245	0.9	1.12	6681
27.03.2019 00:00	1.125	1.225	0.9	0.915	8663
28.03.2019 00:00	0.905	0.935	0.8300000000000001	0.875	1919
29.03.2019 00:00	0.9	0.935	0.85	0.89	729
01.04.2019 00:00	0.905	0.935	0.8300000000000001	0.87	1050
02.04.2019 00:00	0.885	0.915	0.81	0.86	581
03.04.2019 00:00	0.88	0.88	0.845	0.865	131
04.04.2019 00:00	0.845	0.855	0.8200000000000001	0.8250000000000001	412
05.04.2019 00:00	0.8300000000000001	0.87	0.8200000000000001	0.835	448
08.04.2019 00:00	0.835	0.97	0.8300000000000001	0.89	3890
09.04.2019 00:00	0.87	0.875	0.845	0.85	326
10.04.2019 00:00	0.855	0.865	0.835	0.835	62
11.04.2019 00:00	0.835	0.835	0.81	0.835	264
12.04.2019 00:00	0.855	0.855	0.81	0.8300000000000001	114
15.04.2019 00:00	0.835	0.85	0.81	0.8150000000000001	127
16.04.2019 00:00	0.8150000000000001	0.8150000000000001	0.81	0.8150000000000001	38
17.04.2019 00:00	0.8150000000000001	0.8250000000000001	0.81	0.8200000000000001	125
18.04.2019 00:00	0.81	0.8200000000000001	0.81	0.8200000000000001	18
19.04.2019 00:00	0.81	1.1	0.81	0.97	3579
22.04.2019 00:00	0.995	1.09	0.88	0.91	2229
23.04.2019 00:00	0.91	0.93	0.885	0.915	228
24.04.2019 00:00	0.915	0.93	0.88	0.9	92
25.04.2019 00:00	0.905	0.935	0.88	0.91	134
26.04.2019 00:00	0.915	0.915	0.88	0.885	155
29.04.2019 00:00	0.9	0.93	0.885	0.915	189
30.04.2019 00:00	0.905	0.925	0.905	0.905	61
02.05.2019 00:00	0.92	0.935	0.89	0.93	63
03.05.2019 00:00	0.965	0.965	0.92	0.935	137
06.05.2019 00:00	0.935	0.935	0.915	0.93	250
07.05.2019 00:00	0.925	0.995	0.92	0.975	1298
08.05.2019 00:00	0.98	0.985	0.93	0.9550000000000001	871
10.05.2019 00:00	0.9450000000000001	0.97	0.9450000000000001	0.96	189
13.05.2019 00:00	0.96	0.985	0.9500000000000001	0.975	185
14.05.2019 00:00	0.965	1.175	0.89	0.91	7490
15.05.2019 00:00	0.935	0.935	0.89	0.915	678
16.05.2019 00:00	0.91	0.935	0.91	0.935	905
17.05.2019 00:00	0.935	0.9400000000000001	0.915	0.93	198
20.05.2019 00:00	0.925	0.93	0.92	0.93	264
21.05.2019 00:00	0.93	0.935	0.925	0.93	134
22.05.2019 00:00	0.93	1.0050000000000001	0.93	0.9450000000000001	982
23.05.2019 00:00	0.96	0.965	0.9450000000000001	0.96	91
24.05.2019 00:00	0.965	0.99	0.965	0.99	358
27.05.2019 00:00	0.995	1.1	0.99	1.03	1296
28.05.2019 00:00	1.03	1.08	1.0150000000000001	1.07	679
29.05.2019 00:00	1.08	1.09	1.05	1.07	651
30.05.2019 00:00	1.08	1.11	1.04	1.05	1753
31.05.2019 00:00	0.97	0.995	0.81	0.9450000000000001	1201
03.06.2019 00:00	0.9400000000000001	0.9400000000000001	0.865	0.88	692
04.06.2019 00:00	0.865	0.91	0.845	0.855	334
05.06.2019 00:00	0.85	0.855	0.845	0.845	268
06.06.2019 00:00	0.845	0.845	0.8200000000000001	0.835	140
07.06.2019 00:00	0.85	0.85	0.81	0.81	302
10.06.2019 00:00	0.81	0.925	0.81	0.855	573
11.06.2019 00:00	0.865	0.88	0.865	0.875	122
13.06.2019 00:00	0.855	0.875	0.855	0.855	87
14.06.2019 00:00	0.87	0.885	0.845	0.885	246
17.06.2019 00:00	0.875	0.875	0.865	0.875	223
18.06.2019 00:00	0.85	0.875	0.835	0.875	348
19.06.2019 00:00	0.875	0.875	0.85	0.87	44
20.06.2019 00:00	0.84	0.87	0.84	0.865	89
21.06.2019 00:00	0.855	0.86	0.84	0.855	40
24.06.2019 00:00	0.85	0.87	0.845	0.85	113
25.06.2019 00:00	0.86	0.875	0.835	0.87	179
26.06.2019 00:00	0.865	0.865	0.8250000000000001	0.86	74
27.06.2019 00:00	0.84	0.86	0.84	0.86	93
28.06.2019 00:00	0.86	0.86	0.84	0.86	38
01.07.2019 00:00	0.845	0.865	0.845	0.85	85
02.07.2019 00:00	0.84	0.86	0.84	0.855	49
03.07.2019 00:00	0.86	0.865	0.685	0.84	1032
04.07.2019 00:00	0.845	1.03	0.805	0.92	5451
05.07.2019 00:00	0.92	0.9550000000000001	0.91	0.91	255
08.07.2019 00:00	0.905	0.905	0.86	0.87	275
09.07.2019 00:00	0.9	0.93	0.855	0.875	510
10.07.2019 00:00	0.875	0.91	0.875	0.885	140
11.07.2019 00:00	0.87	0.91	0.81	0.865	272
12.07.2019 00:00	0.865	0.87	0.8300000000000001	0.865	293
15.07.2019 00:00	0.865	0.87	0.86	0.865	78
16.07.2019 00:00	0.86	0.875	0.8150000000000001	0.8150000000000001	615
17.07.2019 00:00	0.8150000000000001	0.835	0.78	0.8200000000000001	698
18.07.2019 00:00	0.8200000000000001	0.8200000000000001	0.745	0.78	743
19.07.2019 00:00	0.78	0.79	0.735	0.74	635
22.07.2019 00:00	0.775	0.78	0.715	0.725	564
23.07.2019 00:00	0.74	0.74	0.6950000000000001	0.705	463
24.07.2019 00:00	0.705	0.72	0.67	0.675	616
25.07.2019 00:00	0.68	0.75	0.665	0.685	2165
26.07.2019 00:00	0.6900000000000001	0.6900000000000001	0.655	0.665	1174
29.07.2019 00:00	0.67	0.71	0.645	0.65	1426
30.07.2019 00:00	0.66	0.665	0.62	0.63	1425
31.07.2019 00:00	0.615	0.64	0.605	0.615	1296
01.08.2019 00:00	0.61	0.625	0.6	0.61	844
02.08.2019 00:00	0.605	0.615	0.595	0.605	485
05.08.2019 00:00	0.615	0.615	0.58	0.585	714
06.08.2019 00:00	0.585	0.595	0.58	0.58	522
07.08.2019 00:00	0.585	0.685	0.585	0.665	6016
08.08.2019 00:00	0.68	0.715	0.655	0.68	2777
09.08.2019 00:00	0.685	0.6950000000000001	0.615	0.62	1794
12.08.2019 00:00	0.63	0.63	0.59	0.595	2103
13.08.2019 00:00	0.585	0.6	0.5750000000000001	0.5750000000000001	945
14.08.2019 00:00	0.58	0.585	0.56	0.5750000000000001	674
15.08.2019 00:00	0.5750000000000001	0.5750000000000001	0.555	0.555	492
16.08.2019 00:00	0.5650000000000001	0.5750000000000001	0.555	0.555	263
19.08.2019 00:00	0.555	0.595	0.55	0.5650000000000001	1690
20.08.2019 00:00	0.5650000000000001	0.65	0.56	0.5750000000000001	6711
21.08.2019 00:00	0.58	0.59	0.56	0.5750000000000001	865
22.08.2019 00:00	0.5750000000000001	0.6	0.56	0.6	957
23.08.2019 00:00	0.61	0.625	0.58	0.6	1277
26.08.2019 00:00	0.605	0.625	0.585	0.595	386
27.08.2019 00:00	0.61	0.615	0.585	0.6	345
28.08.2019 00:00	0.6	0.63	0.585	0.595	516
29.08.2019 00:00	0.595	0.65	0.595	0.6	2892
30.08.2019 00:00	0.61	0.61	0.595	0.6	520
02.09.2019 00:00	0.6	0.61	0.6	0.6	170
03.09.2019 00:00	0.605	0.605	0.595	0.6	335
04.09.2019 00:00	0.6	0.61	0.59	0.595	609
05.09.2019 00:00	0.6	0.605	0.585	0.595	810
06.09.2019 00:00	0.59	0.595	0.585	0.59	290
09.09.2019 00:00	0.595	0.6	0.55	0.5750000000000001	1398
10.09.2019 00:00	0.58	0.58	0.5750000000000001	0.5750000000000001	482
11.09.2019 00:00	0.5700000000000001	0.58	0.5700000000000001	0.58	264
12.09.2019 00:00	0.58	0.58	0.58	0.58	484
13.09.2019 00:00	0.58	0.585	0.58	0.585	412
16.09.2019 00:00	0.585	0.6	0.585	0.6	6310
17.09.2019 00:00	0.605	0.61	0.5750000000000001	0.585	1909
18.09.2019 00:00	0.585	0.6	0.58	0.58	692
19.09.2019 00:00	0.58	0.615	0.58	0.595	1670
20.09.2019 00:00	0.6	0.6	0.585	0.595	261
23.09.2019 00:00	0.595	0.605	0.59	0.605	326
24.09.2019 00:00	0.6	0.62	0.595	0.605	772
25.09.2019 00:00	0.605	0.615	0.59	0.595	823
26.09.2019 00:00	0.595	0.595	0.58	0.595	246
27.09.2019 00:00	0.595	0.605	0.595	0.6	419
30.09.2019 00:00	0.6	0.605	0.595	0.6	238
01.10.2019 00:00	0.6	0.605	0.595	0.6	75
02.10.2019 00:00	0.605	0.605	0.595	0.595	254
03.10.2019 00:00	0.595	0.6	0.58	0.595	466
04.10.2019 00:00	0.59	0.6	0.55	0.555	1806
07.10.2019 00:00	0.56	0.5750000000000001	0.56	0.5700000000000001	612
08.10.2019 00:00	0.5700000000000001	0.58	0.56	0.5750000000000001	448
09.10.2019 00:00	0.5700000000000001	0.58	0.5700000000000001	0.5750000000000001	235
10.10.2019 00:00	0.5750000000000001	0.58	0.5650000000000001	0.58	121
11.10.2019 00:00	0.58	0.58	0.5700000000000001	0.5750000000000001	100
14.10.2019 00:00	0.5750000000000001	0.58	0.5750000000000001	0.5750000000000001	32
15.10.2019 00:00	0.5750000000000001	0.5750000000000001	0.5750000000000001	0.5750000000000001	53
16.10.2019 00:00	0.58	0.59	0.5750000000000001	0.59	298
17.10.2019 00:00	0.585	0.595	0.585	0.59	115
18.10.2019 00:00	0.595	0.595	0.585	0.585	55
21.10.2019 00:00	0.585	0.61	0.585	0.59	690
22.10.2019 00:00	0.59	0.605	0.59	0.595	218
23.10.2019 00:00	0.595	0.6	0.59	0.59	293
24.10.2019 00:00	0.59	0.6	0.58	0.585	191
25.10.2019 00:00	0.585	0.605	0.5750000000000001	0.6	370
28.10.2019 00:00	0.595	0.605	0.59	0.605	506
29.10.2019 00:00	0.605	0.61	0.59	0.59	277
30.10.2019 00:00	0.595	0.6	0.59	0.59	209
31.10.2019 00:00	0.59	0.605	0.585	0.6	520
01.11.2019 00:00	0.595	0.605	0.595	0.595	457
05.11.2019 00:00	0.595	0.6	0.595	0.595	349
06.11.2019 00:00	0.595	0.595	0.59	0.595	157
07.11.2019 00:00	0.59	0.595	0.56	0.59	206
08.11.2019 00:00	0.59	0.59	0.5750000000000001	0.585	125
11.11.2019 00:00	0.585	0.585	0.58	0.58	63
12.11.2019 00:00	0.59	0.595	0.5750000000000001	0.585	405
13.11.2019 00:00	0.58	0.6	0.5650000000000001	0.59	576
14.11.2019 00:00	0.59	0.595	0.58	0.58	302
15.11.2019 00:00	0.58	0.58	0.5750000000000001	0.58	291
18.11.2019 00:00	0.58	0.585	0.5750000000000001	0.58	92
19.11.2019 00:00	0.58	0.58	0.56	0.5750000000000001	479
20.11.2019 00:00	0.5750000000000001	0.58	0.5700000000000001	0.5750000000000001	129
21.11.2019 00:00	0.5700000000000001	0.585	0.5700000000000001	0.585	734
22.11.2019 00:00	0.58	0.585	0.5700000000000001	0.5750000000000001	203
25.11.2019 00:00	0.58	0.58	0.5750000000000001	0.5750000000000001	61
26.11.2019 00:00	0.5750000000000001	0.585	0.5750000000000001	0.58	31
27.11.2019 00:00	0.585	0.585	0.5700000000000001	0.58	197
28.11.2019 00:00	0.5750000000000001	0.58	0.5650000000000001	0.5750000000000001	114
29.11.2019 00:00	0.58	0.58	0.5700000000000001	0.58	128
02.12.2019 00:00	0.58	0.585	0.5750000000000001	0.58	33
03.12.2019 00:00	0.585	0.595	0.5750000000000001	0.585	436
04.12.2019 00:00	0.58	0.63	0.58	0.62	1635
05.12.2019 00:00	0.615	0.615	0.595	0.605	440
06.12.2019 00:00	0.6	0.615	0.6	0.61	336
09.12.2019 00:00	0.615	0.625	0.6	0.615	302
10.12.2019 00:00	0.615	0.615	0.595	0.595	318
11.12.2019 00:00	0.595	0.6	0.59	0.595	94
12.12.2019 00:00	0.595	0.61	0.585	0.6	877
13.12.2019 00:00	0.595	0.595	0.59	0.595	34
16.12.2019 00:00	0.59	0.595	0.585	0.595	111
17.12.2019 00:00	0.6	0.6	0.5750000000000001	0.58	1293
18.12.2019 00:00	0.585	0.59	0.585	0.585	56
19.12.2019 00:00	0.59	0.6	0.59	0.59	176
20.12.2019 00:00	0.595	0.595	0.59	0.595	52
23.12.2019 00:00	0.6	0.6	0.58	0.585	178
24.12.2019 00:00	0.59	0.59	0.58	0.58	253
25.12.2019 00:00	0.585	0.595	0.58	0.58	193
26.12.2019 00:00	0.58	0.585	0.58	0.58	395
27.12.2019 00:00	0.58	0.59	0.58	0.585	271
30.12.2019 00:00	0.585	0.595	0.58	0.585	65
03.01.2020 00:00	0.59	0.59	0.585	0.59	26
06.01.2020 00:00	0.59	0.595	0.5750000000000001	0.585	254
08.01.2020 00:00	0.585	0.595	0.585	0.59	135
09.01.2020 00:00	0.595	0.61	0.59	0.605	542
10.01.2020 00:00	0.61	0.71	0.6	0.615	5198
13.01.2020 00:00	0.61	0.68	0.61	0.66	2571
14.01.2020 00:00	0.66	0.675	0.64	0.645	998
15.01.2020 00:00	0.655	0.745	0.65	0.685	8799
16.01.2020 00:00	0.685	0.735	0.675	0.6900000000000001	2840
17.01.2020 00:00	0.6900000000000001	0.6950000000000001	0.68	0.685	1129
20.01.2020 00:00	0.68	0.74	0.68	0.73	2750
21.01.2020 00:00	0.73	0.745	0.725	0.74	1872
22.01.2020 00:00	0.74	0.755	0.685	0.705	2647
23.01.2020 00:00	0.705	0.705	0.68	0.6950000000000001	836
24.01.2020 00:00	0.7000000000000001	0.735	0.6950000000000001	0.705	1784
27.01.2020 00:00	0.705	0.715	0.685	0.6900000000000001	1138
28.01.2020 00:00	0.6900000000000001	0.6900000000000001	0.685	0.685	1037
29.01.2020 00:00	0.685	0.725	0.685	0.6900000000000001	1382
30.01.2020 00:00	0.6900000000000001	0.71	0.685	0.685	726
31.01.2020 00:00	0.685	0.705	0.685	0.685	514
03.02.2020 00:00	0.685	0.705	0.685	0.6950000000000001	643
04.02.2020 00:00	0.6900000000000001	0.715	0.6900000000000001	0.6950000000000001	445
05.02.2020 00:00	0.705	0.715	0.6900000000000001	0.6950000000000001	562
06.02.2020 00:00	0.6950000000000001	0.715	0.6950000000000001	0.7000000000000001	349
07.02.2020 00:00	0.71	0.71	0.7000000000000001	0.71	75
10.02.2020 00:00	0.71	0.715	0.705	0.705	266
11.02.2020 00:00	0.715	0.74	0.71	0.735	1197
12.02.2020 00:00	0.74	0.75	0.715	0.73	639
13.02.2020 00:00	0.73	0.745	0.725	0.73	147
14.02.2020 00:00	0.725	0.75	0.725	0.74	522
17.02.2020 00:00	0.74	0.76	0.725	0.745	819
18.02.2020 00:00	0.745	0.78	0.735	0.74	842
19.02.2020 00:00	0.75	0.76	0.74	0.75	253
20.02.2020 00:00	0.745	0.76	0.745	0.745	632
21.02.2020 00:00	0.745	0.755	0.745	0.755	317
25.02.2020 00:00	0.755	0.755	0.705	0.725	694
26.02.2020 00:00	0.73	0.73	0.6950000000000001	0.71	336
27.02.2020 00:00	0.705	0.71	0.65	0.675	624
28.02.2020 00:00	0.655	0.655	0.595	0.63	594
02.03.2020 00:00	0.645	0.675	0.64	0.65	398
03.03.2020 00:00	0.655	0.68	0.65	0.68	257
04.03.2020 00:00	0.68	0.6900000000000001	0.66	0.675	197
05.03.2020 00:00	0.675	0.685	0.675	0.675	44
06.03.2020 00:00	0.67	0.67	0.645	0.65	190
10.03.2020 00:00	0.63	0.63	0.585	0.61	450
11.03.2020 00:00	0.61	0.655	0.595	0.605	54
12.03.2020 00:00	0.595	0.595	0.535	0.55	1378
13.03.2020 00:00	0.55	0.56	0.545	0.545	118
16.03.2020 00:00	0.54	0.54	0.495	0.515	289
17.03.2020 00:00	0.515	0.525	0.485	0.495	65
18.03.2020 00:00	0.485	0.53	0.465	0.47000000000000003	394
19.03.2020 00:00	0.48	0.585	0.48	0.505	1051
20.03.2020 00:00	0.53	0.58	0.53	0.55	238
23.03.2020 00:00	0.54	0.54	0.505	0.54	112
24.03.2020 00:00	0.53	0.55	0.525	0.545	1266
25.03.2020 00:00	0.545	0.58	0.53	0.54	619
26.03.2020 00:00	0.53	0.54	0.515	0.535	467
27.03.2020 00:00	0.53	0.54	0.515	0.52	75
30.03.2020 00:00	0.535	0.535	0.525	0.525	146
31.03.2020 00:00	0.535	0.545	0.53	0.54	114
01.04.2020 00:00	0.54	0.555	0.53	0.555	452
02.04.2020 00:00	0.555	0.56	0.54	0.55	364
03.04.2020 00:00	0.555	0.5700000000000001	0.55	0.56	327
06.04.2020 00:00	0.56	0.59	0.56	0.5750000000000001	231
07.04.2020 00:00	0.5750000000000001	0.595	0.5750000000000001	0.58	286
08.04.2020 00:00	0.58	0.59	0.58	0.59	66
09.04.2020 00:00	0.59	0.615	0.585	0.585	344
10.04.2020 00:00	0.595	0.625	0.585	0.595	310
13.04.2020 00:00	0.615	0.615	0.595	0.6	120
14.04.2020 00:00	0.6	0.6	0.59	0.595	86
15.04.2020 00:00	0.6	0.6	0.55	0.555	767
16.04.2020 00:00	0.5650000000000001	0.59	0.56	0.56	252
17.04.2020 00:00	0.5650000000000001	0.5650000000000001	0.56	0.5650000000000001	36
20.04.2020 00:00	0.56	0.5750000000000001	0.54	0.56	148
21.04.2020 00:00	0.56	0.56	0.555	0.555	91
22.04.2020 00:00	0.56	0.6	0.56	0.56	324
23.04.2020 00:00	0.56	0.585	0.56	0.5650000000000001	84
24.04.2020 00:00	0.56	0.5750000000000001	0.56	0.5700000000000001	95
27.04.2020 00:00	0.56	0.5700000000000001	0.56	0.5650000000000001	161
28.04.2020 00:00	0.56	0.5750000000000001	0.56	0.5650000000000001	298
29.04.2020 00:00	0.5700000000000001	0.58	0.5700000000000001	0.5700000000000001	137
30.04.2020 00:00	0.5650000000000001	0.715	0.5650000000000001	0.6	6714
04.05.2020 00:00	0.595	0.62	0.595	0.615	356
05.05.2020 00:00	0.615	0.62	0.61	0.61	343
06.05.2020 00:00	0.6	0.62	0.6	0.605	446
07.05.2020 00:00	0.605	0.625	0.605	0.62	535
08.05.2020 00:00	0.625	0.625	0.605	0.615	138
12.05.2020 00:00	0.615	0.675	0.61	0.62	1633
13.05.2020 00:00	0.63	0.645	0.615	0.625	344
14.05.2020 00:00	0.625	0.645	0.62	0.625	2364
15.05.2020 00:00	0.645	0.645	0.62	0.625	1032
18.05.2020 00:00	0.62	0.63	0.615	0.615	377
19.05.2020 00:00	0.62	0.64	0.615	0.63	726
20.05.2020 00:00	0.625	0.63	0.62	0.625	140
21.05.2020 00:00	0.62	0.625	0.62	0.625	1108
22.05.2020 00:00	0.62	0.67	0.615	0.665	1350
25.05.2020 00:00	0.67	0.6900000000000001	0.66	0.665	1018
26.05.2020 00:00	0.675	0.84	0.675	0.8	12607
27.05.2020 00:00	0.855	0.97	0.745	0.805	12268
28.05.2020 00:00	0.81	0.885	0.6950000000000001	0.76	12571
29.05.2020 00:00	0.79	0.845	0.775	0.785	5309
01.06.2020 00:00	0.805	0.8150000000000001	0.79	0.81	1544
02.06.2020 00:00	0.81	0.8150000000000001	0.775	0.795	1935
03.06.2020 00:00	0.8	0.8	0.78	0.795	1535
04.06.2020 00:00	0.795	0.795	0.775	0.775	855
05.06.2020 00:00	0.775	0.785	0.755	0.775	840
08.06.2020 00:00	0.775	0.795	0.775	0.785	712
09.06.2020 00:00	0.795	0.805	0.78	0.79	873
10.06.2020 00:00	0.805	0.805	0.78	0.795	947
11.06.2020 00:00	0.795	0.795	0.78	0.79	461
15.06.2020 00:00	0.79	0.79	0.77	0.78	487
16.06.2020 00:00	0.79	0.805	0.785	0.8	625
17.06.2020 00:00	0.8	0.81	0.8	0.805	638
18.06.2020 00:00	0.78	0.805	0.78	0.79	479
19.06.2020 00:00	0.8	0.85	0.79	0.81	2129
22.06.2020 00:00	0.835	0.84	0.8	0.835	1284
23.06.2020 00:00	0.8300000000000001	0.865	0.81	0.835	1112
25.06.2020 00:00	0.84	0.84	0.8250000000000001	0.8250000000000001	1244
26.06.2020 00:00	0.8300000000000001	0.875	0.8250000000000001	0.8250000000000001	878
29.06.2020 00:00	0.845	0.845	0.8250000000000001	0.835	2011
30.06.2020 00:00	0.8250000000000001	0.835	0.8250000000000001	0.8250000000000001	320
02.07.2020 00:00	0.845	0.885	0.8250000000000001	0.8300000000000001	1223
03.07.2020 00:00	0.845	0.885	0.8250000000000001	0.845	1658
06.07.2020 00:00	0.84	0.865	0.8250000000000001	0.85	2680
07.07.2020 00:00	0.86	0.865	0.835	0.85	1429
08.07.2020 00:00	0.85	0.855	0.84	0.85	1376
09.07.2020 00:00	0.87	0.99	0.8	0.855	15925
10.07.2020 00:00	0.8300000000000001	0.835	0.78	0.79	8814
13.07.2020 00:00	0.79	0.8	0.785	0.785	470
14.07.2020 00:00	0.785	0.785	0.725	0.735	2042
15.07.2020 00:00	0.725	0.74	0.7000000000000001	0.73	746
16.07.2020 00:00	0.725	0.73	0.6950000000000001	0.71	544
17.07.2020 00:00	0.705	0.755	0.7000000000000001	0.735	761
20.07.2020 00:00	0.735	0.755	0.73	0.73	241
21.07.2020 00:00	0.73	0.75	0.73	0.745	155
22.07.2020 00:00	0.75	0.75	0.745	0.745	29
23.07.2020 00:00	0.75	0.75	0.735	0.74	107
24.07.2020 00:00	0.745	0.755	0.74	0.745	122
27.07.2020 00:00	0.745	0.75	0.74	0.74	112
28.07.2020 00:00	0.74	0.745	0.715	0.735	355
29.07.2020 00:00	0.725	0.74	0.725	0.735	177
30.07.2020 00:00	0.735	0.75	0.735	0.74	205
31.07.2020 00:00	0.74	0.75	0.735	0.745	189
03.08.2020 00:00	0.75	0.75	0.745	0.745	142
04.08.2020 00:00	0.75	0.75	0.745	0.75	101
05.08.2020 00:00	0.75	0.8150000000000001	0.75	0.755	2233
06.08.2020 00:00	0.775	0.84	0.775	0.785	10613
07.08.2020 00:00	0.795	0.84	0.755	0.8150000000000001	7735
10.08.2020 00:00	0.805	0.84	0.785	0.785	2270
11.08.2020 00:00	0.785	0.835	0.785	0.8300000000000001	4477
12.08.2020 00:00	0.835	0.835	0.8150000000000001	0.8300000000000001	812
13.08.2020 00:00	0.8150000000000001	0.84	0.8150000000000001	0.8250000000000001	1132
14.08.2020 00:00	0.835	0.84	0.8150000000000001	0.8200000000000001	580
17.08.2020 00:00	0.835	0.835	0.8	0.81	1091
18.08.2020 00:00	0.81	0.8250000000000001	0.795	0.8	468
19.08.2020 00:00	0.805	0.805	0.795	0.795	300
20.08.2020 00:00	0.8	0.8	0.78	0.79	224
21.08.2020 00:00	0.795	0.81	0.78	0.79	250
24.08.2020 00:00	0.8	0.805	0.78	0.805	298
25.08.2020 00:00	0.8	0.805	0.78	0.785	230
26.08.2020 00:00	0.785	0.79	0.785	0.785	125
27.08.2020 00:00	0.785	0.79	0.785	0.785	28
28.08.2020 00:00	0.785	0.79	0.77	0.77	204
31.08.2020 00:00	0.77	0.8	0.77	0.785	260
01.09.2020 00:00	0.775	0.8	0.775	0.79	215
02.09.2020 00:00	0.79	0.795	0.78	0.78	90
03.09.2020 00:00	0.78	0.785	0.76	0.76	341
04.09.2020 00:00	0.775	0.78	0.76	0.76	104
07.09.2020 00:00	0.77	0.79	0.76	0.76	399
08.09.2020 00:00	0.76	0.805	0.755	0.755	845
09.09.2020 00:00	0.755	0.785	0.755	0.77	232
10.09.2020 00:00	0.77	0.78	0.75	0.775	347
11.09.2020 00:00	0.755	0.785	0.755	0.77	88
14.09.2020 00:00	0.76	0.78	0.76	0.78	28
15.09.2020 00:00	0.78	0.785	0.775	0.785	60
16.09.2020 00:00	0.775	0.79	0.77	0.77	260
17.09.2020 00:00	0.78	0.785	0.715	0.725	831
18.09.2020 00:00	0.745	0.8	0.735	0.745	1748
21.09.2020 00:00	0.755	0.785	0.74	0.745	273
22.09.2020 00:00	0.77	0.77	0.75	0.75	65
23.09.2020 00:00	0.75	0.755	0.745	0.75	349
24.09.2020 00:00	0.755	0.755	0.745	0.75	39
25.09.2020 00:00	0.745	0.75	0.74	0.745	135
28.09.2020 00:00	0.745	0.745	0.735	0.74	55
29.09.2020 00:00	0.745	0.755	0.745	0.745	59
30.09.2020 00:00	0.745	0.76	0.745	0.745	7
01.10.2020 00:00	0.755	0.755	0.735	0.74	92
02.10.2020 00:00	0.74	0.74	0.72	0.73	140
05.10.2020 00:00	0.74	0.745	0.74	0.745	268
06.10.2020 00:00	0.745	0.75	0.745	0.745	99
07.10.2020 00:00	0.75	0.77	0.75	0.75	99
08.10.2020 00:00	0.75	0.75	0.745	0.745	254
09.10.2020 00:00	0.745	0.755	0.745	0.75	88
12.10.2020 00:00	0.75	0.755	0.75	0.755	38
13.10.2020 00:00	0.755	0.755	0.755	0.755	89
14.10.2020 00:00	0.755	0.8	0.75	0.755	699
15.10.2020 00:00	0.755	0.76	0.755	0.755	222
16.10.2020 00:00	0.755	0.785	0.755	0.785	218
19.10.2020 00:00	0.78	0.785	0.77	0.775	497
20.10.2020 00:00	0.77	0.78	0.77	0.78	195
21.10.2020 00:00	0.755	0.78	0.755	0.775	56
22.10.2020 00:00	0.775	0.79	0.77	0.775	44
23.10.2020 00:00	0.775	0.78	0.77	0.77	361
26.10.2020 00:00	0.775	0.775	0.775	0.775	50
27.10.2020 00:00	0.78	0.78	0.745	0.78	117
28.10.2020 00:00	0.78	0.78	0.755	0.76	191
29.10.2020 00:00	0.755	0.76	0.755	0.76	42
30.10.2020 00:00	0.755	0.76	0.75	0.76	15
02.11.2020 00:00	0.775	0.775	0.775	0.775	100
03.11.2020 00:00	0.78	0.78	0.76	0.775	375
05.11.2020 00:00	0.77	0.77	0.75	0.77	176
06.11.2020 00:00	0.76	0.77	0.76	0.77	34
09.11.2020 00:00	0.775	0.775	0.77	0.775	62
10.11.2020 00:00	0.77	0.77	0.76	0.77	172
11.11.2020 00:00	0.775	0.775	0.77	0.775	239
12.11.2020 00:00	0.77	0.775	0.77	0.775	11
13.11.2020 00:00	0.775	0.885	0.775	0.8200000000000001	8823
16.11.2020 00:00	0.835	0.86	0.8150000000000001	0.8200000000000001	1254
17.11.2020 00:00	0.8200000000000001	0.8250000000000001	0.79	0.795	1007
18.11.2020 00:00	0.79	0.795	0.785	0.79	322
19.11.2020 00:00	0.8	0.8	0.79	0.795	160
20.11.2020 00:00	0.795	0.81	0.795	0.8	140
23.11.2020 00:00	0.81	0.81	0.8	0.8	105
24.11.2020 00:00	0.805	0.805	0.785	0.785	237
25.11.2020 00:00	0.79	0.79	0.785	0.79	95
26.11.2020 00:00	0.79	0.795	0.775	0.79	348
27.11.2020 00:00	0.785	0.785	0.78	0.78	274
30.11.2020 00:00	0.79	0.795	0.78	0.78	104
01.12.2020 00:00	0.79	0.79	0.76	0.785	834
02.12.2020 00:00	0.785	0.79	0.775	0.78	249
03.12.2020 00:00	0.78	0.78	0.78	0.78	183
04.12.2020 00:00	0.78	0.79	0.78	0.785	88
07.12.2020 00:00	0.78	0.795	0.775	0.79	124
08.12.2020 00:00	0.79	0.795	0.76	0.78	196
09.12.2020 00:00	0.775	0.79	0.775	0.785	165
10.12.2020 00:00	0.78	0.79	0.78	0.79	57
11.12.2020 00:00	0.78	0.79	0.755	0.785	426
14.12.2020 00:00	0.775	0.785	0.77	0.77	376
15.12.2020 00:00	0.78	0.78	0.77	0.77	56
16.12.2020 00:00	0.78	0.78	0.775	0.78	70
17.12.2020 00:00	0.78	0.79	0.78	0.785	104
18.12.2020 00:00	0.78	0.79	0.78	0.785	204
21.12.2020 00:00	0.79	0.79	0.77	0.775	130
22.12.2020 00:00	0.77	0.78	0.77	0.78	157
23.12.2020 00:00	0.785	0.79	0.77	0.785	114
24.12.2020 00:00	0.785	0.785	0.78	0.78	105
25.12.2020 00:00	0.78	0.785	0.77	0.785	202
28.12.2020 00:00	0.77	0.795	0.77	0.79	421
29.12.2020 00:00	0.8	0.805	0.785	0.8	481
30.12.2020 00:00	0.795	0.935	0.795	0.795	6443
04.01.2021 00:00	0.8	0.8	0.79	0.8	451
05.01.2021 00:00	0.8	0.8250000000000001	0.8	0.8200000000000001	307
06.01.2021 00:00	0.81	0.835	0.81	0.8150000000000001	393
08.01.2021 00:00	0.8150000000000001	0.8300000000000001	0.8150000000000001	0.8250000000000001	64
11.01.2021 00:00	0.8250000000000001	0.8250000000000001	0.81	0.8250000000000001	205
12.01.2021 00:00	0.8250000000000001	0.8300000000000001	0.8150000000000001	0.8200000000000001	134
13.01.2021 00:00	0.8250000000000001	0.84	0.8200000000000001	0.8300000000000001	580
14.01.2021 00:00	0.835	0.835	0.8200000000000001	0.8300000000000001	213
15.01.2021 00:00	0.8300000000000001	0.835	0.8250000000000001	0.8300000000000001	58
18.01.2021 00:00	0.835	0.84	0.81	0.8200000000000001	554
19.01.2021 00:00	0.8250000000000001	0.8250000000000001	0.8150000000000001	0.8200000000000001	96
20.01.2021 00:00	0.8150000000000001	0.8200000000000001	0.81	0.81	140
21.01.2021 00:00	0.81	0.81	0.81	0.81	55
22.01.2021 00:00	0.81	0.91	0.805	0.84	4412
25.01.2021 00:00	0.845	0.845	0.805	0.8300000000000001	1267
26.01.2021 00:00	0.8300000000000001	0.835	0.8150000000000001	0.8250000000000001	219
27.01.2021 00:00	0.8200000000000001	0.8200000000000001	0.8200000000000001	0.8200000000000001	130
28.01.2021 00:00	0.8200000000000001	0.8200000000000001	0.81	0.81	88
29.01.2021 00:00	0.8150000000000001	0.8250000000000001	0.81	0.8150000000000001	206
01.02.2021 00:00	0.8200000000000001	0.8300000000000001	0.81	0.8150000000000001	197
02.02.2021 00:00	0.8150000000000001	0.8300000000000001	0.8150000000000001	0.8250000000000001	294
03.02.2021 00:00	0.8200000000000001	0.8250000000000001	0.81	0.8150000000000001	61
04.02.2021 00:00	0.8200000000000001	0.84	0.8200000000000001	0.8250000000000001	412
05.02.2021 00:00	0.8200000000000001	0.8300000000000001	0.8200000000000001	0.8300000000000001	140
08.02.2021 00:00	0.8200000000000001	0.84	0.8200000000000001	0.835	282
09.02.2021 00:00	0.8300000000000001	0.84	0.8300000000000001	0.835	110
10.02.2021 00:00	0.84	0.84	0.8200000000000001	0.8250000000000001	33
11.02.2021 00:00	0.8300000000000001	0.84	0.8300000000000001	0.835	115
12.02.2021 00:00	0.84	0.84	0.8250000000000001	0.8300000000000001	109
15.02.2021 00:00	0.835	0.835	0.8250000000000001	0.8300000000000001	70
16.02.2021 00:00	0.8250000000000001	0.8300000000000001	0.8250000000000001	0.8300000000000001	61
17.02.2021 00:00	0.8300000000000001	0.835	0.8250000000000001	0.8250000000000001	63
18.02.2021 00:00	0.8200000000000001	0.84	0.8200000000000001	0.835	33
19.02.2021 00:00	0.84	0.845	0.8250000000000001	0.835	201
20.02.2021 00:00	0.845	0.845	0.8200000000000001	0.835	139
22.02.2021 00:00	0.84	0.84	0.835	0.84	77
24.02.2021 00:00	0.8200000000000001	0.84	0.8200000000000001	0.8300000000000001	37
25.02.2021 00:00	0.8250000000000001	0.89	0.8250000000000001	0.85	1056
26.02.2021 00:00	0.865	0.865	0.84	0.84	206
01.03.2021 00:00	0.84	0.865	0.84	0.85	88
02.03.2021 00:00	0.845	0.845	0.8300000000000001	0.845	237
03.03.2021 00:00	0.845	0.845	0.8300000000000001	0.84	46
04.03.2021 00:00	0.84	0.935	0.835	0.875	3928
05.03.2021 00:00	0.88	0.885	0.85	0.855	735
09.03.2021 00:00	0.865	0.87	0.85	0.855	471
10.03.2021 00:00	0.855	0.86	0.855	0.855	311
11.03.2021 00:00	0.86	0.86	0.855	0.86	100
12.03.2021 00:00	0.86	0.875	0.86	0.865	150
15.03.2021 00:00	0.865	0.89	0.86	0.88	377
16.03.2021 00:00	0.885	0.89	0.875	0.885	88
17.03.2021 00:00	0.88	0.925	0.875	0.905	514
18.03.2021 00:00	0.905	0.905	0.885	0.885	241
19.03.2021 00:00	0.885	0.91	0.885	0.9	158
22.03.2021 00:00	0.91	0.935	0.9	0.93	843
23.03.2021 00:00	0.93	1.04	0.93	0.9450000000000001	4814
24.03.2021 00:00	0.9550000000000001	0.9550000000000001	0.905	0.92	1112
25.03.2021 00:00	0.925	0.9400000000000001	0.9	0.9	394
26.03.2021 00:00	0.92	0.92	0.865	0.865	1167
29.03.2021 00:00	0.87	0.91	0.87	0.885	473
30.03.2021 00:00	0.885	0.885	0.875	0.88	164
31.03.2021 00:00	0.885	0.885	0.87	0.87	354
01.04.2021 00:00	0.88	0.905	0.875	0.89	210
02.04.2021 00:00	0.89	0.915	0.89	0.91	117
05.04.2021 00:00	0.91	0.9550000000000001	0.91	0.9450000000000001	1013
06.04.2021 00:00	0.9450000000000001	1.33	0.935	1.33	50133
07.04.2021 00:00	1.455	1.495	1.1400000000000001	1.145	25648
08.04.2021 00:00	1.165	1.165	1.09	1.11	2974
09.04.2021 00:00	1.11	1.195	1.1	1.125	6242
12.04.2021 00:00	1.11	1.125	1.1	1.12	760
13.04.2021 00:00	1.125	1.145	1.1	1.145	1555
14.04.2021 00:00	1.145	1.155	1.11	1.12	719
15.04.2021 00:00	1.11	1.12	1.1	1.11	1077
16.04.2021 00:00	1.11	1.1400000000000001	1.1	1.125	790
19.04.2021 00:00	1.11	1.1400000000000001	1.11	1.12	352
20.04.2021 00:00	1.12	1.1400000000000001	1.12	1.1400000000000001	658
21.04.2021 00:00	1.1400000000000001	1.1400000000000001	1.125	1.1400000000000001	138
22.04.2021 00:00	1.1400000000000001	1.1400000000000001	1.125	1.1300000000000001	54
23.04.2021 00:00	1.1400000000000001	1.1400000000000001	1.12	1.1300000000000001	587
26.04.2021 00:00	1.1400000000000001	1.1400000000000001	1.1	1.12	471
27.04.2021 00:00	1.125	1.125	1.11	1.11	93
28.04.2021 00:00	1.12	1.12	1.11	1.11	132
29.04.2021 00:00	1.125	1.125	1.1	1.11	175
30.04.2021 00:00	1.1	1.12	1.1	1.12	147
04.05.2021 00:00	1.125	1.125	1.1	1.11	320
05.05.2021 00:00	1.11	1.12	1.11	1.12	125
06.05.2021 00:00	1.125	1.125	1.11	1.125	260
07.05.2021 00:00	1.12	1.145	1.1	1.1300000000000001	283
10.05.2021 00:00	1.1300000000000001	1.1400000000000001	1.125	1.1400000000000001	516
11.05.2021 00:00	1.125	1.1300000000000001	1.11	1.12	387
12.05.2021 00:00	1.11	1.1400000000000001	1.11	1.1300000000000001	491
13.05.2021 00:00	1.1300000000000001	1.1400000000000001	1.12	1.1400000000000001	471
14.05.2021 00:00	1.1400000000000001	1.175	1.12	1.155	1004
17.05.2021 00:00	1.175	1.225	1.125	1.195	1703
18.05.2021 00:00	1.165	1.185	1.1400000000000001	1.185	689
19.05.2021 00:00	1.165	1.195	1.165	1.195	234
20.05.2021 00:00	1.175	1.195	1.145	1.195	644
21.05.2021 00:00	1.175	1.195	1.165	1.185	460
24.05.2021 00:00	1.195	1.235	1.165	1.235	1135
25.05.2021 00:00	1.235	1.355	0.9450000000000001	0.9550000000000001	17023
26.05.2021 00:00	0.965	0.975	0.9	0.925	6577
27.05.2021 00:00	0.91	0.93	0.885	0.9	1941
28.05.2021 00:00	0.91	0.93	0.89	0.91	1317
31.05.2021 00:00	0.91	0.92	0.885	0.89	969
01.06.2021 00:00	0.905	0.915	0.89	0.915	403
02.06.2021 00:00	0.915	0.915	0.9	0.9	173
03.06.2021 00:00	0.91	0.91	0.885	0.89	386
04.06.2021 00:00	0.89	0.935	0.885	0.885	888
07.06.2021 00:00	0.885	0.885	0.845	0.885	933
08.06.2021 00:00	0.885	0.885	0.845	0.865	632
09.06.2021 00:00	0.87	0.875	0.865	0.875	153
10.06.2021 00:00	0.875	0.89	0.865	0.885	432
11.06.2021 00:00	0.87	0.915	0.87	0.91	480
14.06.2021 00:00	0.905	0.915	0.89	0.89	157
15.06.2021 00:00	0.905	0.91	0.9	0.9	178
16.06.2021 00:00	0.9	0.9	0.88	0.88	146
17.06.2021 00:00	0.905	0.91	0.875	0.9	483
18.06.2021 00:00	0.885	0.9	0.875	0.89	76
21.06.2021 00:00	0.875	0.9	0.875	0.885	77
22.06.2021 00:00	0.88	0.9	0.88	0.885	90
23.06.2021 00:00	0.88	0.89	0.865	0.88	286
24.06.2021 00:00	0.875	0.875	0.87	0.875	96
25.06.2021 00:00	0.875	0.88	0.875	0.875	29
28.06.2021 00:00	0.875	0.88	0.875	0.875	19
29.06.2021 00:00	0.875	0.88	0.865	0.87	71
30.06.2021 00:00	0.845	0.875	0.845	0.87	109
01.07.2021 00:00	0.87	0.875	0.87	0.87	45
02.07.2021 00:00	0.875	0.875	0.865	0.875	36
05.07.2021 00:00	0.875	0.88	0.865	0.875	50
06.07.2021 00:00	0.865	0.875	0.865	0.87	60
07.07.2021 00:00	0.86	0.88	0.86	0.86	101
08.07.2021 00:00	0.875	0.875	0.86	0.86	21
09.07.2021 00:00	0.87	0.87	0.855	0.855	143
12.07.2021 00:00	0.855	0.86	0.855	0.86	125
13.07.2021 00:00	0.855	0.865	0.855	0.855	127
14.07.2021 00:00	0.855	0.855	0.845	0.85	154
15.07.2021 00:00	0.85	0.85	0.8	0.8200000000000001	492
16.07.2021 00:00	0.8250000000000001	0.835	0.8250000000000001	0.835	62
19.07.2021 00:00	0.84	0.845	0.8250000000000001	0.8250000000000001	179
20.07.2021 00:00	0.8200000000000001	0.845	0.8150000000000001	0.8300000000000001	71
21.07.2021 00:00	0.835	0.835	0.8250000000000001	0.8250000000000001	119
22.07.2021 00:00	0.8250000000000001	0.8300000000000001	0.8250000000000001	0.8300000000000001	46
23.07.2021 00:00	0.8200000000000001	0.8300000000000001	0.8200000000000001	0.8250000000000001	73
26.07.2021 00:00	0.8200000000000001	0.8300000000000001	0.8200000000000001	0.8250000000000001	40
27.07.2021 00:00	0.8300000000000001	0.8300000000000001	0.8150000000000001	0.8200000000000001	79
28.07.2021 00:00	0.8150000000000001	0.8250000000000001	0.8150000000000001	0.8200000000000001	43
29.07.2021 00:00	0.8200000000000001	0.8250000000000001	0.8150000000000001	0.8200000000000001	72
30.07.2021 00:00	0.8200000000000001	0.8250000000000001	0.8150000000000001	0.8250000000000001	139
02.08.2021 00:00	0.8200000000000001	0.835	0.8150000000000001	0.8250000000000001	115
03.08.2021 00:00	0.8200000000000001	0.835	0.8200000000000001	0.8300000000000001	40
04.08.2021 00:00	0.8300000000000001	0.8300000000000001	0.8250000000000001	0.8250000000000001	234
05.08.2021 00:00	0.8200000000000001	0.8250000000000001	0.8150000000000001	0.8200000000000001	114
06.08.2021 00:00	0.8200000000000001	0.8300000000000001	0.8	0.81	419
09.08.2021 00:00	0.81	0.8300000000000001	0.81	0.8250000000000001	292
10.08.2021 00:00	0.8200000000000001	0.8250000000000001	0.8150000000000001	0.8200000000000001	65
11.08.2021 00:00	0.8200000000000001	0.8200000000000001	0.78	0.8	2648
12.08.2021 00:00	0.8	0.805	0.79	0.795	69
13.08.2021 00:00	0.795	0.8	0.775	0.795	153
16.08.2021 00:00	0.79	0.8	0.79	0.795	147
17.08.2021 00:00	0.8	0.8	0.8	0.8	122
18.08.2021 00:00	0.795	0.805	0.795	0.8	147
19.08.2021 00:00	0.8	0.81	0.8	0.805	44
20.08.2021 00:00	0.81	0.81	0.8	0.805	61
23.08.2021 00:00	0.81	0.8150000000000001	0.81	0.8150000000000001	56
24.08.2021 00:00	0.81	0.8150000000000001	0.805	0.81	51
25.08.2021 00:00	0.8	0.8150000000000001	0.785	0.805	177
26.08.2021 00:00	0.8	0.8150000000000001	0.8	0.81	207
27.08.2021 00:00	0.81	0.915	0.81	0.87	5261
30.08.2021 00:00	0.87	0.87	0.8300000000000001	0.86	679
31.08.2021 00:00	0.86	0.86	0.81	0.835	620
01.09.2021 00:00	0.84	0.845	0.8300000000000001	0.835	118
02.09.2021 00:00	0.835	0.845	0.8150000000000001	0.835	128
03.09.2021 00:00	0.84	0.845	0.8300000000000001	0.84	100
06.09.2021 00:00	0.84	0.84	0.8200000000000001	0.8250000000000001	179
07.09.2021 00:00	0.8250000000000001	0.8250000000000001	0.8200000000000001	0.8250000000000001	45
08.09.2021 00:00	0.8200000000000001	0.8200000000000001	0.81	0.8150000000000001	55
09.09.2021 00:00	0.8150000000000001	0.8200000000000001	0.81	0.81	122
10.09.2021 00:00	0.8200000000000001	0.8200000000000001	0.8150000000000001	0.8200000000000001	24
13.09.2021 00:00	0.81	0.8300000000000001	0.81	0.8200000000000001	117
14.09.2021 00:00	0.8200000000000001	0.8250000000000001	0.8200000000000001	0.8250000000000001	58
15.09.2021 00:00	0.8250000000000001	0.845	0.8250000000000001	0.835	334
16.09.2021 00:00	0.835	0.865	0.8300000000000001	0.85	347
17.09.2021 00:00	0.855	0.865	0.845	0.855	180
20.09.2021 00:00	0.845	0.85	0.8250000000000001	0.84	127
21.09.2021 00:00	0.84	0.845	0.8300000000000001	0.84	254
22.09.2021 00:00	0.8250000000000001	0.845	0.8250000000000001	0.8300000000000001	68
23.09.2021 00:00	0.84	0.845	0.835	0.845	220
24.09.2021 00:00	0.845	0.845	0.8300000000000001	0.835	100
27.09.2021 00:00	0.855	0.855	0.835	0.835	114
28.09.2021 00:00	0.835	0.845	0.8300000000000001	0.8300000000000001	210
29.09.2021 00:00	0.8300000000000001	0.84	0.8250000000000001	0.8300000000000001	52
30.09.2021 00:00	0.8300000000000001	0.8300000000000001	0.8250000000000001	0.8300000000000001	65
01.10.2021 00:00	0.8250000000000001	0.8250000000000001	0.81	0.8250000000000001	281
04.10.2021 00:00	0.8250000000000001	0.8250000000000001	0.81	0.8150000000000001	318
05.10.2021 00:00	0.8150000000000001	0.8300000000000001	0.8150000000000001	0.8200000000000001	208
06.10.2021 00:00	0.8200000000000001	0.86	0.8200000000000001	0.8300000000000001	371
07.10.2021 00:00	0.835	0.865	0.8250000000000001	0.855	721
08.10.2021 00:00	0.855	0.92	0.8300000000000001	0.865	1985
11.10.2021 00:00	0.87	0.92	0.86	0.885	1524
12.10.2021 00:00	0.885	1.175	0.875	1.11	11436
13.10.2021 00:00	1.125	1.495	1.12	1.215	30021
14.10.2021 00:00	1.23	1.3	1.03	1.1	5879
15.10.2021 00:00	1.11	1.1400000000000001	1.03	1.07	1782
18.10.2021 00:00	1.05	1.08	0.975	1.07	2283
19.10.2021 00:00	1.07	1.215	1.07	1.08	2611
20.10.2021 00:00	1.09	1.175	1.07	1.09	2681
21.10.2021 00:00	1.07	1.1	1.06	1.07	736
22.10.2021 00:00	1.07	1.09	1.03	1.05	625
25.10.2021 00:00	1.05	1.05	1.01	1.05	249
26.10.2021 00:00	1.05	1.05	1.02	1.03	139
27.10.2021 00:00	1.02	1.05	1.0150000000000001	1.05	108
28.10.2021 00:00	1.03	1.06	0.995	0.995	319
29.10.2021 00:00	1.02	1.02	0.995	0.995	132
01.11.2021 00:00	1.01	1.02	0.9450000000000001	0.9450000000000001	494
02.11.2021 00:00	0.985	1.155	0.98	0.995	11184
03.11.2021 00:00	0.995	0.995	0.9550000000000001	0.965	791
05.11.2021 00:00	0.97	0.97	0.9550000000000001	0.9550000000000001	343
08.11.2021 00:00	0.97	0.97	0.9400000000000001	0.97	542
09.11.2021 00:00	0.9550000000000001	0.97	0.9400000000000001	0.9500000000000001	241
10.11.2021 00:00	0.9500000000000001	0.9500000000000001	0.915	0.93	814
11.11.2021 00:00	0.93	0.935	0.92	0.925	70
12.11.2021 00:00	0.925	0.935	0.92	0.935	232
15.11.2021 00:00	0.935	0.935	0.915	0.92	292
16.11.2021 00:00	0.925	0.93	0.915	0.915	126
17.11.2021 00:00	0.935	0.935	0.915	0.935	339
18.11.2021 00:00	0.935	0.935	0.925	0.93	574
19.11.2021 00:00	0.92	0.965	0.92	0.93	321
22.11.2021 00:00	0.925	0.925	0.915	0.915	135
23.11.2021 00:00	0.915	0.925	0.91	0.92	131
24.11.2021 00:00	0.915	0.93	0.915	0.915	78
25.11.2021 00:00	0.915	0.925	0.9	0.925	376
26.11.2021 00:00	0.925	0.925	0.91	0.92	214
29.11.2021 00:00	0.925	0.925	0.9	0.91	312
30.11.2021 00:00	0.9	0.915	0.9	0.91	56
01.12.2021 00:00	0.92	0.92	0.905	0.915	142
02.12.2021 00:00	0.92	0.9450000000000001	0.91	0.92	1250
03.12.2021 00:00	0.92	0.935	0.915	0.93	86
06.12.2021 00:00	0.92	0.93	0.88	0.885	435
07.12.2021 00:00	0.9	0.925	0.88	0.885	92
08.12.2021 00:00	0.91	0.91	0.885	0.89	16
09.12.2021 00:00	0.885	0.935	0.885	0.9	205
10.12.2021 00:00	0.92	0.92	0.88	0.885	169
13.12.2021 00:00	0.885	0.9	0.875	0.875	1527
14.12.2021 00:00	0.875	0.885	0.865	0.875	254
15.12.2021 00:00	0.875	0.885	0.86	0.865	339
16.12.2021 00:00	0.885	0.9	0.845	0.85	516
17.12.2021 00:00	0.88	0.88	0.865	0.875	42
20.12.2021 00:00	0.87	0.88	0.87	0.875	50
21.12.2021 00:00	0.88	0.88	0.875	0.875	7
22.12.2021 00:00	0.88	0.9	0.87	0.87	171
23.12.2021 00:00	0.9	0.9	0.855	0.855	261
24.12.2021 00:00	0.865	0.865	0.855	0.855	27
27.12.2021 00:00	0.855	0.86	0.84	0.85	589
28.12.2021 00:00	0.85	0.85	0.8200000000000001	0.835	670
29.12.2021 00:00	0.835	0.84	0.8200000000000001	0.8300000000000001	140
30.12.2021 00:00	0.8200000000000001	0.835	0.8200000000000001	0.8250000000000001	125
03.01.2022 00:00	0.84	0.84	0.8200000000000001	0.8200000000000001	402
04.01.2022 00:00	0.8300000000000001	0.835	0.8200000000000001	0.8200000000000001	250
05.01.2022 00:00	0.835	0.835	0.8250000000000001	0.8300000000000001	292
06.01.2022 00:00	0.8300000000000001	0.8300000000000001	0.81	0.8150000000000001	263
10.01.2022 00:00	0.8250000000000001	0.8300000000000001	0.8150000000000001	0.8250000000000001	169
11.01.2022 00:00	0.8150000000000001	0.8300000000000001	0.8150000000000001	0.8250000000000001	131
12.01.2022 00:00	0.8300000000000001	0.845	0.8300000000000001	0.84	219
13.01.2022 00:00	0.835	0.855	0.81	0.8300000000000001	285
14.01.2022 00:00	0.835	0.835	0.81	0.8150000000000001	81
17.01.2022 00:00	0.8300000000000001	0.8300000000000001	0.81	0.8150000000000001	90
18.01.2022 00:00	0.8150000000000001	0.8150000000000001	0.77	0.78	664
19.01.2022 00:00	0.78	0.8	0.78	0.8	125
20.01.2022 00:00	0.8	0.8300000000000001	0.785	0.8250000000000001	87
21.01.2022 00:00	0.805	0.8200000000000001	0.785	0.805	358
24.01.2022 00:00	0.795	0.81	0.76	0.775	261
25.01.2022 00:00	0.8150000000000001	0.8150000000000001	0.755	0.78	41
26.01.2022 00:00	0.755	0.81	0.755	0.79	66
27.01.2022 00:00	0.795	0.81	0.79	0.805	103
28.01.2022 00:00	0.79	0.81	0.79	0.81	142
31.01.2022 00:00	0.81	0.8150000000000001	0.81	0.8150000000000001	70
01.02.2022 00:00	0.8150000000000001	0.8200000000000001	0.81	0.8150000000000001	53
02.02.2022 00:00	0.8150000000000001	0.8250000000000001	0.8150000000000001	0.8200000000000001	25
03.02.2022 00:00	0.8150000000000001	0.8250000000000001	0.8150000000000001	0.8200000000000001	20
04.02.2022 00:00	0.8150000000000001	0.8300000000000001	0.8150000000000001	0.8300000000000001	103
07.02.2022 00:00	0.8300000000000001	0.8300000000000001	0.8150000000000001	0.8300000000000001	26
08.02.2022 00:00	0.8300000000000001	0.8300000000000001	0.8300000000000001	0.8300000000000001	41
09.02.2022 00:00	0.8300000000000001	0.835	0.8150000000000001	0.8300000000000001	38
10.02.2022 00:00	0.8150000000000001	0.835	0.8150000000000001	0.835	41
11.02.2022 00:00	0.835	0.84	0.835	0.84	26
14.02.2022 00:00	0.8150000000000001	0.8250000000000001	0.8150000000000001	0.8250000000000001	20
15.02.2022 00:00	0.84	0.84	0.8200000000000001	0.835	54
16.02.2022 00:00	0.84	0.84	0.8250000000000001	0.835	65
17.02.2022 00:00	0.8250000000000001	0.835	0.8150000000000001	0.8150000000000001	75
18.02.2022 00:00	0.8300000000000001	0.835	0.79	0.79	102
21.02.2022 00:00	0.795	0.8	0.6950000000000001	0.6950000000000001	621
22.02.2022 00:00	0.735	0.755	0.67	0.755	167
24.02.2022 00:00	0.72	0.72	0.455	0.595	801
25.02.2022 00:00	0.665	0.785	0.595	0.665	386
28.03.2022 00:00	0.6950000000000001	0.72	0.525	0.68	106
29.03.2022 00:00	0.6950000000000001	0.6950000000000001	0.615	0.6900000000000001	30
30.03.2022 00:00	0.625	0.775	0.62	0.6950000000000001	271
31.03.2022 00:00	0.745	0.8	0.66	0.72	317
01.04.2022 00:00	0.725	0.8	0.6950000000000001	0.77	453
04.04.2022 00:00	0.79	0.8250000000000001	0.735	0.8	493
05.04.2022 00:00	0.79	0.8300000000000001	0.735	0.75	436
06.04.2022 00:00	0.75	0.78	0.74	0.74	144
07.04.2022 00:00	0.735	0.775	0.73	0.77	114
08.04.2022 00:00	0.77	0.785	0.755	0.755	40
11.04.2022 00:00	0.755	0.76	0.72	0.76	123
12.04.2022 00:00	0.77	0.775	0.72	0.735	108
13.04.2022 00:00	0.73	0.76	0.715	0.725	155
14.04.2022 00:00	0.72	0.745	0.705	0.72	45
15.04.2022 00:00	0.715	0.8	0.6950000000000001	0.73	471
18.04.2022 00:00	0.715	0.76	0.6950000000000001	0.715	174
19.04.2022 00:00	0.715	0.735	0.6950000000000001	0.72	407
20.04.2022 00:00	0.705	0.745	0.705	0.735	89
21.04.2022 00:00	0.735	0.74	0.705	0.73	266
22.04.2022 00:00	0.725	0.725	0.725	0.725	4
25.04.2022 00:00	0.72	0.72	0.6900000000000001	0.6950000000000001	131
26.04.2022 00:00	0.6950000000000001	0.705	0.685	0.6950000000000001	279
27.04.2022 00:00	0.7000000000000001	0.705	0.7000000000000001	0.705	41
28.04.2022 00:00	0.705	0.71	0.6950000000000001	0.6950000000000001	66
29.04.2022 00:00	0.6950000000000001	0.71	0.6950000000000001	0.71	96
04.05.2022 00:00	0.7000000000000001	0.715	0.6950000000000001	0.71	45
05.05.2022 00:00	0.6950000000000001	0.71	0.6950000000000001	0.71	34
06.05.2022 00:00	0.715	0.715	0.7000000000000001	0.7000000000000001	13
11.05.2022 00:00	0.715	0.715	0.7000000000000001	0.7000000000000001	30
12.05.2022 00:00	0.6950000000000001	0.715	0.6900000000000001	0.705	202
13.05.2022 00:00	0.6900000000000001	0.705	0.6900000000000001	0.6950000000000001	26
16.05.2022 00:00	0.71	0.71	0.6950000000000001	0.71	141
17.05.2022 00:00	0.71	0.71	0.6950000000000001	0.71	20
18.05.2022 00:00	0.6950000000000001	0.71	0.6950000000000001	0.7000000000000001	31
19.05.2022 00:00	0.6950000000000001	0.775	0.6950000000000001	0.77	757
20.05.2022 00:00	0.735	0.76	0.735	0.735	75
23.05.2022 00:00	0.745	0.745	0.73	0.735	69
24.05.2022 00:00	0.725	0.9	0.71	0.8150000000000001	3185
25.05.2022 00:00	0.865	0.865	0.77	0.795	783
26.05.2022 00:00	0.81	0.81	0.735	0.745	1010
27.05.2022 00:00	0.735	0.735	0.715	0.725	196
30.05.2022 00:00	0.735	0.735	0.72	0.72	35
31.05.2022 00:00	0.72	0.72	0.6950000000000001	0.715	68
01.06.2022 00:00	0.715	0.795	0.715	0.75	609
02.06.2022 00:00	0.745	0.81	0.745	0.775	274
03.06.2022 00:00	0.775	0.775	0.715	0.74	330
06.06.2022 00:00	0.74	0.74	0.72	0.72	86
07.06.2022 00:00	0.72	0.72	0.6900000000000001	0.705	617
08.06.2022 00:00	0.705	0.705	0.6950000000000001	0.6950000000000001	58
09.06.2022 00:00	0.6950000000000001	0.71	0.685	0.6950000000000001	151
10.06.2022 00:00	0.6950000000000001	0.705	0.685	0.685	78
14.06.2022 00:00	0.7000000000000001	0.7000000000000001	0.685	0.685	31
15.06.2022 00:00	0.685	0.6950000000000001	0.675	0.6900000000000001	103
16.06.2022 00:00	0.685	0.71	0.68	0.705	185
17.06.2022 00:00	0.7000000000000001	0.7000000000000001	0.685	0.6900000000000001	92
20.06.2022 00:00	0.6950000000000001	0.7000000000000001	0.6950000000000001	0.6950000000000001	51
21.06.2022 00:00	0.6950000000000001	0.715	0.685	0.6950000000000001	313
22.06.2022 00:00	0.6950000000000001	0.71	0.6900000000000001	0.6900000000000001	94
23.06.2022 00:00	0.6900000000000001	0.7000000000000001	0.685	0.7000000000000001	33
24.06.2022 00:00	0.7000000000000001	0.705	0.6950000000000001	0.705	96
27.06.2022 00:00	0.6950000000000001	0.71	0.6950000000000001	0.705	97
28.06.2022 00:00	0.71	0.72	0.705	0.715	54
29.06.2022 00:00	0.715	0.715	0.705	0.71	19
30.06.2022 00:00	0.6950000000000001	0.71	0.685	0.71	97
01.07.2022 00:00	0.71	0.71	0.685	0.705	46
04.07.2022 00:00	0.71	0.71	0.685	0.6900000000000001	13
05.07.2022 00:00	0.71	0.71	0.685	0.685	29
06.07.2022 00:00	0.685	0.7000000000000001	0.685	0.685	129
07.07.2022 00:00	0.7000000000000001	0.7000000000000001	0.685	0.6950000000000001	50
08.07.2022 00:00	0.685	0.685	0.685	0.685	11
11.07.2022 00:00	0.685	0.685	0.685	0.685	47
12.07.2022 00:00	0.685	0.685	0.685	0.685	42
13.07.2022 00:00	0.685	0.705	0.68	0.6900000000000001	149
14.07.2022 00:00	0.68	0.6900000000000001	0.68	0.685	58
15.07.2022 00:00	0.685	0.685	0.68	0.685	14
18.07.2022 00:00	0.685	0.685	0.68	0.685	30
19.07.2022 00:00	0.685	0.685	0.68	0.685	19
20.07.2022 00:00	0.68	0.685	0.68	0.685	4
21.07.2022 00:00	0.68	0.71	0.68	0.71	82
22.07.2022 00:00	0.7000000000000001	0.7000000000000001	0.685	0.7000000000000001	8
25.07.2022 00:00	0.71	0.71	0.6900000000000001	0.71	72
26.07.2022 00:00	0.6950000000000001	0.71	0.6950000000000001	0.71	6
27.07.2022 00:00	0.71	0.71	0.6950000000000001	0.705	21
28.07.2022 00:00	0.7000000000000001	0.705	0.7000000000000001	0.705	2
29.07.2022 00:00	0.705	0.705	0.685	0.6950000000000001	84
01.08.2022 00:00	0.71	0.71	0.6900000000000001	0.6950000000000001	30
02.08.2022 00:00	0.6950000000000001	0.6950000000000001	0.6900000000000001	0.6900000000000001	43
03.08.2022 00:00	0.685	0.685	0.685	0.685	23
04.08.2022 00:00	0.6900000000000001	0.7000000000000001	0.685	0.685	54
05.08.2022 00:00	0.705	0.705	0.685	0.685	148
08.08.2022 00:00	0.7000000000000001	0.7000000000000001	0.7000000000000001	0.7000000000000001	14
09.08.2022 00:00	0.6950000000000001	0.7000000000000001	0.685	0.685	14
10.08.2022 00:00	0.685	0.685	0.685	0.685	5
11.08.2022 00:00	0.6950000000000001	0.6950000000000001	0.6950000000000001	0.6950000000000001	13
12.08.2022 00:00	0.685	0.6950000000000001	0.685	0.685	12
15.08.2022 00:00	0.685	0.6950000000000001	0.685	0.6900000000000001	24
16.08.2022 00:00	0.6950000000000001	0.6950000000000001	0.685	0.6950000000000001	6
17.08.2022 00:00	0.68	0.6950000000000001	0.68	0.6900000000000001	71
18.08.2022 00:00	0.6900000000000001	0.7000000000000001	0.685	0.7000000000000001	77
19.08.2022 00:00	0.7000000000000001	0.73	0.6900000000000001	0.705	380
22.08.2022 00:00	0.705	0.71	0.6900000000000001	0.7000000000000001	38
23.08.2022 00:00	0.7000000000000001	0.71	0.665	0.6950000000000001	758
24.08.2022 00:00	0.6900000000000001	0.71	0.685	0.705	265
25.08.2022 00:00	0.715	0.715	0.7000000000000001	0.705	23
26.08.2022 00:00	0.7000000000000001	0.7000000000000001	0.685	0.7000000000000001	174
29.08.2022 00:00	0.7000000000000001	0.915	0.7000000000000001	0.79	7853
30.08.2022 00:00	0.79	0.79	0.73	0.755	2474
31.08.2022 00:00	0.745	0.745	0.725	0.74	466
01.09.2022 00:00	0.74	0.76	0.735	0.735	169
02.09.2022 00:00	0.735	0.755	0.735	0.745	74
05.09.2022 00:00	0.745	0.755	0.735	0.75	108
06.09.2022 00:00	0.75	0.755	0.745	0.75	123
07.09.2022 00:00	0.745	0.755	0.745	0.755	4
08.09.2022 00:00	0.755	0.775	0.735	0.745	232
09.09.2022 00:00	0.735	0.75	0.73	0.74	116
12.09.2022 00:00	0.74	0.74	0.73	0.74	27
13.09.2022 00:00	0.74	0.79	0.735	0.76	445
14.09.2022 00:00	0.75	0.755	0.745	0.755	57
15.09.2022 00:00	0.755	0.77	0.745	0.77	308
16.09.2022 00:00	0.77	0.9	0.76	0.79	2751
19.09.2022 00:00	0.785	0.84	0.77	0.78	1086
20.09.2022 00:00	0.775	0.785	0.7000000000000001	0.73	1131
21.09.2022 00:00	0.7000000000000001	0.75	0.6950000000000001	0.725	370
22.09.2022 00:00	0.7000000000000001	0.75	0.6950000000000001	0.6950000000000001	93
23.09.2022 00:00	0.6950000000000001	0.71	0.67	0.685	362
26.09.2022 00:00	0.68	0.68	0.65	0.655	172
27.09.2022 00:00	0.68	0.705	0.67	0.675	88
28.09.2022 00:00	0.685	0.6900000000000001	0.685	0.6900000000000001	12
29.09.2022 00:00	0.685	0.6950000000000001	0.665	0.665	55
30.09.2022 00:00	0.665	0.6900000000000001	0.65	0.67	51
03.10.2022 00:00	0.65	0.7000000000000001	0.65	0.7000000000000001	71
04.10.2022 00:00	0.7000000000000001	0.705	0.675	0.7000000000000001	25
05.10.2022 00:00	0.705	0.705	0.675	0.68	42
06.10.2022 00:00	0.7000000000000001	0.7000000000000001	0.68	0.7000000000000001	91
07.10.2022 00:00	0.685	0.685	0.67	0.67	31
10.10.2022 00:00	0.655	0.6950000000000001	0.64	0.6950000000000001	19
11.10.2022 00:00	0.7000000000000001	0.705	0.675	0.68	117
12.10.2022 00:00	0.7000000000000001	0.7000000000000001	0.68	0.685	134
13.10.2022 00:00	0.685	0.705	0.685	0.685	153
14.10.2022 00:00	0.685	0.685	0.685	0.685	33
17.10.2022 00:00	0.685	0.705	0.68	0.705	95
18.10.2022 00:00	0.6900000000000001	0.705	0.68	0.705	214
19.10.2022 00:00	0.685	0.6950000000000001	0.685	0.6900000000000001	15
20.10.2022 00:00	0.6900000000000001	0.705	0.685	0.6950000000000001	109
21.10.2022 00:00	0.685	0.705	0.685	0.6900000000000001	41
24.10.2022 00:00	0.705	0.805	0.6950000000000001	0.71	1698
25.10.2022 00:00	0.71	0.715	0.7000000000000001	0.715	133
26.10.2022 00:00	0.705	0.71	0.685	0.705	153
27.10.2022 00:00	0.6950000000000001	0.72	0.6950000000000001	0.705	238
28.10.2022 00:00	0.71	0.8150000000000001	0.71	0.77	909
31.10.2022 00:00	0.73	0.81	0.73	0.795	937
01.11.2022 00:00	0.785	0.8250000000000001	0.785	0.79	733
02.11.2022 00:00	0.79	0.8	0.785	0.79	51
03.11.2022 00:00	0.79	0.8	0.79	0.8	28
07.11.2022 00:00	0.8	0.8	0.79	0.8	50
08.11.2022 00:00	0.79	0.795	0.785	0.785	102
09.11.2022 00:00	0.785	0.785	0.775	0.775	97
10.11.2022 00:00	0.785	0.785	0.78	0.78	18
11.11.2022 00:00	0.775	0.785	0.775	0.775	7
14.11.2022 00:00	0.775	0.795	0.775	0.78	97
15.11.2022 00:00	0.78	0.785	0.775	0.785	44
16.11.2022 00:00	0.785	0.785	0.775	0.785	4
17.11.2022 00:00	0.78	0.78	0.78	0.78	7
18.11.2022 00:00	0.775	0.775	0.77	0.775	36
21.11.2022 00:00	0.78	0.78	0.77	0.77	11
22.11.2022 00:00	0.77	0.77	0.75	0.755	93
23.11.2022 00:00	0.75	0.755	0.75	0.755	16
24.11.2022 00:00	0.76	0.76	0.75	0.75	33
25.11.2022 00:00	0.75	0.77	0.75	0.755	231
28.11.2022 00:00	0.76	0.78	0.755	0.77	89
29.11.2022 00:00	0.77	0.77	0.77	0.77	14
30.11.2022 00:00	0.76	0.76	0.76	0.76	7
01.12.2022 00:00	0.775	0.775	0.75	0.77	113
02.12.2022 00:00	0.76	0.78	0.755	0.77	59
05.12.2022 00:00	0.78	0.785	0.775	0.775	16
06.12.2022 00:00	0.785	0.785	0.75	0.76	121
07.12.2022 00:00	0.77	0.775	0.755	0.77	77
08.12.2022 00:00	0.77	0.77	0.745	0.755	82
09.12.2022 00:00	0.755	0.76	0.745	0.755	67
12.12.2022 00:00	0.755	0.755	0.745	0.755	95
13.12.2022 00:00	0.755	0.755	0.75	0.755	22
14.12.2022 00:00	0.75	0.75	0.745	0.75	28
15.12.2022 00:00	0.75	0.755	0.745	0.755	71
16.12.2022 00:00	0.755	0.76	0.75	0.76	66
19.12.2022 00:00	0.755	0.76	0.75	0.75	10
20.12.2022 00:00	0.75	0.75	0.74	0.75	171
21.12.2022 00:00	0.74	0.75	0.74	0.75	9
22.12.2022 00:00	0.745	0.75	0.735	0.74	71
23.12.2022 00:00	0.74	0.745	0.735	0.745	13
26.12.2022 00:00	0.74	0.75	0.735	0.75	26
27.12.2022 00:00	0.74	0.745	0.74	0.745	15
28.12.2022 00:00	0.74	0.76	0.74	0.755	107
29.12.2022 00:00	0.75	0.755	0.75	0.755	17
30.12.2022 00:00	0.76	0.76	0.75	0.755	32
03.01.2023 00:00	0.76	0.76	0.76	0.76	30
04.01.2023 00:00	0.76	0.76	0.75	0.76	33
05.01.2023 00:00	0.755	0.76	0.755	0.76	4
06.01.2023 00:00	0.755	0.755	0.75	0.755	8
09.01.2023 00:00	0.76	0.795	0.745	0.77	449
10.01.2023 00:00	0.775	0.9	0.775	0.795	6276
11.01.2023 00:00	0.79	0.8150000000000001	0.775	0.805	1037
12.01.2023 00:00	0.805	0.805	0.785	0.8	243
13.01.2023 00:00	0.8	0.81	0.785	0.795	333
16.01.2023 00:00	0.785	0.8	0.785	0.79	371
17.01.2023 00:00	0.79	0.875	0.785	0.845	5104
18.01.2023 00:00	0.845	0.86	0.81	0.8250000000000001	928
19.01.2023 00:00	0.8250000000000001	0.8250000000000001	0.8150000000000001	0.8150000000000001	77
20.01.2023 00:00	0.8250000000000001	0.835	0.8200000000000001	0.8200000000000001	149
23.01.2023 00:00	0.8200000000000001	0.8250000000000001	0.805	0.8200000000000001	314
24.01.2023 00:00	0.8200000000000001	0.8200000000000001	0.81	0.8150000000000001	57
25.01.2023 00:00	0.81	0.8200000000000001	0.81	0.8200000000000001	111
26.01.2023 00:00	0.8200000000000001	0.8200000000000001	0.81	0.8200000000000001	89
27.01.2023 00:00	0.8150000000000001	0.875	0.8150000000000001	0.86	1145
30.01.2023 00:00	0.86	0.86	0.8150000000000001	0.835	1291
31.01.2023 00:00	0.835	0.845	0.8250000000000001	0.84	124
01.02.2023 00:00	0.8300000000000001	0.845	0.8250000000000001	0.845	128
02.02.2023 00:00	0.845	0.85	0.8300000000000001	0.8300000000000001	130
03.02.2023 00:00	0.84	0.845	0.8300000000000001	0.835	128
06.02.2023 00:00	0.835	0.875	0.835	0.85	395
07.02.2023 00:00	0.85	0.9	0.84	0.855	1269
08.02.2023 00:00	0.865	0.865	0.835	0.85	295
09.02.2023 00:00	0.85	0.9	0.85	0.855	1678
10.02.2023 00:00	0.865	0.87	0.85	0.87	368
13.02.2023 00:00	0.875	0.88	0.865	0.88	420
14.02.2023 00:00	0.88	1.03	0.865	0.9	9172
15.02.2023 00:00	0.96	1.205	0.915	0.93	31532
16.02.2023 00:00	0.935	0.96	0.865	0.89	3769
17.02.2023 00:00	0.89	0.89	0.845	0.855	2166
20.02.2023 00:00	0.865	0.9	0.85	0.85	1540
21.02.2023 00:00	0.85	0.865	0.8250000000000001	0.865	661
22.02.2023 00:00	0.865	0.87	0.845	0.85	207
24.02.2023 00:00	0.865	0.87	0.845	0.855	430
27.02.2023 00:00	0.85	0.88	0.85	0.865	488
28.02.2023 00:00	0.865	0.9	0.855	0.9	346
01.03.2023 00:00	0.9	0.9	0.875	0.885	789
02.03.2023 00:00	0.88	0.935	0.875	0.9	2131
03.03.2023 00:00	0.91	0.92	0.875	0.885	465
06.03.2023 00:00	0.885	0.905	0.885	0.9	355
07.03.2023 00:00	0.9	0.93	0.88	0.89	600
09.03.2023 00:00	0.9	0.915	0.89	0.915	226
10.03.2023 00:00	0.915	0.915	0.9	0.91	102
13.03.2023 00:00	0.91	1.01	0.87	0.885	6909
14.03.2023 00:00	0.89	0.905	0.865	0.87	987
15.03.2023 00:00	0.88	0.885	0.865	0.87	353
16.03.2023 00:00	0.87	0.93	0.87	0.89	1599
17.03.2023 00:00	0.91	0.92	0.885	0.9	313
20.03.2023 00:00	0.9	0.915	0.89	0.91	210
21.03.2023 00:00	0.915	0.9450000000000001	0.9	0.91	910
22.03.2023 00:00	0.9	0.915	0.88	0.905	421
23.03.2023 00:00	0.91	0.9400000000000001	0.89	0.915	720
24.03.2023 00:00	0.92	0.985	0.89	0.915	2989
27.03.2023 00:00	0.93	0.9450000000000001	0.905	0.935	1614
28.03.2023 00:00	0.93	0.975	0.93	0.9400000000000001	463
29.03.2023 00:00	0.935	0.96	0.935	0.9500000000000001	418
30.03.2023 00:00	0.935	1.03	0.935	0.975	2030
31.03.2023 00:00	0.965	1.0050000000000001	0.91	0.9450000000000001	3191
03.04.2023 00:00	0.9500000000000001	0.9500000000000001	0.92	0.9400000000000001	502
04.04.2023 00:00	0.935	0.96	0.93	0.935	1189
05.04.2023 00:00	0.9400000000000001	1.02	0.9400000000000001	1.02	5256
06.04.2023 00:00	1.02	1.06	0.965	1.05	3015
07.04.2023 00:00	1.05	1.08	1.01	1.03	1423
10.04.2023 00:00	1.02	1.06	1.0050000000000001	1.03	1616
11.04.2023 00:00	1.03	1.06	1.0	1.0050000000000001	926
12.04.2023 00:00	1.0	1.0150000000000001	0.99	1.0050000000000001	388
13.04.2023 00:00	1.0150000000000001	1.0150000000000001	0.995	1.0	362
14.04.2023 00:00	1.0050000000000001	1.01	1.0	1.0050000000000001	58
17.04.2023 00:00	1.0050000000000001	1.04	1.0	1.03	810
18.04.2023 00:00	1.03	1.03	1.0	1.0150000000000001	1217
19.04.2023 00:00	1.03	1.05	1.0050000000000001	1.0150000000000001	1601
20.04.2023 00:00	1.03	1.03	0.995	1.0	1301
21.04.2023 00:00	1.0150000000000001	1.1400000000000001	1.01	1.09	12026
24.04.2023 00:00	1.09	1.5150000000000001	1.08	1.445	55112
25.04.2023 00:00	1.445	1.445	1.2550000000000001	1.32	11072
26.04.2023 00:00	1.31	1.31	1.205	1.23	4615
27.04.2023 00:00	1.25	1.3	1.185	1.225	4958
28.04.2023 00:00	1.225	1.245	1.155	1.205	2689
02.05.2023 00:00	1.205	1.215	1.12	1.155	1492
03.05.2023 00:00	1.185	1.195	1.12	1.155	1458
04.05.2023 00:00	1.145	1.145	1.125	1.145	271
05.05.2023 00:00	1.1400000000000001	1.145	1.125	1.1300000000000001	278
08.05.2023 00:00	1.145	1.155	1.125	1.1400000000000001	77
10.05.2023 00:00	1.1400000000000001	1.195	1.11	1.185	971
11.05.2023 00:00	1.175	1.205	1.175	1.205	628
12.05.2023 00:00	1.195	1.225	1.175	1.175	623
15.05.2023 00:00	1.175	1.225	1.175	1.205	639
16.05.2023 00:00	1.235	1.245	1.195	1.205	1053
17.05.2023 00:00	1.215	1.235	1.165	1.205	1216
18.05.2023 00:00	1.205	1.395	1.185	1.245	8701
19.05.2023 00:00	1.245	1.28	1.195	1.225	2877
22.05.2023 00:00	1.235	1.29	1.205	1.245	1490
23.05.2023 00:00	1.245	1.28	1.235	1.235	1283
24.05.2023 00:00	1.2650000000000001	1.2650000000000001	1.245	1.245	368
25.05.2023 00:00	1.2550000000000001	1.2650000000000001	1.205	1.225	762
26.05.2023 00:00	1.225	1.235	1.195	1.205	634
29.05.2023 00:00	1.205	1.225	1.195	1.225	223
30.05.2023 00:00	1.225	1.225	1.195	1.205	479
31.05.2023 00:00	1.205	1.215	1.195	1.205	152
01.06.2023 00:00	1.205	1.215	1.195	1.195	104
02.06.2023 00:00	1.205	1.205	1.195	1.195	166
05.06.2023 00:00	1.195	1.33	1.185	1.195	2971
06.06.2023 00:00	1.195	1.195	1.165	1.185	224
07.06.2023 00:00	1.185	1.225	1.175	1.205	336
08.06.2023 00:00	1.225	1.225	1.185	1.205	254
09.06.2023 00:00	1.205	1.205	1.195	1.195	121
13.06.2023 00:00	1.195	1.215	1.185	1.205	296
14.06.2023 00:00	1.215	1.33	1.205	1.29	9573
15.06.2023 00:00	1.3	1.32	1.2550000000000001	1.3	2370
16.06.2023 00:00	1.3	1.31	1.2650000000000001	1.3	890
19.06.2023 00:00	1.3	1.395	1.235	1.37	4517
20.06.2023 00:00	1.355	1.36	1.31	1.34	1140
21.06.2023 00:00	1.33	1.3900000000000001	1.29	1.32	1355
22.06.2023 00:00	1.33	1.33	1.3	1.33	307
23.06.2023 00:00	1.32	1.395	1.28	1.32	2120
26.06.2023 00:00	1.3	1.3	1.235	1.28	1212
27.06.2023 00:00	1.28	1.3	1.2550000000000001	1.2650000000000001	686
28.06.2023 00:00	1.29	1.35	1.28	1.31	1076
29.06.2023 00:00	1.32	1.33	1.29	1.3	462
30.06.2023 00:00	1.32	1.37	1.3	1.34	3035
03.07.2023 00:00	1.355	1.37	1.32	1.355	1254
04.07.2023 00:00	1.37	1.3800000000000001	1.3	1.34	2905
05.07.2023 00:00	1.355	1.355	1.29	1.32	1279
06.07.2023 00:00	1.32	1.32	1.3	1.31	334
07.07.2023 00:00	1.31	1.31	1.3	1.31	58
10.07.2023 00:00	1.32	1.33	1.3	1.31	612
11.07.2023 00:00	1.31	1.36	1.31	1.33	1081
12.07.2023 00:00	1.34	1.37	1.32	1.34	984
13.07.2023 00:00	1.35	1.465	1.34	1.395	6005
14.07.2023 00:00	1.3900000000000001	1.405	1.3800000000000001	1.395	634
17.07.2023 00:00	1.405	1.6400000000000001	1.405	1.485	14367
18.07.2023 00:00	1.485	1.5150000000000001	1.455	1.475	2887
19.07.2023 00:00	1.485	1.555	1.455	1.5	2431
20.07.2023 00:00	1.5250000000000001	1.995	1.465	1.705	23429
21.07.2023 00:00	1.735	1.735	1.55	1.685	3489
24.07.2023 00:00	1.695	1.895	1.645	1.81	5745
25.07.2023 00:00	1.82	1.895	1.7850000000000001	1.875	4079
26.07.2023 00:00	1.955	2.475	1.895	2.18	14558
27.07.2023 00:00	2.295	2.66	2.225	2.41	15542
28.07.2023 00:00	2.41	2.45	2.25	2.415	2793
31.07.2023 00:00	2.43	2.475	2.2800000000000002	2.415	2201
01.08.2023 00:00	2.455	2.835	2.37	2.615	8167
02.08.2023 00:00	2.645	2.645	2.545	2.6	1780
03.08.2023 00:00	2.625	2.895	2.52	2.73	4467
04.08.2023 00:00	2.7800000000000002	3.295	2.7800000000000002	2.965	9389
07.08.2023 00:00	2.995	3.895	2.965	3.875	17399
08.08.2023 00:00	4.2	5.425	3.995	5.425	15633
09.08.2023 00:00	5.965	5.965	5.675	5.965	6126
10.08.2023 00:00	5.98	6.26	3.795	4.595	14563
11.08.2023 00:00	4.775	5.005	3.895	4.625	3882
14.08.2023 00:00	4.995	5.005	4.7	4.945	2421
15.08.2023 00:00	4.72	4.9350000000000005	4.2	4.695	2121
16.08.2023 00:00	4.73	4.73	3.855	4.175	2810
17.08.2023 00:00	4.33	4.33	3.795	3.895	2395
18.08.2023 00:00	4.045	4.295	3.91	4.16	3239
21.08.2023 00:00	4.255	4.57	4.165	4.57	3116
22.08.2023 00:00	4.57	4.965	4.57	4.91	2410
23.08.2023 00:00	4.995	4.995	4.4	4.6850000000000005	1593
24.08.2023 00:00	4.62	4.755	4.53	4.71	1105
25.08.2023 00:00	4.71	4.745	4.525	4.71	981
28.08.2023 00:00	4.765	5.175	4.71	5.035	5764
29.08.2023 00:00	5.04	5.15	4.62	4.915	2918
30.08.2023 00:00	4.87	4.955	4.795	4.9	988
31.08.2023 00:00	4.995	4.995	4.74	4.79	805
01.09.2023 00:00	4.825	4.965	4.665	4.8	725
04.09.2023 00:00	4.9350000000000005	5.165	4.795	4.95	2786
05.09.2023 00:00	5.165	5.495	4.995	5.165	5779
06.09.2023 00:00	5.285	6.295	5.155	5.71	13484
07.09.2023 00:00	5.675	5.7	4.835	5.215	2956
08.09.2023 00:00	5.215	5.39	4.845	5.15	1362
11.09.2023 00:00	5.205	5.6850000000000005	5.075	5.23	1720
12.09.2023 00:00	5.23	5.305	5.01	5.17	935
13.09.2023 00:00	5.295	5.305	4.995	5.035	949
14.09.2023 00:00	4.995	5.2	4.13	4.61	1684
15.09.2023 00:00	4.7	4.91	4.545	4.875	524
18.09.2023 00:00	4.87	4.995	4.7	4.775	418
19.09.2023 00:00	4.775	5.745	4.39	4.42	5936
20.09.2023 00:00	4.2	4.385	3.915	4.075	2710
21.09.2023 00:00	3.995	4.6850000000000005	3.955	3.995	4568
22.09.2023 00:00	4.025	4.2	3.955	4.18	876
25.09.2023 00:00	4.19	4.375	4.025	4.13	760
26.09.2023 00:00	4.105	4.245	4.105	4.205	475
27.09.2023 00:00	4.375	4.375	4.105	4.2	703
28.09.2023 00:00	4.21	4.295	4.13	4.195	1176
29.09.2023 00:00	4.205	4.245	4.03	4.13	545
02.10.2023 00:00	4.195	4.245	3.995	4.245	819
03.10.2023 00:00	4.285	4.285	3.98	4.125	637
04.10.2023 00:00	4.115	4.215	4.005	4.155	1786
05.10.2023 00:00	4.175	4.265	4.175	4.255	1053
06.10.2023 00:00	4.26	4.265	4.11	4.195	465
09.10.2023 00:00	4.265	4.265	4.12	4.205	677
10.10.2023 00:00	4.195	4.37	4.135	4.195	1165
11.10.2023 00:00	4.195	4.195	4.035	4.07	1795
12.10.2023 00:00	4.075	4.075	3.85	3.96	1802
13.10.2023 00:00	3.96	4.12	3.92	4.075	1318
16.10.2023 00:00	4.12	4.13	3.99	4.085	1463
17.10.2023 00:00	4.085	4.28	4.035	4.2	2316
18.10.2023 00:00	4.21	4.28	4.13	4.2	2123
19.10.2023 00:00	4.215	4.23	4.16	4.19	607
20.10.2023 00:00	4.19	4.19	4.035	4.035	545
23.10.2023 00:00	4.035	4.125	3.995	4.035	658
24.10.2023 00:00	4.035	4.035	4.005	4.035	189
25.10.2023 00:00	4.035	4.035	4.025	4.03	325
26.10.2023 00:00	4.03	4.03	3.895	3.935	620
27.10.2023 00:00	3.935	4.03	3.895	3.94	686
30.10.2023 00:00	4.035	4.165	3.92	4.09	996
31.10.2023 00:00	4.09	4.135	3.895	3.91	514
01.11.2023 00:00	3.91	4.015	3.795	3.915	412
02.11.2023 00:00	3.915	3.995	3.75	3.85	577
03.11.2023 00:00	3.795	3.89	3.785	3.85	379
06.11.2023 00:00	3.795	3.92	3.785	3.825	504
07.11.2023 00:00	3.825	3.88	3.7	3.725	1565
08.11.2023 00:00	3.7	3.75	3.42	3.52	4588
09.11.2023 00:00	3.52	3.52	3.41	3.435	1033
10.11.2023 00:00	3.43	3.43	3.125	3.255	1914
13.11.2023 00:00	3.255	3.2800000000000002	2.995	3.02	1644
14.11.2023 00:00	2.91	3.435	2.225	2.765	5332
15.11.2023 00:00	2.69	3.19	2.68	3.085	2152
16.11.2023 00:00	3.325	3.435	3.12	3.43	1973
17.11.2023 00:00	3.29	3.435	3.225	3.39	535
20.11.2023 00:00	3.38	3.575	3.21	3.495	3564
21.11.2023 00:00	3.395	3.455	3.35	3.39	405
22.11.2023 00:00	3.41	3.625	3.39	3.52	789
23.11.2023 00:00	3.535	3.7	3.35	3.415	1089
24.11.2023 00:00	3.35	3.7	3.35	3.475	401
27.11.2023 00:00	3.56	3.745	3.375	3.44	1125
28.11.2023 00:00	3.395	3.535	3.295	3.475	451
29.11.2023 00:00	3.505	3.545	3.335	3.37	490
30.11.2023 00:00	3.33	3.495	3.14	3.2	558
01.12.2023 00:00	3.245	3.2800000000000002	2.995	3.055	228
04.12.2023 00:00	3.02	3.025	2.85	2.85	878
05.12.2023 00:00	2.87	2.87	2.615	2.685	1241
06.12.2023 00:00	2.685	2.7	2.535	2.62	622
07.12.2023 00:00	2.58	2.6	2.33	2.44	887
08.12.2023 00:00	2.45	2.54	2.35	2.38	546
11.12.2023 00:00	2.37	2.43	2.31	2.38	365
12.12.2023 00:00	2.355	2.395	2.24	2.295	1574
13.12.2023 00:00	2.29	2.515	2.25	2.37	966
14.12.2023 00:00	2.38	2.5300000000000002	2.2800000000000002	2.2800000000000002	1016
15.12.2023 00:00	2.285	2.39	2.145	2.39	978
18.12.2023 00:00	2.395	2.515	2.39	2.45	543
19.12.2023 00:00	2.435	2.685	2.435	2.59	544
20.12.2023 00:00	2.6550000000000002	2.73	2.455	2.68	1374
21.12.2023 00:00	2.68	2.91	2.495	2.705	2955
22.12.2023 00:00	2.705	2.83	2.68	2.705	1848
25.12.2023 00:00	2.68	2.995	2.68	2.74	2058
26.12.2023 00:00	2.765	2.815	2.725	2.765	709
27.12.2023 00:00	2.73	2.755	2.625	2.705	972
28.12.2023 00:00	2.765	2.765	2.62	2.62	668
29.12.2023 00:00	2.62	2.66	2.56	2.625	157
03.01.2024 00:00	2.625	2.785	2.6	2.725	430
04.01.2024 00:00	2.745	2.7800000000000002	2.7	2.7800000000000002	1269
05.01.2024 00:00	2.7800000000000002	3.225	2.74	2.955	3934
08.01.2024 00:00	3.165	3.255	2.98	3.16	3646
09.01.2024 00:00	3.22	3.465	3.125	3.25	1998
10.01.2024 00:00	3.31	3.68	3.27	3.575	3490
11.01.2024 00:00	3.58	3.805	3.375	3.555	2697
12.01.2024 00:00	3.59	3.7	3.495	3.58	1379
15.01.2024 00:00	3.64	3.665	3.545	3.64	1652
16.01.2024 00:00	3.66	3.815	3.645	3.7	2297
17.01.2024 00:00	3.715	3.765	3.42	3.615	1292
18.01.2024 00:00	3.67	3.67	3.5	3.575	391
19.01.2024 00:00	3.575	3.63	3.45	3.515	520
22.01.2024 00:00	3.455	3.6	3.45	3.585	508
23.01.2024 00:00	3.585	3.835	3.555	3.575	1266
24.01.2024 00:00	3.62	3.685	3.58	3.615	668
25.01.2024 00:00	3.745	3.795	3.58	3.615	1191
26.01.2024 00:00	3.645	3.66	3.545	3.555	268
29.01.2024 00:00	3.6	3.64	3.555	3.585	286
30.01.2024 00:00	3.585	3.585	3.465	3.495	466
31.01.2024 00:00	3.505	3.555	3.48	3.515	363
01.02.2024 00:00	3.5300000000000002	3.575	3.475	3.575	625
02.02.2024 00:00	3.6	3.6	3.475	3.48	417
05.02.2024 00:00	3.535	3.555	3.45	3.475	313
06.02.2024 00:00	3.495	3.545	3.46	3.475	181
07.02.2024 00:00	3.48	3.495	3.435	3.475	245
08.02.2024 00:00	3.46	3.46	3.305	3.355	378
09.02.2024 00:00	3.355	3.455	3.25	3.255	793
12.02.2024 00:00	3.255	3.495	3.255	3.33	645
13.02.2024 00:00	3.37	3.41	3.35	3.38	223
14.02.2024 00:00	3.375	3.45	3.375	3.415	275
15.02.2024 00:00	3.42	3.42	3.33	3.375	202
16.02.2024 00:00	3.375	3.395	3.225	3.305	433
19.02.2024 00:00	3.315	3.365	3.225	3.2800000000000002	520
20.02.2024 00:00	3.355	3.395	3.02	3.055	2778
21.02.2024 00:00	3.055	3.1	2.705	2.84	2740
22.02.2024 00:00	2.865	3.035	2.66	2.715	2284
26.02.2024 00:00	2.765	2.95	2.765	2.895	900
27.02.2024 00:00	2.94	2.995	2.87	2.92	842
28.02.2024 00:00	2.915	2.99	2.88	2.89	471
29.02.2024 00:00	2.89	2.94	2.815	2.85	376
01.03.2024 00:00	2.85	2.995	2.755	2.825	1901
04.03.2024 00:00	2.835	2.89	2.73	2.81	1332
05.03.2024 00:00	2.795	2.875	2.745	2.865	812
06.03.2024 00:00	2.875	2.91	2.83	2.865	325
07.03.2024 00:00	2.88	2.92	2.825	2.865	338
11.03.2024 00:00	2.85	2.88	2.795	2.85	413
12.03.2024 00:00	2.85	2.92	2.755	2.89	711
13.03.2024 00:00	2.93	3.165	2.83	2.975	5013
14.03.2024 00:00	3.015	3.14	2.835	2.875	1896
15.03.2024 00:00	2.915	2.935	2.815	2.825	825
18.03.2024 00:00	2.87	2.9050000000000002	2.745	2.83	967
19.03.2024 00:00	2.795	2.835	2.7800000000000002	2.79	416
20.03.2024 00:00	2.805	2.83	2.74	2.74	564
21.03.2024 00:00	2.805	2.865	2.73	2.85	813
22.03.2024 00:00	2.83	2.87	2.74	2.785	745
25.03.2024 00:00	2.795	2.89	2.7	2.765	1012
26.03.2024 00:00	2.81	2.88	2.68	2.825	2465
27.03.2024 00:00	2.835	2.875	2.765	2.815	2391
28.03.2024 00:00	2.88	2.9050000000000002	2.785	2.895	2872
29.03.2024 00:00	2.91	2.91	2.83	2.865	2504
01.04.2024 00:00	2.91	2.91	2.83	2.85	1758
02.04.2024 00:00	2.875	2.89	2.515	2.68	9546
03.04.2024 00:00	2.7	2.785	2.68	2.73	3281
04.04.2024 00:00	2.73	2.79	2.68	2.745	1856
05.04.2024 00:00	2.74	2.745	2.705	2.725	388
08.04.2024 00:00	2.725	2.765	2.7	2.7	959
09.04.2024 00:00	2.69	2.725	2.6	2.6550000000000002	1886
10.04.2024 00:00	2.66	2.715	2.6550000000000002	2.715	825
11.04.2024 00:00	2.715	2.785	2.645	2.705	1798
12.04.2024 00:00	2.725	2.73	2.68	2.715	876
15.04.2024 00:00	2.74	2.75	2.66	2.68	1112
16.04.2024 00:00	2.7	2.745	2.645	2.6550000000000002	839
17.04.2024 00:00	2.68	3.165	2.665	2.85	23930
18.04.2024 00:00	2.85	2.85	2.73	2.785	3971
19.04.2024 00:00	2.79	2.795	2.67	2.77	2530
22.04.2024 00:00	2.77	2.85	2.71	2.75	2130
23.04.2024 00:00	2.795	2.825	2.74	2.81	2360
24.04.2024 00:00	2.815	3.38	2.79	3.38	27439
25.04.2024 00:00	3.325	3.37	2.995	3.185	16410
26.04.2024 00:00	3.33	3.34	3.015	3.075	5355
27.04.2024 00:00	3.08	3.225	2.975	2.995	2379
29.04.2024 00:00	3.015	3.015	2.745	2.89	6093
30.04.2024 00:00	2.89	3.165	2.85	2.995	6568
02.05.2024 00:00	3.025	3.29	3.025	3.08	10917
03.05.2024 00:00	3.08	3.18	2.975	3.14	1744
06.05.2024 00:00	3.2	3.225	3.055	3.08	1505
07.05.2024 00:00	3.12	3.14	2.95	3.0	1654
08.05.2024 00:00	2.995	3.1	2.975	3.015	1327
10.05.2024 00:00	3.025	3.04	2.955	3.0	583
13.05.2024 00:00	3.04	3.15	3.0	3.015	2555
14.05.2024 00:00	3.045	3.1	2.99	3.0	999
15.05.2024 00:00	3.04	3.075	2.91	2.955	1791
16.05.2024 00:00	2.94	3.015	2.93	2.98	1190
17.05.2024 00:00	2.975	3.02	2.9050000000000002	2.975	1034
20.05.2024 00:00	2.975	3.02	2.87	2.92	1040
21.05.2024 00:00	2.93	3.125	2.87	3.005	3033
22.05.2024 00:00	3.06	3.075	2.89	3.035	1081
23.05.2024 00:00	3.035	3.045	2.92	2.96	1157
24.05.2024 00:00	2.95	2.95	2.83	2.83	1716
27.05.2024 00:00	2.87	2.87	2.645	2.725	1376
28.05.2024 00:00	2.74	2.7800000000000002	2.555	2.75	1713
29.05.2024 00:00	2.765	2.765	2.615	2.64	682
30.05.2024 00:00	2.645	2.69	2.63	2.64	264
31.05.2024 00:00	2.625	2.625	2.495	2.555	1075
03.06.2024 00:00	2.545	2.58	2.2800000000000002	2.365	2568
04.06.2024 00:00	2.365	2.575	2.365	2.575	1886
05.06.2024 00:00	2.625	2.745	2.625	2.685	1221
06.06.2024 00:00	2.68	2.68	2.58	2.6	568
07.06.2024 00:00	2.605	2.7	2.6	2.69	524
10.06.2024 00:00	2.68	2.7800000000000002	2.68	2.7	424
11.06.2024 00:00	2.7	2.745	2.58	2.58	1327
13.06.2024 00:00	2.435	2.54	2.37	2.505	683
14.06.2024 00:00	2.535	2.755	2.5	2.565	2043
17.06.2024 00:00	2.58	2.62	2.54	2.565	243
18.06.2024 00:00	2.54	2.58	2.5	2.505	176
19.06.2024 00:00	2.5	2.6	2.37	2.39	882
20.06.2024 00:00	2.395	2.475	2.285	2.455	790
21.06.2024 00:00	2.46	2.535	2.41	2.44	300
24.06.2024 00:00	2.435	2.505	2.4050000000000002	2.45	179
25.06.2024 00:00	2.46	2.475	2.42	2.44	68
26.06.2024 00:00	2.435	2.465	2.42	2.455	167
27.06.2024 00:00	2.455	2.455	2.365	2.435	620
28.06.2024 00:00	2.45	2.455	2.395	2.45	46
01.07.2024 00:00	2.41	2.5	2.41	2.435	300
02.07.2024 00:00	2.455	2.535	2.42	2.45	1219
03.07.2024 00:00	2.5300000000000002	2.63	2.495	2.58	804
04.07.2024 00:00	2.585	2.66	2.455	2.6	1147
05.07.2024 00:00	2.545	2.66	2.515	2.63	429
08.07.2024 00:00	2.62	2.715	2.62	2.68	704
09.07.2024 00:00	2.71	2.71	2.455	2.465	1015
10.07.2024 00:00	2.455	2.605	2.41	2.465	735
11.07.2024 00:00	2.475	2.545	2.435	2.475	368
12.07.2024 00:00	2.48	2.535	2.46	2.475	274
15.07.2024 00:00	2.505	2.58	2.45	2.545	486
16.07.2024 00:00	2.56	2.56	2.495	2.535	331
17.07.2024 00:00	2.5	2.6	2.5	2.58	777
18.07.2024 00:00	2.58	2.58	2.515	2.52	408
19.07.2024 00:00	2.645	2.645	2.495	2.52	1107
22.07.2024 00:00	2.545	2.56	2.5	2.5	197
23.07.2024 00:00	2.5	2.535	2.475	2.515	451
24.07.2024 00:00	2.5300000000000002	2.62	2.505	2.615	395
25.07.2024 00:00	2.58	2.64	2.56	2.59	183
26.07.2024 00:00	2.585	2.64	2.495	2.565	256
29.07.2024 00:00	2.5300000000000002	2.565	2.495	2.56	256
30.07.2024 00:00	2.52	2.565	2.48	2.515	268
31.07.2024 00:00	2.52	2.545	2.495	2.495	158
01.08.2024 00:00	2.505	2.575	2.505	2.505	229
02.08.2024 00:00	2.515	2.575	2.515	2.535	236
05.08.2024 00:00	2.535	2.555	2.395	2.435	257
06.08.2024 00:00	2.46	2.475	2.4050000000000002	2.475	193
07.08.2024 00:00	2.45	2.515	2.45	2.495	111
08.08.2024 00:00	2.515	2.54	2.475	2.49	64
09.08.2024 00:00	2.52	2.535	2.495	2.535	72
12.08.2024 00:00	2.535	2.585	2.5	2.565	335
13.08.2024 00:00	2.565	2.7	2.545	2.66	872
14.08.2024 00:00	2.665	2.785	2.6	2.68	937
15.08.2024 00:00	2.69	2.77	2.62	2.645	317
16.08.2024 00:00	2.69	2.805	2.555	2.64	567
19.08.2024 00:00	2.64	2.64	2.545	2.545	413
20.08.2024 00:00	2.54	2.545	2.495	2.535	299
21.08.2024 00:00	2.535	2.825	2.5300000000000002	2.64	989
22.08.2024 00:00	2.645	2.68	2.46	2.46	580
23.08.2024 00:00	2.455	2.565	2.315	2.365	1000
26.08.2024 00:00	2.35	2.505	2.35	2.42	290
27.08.2024 00:00	2.44	2.44	2.4050000000000002	2.41	46
28.08.2024 00:00	2.42	2.42	2.31	2.4050000000000002	253
29.08.2024 00:00	2.39	2.43	2.35	2.41	111
30.08.2024 00:00	2.395	2.4050000000000002	2.34	2.37	85
02.09.2024 00:00	2.365	2.37	2.14	2.17	1091
03.09.2024 00:00	2.125	2.285	2.1	2.25	331
04.09.2024 00:00	2.25	2.49	2.225	2.45	355
05.09.2024 00:00	2.395	2.49	2.37	2.37	474
06.09.2024 00:00	2.37	2.6	2.37	2.495	1212
09.09.2024 00:00	2.45	2.565	2.395	2.465	958
10.09.2024 00:00	2.495	2.515	2.295	2.37	718
11.09.2024 00:00	2.37	2.4050000000000002	2.37	2.37	290
12.09.2024 00:00	2.4050000000000002	2.4050000000000002	2.225	2.27	571
13.09.2024 00:00	2.245	2.31	2.225	2.2800000000000002	242
16.09.2024 00:00	2.265	2.39	2.25	2.34	396
17.09.2024 00:00	2.335	2.375	2.295	2.35	228
18.09.2024 00:00	2.34	2.35	2.265	2.31	188
19.09.2024 00:00	2.305	2.455	2.305	2.335	447
20.09.2024 00:00	2.33	2.43	2.33	2.39	142
23.09.2024 00:00	2.375	2.38	2.305	2.35	1234
24.09.2024 00:00	2.35	2.365	2.315	2.365	378
25.09.2024 00:00	2.35	2.37	2.315	2.335	211
26.09.2024 00:00	2.335	2.37	2.305	2.315	327
27.09.2024 00:00	2.31	2.335	2.285	2.325	124
30.09.2024 00:00	2.325	2.33	2.31	2.31	76
01.10.2024 00:00	2.295	2.31	2.165	2.2	960
02.10.2024 00:00	2.2	2.245	2.1	2.12	751
03.10.2024 00:00	2.125	2.16	2.06	2.075	880
04.10.2024 00:00	2.1	2.12	2.08	2.095	253
07.10.2024 00:00	2.095	2.14	2.045	2.045	691
08.10.2024 00:00	2.06	2.08	2.045	2.08	78
09.10.2024 00:00	2.08	2.085	1.995	2.005	767
10.10.2024 00:00	1.995	2.06	1.975	2.0	434
11.10.2024 00:00	1.995	1.995	1.94	1.96	680
14.10.2024 00:00	1.965	1.965	1.895	1.93	653
15.10.2024 00:00	1.9000000000000001	1.935	1.8800000000000001	1.8900000000000001	488
16.10.2024 00:00	1.895	1.935	1.87	1.8900000000000001	491
17.10.2024 00:00	1.9000000000000001	1.9000000000000001	1.8800000000000001	1.8900000000000001	91
18.10.2024 00:00	1.87	1.87	1.83	1.84	274
21.10.2024 00:00	1.835	1.87	1.815	1.835	195
22.10.2024 00:00	1.835	1.835	1.805	1.805	102
23.10.2024 00:00	1.8	1.82	1.7650000000000001	1.81	206
24.10.2024 00:00	1.81	1.935	1.69	1.75	800
25.10.2024 00:00	1.735	1.7650000000000001	1.725	1.735	87
28.10.2024 00:00	1.73	1.87	1.715	1.715	1084
29.10.2024 00:00	1.725	1.835	1.68	1.79	356
30.10.2024 00:00	1.8	1.935	1.7750000000000001	1.8900000000000001	641
31.10.2024 00:00	1.86	1.945	1.7850000000000001	1.83	1297
01.11.2024 00:00	1.815	1.84	1.75	1.8	327
02.11.2024 00:00	1.82	1.82	1.7750000000000001	1.7750000000000001	90
05.11.2024 00:00	1.8	1.8	1.7850000000000001	1.7850000000000001	103
06.11.2024 00:00	1.81	1.85	1.745	1.79	344
07.11.2024 00:00	1.81	1.81	1.77	1.805	96
08.11.2024 00:00	1.82	1.85	1.735	1.77	467
11.11.2024 00:00	1.7750000000000001	1.835	1.7750000000000001	1.79	217
12.11.2024 00:00	1.81	1.935	1.805	1.8900000000000001	750
13.11.2024 00:00	1.895	1.955	1.84	1.8800000000000001	792
14.11.2024 00:00	1.8900000000000001	1.9000000000000001	1.81	1.87	578
15.11.2024 00:00	1.8800000000000001	2.165	1.84	1.87	5679
18.11.2024 00:00	1.855	1.855	1.8	1.83	764
19.11.2024 00:00	1.81	1.935	1.81	1.815	1216
20.11.2024 00:00	1.815	1.835	1.745	1.745	425
21.11.2024 00:00	1.7650000000000001	1.7650000000000001	1.565	1.665	1158
22.11.2024 00:00	1.6600000000000001	1.71	1.6600000000000001	1.665	190
25.11.2024 00:00	1.685	1.695	1.59	1.605	250
26.11.2024 00:00	1.59	1.6400000000000001	1.455	1.5150000000000001	914
27.11.2024 00:00	1.52	1.52	1.37	1.415	1210
28.11.2024 00:00	1.445	1.48	1.415	1.435	162
29.11.2024 00:00	1.435	1.555	1.435	1.5	498
02.12.2024 00:00	1.5	1.6	1.405	1.55	695
03.12.2024 00:00	1.56	1.6400000000000001	1.5	1.5	225
04.12.2024 00:00	1.48	1.5150000000000001	1.435	1.435	178
05.12.2024 00:00	1.475	1.495	1.425	1.445	127
06.12.2024 00:00	1.445	1.495	1.435	1.445	197
09.12.2024 00:00	1.455	1.6	1.425	1.48	1717
10.12.2024 00:00	1.475	1.5150000000000001	1.445	1.48	132
11.12.2024 00:00	1.475	1.5	1.455	1.485	99
12.12.2024 00:00	1.455	1.495	1.415	1.465	181
13.12.2024 00:00	1.475	1.475	1.445	1.465	77
16.12.2024 00:00	1.455	1.475	1.37	1.3800000000000001	235
17.12.2024 00:00	1.375	1.395	1.33	1.37	266
18.12.2024 00:00	1.37	1.415	1.35	1.395	224
19.12.2024 00:00	1.3900000000000001	1.455	1.3900000000000001	1.455	229
20.12.2024 00:00	1.445	1.585	1.445	1.58	937
23.12.2024 00:00	1.59	1.6400000000000001	1.455	1.495	1174
24.12.2024 00:00	1.495	1.495	1.435	1.465	819
25.12.2024 00:00	1.455	1.48	1.435	1.475	311
26.12.2024 00:00	1.495	1.58	1.465	1.54	1063
27.12.2024 00:00	1.54	1.6	1.5350000000000001	1.555	210
28.12.2024 00:00	1.565	1.57	1.5350000000000001	1.56	289
30.12.2024 00:00	1.56	1.6	1.555	1.59	542
03.01.2025 00:00	1.62	1.6300000000000001	1.57	1.6	127
06.01.2025 00:00	1.6	1.6400000000000001	1.585	1.62	393
08.01.2025 00:00	1.6500000000000001	1.685	1.62	1.6500000000000001	327
09.01.2025 00:00	1.69	1.71	1.58	1.6	494
10.01.2025 00:00	1.62	1.665	1.6	1.6400000000000001	527
13.01.2025 00:00	1.6400000000000001	1.68	1.6400000000000001	1.6400000000000001	337
14.01.2025 00:00	1.6500000000000001	1.665	1.61	1.61	322
15.01.2025 00:00	1.6400000000000001	1.6600000000000001	1.62	1.6400000000000001	225
16.01.2025 00:00	1.6400000000000001	1.735	1.6400000000000001	1.73	615
17.01.2025 00:00	1.71	1.7850000000000001	1.705	1.77	727
20.01.2025 00:00	1.77	1.96	1.705	1.93	4048
21.01.2025 00:00	1.925	1.995	1.86	1.9000000000000001	1440
22.01.2025 00:00	1.915	1.965	1.9000000000000001	1.96	684
23.01.2025 00:00	1.965	1.985	1.85	1.9100000000000001	1009
24.01.2025 00:00	1.935	2.075	1.9100000000000001	2.015	2140
27.01.2025 00:00	2.045	2.125	1.8800000000000001	1.9100000000000001	1714
28.01.2025 00:00	1.9100000000000001	1.985	1.855	1.975	1065
29.01.2025 00:00	1.975	2.015	1.945	1.965	344
30.01.2025 00:00	1.975	2.0	1.935	1.935	599
31.01.2025 00:00	1.945	1.945	1.8900000000000001	1.9100000000000001	1438
03.02.2025 00:00	1.86	1.8900000000000001	1.805	1.805	611
04.02.2025 00:00	1.835	1.86	1.745	1.7550000000000001	867
05.02.2025 00:00	1.7850000000000001	1.79	1.735	1.75	412
06.02.2025 00:00	1.7550000000000001	1.84	1.7550000000000001	1.81	233
07.02.2025 00:00	1.855	1.855	1.7650000000000001	1.79	160
10.02.2025 00:00	1.79	1.8	1.715	1.77	558
11.02.2025 00:00	1.79	1.81	1.75	1.81	235
12.02.2025 00:00	1.81	1.83	1.7850000000000001	1.8	185
13.02.2025 00:00	1.86	1.925	1.7850000000000001	1.83	362
14.02.2025 00:00	1.835	1.8900000000000001	1.7850000000000001	1.805	650
17.02.2025 00:00	1.85	1.8900000000000001	1.805	1.855	470
18.02.2025 00:00	1.855	1.975	1.84	1.8800000000000001	1509
19.02.2025 00:00	1.8800000000000001	1.9100000000000001	1.83	1.855	711
20.02.2025 00:00	1.875	1.9100000000000001	1.835	1.86	809
21.02.2025 00:00	1.87	1.875	1.83	1.85	504
24.02.2025 00:00	1.85	1.93	1.85	1.8900000000000001	767
25.02.2025 00:00	1.9100000000000001	1.935	1.895	1.9100000000000001	600
26.02.2025 00:00	1.9000000000000001	1.93	1.85	1.8800000000000001	417
27.02.2025 00:00	1.86	1.8900000000000001	1.83	1.83	349
28.02.2025 00:00	1.835	1.9000000000000001	1.8	1.8900000000000001	479
03.03.2025 00:00	1.8900000000000001	1.915	1.82	1.83	342
04.03.2025 00:00	1.87	1.9000000000000001	1.835	1.895	189
05.03.2025 00:00	1.895	1.93	1.8800000000000001	1.895	424
06.03.2025 00:00	1.895	1.895	1.835	1.895	621
07.03.2025 00:00	1.895	1.895	1.86	1.86	280
10.03.2025 00:00	1.875	1.895	1.87	1.895	135
11.03.2025 00:00	1.9000000000000001	1.98	1.86	1.935	3079
12.03.2025 00:00	1.955	1.98	1.9000000000000001	1.975	1358
13.03.2025 00:00	1.975	2.045	1.895	1.935	1708
14.03.2025 00:00	1.935	1.985	1.9100000000000001	1.955	317
17.03.2025 00:00	1.995	2.075	1.985	2.015	852
18.03.2025 00:00	2.045	2.045	1.995	1.995	298
19.03.2025 00:00	2.035	2.105	1.995	2.035	806
20.03.2025 00:00	2.085	2.1	2.035	2.075	472
21.03.2025 00:00	2.045	2.08	2.035	2.035	203
24.03.2025 00:00	2.075	2.1	2.055	2.08	151
25.03.2025 00:00	2.1	2.16	1.975	2.005	683
26.03.2025 00:00	2.035	2.04	1.935	1.955	931
27.03.2025 00:00	1.945	1.975	1.915	1.975	208
28.03.2025 00:00	1.995	1.995	1.805	1.875	556
31.03.2025 00:00	1.9100000000000001	1.96	1.855	1.9100000000000001	259
01.04.2025 00:00	1.915	1.935	1.85	1.8900000000000001	265
02.04.2025 00:00	1.85	1.8900000000000001	1.835	1.84	332
03.04.2025 00:00	1.84	1.855	1.8	1.8	196
04.04.2025 00:00	1.8	1.8	1.6400000000000001	1.725	671
07.04.2025 00:00	1.715	1.715	1.585	1.6400000000000001	517
08.04.2025 00:00	1.69	1.71	1.6400000000000001	1.6400000000000001	343
09.04.2025 00:00	1.6500000000000001	1.735	1.645	1.665	841
10.04.2025 00:00	1.695	1.735	1.69	1.73	304
11.04.2025 00:00	1.745	1.815	1.745	1.7750000000000001	173
14.04.2025 00:00	1.83	1.83	1.7650000000000001	1.8	73
15.04.2025 00:00	1.805	1.85	1.79	1.8	139
16.04.2025 00:00	1.805	1.83	1.8	1.81	126
17.04.2025 00:00	1.82	1.83	1.7750000000000001	1.83	298
18.04.2025 00:00	1.82	1.82	1.7850000000000001	1.8	50
21.04.2025 00:00	1.815	1.955	1.7850000000000001	1.86	212
22.04.2025 00:00	1.855	1.94	1.85	1.855	170
23.04.2025 00:00	1.855	1.855	1.81	1.81	59
24.04.2025 00:00	1.81	1.81	1.7850000000000001	1.79	81
25.04.2025 00:00	1.79	1.935	1.7850000000000001	1.84	641
28.04.2025 00:00	1.915	1.935	1.85	1.895	399
29.04.2025 00:00	1.895	1.895	1.835	1.8900000000000001	153
30.04.2025 00:00	1.85	1.87	1.835	1.87	94
02.05.2025 00:00	1.83	1.85	1.815	1.815	8
05.05.2025 00:00	1.85	1.875	1.8	1.8	227
06.05.2025 00:00	1.83	1.83	1.79	1.805	80
07.05.2025 00:00	1.83	1.83	1.8	1.8	129
08.05.2025 00:00	1.81	1.815	1.81	1.815	37
12.05.2025 00:00	1.81	1.85	1.79	1.815	374
13.05.2025 00:00	1.815	1.855	1.815	1.85	145
14.05.2025 00:00	1.85	1.85	1.8	1.83	183
15.05.2025 00:00	1.81	1.83	1.79	1.815	302
16.05.2025 00:00	1.81	1.82	1.675	1.695	1049
19.05.2025 00:00	1.685	1.69	1.61	1.6600000000000001	1188
20.05.2025 00:00	1.6300000000000001	1.6400000000000001	1.62	1.625	248
21.05.2025 00:00	1.6300000000000001	1.6400000000000001	1.62	1.6300000000000001	80
22.05.2025 00:00	1.62	1.62	1.52	1.555	250
