datetime	open	high	low	close	volume
10.04.2018 00:00	80.0	80.0	80.0	80.0	2
24.04.2018 00:00	72.0	82.0	72.0	82.0	5
18.05.2018 00:00	66.0	84.0	66.0	84.0	46
21.05.2018 00:00	70.0	72.0	68.0	68.0	15
22.05.2018 00:00	72.0	72.0	68.0	68.0	22
23.05.2018 00:00	70.0	70.0	70.0	70.0	3
25.05.2018 00:00	72.0	72.0	72.0	72.0	1
28.05.2018 00:00	66.0	70.0	66.0	70.0	3
29.05.2018 00:00	70.0	70.0	70.0	70.0	10
13.06.2018 00:00	66.0	68.0	66.0	68.0	3
19.06.2018 00:00	72.0	92.0	70.0	84.0	30
20.06.2018 00:00	116.0	116.0	86.0	116.0	43
21.06.2018 00:00	92.0	122.0	92.0	102.0	49
22.06.2018 00:00	154.0	168.0	122.0	124.0	42
25.06.2018 00:00	120.0	120.0	120.0	120.0	2
29.06.2018 00:00	140.0	146.0	140.0	146.0	5
16.07.2018 00:00	104.0	104.0	104.0	104.0	1
03.08.2018 00:00	104.0	104.0	104.0	104.0	2
06.08.2018 00:00	96.0	98.0	96.0	98.0	2
15.08.2018 00:00	86.0	96.0	86.0	96.0	2
27.09.2018 00:00	122.0	124.0	106.0	106.0	6
08.10.2018 00:00	98.0	98.0	98.0	98.0	3
09.11.2018 00:00	84.0	84.0	78.0	78.0	2
28.12.2018 00:00	100.0	124.0	74.0	74.0	4
22.01.2019 00:00	90.0	98.0	90.0	98.0	5
28.01.2019 00:00	120.0	120.0	120.0	120.0	1
30.01.2019 00:00	120.0	120.0	110.0	110.0	2
06.02.2019 00:00	110.0	110.0	110.0	110.0	1
18.02.2019 00:00	116.0	150.0	110.0	116.0	14
19.02.2019 00:00	150.0	162.0	110.0	150.0	40
20.02.2019 00:00	190.0	190.0	140.0	160.0	20
22.03.2019 00:00	160.0	160.0	130.0	130.0	6
25.03.2019 00:00	114.0	156.0	108.0	116.0	28
26.03.2019 00:00	118.0	134.0	118.0	120.0	14
27.03.2019 00:00	118.0	118.0	118.0	118.0	2
02.04.2019 00:00	118.0	118.0	118.0	118.0	1
12.04.2019 00:00	160.0	160.0	110.0	114.0	8
15.04.2019 00:00	140.0	146.0	110.0	120.0	11
16.04.2019 00:00	140.0	140.0	140.0	140.0	2
17.04.2019 00:00	154.0	182.0	148.0	182.0	41
18.04.2019 00:00	214.0	250.0	178.0	178.0	7
19.04.2019 00:00	170.0	248.0	170.0	192.0	18
22.04.2019 00:00	192.0	192.0	164.0	166.0	21
23.04.2019 00:00	168.0	184.0	150.0	158.0	18
24.04.2019 00:00	160.0	208.0	160.0	192.0	59
25.04.2019 00:00	206.0	268.0	184.0	196.0	88
26.04.2019 00:00	196.0	196.0	180.0	184.0	3
29.04.2019 00:00	186.0	186.0	186.0	186.0	1
30.04.2019 00:00	192.0	192.0	192.0	192.0	1
02.05.2019 00:00	170.0	176.0	170.0	176.0	3
03.05.2019 00:00	176.0	176.0	162.0	172.0	3
08.05.2019 00:00	156.0	156.0	156.0	156.0	1
14.05.2019 00:00	154.0	154.0	150.0	150.0	4
27.05.2019 00:00	122.0	140.0	120.0	140.0	3
29.05.2019 00:00	124.0	128.0	122.0	122.0	6
30.05.2019 00:00	128.0	128.0	118.0	118.0	9
04.06.2019 00:00	120.0	120.0	120.0	120.0	1
10.06.2019 00:00	120.0	120.0	120.0	120.0	1
13.06.2019 00:00	104.0	160.0	104.0	120.0	10
14.06.2019 00:00	130.0	130.0	130.0	130.0	1
20.06.2019 00:00	128.0	128.0	128.0	128.0	1
21.06.2019 00:00	112.0	116.0	110.0	114.0	12
24.06.2019 00:00	114.0	114.0	114.0	114.0	1
26.06.2019 00:00	114.0	114.0	114.0	114.0	2
28.06.2019 00:00	116.0	116.0	116.0	116.0	1
02.07.2019 00:00	118.0	120.0	118.0	120.0	2
09.07.2019 00:00	120.0	120.0	120.0	120.0	4
15.07.2019 00:00	120.0	122.0	120.0	122.0	2
16.07.2019 00:00	120.0	122.0	120.0	122.0	2
23.07.2019 00:00	120.0	120.0	120.0	120.0	1
30.07.2019 00:00	122.0	122.0	122.0	122.0	1
01.08.2019 00:00	166.0	166.0	132.0	134.0	4
07.08.2019 00:00	120.0	130.0	120.0	130.0	2
23.08.2019 00:00	130.0	130.0	130.0	130.0	1
26.08.2019 00:00	130.0	130.0	130.0	130.0	1
27.08.2019 00:00	150.0	150.0	124.0	124.0	3
30.08.2019 00:00	128.0	128.0	128.0	128.0	1
04.09.2019 00:00	136.0	156.0	118.0	126.0	51
05.09.2019 00:00	130.0	136.0	130.0	136.0	24
06.09.2019 00:00	126.0	142.0	126.0	130.0	26
09.09.2019 00:00	132.0	132.0	126.0	126.0	9
10.09.2019 00:00	130.0	130.0	130.0	130.0	6
11.09.2019 00:00	128.0	130.0	128.0	130.0	8
12.09.2019 00:00	142.0	142.0	126.0	126.0	596
13.09.2019 00:00	130.0	130.0	128.0	128.0	25
16.09.2019 00:00	132.0	178.0	132.0	178.0	2946
17.09.2019 00:00	188.0	210.0	158.0	168.0	834
18.09.2019 00:00	158.0	166.0	158.0	164.0	27
19.09.2019 00:00	158.0	158.0	154.0	156.0	8
20.09.2019 00:00	152.0	154.0	152.0	154.0	18
23.09.2019 00:00	152.0	152.0	150.0	152.0	21
24.09.2019 00:00	150.0	198.0	144.0	164.0	489
25.09.2019 00:00	168.0	178.0	150.0	156.0	172
26.09.2019 00:00	156.0	156.0	134.0	142.0	162
27.09.2019 00:00	140.0	156.0	140.0	146.0	133
30.09.2019 00:00	148.0	174.0	148.0	156.0	229
01.10.2019 00:00	154.0	214.0	104.0	212.0	1525
02.10.2019 00:00	226.0	226.0	164.0	166.0	658
03.10.2019 00:00	160.0	168.0	150.0	164.0	277
04.10.2019 00:00	162.0	164.0	162.0	162.0	21
07.10.2019 00:00	166.0	168.0	148.0	154.0	115
08.10.2019 00:00	160.0	160.0	146.0	154.0	74
09.10.2019 00:00	150.0	156.0	150.0	156.0	2
10.10.2019 00:00	158.0	166.0	150.0	156.0	36
11.10.2019 00:00	158.0	158.0	154.0	158.0	3
15.10.2019 00:00	160.0	166.0	160.0	160.0	17
16.10.2019 00:00	150.0	166.0	150.0	162.0	15
17.10.2019 00:00	156.0	162.0	156.0	162.0	2
18.10.2019 00:00	154.0	160.0	154.0	160.0	19
21.10.2019 00:00	158.0	160.0	158.0	160.0	9
22.10.2019 00:00	156.0	156.0	156.0	156.0	7
23.10.2019 00:00	156.0	156.0	152.0	154.0	7
24.10.2019 00:00	152.0	160.0	148.0	152.0	35
25.10.2019 00:00	152.0	152.0	144.0	148.0	30
28.10.2019 00:00	142.0	152.0	142.0	152.0	8
29.10.2019 00:00	144.0	148.0	144.0	144.0	13
30.10.2019 00:00	150.0	150.0	142.0	144.0	7
01.11.2019 00:00	146.0	146.0	140.0	144.0	25
05.11.2019 00:00	140.0	170.0	140.0	150.0	169
06.11.2019 00:00	150.0	150.0	144.0	148.0	74
07.11.2019 00:00	148.0	148.0	142.0	144.0	16
08.11.2019 00:00	142.0	144.0	142.0	142.0	4
11.11.2019 00:00	144.0	152.0	144.0	144.0	17
13.11.2019 00:00	146.0	146.0	140.0	146.0	10
14.11.2019 00:00	144.0	152.0	142.0	150.0	17
15.11.2019 00:00	146.0	146.0	144.0	146.0	3
18.11.2019 00:00	144.0	144.0	142.0	144.0	16
19.11.2019 00:00	144.0	146.0	144.0	144.0	4
20.11.2019 00:00	142.0	194.0	140.0	158.0	821
21.11.2019 00:00	154.0	166.0	148.0	156.0	177
22.11.2019 00:00	152.0	156.0	148.0	152.0	92
25.11.2019 00:00	152.0	152.0	146.0	152.0	52
26.11.2019 00:00	152.0	154.0	146.0	148.0	27
27.11.2019 00:00	146.0	152.0	146.0	152.0	29
28.11.2019 00:00	152.0	154.0	148.0	152.0	13
29.11.2019 00:00	148.0	150.0	146.0	148.0	38
02.12.2019 00:00	148.0	148.0	146.0	148.0	14
03.12.2019 00:00	148.0	150.0	148.0	148.0	8
04.12.2019 00:00	146.0	152.0	146.0	148.0	10
05.12.2019 00:00	152.0	152.0	152.0	152.0	3
06.12.2019 00:00	152.0	152.0	148.0	152.0	7
09.12.2019 00:00	148.0	152.0	148.0	152.0	5
10.12.2019 00:00	152.0	152.0	152.0	152.0	1
11.12.2019 00:00	148.0	150.0	144.0	148.0	86
12.12.2019 00:00	146.0	148.0	140.0	146.0	185
13.12.2019 00:00	144.0	146.0	142.0	144.0	28
16.12.2019 00:00	140.0	144.0	138.0	144.0	82
17.12.2019 00:00	144.0	144.0	142.0	144.0	5
18.12.2019 00:00	140.0	148.0	138.0	146.0	148
19.12.2019 00:00	142.0	144.0	140.0	142.0	15
23.12.2019 00:00	144.0	148.0	144.0	146.0	11
24.12.2019 00:00	142.0	146.0	140.0	146.0	7
25.12.2019 00:00	146.0	146.0	146.0	146.0	2
26.12.2019 00:00	142.0	148.0	138.0	148.0	126
27.12.2019 00:00	146.0	160.0	146.0	160.0	149
30.12.2019 00:00	174.0	180.0	150.0	170.0	398
03.01.2020 00:00	160.0	168.0	160.0	162.0	112
06.01.2020 00:00	162.0	162.0	162.0	162.0	21
08.01.2020 00:00	160.0	168.0	156.0	162.0	27
09.01.2020 00:00	162.0	180.0	162.0	168.0	96
10.01.2020 00:00	166.0	166.0	164.0	164.0	22
13.01.2020 00:00	168.0	168.0	160.0	164.0	33
14.01.2020 00:00	160.0	164.0	160.0	162.0	25
15.01.2020 00:00	160.0	170.0	160.0	160.0	54
17.01.2020 00:00	162.0	168.0	160.0	168.0	5
20.01.2020 00:00	160.0	168.0	158.0	166.0	113
21.01.2020 00:00	162.0	166.0	160.0	162.0	33
22.01.2020 00:00	160.0	160.0	160.0	160.0	7
23.01.2020 00:00	160.0	160.0	160.0	160.0	5
24.01.2020 00:00	158.0	162.0	158.0	162.0	5
27.01.2020 00:00	158.0	160.0	152.0	160.0	14
29.01.2020 00:00	156.0	158.0	154.0	158.0	11
31.01.2020 00:00	160.0	198.0	160.0	160.0	543
03.02.2020 00:00	162.0	176.0	154.0	170.0	754
04.02.2020 00:00	168.0	168.0	168.0	168.0	13
05.02.2020 00:00	170.0	178.0	166.0	170.0	96
06.02.2020 00:00	166.0	174.0	166.0	172.0	27
11.02.2020 00:00	168.0	170.0	168.0	170.0	2
12.02.2020 00:00	176.0	230.0	174.0	194.0	2879
13.02.2020 00:00	190.0	196.0	170.0	174.0	302
14.02.2020 00:00	178.0	182.0	174.0	178.0	130
17.02.2020 00:00	180.0	180.0	172.0	174.0	79
18.02.2020 00:00	172.0	174.0	168.0	168.0	52
19.02.2020 00:00	168.0	174.0	168.0	174.0	9
20.02.2020 00:00	168.0	172.0	166.0	170.0	58
21.02.2020 00:00	168.0	172.0	168.0	172.0	4
25.02.2020 00:00	166.0	172.0	166.0	168.0	14
26.02.2020 00:00	164.0	164.0	156.0	162.0	27
27.02.2020 00:00	158.0	158.0	154.0	158.0	25
28.02.2020 00:00	154.0	154.0	142.0	148.0	78
02.03.2020 00:00	144.0	152.0	144.0	150.0	22
03.03.2020 00:00	152.0	152.0	152.0	152.0	2
04.03.2020 00:00	154.0	174.0	154.0	166.0	98
05.03.2020 00:00	170.0	180.0	158.0	160.0	97
06.03.2020 00:00	158.0	158.0	150.0	150.0	39
10.03.2020 00:00	148.0	150.0	138.0	146.0	34
11.03.2020 00:00	146.0	146.0	144.0	144.0	3
12.03.2020 00:00	136.0	136.0	124.0	126.0	77
16.03.2020 00:00	124.0	124.0	122.0	124.0	9
17.03.2020 00:00	124.0	156.0	122.0	138.0	29
18.03.2020 00:00	146.0	146.0	122.0	124.0	55
19.03.2020 00:00	140.0	140.0	120.0	126.0	46
20.03.2020 00:00	120.0	138.0	120.0	128.0	32
23.03.2020 00:00	132.0	134.0	122.0	122.0	4
24.03.2020 00:00	138.0	140.0	126.0	130.0	43
25.03.2020 00:00	132.0	140.0	130.0	140.0	45
26.03.2020 00:00	142.0	158.0	132.0	148.0	235
27.03.2020 00:00	152.0	168.0	152.0	158.0	97
30.03.2020 00:00	168.0	168.0	130.0	160.0	164
31.03.2020 00:00	168.0	182.0	150.0	178.0	534
01.04.2020 00:00	170.0	178.0	170.0	176.0	146
02.04.2020 00:00	164.0	176.0	164.0	174.0	40
03.04.2020 00:00	172.0	172.0	166.0	168.0	17
07.04.2020 00:00	168.0	174.0	164.0	172.0	20
08.04.2020 00:00	170.0	172.0	170.0	172.0	3
09.04.2020 00:00	170.0	170.0	168.0	168.0	3
10.04.2020 00:00	168.0	168.0	164.0	166.0	11
13.04.2020 00:00	164.0	164.0	162.0	162.0	15
14.04.2020 00:00	164.0	164.0	162.0	162.0	5
15.04.2020 00:00	160.0	160.0	158.0	158.0	3
16.04.2020 00:00	160.0	160.0	160.0	160.0	1
17.04.2020 00:00	164.0	164.0	158.0	160.0	5
20.04.2020 00:00	158.0	158.0	158.0	158.0	1
21.04.2020 00:00	158.0	158.0	156.0	156.0	4
22.04.2020 00:00	158.0	162.0	158.0	162.0	4
23.04.2020 00:00	158.0	162.0	148.0	162.0	59
24.04.2020 00:00	158.0	170.0	152.0	164.0	101
27.04.2020 00:00	164.0	168.0	154.0	166.0	92
28.04.2020 00:00	160.0	164.0	150.0	164.0	51
29.04.2020 00:00	166.0	170.0	162.0	168.0	74
30.04.2020 00:00	162.0	168.0	154.0	164.0	67
04.05.2020 00:00	158.0	162.0	158.0	162.0	2
05.05.2020 00:00	160.0	160.0	160.0	160.0	7
06.05.2020 00:00	162.0	164.0	162.0	164.0	10
07.05.2020 00:00	166.0	166.0	154.0	158.0	120
08.05.2020 00:00	158.0	210.0	154.0	160.0	1329
12.05.2020 00:00	156.0	164.0	156.0	160.0	138
13.05.2020 00:00	158.0	158.0	152.0	158.0	19
14.05.2020 00:00	154.0	158.0	152.0	158.0	36
15.05.2020 00:00	154.0	154.0	150.0	154.0	132
18.05.2020 00:00	150.0	162.0	150.0	158.0	85
19.05.2020 00:00	158.0	174.0	158.0	166.0	358
20.05.2020 00:00	166.0	170.0	158.0	168.0	249
21.05.2020 00:00	168.0	172.0	166.0	172.0	82
25.05.2020 00:00	168.0	168.0	166.0	168.0	14
26.05.2020 00:00	166.0	166.0	166.0	166.0	1
27.05.2020 00:00	168.0	170.0	162.0	166.0	53
28.05.2020 00:00	168.0	172.0	164.0	170.0	94
29.05.2020 00:00	164.0	170.0	164.0	170.0	6
01.06.2020 00:00	166.0	174.0	166.0	166.0	9
02.06.2020 00:00	168.0	170.0	168.0	170.0	12
03.06.2020 00:00	168.0	168.0	166.0	168.0	12
04.06.2020 00:00	166.0	168.0	166.0	166.0	4
05.06.2020 00:00	166.0	166.0	166.0	166.0	14
08.06.2020 00:00	168.0	168.0	168.0	168.0	3
09.06.2020 00:00	168.0	180.0	168.0	176.0	195
10.06.2020 00:00	170.0	170.0	168.0	170.0	27
11.06.2020 00:00	170.0	172.0	170.0	172.0	3
15.06.2020 00:00	174.0	176.0	164.0	170.0	98
16.06.2020 00:00	168.0	168.0	168.0	168.0	13
17.06.2020 00:00	166.0	166.0	164.0	166.0	53
18.06.2020 00:00	168.0	172.0	168.0	170.0	155
19.06.2020 00:00	170.0	172.0	168.0	170.0	96
22.06.2020 00:00	170.0	170.0	168.0	168.0	10
23.06.2020 00:00	170.0	174.0	170.0	172.0	45
25.06.2020 00:00	172.0	180.0	172.0	178.0	551
26.06.2020 00:00	180.0	182.0	174.0	176.0	83
29.06.2020 00:00	180.0	184.0	170.0	172.0	59
30.06.2020 00:00	172.0	172.0	156.0	164.0	337
02.07.2020 00:00	166.0	172.0	162.0	166.0	68
03.07.2020 00:00	168.0	170.0	168.0	170.0	32
06.07.2020 00:00	170.0	170.0	166.0	166.0	94
07.07.2020 00:00	166.0	166.0	166.0	166.0	2
08.07.2020 00:00	166.0	166.0	166.0	166.0	3
09.07.2020 00:00	166.0	166.0	166.0	166.0	1
10.07.2020 00:00	168.0	168.0	168.0	168.0	10
14.07.2020 00:00	166.0	168.0	166.0	168.0	29
15.07.2020 00:00	166.0	166.0	164.0	166.0	26
16.07.2020 00:00	168.0	170.0	166.0	170.0	41
17.07.2020 00:00	170.0	170.0	170.0	170.0	40
20.07.2020 00:00	172.0	172.0	166.0	168.0	67
21.07.2020 00:00	170.0	170.0	170.0	170.0	3
22.07.2020 00:00	170.0	170.0	168.0	168.0	12
23.07.2020 00:00	166.0	172.0	166.0	172.0	11
24.07.2020 00:00	166.0	170.0	166.0	170.0	2
27.07.2020 00:00	172.0	172.0	170.0	170.0	3
28.07.2020 00:00	166.0	170.0	166.0	168.0	11
29.07.2020 00:00	170.0	170.0	170.0	170.0	4
30.07.2020 00:00	174.0	174.0	168.0	168.0	19
03.08.2020 00:00	170.0	172.0	168.0	172.0	84
04.08.2020 00:00	168.0	174.0	168.0	170.0	116
05.08.2020 00:00	172.0	172.0	168.0	172.0	46
06.08.2020 00:00	170.0	172.0	170.0	172.0	13
07.08.2020 00:00	172.0	172.0	170.0	170.0	28
10.08.2020 00:00	174.0	176.0	170.0	176.0	86
11.08.2020 00:00	170.0	186.0	170.0	178.0	250
12.08.2020 00:00	178.0	184.0	178.0	180.0	36
13.08.2020 00:00	178.0	190.0	178.0	188.0	178
14.08.2020 00:00	186.0	188.0	180.0	188.0	162
17.08.2020 00:00	188.0	190.0	184.0	186.0	119
18.08.2020 00:00	186.0	190.0	186.0	190.0	43
19.08.2020 00:00	188.0	190.0	182.0	186.0	130
20.08.2020 00:00	188.0	188.0	180.0	182.0	17
21.08.2020 00:00	182.0	184.0	180.0	180.0	37
24.08.2020 00:00	182.0	184.0	180.0	182.0	11
25.08.2020 00:00	180.0	180.0	180.0	180.0	16
26.08.2020 00:00	180.0	180.0	178.0	180.0	9
27.08.2020 00:00	180.0	180.0	180.0	180.0	1
28.08.2020 00:00	178.0	178.0	176.0	176.0	19
31.08.2020 00:00	176.0	176.0	176.0	176.0	8
01.09.2020 00:00	174.0	176.0	172.0	172.0	25
02.09.2020 00:00	174.0	176.0	170.0	170.0	81
03.09.2020 00:00	168.0	172.0	168.0	172.0	6
04.09.2020 00:00	172.0	174.0	172.0	174.0	4
07.09.2020 00:00	170.0	172.0	170.0	172.0	13
08.09.2020 00:00	172.0	172.0	168.0	170.0	40
09.09.2020 00:00	170.0	170.0	168.0	170.0	10
10.09.2020 00:00	168.0	168.0	164.0	168.0	119
11.09.2020 00:00	168.0	168.0	168.0	168.0	5
14.09.2020 00:00	168.0	168.0	168.0	168.0	9
15.09.2020 00:00	166.0	168.0	166.0	168.0	4
16.09.2020 00:00	170.0	170.0	170.0	170.0	10
17.09.2020 00:00	168.0	168.0	168.0	168.0	7
18.09.2020 00:00	166.0	170.0	166.0	170.0	13
21.09.2020 00:00	170.0	170.0	166.0	170.0	7
22.09.2020 00:00	170.0	170.0	168.0	168.0	5
23.09.2020 00:00	166.0	170.0	166.0	168.0	4
24.09.2020 00:00	166.0	168.0	166.0	168.0	3
25.09.2020 00:00	166.0	168.0	166.0	168.0	3
28.09.2020 00:00	168.0	168.0	168.0	168.0	3
29.09.2020 00:00	166.0	166.0	166.0	166.0	2
30.09.2020 00:00	166.0	166.0	166.0	166.0	3
02.10.2020 00:00	166.0	180.0	164.0	166.0	269
05.10.2020 00:00	166.0	182.0	166.0	172.0	589
06.10.2020 00:00	166.0	172.0	166.0	168.0	63
07.10.2020 00:00	168.0	174.0	168.0	168.0	22
08.10.2020 00:00	170.0	170.0	168.0	168.0	20
09.10.2020 00:00	168.0	168.0	166.0	166.0	7
12.10.2020 00:00	170.0	178.0	170.0	176.0	369
13.10.2020 00:00	180.0	180.0	172.0	176.0	164
14.10.2020 00:00	180.0	180.0	174.0	174.0	8
15.10.2020 00:00	174.0	174.0	164.0	170.0	290
16.10.2020 00:00	170.0	174.0	160.0	166.0	302
19.10.2020 00:00	166.0	170.0	166.0	168.0	44
20.10.2020 00:00	168.0	168.0	168.0	168.0	2
21.10.2020 00:00	166.0	166.0	162.0	164.0	101
22.10.2020 00:00	164.0	166.0	164.0	166.0	40
23.10.2020 00:00	166.0	166.0	164.0	166.0	15
26.10.2020 00:00	166.0	166.0	164.0	166.0	6
27.10.2020 00:00	164.0	164.0	162.0	162.0	26
28.10.2020 00:00	162.0	162.0	160.0	160.0	13
29.10.2020 00:00	160.0	160.0	154.0	160.0	22
30.10.2020 00:00	156.0	158.0	154.0	158.0	50
03.11.2020 00:00	154.0	156.0	154.0	156.0	10
05.11.2020 00:00	158.0	158.0	158.0	158.0	18
06.11.2020 00:00	158.0	158.0	158.0	158.0	2
09.11.2020 00:00	158.0	170.0	158.0	162.0	71
10.11.2020 00:00	158.0	162.0	158.0	162.0	22
11.11.2020 00:00	170.0	170.0	162.0	162.0	3
12.11.2020 00:00	160.0	164.0	160.0	164.0	19
13.11.2020 00:00	162.0	164.0	158.0	164.0	34
16.11.2020 00:00	160.0	164.0	160.0	164.0	16
17.11.2020 00:00	162.0	162.0	160.0	162.0	10
18.11.2020 00:00	160.0	162.0	160.0	162.0	5
19.11.2020 00:00	162.0	162.0	162.0	162.0	1
20.11.2020 00:00	162.0	162.0	162.0	162.0	4
24.11.2020 00:00	162.0	162.0	162.0	162.0	4
25.11.2020 00:00	164.0	164.0	164.0	164.0	1
26.11.2020 00:00	168.0	168.0	166.0	166.0	7
27.11.2020 00:00	164.0	164.0	162.0	164.0	13
01.12.2020 00:00	162.0	164.0	162.0	164.0	3
03.12.2020 00:00	168.0	168.0	166.0	166.0	11
04.12.2020 00:00	166.0	166.0	166.0	166.0	2
07.12.2020 00:00	166.0	168.0	162.0	162.0	8
08.12.2020 00:00	162.0	166.0	160.0	166.0	6
11.12.2020 00:00	166.0	166.0	164.0	166.0	7
14.12.2020 00:00	164.0	168.0	162.0	164.0	204
15.12.2020 00:00	162.0	164.0	162.0	164.0	19
16.12.2020 00:00	164.0	164.0	164.0	164.0	4
17.12.2020 00:00	162.0	164.0	162.0	162.0	8
18.12.2020 00:00	162.0	162.0	162.0	162.0	1
21.12.2020 00:00	162.0	162.0	162.0	162.0	4
22.12.2020 00:00	164.0	164.0	164.0	164.0	1
23.12.2020 00:00	164.0	174.0	164.0	164.0	12
28.12.2020 00:00	166.0	166.0	166.0	166.0	1
29.12.2020 00:00	164.0	164.0	162.0	164.0	20
30.12.2020 00:00	162.0	162.0	162.0	162.0	1
04.01.2021 00:00	162.0	162.0	162.0	162.0	6
05.01.2021 00:00	164.0	164.0	164.0	164.0	25
06.01.2021 00:00	164.0	164.0	162.0	164.0	6
08.01.2021 00:00	162.0	184.0	162.0	166.0	623
11.01.2021 00:00	162.0	232.0	162.0	232.0	1472
12.01.2021 00:00	254.0	270.0	200.0	230.0	1316
13.01.2021 00:00	226.0	262.0	218.0	224.0	314
14.01.2021 00:00	224.0	224.0	214.0	216.0	46
15.01.2021 00:00	218.0	220.0	212.0	220.0	12
18.01.2021 00:00	220.0	222.0	210.0	218.0	10
19.01.2021 00:00	222.0	304.0	222.0	244.0	4677
20.01.2021 00:00	228.0	258.0	224.0	238.0	620
21.01.2021 00:00	252.0	300.0	224.0	224.0	195
22.01.2021 00:00	236.0	236.0	218.0	220.0	365
25.01.2021 00:00	218.0	222.0	188.0	222.0	271
26.01.2021 00:00	220.0	230.0	218.0	228.0	294
27.01.2021 00:00	228.0	228.0	224.0	224.0	76
28.01.2021 00:00	228.0	228.0	222.0	228.0	10
29.01.2021 00:00	212.0	280.0	212.0	244.0	1140
01.02.2021 00:00	244.0	274.0	232.0	270.0	373
02.02.2021 00:00	272.0	272.0	250.0	266.0	244
03.02.2021 00:00	270.0	270.0	258.0	264.0	27
04.02.2021 00:00	270.0	320.0	254.0	258.0	738
05.02.2021 00:00	260.0	280.0	258.0	270.0	352
08.02.2021 00:00	270.0	270.0	238.0	242.0	1364
09.02.2021 00:00	246.0	246.0	240.0	240.0	144
10.02.2021 00:00	246.0	246.0	232.0	240.0	69
11.02.2021 00:00	238.0	248.0	234.0	234.0	196
12.02.2021 00:00	238.0	238.0	232.0	232.0	16
15.02.2021 00:00	228.0	240.0	228.0	238.0	67
16.02.2021 00:00	234.0	238.0	220.0	228.0	162
17.02.2021 00:00	226.0	238.0	226.0	230.0	89
18.02.2021 00:00	224.0	232.0	224.0	230.0	34
19.02.2021 00:00	226.0	232.0	224.0	228.0	49
20.02.2021 00:00	226.0	234.0	226.0	234.0	22
22.02.2021 00:00	242.0	242.0	226.0	234.0	35
24.02.2021 00:00	234.0	234.0	234.0	234.0	2
25.02.2021 00:00	224.0	238.0	224.0	234.0	8
26.02.2021 00:00	236.0	236.0	228.0	232.0	10
01.03.2021 00:00	228.0	228.0	228.0	228.0	21
02.03.2021 00:00	230.0	230.0	222.0	226.0	20
03.03.2021 00:00	226.0	230.0	226.0	230.0	18
04.03.2021 00:00	228.0	228.0	224.0	226.0	5
05.03.2021 00:00	224.0	230.0	220.0	222.0	92
09.03.2021 00:00	222.0	230.0	220.0	224.0	50
10.03.2021 00:00	226.0	234.0	224.0	232.0	38
11.03.2021 00:00	234.0	234.0	228.0	232.0	5
12.03.2021 00:00	232.0	232.0	232.0	232.0	7
15.03.2021 00:00	230.0	230.0	226.0	228.0	9
16.03.2021 00:00	236.0	266.0	224.0	228.0	1240
17.03.2021 00:00	232.0	238.0	212.0	222.0	375
18.03.2021 00:00	222.0	230.0	220.0	226.0	58
22.03.2021 00:00	222.0	224.0	220.0	222.0	22
24.03.2021 00:00	224.0	224.0	218.0	222.0	76
25.03.2021 00:00	218.0	222.0	218.0	220.0	48
26.03.2021 00:00	220.0	220.0	220.0	220.0	13
29.03.2021 00:00	220.0	222.0	220.0	222.0	21
30.03.2021 00:00	224.0	224.0	220.0	220.0	9
31.03.2021 00:00	224.0	224.0	224.0	224.0	1
01.04.2021 00:00	224.0	224.0	224.0	224.0	2
02.04.2021 00:00	222.0	222.0	222.0	222.0	1
05.04.2021 00:00	220.0	220.0	220.0	220.0	30
06.04.2021 00:00	220.0	224.0	220.0	224.0	30
07.04.2021 00:00	224.0	224.0	224.0	224.0	5
08.04.2021 00:00	220.0	224.0	220.0	224.0	15
09.04.2021 00:00	220.0	220.0	220.0	220.0	21
12.04.2021 00:00	220.0	262.0	220.0	230.0	780
13.04.2021 00:00	232.0	238.0	222.0	226.0	152
14.04.2021 00:00	230.0	232.0	222.0	230.0	54
15.04.2021 00:00	224.0	228.0	220.0	224.0	70
16.04.2021 00:00	224.0	224.0	224.0	224.0	20
19.04.2021 00:00	222.0	224.0	222.0	224.0	5
20.04.2021 00:00	222.0	226.0	222.0	226.0	3
21.04.2021 00:00	226.0	232.0	220.0	224.0	56
22.04.2021 00:00	224.0	224.0	224.0	224.0	8
23.04.2021 00:00	224.0	224.0	224.0	224.0	4
27.04.2021 00:00	226.0	226.0	224.0	224.0	5
28.04.2021 00:00	222.0	222.0	220.0	220.0	5
29.04.2021 00:00	220.0	224.0	220.0	222.0	12
30.04.2021 00:00	222.0	228.0	220.0	220.0	10
05.05.2021 00:00	222.0	222.0	220.0	220.0	12
06.05.2021 00:00	222.0	226.0	222.0	224.0	4
07.05.2021 00:00	226.0	226.0	226.0	226.0	2
10.05.2021 00:00	222.0	224.0	214.0	222.0	43
11.05.2021 00:00	222.0	222.0	222.0	222.0	1
12.05.2021 00:00	220.0	220.0	220.0	220.0	9
13.05.2021 00:00	220.0	222.0	218.0	218.0	6
14.05.2021 00:00	220.0	222.0	220.0	222.0	9
18.05.2021 00:00	222.0	222.0	218.0	222.0	4
19.05.2021 00:00	222.0	222.0	222.0	222.0	7
21.05.2021 00:00	218.0	220.0	216.0	220.0	16
25.05.2021 00:00	220.0	220.0	220.0	220.0	1
27.05.2021 00:00	220.0	240.0	220.0	220.0	124
28.05.2021 00:00	222.0	230.0	216.0	218.0	44
02.06.2021 00:00	226.0	226.0	226.0	226.0	1
03.06.2021 00:00	220.0	232.0	220.0	220.0	10
07.06.2021 00:00	230.0	230.0	218.0	218.0	4
08.06.2021 00:00	218.0	226.0	216.0	216.0	41
09.06.2021 00:00	218.0	220.0	218.0	220.0	2
10.06.2021 00:00	226.0	246.0	222.0	226.0	338
11.06.2021 00:00	224.0	224.0	220.0	224.0	13
15.06.2021 00:00	224.0	224.0	218.0	220.0	72
16.06.2021 00:00	218.0	224.0	216.0	218.0	110
17.06.2021 00:00	218.0	222.0	216.0	222.0	45
18.06.2021 00:00	222.0	224.0	220.0	220.0	23
21.06.2021 00:00	218.0	220.0	216.0	218.0	20
22.06.2021 00:00	220.0	220.0	220.0	220.0	3
23.06.2021 00:00	216.0	218.0	214.0	216.0	105
24.06.2021 00:00	216.0	216.0	212.0	212.0	234
25.06.2021 00:00	214.0	214.0	212.0	212.0	14
28.06.2021 00:00	214.0	214.0	212.0	214.0	78
29.06.2021 00:00	214.0	214.0	214.0	214.0	6
30.06.2021 00:00	214.0	214.0	212.0	214.0	23
01.07.2021 00:00	214.0	214.0	212.0	212.0	3
02.07.2021 00:00	214.0	214.0	214.0	214.0	1
05.07.2021 00:00	212.0	212.0	210.0	212.0	10
06.07.2021 00:00	212.0	212.0	212.0	212.0	1
07.07.2021 00:00	210.0	210.0	196.0	208.0	91
08.07.2021 00:00	202.0	210.0	202.0	208.0	11
12.07.2021 00:00	204.0	206.0	204.0	206.0	4
13.07.2021 00:00	210.0	210.0	210.0	210.0	1
14.07.2021 00:00	210.0	212.0	210.0	210.0	6
15.07.2021 00:00	208.0	208.0	208.0	208.0	2
16.07.2021 00:00	210.0	210.0	208.0	208.0	6
19.07.2021 00:00	210.0	212.0	210.0	210.0	22
20.07.2021 00:00	212.0	212.0	212.0	212.0	1
22.07.2021 00:00	208.0	208.0	208.0	208.0	2
23.07.2021 00:00	206.0	206.0	206.0	206.0	8
26.07.2021 00:00	206.0	208.0	206.0	206.0	6
27.07.2021 00:00	206.0	206.0	206.0	206.0	1
28.07.2021 00:00	204.0	206.0	204.0	206.0	5
29.07.2021 00:00	204.0	206.0	204.0	206.0	3
30.07.2021 00:00	204.0	206.0	204.0	206.0	3
02.08.2021 00:00	206.0	206.0	204.0	204.0	18
04.08.2021 00:00	206.0	206.0	206.0	206.0	1
06.08.2021 00:00	208.0	208.0	208.0	208.0	1
09.08.2021 00:00	204.0	206.0	204.0	206.0	5
10.08.2021 00:00	206.0	206.0	204.0	206.0	3
11.08.2021 00:00	204.0	204.0	204.0	204.0	6
12.08.2021 00:00	202.0	204.0	202.0	204.0	3
13.08.2021 00:00	204.0	204.0	204.0	204.0	1
16.08.2021 00:00	206.0	206.0	206.0	206.0	1
17.08.2021 00:00	206.0	206.0	204.0	204.0	2
18.08.2021 00:00	206.0	246.0	204.0	208.0	484
19.08.2021 00:00	220.0	220.0	210.0	212.0	31
20.08.2021 00:00	212.0	218.0	206.0	208.0	10
23.08.2021 00:00	218.0	226.0	212.0	214.0	83
24.08.2021 00:00	210.0	214.0	210.0	210.0	6
25.08.2021 00:00	208.0	220.0	206.0	214.0	16
26.08.2021 00:00	222.0	294.0	218.0	228.0	4324
27.08.2021 00:00	232.0	282.0	224.0	228.0	2194
30.08.2021 00:00	234.0	236.0	210.0	220.0	517
31.08.2021 00:00	218.0	224.0	214.0	216.0	204
01.09.2021 00:00	220.0	220.0	214.0	216.0	105
02.09.2021 00:00	216.0	220.0	214.0	216.0	50
03.09.2021 00:00	216.0	218.0	214.0	214.0	48
06.09.2021 00:00	216.0	218.0	212.0	214.0	82
07.09.2021 00:00	212.0	214.0	212.0	214.0	10
08.09.2021 00:00	214.0	214.0	206.0	208.0	104
09.09.2021 00:00	210.0	220.0	210.0	212.0	106
10.09.2021 00:00	212.0	214.0	210.0	212.0	42
13.09.2021 00:00	212.0	212.0	208.0	212.0	121
14.09.2021 00:00	210.0	212.0	208.0	208.0	70
15.09.2021 00:00	210.0	210.0	208.0	208.0	38
16.09.2021 00:00	210.0	210.0	206.0	206.0	24
17.09.2021 00:00	206.0	206.0	202.0	206.0	21
20.09.2021 00:00	206.0	232.0	206.0	214.0	403
21.09.2021 00:00	216.0	224.0	210.0	216.0	60
22.09.2021 00:00	226.0	252.0	216.0	218.0	559
23.09.2021 00:00	222.0	272.0	222.0	242.0	1431
24.09.2021 00:00	242.0	242.0	220.0	222.0	227
27.09.2021 00:00	224.0	236.0	216.0	218.0	254
28.09.2021 00:00	220.0	236.0	216.0	220.0	301
29.09.2021 00:00	222.0	228.0	214.0	216.0	70
30.09.2021 00:00	220.0	220.0	216.0	216.0	29
01.10.2021 00:00	214.0	214.0	214.0	214.0	9
04.10.2021 00:00	216.0	232.0	216.0	220.0	114
05.10.2021 00:00	220.0	226.0	214.0	220.0	122
06.10.2021 00:00	220.0	224.0	212.0	216.0	165
07.10.2021 00:00	216.0	244.0	216.0	240.0	919
08.10.2021 00:00	238.0	270.0	228.0	230.0	825
11.10.2021 00:00	240.0	246.0	220.0	224.0	448
12.10.2021 00:00	226.0	280.0	220.0	252.0	1846
13.10.2021 00:00	250.0	256.0	236.0	244.0	1007
14.10.2021 00:00	252.0	258.0	228.0	232.0	432
15.10.2021 00:00	238.0	272.0	232.0	242.0	775
18.10.2021 00:00	248.0	252.0	232.0	238.0	208
19.10.2021 00:00	238.0	246.0	234.0	242.0	239
20.10.2021 00:00	240.0	244.0	236.0	242.0	67
21.10.2021 00:00	244.0	246.0	232.0	234.0	95
22.10.2021 00:00	240.0	250.0	232.0	234.0	230
25.10.2021 00:00	234.0	234.0	230.0	234.0	42
26.10.2021 00:00	230.0	230.0	226.0	230.0	129
27.10.2021 00:00	230.0	240.0	226.0	234.0	105
28.10.2021 00:00	236.0	244.0	230.0	232.0	61
29.10.2021 00:00	228.0	232.0	228.0	232.0	51
01.11.2021 00:00	232.0	236.0	228.0	232.0	15
02.11.2021 00:00	232.0	234.0	226.0	232.0	21
03.11.2021 00:00	232.0	232.0	226.0	232.0	25
05.11.2021 00:00	232.0	240.0	230.0	234.0	92
08.11.2021 00:00	240.0	240.0	232.0	234.0	26
09.11.2021 00:00	234.0	234.0	228.0	234.0	38
10.11.2021 00:00	234.0	234.0	226.0	232.0	62
11.11.2021 00:00	230.0	232.0	228.0	230.0	12
15.11.2021 00:00	230.0	230.0	226.0	226.0	18
16.11.2021 00:00	226.0	226.0	218.0	220.0	59
17.11.2021 00:00	222.0	222.0	218.0	218.0	4
18.11.2021 00:00	222.0	260.0	218.0	228.0	1772
19.11.2021 00:00	230.0	260.0	222.0	222.0	1088
22.11.2021 00:00	222.0	224.0	216.0	218.0	190
23.11.2021 00:00	216.0	218.0	214.0	218.0	30
24.11.2021 00:00	220.0	224.0	218.0	218.0	50
25.11.2021 00:00	216.0	226.0	216.0	224.0	38
26.11.2021 00:00	220.0	220.0	216.0	218.0	59
29.11.2021 00:00	218.0	218.0	218.0	218.0	8
30.11.2021 00:00	220.0	220.0	214.0	216.0	34
01.12.2021 00:00	214.0	216.0	214.0	216.0	20
02.12.2021 00:00	214.0	216.0	214.0	216.0	9
03.12.2021 00:00	216.0	218.0	214.0	218.0	45
06.12.2021 00:00	216.0	216.0	210.0	212.0	65
07.12.2021 00:00	212.0	216.0	212.0	216.0	87
08.12.2021 00:00	216.0	216.0	210.0	212.0	147
09.12.2021 00:00	214.0	214.0	210.0	210.0	44
10.12.2021 00:00	212.0	212.0	208.0	208.0	60
13.12.2021 00:00	208.0	208.0	206.0	206.0	25
14.12.2021 00:00	204.0	206.0	204.0	204.0	26
16.12.2021 00:00	206.0	212.0	202.0	210.0	62
17.12.2021 00:00	208.0	208.0	208.0	208.0	4
21.12.2021 00:00	206.0	208.0	206.0	206.0	8
22.12.2021 00:00	206.0	208.0	206.0	208.0	7
23.12.2021 00:00	206.0	208.0	206.0	206.0	9
24.12.2021 00:00	206.0	206.0	206.0	206.0	10
27.12.2021 00:00	206.0	208.0	200.0	208.0	107
28.12.2021 00:00	208.0	210.0	204.0	204.0	29
30.12.2021 00:00	206.0	206.0	206.0	206.0	4
03.01.2022 00:00	208.0	208.0	208.0	208.0	2
04.01.2022 00:00	208.0	210.0	208.0	208.0	9
05.01.2022 00:00	210.0	210.0	210.0	210.0	1
06.01.2022 00:00	206.0	208.0	206.0	208.0	10
10.01.2022 00:00	206.0	206.0	206.0	206.0	4
11.01.2022 00:00	208.0	210.0	204.0	204.0	29
12.01.2022 00:00	206.0	206.0	202.0	206.0	33
13.01.2022 00:00	206.0	206.0	206.0	206.0	6
14.01.2022 00:00	204.0	204.0	200.0	202.0	35
17.01.2022 00:00	200.0	200.0	200.0	200.0	2
18.01.2022 00:00	202.0	202.0	198.0	198.0	36
19.01.2022 00:00	200.0	200.0	198.0	198.0	7
20.01.2022 00:00	200.0	200.0	200.0	200.0	11
21.01.2022 00:00	198.0	198.0	186.0	188.0	236
24.01.2022 00:00	188.0	192.0	178.0	182.0	48
25.01.2022 00:00	180.0	180.0	168.0	176.0	139
26.01.2022 00:00	186.0	196.0	174.0	182.0	23
27.01.2022 00:00	188.0	188.0	188.0	188.0	1
28.01.2022 00:00	188.0	188.0	182.0	182.0	3
31.01.2022 00:00	188.0	188.0	182.0	182.0	2
02.02.2022 00:00	186.0	192.0	186.0	188.0	28
03.02.2022 00:00	186.0	186.0	184.0	184.0	7
04.02.2022 00:00	182.0	184.0	182.0	184.0	2
07.02.2022 00:00	186.0	186.0	184.0	186.0	5
08.02.2022 00:00	182.0	184.0	180.0	184.0	16
09.02.2022 00:00	184.0	184.0	180.0	182.0	25
10.02.2022 00:00	180.0	186.0	180.0	184.0	15
11.02.2022 00:00	186.0	186.0	182.0	182.0	15
14.02.2022 00:00	180.0	180.0	176.0	180.0	12
15.02.2022 00:00	182.0	182.0	178.0	178.0	14
16.02.2022 00:00	176.0	178.0	176.0	178.0	14
17.02.2022 00:00	178.0	178.0	174.0	174.0	20
18.02.2022 00:00	174.0	174.0	166.0	168.0	39
21.02.2022 00:00	166.0	166.0	160.0	162.0	12
22.02.2022 00:00	148.0	166.0	148.0	160.0	7
24.02.2022 00:00	140.0	148.0	122.0	148.0	68
25.02.2022 00:00	150.0	166.0	132.0	162.0	121
28.03.2022 00:00	162.0	162.0	120.0	142.0	16
29.03.2022 00:00	136.0	154.0	136.0	142.0	9
30.03.2022 00:00	154.0	156.0	142.0	148.0	20
31.03.2022 00:00	148.0	160.0	142.0	154.0	31
01.04.2022 00:00	158.0	166.0	158.0	166.0	22
04.04.2022 00:00	166.0	178.0	154.0	168.0	84
05.04.2022 00:00	176.0	176.0	166.0	166.0	13
06.04.2022 00:00	152.0	186.0	152.0	184.0	131
07.04.2022 00:00	186.0	186.0	166.0	178.0	84
08.04.2022 00:00	184.0	190.0	178.0	182.0	89
11.04.2022 00:00	182.0	186.0	180.0	182.0	60
12.04.2022 00:00	182.0	202.0	176.0	188.0	552
13.04.2022 00:00	176.0	192.0	176.0	188.0	109
14.04.2022 00:00	180.0	222.0	180.0	184.0	423
15.04.2022 00:00	182.0	196.0	174.0	180.0	247
18.04.2022 00:00	180.0	182.0	174.0	176.0	42
19.04.2022 00:00	176.0	178.0	172.0	176.0	25
20.04.2022 00:00	174.0	176.0	174.0	176.0	4
21.04.2022 00:00	176.0	190.0	176.0	184.0	89
22.04.2022 00:00	178.0	180.0	176.0	180.0	94
25.04.2022 00:00	176.0	176.0	168.0	172.0	70
26.04.2022 00:00	172.0	172.0	170.0	172.0	9
27.04.2022 00:00	170.0	172.0	170.0	172.0	5
28.04.2022 00:00	168.0	186.0	168.0	184.0	139
29.04.2022 00:00	178.0	182.0	176.0	178.0	40
04.05.2022 00:00	174.0	178.0	172.0	178.0	32
05.05.2022 00:00	178.0	178.0	176.0	176.0	3
11.05.2022 00:00	176.0	176.0	170.0	172.0	213
12.05.2022 00:00	170.0	170.0	168.0	170.0	6
13.05.2022 00:00	168.0	170.0	166.0	168.0	19
16.05.2022 00:00	166.0	168.0	162.0	168.0	38
17.05.2022 00:00	168.0	168.0	166.0	168.0	10
18.05.2022 00:00	168.0	170.0	166.0	168.0	10
19.05.2022 00:00	166.0	174.0	166.0	174.0	77
20.05.2022 00:00	174.0	174.0	168.0	170.0	52
23.05.2022 00:00	172.0	178.0	170.0	176.0	347
24.05.2022 00:00	176.0	184.0	172.0	184.0	151
25.05.2022 00:00	184.0	202.0	178.0	182.0	300
26.05.2022 00:00	182.0	182.0	176.0	180.0	17
27.05.2022 00:00	180.0	180.0	172.0	180.0	68
30.05.2022 00:00	176.0	178.0	174.0	176.0	14
31.05.2022 00:00	176.0	176.0	168.0	170.0	53
01.06.2022 00:00	170.0	172.0	168.0	172.0	96
02.06.2022 00:00	170.0	174.0	168.0	174.0	50
03.06.2022 00:00	174.0	176.0	172.0	174.0	7
06.06.2022 00:00	174.0	176.0	174.0	176.0	14
07.06.2022 00:00	176.0	178.0	172.0	174.0	33
09.06.2022 00:00	172.0	172.0	172.0	172.0	1
10.06.2022 00:00	174.0	182.0	172.0	172.0	79
14.06.2022 00:00	172.0	172.0	172.0	172.0	8
15.06.2022 00:00	170.0	174.0	170.0	172.0	6
16.06.2022 00:00	170.0	180.0	168.0	172.0	71
20.06.2022 00:00	174.0	174.0	174.0	174.0	6
21.06.2022 00:00	174.0	174.0	174.0	174.0	1
23.06.2022 00:00	172.0	172.0	172.0	172.0	1
24.06.2022 00:00	174.0	174.0	174.0	174.0	3
27.06.2022 00:00	174.0	174.0	172.0	174.0	3
28.06.2022 00:00	174.0	174.0	174.0	174.0	1
29.06.2022 00:00	172.0	172.0	172.0	172.0	2
30.06.2022 00:00	172.0	172.0	168.0	172.0	28
01.07.2022 00:00	172.0	172.0	170.0	170.0	6
04.07.2022 00:00	172.0	174.0	172.0	172.0	11
05.07.2022 00:00	172.0	172.0	170.0	170.0	9
07.07.2022 00:00	170.0	172.0	170.0	172.0	2
08.07.2022 00:00	172.0	172.0	172.0	172.0	4
11.07.2022 00:00	174.0	174.0	172.0	174.0	6
12.07.2022 00:00	174.0	174.0	172.0	172.0	2
13.07.2022 00:00	172.0	172.0	172.0	172.0	1
14.07.2022 00:00	174.0	174.0	172.0	172.0	2
15.07.2022 00:00	172.0	172.0	172.0	172.0	1
19.07.2022 00:00	174.0	174.0	174.0	174.0	4
20.07.2022 00:00	174.0	174.0	174.0	174.0	3
21.07.2022 00:00	172.0	176.0	172.0	176.0	17
22.07.2022 00:00	176.0	176.0	174.0	174.0	4
26.07.2022 00:00	172.0	174.0	172.0	174.0	2
28.07.2022 00:00	172.0	172.0	172.0	172.0	1
29.07.2022 00:00	174.0	176.0	172.0	172.0	12
01.08.2022 00:00	172.0	176.0	172.0	176.0	6
02.08.2022 00:00	174.0	176.0	174.0	176.0	2
03.08.2022 00:00	176.0	176.0	174.0	174.0	4
04.08.2022 00:00	174.0	174.0	174.0	174.0	1
05.08.2022 00:00	174.0	174.0	174.0	174.0	2
08.08.2022 00:00	170.0	174.0	170.0	170.0	7
09.08.2022 00:00	174.0	176.0	172.0	174.0	70
10.08.2022 00:00	174.0	174.0	172.0	172.0	7
11.08.2022 00:00	172.0	176.0	172.0	176.0	16
12.08.2022 00:00	176.0	176.0	176.0	176.0	1
15.08.2022 00:00	172.0	174.0	172.0	174.0	5
16.08.2022 00:00	172.0	174.0	170.0	172.0	66
17.08.2022 00:00	174.0	174.0	174.0	174.0	2
19.08.2022 00:00	176.0	176.0	176.0	176.0	9
23.08.2022 00:00	174.0	174.0	174.0	174.0	2
24.08.2022 00:00	172.0	174.0	172.0	174.0	14
25.08.2022 00:00	172.0	174.0	172.0	174.0	6
26.08.2022 00:00	172.0	172.0	172.0	172.0	3
29.08.2022 00:00	172.0	172.0	172.0	172.0	1
30.08.2022 00:00	174.0	174.0	174.0	174.0	2
31.08.2022 00:00	172.0	176.0	172.0	176.0	2
01.09.2022 00:00	174.0	174.0	174.0	174.0	1
02.09.2022 00:00	174.0	208.0	174.0	200.0	817
05.09.2022 00:00	186.0	202.0	184.0	194.0	91
06.09.2022 00:00	192.0	194.0	188.0	192.0	27
07.09.2022 00:00	188.0	190.0	184.0	190.0	45
08.09.2022 00:00	188.0	190.0	186.0	190.0	16
09.09.2022 00:00	190.0	190.0	190.0	190.0	1
12.09.2022 00:00	190.0	190.0	190.0	190.0	1
13.09.2022 00:00	182.0	198.0	182.0	192.0	81
14.09.2022 00:00	198.0	200.0	184.0	188.0	73
15.09.2022 00:00	192.0	196.0	190.0	196.0	31
16.09.2022 00:00	192.0	196.0	190.0	196.0	18
19.09.2022 00:00	190.0	190.0	188.0	188.0	11
20.09.2022 00:00	188.0	188.0	182.0	182.0	27
21.09.2022 00:00	178.0	178.0	178.0	178.0	2
22.09.2022 00:00	178.0	178.0	178.0	178.0	10
26.09.2022 00:00	176.0	178.0	164.0	164.0	33
27.09.2022 00:00	168.0	180.0	154.0	160.0	48
28.09.2022 00:00	160.0	170.0	158.0	162.0	33
29.09.2022 00:00	164.0	164.0	164.0	164.0	1
30.09.2022 00:00	168.0	168.0	168.0	168.0	2
03.10.2022 00:00	168.0	172.0	168.0	170.0	4
04.10.2022 00:00	168.0	168.0	168.0	168.0	1
06.10.2022 00:00	166.0	166.0	164.0	166.0	3
12.10.2022 00:00	170.0	170.0	170.0	170.0	1
13.10.2022 00:00	172.0	178.0	170.0	170.0	32
17.10.2022 00:00	174.0	180.0	174.0	174.0	6
18.10.2022 00:00	176.0	176.0	176.0	176.0	1
19.10.2022 00:00	176.0	176.0	170.0	170.0	2
20.10.2022 00:00	178.0	178.0	170.0	170.0	3
21.10.2022 00:00	170.0	172.0	170.0	172.0	2
24.10.2022 00:00	174.0	174.0	170.0	170.0	4
25.10.2022 00:00	174.0	174.0	168.0	170.0	6
26.10.2022 00:00	172.0	172.0	170.0	170.0	11
27.10.2022 00:00	168.0	172.0	168.0	172.0	3
31.10.2022 00:00	168.0	172.0	168.0	170.0	13
01.11.2022 00:00	170.0	174.0	162.0	170.0	47
02.11.2022 00:00	172.0	178.0	166.0	168.0	64
03.11.2022 00:00	180.0	228.0	172.0	186.0	2219
07.11.2022 00:00	182.0	182.0	174.0	180.0	284
08.11.2022 00:00	176.0	180.0	170.0	174.0	142
09.11.2022 00:00	172.0	174.0	170.0	170.0	70
10.11.2022 00:00	170.0	172.0	170.0	172.0	22
11.11.2022 00:00	170.0	188.0	170.0	174.0	169
14.11.2022 00:00	172.0	176.0	170.0	176.0	12
15.11.2022 00:00	172.0	172.0	172.0	172.0	4
16.11.2022 00:00	170.0	180.0	168.0	174.0	99
17.11.2022 00:00	172.0	174.0	172.0	174.0	6
18.11.2022 00:00	176.0	176.0	176.0	176.0	5
21.11.2022 00:00	172.0	174.0	166.0	168.0	131
22.11.2022 00:00	172.0	172.0	168.0	168.0	12
23.11.2022 00:00	170.0	170.0	170.0	170.0	2
24.11.2022 00:00	170.0	170.0	168.0	170.0	16
25.11.2022 00:00	168.0	182.0	168.0	170.0	175
28.11.2022 00:00	170.0	180.0	170.0	172.0	88
29.11.2022 00:00	174.0	174.0	170.0	172.0	12
30.11.2022 00:00	174.0	180.0	170.0	174.0	72
01.12.2022 00:00	174.0	178.0	172.0	178.0	36
02.12.2022 00:00	174.0	174.0	172.0	174.0	11
05.12.2022 00:00	172.0	178.0	172.0	174.0	41
07.12.2022 00:00	172.0	172.0	170.0	172.0	41
08.12.2022 00:00	172.0	174.0	170.0	172.0	12
09.12.2022 00:00	172.0	174.0	172.0	174.0	13
12.12.2022 00:00	172.0	174.0	172.0	172.0	12
13.12.2022 00:00	172.0	172.0	172.0	172.0	1
14.12.2022 00:00	172.0	174.0	172.0	174.0	6
15.12.2022 00:00	170.0	172.0	170.0	172.0	3
16.12.2022 00:00	170.0	172.0	170.0	172.0	5
19.12.2022 00:00	174.0	174.0	170.0	170.0	55
20.12.2022 00:00	172.0	174.0	170.0	172.0	25
21.12.2022 00:00	172.0	172.0	170.0	172.0	4
22.12.2022 00:00	174.0	184.0	172.0	176.0	94
23.12.2022 00:00	178.0	178.0	174.0	174.0	10
26.12.2022 00:00	176.0	176.0	172.0	172.0	35
27.12.2022 00:00	172.0	174.0	172.0	172.0	13
28.12.2022 00:00	174.0	174.0	174.0	174.0	10
29.12.2022 00:00	174.0	178.0	174.0	178.0	18
30.12.2022 00:00	178.0	178.0	176.0	178.0	30
03.01.2023 00:00	174.0	178.0	174.0	178.0	6
04.01.2023 00:00	174.0	178.0	174.0	178.0	21
05.01.2023 00:00	174.0	176.0	174.0	176.0	7
06.01.2023 00:00	176.0	180.0	176.0	180.0	45
09.01.2023 00:00	180.0	184.0	178.0	180.0	93
10.01.2023 00:00	182.0	182.0	180.0	180.0	19
11.01.2023 00:00	184.0	188.0	180.0	188.0	120
12.01.2023 00:00	188.0	192.0	182.0	188.0	144
13.01.2023 00:00	184.0	186.0	182.0	186.0	23
16.01.2023 00:00	184.0	188.0	184.0	188.0	17
17.01.2023 00:00	184.0	188.0	182.0	184.0	41
18.01.2023 00:00	182.0	184.0	182.0	184.0	19
19.01.2023 00:00	182.0	182.0	182.0	182.0	8
20.01.2023 00:00	184.0	200.0	180.0	182.0	519
23.01.2023 00:00	184.0	188.0	182.0	182.0	81
24.01.2023 00:00	182.0	184.0	182.0	184.0	28
25.01.2023 00:00	186.0	190.0	182.0	182.0	29
26.01.2023 00:00	186.0	188.0	182.0	184.0	47
27.01.2023 00:00	188.0	188.0	182.0	184.0	51
30.01.2023 00:00	182.0	188.0	182.0	182.0	51
31.01.2023 00:00	186.0	188.0	182.0	186.0	20
01.02.2023 00:00	186.0	186.0	184.0	184.0	8
02.02.2023 00:00	184.0	186.0	182.0	182.0	49
03.02.2023 00:00	184.0	186.0	184.0	186.0	22
06.02.2023 00:00	188.0	188.0	184.0	188.0	36
07.02.2023 00:00	186.0	188.0	186.0	188.0	5
08.02.2023 00:00	186.0	190.0	184.0	186.0	50
09.02.2023 00:00	188.0	196.0	184.0	186.0	188
10.02.2023 00:00	188.0	190.0	186.0	190.0	54
13.02.2023 00:00	188.0	194.0	186.0	190.0	89
14.02.2023 00:00	188.0	256.0	188.0	198.0	2767
15.02.2023 00:00	200.0	210.0	190.0	196.0	463
16.02.2023 00:00	198.0	198.0	186.0	192.0	286
17.02.2023 00:00	188.0	190.0	186.0	190.0	54
20.02.2023 00:00	190.0	190.0	186.0	186.0	42
21.02.2023 00:00	186.0	238.0	186.0	206.0	3845
22.02.2023 00:00	214.0	226.0	192.0	216.0	461
24.02.2023 00:00	210.0	220.0	204.0	216.0	94
27.02.2023 00:00	216.0	218.0	204.0	214.0	59
28.02.2023 00:00	210.0	216.0	208.0	214.0	47
01.03.2023 00:00	212.0	216.0	206.0	212.0	91
02.03.2023 00:00	214.0	220.0	206.0	218.0	207
03.03.2023 00:00	216.0	220.0	212.0	220.0	121
06.03.2023 00:00	220.0	234.0	216.0	220.0	220
07.03.2023 00:00	220.0	222.0	208.0	218.0	303
09.03.2023 00:00	218.0	220.0	212.0	214.0	90
10.03.2023 00:00	214.0	214.0	214.0	214.0	4
13.03.2023 00:00	212.0	214.0	212.0	212.0	44
14.03.2023 00:00	212.0	216.0	210.0	210.0	67
15.03.2023 00:00	230.0	230.0	212.0	216.0	134
16.03.2023 00:00	212.0	214.0	210.0	212.0	37
17.03.2023 00:00	214.0	218.0	210.0	210.0	54
20.03.2023 00:00	212.0	214.0	210.0	212.0	19
21.03.2023 00:00	214.0	218.0	210.0	212.0	135
22.03.2023 00:00	214.0	216.0	210.0	210.0	66
23.03.2023 00:00	212.0	218.0	212.0	214.0	152
24.03.2023 00:00	212.0	212.0	210.0	212.0	108
27.03.2023 00:00	214.0	216.0	210.0	212.0	199
28.03.2023 00:00	212.0	214.0	210.0	212.0	42
29.03.2023 00:00	210.0	214.0	210.0	212.0	87
30.03.2023 00:00	210.0	218.0	208.0	210.0	275
31.03.2023 00:00	212.0	212.0	208.0	210.0	57
03.04.2023 00:00	210.0	212.0	208.0	210.0	23
04.04.2023 00:00	210.0	212.0	210.0	210.0	85
05.04.2023 00:00	210.0	214.0	208.0	214.0	103
06.04.2023 00:00	214.0	252.0	210.0	228.0	3407
07.04.2023 00:00	232.0	256.0	216.0	224.0	2438
10.04.2023 00:00	226.0	238.0	214.0	226.0	976
11.04.2023 00:00	226.0	250.0	224.0	228.0	869
12.04.2023 00:00	234.0	244.0	226.0	230.0	597
13.04.2023 00:00	230.0	230.0	224.0	226.0	123
14.04.2023 00:00	230.0	284.0	230.0	244.0	4228
17.04.2023 00:00	246.0	248.0	230.0	244.0	713
18.04.2023 00:00	248.0	248.0	238.0	244.0	180
19.04.2023 00:00	244.0	246.0	226.0	238.0	821
20.04.2023 00:00	240.0	246.0	236.0	242.0	148
21.04.2023 00:00	238.0	242.0	238.0	238.0	78
24.04.2023 00:00	240.0	252.0	236.0	246.0	731
25.04.2023 00:00	250.0	284.0	244.0	258.0	1996
26.04.2023 00:00	260.0	340.0	252.0	302.0	4647
27.04.2023 00:00	310.0	312.0	274.0	286.0	2534
28.04.2023 00:00	284.0	400.0	284.0	400.0	8236
02.05.2023 00:00	410.0	420.0	330.0	346.0	2232
03.05.2023 00:00	346.0	346.0	320.0	340.0	146
04.05.2023 00:00	338.0	370.0	324.0	332.0	869
05.05.2023 00:00	332.0	338.0	320.0	324.0	168
08.05.2023 00:00	320.0	334.0	320.0	330.0	84
10.05.2023 00:00	324.0	334.0	312.0	332.0	261
11.05.2023 00:00	334.0	360.0	332.0	338.0	340
12.05.2023 00:00	344.0	368.0	332.0	338.0	420
15.05.2023 00:00	340.0	342.0	324.0	332.0	245
16.05.2023 00:00	332.0	332.0	316.0	322.0	472
17.05.2023 00:00	322.0	328.0	314.0	320.0	177
18.05.2023 00:00	320.0	420.0	314.0	354.0	5531
19.05.2023 00:00	362.0	368.0	324.0	342.0	938
22.05.2023 00:00	342.0	354.0	330.0	336.0	250
23.05.2023 00:00	336.0	346.0	332.0	340.0	143
24.05.2023 00:00	342.0	342.0	330.0	334.0	83
25.05.2023 00:00	336.0	388.0	336.0	348.0	881
26.05.2023 00:00	350.0	352.0	338.0	350.0	79
29.05.2023 00:00	332.0	350.0	332.0	348.0	108
30.05.2023 00:00	342.0	348.0	342.0	342.0	41
31.05.2023 00:00	340.0	398.0	340.0	358.0	1594
01.06.2023 00:00	354.0	360.0	350.0	356.0	81
02.06.2023 00:00	356.0	362.0	354.0	360.0	100
05.06.2023 00:00	362.0	370.0	358.0	364.0	155
06.06.2023 00:00	366.0	366.0	346.0	360.0	161
07.06.2023 00:00	356.0	360.0	354.0	360.0	39
08.06.2023 00:00	358.0	362.0	352.0	362.0	33
09.06.2023 00:00	362.0	370.0	352.0	358.0	173
13.06.2023 00:00	360.0	360.0	354.0	356.0	92
14.06.2023 00:00	360.0	370.0	352.0	366.0	101
15.06.2023 00:00	368.0	402.0	364.0	366.0	1657
16.06.2023 00:00	366.0	374.0	358.0	360.0	454
19.06.2023 00:00	356.0	378.0	356.0	366.0	304
20.06.2023 00:00	370.0	390.0	366.0	380.0	562
21.06.2023 00:00	386.0	472.0	386.0	406.0	2530
22.06.2023 00:00	410.0	420.0	406.0	412.0	350
23.06.2023 00:00	412.0	418.0	404.0	408.0	237
26.06.2023 00:00	416.0	418.0	394.0	418.0	291
27.06.2023 00:00	424.0	424.0	406.0	420.0	149
28.06.2023 00:00	422.0	422.0	406.0	412.0	135
29.06.2023 00:00	414.0	424.0	408.0	416.0	199
30.06.2023 00:00	422.0	540.0	420.0	468.0	5786
03.07.2023 00:00	462.0	494.0	432.0	464.0	658
04.07.2023 00:00	452.0	468.0	448.0	468.0	120
05.07.2023 00:00	452.0	470.0	444.0	450.0	406
06.07.2023 00:00	452.0	498.0	430.0	444.0	1627
07.07.2023 00:00	438.0	488.0	436.0	456.0	1890
10.07.2023 00:00	470.0	478.0	448.0	460.0	267
11.07.2023 00:00	456.0	460.0	440.0	456.0	161
12.07.2023 00:00	456.0	460.0	454.0	456.0	56
13.07.2023 00:00	456.0	470.0	456.0	464.0	123
14.07.2023 00:00	464.0	468.0	452.0	462.0	101
17.07.2023 00:00	456.0	464.0	452.0	462.0	204
18.07.2023 00:00	464.0	472.0	462.0	470.0	176
19.07.2023 00:00	474.0	520.0	470.0	486.0	1478
20.07.2023 00:00	486.0	520.0	486.0	516.0	757
21.07.2023 00:00	506.0	516.0	492.0	516.0	592
24.07.2023 00:00	526.0	532.0	506.0	532.0	456
25.07.2023 00:00	536.0	634.0	526.0	600.0	1731
26.07.2023 00:00	624.0	838.0	614.0	762.0	6338
27.07.2023 00:00	766.0	782.0	708.0	734.0	1237
28.07.2023 00:00	740.0	742.0	710.0	740.0	231
31.07.2023 00:00	732.0	794.0	728.0	760.0	745
01.08.2023 00:00	746.0	890.0	746.0	840.0	1637
02.08.2023 00:00	886.0	1024.0	884.0	1014.0	2515
03.08.2023 00:00	1052.0	1416.0	1000.0	1416.0	4232
04.08.2023 00:00	1430.0	1556.0	1426.0	1516.0	1708
07.08.2023 00:00	1640.0	1666.0	1544.0	1666.0	767
08.08.2023 00:00	1678.0	1830.0	1678.0	1830.0	463
09.08.2023 00:00	1976.0	2012.0	1908.0	2012.0	396
10.08.2023 00:00	2212.0	2212.0	1272.0	1590.0	3119
11.08.2023 00:00	1472.0	1678.0	1258.0	1590.0	606
14.08.2023 00:00	1496.0	1634.0	1496.0	1568.0	257
15.08.2023 00:00	1568.0	1568.0	1300.0	1472.0	528
16.08.2023 00:00	1478.0	1550.0	1276.0	1352.0	364
17.08.2023 00:00	1378.0	1378.0	1150.0	1232.0	527
18.08.2023 00:00	1232.0	1240.0	1164.0	1226.0	184
21.08.2023 00:00	1240.0	1346.0	1218.0	1346.0	267
22.08.2023 00:00	1470.0	1882.0	1470.0	1882.0	3606
23.08.2023 00:00	1886.0	1900.0	1694.0	1798.0	1430
24.08.2023 00:00	1704.0	1806.0	1528.0	1712.0	632
25.08.2023 00:00	1798.0	1840.0	1686.0	1718.0	239
28.08.2023 00:00	1768.0	1900.0	1714.0	1806.0	604
29.08.2023 00:00	1896.0	1900.0	1752.0	1772.0	286
30.08.2023 00:00	1772.0	1776.0	1720.0	1764.0	120
31.08.2023 00:00	1774.0	1796.0	1676.0	1752.0	247
01.09.2023 00:00	1752.0	1756.0	1696.0	1734.0	152
04.09.2023 00:00	1730.0	1750.0	1692.0	1730.0	266
05.09.2023 00:00	1728.0	1732.0	1700.0	1716.0	109
06.09.2023 00:00	1720.0	1720.0	1702.0	1714.0	70
07.09.2023 00:00	1718.0	1744.0	1646.0	1666.0	158
08.09.2023 00:00	1640.0	1640.0	1522.0	1584.0	194
11.09.2023 00:00	1586.0	1610.0	1570.0	1572.0	57
12.09.2023 00:00	1574.0	1612.0	1528.0	1604.0	111
13.09.2023 00:00	1606.0	1900.0	1600.0	1646.0	786
14.09.2023 00:00	1666.0	1666.0	1200.0	1428.0	547
15.09.2023 00:00	1428.0	1538.0	1326.0	1512.0	211
18.09.2023 00:00	1514.0	1560.0	1420.0	1468.0	113
19.09.2023 00:00	1454.0	1486.0	1302.0	1314.0	212
20.09.2023 00:00	1418.0	1418.0	1098.0	1214.0	371
21.09.2023 00:00	1282.0	1466.0	1254.0	1272.0	1031
22.09.2023 00:00	1210.0	1308.0	1186.0	1284.0	380
25.09.2023 00:00	1296.0	1330.0	1252.0	1330.0	132
26.09.2023 00:00	1374.0	1410.0	1278.0	1322.0	184
27.09.2023 00:00	1360.0	1360.0	1326.0	1328.0	20
28.09.2023 00:00	1346.0	1406.0	1326.0	1326.0	107
29.09.2023 00:00	1346.0	1348.0	1302.0	1302.0	40
02.10.2023 00:00	1304.0	1348.0	1282.0	1310.0	74
03.10.2023 00:00	1290.0	1300.0	1240.0	1300.0	63
04.10.2023 00:00	1278.0	1320.0	1256.0	1320.0	61
05.10.2023 00:00	1304.0	1330.0	1304.0	1318.0	47
06.10.2023 00:00	1346.0	1396.0	1304.0	1332.0	89
09.10.2023 00:00	1358.0	1382.0	1298.0	1380.0	84
10.10.2023 00:00	1364.0	1410.0	1358.0	1390.0	58
11.10.2023 00:00	1394.0	1428.0	1376.0	1402.0	24
12.10.2023 00:00	1372.0	1404.0	1368.0	1370.0	42
13.10.2023 00:00	1400.0	1444.0	1362.0	1416.0	50
16.10.2023 00:00	1440.0	1490.0	1432.0	1442.0	113
17.10.2023 00:00	1446.0	1666.0	1432.0	1634.0	598
18.10.2023 00:00	1670.0	1734.0	1638.0	1716.0	502
19.10.2023 00:00	1752.0	1780.0	1606.0	1658.0	366
20.10.2023 00:00	1614.0	1672.0	1454.0	1510.0	208
23.10.2023 00:00	1532.0	1780.0	1494.0	1760.0	640
24.10.2023 00:00	1772.0	1882.0	1654.0	1720.0	262
25.10.2023 00:00	1760.0	1760.0	1570.0	1666.0	536
26.10.2023 00:00	1672.0	1672.0	1544.0	1554.0	153
27.10.2023 00:00	1666.0	1670.0	1510.0	1600.0	215
30.10.2023 00:00	1622.0	1650.0	1574.0	1650.0	111
31.10.2023 00:00	1604.0	1648.0	1560.0	1596.0	110
01.11.2023 00:00	1580.0	1590.0	1530.0	1556.0	72
02.11.2023 00:00	1576.0	1616.0	1530.0	1544.0	106
03.11.2023 00:00	1544.0	1548.0	1508.0	1508.0	95
06.11.2023 00:00	1526.0	1526.0	1450.0	1480.0	121
07.11.2023 00:00	1522.0	1522.0	1444.0	1496.0	55
08.11.2023 00:00	1458.0	1484.0	1402.0	1428.0	144
09.11.2023 00:00	1412.0	1478.0	1412.0	1432.0	34
10.11.2023 00:00	1434.0	1434.0	1288.0	1300.0	171
13.11.2023 00:00	1326.0	1326.0	1190.0	1224.0	103
14.11.2023 00:00	1174.0	1174.0	930.0	1000.0	563
15.11.2023 00:00	982.0	1238.0	928.0	1190.0	278
16.11.2023 00:00	1236.0	1306.0	1190.0	1304.0	229
17.11.2023 00:00	1278.0	1396.0	1214.0	1268.0	165
20.11.2023 00:00	1254.0	1312.0	1224.0	1224.0	56
21.11.2023 00:00	1224.0	1224.0	1190.0	1196.0	74
22.11.2023 00:00	1196.0	1210.0	1192.0	1200.0	21
23.11.2023 00:00	1202.0	1202.0	1072.0	1084.0	135
24.11.2023 00:00	1062.0	1062.0	896.0	968.0	468
27.11.2023 00:00	928.0	988.0	844.0	876.0	233
28.11.2023 00:00	852.0	962.0	800.0	962.0	490
29.11.2023 00:00	966.0	1056.0	966.0	1056.0	289
30.11.2023 00:00	1116.0	1156.0	906.0	950.0	748
01.12.2023 00:00	944.0	1038.0	900.0	908.0	370
04.12.2023 00:00	900.0	906.0	840.0	840.0	68
05.12.2023 00:00	844.0	850.0	750.0	792.0	145
06.12.2023 00:00	798.0	828.0	724.0	754.0	188
07.12.2023 00:00	752.0	768.0	700.0	728.0	113
08.12.2023 00:00	732.0	800.0	722.0	762.0	137
11.12.2023 00:00	744.0	750.0	686.0	696.0	110
12.12.2023 00:00	706.0	712.0	648.0	670.0	147
13.12.2023 00:00	690.0	730.0	680.0	694.0	234
14.12.2023 00:00	716.0	764.0	696.0	702.0	224
15.12.2023 00:00	684.0	770.0	666.0	730.0	338
18.12.2023 00:00	766.0	800.0	722.0	750.0	128
19.12.2023 00:00	734.0	884.0	718.0	852.0	540
20.12.2023 00:00	852.0	1026.0	850.0	1000.0	489
21.12.2023 00:00	1070.0	1208.0	1000.0	1208.0	667
22.12.2023 00:00	1318.0	1326.0	1130.0	1206.0	513
25.12.2023 00:00	1288.0	1324.0	1138.0	1146.0	296
26.12.2023 00:00	1130.0	1162.0	1082.0	1082.0	160
27.12.2023 00:00	1084.0	1138.0	1030.0	1052.0	99
28.12.2023 00:00	1032.0	1068.0	1008.0	1026.0	30
29.12.2023 00:00	1096.0	1124.0	1040.0	1074.0	239
03.01.2024 00:00	1120.0	1164.0	1118.0	1154.0	88
04.01.2024 00:00	1182.0	1254.0	1120.0	1130.0	244
05.01.2024 00:00	1140.0	1220.0	1132.0	1184.0	111
08.01.2024 00:00	1212.0	1300.0	1196.0	1300.0	268
09.01.2024 00:00	1322.0	1428.0	1316.0	1428.0	242
10.01.2024 00:00	1564.0	1568.0	1420.0	1442.0	527
11.01.2024 00:00	1488.0	1586.0	1472.0	1524.0	369
12.01.2024 00:00	1582.0	1586.0	1450.0	1490.0	194
15.01.2024 00:00	1540.0	1610.0	1462.0	1540.0	474
16.01.2024 00:00	1540.0	1540.0	1388.0	1448.0	727
17.01.2024 00:00	1470.0	1476.0	1398.0	1424.0	209
18.01.2024 00:00	1440.0	1470.0	1424.0	1426.0	166
19.01.2024 00:00	1428.0	1454.0	1426.0	1434.0	93
22.01.2024 00:00	1450.0	1460.0	1400.0	1426.0	191
23.01.2024 00:00	1426.0	1448.0	1402.0	1444.0	109
24.01.2024 00:00	1444.0	1458.0	1444.0	1446.0	187
25.01.2024 00:00	1458.0	1462.0	1414.0	1434.0	71
26.01.2024 00:00	1418.0	1572.0	1414.0	1430.0	321
29.01.2024 00:00	1468.0	1468.0	1318.0	1394.0	502
30.01.2024 00:00	1414.0	1424.0	1370.0	1374.0	95
31.01.2024 00:00	1396.0	1490.0	1366.0	1450.0	303
01.02.2024 00:00	1458.0	1488.0	1408.0	1424.0	102
02.02.2024 00:00	1430.0	1450.0	1372.0	1398.0	108
05.02.2024 00:00	1402.0	1416.0	1370.0	1388.0	49
06.02.2024 00:00	1408.0	1408.0	1380.0	1396.0	57
07.02.2024 00:00	1374.0	1402.0	1300.0	1364.0	264
08.02.2024 00:00	1358.0	1360.0	1312.0	1356.0	76
09.02.2024 00:00	1380.0	1380.0	1282.0	1318.0	170
12.02.2024 00:00	1280.0	1300.0	1260.0	1264.0	154
13.02.2024 00:00	1296.0	1398.0	1260.0	1350.0	385
14.02.2024 00:00	1410.0	1434.0	1304.0	1330.0	462
15.02.2024 00:00	1328.0	1328.0	1300.0	1322.0	75
16.02.2024 00:00	1320.0	1334.0	1302.0	1310.0	54
19.02.2024 00:00	1330.0	1340.0	1298.0	1302.0	51
20.02.2024 00:00	1304.0	1304.0	1252.0	1258.0	110
21.02.2024 00:00	1260.0	1260.0	1160.0	1202.0	153
22.02.2024 00:00	1216.0	1240.0	1200.0	1210.0	47
26.02.2024 00:00	1198.0	1280.0	1156.0	1236.0	325
27.02.2024 00:00	1240.0	1280.0	1204.0	1218.0	104
28.02.2024 00:00	1230.0	1236.0	1180.0	1200.0	78
29.02.2024 00:00	1194.0	1210.0	1172.0	1210.0	33
01.03.2024 00:00	1220.0	1236.0	1202.0	1210.0	36
04.03.2024 00:00	1220.0	1234.0	1206.0	1234.0	41
05.03.2024 00:00	1238.0	1252.0	1224.0	1244.0	31
06.03.2024 00:00	1248.0	1250.0	1208.0	1208.0	78
07.03.2024 00:00	1208.0	1212.0	1174.0	1202.0	44
11.03.2024 00:00	1198.0	1198.0	1154.0	1172.0	112
12.03.2024 00:00	1162.0	1174.0	1132.0	1170.0	68
13.03.2024 00:00	1170.0	1234.0	1170.0	1228.0	227
14.03.2024 00:00	1240.0	1240.0	1184.0	1198.0	52
15.03.2024 00:00	1206.0	1218.0	1200.0	1214.0	23
18.03.2024 00:00	1204.0	1204.0	1192.0	1192.0	20
19.03.2024 00:00	1190.0	1190.0	1142.0	1142.0	85
20.03.2024 00:00	1154.0	1154.0	1116.0	1130.0	54
21.03.2024 00:00	1150.0	1156.0	1114.0	1120.0	74
22.03.2024 00:00	1116.0	1126.0	1084.0	1108.0	86
25.03.2024 00:00	1110.0	1170.0	1110.0	1126.0	77
26.03.2024 00:00	1140.0	1252.0	1126.0	1210.0	123
27.03.2024 00:00	1210.0	1340.0	1210.0	1278.0	416
28.03.2024 00:00	1272.0	1272.0	1212.0	1244.0	276
29.03.2024 00:00	1248.0	1320.0	1192.0	1220.0	238
01.04.2024 00:00	1238.0	1284.0	1222.0	1272.0	163
02.04.2024 00:00	1274.0	1320.0	1264.0	1282.0	355
03.04.2024 00:00	1282.0	1282.0	1240.0	1256.0	78
04.04.2024 00:00	1256.0	1256.0	1224.0	1232.0	45
05.04.2024 00:00	1224.0	1224.0	1200.0	1210.0	74
08.04.2024 00:00	1200.0	1240.0	1194.0	1220.0	66
09.04.2024 00:00	1236.0	1236.0	1176.0	1186.0	190
10.04.2024 00:00	1190.0	1208.0	1176.0	1190.0	63
11.04.2024 00:00	1200.0	1202.0	1186.0	1186.0	16
12.04.2024 00:00	1200.0	1204.0	1190.0	1192.0	18
15.04.2024 00:00	1186.0	1186.0	1156.0	1184.0	134
16.04.2024 00:00	1184.0	1190.0	1176.0	1186.0	19
17.04.2024 00:00	1194.0	1196.0	1170.0	1172.0	41
18.04.2024 00:00	1170.0	1182.0	1166.0	1182.0	21
19.04.2024 00:00	1174.0	1206.0	1170.0	1192.0	41
22.04.2024 00:00	1192.0	1202.0	1176.0	1200.0	53
23.04.2024 00:00	1202.0	1272.0	1202.0	1228.0	225
24.04.2024 00:00	1236.0	1236.0	1182.0	1188.0	117
25.04.2024 00:00	1186.0	1196.0	1176.0	1196.0	15
26.04.2024 00:00	1178.0	1220.0	1176.0	1212.0	32
27.04.2024 00:00	1212.0	1212.0	1194.0	1196.0	5
29.04.2024 00:00	1210.0	1212.0	1196.0	1210.0	12
30.04.2024 00:00	1198.0	1210.0	1196.0	1210.0	7
02.05.2024 00:00	1210.0	1258.0	1204.0	1234.0	73
03.05.2024 00:00	1236.0	1250.0	1200.0	1216.0	47
06.05.2024 00:00	1216.0	1226.0	1216.0	1226.0	30
07.05.2024 00:00	1228.0	1230.0	1182.0	1188.0	104
08.05.2024 00:00	1202.0	1224.0	1202.0	1222.0	31
10.05.2024 00:00	1208.0	1220.0	1160.0	1202.0	276
13.05.2024 00:00	1200.0	1200.0	1176.0	1188.0	44
14.05.2024 00:00	1174.0	1188.0	1170.0	1188.0	43
15.05.2024 00:00	1172.0	1188.0	1094.0	1148.0	309
16.05.2024 00:00	1146.0	1148.0	1114.0	1124.0	64
17.05.2024 00:00	1116.0	1124.0	1116.0	1122.0	5
20.05.2024 00:00	1138.0	1140.0	1050.0	1076.0	80
21.05.2024 00:00	1084.0	1086.0	1020.0	1036.0	89
22.05.2024 00:00	1038.0	1162.0	1038.0	1132.0	153
23.05.2024 00:00	1144.0	1218.0	1120.0	1124.0	112
24.05.2024 00:00	1136.0	1162.0	1114.0	1114.0	34
27.05.2024 00:00	1082.0	1084.0	1022.0	1066.0	42
28.05.2024 00:00	1082.0	1098.0	1066.0	1098.0	25
29.05.2024 00:00	1090.0	1096.0	1036.0	1036.0	36
30.05.2024 00:00	1062.0	1062.0	1054.0	1060.0	11
31.05.2024 00:00	1078.0	1136.0	954.0	974.0	187
03.06.2024 00:00	1046.0	1050.0	908.0	934.0	90
04.06.2024 00:00	946.0	1022.0	946.0	1000.0	37
05.06.2024 00:00	1026.0	1166.0	1014.0	1054.0	132
06.06.2024 00:00	1078.0	1088.0	1020.0	1044.0	29
07.06.2024 00:00	1038.0	1076.0	1022.0	1048.0	26
10.06.2024 00:00	1048.0	1066.0	1040.0	1040.0	21
11.06.2024 00:00	1052.0	1096.0	1040.0	1062.0	53
13.06.2024 00:00	1026.0	1042.0	1006.0	1042.0	38
14.06.2024 00:00	1042.0	1044.0	1018.0	1042.0	47
17.06.2024 00:00	1050.0	1062.0	1026.0	1042.0	6
18.06.2024 00:00	1030.0	1056.0	978.0	990.0	31
19.06.2024 00:00	1014.0	1076.0	920.0	942.0	113
20.06.2024 00:00	900.0	966.0	900.0	948.0	74
21.06.2024 00:00	938.0	956.0	904.0	922.0	68
24.06.2024 00:00	924.0	924.0	904.0	920.0	24
25.06.2024 00:00	906.0	906.0	800.0	886.0	133
26.06.2024 00:00	898.0	904.0	868.0	880.0	27
27.06.2024 00:00	904.0	904.0	860.0	876.0	41
28.06.2024 00:00	890.0	910.0	882.0	890.0	28
01.07.2024 00:00	892.0	928.0	888.0	928.0	29
02.07.2024 00:00	940.0	940.0	918.0	918.0	30
03.07.2024 00:00	918.0	922.0	918.0	918.0	4
04.07.2024 00:00	898.0	900.0	844.0	898.0	52
05.07.2024 00:00	852.0	990.0	852.0	906.0	194
08.07.2024 00:00	948.0	984.0	944.0	968.0	112
09.07.2024 00:00	970.0	1040.0	884.0	896.0	151
10.07.2024 00:00	896.0	896.0	822.0	822.0	16
11.07.2024 00:00	822.0	852.0	720.0	834.0	133
12.07.2024 00:00	900.0	900.0	792.0	810.0	42
15.07.2024 00:00	816.0	888.0	814.0	840.0	40
16.07.2024 00:00	904.0	980.0	820.0	836.0	152
17.07.2024 00:00	828.0	848.0	814.0	830.0	20
18.07.2024 00:00	824.0	836.0	814.0	832.0	11
19.07.2024 00:00	834.0	878.0	834.0	856.0	33
22.07.2024 00:00	854.0	880.0	832.0	844.0	20
23.07.2024 00:00	854.0	960.0	844.0	908.0	305
24.07.2024 00:00	880.0	950.0	860.0	922.0	72
25.07.2024 00:00	890.0	918.0	890.0	902.0	30
26.07.2024 00:00	896.0	976.0	888.0	920.0	69
29.07.2024 00:00	898.0	920.0	858.0	898.0	93
30.07.2024 00:00	968.0	968.0	930.0	930.0	11
31.07.2024 00:00	940.0	940.0	924.0	926.0	5
01.08.2024 00:00	926.0	926.0	914.0	926.0	11
02.08.2024 00:00	904.0	904.0	878.0	888.0	22
05.08.2024 00:00	850.0	860.0	850.0	850.0	23
06.08.2024 00:00	866.0	866.0	850.0	850.0	4
07.08.2024 00:00	858.0	858.0	858.0	858.0	1
08.08.2024 00:00	850.0	868.0	848.0	850.0	31
09.08.2024 00:00	852.0	862.0	840.0	846.0	16
12.08.2024 00:00	846.0	846.0	838.0	838.0	2
13.08.2024 00:00	850.0	910.0	850.0	890.0	100
14.08.2024 00:00	918.0	1040.0	916.0	956.0	234
15.08.2024 00:00	960.0	1000.0	946.0	978.0	65
16.08.2024 00:00	962.0	998.0	890.0	934.0	189
19.08.2024 00:00	920.0	924.0	892.0	894.0	29
20.08.2024 00:00	904.0	1048.0	900.0	900.0	207
21.08.2024 00:00	912.0	948.0	908.0	908.0	30
22.08.2024 00:00	908.0	926.0	872.0	880.0	28
23.08.2024 00:00	914.0	916.0	850.0	852.0	18
26.08.2024 00:00	886.0	886.0	864.0	878.0	4
27.08.2024 00:00	882.0	882.0	858.0	862.0	8
28.08.2024 00:00	858.0	866.0	848.0	848.0	16
29.08.2024 00:00	864.0	900.0	854.0	854.0	32
30.08.2024 00:00	852.0	852.0	850.0	850.0	6
02.09.2024 00:00	848.0	848.0	832.0	838.0	10
03.09.2024 00:00	834.0	864.0	820.0	864.0	27
04.09.2024 00:00	862.0	864.0	862.0	864.0	12
05.09.2024 00:00	868.0	920.0	868.0	882.0	37
06.09.2024 00:00	882.0	882.0	882.0	882.0	5
09.09.2024 00:00	908.0	908.0	882.0	902.0	10
11.09.2024 00:00	872.0	874.0	866.0	870.0	8
12.09.2024 00:00	852.0	888.0	852.0	864.0	8
13.09.2024 00:00	870.0	870.0	840.0	852.0	27
16.09.2024 00:00	866.0	866.0	856.0	856.0	11
17.09.2024 00:00	882.0	920.0	858.0	888.0	60
18.09.2024 00:00	896.0	896.0	850.0	880.0	11
19.09.2024 00:00	866.0	870.0	864.0	870.0	4
20.09.2024 00:00	874.0	892.0	874.0	892.0	5
23.09.2024 00:00	862.0	894.0	862.0	888.0	18
25.09.2024 00:00	900.0	930.0	888.0	890.0	15
26.09.2024 00:00	890.0	914.0	870.0	870.0	9
27.09.2024 00:00	870.0	890.0	868.0	874.0	11
30.09.2024 00:00	872.0	874.0	860.0	860.0	14
01.10.2024 00:00	858.0	1000.0	852.0	920.0	382
02.10.2024 00:00	976.0	976.0	872.0	892.0	35
03.10.2024 00:00	894.0	894.0	830.0	840.0	89
04.10.2024 00:00	812.0	858.0	804.0	846.0	20
07.10.2024 00:00	864.0	864.0	824.0	848.0	11
08.10.2024 00:00	858.0	858.0	820.0	848.0	20
09.10.2024 00:00	850.0	850.0	836.0	836.0	4
10.10.2024 00:00	836.0	836.0	836.0	836.0	2
11.10.2024 00:00	848.0	848.0	822.0	848.0	12
14.10.2024 00:00	828.0	842.0	812.0	824.0	24
15.10.2024 00:00	836.0	848.0	826.0	842.0	15
16.10.2024 00:00	838.0	838.0	834.0	834.0	8
17.10.2024 00:00	836.0	846.0	816.0	838.0	24
18.10.2024 00:00	818.0	836.0	770.0	792.0	138
21.10.2024 00:00	806.0	824.0	784.0	796.0	34
22.10.2024 00:00	814.0	832.0	808.0	808.0	28
23.10.2024 00:00	808.0	808.0	770.0	770.0	31
24.10.2024 00:00	762.0	818.0	762.0	790.0	24
25.10.2024 00:00	794.0	812.0	790.0	790.0	16
28.10.2024 00:00	756.0	788.0	736.0	738.0	38
29.10.2024 00:00	730.0	770.0	712.0	770.0	71
30.10.2024 00:00	780.0	788.0	768.0	784.0	14
31.10.2024 00:00	768.0	784.0	748.0	764.0	13
01.11.2024 00:00	782.0	782.0	738.0	760.0	10
02.11.2024 00:00	760.0	810.0	760.0	772.0	15
05.11.2024 00:00	772.0	772.0	744.0	772.0	10
06.11.2024 00:00	758.0	798.0	756.0	792.0	38
07.11.2024 00:00	788.0	788.0	760.0	780.0	16
08.11.2024 00:00	770.0	800.0	758.0	800.0	53
11.11.2024 00:00	798.0	868.0	796.0	818.0	52
12.11.2024 00:00	806.0	840.0	798.0	834.0	42
13.11.2024 00:00	836.0	1012.0	836.0	1012.0	799
14.11.2024 00:00	1018.0	1110.0	894.0	904.0	638
15.11.2024 00:00	902.0	956.0	862.0	884.0	302
18.11.2024 00:00	862.0	898.0	830.0	850.0	215
19.11.2024 00:00	870.0	880.0	780.0	798.0	167
20.11.2024 00:00	794.0	830.0	760.0	782.0	101
21.11.2024 00:00	780.0	780.0	744.0	758.0	67
22.11.2024 00:00	758.0	770.0	726.0	760.0	53
25.11.2024 00:00	736.0	768.0	700.0	708.0	157
26.11.2024 00:00	712.0	740.0	648.0	648.0	108
27.11.2024 00:00	648.0	648.0	550.0	604.0	197
28.11.2024 00:00	606.0	638.0	604.0	622.0	60
29.11.2024 00:00	622.0	670.0	622.0	648.0	73
02.12.2024 00:00	650.0	652.0	650.0	652.0	11
03.12.2024 00:00	682.0	684.0	624.0	634.0	31
04.12.2024 00:00	636.0	680.0	634.0	678.0	152
05.12.2024 00:00	678.0	700.0	652.0	692.0	60
06.12.2024 00:00	696.0	730.0	680.0	706.0	31
09.12.2024 00:00	706.0	724.0	702.0	720.0	24
10.12.2024 00:00	720.0	740.0	708.0	730.0	89
11.12.2024 00:00	730.0	730.0	710.0	710.0	18
12.12.2024 00:00	702.0	712.0	660.0	660.0	40
13.12.2024 00:00	670.0	670.0	600.0	632.0	122
16.12.2024 00:00	616.0	616.0	570.0	606.0	47
17.12.2024 00:00	610.0	630.0	590.0	594.0	21
18.12.2024 00:00	610.0	652.0	588.0	652.0	217
19.12.2024 00:00	700.0	716.0	644.0	652.0	238
20.12.2024 00:00	652.0	682.0	600.0	658.0	332
23.12.2024 00:00	684.0	722.0	662.0	698.0	207
24.12.2024 00:00	728.0	728.0	680.0	698.0	144
25.12.2024 00:00	684.0	706.0	682.0	706.0	18
26.12.2024 00:00	690.0	710.0	682.0	690.0	83
27.12.2024 00:00	698.0	698.0	676.0	698.0	43
28.12.2024 00:00	702.0	702.0	686.0	694.0	48
30.12.2024 00:00	698.0	704.0	670.0	694.0	77
03.01.2025 00:00	702.0	702.0	682.0	696.0	18
06.01.2025 00:00	690.0	690.0	688.0	688.0	3
08.01.2025 00:00	700.0	718.0	700.0	714.0	113
09.01.2025 00:00	714.0	728.0	692.0	694.0	139
10.01.2025 00:00	690.0	702.0	690.0	700.0	22
13.01.2025 00:00	700.0	728.0	700.0	716.0	253
14.01.2025 00:00	714.0	722.0	690.0	704.0	103
15.01.2025 00:00	710.0	718.0	696.0	708.0	58
16.01.2025 00:00	708.0	722.0	702.0	720.0	77
17.01.2025 00:00	726.0	792.0	726.0	742.0	639
20.01.2025 00:00	768.0	830.0	744.0	812.0	411
21.01.2025 00:00	812.0	848.0	812.0	844.0	237
22.01.2025 00:00	848.0	1028.0	848.0	1028.0	968
23.01.2025 00:00	1028.0	1126.0	910.0	910.0	1430
24.01.2025 00:00	938.0	998.0	890.0	904.0	522
27.01.2025 00:00	904.0	904.0	852.0	882.0	183
28.01.2025 00:00	882.0	930.0	860.0	884.0	642
29.01.2025 00:00	888.0	896.0	850.0	872.0	201
30.01.2025 00:00	872.0	876.0	856.0	870.0	105
31.01.2025 00:00	868.0	874.0	856.0	860.0	29
03.02.2025 00:00	860.0	860.0	828.0	856.0	72
04.02.2025 00:00	858.0	894.0	854.0	854.0	142
05.02.2025 00:00	840.0	856.0	774.0	818.0	380
06.02.2025 00:00	822.0	850.0	804.0	818.0	81
07.02.2025 00:00	808.0	834.0	782.0	808.0	144
10.02.2025 00:00	810.0	832.0	808.0	818.0	73
11.02.2025 00:00	818.0	850.0	810.0	850.0	192
12.02.2025 00:00	850.0	914.0	850.0	886.0	508
13.02.2025 00:00	910.0	910.0	860.0	862.0	139
14.02.2025 00:00	872.0	880.0	842.0	848.0	141
17.02.2025 00:00	874.0	876.0	840.0	866.0	125
18.02.2025 00:00	866.0	866.0	850.0	850.0	46
19.02.2025 00:00	840.0	868.0	838.0	840.0	81
20.02.2025 00:00	840.0	854.0	840.0	850.0	29
21.02.2025 00:00	838.0	866.0	836.0	858.0	61
24.02.2025 00:00	858.0	868.0	840.0	862.0	99
25.02.2025 00:00	866.0	866.0	842.0	854.0	85
26.02.2025 00:00	856.0	862.0	842.0	852.0	52
27.02.2025 00:00	840.0	846.0	836.0	840.0	37
28.02.2025 00:00	838.0	930.0	836.0	860.0	375
03.03.2025 00:00	844.0	848.0	818.0	832.0	35
04.03.2025 00:00	832.0	844.0	816.0	830.0	135
05.03.2025 00:00	832.0	840.0	828.0	832.0	46
06.03.2025 00:00	840.0	840.0	824.0	826.0	15
07.03.2025 00:00	828.0	828.0	818.0	828.0	18
10.03.2025 00:00	828.0	828.0	810.0	828.0	21
11.03.2025 00:00	822.0	826.0	806.0	818.0	58
12.03.2025 00:00	820.0	822.0	810.0	810.0	14
13.03.2025 00:00	812.0	812.0	800.0	812.0	20
14.03.2025 00:00	814.0	832.0	808.0	832.0	27
17.03.2025 00:00	838.0	844.0	830.0	830.0	16
18.03.2025 00:00	844.0	864.0	836.0	844.0	71
19.03.2025 00:00	842.0	852.0	840.0	842.0	67
20.03.2025 00:00	842.0	842.0	838.0	840.0	17
21.03.2025 00:00	838.0	840.0	832.0	832.0	8
24.03.2025 00:00	836.0	836.0	832.0	832.0	9
25.03.2025 00:00	830.0	830.0	820.0	826.0	14
26.03.2025 00:00	822.0	826.0	804.0	816.0	38
27.03.2025 00:00	802.0	818.0	788.0	804.0	32
28.03.2025 00:00	790.0	808.0	776.0	790.0	44
31.03.2025 00:00	778.0	798.0	768.0	786.0	36
01.04.2025 00:00	778.0	798.0	778.0	798.0	17
02.04.2025 00:00	798.0	798.0	784.0	790.0	9
03.04.2025 00:00	784.0	794.0	774.0	776.0	32
04.04.2025 00:00	784.0	834.0	726.0	736.0	330
07.04.2025 00:00	730.0	746.0	718.0	734.0	63
08.04.2025 00:00	742.0	780.0	734.0	738.0	124
09.04.2025 00:00	736.0	800.0	704.0	704.0	114
10.04.2025 00:00	726.0	738.0	702.0	730.0	109
11.04.2025 00:00	736.0	764.0	730.0	730.0	88
14.04.2025 00:00	720.0	758.0	720.0	720.0	37
15.04.2025 00:00	712.0	734.0	712.0	712.0	29
16.04.2025 00:00	726.0	726.0	724.0	724.0	2
17.04.2025 00:00	724.0	788.0	718.0	722.0	50
18.04.2025 00:00	720.0	722.0	706.0	708.0	39
21.04.2025 00:00	708.0	770.0	708.0	732.0	178
22.04.2025 00:00	750.0	750.0	718.0	742.0	29
23.04.2025 00:00	740.0	792.0	722.0	744.0	199
24.04.2025 00:00	750.0	804.0	750.0	754.0	264
25.04.2025 00:00	756.0	768.0	730.0	750.0	30
28.04.2025 00:00	732.0	750.0	722.0	744.0	38
29.04.2025 00:00	722.0	740.0	720.0	724.0	18
30.04.2025 00:00	724.0	724.0	724.0	724.0	1
02.05.2025 00:00	710.0	718.0	690.0	706.0	34
05.05.2025 00:00	716.0	738.0	702.0	702.0	27
06.05.2025 00:00	718.0	720.0	718.0	720.0	4
07.05.2025 00:00	724.0	726.0	724.0	726.0	5
08.05.2025 00:00	726.0	736.0	710.0	724.0	10
12.05.2025 00:00	726.0	726.0	714.0	714.0	40
13.05.2025 00:00	722.0	824.0	718.0	748.0	449
14.05.2025 00:00	764.0	768.0	724.0	754.0	40
15.05.2025 00:00	754.0	790.0	724.0	760.0	35
16.05.2025 00:00	778.0	778.0	754.0	760.0	14
19.05.2025 00:00	776.0	776.0	776.0	776.0	3
20.05.2025 00:00	788.0	806.0	758.0	772.0	85
21.05.2025 00:00	794.0	802.0	744.0	790.0	290
22.05.2025 00:00	790.0	800.0	764.0	780.0	25
