datetime	open	high	low	close	volume
09.03.2018 00:00	317.0	317.0	317.0	317.0	1
12.03.2018 00:00	319.0	320.0	319.0	319.0	6
13.03.2018 00:00	319.0	320.0	319.0	319.0	1
14.03.2018 00:00	320.0	323.0	319.0	320.0	94
15.03.2018 00:00	318.0	324.0	318.0	321.0	4
16.03.2018 00:00	323.0	323.0	314.0	318.0	5
19.03.2018 00:00	326.0	330.0	320.0	325.0	5
20.03.2018 00:00	325.0	325.0	320.0	320.0	25
21.03.2018 00:00	320.0	320.0	316.0	316.0	23
22.03.2018 00:00	320.0	320.0	312.0	312.0	56
23.03.2018 00:00	315.0	318.0	312.0	318.0	29
26.03.2018 00:00	318.0	319.0	318.0	319.0	5
27.03.2018 00:00	315.0	320.0	312.0	319.0	178
28.03.2018 00:00	319.0	320.0	319.0	320.0	13
29.03.2018 00:00	319.0	319.0	312.0	317.0	83
30.03.2018 00:00	317.0	317.0	308.0	315.0	21
02.04.2018 00:00	315.0	315.0	312.0	315.0	2
03.04.2018 00:00	312.0	312.0	311.0	311.0	12
04.04.2018 00:00	311.0	311.0	308.0	308.0	6
05.04.2018 00:00	308.0	308.0	305.0	306.0	99
06.04.2018 00:00	309.0	310.0	304.0	304.0	37
09.04.2018 00:00	303.0	303.0	289.0	289.0	285
10.04.2018 00:00	289.0	295.0	260.0	276.0	312
11.04.2018 00:00	287.0	291.0	280.0	283.0	172
12.04.2018 00:00	283.0	296.0	278.0	291.0	81
13.04.2018 00:00	289.0	296.0	282.0	296.0	47
16.04.2018 00:00	284.0	302.0	284.0	289.0	4
17.04.2018 00:00	287.0	325.0	285.0	297.0	39
18.04.2018 00:00	299.0	318.0	293.0	318.0	260
19.04.2018 00:00	313.0	333.0	309.0	309.0	28
20.04.2018 00:00	321.0	333.0	319.0	324.0	164
23.04.2018 00:00	318.0	323.0	314.0	314.0	17
24.04.2018 00:00	316.0	316.0	303.0	312.0	54
25.04.2018 00:00	309.0	310.0	299.0	302.0	92
26.04.2018 00:00	302.0	314.0	302.0	306.0	7
27.04.2018 00:00	306.0	314.0	306.0	314.0	35
28.04.2018 00:00	312.0	312.0	312.0	312.0	6
30.04.2018 00:00	315.0	316.0	315.0	316.0	11
03.05.2018 00:00	310.0	310.0	306.0	306.0	94
04.05.2018 00:00	306.0	309.0	304.0	308.0	199
07.05.2018 00:00	310.0	316.0	309.0	313.0	10
08.05.2018 00:00	309.0	316.0	307.0	312.0	52
11.05.2018 00:00	317.0	317.0	312.0	312.0	2
14.05.2018 00:00	313.0	317.0	313.0	313.0	3
15.05.2018 00:00	315.0	342.0	312.0	312.0	4
16.05.2018 00:00	312.0	319.0	312.0	319.0	63
17.05.2018 00:00	326.0	326.0	316.0	319.0	37
18.05.2018 00:00	317.0	318.0	310.0	310.0	59
21.05.2018 00:00	315.0	317.0	305.0	310.0	66
22.05.2018 00:00	309.0	309.0	305.0	308.0	24
23.05.2018 00:00	308.0	317.0	308.0	317.0	17
24.05.2018 00:00	308.0	309.0	300.0	308.0	108
25.05.2018 00:00	310.0	310.0	308.0	308.0	92
30.05.2018 00:00	305.0	315.0	305.0	315.0	102
31.05.2018 00:00	309.0	309.0	305.0	305.0	2
01.06.2018 00:00	306.0	306.0	302.0	306.0	8
05.06.2018 00:00	310.0	310.0	309.0	309.0	2
06.06.2018 00:00	313.0	316.0	313.0	316.0	5
07.06.2018 00:00	319.0	322.0	314.0	322.0	45
08.06.2018 00:00	321.0	325.0	321.0	325.0	28
09.06.2018 00:00	320.0	322.0	320.0	322.0	3
11.06.2018 00:00	318.0	324.0	317.0	321.0	10
13.06.2018 00:00	318.0	323.0	306.0	318.0	56
14.06.2018 00:00	319.0	322.0	315.0	320.0	27
15.06.2018 00:00	324.0	325.0	324.0	325.0	7
18.06.2018 00:00	319.0	319.0	318.0	319.0	14
19.06.2018 00:00	325.0	332.0	316.0	331.0	179
20.06.2018 00:00	326.0	340.0	324.0	332.0	344
21.06.2018 00:00	334.0	335.0	327.0	327.0	8
22.06.2018 00:00	325.0	326.0	313.0	316.0	22
25.06.2018 00:00	314.0	318.0	314.0	315.0	21
26.06.2018 00:00	318.0	319.0	305.0	308.0	31
28.06.2018 00:00	309.0	309.0	307.0	308.0	533
29.06.2018 00:00	310.0	312.0	310.0	312.0	6
02.07.2018 00:00	310.0	315.0	310.0	315.0	6
03.07.2018 00:00	312.0	316.0	312.0	316.0	450
04.07.2018 00:00	317.0	319.0	315.0	319.0	14
05.07.2018 00:00	310.0	317.0	309.0	317.0	13
06.07.2018 00:00	316.0	318.0	316.0	318.0	10
09.07.2018 00:00	310.0	319.0	310.0	319.0	973
10.07.2018 00:00	319.0	334.0	319.0	329.0	53
11.07.2018 00:00	327.0	333.0	327.0	333.0	3
12.07.2018 00:00	330.0	336.0	329.0	329.0	980
13.07.2018 00:00	331.0	332.0	324.0	325.0	7
16.07.2018 00:00	329.0	330.0	326.0	330.0	85
17.07.2018 00:00	338.0	350.0	325.0	344.0	182
18.07.2018 00:00	343.0	344.0	340.0	343.0	71
19.07.2018 00:00	345.0	354.0	345.0	345.0	206
20.07.2018 00:00	343.0	344.0	343.0	343.0	8
23.07.2018 00:00	342.0	342.0	336.0	336.0	10
24.07.2018 00:00	341.0	341.0	337.0	337.0	29
25.07.2018 00:00	341.0	346.0	336.0	338.0	295
26.07.2018 00:00	340.0	340.0	340.0	340.0	500
27.07.2018 00:00	341.0	342.0	340.0	342.0	40
30.07.2018 00:00	344.0	344.0	338.0	338.0	934
31.07.2018 00:00	342.0	342.0	338.0	339.0	661
02.08.2018 00:00	337.0	337.0	335.0	336.0	17
03.08.2018 00:00	335.0	336.0	335.0	336.0	602
06.08.2018 00:00	338.0	342.0	333.0	333.0	38
07.08.2018 00:00	334.0	334.0	330.0	330.0	91
08.08.2018 00:00	330.0	330.0	323.0	327.0	208
09.08.2018 00:00	329.0	330.0	324.0	324.0	3
10.08.2018 00:00	310.0	327.0	310.0	320.0	171
13.08.2018 00:00	324.0	325.0	324.0	324.0	8
14.08.2018 00:00	319.0	319.0	318.0	319.0	3
15.08.2018 00:00	318.0	318.0	318.0	318.0	78
17.08.2018 00:00	306.0	315.0	304.0	311.0	160
21.08.2018 00:00	310.0	312.0	310.0	310.0	54
22.08.2018 00:00	310.0	310.0	310.0	310.0	25
23.08.2018 00:00	308.0	310.0	308.0	310.0	301
24.08.2018 00:00	310.0	313.0	300.0	300.0	393
27.08.2018 00:00	305.0	305.0	305.0	305.0	750
28.08.2018 00:00	306.0	306.0	306.0	306.0	150
29.08.2018 00:00	315.0	315.0	307.0	307.0	162
30.08.2018 00:00	307.0	312.0	307.0	312.0	152
31.08.2018 00:00	307.0	310.0	296.0	300.0	354
03.09.2018 00:00	300.0	310.0	300.0	310.0	131
04.09.2018 00:00	310.0	318.0	310.0	316.0	43
05.09.2018 00:00	306.0	307.0	306.0	307.0	2
10.09.2018 00:00	302.0	309.0	302.0	309.0	35
11.09.2018 00:00	305.0	312.0	305.0	312.0	38
13.09.2018 00:00	305.0	311.0	305.0	311.0	81
14.09.2018 00:00	307.0	307.0	300.0	300.0	13
17.09.2018 00:00	307.0	307.0	300.0	300.0	20
18.09.2018 00:00	306.0	306.0	306.0	306.0	1
19.09.2018 00:00	306.0	311.0	306.0	311.0	13
20.09.2018 00:00	311.0	311.0	308.0	311.0	543
21.09.2018 00:00	310.0	317.0	310.0	312.0	87
24.09.2018 00:00	302.0	322.0	302.0	320.0	180
25.09.2018 00:00	314.0	314.0	314.0	314.0	2
27.09.2018 00:00	315.0	315.0	315.0	315.0	3
28.09.2018 00:00	314.0	314.0	309.0	309.0	77
01.10.2018 00:00	310.0	310.0	306.0	306.0	5
02.10.2018 00:00	307.0	310.0	306.0	307.0	11
03.10.2018 00:00	308.0	315.0	307.0	309.0	112
04.10.2018 00:00	311.0	311.0	306.0	307.0	15
05.10.2018 00:00	305.0	313.0	304.0	313.0	17
08.10.2018 00:00	247.0	309.0	220.0	309.0	126
09.10.2018 00:00	310.0	314.0	310.0	314.0	289
10.10.2018 00:00	310.0	310.0	303.0	307.0	200
11.10.2018 00:00	302.0	302.0	290.0	302.0	194
12.10.2018 00:00	302.0	302.0	300.0	300.0	205
16.10.2018 00:00	300.0	303.0	300.0	303.0	31
17.10.2018 00:00	301.0	307.0	301.0	302.0	134
18.10.2018 00:00	302.0	302.0	300.0	300.0	5
19.10.2018 00:00	299.0	299.0	299.0	299.0	80
22.10.2018 00:00	303.0	303.0	296.0	296.0	7
23.10.2018 00:00	293.0	293.0	291.0	291.0	14
24.10.2018 00:00	293.0	294.0	293.0	294.0	3
26.10.2018 00:00	291.0	296.0	291.0	295.0	3
29.10.2018 00:00	295.0	296.0	295.0	296.0	4
31.10.2018 00:00	298.0	319.0	298.0	310.0	533
01.11.2018 00:00	310.0	316.0	310.0	315.0	19
02.11.2018 00:00	315.0	319.0	315.0	319.0	10
06.11.2018 00:00	315.0	316.0	315.0	316.0	29
07.11.2018 00:00	307.0	322.0	287.0	320.0	59
08.11.2018 00:00	320.0	344.0	320.0	327.0	193
09.11.2018 00:00	328.0	328.0	315.0	317.0	53
12.11.2018 00:00	321.0	321.0	312.0	312.0	15
13.11.2018 00:00	316.0	316.0	310.0	310.0	18
14.11.2018 00:00	315.0	316.0	314.0	315.0	10
15.11.2018 00:00	318.0	320.0	312.0	313.0	164
16.11.2018 00:00	314.0	314.0	314.0	314.0	1
19.11.2018 00:00	311.0	319.0	311.0	311.0	15
20.11.2018 00:00	314.0	321.0	314.0	321.0	18
21.11.2018 00:00	316.0	316.0	314.0	315.0	3
22.11.2018 00:00	319.0	320.0	319.0	320.0	10
23.11.2018 00:00	324.0	324.0	324.0	324.0	1
26.11.2018 00:00	312.0	318.0	312.0	318.0	11
27.11.2018 00:00	320.0	320.0	320.0	320.0	3
28.11.2018 00:00	320.0	320.0	320.0	320.0	1
29.11.2018 00:00	313.0	315.0	312.0	313.0	19
30.11.2018 00:00	313.0	313.0	313.0	313.0	80
03.12.2018 00:00	313.0	314.0	313.0	313.0	19
04.12.2018 00:00	315.0	315.0	314.0	314.0	43
05.12.2018 00:00	310.0	310.0	309.0	309.0	119
06.12.2018 00:00	308.0	308.0	300.0	303.0	87
07.12.2018 00:00	302.0	306.0	302.0	306.0	2
10.12.2018 00:00	303.0	303.0	298.0	298.0	11
11.12.2018 00:00	297.0	297.0	293.0	293.0	10
12.12.2018 00:00	297.0	301.0	294.0	300.0	57
13.12.2018 00:00	300.0	300.0	300.0	300.0	100
14.12.2018 00:00	300.0	300.0	300.0	300.0	51
17.12.2018 00:00	296.0	296.0	290.0	290.0	2
18.12.2018 00:00	295.0	295.0	290.0	290.0	130
19.12.2018 00:00	291.0	291.0	291.0	291.0	200
20.12.2018 00:00	290.0	290.0	287.0	287.0	16
21.12.2018 00:00	287.0	297.0	283.0	297.0	549
24.12.2018 00:00	293.0	293.0	293.0	293.0	1
25.12.2018 00:00	292.0	292.0	280.0	280.0	714
26.12.2018 00:00	289.0	290.0	287.0	290.0	11
27.12.2018 00:00	285.0	292.0	284.0	288.0	36
28.12.2018 00:00	291.0	291.0	275.0	281.0	122
29.12.2018 00:00	278.0	303.0	278.0	303.0	304
03.01.2019 00:00	303.0	303.0	303.0	303.0	1
08.01.2019 00:00	299.0	299.0	299.0	299.0	1
09.01.2019 00:00	303.0	303.0	303.0	303.0	20
11.01.2019 00:00	303.0	305.0	301.0	302.0	19
14.01.2019 00:00	298.0	302.0	296.0	301.0	109
16.01.2019 00:00	298.0	300.0	297.0	299.0	63
17.01.2019 00:00	301.0	301.0	296.0	297.0	88
18.01.2019 00:00	300.0	302.0	297.0	297.0	9
21.01.2019 00:00	300.0	316.0	300.0	315.0	329
22.01.2019 00:00	310.0	315.0	303.0	315.0	40
23.01.2019 00:00	309.0	335.0	309.0	325.0	371
24.01.2019 00:00	326.0	326.0	320.0	320.0	5
28.01.2019 00:00	323.0	326.0	321.0	325.0	79
29.01.2019 00:00	326.0	326.0	320.0	325.0	12
31.01.2019 00:00	328.0	328.0	313.0	317.0	239
05.02.2019 00:00	318.0	320.0	312.0	312.0	14
06.02.2019 00:00	316.0	316.0	315.0	316.0	7
07.02.2019 00:00	318.0	318.0	318.0	318.0	1
13.02.2019 00:00	314.0	314.0	314.0	314.0	2
14.02.2019 00:00	314.0	314.0	314.0	314.0	1
18.02.2019 00:00	313.0	317.0	313.0	315.0	5
19.02.2019 00:00	321.0	440.0	320.0	440.0	6605
20.02.2019 00:00	478.0	478.0	378.0	393.0	2109
21.02.2019 00:00	399.0	399.0	375.0	389.0	303
22.02.2019 00:00	377.0	414.0	373.0	374.0	809
25.02.2019 00:00	375.0	390.0	364.0	370.0	291
26.02.2019 00:00	370.0	410.0	356.0	386.0	435
27.02.2019 00:00	393.0	402.0	372.0	379.0	115
28.02.2019 00:00	375.0	380.0	370.0	370.0	62
01.03.2019 00:00	374.0	384.0	374.0	381.0	67
04.03.2019 00:00	373.0	407.0	366.0	374.0	85
05.03.2019 00:00	374.0	374.0	356.0	363.0	22
06.03.2019 00:00	365.0	378.0	365.0	374.0	97
07.03.2019 00:00	367.0	371.0	367.0	370.0	3
11.03.2019 00:00	370.0	370.0	363.0	369.0	106
12.03.2019 00:00	366.0	366.0	360.0	365.0	10
13.03.2019 00:00	360.0	368.0	358.0	361.0	107
14.03.2019 00:00	360.0	361.0	360.0	361.0	2
15.03.2019 00:00	359.0	359.0	345.0	350.0	60
18.03.2019 00:00	355.0	357.0	341.0	343.0	160
19.03.2019 00:00	353.0	378.0	343.0	355.0	256
20.03.2019 00:00	355.0	384.0	355.0	384.0	496
21.03.2019 00:00	378.0	383.0	370.0	372.0	14
22.03.2019 00:00	368.0	384.0	359.0	364.0	128
25.03.2019 00:00	368.0	373.0	354.0	363.0	35
26.03.2019 00:00	359.0	360.0	350.0	350.0	101
27.03.2019 00:00	350.0	358.0	350.0	357.0	312
28.03.2019 00:00	358.0	360.0	358.0	360.0	16
29.03.2019 00:00	360.0	360.0	351.0	351.0	36
01.04.2019 00:00	353.0	356.0	352.0	356.0	50
02.04.2019 00:00	358.0	358.0	358.0	358.0	1
03.04.2019 00:00	352.0	352.0	342.0	342.0	106
04.04.2019 00:00	347.0	348.0	339.0	339.0	62
05.04.2019 00:00	339.0	339.0	334.0	339.0	51
08.04.2019 00:00	337.0	337.0	335.0	335.0	5
09.04.2019 00:00	344.0	356.0	339.0	343.0	58
10.04.2019 00:00	341.0	341.0	341.0	341.0	3
11.04.2019 00:00	340.0	340.0	340.0	340.0	2
12.04.2019 00:00	337.0	337.0	334.0	335.0	10
15.04.2019 00:00	340.0	340.0	329.0	334.0	180
16.04.2019 00:00	332.0	343.0	329.0	338.0	143
17.04.2019 00:00	340.0	340.0	340.0	340.0	1
18.04.2019 00:00	335.0	335.0	335.0	335.0	1
19.04.2019 00:00	337.0	337.0	333.0	333.0	5
22.04.2019 00:00	333.0	335.0	332.0	335.0	16
23.04.2019 00:00	334.0	334.0	330.0	330.0	17
25.04.2019 00:00	331.0	331.0	330.0	330.0	14
26.04.2019 00:00	330.0	330.0	330.0	330.0	1
29.04.2019 00:00	338.0	339.0	328.0	329.0	17
30.04.2019 00:00	338.0	420.0	333.0	341.0	334
02.05.2019 00:00	357.5	358.5	331.5	332.0	105
06.05.2019 00:00	321.0	331.5	321.0	323.0	105
07.05.2019 00:00	325.0	326.0	325.0	325.5	13
08.05.2019 00:00	320.0	320.0	320.0	320.0	3
10.05.2019 00:00	320.0	320.0	319.5	320.0	9
13.05.2019 00:00	318.0	320.0	316.5	320.0	62
14.05.2019 00:00	317.0	317.0	317.0	317.0	11
15.05.2019 00:00	317.0	322.0	317.0	322.0	15
17.05.2019 00:00	320.0	320.0	320.0	320.0	2
20.05.2019 00:00	317.5	324.0	317.5	324.0	2
21.05.2019 00:00	324.0	324.0	324.0	324.0	4
22.05.2019 00:00	320.0	320.0	316.5	317.0	82
24.05.2019 00:00	316.5	317.0	316.5	317.0	83
27.05.2019 00:00	316.5	316.5	310.0	310.0	21
28.05.2019 00:00	315.0	316.5	315.0	316.5	6
30.05.2019 00:00	313.0	320.0	311.5	320.0	81
05.06.2019 00:00	315.0	315.0	314.5	314.5	4
07.06.2019 00:00	314.5	315.0	314.0	314.5	19
10.06.2019 00:00	319.5	319.5	319.5	319.5	1
11.06.2019 00:00	319.5	319.5	319.5	319.5	3
13.06.2019 00:00	320.0	320.0	320.0	320.0	1
14.06.2019 00:00	320.5	320.5	320.0	320.0	88
17.06.2019 00:00	321.0	321.0	321.0	321.0	2
19.06.2019 00:00	318.5	318.5	318.0	318.0	2
20.06.2019 00:00	320.0	324.0	320.0	324.0	12
24.06.2019 00:00	326.0	326.5	324.0	324.0	1087
25.06.2019 00:00	324.0	324.0	310.5	318.0	18
26.06.2019 00:00	316.0	316.0	309.5	310.0	32
27.06.2019 00:00	316.0	316.5	316.0	316.5	12
28.06.2019 00:00	311.5	315.0	310.0	310.5	11
01.07.2019 00:00	312.5	312.5	312.5	312.5	1
03.07.2019 00:00	310.5	315.0	310.0	315.0	116
04.07.2019 00:00	316.0	353.5	316.0	338.0	330
05.07.2019 00:00	335.5	429.0	335.5	405.5	3322
08.07.2019 00:00	408.0	429.0	373.5	425.0	560
09.07.2019 00:00	416.0	419.0	400.0	400.0	217
10.07.2019 00:00	406.5	419.5	406.5	413.5	18
11.07.2019 00:00	408.0	408.0	400.0	400.0	71
12.07.2019 00:00	387.0	390.0	380.0	380.5	30
15.07.2019 00:00	397.0	397.0	390.0	390.0	8
16.07.2019 00:00	390.0	390.0	325.0	344.5	373
17.07.2019 00:00	345.0	352.0	336.0	340.0	569
18.07.2019 00:00	347.0	360.0	338.5	360.0	213
19.07.2019 00:00	360.0	360.0	348.0	350.0	10
22.07.2019 00:00	348.5	348.5	339.5	344.0	83
25.07.2019 00:00	338.0	343.0	335.5	343.0	13
26.07.2019 00:00	338.0	339.5	335.5	339.5	6
29.07.2019 00:00	336.0	336.0	329.5	336.0	25
30.07.2019 00:00	330.5	336.0	328.0	336.0	182
01.08.2019 00:00	328.0	339.5	328.0	339.5	58
02.08.2019 00:00	335.0	338.5	325.0	331.5	65
05.08.2019 00:00	333.5	333.5	333.5	333.5	1
06.08.2019 00:00	334.5	336.5	332.0	335.5	12
07.08.2019 00:00	335.0	335.0	335.0	335.0	1
09.08.2019 00:00	331.5	333.5	331.0	333.5	106
12.08.2019 00:00	332.0	332.0	331.5	331.5	2
13.08.2019 00:00	332.0	332.0	332.0	332.0	1
14.08.2019 00:00	331.0	331.0	331.0	331.0	1
15.08.2019 00:00	330.5	330.5	328.0	328.0	3
16.08.2019 00:00	324.5	326.0	312.0	326.0	9
20.08.2019 00:00	324.5	325.0	312.0	318.0	108
26.08.2019 00:00	318.0	318.0	317.0	317.0	80
27.08.2019 00:00	320.0	322.5	320.0	322.0	4
28.08.2019 00:00	322.0	322.0	320.5	320.5	3
29.08.2019 00:00	319.0	323.0	318.5	320.0	318
30.08.2019 00:00	326.5	328.0	326.5	328.0	14
02.09.2019 00:00	329.5	329.5	329.5	329.5	1
03.09.2019 00:00	325.0	326.0	322.0	326.0	41
04.09.2019 00:00	322.0	331.5	322.0	331.5	23
05.09.2019 00:00	327.5	330.0	327.5	330.0	2
06.09.2019 00:00	337.0	337.0	330.0	330.0	5
09.09.2019 00:00	328.0	329.0	327.0	329.0	11
11.09.2019 00:00	326.0	326.0	326.0	326.0	80
12.09.2019 00:00	326.0	326.0	326.0	326.0	1
13.09.2019 00:00	332.5	335.5	332.5	335.5	70
16.09.2019 00:00	333.5	350.0	333.5	350.0	114
17.09.2019 00:00	344.5	356.5	338.0	338.0	26
18.09.2019 00:00	343.0	343.0	336.0	337.0	23
19.09.2019 00:00	335.5	335.5	330.5	334.0	8
20.09.2019 00:00	339.5	339.5	339.5	339.5	2
23.09.2019 00:00	333.5	335.5	322.0	330.0	18
24.09.2019 00:00	330.0	333.0	327.5	333.0	6
25.09.2019 00:00	332.5	332.5	318.5	326.5	294
26.09.2019 00:00	331.0	332.0	326.0	326.0	298
27.09.2019 00:00	326.5	326.5	326.5	326.5	1
30.09.2019 00:00	326.0	334.0	317.5	319.5	77
01.10.2019 00:00	326.5	342.0	326.5	340.0	72
02.10.2019 00:00	335.0	336.0	323.0	328.5	9
03.10.2019 00:00	335.5	336.0	329.0	329.0	4
04.10.2019 00:00	330.0	330.0	330.0	330.0	1
07.10.2019 00:00	328.0	328.0	328.0	328.0	3
08.10.2019 00:00	329.0	330.0	329.0	330.0	82
09.10.2019 00:00	333.5	334.0	333.5	334.0	2
10.10.2019 00:00	334.0	348.0	334.0	336.0	210
11.10.2019 00:00	335.0	335.0	330.0	331.5	21
14.10.2019 00:00	336.5	338.0	319.5	325.5	58
15.10.2019 00:00	328.5	336.5	321.0	333.0	76
16.10.2019 00:00	332.5	332.5	330.0	332.5	87
17.10.2019 00:00	328.5	328.5	328.0	328.0	4
18.10.2019 00:00	328.0	328.0	316.0	325.0	22
21.10.2019 00:00	327.0	327.0	324.5	324.5	11
22.10.2019 00:00	324.0	324.5	324.0	324.0	47
23.10.2019 00:00	324.0	327.0	323.5	324.5	229
24.10.2019 00:00	326.0	328.5	324.5	324.5	107
25.10.2019 00:00	327.5	329.0	325.5	328.0	18
28.10.2019 00:00	329.0	329.0	329.0	329.0	9
29.10.2019 00:00	331.0	336.5	330.0	332.0	24
30.10.2019 00:00	338.5	340.0	327.0	328.0	151
31.10.2019 00:00	327.0	337.0	326.5	331.5	21
01.11.2019 00:00	328.0	337.5	328.0	336.5	25
05.11.2019 00:00	338.5	340.5	338.5	340.5	8
06.11.2019 00:00	335.0	335.0	335.0	335.0	2
07.11.2019 00:00	334.5	336.0	334.5	336.0	11
08.11.2019 00:00	340.0	340.0	339.0	339.0	2
11.11.2019 00:00	325.0	336.5	325.0	336.5	34
12.11.2019 00:00	331.5	336.5	327.0	336.0	17
13.11.2019 00:00	336.0	336.0	328.0	328.0	13
15.11.2019 00:00	333.0	335.5	328.5	328.5	6
18.11.2019 00:00	333.0	356.0	333.0	346.5	520
19.11.2019 00:00	343.5	347.0	342.5	343.0	11
20.11.2019 00:00	348.0	348.0	335.0	342.0	21
21.11.2019 00:00	337.0	337.0	337.0	337.0	1
22.11.2019 00:00	336.0	336.0	336.0	336.0	1
25.11.2019 00:00	340.0	340.0	340.0	340.0	460
26.11.2019 00:00	335.5	335.5	335.5	335.5	1
27.11.2019 00:00	335.5	335.5	335.5	335.5	6
29.11.2019 00:00	341.5	348.0	340.0	342.5	23
02.12.2019 00:00	340.0	340.0	338.0	338.0	11
03.12.2019 00:00	343.0	348.0	340.0	340.0	53
04.12.2019 00:00	340.0	340.0	314.5	321.0	1602
05.12.2019 00:00	318.0	324.0	318.0	324.0	8
06.12.2019 00:00	320.0	320.0	318.0	320.0	46
09.12.2019 00:00	317.5	319.0	316.0	317.0	12
10.12.2019 00:00	316.0	320.0	316.0	319.5	46
11.12.2019 00:00	320.0	320.0	309.5	315.0	829
12.12.2019 00:00	316.0	316.5	311.5	313.0	66
13.12.2019 00:00	312.0	320.0	312.0	316.0	102
16.12.2019 00:00	319.5	348.0	319.5	334.5	1109
17.12.2019 00:00	340.0	340.0	331.5	332.5	54
18.12.2019 00:00	331.5	346.0	331.0	335.5	470
19.12.2019 00:00	340.0	340.0	331.5	338.5	77
20.12.2019 00:00	333.0	333.0	329.0	329.0	86
23.12.2019 00:00	334.5	348.0	334.5	344.0	1505
24.12.2019 00:00	342.0	346.0	340.0	340.0	169
25.12.2019 00:00	344.0	344.0	338.0	339.5	67
26.12.2019 00:00	339.0	342.5	337.0	342.5	70
27.12.2019 00:00	342.5	349.5	342.5	344.5	425
30.12.2019 00:00	345.0	345.5	335.5	340.0	618
03.01.2020 00:00	339.0	339.5	339.0	339.0	51
06.01.2020 00:00	348.0	348.0	334.5	336.0	20
08.01.2020 00:00	339.5	341.0	339.5	341.0	40
09.01.2020 00:00	336.0	336.0	335.5	336.0	2
10.01.2020 00:00	341.5	350.0	341.5	344.5	35
13.01.2020 00:00	350.0	354.0	348.5	349.0	327
14.01.2020 00:00	352.5	352.5	346.0	346.0	9
15.01.2020 00:00	352.0	352.5	346.5	348.0	48
16.01.2020 00:00	346.5	346.5	339.5	342.0	452
17.01.2020 00:00	342.0	354.5	342.0	348.5	322
20.01.2020 00:00	349.0	361.5	349.0	361.5	214
21.01.2020 00:00	358.0	362.5	357.0	357.0	323
22.01.2020 00:00	356.5	359.0	350.0	356.5	76
23.01.2020 00:00	356.0	358.0	348.0	350.0	175
24.01.2020 00:00	349.5	356.0	349.5	355.5	27
27.01.2020 00:00	348.5	350.5	341.5	342.5	60
28.01.2020 00:00	343.5	348.0	340.0	347.5	54
29.01.2020 00:00	348.5	350.0	348.5	350.0	15
30.01.2020 00:00	350.0	350.0	348.0	348.0	182
31.01.2020 00:00	345.0	345.0	345.0	345.0	1
03.02.2020 00:00	344.0	349.0	344.0	345.0	4
04.02.2020 00:00	343.5	350.0	341.0	349.0	130
05.02.2020 00:00	346.0	349.0	341.5	348.0	36
06.02.2020 00:00	348.0	369.5	348.0	367.5	404
07.02.2020 00:00	371.0	386.0	357.0	362.0	352
10.02.2020 00:00	361.5	369.5	341.0	354.5	173
11.02.2020 00:00	351.5	360.0	351.5	360.0	39
12.02.2020 00:00	352.5	362.0	345.0	357.0	115
13.02.2020 00:00	355.0	359.0	340.0	352.0	221
14.02.2020 00:00	354.0	354.0	343.0	353.0	34
17.02.2020 00:00	354.5	385.0	350.5	373.5	172
18.02.2020 00:00	367.0	367.0	360.5	360.5	32
19.02.2020 00:00	362.0	368.0	358.5	360.5	518
20.02.2020 00:00	361.5	361.5	358.0	358.5	8
21.02.2020 00:00	367.0	405.0	361.0	372.0	589
25.02.2020 00:00	370.5	370.5	360.0	360.0	60
26.02.2020 00:00	358.0	358.0	336.0	349.0	128
27.02.2020 00:00	347.0	351.0	331.5	338.0	54
28.02.2020 00:00	332.5	336.5	320.0	329.0	113
02.03.2020 00:00	332.0	336.0	323.5	323.5	125
03.03.2020 00:00	324.0	331.0	324.0	331.0	5
04.03.2020 00:00	336.5	336.5	327.0	327.5	13
05.03.2020 00:00	332.0	335.0	332.0	335.0	5
06.03.2020 00:00	327.5	327.5	324.5	325.0	97
10.03.2020 00:00	323.5	323.5	286.0	297.0	296
11.03.2020 00:00	302.0	303.0	271.0	284.5	177
12.03.2020 00:00	278.0	279.0	250.0	262.5	77
13.03.2020 00:00	266.5	276.0	265.0	274.0	63
16.03.2020 00:00	272.0	319.0	251.0	260.5	53
17.03.2020 00:00	255.5	262.5	255.0	262.5	54
18.03.2020 00:00	254.5	254.5	245.0	247.5	6
19.03.2020 00:00	253.0	275.0	253.0	274.5	148
20.03.2020 00:00	276.5	294.0	276.5	278.5	121
23.03.2020 00:00	280.0	281.0	280.0	280.5	6
24.03.2020 00:00	273.5	284.0	273.5	284.0	18
25.03.2020 00:00	286.5	289.5	277.5	284.5	18
26.03.2020 00:00	273.0	291.0	260.0	286.5	132
27.03.2020 00:00	283.5	283.5	280.5	281.5	4
30.03.2020 00:00	278.0	290.0	271.5	286.0	34
31.03.2020 00:00	286.5	289.0	286.5	289.0	11
01.04.2020 00:00	282.5	289.5	278.0	285.0	31
02.04.2020 00:00	290.0	290.0	281.0	286.0	124
03.04.2020 00:00	290.0	290.0	284.5	284.5	82
06.04.2020 00:00	288.5	288.5	281.5	284.5	39
07.04.2020 00:00	287.0	330.0	286.0	297.0	416
08.04.2020 00:00	297.5	304.0	290.5	302.0	38
09.04.2020 00:00	302.5	339.5	302.5	313.5	508
10.04.2020 00:00	327.0	350.0	319.0	326.0	321
13.04.2020 00:00	325.0	348.0	323.0	326.5	61
14.04.2020 00:00	331.0	338.5	319.0	319.0	46
15.04.2020 00:00	316.0	316.0	300.0	300.5	92
16.04.2020 00:00	300.0	314.0	300.0	314.0	16
17.04.2020 00:00	317.5	330.5	317.5	328.0	41
21.04.2020 00:00	322.5	322.5	310.5	318.0	38
22.04.2020 00:00	319.0	319.0	313.0	313.0	10
23.04.2020 00:00	319.5	325.5	319.5	325.0	14
24.04.2020 00:00	316.5	330.0	316.0	319.0	20
27.04.2020 00:00	318.5	331.0	316.0	320.5	44
28.04.2020 00:00	324.0	330.0	318.0	320.0	64
29.04.2020 00:00	318.0	320.0	275.5	309.0	204
30.04.2020 00:00	308.0	330.0	308.0	314.5	174
04.05.2020 00:00	311.5	325.0	308.0	315.0	176
05.05.2020 00:00	307.5	321.0	305.0	321.0	59
06.05.2020 00:00	316.5	317.0	311.5	311.5	17
07.05.2020 00:00	316.0	316.0	313.0	316.0	13
08.05.2020 00:00	308.5	316.5	308.5	315.0	9
12.05.2020 00:00	317.0	317.0	317.0	317.0	1
13.05.2020 00:00	317.0	330.5	316.5	326.5	372
14.05.2020 00:00	320.0	321.0	320.0	321.0	5
15.05.2020 00:00	320.0	323.5	308.5	308.5	44
18.05.2020 00:00	314.5	315.0	308.5	308.5	52
19.05.2020 00:00	315.0	315.5	314.0	314.0	12
20.05.2020 00:00	316.5	320.5	311.5	318.0	13
21.05.2020 00:00	321.0	326.0	316.5	318.0	11
22.05.2020 00:00	321.5	322.0	321.5	322.0	3
25.05.2020 00:00	328.0	332.5	317.5	322.0	343
26.05.2020 00:00	319.5	330.0	316.5	323.5	63
27.05.2020 00:00	322.5	322.5	322.5	322.5	5
28.05.2020 00:00	321.0	321.0	321.0	321.0	1
29.05.2020 00:00	322.5	332.0	322.5	331.0	206
01.06.2020 00:00	331.5	350.0	314.0	344.0	1479
02.06.2020 00:00	342.0	350.0	332.5	336.0	337
03.06.2020 00:00	336.0	340.0	332.5	337.5	119
04.06.2020 00:00	337.0	345.5	335.0	345.5	103
05.06.2020 00:00	343.0	350.0	340.0	340.0	222
08.06.2020 00:00	340.0	350.0	340.0	345.5	229
09.06.2020 00:00	338.0	340.0	328.0	335.0	12
10.06.2020 00:00	330.5	378.0	323.5	334.5	836
11.06.2020 00:00	332.0	349.0	332.0	341.5	30
15.06.2020 00:00	333.0	350.0	333.0	344.0	217
16.06.2020 00:00	333.5	344.0	333.5	344.0	2
17.06.2020 00:00	335.0	336.5	330.0	331.5	24
18.06.2020 00:00	330.0	335.0	330.0	335.0	17
19.06.2020 00:00	336.5	344.5	332.5	339.0	223
22.06.2020 00:00	331.5	340.5	331.5	340.0	416
23.06.2020 00:00	340.0	340.0	340.0	340.0	39
25.06.2020 00:00	335.5	336.5	330.0	336.5	12
29.06.2020 00:00	332.5	332.5	324.0	332.0	12
30.06.2020 00:00	328.0	329.0	327.5	328.0	17
02.07.2020 00:00	328.0	329.0	328.0	329.0	74
03.07.2020 00:00	328.0	340.0	324.0	327.5	47
06.07.2020 00:00	331.5	335.0	331.0	335.0	50
07.07.2020 00:00	336.5	336.5	336.5	336.5	1
08.07.2020 00:00	335.5	348.0	335.5	340.0	120
09.07.2020 00:00	347.5	348.0	330.5	335.0	1093
10.07.2020 00:00	332.0	332.0	332.0	332.0	3
13.07.2020 00:00	331.5	333.0	321.5	333.0	17
14.07.2020 00:00	331.0	331.0	331.0	331.0	1
15.07.2020 00:00	331.0	331.0	321.0	325.5	12
16.07.2020 00:00	330.0	335.0	330.0	335.0	40
17.07.2020 00:00	336.0	336.0	331.0	331.0	2
20.07.2020 00:00	328.0	333.0	301.5	322.5	200
21.07.2020 00:00	320.0	325.5	319.0	319.0	75
22.07.2020 00:00	321.0	321.0	318.0	319.0	16
23.07.2020 00:00	322.5	322.5	314.5	316.0	19
24.07.2020 00:00	322.5	338.0	322.5	328.0	45
27.07.2020 00:00	323.5	323.5	321.0	321.5	14
28.07.2020 00:00	321.0	321.0	319.0	320.0	181
29.07.2020 00:00	321.0	323.5	321.0	323.5	141
30.07.2020 00:00	319.5	319.5	318.0	319.0	20
31.07.2020 00:00	325.0	325.0	318.0	318.5	68
03.08.2020 00:00	323.0	323.0	318.5	323.0	17
04.08.2020 00:00	320.0	324.0	318.0	324.0	3
05.08.2020 00:00	318.0	332.5	318.0	332.5	139
06.08.2020 00:00	329.5	333.5	326.0	333.5	16
07.08.2020 00:00	329.0	329.0	329.0	329.0	2
10.08.2020 00:00	329.0	336.5	329.0	330.5	24
11.08.2020 00:00	330.5	330.5	329.0	329.0	12
12.08.2020 00:00	328.0	336.5	328.0	330.5	29
13.08.2020 00:00	334.5	338.0	317.0	328.0	161
14.08.2020 00:00	328.0	341.0	325.5	335.0	152
17.08.2020 00:00	334.0	335.0	330.0	330.0	11
18.08.2020 00:00	328.5	330.0	301.5	325.0	210
19.08.2020 00:00	326.5	328.5	320.5	327.0	64
20.08.2020 00:00	326.0	327.0	325.0	325.0	47
21.08.2020 00:00	331.0	331.0	325.5	325.5	6
24.08.2020 00:00	325.0	327.5	325.0	325.0	20
25.08.2020 00:00	325.0	325.0	305.5	320.0	120
26.08.2020 00:00	318.0	318.0	318.0	318.0	31
27.08.2020 00:00	321.5	330.0	321.5	323.5	56
28.08.2020 00:00	328.0	328.0	326.0	326.5	8
31.08.2020 00:00	323.5	326.0	320.0	324.0	29
03.09.2020 00:00	321.0	321.0	320.0	320.0	25
04.09.2020 00:00	320.0	320.0	320.0	320.0	50
07.09.2020 00:00	320.0	320.0	320.0	320.0	10
08.09.2020 00:00	318.0	318.0	316.0	316.0	11
09.09.2020 00:00	315.5	315.5	315.5	315.5	1
10.09.2020 00:00	315.0	315.0	311.5	312.0	63
11.09.2020 00:00	313.0	313.0	313.0	313.0	60
14.09.2020 00:00	316.0	316.0	315.0	315.0	21
15.09.2020 00:00	316.0	320.0	316.0	317.0	130
16.09.2020 00:00	315.0	320.0	314.5	320.0	84
17.09.2020 00:00	318.5	320.0	318.5	319.5	18
18.09.2020 00:00	320.0	320.0	318.0	318.0	304
21.09.2020 00:00	319.5	319.5	313.0	313.0	8
22.09.2020 00:00	313.5	313.5	312.0	312.5	5
23.09.2020 00:00	316.5	316.5	310.0	311.5	19
24.09.2020 00:00	316.5	316.5	308.5	309.0	111
25.09.2020 00:00	310.0	310.0	310.0	310.0	5
29.09.2020 00:00	309.5	311.0	309.5	311.0	410
30.09.2020 00:00	316.0	316.0	310.0	310.0	21
01.10.2020 00:00	309.0	309.0	290.0	301.0	91
02.10.2020 00:00	300.0	300.0	293.5	293.5	39
05.10.2020 00:00	292.5	293.0	271.5	290.0	1079
06.10.2020 00:00	291.0	292.0	290.0	290.0	8
07.10.2020 00:00	296.5	296.5	278.0	290.0	32
09.10.2020 00:00	291.5	306.0	287.0	290.0	107
12.10.2020 00:00	288.5	290.0	286.0	289.5	28
13.10.2020 00:00	290.0	290.0	286.0	286.5	5
14.10.2020 00:00	285.5	285.5	284.0	285.0	3
15.10.2020 00:00	287.0	287.0	282.0	284.0	17
16.10.2020 00:00	287.0	287.0	286.5	287.0	19
19.10.2020 00:00	287.0	287.0	280.0	280.0	50
20.10.2020 00:00	278.0	280.0	277.5	280.0	15
22.10.2020 00:00	280.0	280.0	280.0	280.0	7
23.10.2020 00:00	280.0	280.0	280.0	280.0	11
26.10.2020 00:00	276.5	276.5	260.0	270.5	156
27.10.2020 00:00	270.0	270.0	263.0	267.0	18
28.10.2020 00:00	268.0	268.0	257.0	260.0	40
29.10.2020 00:00	256.0	256.5	250.0	256.5	124
30.10.2020 00:00	259.5	261.0	257.5	257.5	7
02.11.2020 00:00	257.0	263.0	256.0	260.5	54
03.11.2020 00:00	264.0	264.0	256.0	259.5	13
05.11.2020 00:00	265.5	272.0	265.5	267.0	42
06.11.2020 00:00	271.0	277.5	267.0	273.0	26
09.11.2020 00:00	278.0	287.0	261.5	281.5	214
10.11.2020 00:00	269.0	287.0	269.0	285.5	60
11.11.2020 00:00	269.5	287.0	269.5	286.0	84
12.11.2020 00:00	286.0	286.5	271.5	280.5	39
13.11.2020 00:00	279.0	283.0	279.0	280.0	73
16.11.2020 00:00	281.0	286.5	279.5	280.5	136
17.11.2020 00:00	282.0	282.0	267.0	273.5	116
18.11.2020 00:00	281.5	285.0	280.0	285.0	124
19.11.2020 00:00	281.0	286.5	281.0	283.0	63
20.11.2020 00:00	281.5	290.0	281.5	284.5	67
23.11.2020 00:00	284.0	284.5	283.5	283.5	34
24.11.2020 00:00	283.5	284.0	282.5	282.5	24
25.11.2020 00:00	282.0	282.0	281.5	282.0	9
26.11.2020 00:00	282.0	290.0	281.5	285.5	177
27.11.2020 00:00	285.0	291.0	285.0	287.5	113
30.11.2020 00:00	290.5	291.5	270.5	280.0	193
01.12.2020 00:00	279.5	283.0	278.0	282.5	294
02.12.2020 00:00	285.5	286.5	285.5	286.5	66
03.12.2020 00:00	286.5	287.5	285.5	287.0	7
04.12.2020 00:00	287.0	288.5	283.5	288.5	68
07.12.2020 00:00	293.0	300.0	285.0	289.5	99
08.12.2020 00:00	289.5	323.0	287.5	302.0	736
09.12.2020 00:00	305.0	305.0	300.5	300.5	52
10.12.2020 00:00	300.5	304.0	297.0	300.5	24
11.12.2020 00:00	298.0	298.0	293.0	298.0	131
14.12.2020 00:00	301.0	301.0	287.5	299.0	85
15.12.2020 00:00	294.5	294.5	281.0	288.0	312
16.12.2020 00:00	288.0	292.5	277.0	286.0	211
17.12.2020 00:00	286.5	294.0	285.0	285.0	196
18.12.2020 00:00	285.0	285.0	272.0	279.5	327
21.12.2020 00:00	278.0	280.0	275.5	276.0	179
22.12.2020 00:00	276.5	286.0	276.5	281.0	229
23.12.2020 00:00	286.0	286.0	275.5	278.0	102
24.12.2020 00:00	278.0	282.5	273.5	282.5	124
25.12.2020 00:00	279.5	280.0	277.0	280.0	52
28.12.2020 00:00	278.5	282.5	273.0	277.5	994
29.12.2020 00:00	277.5	278.0	276.0	278.0	112
30.12.2020 00:00	276.5	276.5	275.0	276.0	199
04.01.2021 00:00	275.0	278.5	273.0	278.5	263
05.01.2021 00:00	276.0	276.0	275.0	276.0	112
06.01.2021 00:00	272.0	281.0	269.5	275.0	1130
08.01.2021 00:00	275.0	279.0	270.0	277.0	1003
11.01.2021 00:00	275.5	282.0	275.5	282.0	69
12.01.2021 00:00	278.0	306.0	278.0	297.0	1385
13.01.2021 00:00	298.0	317.0	298.0	302.0	633
14.01.2021 00:00	302.5	303.0	296.0	298.0	89
15.01.2021 00:00	285.5	300.0	285.5	296.0	120
18.01.2021 00:00	296.0	298.0	296.0	297.0	61
19.01.2021 00:00	297.0	297.5	295.5	295.5	270
20.01.2021 00:00	297.0	306.5	297.0	300.5	98
21.01.2021 00:00	305.0	305.0	297.0	297.0	23
22.01.2021 00:00	291.5	300.0	291.5	300.0	73
25.01.2021 00:00	296.0	302.0	295.0	302.0	638
26.01.2021 00:00	302.0	302.0	294.5	299.0	176
27.01.2021 00:00	299.5	302.0	286.5	293.5	171
28.01.2021 00:00	292.0	293.0	287.0	291.5	32
29.01.2021 00:00	293.5	294.0	280.5	286.0	120
01.02.2021 00:00	285.5	304.0	285.0	297.0	303
02.02.2021 00:00	297.0	297.0	294.5	295.0	156
03.02.2021 00:00	300.0	300.5	295.5	299.5	356
04.02.2021 00:00	300.0	301.5	294.5	297.0	121
05.02.2021 00:00	296.0	299.5	295.5	299.5	12
08.02.2021 00:00	299.5	301.0	299.5	300.5	153
09.02.2021 00:00	301.0	302.0	297.0	301.5	17
10.02.2021 00:00	301.0	304.0	297.0	298.5	54
11.02.2021 00:00	298.5	300.0	298.0	300.0	28
12.02.2021 00:00	297.5	301.0	291.0	301.0	112
15.02.2021 00:00	300.0	300.0	300.0	300.0	81
16.02.2021 00:00	302.0	304.0	298.5	298.5	24
17.02.2021 00:00	299.0	300.0	299.0	300.0	46
18.02.2021 00:00	299.5	306.5	292.5	305.5	1172
19.02.2021 00:00	302.0	303.5	300.0	303.0	20
20.02.2021 00:00	304.0	304.0	303.0	303.0	11
22.02.2021 00:00	302.5	306.5	302.5	304.0	52
24.02.2021 00:00	289.0	311.0	289.0	304.5	112
25.02.2021 00:00	305.0	305.0	301.0	301.0	19
26.02.2021 00:00	300.5	300.5	297.5	298.0	16
01.03.2021 00:00	297.0	297.0	297.0	297.0	2
02.03.2021 00:00	297.0	297.0	296.0	296.0	10
03.03.2021 00:00	296.0	296.0	295.5	295.5	19
04.03.2021 00:00	296.0	296.0	295.5	296.0	2
05.03.2021 00:00	295.0	295.5	295.0	295.5	7
09.03.2021 00:00	301.5	301.5	296.5	296.5	4
10.03.2021 00:00	302.0	303.0	302.0	302.0	11
11.03.2021 00:00	300.0	300.5	300.0	300.0	4
12.03.2021 00:00	300.0	300.0	279.5	300.0	376
15.03.2021 00:00	300.0	301.0	289.0	299.5	664
16.03.2021 00:00	296.0	299.5	290.5	292.0	28
17.03.2021 00:00	295.0	299.5	293.0	293.5	23
18.03.2021 00:00	294.5	294.5	294.0	294.0	4
19.03.2021 00:00	294.5	294.5	292.5	292.5	16
22.03.2021 00:00	292.5	295.5	281.0	287.0	69
23.03.2021 00:00	289.5	290.0	288.0	288.5	15
24.03.2021 00:00	286.0	290.0	286.0	288.0	6
25.03.2021 00:00	286.0	286.5	286.0	286.0	4
26.03.2021 00:00	288.0	291.0	288.0	290.5	5
29.03.2021 00:00	290.0	290.0	286.5	288.0	12
30.03.2021 00:00	286.0	286.5	282.0	284.5	11
31.03.2021 00:00	286.0	291.0	285.5	291.0	16
01.04.2021 00:00	290.0	290.0	290.0	290.0	2
02.04.2021 00:00	286.0	289.0	284.0	289.0	10
05.04.2021 00:00	291.0	294.0	287.0	294.0	28
06.04.2021 00:00	293.5	293.5	293.5	293.5	1
07.04.2021 00:00	294.0	296.0	289.0	296.0	9
08.04.2021 00:00	292.0	292.0	291.5	292.0	2
12.04.2021 00:00	288.5	295.0	288.0	293.0	15
13.04.2021 00:00	290.0	295.5	290.0	295.5	2
14.04.2021 00:00	291.0	291.0	290.0	290.0	14
15.04.2021 00:00	290.0	290.5	286.0	286.0	56
16.04.2021 00:00	287.0	287.0	287.0	287.0	3
19.04.2021 00:00	286.5	286.5	285.5	286.5	6
20.04.2021 00:00	286.5	287.0	286.5	287.0	12
21.04.2021 00:00	286.0	287.5	286.0	287.5	11
23.04.2021 00:00	285.5	287.5	276.5	287.5	33
26.04.2021 00:00	286.5	296.0	275.0	288.0	248
27.04.2021 00:00	288.0	295.0	288.0	294.0	8
28.04.2021 00:00	288.0	288.0	288.0	288.0	4
29.04.2021 00:00	292.0	292.0	288.0	288.0	5
30.04.2021 00:00	287.0	287.0	275.5	283.0	92
04.05.2021 00:00	280.5	284.5	280.5	283.5	9
05.05.2021 00:00	280.5	300.0	275.0	293.0	226
06.05.2021 00:00	292.0	296.0	291.5	296.0	60
07.05.2021 00:00	280.0	301.0	280.0	299.0	108
10.05.2021 00:00	297.0	297.0	296.5	296.5	2
11.05.2021 00:00	296.0	299.5	295.5	299.5	20
12.05.2021 00:00	296.0	299.0	295.5	299.0	14
13.05.2021 00:00	296.5	298.0	296.0	298.0	29
14.05.2021 00:00	299.5	299.5	294.5	295.0	11
17.05.2021 00:00	295.0	295.0	293.0	294.0	23
18.05.2021 00:00	295.5	295.5	289.0	289.0	107
19.05.2021 00:00	287.0	292.5	284.5	285.0	175
20.05.2021 00:00	288.0	291.5	288.0	291.5	3
21.05.2021 00:00	285.0	289.0	285.0	288.5	20
24.05.2021 00:00	285.0	289.5	284.0	289.5	14
25.05.2021 00:00	285.0	291.0	285.0	286.0	11
26.05.2021 00:00	280.5	289.0	280.5	283.5	11
27.05.2021 00:00	288.0	288.0	288.0	288.0	8
28.05.2021 00:00	288.5	288.5	280.0	283.5	45
31.05.2021 00:00	284.0	284.0	284.0	284.0	5
01.06.2021 00:00	287.0	298.5	287.0	291.0	140
02.06.2021 00:00	291.0	291.0	291.0	291.0	77
04.06.2021 00:00	291.5	297.0	291.5	292.0	16
07.06.2021 00:00	297.0	297.0	292.0	292.0	7
08.06.2021 00:00	290.5	292.0	290.0	290.5	5
09.06.2021 00:00	290.0	290.0	290.0	290.0	2
10.06.2021 00:00	290.0	291.5	290.0	291.5	3
11.06.2021 00:00	294.0	294.0	289.5	290.0	4
14.06.2021 00:00	288.0	288.0	288.0	288.0	5
15.06.2021 00:00	288.0	288.0	288.0	288.0	2
16.06.2021 00:00	288.0	288.0	286.0	287.0	2
17.06.2021 00:00	290.0	298.5	285.0	297.5	137
18.06.2021 00:00	292.0	292.5	291.5	291.5	4
21.06.2021 00:00	283.0	299.5	283.0	290.5	155
22.06.2021 00:00	290.5	290.5	282.0	288.0	22
23.06.2021 00:00	289.5	289.5	287.0	287.0	16
24.06.2021 00:00	286.5	286.5	286.0	286.0	11
25.06.2021 00:00	285.5	285.5	279.5	280.0	87
28.06.2021 00:00	278.0	281.0	277.0	280.0	18
29.06.2021 00:00	282.0	282.0	282.0	282.0	1
01.07.2021 00:00	282.0	283.0	280.5	280.5	51
02.07.2021 00:00	279.0	283.0	278.0	283.0	82
05.07.2021 00:00	289.0	289.0	284.0	286.5	25
06.07.2021 00:00	287.5	288.0	280.0	280.0	53
07.07.2021 00:00	277.5	286.5	277.5	281.0	218
08.07.2021 00:00	281.5	284.0	280.5	284.0	9
09.07.2021 00:00	280.5	280.5	280.0	280.0	4
13.07.2021 00:00	282.0	284.0	268.0	275.5	222
14.07.2021 00:00	273.0	280.0	270.0	273.5	70
19.07.2021 00:00	274.5	274.5	270.5	270.5	50
20.07.2021 00:00	273.0	273.0	271.5	271.5	21
21.07.2021 00:00	273.0	273.5	270.0	270.0	14
22.07.2021 00:00	274.0	276.5	270.5	270.5	11
23.07.2021 00:00	275.0	275.0	269.0	274.5	25
26.07.2021 00:00	270.0	272.5	268.5	268.5	12
27.07.2021 00:00	272.5	272.5	268.0	268.0	7
28.07.2021 00:00	268.0	273.0	268.0	268.5	14
29.07.2021 00:00	273.0	275.0	273.0	274.0	11
30.07.2021 00:00	274.5	279.5	274.5	274.5	25
02.08.2021 00:00	273.5	273.5	273.5	273.5	1
04.08.2021 00:00	273.5	273.5	270.0	271.0	89
05.08.2021 00:00	273.5	273.5	273.5	273.5	2
06.08.2021 00:00	273.5	273.5	267.0	268.0	82
09.08.2021 00:00	273.0	273.0	261.0	269.0	40
10.08.2021 00:00	270.5	270.5	266.0	266.0	2
11.08.2021 00:00	264.5	267.5	255.5	267.0	101
12.08.2021 00:00	265.0	266.5	263.5	266.5	15
13.08.2021 00:00	266.0	279.0	266.0	267.5	157
16.08.2021 00:00	267.0	275.5	266.0	275.5	37
17.08.2021 00:00	275.0	275.0	272.5	273.0	52
18.08.2021 00:00	268.0	274.0	266.5	272.0	25
19.08.2021 00:00	273.0	273.0	273.0	273.0	3
20.08.2021 00:00	269.0	269.0	269.0	269.0	1
23.08.2021 00:00	268.0	269.5	268.0	269.5	2
24.08.2021 00:00	268.0	275.0	265.5	271.5	137
25.08.2021 00:00	271.5	273.0	271.5	273.0	6
26.08.2021 00:00	268.0	281.0	268.0	275.0	152
27.08.2021 00:00	274.5	280.0	272.5	280.0	37
30.08.2021 00:00	275.5	279.5	268.5	279.5	133
31.08.2021 00:00	277.0	277.0	271.0	273.5	42
01.09.2021 00:00	275.5	275.5	275.0	275.5	9
02.09.2021 00:00	278.0	278.5	277.0	278.0	3
03.09.2021 00:00	278.5	278.5	275.0	275.0	30
06.09.2021 00:00	277.5	281.5	274.0	280.0	134
07.09.2021 00:00	281.5	286.5	272.0	281.5	36
08.09.2021 00:00	281.5	281.5	266.0	278.0	80
09.09.2021 00:00	279.5	279.5	272.5	277.5	187
10.09.2021 00:00	279.0	282.0	273.5	273.5	92
13.09.2021 00:00	277.0	278.0	269.5	278.0	57
14.09.2021 00:00	278.5	278.5	272.0	273.5	61
15.09.2021 00:00	277.0	277.0	273.5	274.0	56
16.09.2021 00:00	278.5	287.5	276.0	281.0	158
17.09.2021 00:00	277.0	281.0	273.5	277.0	23
20.09.2021 00:00	279.5	289.5	279.5	284.5	97
21.09.2021 00:00	281.5	285.0	281.5	283.5	14
22.09.2021 00:00	280.5	281.0	280.5	281.0	2
23.09.2021 00:00	293.0	300.0	274.0	289.5	476
24.09.2021 00:00	294.0	301.0	280.0	292.5	323
27.09.2021 00:00	297.5	298.5	276.0	283.0	160
28.09.2021 00:00	288.5	326.0	284.5	308.0	1259
29.09.2021 00:00	307.5	307.5	285.0	293.0	544
30.09.2021 00:00	292.5	294.5	288.0	292.5	70
01.10.2021 00:00	293.0	294.0	288.0	292.0	23
04.10.2021 00:00	287.5	300.0	287.5	292.5	32
05.10.2021 00:00	304.5	315.0	292.0	307.5	333
06.10.2021 00:00	308.0	319.5	300.5	300.5	236
07.10.2021 00:00	300.5	304.5	281.5	296.5	429
08.10.2021 00:00	300.5	303.0	295.5	297.0	109
11.10.2021 00:00	302.0	302.5	297.0	297.0	10
12.10.2021 00:00	300.5	303.0	293.5	295.5	104
13.10.2021 00:00	295.5	304.0	293.5	302.5	81
14.10.2021 00:00	301.0	310.0	300.5	303.5	144
15.10.2021 00:00	307.5	315.0	305.5	312.0	154
18.10.2021 00:00	315.0	322.0	310.0	315.5	277
19.10.2021 00:00	318.5	325.0	311.5	318.0	440
20.10.2021 00:00	318.0	330.5	318.0	324.0	364
21.10.2021 00:00	327.5	327.5	305.0	319.0	186
22.10.2021 00:00	318.0	319.0	316.0	316.0	8
25.10.2021 00:00	319.0	320.0	315.0	319.5	37
26.10.2021 00:00	319.0	326.5	319.0	321.0	119
27.10.2021 00:00	324.5	326.5	318.0	322.0	94
28.10.2021 00:00	318.5	318.5	313.0	314.0	90
29.10.2021 00:00	313.0	313.0	304.5	307.5	154
01.11.2021 00:00	311.0	311.0	305.0	307.0	43
02.11.2021 00:00	304.5	307.5	296.0	299.0	66
03.11.2021 00:00	296.0	296.0	291.0	295.0	12
05.11.2021 00:00	295.0	299.5	295.0	299.5	10
08.11.2021 00:00	301.0	301.0	297.0	301.0	9
09.11.2021 00:00	302.0	302.0	296.0	296.0	7
10.11.2021 00:00	298.0	315.0	295.5	300.5	114
11.11.2021 00:00	312.5	312.5	302.5	304.5	13
12.11.2021 00:00	306.0	312.5	305.0	307.0	37
15.11.2021 00:00	304.5	307.0	304.5	307.0	3
16.11.2021 00:00	304.0	322.0	296.0	322.0	173
17.11.2021 00:00	325.0	350.0	300.0	311.5	603
18.11.2021 00:00	312.0	324.0	312.0	324.0	196
19.11.2021 00:00	318.5	318.5	307.0	309.5	37
22.11.2021 00:00	308.5	308.5	290.0	295.0	68
23.11.2021 00:00	295.5	297.0	295.5	295.5	3
24.11.2021 00:00	299.0	300.0	296.5	296.5	23
25.11.2021 00:00	295.0	295.0	294.5	295.0	3
26.11.2021 00:00	294.5	294.5	292.0	292.5	8
29.11.2021 00:00	296.5	296.5	291.5	291.5	15
30.11.2021 00:00	291.0	291.0	290.5	290.5	12
03.12.2021 00:00	294.0	294.0	291.0	291.0	6
06.12.2021 00:00	290.5	290.5	283.5	287.5	52
07.12.2021 00:00	283.5	284.0	281.5	282.0	29
08.12.2021 00:00	285.5	285.5	282.0	282.0	5
09.12.2021 00:00	281.5	281.5	265.0	269.5	457
10.12.2021 00:00	269.0	273.0	269.0	273.0	98
13.12.2021 00:00	272.5	272.5	264.5	268.5	35
14.12.2021 00:00	264.5	273.0	250.5	270.0	174
15.12.2021 00:00	268.0	273.5	268.0	273.5	30
16.12.2021 00:00	276.0	276.0	276.0	276.0	1
17.12.2021 00:00	268.0	280.5	268.0	275.5	40
20.12.2021 00:00	275.0	275.0	275.0	275.0	1
21.12.2021 00:00	274.5	277.5	274.5	277.5	2
22.12.2021 00:00	278.5	278.5	278.5	278.5	10
23.12.2021 00:00	274.5	275.0	269.0	275.0	20
24.12.2021 00:00	275.0	275.0	275.0	275.0	1
27.12.2021 00:00	273.5	277.5	271.5	271.5	49
28.12.2021 00:00	276.5	277.5	272.5	276.0	58
29.12.2021 00:00	276.0	276.0	271.5	273.0	14
30.12.2021 00:00	271.5	274.0	271.5	274.0	6
03.01.2022 00:00	276.5	283.0	276.5	283.0	112
04.01.2022 00:00	282.5	285.0	282.5	285.0	19
05.01.2022 00:00	285.0	285.0	285.0	285.0	2
10.01.2022 00:00	286.5	286.5	286.5	286.5	2
11.01.2022 00:00	282.5	286.5	282.5	286.0	9
12.01.2022 00:00	282.5	286.5	281.5	286.5	4
13.01.2022 00:00	286.0	288.5	275.0	280.5	33
14.01.2022 00:00	280.0	281.0	275.0	275.5	37
17.01.2022 00:00	275.0	275.0	274.0	274.0	14
18.01.2022 00:00	273.5	273.5	268.0	273.5	11
19.01.2022 00:00	274.0	274.0	265.5	269.5	31
20.01.2022 00:00	266.5	266.5	266.5	266.5	2
21.01.2022 00:00	271.0	274.0	271.0	274.0	14
24.01.2022 00:00	274.0	274.0	246.5	266.5	92
25.01.2022 00:00	266.5	281.0	266.5	280.0	154
26.01.2022 00:00	281.0	282.5	281.0	282.5	9
27.01.2022 00:00	278.0	296.5	278.0	296.0	259
28.01.2022 00:00	295.0	296.0	295.0	296.0	31
31.01.2022 00:00	295.0	306.5	295.0	300.0	543
01.02.2022 00:00	297.0	297.0	295.5	295.5	11
02.02.2022 00:00	295.0	295.5	285.0	290.0	204
03.02.2022 00:00	290.5	301.0	290.5	301.0	228
04.02.2022 00:00	298.0	298.5	295.5	297.5	84
07.02.2022 00:00	300.5	300.5	300.5	300.5	3
08.02.2022 00:00	299.5	301.0	295.5	300.0	61
09.02.2022 00:00	299.0	301.0	298.5	301.0	7
10.02.2022 00:00	301.0	301.0	301.0	301.0	2
11.02.2022 00:00	299.5	300.0	299.0	300.0	4
14.02.2022 00:00	298.5	300.5	296.5	300.5	108
15.02.2022 00:00	304.0	304.0	304.0	304.0	1
16.02.2022 00:00	298.0	300.5	295.5	300.5	8
17.02.2022 00:00	298.5	300.0	298.0	300.0	6
18.02.2022 00:00	300.0	300.5	296.0	296.0	85
21.02.2022 00:00	295.5	295.5	264.0	270.5	115
22.02.2022 00:00	268.0	268.0	230.0	267.5	112
24.02.2022 00:00	250.0	250.0	160.5	166.0	486
25.02.2022 00:00	226.0	226.0	170.0	199.5	151
28.03.2022 00:00	200.0	217.5	171.0	190.0	93
29.03.2022 00:00	190.0	264.5	190.0	210.0	59
30.03.2022 00:00	216.5	216.5	200.0	212.0	30
31.03.2022 00:00	214.0	239.5	212.5	235.0	97
01.04.2022 00:00	258.5	258.5	236.0	240.0	113
04.04.2022 00:00	240.0	241.5	213.0	237.0	293
05.04.2022 00:00	239.0	243.0	232.0	232.0	21
06.04.2022 00:00	232.0	235.0	232.0	235.0	7
07.04.2022 00:00	236.5	236.5	232.5	232.5	11
11.04.2022 00:00	232.5	277.0	222.0	228.0	1432
12.04.2022 00:00	228.0	228.5	213.0	219.0	129
13.04.2022 00:00	220.0	221.0	211.0	213.0	61
14.04.2022 00:00	213.0	217.0	210.5	210.5	64
15.04.2022 00:00	213.0	231.5	194.0	216.0	319
18.04.2022 00:00	213.5	215.0	206.0	215.0	12
19.04.2022 00:00	216.5	216.5	202.0	211.5	34
20.04.2022 00:00	212.5	219.5	210.0	219.5	27
21.04.2022 00:00	219.5	224.0	211.5	219.5	13
22.04.2022 00:00	212.5	218.5	208.5	212.0	12
25.04.2022 00:00	210.5	210.5	208.0	210.5	15
26.04.2022 00:00	206.0	218.0	195.0	207.5	247
27.04.2022 00:00	208.0	211.0	207.0	208.0	36
28.04.2022 00:00	208.0	210.0	201.0	203.0	43
29.04.2022 00:00	205.5	207.5	205.0	207.5	10
04.05.2022 00:00	203.0	205.5	202.5	202.5	11
05.05.2022 00:00	203.0	206.0	196.0	206.0	42
06.05.2022 00:00	201.0	206.0	197.0	205.0	91
11.05.2022 00:00	205.0	205.0	203.5	203.5	8
12.05.2022 00:00	205.0	205.0	205.0	205.0	4
13.05.2022 00:00	201.5	202.0	198.0	202.0	14
16.05.2022 00:00	202.0	203.5	199.5	200.0	8
17.05.2022 00:00	202.0	211.0	202.0	207.5	28
18.05.2022 00:00	208.5	209.5	208.5	209.0	17
19.05.2022 00:00	206.5	209.5	200.5	206.5	10
20.05.2022 00:00	205.5	206.0	205.5	205.5	3
23.05.2022 00:00	204.5	204.5	201.0	201.0	13
24.05.2022 00:00	200.5	200.5	197.0	198.0	12
25.05.2022 00:00	197.0	199.5	196.5	199.5	16
26.05.2022 00:00	199.0	199.0	199.0	199.0	2
27.05.2022 00:00	205.0	208.0	201.0	201.0	13
30.05.2022 00:00	202.5	206.0	202.0	202.0	15
31.05.2022 00:00	202.0	202.0	182.5	197.5	79
01.06.2022 00:00	196.0	210.5	196.0	207.0	86
02.06.2022 00:00	211.0	212.0	197.5	200.5	65
03.06.2022 00:00	202.5	204.0	202.5	204.0	11
06.06.2022 00:00	206.5	206.5	197.5	200.0	9
07.06.2022 00:00	200.0	200.0	200.0	200.0	5
08.06.2022 00:00	198.0	198.5	198.0	198.5	3
10.06.2022 00:00	198.0	198.0	198.0	198.0	12
14.06.2022 00:00	198.0	201.0	198.0	201.0	4
15.06.2022 00:00	198.5	199.5	198.5	198.5	5
16.06.2022 00:00	199.0	203.0	199.0	201.0	32
17.06.2022 00:00	201.0	206.5	198.5	206.0	47
20.06.2022 00:00	202.5	236.0	199.0	221.5	341
21.06.2022 00:00	217.0	222.0	207.0	222.0	476
22.06.2022 00:00	218.0	218.0	204.5	211.0	57
24.06.2022 00:00	207.0	213.0	203.0	213.0	9
27.06.2022 00:00	210.0	210.0	208.0	209.0	13
28.06.2022 00:00	211.0	211.5	209.5	209.5	6
29.06.2022 00:00	208.5	210.0	208.0	208.0	29
30.06.2022 00:00	208.0	208.0	204.5	207.0	45
01.07.2022 00:00	204.5	210.0	204.5	210.0	23
04.07.2022 00:00	204.0	209.5	204.0	207.5	32
05.07.2022 00:00	203.5	211.0	203.5	211.0	54
06.07.2022 00:00	212.5	212.5	211.0	211.0	67
07.07.2022 00:00	207.5	215.0	207.5	210.5	5
08.07.2022 00:00	208.5	209.0	208.5	209.0	3
11.07.2022 00:00	216.0	224.0	207.0	214.0	111
12.07.2022 00:00	212.5	212.5	209.5	210.0	30
13.07.2022 00:00	207.5	207.5	201.0	205.0	52
14.07.2022 00:00	203.0	203.0	202.5	202.5	3
15.07.2022 00:00	201.0	201.0	201.0	201.0	1
18.07.2022 00:00	201.0	201.0	198.0	198.0	69
19.07.2022 00:00	199.0	208.0	199.0	200.0	64
20.07.2022 00:00	194.5	205.0	194.5	200.0	9
22.07.2022 00:00	200.0	204.0	196.0	200.0	39
25.07.2022 00:00	196.5	199.5	196.5	199.0	8
26.07.2022 00:00	199.5	200.0	194.5	196.5	28
27.07.2022 00:00	199.5	201.5	194.0	199.5	57
28.07.2022 00:00	196.5	197.0	187.5	196.5	148
29.07.2022 00:00	196.0	198.0	195.5	198.0	10
01.08.2022 00:00	198.5	200.0	190.0	195.5	167
02.08.2022 00:00	192.0	196.0	192.0	196.0	5
03.08.2022 00:00	196.5	199.0	192.5	199.0	126
04.08.2022 00:00	195.5	195.5	193.0	193.0	11
05.08.2022 00:00	193.0	196.0	190.0	190.0	29
08.08.2022 00:00	190.0	199.0	188.0	197.5	49
09.08.2022 00:00	199.0	199.0	199.0	199.0	32
10.08.2022 00:00	201.0	202.0	201.0	202.0	6
11.08.2022 00:00	198.0	204.0	196.0	204.0	8
12.08.2022 00:00	198.0	204.0	197.5	204.0	12
15.08.2022 00:00	206.0	226.5	206.0	210.0	86
16.08.2022 00:00	210.5	223.0	203.5	211.0	17
17.08.2022 00:00	212.0	216.0	208.5	208.5	8
18.08.2022 00:00	209.0	211.0	208.0	211.0	33
19.08.2022 00:00	213.5	213.5	201.0	206.5	22
22.08.2022 00:00	208.0	215.0	204.5	213.5	7
23.08.2022 00:00	213.5	216.5	203.0	213.0	46
24.08.2022 00:00	211.0	220.5	211.0	212.5	41
25.08.2022 00:00	216.5	228.5	216.5	218.5	169
26.08.2022 00:00	218.0	218.0	210.5	213.5	52
29.08.2022 00:00	208.5	215.5	208.5	215.5	42
30.08.2022 00:00	211.5	211.5	211.5	211.5	1
31.08.2022 00:00	216.0	229.5	210.0	223.5	84
01.09.2022 00:00	224.0	224.0	220.0	220.0	81
02.09.2022 00:00	220.0	221.0	218.0	221.0	45
05.09.2022 00:00	221.5	243.0	218.0	230.0	401
06.09.2022 00:00	230.5	252.0	228.0	228.0	374
07.09.2022 00:00	228.5	248.0	228.5	235.5	36
08.09.2022 00:00	235.5	235.5	234.0	234.0	43
09.09.2022 00:00	236.5	299.5	236.5	259.5	1648
12.09.2022 00:00	260.5	263.0	249.0	252.5	267
13.09.2022 00:00	250.5	250.5	247.0	250.0	107
14.09.2022 00:00	246.5	248.5	242.5	243.0	102
15.09.2022 00:00	245.5	245.5	231.5	238.5	284
16.09.2022 00:00	244.0	244.0	229.0	229.0	94
19.09.2022 00:00	229.5	244.0	229.0	233.5	125
20.09.2022 00:00	236.5	236.5	225.0	225.0	35
21.09.2022 00:00	224.0	224.0	202.0	212.5	61
22.09.2022 00:00	212.0	218.5	210.0	210.0	75
23.09.2022 00:00	214.0	214.0	191.0	198.0	130
26.09.2022 00:00	199.5	199.5	181.5	181.5	39
27.09.2022 00:00	186.0	194.0	186.0	187.0	16
28.09.2022 00:00	189.0	193.0	182.0	185.5	42
29.09.2022 00:00	187.5	187.5	187.0	187.0	13
30.09.2022 00:00	182.5	186.5	172.5	183.0	25
03.10.2022 00:00	240.0	240.0	188.0	191.0	181
04.10.2022 00:00	193.5	200.0	191.5	199.5	17
05.10.2022 00:00	193.5	198.0	188.0	194.0	41
06.10.2022 00:00	198.0	200.0	188.0	200.0	116
07.10.2022 00:00	204.0	204.0	189.5	190.0	50
11.10.2022 00:00	194.0	199.0	189.5	192.5	36
12.10.2022 00:00	195.0	196.5	190.5	194.5	59
13.10.2022 00:00	200.5	206.5	190.0	197.5	132
14.10.2022 00:00	193.5	199.5	193.5	199.5	2
17.10.2022 00:00	199.5	214.5	192.0	198.0	250
18.10.2022 00:00	201.0	203.5	194.5	202.5	76
19.10.2022 00:00	195.0	202.0	192.5	196.5	51
20.10.2022 00:00	195.5	199.0	193.0	199.0	50
21.10.2022 00:00	195.5	202.0	194.5	202.0	49
24.10.2022 00:00	199.0	202.5	198.0	202.5	60
25.10.2022 00:00	199.5	202.5	197.0	202.0	69
26.10.2022 00:00	201.5	203.0	198.0	203.0	53
27.10.2022 00:00	200.5	203.0	197.0	200.5	173
28.10.2022 00:00	204.0	210.5	199.0	208.0	77
31.10.2022 00:00	209.0	220.0	196.5	220.0	221
01.11.2022 00:00	223.5	223.5	213.5	217.0	80
02.11.2022 00:00	213.5	220.0	213.5	218.0	55
03.11.2022 00:00	224.0	224.5	208.0	212.5	91
07.11.2022 00:00	214.0	216.5	210.0	212.5	13
08.11.2022 00:00	217.5	222.0	207.5	212.0	83
09.11.2022 00:00	211.5	224.0	207.0	219.0	65
10.11.2022 00:00	215.0	218.5	210.5	217.0	75
11.11.2022 00:00	209.5	220.0	208.5	213.0	50
14.11.2022 00:00	216.0	216.0	213.0	213.0	8
15.11.2022 00:00	213.0	216.0	210.0	212.0	60
16.11.2022 00:00	210.0	212.5	194.5	209.5	172
17.11.2022 00:00	209.0	209.0	205.0	205.0	19
18.11.2022 00:00	206.0	206.0	203.5	204.0	18
21.11.2022 00:00	204.5	205.5	198.0	201.5	27
22.11.2022 00:00	203.5	205.0	203.0	203.0	34
23.11.2022 00:00	204.0	204.0	202.5	204.0	17
24.11.2022 00:00	201.5	204.5	201.5	204.5	28
25.11.2022 00:00	205.5	216.0	204.0	210.0	131
28.11.2022 00:00	210.0	222.0	210.0	215.5	180
29.11.2022 00:00	215.5	242.0	212.5	217.0	451
30.11.2022 00:00	213.5	216.0	212.0	215.0	96
01.12.2022 00:00	211.5	214.0	211.5	214.0	2
02.12.2022 00:00	216.5	227.0	208.0	208.0	166
05.12.2022 00:00	211.0	215.0	211.0	215.0	86
06.12.2022 00:00	214.5	226.0	211.0	215.5	184
07.12.2022 00:00	214.5	218.0	210.0	216.5	94
08.12.2022 00:00	216.0	217.5	216.0	216.5	276
09.12.2022 00:00	216.0	216.0	213.5	216.0	22
12.12.2022 00:00	210.5	218.0	210.0	218.0	100
13.12.2022 00:00	216.5	225.0	215.0	225.0	19
14.12.2022 00:00	218.0	226.0	217.5	224.5	261
15.12.2022 00:00	221.0	222.0	214.5	222.0	51
16.12.2022 00:00	222.5	222.5	216.5	221.0	42
19.12.2022 00:00	224.5	226.0	214.0	223.5	209
20.12.2022 00:00	223.5	225.0	219.0	221.0	73
21.12.2022 00:00	217.5	220.0	216.0	220.0	49
22.12.2022 00:00	218.0	250.0	218.0	228.5	206
23.12.2022 00:00	227.0	230.0	223.5	230.0	80
26.12.2022 00:00	224.5	228.0	224.5	227.5	37
27.12.2022 00:00	225.0	233.0	218.0	226.5	287
28.12.2022 00:00	222.5	228.5	220.5	228.5	38
29.12.2022 00:00	227.5	230.5	227.0	230.5	52
30.12.2022 00:00	231.0	234.0	227.5	227.5	19
03.01.2023 00:00	228.0	232.0	228.0	232.0	6
04.01.2023 00:00	230.5	230.5	221.0	224.5	23
05.01.2023 00:00	225.5	226.5	220.0	224.5	43
06.01.2023 00:00	223.5	236.5	223.5	230.0	127
09.01.2023 00:00	224.0	233.0	223.5	225.0	35
10.01.2023 00:00	225.0	227.0	225.0	227.0	6
11.01.2023 00:00	223.0	236.5	223.0	225.0	154
12.01.2023 00:00	228.0	228.0	228.0	228.0	7
13.01.2023 00:00	231.5	231.5	228.0	230.0	24
16.01.2023 00:00	232.0	232.0	227.0	232.0	13
17.01.2023 00:00	236.0	236.0	227.0	227.5	14
18.01.2023 00:00	230.0	230.5	226.5	230.5	13
19.01.2023 00:00	227.0	228.5	225.0	228.5	20
20.01.2023 00:00	230.0	264.0	230.0	245.0	424
23.01.2023 00:00	244.5	325.0	235.0	264.5	4833
24.01.2023 00:00	257.5	280.0	250.5	264.5	1240
25.01.2023 00:00	270.0	310.0	256.5	300.0	2087
26.01.2023 00:00	300.0	309.5	285.0	299.5	386
27.01.2023 00:00	294.0	296.5	287.0	296.5	58
30.01.2023 00:00	293.5	296.5	263.0	267.0	997
31.01.2023 00:00	267.5	272.5	263.5	263.5	324
01.02.2023 00:00	269.5	271.5	255.0	259.0	639
02.02.2023 00:00	259.0	259.5	252.5	257.5	287
03.02.2023 00:00	257.5	259.5	252.5	253.5	198
06.02.2023 00:00	257.5	262.5	254.0	261.0	158
07.02.2023 00:00	261.0	263.0	245.5	258.5	167
08.02.2023 00:00	258.5	261.5	255.5	259.5	134
09.02.2023 00:00	259.5	277.5	258.5	274.0	780
10.02.2023 00:00	275.0	278.5	264.0	274.0	344
13.02.2023 00:00	276.0	276.0	262.5	275.5	464
14.02.2023 00:00	272.5	274.5	264.0	267.5	574
15.02.2023 00:00	265.5	265.5	253.0	254.0	298
16.02.2023 00:00	252.5	258.0	250.0	250.0	421
17.02.2023 00:00	250.5	288.5	250.0	255.0	2456
20.02.2023 00:00	255.0	256.5	250.0	252.5	238
21.02.2023 00:00	251.0	253.0	250.0	250.0	442
22.02.2023 00:00	255.0	255.0	245.0	249.0	198
24.02.2023 00:00	251.5	251.5	246.5	249.0	72
27.02.2023 00:00	249.0	255.0	245.0	254.0	456
28.02.2023 00:00	254.0	255.0	249.0	252.5	359
01.03.2023 00:00	252.5	258.0	250.0	254.0	488
02.03.2023 00:00	254.5	254.5	248.5	252.0	244
03.03.2023 00:00	251.5	252.0	248.5	252.0	108
06.03.2023 00:00	252.5	255.5	249.0	252.0	266
07.03.2023 00:00	253.0	254.0	250.0	252.5	120
09.03.2023 00:00	252.0	261.0	251.0	255.5	345
10.03.2023 00:00	256.0	260.0	254.5	260.0	195
13.03.2023 00:00	260.0	260.0	253.0	254.5	389
14.03.2023 00:00	254.5	255.5	253.5	255.0	109
15.03.2023 00:00	255.0	255.0	248.0	248.0	275
16.03.2023 00:00	249.0	252.0	249.0	251.0	130
17.03.2023 00:00	249.5	252.5	249.5	250.0	133
20.03.2023 00:00	249.0	251.5	249.0	251.5	85
21.03.2023 00:00	251.5	252.0	249.5	251.0	156
22.03.2023 00:00	251.0	252.0	249.0	251.0	225
23.03.2023 00:00	251.0	255.0	250.0	255.0	169
24.03.2023 00:00	255.0	256.0	253.5	254.5	140
27.03.2023 00:00	254.0	255.5	252.5	254.5	59
28.03.2023 00:00	255.5	255.5	252.5	252.5	55
29.03.2023 00:00	253.5	254.5	253.0	254.5	56
30.03.2023 00:00	257.5	261.0	255.0	261.0	269
31.03.2023 00:00	261.0	261.0	256.0	258.0	102
03.04.2023 00:00	258.0	263.5	252.5	261.0	312
04.04.2023 00:00	262.5	290.0	261.5	275.5	654
05.04.2023 00:00	275.5	275.5	259.0	269.5	850
06.04.2023 00:00	266.5	271.5	265.0	269.0	576
07.04.2023 00:00	268.0	274.0	265.0	272.0	552
10.04.2023 00:00	272.5	276.5	268.0	273.0	754
11.04.2023 00:00	273.5	275.5	268.0	269.5	787
12.04.2023 00:00	270.5	276.0	266.5	266.5	1047
13.04.2023 00:00	267.0	267.0	256.0	261.0	1788
14.04.2023 00:00	264.0	269.0	261.0	268.5	337
17.04.2023 00:00	269.0	273.0	265.5	268.0	962
18.04.2023 00:00	270.5	271.0	264.5	266.5	1115
19.04.2023 00:00	268.0	295.0	266.5	274.5	4457
20.04.2023 00:00	274.0	278.0	264.0	270.0	1589
21.04.2023 00:00	270.5	273.0	266.0	272.0	489
24.04.2023 00:00	275.0	275.0	268.0	270.5	526
25.04.2023 00:00	272.0	275.0	267.5	269.5	419
26.04.2023 00:00	270.0	274.0	268.5	272.5	376
27.04.2023 00:00	273.0	281.5	268.5	279.5	1069
28.04.2023 00:00	280.0	280.0	270.0	274.5	651
02.05.2023 00:00	272.5	299.5	260.0	270.0	7362
03.05.2023 00:00	276.5	278.5	266.5	269.5	711
04.05.2023 00:00	270.0	277.5	263.5	270.0	989
05.05.2023 00:00	270.0	272.5	263.0	272.0	236
08.05.2023 00:00	267.0	274.0	265.0	266.0	184
10.05.2023 00:00	267.0	281.0	266.0	281.0	634
11.05.2023 00:00	277.5	283.0	270.0	274.5	2452
12.05.2023 00:00	275.5	283.0	271.5	280.5	1213
15.05.2023 00:00	281.0	289.0	274.5	282.0	1916
16.05.2023 00:00	283.0	284.0	274.5	279.5	897
17.05.2023 00:00	279.5	285.5	274.5	284.0	575
18.05.2023 00:00	284.0	287.0	278.0	286.0	1129
19.05.2023 00:00	286.5	294.0	280.0	292.0	817
22.05.2023 00:00	294.5	323.5	279.0	289.5	7208
23.05.2023 00:00	286.0	290.0	275.0	279.0	1397
24.05.2023 00:00	280.5	286.5	273.0	282.0	1728
25.05.2023 00:00	279.0	281.5	271.0	272.0	1087
26.05.2023 00:00	273.0	281.5	273.0	277.5	357
29.05.2023 00:00	278.0	288.5	277.0	285.0	767
30.05.2023 00:00	285.0	293.5	278.0	279.5	523
31.05.2023 00:00	281.0	281.0	275.5	277.0	471
01.06.2023 00:00	276.5	282.5	275.5	278.0	361
02.06.2023 00:00	279.0	288.5	274.5	277.5	2186
05.06.2023 00:00	278.0	279.0	271.0	276.0	1310
06.06.2023 00:00	273.0	274.0	267.5	270.0	929
07.06.2023 00:00	270.0	274.0	267.0	269.5	1573
08.06.2023 00:00	269.0	276.5	268.0	274.5	1511
09.06.2023 00:00	274.5	275.0	268.0	270.0	2152
13.06.2023 00:00	270.5	275.5	268.5	275.5	1356
14.06.2023 00:00	272.5	275.5	270.5	273.0	1028
15.06.2023 00:00	274.0	276.5	270.5	273.0	1040
16.06.2023 00:00	273.0	273.5	268.5	270.0	1007
19.06.2023 00:00	271.5	272.0	269.5	270.5	299
20.06.2023 00:00	271.0	271.5	268.5	270.5	484
21.06.2023 00:00	271.0	276.0	270.5	273.0	2152
22.06.2023 00:00	273.5	276.5	273.0	274.0	622
23.06.2023 00:00	273.0	273.0	269.0	271.0	804
26.06.2023 00:00	270.0	272.0	267.5	270.0	695
27.06.2023 00:00	270.5	273.5	268.5	273.5	1189
28.06.2023 00:00	273.5	274.0	269.5	270.5	875
29.06.2023 00:00	271.0	273.0	269.0	270.0	1187
30.06.2023 00:00	270.5	279.5	269.5	272.5	1666
03.07.2023 00:00	273.5	277.5	271.5	274.0	729
04.07.2023 00:00	273.5	275.0	273.0	275.0	251
05.07.2023 00:00	275.5	281.5	274.0	280.0	528
06.07.2023 00:00	281.0	282.5	277.5	278.0	300
07.07.2023 00:00	279.0	286.5	272.5	277.0	1228
10.07.2023 00:00	279.0	281.0	274.5	276.0	580
11.07.2023 00:00	276.0	280.5	272.5	273.5	1471
12.07.2023 00:00	275.0	277.5	272.5	275.5	705
13.07.2023 00:00	277.5	280.0	272.5	275.0	1044
14.07.2023 00:00	275.0	278.5	273.5	276.0	293
17.07.2023 00:00	275.0	276.5	274.0	276.0	377
18.07.2023 00:00	276.5	282.0	271.0	275.0	2119
19.07.2023 00:00	277.0	279.0	270.0	273.0	5562
20.07.2023 00:00	274.0	274.0	268.0	273.0	2471
21.07.2023 00:00	273.0	274.0	269.0	271.0	1308
24.07.2023 00:00	273.0	295.5	272.0	276.5	7480
25.07.2023 00:00	278.0	288.5	276.5	285.0	3190
26.07.2023 00:00	285.0	288.0	279.5	284.5	1544
27.07.2023 00:00	284.0	288.5	283.5	285.0	532
28.07.2023 00:00	287.5	296.5	285.0	289.5	1943
31.07.2023 00:00	290.5	298.0	284.0	293.5	1941
01.08.2023 00:00	293.0	294.0	284.5	291.5	947
02.08.2023 00:00	292.5	296.0	290.0	292.0	1580
03.08.2023 00:00	290.5	304.0	287.0	300.0	2975
04.08.2023 00:00	295.5	308.0	289.5	300.0	3019
07.08.2023 00:00	296.5	300.5	294.0	298.5	1581
08.08.2023 00:00	299.5	306.0	282.5	291.5	2528
09.08.2023 00:00	292.0	297.5	289.0	297.5	810
10.08.2023 00:00	295.5	300.0	294.5	297.5	756
11.08.2023 00:00	298.0	308.0	293.0	299.0	1600
14.08.2023 00:00	299.0	303.0	284.0	290.0	3258
15.08.2023 00:00	292.0	295.0	284.0	292.5	1300
16.08.2023 00:00	292.0	293.5	283.5	284.0	1172
17.08.2023 00:00	284.5	290.0	280.0	287.0	1014
18.08.2023 00:00	287.5	290.0	285.0	286.0	726
21.08.2023 00:00	288.5	309.0	288.5	305.5	3574
22.08.2023 00:00	304.5	306.5	297.5	299.0	835
23.08.2023 00:00	310.0	311.0	292.5	301.5	2056
24.08.2023 00:00	300.5	307.0	292.0	301.0	1234
25.08.2023 00:00	302.0	350.0	301.5	334.5	9363
28.08.2023 00:00	336.5	381.0	335.0	381.0	5415
29.08.2023 00:00	382.0	390.0	358.0	361.0	3366
30.08.2023 00:00	365.0	382.5	350.0	357.0	2323
31.08.2023 00:00	361.0	361.0	327.5	342.0	5685
01.09.2023 00:00	348.5	350.5	335.5	347.0	1408
04.09.2023 00:00	346.5	360.0	342.0	359.5	1804
05.09.2023 00:00	369.0	369.0	350.5	365.0	2181
06.09.2023 00:00	365.0	370.0	354.0	365.5	1986
07.09.2023 00:00	367.5	466.0	365.5	385.5	37526
08.09.2023 00:00	388.5	417.5	365.0	401.5	8377
11.09.2023 00:00	411.0	414.0	370.0	378.0	2825
12.09.2023 00:00	379.0	390.0	368.0	376.0	1877
13.09.2023 00:00	376.0	388.5	370.0	386.0	884
14.09.2023 00:00	386.0	386.0	335.0	368.0	2861
15.09.2023 00:00	370.5	384.0	352.5	373.0	1418
18.09.2023 00:00	374.0	385.0	366.0	369.5	1127
19.09.2023 00:00	372.0	372.5	340.0	349.5	1315
20.09.2023 00:00	351.5	355.5	329.0	345.0	1378
21.09.2023 00:00	346.5	348.0	331.0	340.0	583
22.09.2023 00:00	340.0	343.0	334.0	340.0	443
25.09.2023 00:00	342.5	360.0	341.5	345.5	537
26.09.2023 00:00	345.0	350.0	345.0	349.0	246
27.09.2023 00:00	351.0	363.0	346.0	358.5	606
28.09.2023 00:00	360.0	361.0	345.5	349.0	480
29.09.2023 00:00	350.0	359.0	348.0	351.0	739
02.10.2023 00:00	351.0	357.0	348.5	352.0	571
03.10.2023 00:00	352.0	356.0	347.5	353.5	444
04.10.2023 00:00	355.0	391.0	354.0	364.0	2383
05.10.2023 00:00	368.5	380.0	361.0	377.0	909
06.10.2023 00:00	376.5	391.5	361.0	385.0	1223
09.10.2023 00:00	380.0	391.0	380.0	391.0	783
10.10.2023 00:00	393.0	400.0	385.0	399.5	1050
11.10.2023 00:00	397.0	439.0	385.5	410.5	4945
12.10.2023 00:00	405.0	414.5	386.0	397.5	1614
13.10.2023 00:00	401.0	410.0	389.5	399.0	1097
16.10.2023 00:00	400.0	419.0	398.0	416.5	1590
17.10.2023 00:00	416.5	425.5	412.5	413.0	685
18.10.2023 00:00	423.5	423.5	401.5	405.0	551
19.10.2023 00:00	406.0	407.5	385.0	396.0	878
20.10.2023 00:00	397.0	418.5	365.0	387.0	2257
23.10.2023 00:00	389.0	401.0	372.5	381.0	705
24.10.2023 00:00	381.5	417.0	379.5	403.0	2234
25.10.2023 00:00	400.0	407.5	391.0	404.5	1240
26.10.2023 00:00	407.0	409.0	385.0	392.0	638
27.10.2023 00:00	390.5	391.0	364.5	381.0	822
30.10.2023 00:00	376.5	384.0	375.0	379.0	336
31.10.2023 00:00	378.5	380.5	367.5	374.0	499
01.11.2023 00:00	375.0	377.5	360.0	368.0	608
02.11.2023 00:00	368.0	372.5	366.5	367.5	249
03.11.2023 00:00	370.5	370.5	353.0	356.0	553
06.11.2023 00:00	356.0	356.5	347.5	349.0	812
07.11.2023 00:00	350.0	361.0	344.5	345.5	1268
08.11.2023 00:00	346.0	394.0	341.0	373.5	3997
09.11.2023 00:00	370.5	385.0	354.0	357.0	1084
10.11.2023 00:00	363.0	363.0	336.5	343.0	1919
13.11.2023 00:00	342.5	354.5	336.0	348.0	535
14.11.2023 00:00	347.0	347.0	333.0	336.0	927
15.11.2023 00:00	337.5	347.5	334.5	338.5	651
16.11.2023 00:00	339.0	345.5	338.0	341.5	568
17.11.2023 00:00	338.5	340.0	334.5	336.0	282
20.11.2023 00:00	342.0	347.5	340.0	345.0	327
21.11.2023 00:00	347.0	355.5	338.5	346.5	669
22.11.2023 00:00	346.0	346.5	343.0	346.0	115
23.11.2023 00:00	343.5	349.0	315.5	332.0	903
24.11.2023 00:00	330.0	337.5	323.0	330.5	271
27.11.2023 00:00	328.5	331.0	324.5	330.0	445
28.11.2023 00:00	330.0	335.0	322.5	332.0	305
29.11.2023 00:00	335.0	335.0	330.5	334.5	56
30.11.2023 00:00	331.5	331.5	324.0	331.0	99
01.12.2023 00:00	328.0	328.0	317.0	325.5	342
04.12.2023 00:00	322.0	324.0	313.5	317.0	386
05.12.2023 00:00	318.5	322.0	313.0	318.5	198
06.12.2023 00:00	318.0	320.5	305.5	308.5	350
07.12.2023 00:00	313.5	313.5	275.0	287.0	2524
08.12.2023 00:00	287.0	310.0	285.5	296.0	1076
11.12.2023 00:00	297.0	297.0	280.0	289.5	611
12.12.2023 00:00	285.5	291.0	282.5	283.0	271
13.12.2023 00:00	285.0	290.0	284.0	286.5	190
14.12.2023 00:00	289.0	295.0	283.5	283.5	289
15.12.2023 00:00	284.0	293.5	284.0	288.0	623
18.12.2023 00:00	289.0	314.0	289.0	300.0	919
19.12.2023 00:00	301.0	305.5	299.5	303.0	185
20.12.2023 00:00	304.5	320.0	302.0	304.0	940
21.12.2023 00:00	302.0	303.5	298.5	300.0	336
22.12.2023 00:00	302.5	303.0	299.0	302.0	165
25.12.2023 00:00	305.0	305.0	297.0	298.0	496
26.12.2023 00:00	300.0	300.0	291.0	294.0	436
27.12.2023 00:00	295.0	295.0	288.0	290.0	364
28.12.2023 00:00	290.0	295.5	288.0	292.0	384
29.12.2023 00:00	291.5	292.0	288.5	291.0	607
03.01.2024 00:00	292.0	296.0	288.5	292.0	566
04.01.2024 00:00	292.0	297.5	288.5	296.5	445
05.01.2024 00:00	297.5	304.0	294.5	303.5	465
08.01.2024 00:00	304.0	310.0	301.0	302.5	689
09.01.2024 00:00	304.5	312.0	301.5	309.5	424
10.01.2024 00:00	312.0	324.0	312.0	317.0	987
11.01.2024 00:00	316.5	321.0	311.5	315.0	332
12.01.2024 00:00	317.0	325.0	312.0	323.5	765
15.01.2024 00:00	323.5	331.0	315.0	316.0	896
16.01.2024 00:00	316.5	318.0	303.5	308.0	936
17.01.2024 00:00	315.0	316.5	310.0	313.0	194
18.01.2024 00:00	313.0	317.0	312.0	317.0	202
19.01.2024 00:00	317.0	322.0	309.0	317.0	304
22.01.2024 00:00	314.5	321.0	305.0	315.0	501
23.01.2024 00:00	316.0	324.5	312.0	317.0	310
24.01.2024 00:00	319.5	323.0	313.5	319.5	346
25.01.2024 00:00	324.5	338.0	311.0	335.5	1307
26.01.2024 00:00	328.5	332.0	321.0	323.0	920
29.01.2024 00:00	328.0	336.0	324.0	326.0	247
30.01.2024 00:00	326.5	330.5	315.5	320.5	373
31.01.2024 00:00	323.5	334.0	320.0	323.5	543
01.02.2024 00:00	324.0	327.5	319.0	323.5	232
02.02.2024 00:00	319.5	329.0	317.5	320.0	208
05.02.2024 00:00	325.0	330.0	320.0	321.0	492
06.02.2024 00:00	322.0	329.0	318.5	321.5	503
07.02.2024 00:00	322.0	325.0	320.0	320.0	172
08.02.2024 00:00	319.5	326.0	317.5	318.0	307
09.02.2024 00:00	320.0	320.0	310.5	317.0	352
12.02.2024 00:00	315.5	319.5	301.0	308.0	676
13.02.2024 00:00	308.0	309.5	305.0	309.5	166
14.02.2024 00:00	309.5	314.0	305.0	311.5	282
15.02.2024 00:00	311.5	316.5	309.0	314.5	240
16.02.2024 00:00	313.5	314.5	306.5	309.5	181
19.02.2024 00:00	310.0	322.0	307.5	316.0	396
20.02.2024 00:00	317.0	317.5	303.5	308.0	207
21.02.2024 00:00	305.5	306.0	282.5	292.5	880
22.02.2024 00:00	292.0	298.5	282.0	298.0	480
26.02.2024 00:00	303.0	305.0	298.0	302.0	241
27.02.2024 00:00	305.0	305.0	294.5	299.0	157
28.02.2024 00:00	296.0	301.5	296.0	300.0	97
29.02.2024 00:00	299.0	300.0	297.0	298.5	76
01.03.2024 00:00	298.5	301.0	297.5	300.5	80
04.03.2024 00:00	300.5	303.5	299.5	303.0	403
05.03.2024 00:00	301.5	304.0	299.0	299.5	145
06.03.2024 00:00	300.0	302.5	295.5	300.0	186
07.03.2024 00:00	300.0	304.0	295.5	300.5	489
11.03.2024 00:00	300.0	304.0	300.0	300.5	47
12.03.2024 00:00	301.5	303.0	297.5	297.5	224
13.03.2024 00:00	298.5	299.0	286.0	292.5	874
14.03.2024 00:00	291.5	291.5	285.5	290.0	129
15.03.2024 00:00	291.0	293.0	290.5	292.5	36
18.03.2024 00:00	291.0	304.5	290.5	304.5	340
19.03.2024 00:00	304.5	306.5	296.0	299.5	348
20.03.2024 00:00	298.0	298.5	289.0	290.0	357
21.03.2024 00:00	291.0	292.5	284.5	291.5	281
22.03.2024 00:00	291.5	293.0	287.5	289.5	192
25.03.2024 00:00	291.0	291.5	285.0	289.5	108
26.03.2024 00:00	289.0	290.5	288.0	290.5	60
27.03.2024 00:00	291.0	293.0	288.5	288.5	108
28.03.2024 00:00	290.0	296.5	290.0	296.5	146
29.03.2024 00:00	296.5	299.5	290.0	295.0	230
01.04.2024 00:00	295.0	303.0	291.0	295.0	417
02.04.2024 00:00	295.5	297.0	289.0	289.5	1390
03.04.2024 00:00	291.5	340.0	286.0	315.0	6350
04.04.2024 00:00	313.0	322.5	305.0	308.0	1105
05.04.2024 00:00	306.0	311.5	303.0	310.0	415
08.04.2024 00:00	311.0	333.0	310.5	322.5	2304
09.04.2024 00:00	323.0	332.0	313.5	319.0	505
10.04.2024 00:00	316.5	323.5	313.0	322.0	203
11.04.2024 00:00	320.5	324.0	319.0	319.0	180
12.04.2024 00:00	321.5	329.0	311.5	329.0	500
15.04.2024 00:00	329.5	343.0	326.5	337.0	1199
16.04.2024 00:00	338.5	341.0	321.5	336.0	1196
17.04.2024 00:00	336.5	346.5	333.0	336.5	902
18.04.2024 00:00	336.0	337.5	323.0	328.5	413
19.04.2024 00:00	328.0	341.5	327.5	341.0	836
22.04.2024 00:00	341.0	349.0	336.0	346.0	908
23.04.2024 00:00	343.5	347.5	332.0	332.0	636
24.04.2024 00:00	337.5	340.0	328.0	331.5	993
25.04.2024 00:00	331.5	391.5	326.0	332.0	8278
26.04.2024 00:00	332.0	353.0	330.0	339.5	1250
27.04.2024 00:00	341.0	356.0	329.0	351.0	971
29.04.2024 00:00	362.0	380.0	342.0	353.5	1611
30.04.2024 00:00	357.0	362.0	352.0	359.5	186
02.05.2024 00:00	356.0	374.5	343.0	346.0	742
03.05.2024 00:00	350.5	362.0	342.5	343.0	482
06.05.2024 00:00	348.0	384.0	343.5	355.0	2056
07.05.2024 00:00	352.0	363.5	352.0	358.5	335
08.05.2024 00:00	357.0	381.5	357.0	364.0	822
10.05.2024 00:00	372.5	380.0	364.0	372.5	286
13.05.2024 00:00	371.0	387.0	371.0	387.0	675
14.05.2024 00:00	387.5	389.5	349.5	374.5	2992
15.05.2024 00:00	372.5	377.5	363.5	370.0	279
16.05.2024 00:00	375.0	375.0	361.5	364.0	187
17.05.2024 00:00	364.5	364.5	348.5	348.5	518
20.05.2024 00:00	350.0	352.0	341.0	351.0	614
21.05.2024 00:00	351.0	353.0	323.5	331.0	962
22.05.2024 00:00	330.5	336.0	330.5	332.0	352
23.05.2024 00:00	330.0	332.0	326.0	329.5	155
24.05.2024 00:00	326.5	327.0	316.0	324.5	128
27.05.2024 00:00	324.5	326.5	309.5	312.0	210
28.05.2024 00:00	310.5	316.5	305.0	311.5	95
29.05.2024 00:00	313.5	329.5	306.5	316.5	432
30.05.2024 00:00	320.0	329.5	317.5	319.0	166
31.05.2024 00:00	319.0	319.0	298.0	306.0	395
03.06.2024 00:00	302.0	310.0	289.0	296.0	335
04.06.2024 00:00	296.0	303.5	293.0	300.0	192
05.06.2024 00:00	302.5	307.5	297.5	303.0	249
06.06.2024 00:00	306.0	320.0	304.5	315.0	600
07.06.2024 00:00	315.5	320.5	315.5	318.5	34
10.06.2024 00:00	316.5	329.0	315.5	318.5	117
11.06.2024 00:00	317.5	318.0	308.0	310.0	46
13.06.2024 00:00	307.0	308.5	293.5	303.0	467
14.06.2024 00:00	302.5	308.5	301.5	306.5	84
17.06.2024 00:00	305.5	310.0	302.5	310.0	76
18.06.2024 00:00	309.0	319.0	297.0	303.0	287
19.06.2024 00:00	300.5	300.5	287.0	289.5	279
20.06.2024 00:00	293.5	296.0	289.5	293.5	50
21.06.2024 00:00	295.0	295.5	291.5	295.0	13
24.06.2024 00:00	295.5	296.5	293.0	295.0	23
25.06.2024 00:00	295.0	295.0	289.0	291.0	66
26.06.2024 00:00	293.0	297.0	290.0	297.0	42
27.06.2024 00:00	297.0	297.0	296.5	297.0	15
28.06.2024 00:00	297.5	297.5	289.5	294.5	64
01.07.2024 00:00	294.5	294.5	287.0	291.0	90
02.07.2024 00:00	288.5	297.0	288.5	296.5	129
03.07.2024 00:00	297.5	297.5	296.0	296.0	3
04.07.2024 00:00	295.0	295.0	292.0	293.5	51
05.07.2024 00:00	291.5	291.5	287.0	291.5	43
08.07.2024 00:00	291.5	293.0	289.5	290.0	15
09.07.2024 00:00	289.5	289.5	280.5	284.0	120
10.07.2024 00:00	283.5	283.5	252.5	261.0	872
11.07.2024 00:00	261.0	265.5	251.0	261.0	235
12.07.2024 00:00	259.0	260.0	250.0	258.0	217
15.07.2024 00:00	259.0	259.5	247.0	251.5	121
16.07.2024 00:00	248.5	257.5	248.0	257.0	55
17.07.2024 00:00	257.5	259.5	255.0	259.5	38
18.07.2024 00:00	256.0	261.5	253.0	261.0	214
19.07.2024 00:00	261.5	272.5	260.0	266.5	221
22.07.2024 00:00	265.5	266.0	259.0	263.0	180
23.07.2024 00:00	262.0	266.5	262.0	265.0	127
24.07.2024 00:00	265.5	269.5	259.0	267.0	511
25.07.2024 00:00	265.5	267.0	255.5	262.0	322
26.07.2024 00:00	262.0	262.5	258.5	262.0	56
29.07.2024 00:00	259.0	261.5	256.0	258.5	52
30.07.2024 00:00	258.0	258.0	254.0	256.0	46
31.07.2024 00:00	256.5	260.5	256.0	260.5	59
01.08.2024 00:00	261.0	264.5	258.5	258.5	49
02.08.2024 00:00	258.0	258.5	257.0	257.0	11
05.08.2024 00:00	256.5	258.0	248.0	256.0	115
06.08.2024 00:00	255.5	257.0	253.0	253.0	43
07.08.2024 00:00	254.0	255.5	252.0	255.5	38
08.08.2024 00:00	253.5	255.0	253.0	253.5	11
09.08.2024 00:00	254.5	254.5	251.5	254.5	16
12.08.2024 00:00	254.5	254.5	252.0	254.5	8
13.08.2024 00:00	252.5	257.5	249.0	256.5	137
14.08.2024 00:00	256.5	262.0	256.0	258.5	121
15.08.2024 00:00	256.5	257.5	254.5	254.5	87
16.08.2024 00:00	256.0	256.0	250.0	252.5	90
19.08.2024 00:00	251.0	280.0	250.0	270.0	557
20.08.2024 00:00	274.5	274.5	260.5	264.5	153
21.08.2024 00:00	264.0	266.5	261.5	265.0	21
22.08.2024 00:00	264.0	265.0	251.0	254.5	155
23.08.2024 00:00	254.5	254.5	234.5	236.0	207
26.08.2024 00:00	241.0	249.5	240.0	240.0	131
27.08.2024 00:00	240.5	244.0	236.0	240.0	141
28.08.2024 00:00	240.5	242.0	240.0	240.0	45
29.08.2024 00:00	239.5	239.5	236.5	237.5	41
30.08.2024 00:00	238.5	259.0	238.5	243.5	769
02.09.2024 00:00	242.0	242.0	235.0	235.5	107
03.09.2024 00:00	235.0	236.5	227.0	234.0	162
04.09.2024 00:00	235.0	235.0	232.5	235.0	69
05.09.2024 00:00	235.5	242.5	235.5	239.5	60
06.09.2024 00:00	240.0	241.0	237.5	240.5	40
09.09.2024 00:00	241.0	242.5	240.5	242.5	77
10.09.2024 00:00	242.5	244.5	239.5	239.5	41
11.09.2024 00:00	239.5	239.5	237.5	239.5	17
12.09.2024 00:00	238.5	240.5	237.5	240.5	121
13.09.2024 00:00	239.5	240.5	235.5	240.5	67
16.09.2024 00:00	240.5	242.0	238.5	242.0	84
17.09.2024 00:00	241.0	242.0	240.5	241.5	35
18.09.2024 00:00	242.0	242.0	240.0	241.0	45
19.09.2024 00:00	240.0	245.0	240.0	244.5	146
20.09.2024 00:00	244.5	250.0	241.5	248.5	242
23.09.2024 00:00	250.0	250.0	244.0	248.5	156
24.09.2024 00:00	249.0	251.5	247.5	251.5	143
25.09.2024 00:00	250.0	251.5	247.5	249.5	74
26.09.2024 00:00	249.0	249.0	246.5	249.0	12
27.09.2024 00:00	249.0	250.0	249.0	250.0	25
30.09.2024 00:00	250.0	250.0	246.5	250.0	18
01.10.2024 00:00	249.0	276.0	248.0	259.5	739
02.10.2024 00:00	264.0	265.0	255.0	259.5	32
03.10.2024 00:00	259.0	269.0	253.0	264.0	105
04.10.2024 00:00	263.5	263.5	257.5	263.0	18
07.10.2024 00:00	263.0	266.5	258.5	260.0	24
08.10.2024 00:00	258.0	261.0	258.0	261.0	9
09.10.2024 00:00	260.0	261.0	260.0	261.0	21
10.10.2024 00:00	265.0	272.5	262.0	263.5	157
11.10.2024 00:00	266.0	266.5	251.5	252.0	163
14.10.2024 00:00	253.0	257.0	248.5	253.5	149
15.10.2024 00:00	249.0	253.0	248.5	252.5	145
16.10.2024 00:00	250.0	252.5	247.5	252.5	22
17.10.2024 00:00	252.0	252.5	249.0	252.5	15
18.10.2024 00:00	250.0	257.0	250.0	256.0	17
21.10.2024 00:00	256.0	256.0	252.5	255.5	11
22.10.2024 00:00	255.0	255.0	252.0	255.0	12
23.10.2024 00:00	254.0	254.0	247.0	251.5	62
24.10.2024 00:00	251.5	252.0	249.5	252.0	22
25.10.2024 00:00	251.5	252.0	245.0	250.5	63
28.10.2024 00:00	245.0	250.0	245.0	250.0	18
29.10.2024 00:00	249.5	249.5	238.5	249.0	129
30.10.2024 00:00	249.0	249.0	244.0	249.0	14
31.10.2024 00:00	248.5	249.0	243.0	249.0	27
01.11.2024 00:00	246.0	248.5	241.0	248.5	12
02.11.2024 00:00	248.5	248.5	248.5	248.5	1
05.11.2024 00:00	242.5	247.0	242.5	247.0	13
06.11.2024 00:00	247.0	257.0	247.0	249.0	66
07.11.2024 00:00	256.0	256.0	249.0	250.5	14
08.11.2024 00:00	250.5	252.5	243.5	244.5	158
11.11.2024 00:00	247.5	249.5	247.5	249.5	12
12.11.2024 00:00	251.5	251.5	248.5	249.0	8
13.11.2024 00:00	249.0	250.0	242.5	248.5	69
14.11.2024 00:00	245.5	248.5	238.5	248.5	83
15.11.2024 00:00	245.0	249.5	241.5	249.0	33
18.11.2024 00:00	249.0	255.5	249.0	250.5	82
19.11.2024 00:00	250.5	250.5	241.0	246.5	146
20.11.2024 00:00	239.0	247.5	238.0	246.5	34
21.11.2024 00:00	239.5	245.5	231.0	240.5	334
22.11.2024 00:00	241.0	241.0	232.0	237.5	72
25.11.2024 00:00	232.0	236.5	224.5	232.0	431
26.11.2024 00:00	232.0	232.0	217.5	227.0	209
27.11.2024 00:00	216.5	229.0	205.0	229.0	282
28.11.2024 00:00	237.0	237.0	229.0	235.5	194
29.11.2024 00:00	237.5	237.5	232.0	235.5	8
02.12.2024 00:00	237.0	238.5	235.0	236.5	17
03.12.2024 00:00	236.5	237.5	233.5	236.5	30
04.12.2024 00:00	231.5	236.5	231.5	236.5	6
05.12.2024 00:00	221.0	236.0	221.0	236.0	65
06.12.2024 00:00	228.0	236.0	228.0	236.0	9
09.12.2024 00:00	236.0	236.0	230.5	236.0	22
10.12.2024 00:00	227.0	236.0	227.0	236.0	9
11.12.2024 00:00	236.0	253.5	236.0	241.5	115
12.12.2024 00:00	237.0	250.0	236.5	246.0	311
13.12.2024 00:00	249.0	249.0	225.5	246.0	275
16.12.2024 00:00	248.5	248.5	234.5	238.0	134
17.12.2024 00:00	235.5	237.0	228.0	236.0	44
18.12.2024 00:00	228.0	244.0	228.0	244.0	34
19.12.2024 00:00	240.0	244.0	237.0	237.0	18
20.12.2024 00:00	237.0	251.5	232.5	251.5	250
23.12.2024 00:00	252.0	257.0	247.0	249.5	52
24.12.2024 00:00	248.5	249.5	244.0	249.5	20
25.12.2024 00:00	247.0	251.5	243.5	251.5	44
26.12.2024 00:00	251.0	262.0	240.0	256.0	444
27.12.2024 00:00	256.0	261.5	248.0	252.0	193
28.12.2024 00:00	251.5	252.0	249.0	252.0	57
30.12.2024 00:00	250.0	264.0	247.5	255.5	547
03.01.2025 00:00	255.5	261.0	243.5	252.5	264
06.01.2025 00:00	252.5	252.5	250.0	252.5	101
08.01.2025 00:00	253.0	257.0	253.0	257.0	76
09.01.2025 00:00	256.5	256.5	251.0	255.0	67
10.01.2025 00:00	251.5	263.5	251.0	261.5	232
13.01.2025 00:00	261.5	268.0	258.0	260.5	216
14.01.2025 00:00	261.0	262.5	260.5	262.5	41
15.01.2025 00:00	262.5	264.5	256.0	263.0	56
16.01.2025 00:00	262.0	280.0	259.5	278.0	313
17.01.2025 00:00	273.0	281.5	272.0	279.5	93
20.01.2025 00:00	279.5	279.5	270.5	272.0	169
21.01.2025 00:00	274.0	275.5	270.5	275.0	44
22.01.2025 00:00	275.0	279.0	267.5	279.0	64
23.01.2025 00:00	276.0	276.0	270.5	276.0	30
24.01.2025 00:00	273.5	278.0	271.0	272.5	64
27.01.2025 00:00	271.0	271.0	265.0	270.0	58
28.01.2025 00:00	266.0	272.0	259.0	265.5	170
29.01.2025 00:00	269.5	271.0	269.5	269.5	33
30.01.2025 00:00	269.0	270.5	269.0	270.5	13
31.01.2025 00:00	270.5	270.5	266.5	266.5	58
03.02.2025 00:00	266.0	266.0	254.5	263.5	95
04.02.2025 00:00	263.0	263.5	255.5	255.5	94
05.02.2025 00:00	258.5	264.5	258.0	264.5	65
06.02.2025 00:00	268.0	275.0	265.5	268.0	40
07.02.2025 00:00	267.5	267.5	263.0	264.0	82
10.02.2025 00:00	263.5	263.5	259.0	263.5	30
11.02.2025 00:00	262.0	263.5	261.0	263.0	28
12.02.2025 00:00	267.0	268.5	258.5	262.5	148
13.02.2025 00:00	263.0	269.5	263.0	267.0	247
14.02.2025 00:00	266.5	269.0	263.0	265.0	201
17.02.2025 00:00	266.5	272.5	266.5	269.0	132
18.02.2025 00:00	271.5	277.5	268.5	269.0	93
19.02.2025 00:00	267.0	271.5	266.5	271.5	25
20.02.2025 00:00	271.5	271.5	259.5	267.0	171
21.02.2025 00:00	266.5	270.0	266.5	266.5	49
24.02.2025 00:00	267.0	268.5	265.0	266.5	136
25.02.2025 00:00	268.0	269.0	265.0	266.5	285
26.02.2025 00:00	271.5	272.0	260.0	260.0	125
27.02.2025 00:00	260.5	261.0	256.0	260.0	103
28.02.2025 00:00	260.0	261.0	258.5	260.5	23
03.03.2025 00:00	260.0	260.0	259.5	260.0	6
04.03.2025 00:00	259.0	262.5	259.0	262.5	29
05.03.2025 00:00	261.0	264.0	260.5	263.5	32
06.03.2025 00:00	264.0	266.0	261.5	261.5	34
07.03.2025 00:00	261.5	263.5	261.5	263.0	20
11.03.2025 00:00	262.0	262.5	260.5	262.5	28
12.03.2025 00:00	263.5	264.0	261.0	261.5	33
13.03.2025 00:00	260.5	261.5	259.0	261.5	37
14.03.2025 00:00	261.0	268.0	257.0	263.0	356
17.03.2025 00:00	265.0	293.0	265.0	280.0	410
18.03.2025 00:00	277.5	279.0	265.0	270.0	197
19.03.2025 00:00	269.0	273.0	267.5	271.0	27
20.03.2025 00:00	269.0	271.5	248.0	260.0	495
21.03.2025 00:00	262.0	265.5	257.5	257.5	153
24.03.2025 00:00	260.5	263.0	260.0	263.0	6
25.03.2025 00:00	260.0	262.5	253.5	259.5	72
26.03.2025 00:00	260.0	261.0	256.0	260.0	19
27.03.2025 00:00	257.0	259.5	253.0	257.0	43
28.03.2025 00:00	257.5	259.5	253.5	255.5	76
31.03.2025 00:00	255.0	255.5	251.0	253.5	52
01.04.2025 00:00	250.5	255.0	249.0	253.5	25
02.04.2025 00:00	254.5	254.5	254.0	254.0	3
03.04.2025 00:00	254.5	258.0	248.5	252.0	59
04.04.2025 00:00	251.5	251.5	238.5	250.5	204
07.04.2025 00:00	227.5	245.0	222.0	242.5	271
08.04.2025 00:00	244.0	245.0	236.5	244.5	39
09.04.2025 00:00	245.0	245.0	234.5	237.0	92
10.04.2025 00:00	241.5	241.5	241.0	241.5	6
11.04.2025 00:00	241.5	242.0	233.5	242.0	233
14.04.2025 00:00	242.0	242.0	238.0	240.0	20
15.04.2025 00:00	241.0	248.0	239.0	241.0	67
16.04.2025 00:00	241.0	243.5	239.5	243.5	13
17.04.2025 00:00	243.0	243.5	241.5	241.5	11
18.04.2025 00:00	243.0	243.0	237.0	237.0	46
21.04.2025 00:00	237.0	237.0	226.0	237.0	142
22.04.2025 00:00	237.0	238.0	235.5	237.5	20
23.04.2025 00:00	236.5	236.5	223.0	230.5	160
24.04.2025 00:00	232.0	232.0	227.5	231.0	19
25.04.2025 00:00	229.5	232.0	229.5	232.0	52
28.04.2025 00:00	233.0	234.0	232.0	232.0	20
29.04.2025 00:00	232.0	232.0	230.5	230.5	6
30.04.2025 00:00	230.5	232.0	227.5	232.0	19
02.05.2025 00:00	232.0	232.0	228.5	231.5	22
05.05.2025 00:00	231.5	231.5	231.5	231.5	5
06.05.2025 00:00	228.0	230.5	222.0	228.0	115
07.05.2025 00:00	228.0	229.0	220.0	227.5	71
08.05.2025 00:00	226.5	227.0	226.5	227.0	3
12.05.2025 00:00	227.0	264.0	227.0	263.0	1031
13.05.2025 00:00	246.0	264.5	246.0	252.0	371
14.05.2025 00:00	251.5	259.0	247.0	259.0	81
15.05.2025 00:00	259.0	262.0	254.5	258.5	127
16.05.2025 00:00	261.0	262.0	253.5	261.0	120
19.05.2025 00:00	258.5	261.0	258.5	260.5	10
20.05.2025 00:00	258.5	259.0	249.0	259.0	72
21.05.2025 00:00	258.5	258.5	245.0	253.0	126
22.05.2025 00:00	252.5	253.0	239.5	247.5	42
