datetime	open	high	low	close	volume
13.02.2024 00:00	6300.0	6300.0	6300.0	6300.0	141828
14.02.2024 00:00	6930.0	7332.5	5726.5	5866.0	1078382
15.02.2024 00:00	5738.0	5982.5	5718.0	5900.0	132083
16.02.2024 00:00	5929.0	6080.0	5905.0	5956.0	139153
19.02.2024 00:00	5978.0	6000.0	5881.0	5891.0	41038
20.02.2024 00:00	5890.0	5900.0	5730.0	5768.5	57653
21.02.2024 00:00	5700.0	5730.0	5500.0	5599.0	75897
22.02.2024 00:00	5597.0	5797.5	5558.5	5697.5	34344
26.02.2024 00:00	5700.5	5964.0	5700.0	5923.5	46259
27.02.2024 00:00	5943.0	5950.5	5750.0	5895.0	28580
28.02.2024 00:00	5895.0	5912.5	5805.0	5872.5	13805
29.02.2024 00:00	5871.5	5929.5	5826.0	5860.5	25916
01.03.2024 00:00	5860.0	5905.0	5832.0	5867.5	23056
04.03.2024 00:00	5869.0	6065.5	5869.0	6055.0	57042
05.03.2024 00:00	6074.0	6250.0	6015.0	6130.0	83035
06.03.2024 00:00	6130.0	6135.0	5970.0	6054.5	35495
07.03.2024 00:00	6054.5	6111.0	6016.0	6069.0	14750
11.03.2024 00:00	6149.5	6150.0	6050.0	6070.0	24836
12.03.2024 00:00	6149.0	6149.0	5992.5	6011.0	25523
13.03.2024 00:00	6023.0	6066.0	6007.0	6014.0	17101
14.03.2024 00:00	6014.0	6029.5	5880.0	5934.0	44054
15.03.2024 00:00	5934.0	6006.0	5934.0	5950.0	13018
18.03.2024 00:00	5967.0	5985.0	5857.5	5953.0	24856
19.03.2024 00:00	5959.5	6010.0	5888.0	5912.0	26427
20.03.2024 00:00	5935.5	6023.0	5928.0	5979.0	31455
21.03.2024 00:00	5935.0	5970.0	5886.0	5900.5	38707
22.03.2024 00:00	5930.5	5941.5	5857.5	5891.5	12399
25.03.2024 00:00	5821.0	6000.0	5745.0	5962.0	33610
26.03.2024 00:00	5970.0	6249.0	5970.0	6125.0	99114
27.03.2024 00:00	6130.0	6295.5	6053.0	6284.5	99630
28.03.2024 00:00	6301.0	6399.5	6100.5	6109.0	76045
29.03.2024 00:00	6138.5	6223.5	6120.0	6142.5	24797
01.04.2024 00:00	6219.0	6219.0	6105.5	6120.5	26628
02.04.2024 00:00	6142.5	6215.0	6014.0	6178.5	47329
03.04.2024 00:00	6188.0	6299.5	6178.5	6210.5	37334
04.04.2024 00:00	6213.0	6350.0	6210.5	6272.0	53896
05.04.2024 00:00	6272.0	6275.5	6201.0	6220.0	14018
08.04.2024 00:00	6220.0	6425.0	6220.0	6323.5	44218
09.04.2024 00:00	6350.0	6396.5	6250.0	6290.0	23007
10.04.2024 00:00	6290.0	6303.0	6142.0	6210.0	22056
11.04.2024 00:00	6219.0	6253.5	6115.0	6127.5	18041
12.04.2024 00:00	6148.5	6260.0	6128.0	6187.5	16557
15.04.2024 00:00	6210.0	6327.5	6190.0	6300.0	25974
16.04.2024 00:00	6300.0	6396.0	6218.0	6355.0	27772
17.04.2024 00:00	6360.5	6538.0	6360.5	6410.0	60342
18.04.2024 00:00	6450.0	6460.0	6227.0	6290.0	28598
19.04.2024 00:00	6290.5	6370.0	6271.5	6345.0	15464
22.04.2024 00:00	6340.0	6394.5	6236.0	6278.0	26983
23.04.2024 00:00	6310.0	6310.0	6180.0	6186.0	16534
24.04.2024 00:00	6215.5	6215.5	6055.0	6115.0	30911
25.04.2024 00:00	6115.5	6182.0	6103.0	6181.0	9792
26.04.2024 00:00	6205.0	6274.0	6169.5	6202.5	14207
27.04.2024 00:00	6246.5	6246.5	6141.0	6187.0	7998
29.04.2024 00:00	6190.0	6215.0	6167.0	6200.0	5313
30.04.2024 00:00	6212.0	6291.5	6180.0	6246.5	12078
02.05.2024 00:00	6210.0	6244.5	6170.0	6176.5	6908
03.05.2024 00:00	6187.0	6187.0	6079.5	6120.0	11148
06.05.2024 00:00	6120.0	6159.5	6101.5	6124.0	6760
07.05.2024 00:00	6124.0	6199.5	6117.0	6143.0	7743
08.05.2024 00:00	6143.0	6287.0	6143.0	6253.0	13566
10.05.2024 00:00	6235.0	6272.5	6194.5	6255.5	6278
13.05.2024 00:00	6277.5	6368.5	6231.0	6320.0	21841
14.05.2024 00:00	6320.0	6368.0	6263.5	6306.0	12414
15.05.2024 00:00	6345.0	6345.0	6266.5	6267.5	9728
16.05.2024 00:00	6278.0	6292.0	6200.0	6220.0	12263
17.05.2024 00:00	6264.0	6272.5	6151.0	6195.5	11438
20.05.2024 00:00	6195.5	6207.0	6004.0	6080.0	34074
21.05.2024 00:00	6080.0	6190.0	6025.0	6131.0	15443
22.05.2024 00:00	6142.0	6165.0	6102.0	6116.0	5851
23.05.2024 00:00	6131.0	6142.0	6048.5	6119.0	8884
24.05.2024 00:00	6120.0	6141.5	5911.5	6000.5	21323
27.05.2024 00:00	6000.5	6004.5	5840.5	5860.0	21748
28.05.2024 00:00	5860.0	6000.0	5721.5	5970.5	13810
29.05.2024 00:00	5970.5	5973.5	5890.0	5921.0	10085
30.05.2024 00:00	5921.0	6018.0	5864.0	5865.0	6951
31.05.2024 00:00	5866.0	5879.5	5750.0	5782.5	12292
03.06.2024 00:00	5797.0	5849.5	5400.5	5597.0	31855
04.06.2024 00:00	5598.0	5950.0	5598.0	5841.0	12227
05.06.2024 00:00	5868.0	6020.0	5776.5	5895.0	10617
06.06.2024 00:00	5895.0	5946.5	5790.5	5874.0	5916
07.06.2024 00:00	5950.0	6094.0	5900.5	6072.0	13554
10.06.2024 00:00	6072.0	6129.5	5900.0	5932.5	13064
11.06.2024 00:00	5932.5	6014.0	5840.0	6006.5	7477
13.06.2024 00:00	5666.0	6000.0	5505.0	5990.0	18323
14.06.2024 00:00	5990.0	6050.0	5950.0	6025.0	8737
17.06.2024 00:00	6025.0	6067.0	5845.0	5952.0	7349
18.06.2024 00:00	5945.5	5949.5	5718.0	5733.5	9949
19.06.2024 00:00	5777.5	5845.0	5650.0	5658.0	8837
20.06.2024 00:00	5660.5	5794.0	5560.0	5740.0	13540
21.06.2024 00:00	5740.0	5815.0	5677.0	5737.5	6918
24.06.2024 00:00	5737.5	5799.0	5670.0	5795.0	4513
25.06.2024 00:00	5789.0	5795.0	5690.0	5741.0	4156
26.06.2024 00:00	5742.5	5786.5	5701.5	5720.0	5930
27.06.2024 00:00	5798.0	5821.0	5652.0	5695.5	16289
28.06.2024 00:00	5695.0	5720.0	5577.5	5630.5	13557
01.07.2024 00:00	5621.0	5636.5	5544.5	5550.0	17610
02.07.2024 00:00	5579.0	5584.0	5541.0	5566.0	12427
03.07.2024 00:00	5566.5	5639.0	5566.5	5571.0	11128
04.07.2024 00:00	5566.0	5580.5	5511.0	5517.0	9487
05.07.2024 00:00	5516.5	5640.0	5365.0	5533.5	16031
08.07.2024 00:00	5533.5	5569.0	5386.5	5408.5	12570
09.07.2024 00:00	5395.0	5400.0	5019.5	5030.0	31645
10.07.2024 00:00	5040.0	5094.5	4802.0	4810.5	22219
11.07.2024 00:00	4810.5	5050.0	4805.0	5049.0	16811
12.07.2024 00:00	5050.0	5148.5	5000.0	5002.5	8309
15.07.2024 00:00	5041.0	5075.0	4799.0	4809.0	10850
16.07.2024 00:00	4894.5	4996.0	4810.0	4904.5	11247
17.07.2024 00:00	4994.0	5150.0	4937.5	5071.5	10159
18.07.2024 00:00	5071.5	5140.5	5071.5	5125.0	4668
19.07.2024 00:00	5134.5	5299.5	5134.5	5261.0	10949
22.07.2024 00:00	5299.0	5424.5	5287.0	5314.5	9827
23.07.2024 00:00	5314.0	5375.0	5220.0	5260.0	5136
24.07.2024 00:00	5260.0	5273.5	5148.0	5234.0	8609
25.07.2024 00:00	5200.0	5234.5	5150.0	5227.5	4729
26.07.2024 00:00	5225.0	5287.0	4986.0	5009.5	17901
29.07.2024 00:00	5007.0	5008.0	4849.5	4876.5	8475
30.07.2024 00:00	4865.5	4969.0	4865.0	4930.0	6364
31.07.2024 00:00	4931.5	4951.0	4876.0	4900.0	6622
01.08.2024 00:00	4910.0	5078.5	4890.0	4898.0	13651
02.08.2024 00:00	4900.0	4900.0	4818.5	4836.5	5742
05.08.2024 00:00	4830.0	4836.5	4666.0	4764.0	16563
06.08.2024 00:00	4770.0	4864.0	4770.0	4849.5	5277
07.08.2024 00:00	4841.0	5014.0	4809.0	5000.0	10224
08.08.2024 00:00	4948.5	5080.0	4903.5	4935.0	6068
09.08.2024 00:00	4948.0	5045.0	4855.5	4991.0	6583
12.08.2024 00:00	4960.0	4978.5	4876.5	4959.0	4557
13.08.2024 00:00	4943.5	5063.0	4943.5	5027.0	4514
14.08.2024 00:00	5010.0	5050.0	4970.5	4970.5	4948
15.08.2024 00:00	4965.0	5008.0	4895.0	4911.0	4365
16.08.2024 00:00	4911.0	4980.0	4900.0	4929.0	2372
19.08.2024 00:00	4929.5	5040.0	4868.5	4876.5	8454
20.08.2024 00:00	4875.0	4957.5	4812.5	4830.0	5665
21.08.2024 00:00	4830.0	4830.0	4712.5	4717.0	8335
22.08.2024 00:00	4757.5	4764.0	4545.0	4581.5	11522
23.08.2024 00:00	4582.0	4750.0	4560.0	4585.0	18430
26.08.2024 00:00	4680.0	4820.0	4620.0	4781.0	8141
27.08.2024 00:00	4781.0	4896.5	4751.5	4896.5	7960
28.08.2024 00:00	4896.5	4917.0	4802.5	4900.0	8438
29.08.2024 00:00	4895.0	5023.0	4856.0	5022.5	6739
30.08.2024 00:00	5026.5	5031.0	4900.0	4938.5	8299
02.09.2024 00:00	4822.5	5159.5	4802.5	4915.0	18801
03.09.2024 00:00	4905.5	5056.0	4866.5	4943.0	10133
04.09.2024 00:00	4961.0	5300.0	4961.0	5250.5	12945
05.09.2024 00:00	5250.0	5294.0	5124.0	5275.0	9708
06.09.2024 00:00	5261.0	5388.0	5201.5	5320.0	8603
09.09.2024 00:00	5309.5	5499.5	5235.5	5470.0	10496
10.09.2024 00:00	5520.0	5543.5	5362.0	5365.5	7097
11.09.2024 00:00	5363.5	5543.0	5295.0	5409.0	4248
12.09.2024 00:00	5404.0	5409.0	5050.5	5053.5	8335
13.09.2024 00:00	5135.0	5435.0	5080.0	5215.5	19334
16.09.2024 00:00	5218.5	5394.0	5208.5	5369.0	6451
17.09.2024 00:00	5410.0	5520.0	5374.5	5500.0	6545
18.09.2024 00:00	5505.0	5575.5	5430.0	5465.5	5714
19.09.2024 00:00	5449.0	5541.0	5430.0	5440.5	6276
20.09.2024 00:00	5432.0	5550.0	5355.0	5490.0	6203
23.09.2024 00:00	5568.0	5698.0	5495.0	5672.5	9947
24.09.2024 00:00	5672.0	5737.0	5670.0	5684.0	6471
25.09.2024 00:00	5690.5	5737.0	5422.5	5438.0	14595
26.09.2024 00:00	5438.0	5471.5	5270.0	5335.5	7991
27.09.2024 00:00	5382.5	5449.5	5329.5	5379.5	3657
30.09.2024 00:00	5370.0	5510.0	5225.0	5289.0	6426
01.10.2024 00:00	5289.0	5450.0	5200.5	5339.0	7568
02.10.2024 00:00	5376.5	5377.0	5205.0	5206.5	3731
03.10.2024 00:00	5228.5	5258.0	5151.5	5189.0	4226
04.10.2024 00:00	5206.5	5254.5	5163.0	5212.0	1978
07.10.2024 00:00	5212.0	5545.0	5086.5	5200.5	12143
08.10.2024 00:00	5200.5	5332.0	5140.0	5274.5	3138
09.10.2024 00:00	5260.0	5449.5	5176.5	5270.5	3833
10.10.2024 00:00	5274.5	5336.5	5207.0	5250.0	1797
11.10.2024 00:00	5250.0	5302.5	5088.0	5163.0	3087
14.10.2024 00:00	5165.5	5227.0	5050.5	5188.5	4615
15.10.2024 00:00	5244.0	5244.0	5190.0	5203.5	3312
16.10.2024 00:00	5203.0	5213.0	5151.0	5177.0	1594
17.10.2024 00:00	5195.0	5195.0	5101.0	5105.0	2488
18.10.2024 00:00	5130.0	5130.0	4991.0	4996.0	8198
21.10.2024 00:00	4996.0	5100.0	4975.5	4994.5	3465
22.10.2024 00:00	4994.5	5040.0	4900.5	4916.5	9575
23.10.2024 00:00	4884.0	4903.5	4765.0	4789.0	12510
24.10.2024 00:00	4789.0	4845.0	4768.0	4792.0	16428
25.10.2024 00:00	4792.0	4823.5	4627.5	4649.5	20175
28.10.2024 00:00	4704.5	4704.5	4568.0	4587.0	15572
29.10.2024 00:00	4608.0	4647.5	4570.0	4598.0	14671
30.10.2024 00:00	4640.0	4752.0	4582.0	4600.0	20612
31.10.2024 00:00	4587.0	4589.5	4500.0	4536.5	11097
01.11.2024 00:00	4536.5	4615.0	4536.5	4585.0	8923
02.11.2024 00:00	4586.0	4613.5	4564.0	4599.5	2397
05.11.2024 00:00	4588.5	4640.0	4585.0	4592.5	25134
06.11.2024 00:00	4610.0	4719.5	4550.0	4593.5	51920
07.11.2024 00:00	4593.0	4598.0	4490.5	4552.5	6304
08.11.2024 00:00	4597.0	4610.0	4520.5	4575.0	6484
11.11.2024 00:00	4582.5	4704.0	4582.5	4626.5	15741
12.11.2024 00:00	4651.0	4870.5	4650.0	4776.0	22216
13.11.2024 00:00	4738.5	4790.0	4688.5	4720.0	7150
14.11.2024 00:00	4700.0	4700.0	4583.5	4585.0	7518
15.11.2024 00:00	4608.5	4668.0	4585.0	4666.0	3778
18.11.2024 00:00	4580.0	4659.5	4515.0	4579.0	7240
19.11.2024 00:00	4599.0	4615.0	4450.0	4495.0	16022
20.11.2024 00:00	4501.0	4530.5	4460.0	4475.0	5476
21.11.2024 00:00	4465.5	4639.0	4400.5	4419.0	15752
22.11.2024 00:00	4455.5	4518.0	4425.0	4432.0	5661
25.11.2024 00:00	4422.5	4473.0	4130.0	4192.5	24896
26.11.2024 00:00	4192.5	4272.0	3900.0	4007.5	19743
27.11.2024 00:00	4010.0	4192.0	3831.0	3981.0	32240
28.11.2024 00:00	4030.0	4109.5	3900.0	3986.5	7940
29.11.2024 00:00	3984.5	4013.0	3580.0	3600.0	133497
02.12.2024 00:00	3684.5	3797.5	3618.0	3750.0	44057
03.12.2024 00:00	3790.0	3848.0	3600.0	3660.0	36561
04.12.2024 00:00	3661.0	3820.0	3594.5	3638.5	28767
05.12.2024 00:00	3638.5	3750.0	3585.0	3684.0	12049
06.12.2024 00:00	3684.0	3794.5	3641.0	3679.0	15611
09.12.2024 00:00	3719.0	3777.5	3685.0	3733.5	11909
10.12.2024 00:00	3730.0	3813.0	3607.5	3711.0	11737
11.12.2024 00:00	3730.0	3772.5	3700.0	3721.0	8361
12.12.2024 00:00	3721.0	3808.0	3709.0	3709.0	7721
13.12.2024 00:00	3709.0	3744.0	3700.0	3707.0	5065
16.12.2024 00:00	3707.0	3711.5	3600.0	3634.5	8387
17.12.2024 00:00	3633.0	3677.5	3500.0	3580.0	12257
18.12.2024 00:00	3617.0	3650.0	3585.0	3637.5	7193
19.12.2024 00:00	3638.0	3690.5	3600.0	3615.0	14400
20.12.2024 00:00	3588.0	3899.5	3588.0	3858.0	22690
23.12.2024 00:00	3900.0	4038.0	3890.0	3900.0	29868
24.12.2024 00:00	3930.0	4084.0	3777.5	3941.5	25247
25.12.2024 00:00	3952.5	4116.5	3912.5	4028.5	14976
26.12.2024 00:00	4028.5	4190.0	3990.0	4068.0	14705
27.12.2024 00:00	4068.0	4068.0	3876.0	3962.0	20837
28.12.2024 00:00	3975.5	4125.0	3975.5	4096.0	14646
30.12.2024 00:00	4111.0	4383.5	4111.0	4260.0	12241
03.01.2025 00:00	4280.0	4399.5	4258.0	4365.0	12947
06.01.2025 00:00	4372.0	4391.0	4200.5	4230.0	12388
08.01.2025 00:00	4220.0	4370.0	4195.0	4319.0	10527
09.01.2025 00:00	4316.0	4345.5	4150.5	4217.0	8228
10.01.2025 00:00	4217.0	4299.5	4160.0	4270.0	6817
13.01.2025 00:00	4275.5	4460.0	4275.5	4311.5	15815
14.01.2025 00:00	4311.5	4342.0	4233.0	4268.0	7195
15.01.2025 00:00	4270.0	4296.0	4157.0	4242.0	5223
16.01.2025 00:00	4270.0	4600.0	4250.0	4460.0	19170
17.01.2025 00:00	4471.0	4630.0	4460.5	4502.5	16390
20.01.2025 00:00	4555.0	4750.0	4450.5	4467.5	17175
21.01.2025 00:00	4500.0	4570.0	4400.0	4483.5	7600
22.01.2025 00:00	4483.5	4506.0	4436.0	4486.5	4516
23.01.2025 00:00	4482.5	4482.5	4395.0	4405.0	4216
24.01.2025 00:00	4450.0	4450.0	4340.0	4369.0	6289
27.01.2025 00:00	4369.0	4404.5	4270.0	4273.0	7508
28.01.2025 00:00	4273.5	4345.0	4202.0	4324.0	5466
29.01.2025 00:00	4324.0	4374.0	4320.5	4369.0	4139
30.01.2025 00:00	4369.0	4547.5	4351.0	4520.5	13414
31.01.2025 00:00	4519.0	4519.0	4406.0	4430.5	8063
03.02.2025 00:00	4455.5	4516.0	4402.0	4405.0	17425
04.02.2025 00:00	4418.5	4444.5	4360.5	4360.5	4538
05.02.2025 00:00	4360.0	4386.0	4292.0	4325.5	4459
06.02.2025 00:00	4368.0	4403.0	4274.5	4323.5	6662
07.02.2025 00:00	4348.5	4352.5	4280.5	4317.0	6344
10.02.2025 00:00	4322.0	4413.0	4284.5	4307.5	11806
11.02.2025 00:00	4309.0	4380.0	4307.0	4336.5	7393
12.02.2025 00:00	4354.5	4369.0	4150.5	4184.0	22780
13.02.2025 00:00	4330.0	4370.0	4070.0	4091.5	38365
14.02.2025 00:00	4114.5	4139.5	4001.0	4020.5	36909
17.02.2025 00:00	4035.5	4118.0	4021.5	4044.0	26730
18.02.2025 00:00	4062.0	4062.0	4010.0	4020.0	14540
19.02.2025 00:00	4028.5	4030.0	4000.0	4004.0	12502
20.02.2025 00:00	4044.0	4094.0	4000.5	4030.0	13137
21.02.2025 00:00	4040.0	4090.5	3932.0	3955.5	22940
24.02.2025 00:00	3999.0	4026.0	3925.0	3960.5	24701
25.02.2025 00:00	3985.0	4019.5	3954.5	3961.0	23451
26.02.2025 00:00	3990.0	4049.5	3920.5	3930.5	21729
27.02.2025 00:00	3919.0	3938.5	3893.0	3902.0	14239
28.02.2025 00:00	3902.0	3932.5	3833.0	3877.0	10188
03.03.2025 00:00	3897.0	3897.0	3778.0	3778.0	19655
04.03.2025 00:00	3801.0	3874.0	3780.0	3808.0	15607
05.03.2025 00:00	3834.5	3851.5	3814.5	3825.0	18728
06.03.2025 00:00	3830.0	3915.5	3690.0	3730.0	94392
07.03.2025 00:00	3753.0	3765.5	3663.0	3699.5	23597
10.03.2025 00:00	3775.0	3867.5	3742.0	3862.5	29970
11.03.2025 00:00	3870.0	3892.0	3800.0	3846.0	24246
12.03.2025 00:00	3850.0	3857.5	3786.0	3805.5	14373
13.03.2025 00:00	3801.5	3806.0	3690.0	3697.0	22535
14.03.2025 00:00	3750.0	3788.0	3737.0	3780.0	12061
17.03.2025 00:00	3842.0	3882.5	3788.0	3804.0	25986
18.03.2025 00:00	3828.0	3878.5	3816.0	3836.0	16774
19.03.2025 00:00	3836.0	3845.5	3793.5	3828.0	11725
20.03.2025 00:00	3856.0	3860.0	3825.0	3838.5	16918
21.03.2025 00:00	3780.5	3781.5	3750.0	3750.0	11691
24.03.2025 00:00	3724.5	3740.0	3671.5	3693.5	9118
25.03.2025 00:00	3694.0	3727.5	3664.5	3700.0	7443
26.03.2025 00:00	3710.0	3715.0	3651.5	3655.0	6471
27.03.2025 00:00	3650.0	3653.5	3575.0	3588.5	13075
28.03.2025 00:00	3569.5	3629.0	3503.0	3534.5	14632
31.03.2025 00:00	3500.5	3533.0	3417.0	3452.0	21762
01.04.2025 00:00	3451.0	3501.0	3434.0	3459.5	16391
02.04.2025 00:00	3474.5	3505.0	3434.0	3451.5	10431
03.04.2025 00:00	3460.0	3478.5	3322.5	3384.0	15072
04.04.2025 00:00	3384.5	3455.0	3263.5	3285.0	15710
07.04.2025 00:00	3231.5	3280.0	3105.0	3167.5	20151
08.04.2025 00:00	3227.5	3314.0	3219.5	3243.0	8673
09.04.2025 00:00	3217.0	3242.0	3004.5	3204.5	16094
10.04.2025 00:00	3227.0	3462.5	3216.0	3216.0	6657
11.04.2025 00:00	3260.0	3311.5	3242.5	3251.5	3293
14.04.2025 00:00	3300.0	3345.5	3251.5	3261.5	3952
15.04.2025 00:00	3276.5	3323.5	3252.5	3290.0	2374
16.04.2025 00:00	3315.0	3385.0	3261.0	3317.0	5711
17.04.2025 00:00	3322.0	3510.0	3314.5	3419.5	12971
18.04.2025 00:00	3446.5	3474.5	3360.0	3461.0	6182
21.04.2025 00:00	3445.0	3478.0	3419.5	3439.5	5312
22.04.2025 00:00	3462.5	3490.0	3450.5	3464.5	3576
23.04.2025 00:00	3420.0	3500.0	3386.5	3435.0	4497
24.04.2025 00:00	3429.0	3462.0	3377.5	3388.5	3379
25.04.2025 00:00	3399.0	3420.0	3344.5	3391.0	5274
26.04.2025 00:00	3390.5	3419.5	3358.5	3386.0	1305
27.04.2025 00:00	3385.5	3405.5	3363.0	3392.0	963
28.04.2025 00:00	3385.5	3403.0	3301.5	3310.5	8384
29.04.2025 00:00	3316.5	3366.0	3301.0	3315.0	7244
30.04.2025 00:00	3319.0	3325.5	3300.0	3300.0	4308
02.05.2025 00:00	3300.0	3300.0	3253.0	3255.0	2446
03.05.2025 00:00	3251.0	3270.5	3230.0	3232.5	642
04.05.2025 00:00	3233.5	3255.5	3216.5	3251.0	753
05.05.2025 00:00	3252.0	3269.5	3152.5	3195.5	6701
06.05.2025 00:00	3190.0	3218.5	3178.0	3218.5	4469
07.05.2025 00:00	3219.0	3241.0	3192.5	3219.5	3887
08.05.2025 00:00	3222.0	3243.0	3200.5	3226.5	2507
10.05.2025 00:00	3219.5	3235.0	3209.0	3223.0	350
11.05.2025 00:00	3222.5	3273.5	3222.5	3264.5	1192
12.05.2025 00:00	3276.0	3333.0	3238.5	3259.5	6382
13.05.2025 00:00	3275.5	3315.0	3250.0	3275.5	4582
14.05.2025 00:00	3291.0	3312.0	3211.5	3238.5	3330
15.05.2025 00:00	3238.5	3297.5	3195.0	3212.0	5774
16.05.2025 00:00	3227.0	3247.0	3200.0	3224.5	3188
17.05.2025 00:00	3218.5	3249.5	3215.5	3233.5	719
18.05.2025 00:00	3250.0	3300.0	3234.5	3254.0	924
19.05.2025 00:00	3243.5	3260.0	3222.5	3226.0	2727
20.05.2025 00:00	3237.5	3249.0	3220.0	3228.5	2258
21.05.2025 00:00	3238.0	3246.0	3200.0	3211.0	4419
22.05.2025 00:00	3225.0	3225.0	3150.0	3178.5	5930
