datetime	open	high	low	close	volume
20.03.2018 00:00	37.800000000000004	39.400000000000006	20.0	24.8	380
23.03.2018 00:00	34.4	34.4	28.8	28.8	110
05.04.2018 00:00	25.6	25.6	25.6	25.6	10
12.04.2018 00:00	21.8	30.8	21.6	26.8	100
13.04.2018 00:00	30.8	30.8	26.8	30.8	9570
27.04.2018 00:00	28.0	28.8	28.0	28.8	20
15.05.2018 00:00	34.800000000000004	34.800000000000004	29.8	30.8	80
21.06.2018 00:00	25.200000000000003	27.0	25.200000000000003	26.8	980
22.06.2018 00:00	29.6	29.8	25.200000000000003	26.8	130
25.06.2018 00:00	29.200000000000003	29.200000000000003	29.200000000000003	29.200000000000003	10
03.07.2018 00:00	26.8	26.8	26.8	26.8	10
06.07.2018 00:00	28.400000000000002	28.400000000000002	28.400000000000002	28.400000000000002	10
18.07.2018 00:00	25.200000000000003	25.8	24.8	25.8	130
19.07.2018 00:00	25.0	28.8	23.0	25.6	240
23.07.2018 00:00	24.6	24.6	24.6	24.6	10
31.07.2018 00:00	26.6	26.6	26.6	26.6	10
01.08.2018 00:00	24.6	24.6	24.6	24.6	20
21.08.2018 00:00	24.6	24.6	24.6	24.6	10
23.08.2018 00:00	23.8	23.8	23.8	23.8	5760
24.08.2018 00:00	23.6	23.6	23.6	23.6	10
28.08.2018 00:00	24.6	24.8	24.6	24.8	20
06.09.2018 00:00	22.8	23.8	22.8	23.8	50
19.09.2018 00:00	22.8	23.6	22.8	23.6	90
25.09.2018 00:00	28.8	28.8	24.6	24.8	70
27.09.2018 00:00	25.8	25.8	25.8	25.8	20
28.09.2018 00:00	23.6	24.8	23.6	24.8	20
19.10.2018 00:00	20.8	24.6	20.8	23.8	160
24.10.2018 00:00	19.8	22.8	19.8	22.6	280
01.11.2018 00:00	25.8	25.8	25.8	25.8	10
12.11.2018 00:00	24.8	24.8	22.8	23.8	60
19.11.2018 00:00	20.6	23.6	20.6	22.8	30
23.11.2018 00:00	22.8	22.8	22.8	22.8	10
28.11.2018 00:00	17.8	20.8	17.8	20.8	20
13.12.2018 00:00	24.8	24.8	23.6	23.6	30
14.12.2018 00:00	19.6	21.8	19.6	21.8	40
19.12.2018 00:00	27.8	27.8	23.6	23.6	400
29.12.2018 00:00	23.6	23.8	23.6	23.8	160
14.01.2019 00:00	23.8	23.8	23.8	23.8	20
21.01.2019 00:00	18.8	23.8	18.8	22.8	120
22.01.2019 00:00	21.8	27.400000000000002	21.6	24.6	450
23.01.2019 00:00	22.8	23.8	22.8	23.8	40
24.01.2019 00:00	24.8	24.8	24.6	24.6	30
25.01.2019 00:00	24.6	24.6	24.6	24.6	10
28.01.2019 00:00	23.8	23.8	23.8	23.8	20
08.02.2019 00:00	23.8	23.8	23.8	23.8	120
20.02.2019 00:00	25.6	25.6	22.8	22.8	40
25.02.2019 00:00	26.400000000000002	31.8	22.8	31.8	2850
26.02.2019 00:00	34.800000000000004	44.400000000000006	31.400000000000002	35.800000000000004	21900
27.02.2019 00:00	38.400000000000006	38.400000000000006	31.400000000000002	33.800000000000004	6650
28.02.2019 00:00	31.8	34.4	27.8	29.8	1940
01.03.2019 00:00	29.400000000000002	41.400000000000006	28.8	41.400000000000006	10710
04.03.2019 00:00	42.800000000000004	48.800000000000004	36.800000000000004	37.800000000000004	6780
05.03.2019 00:00	36.4	37.800000000000004	32.800000000000004	33.800000000000004	1660
06.03.2019 00:00	33.4	34.800000000000004	32.800000000000004	33.800000000000004	530
07.03.2019 00:00	34.4	42.800000000000004	33.800000000000004	36.4	3790
11.03.2019 00:00	34.800000000000004	36.800000000000004	31.8	34.800000000000004	3940
12.03.2019 00:00	36.4	48.400000000000006	35.4	38.800000000000004	17250
13.03.2019 00:00	36.800000000000004	41.800000000000004	35.800000000000004	38.800000000000004	3880
14.03.2019 00:00	34.800000000000004	37.800000000000004	33.800000000000004	35.4	2030
15.03.2019 00:00	35.4	36.800000000000004	35.4	35.800000000000004	320
18.03.2019 00:00	33.4	37.4	29.8	35.4	1830
19.03.2019 00:00	33.800000000000004	35.800000000000004	33.800000000000004	34.800000000000004	110
20.03.2019 00:00	34.800000000000004	36.4	33.800000000000004	34.4	770
21.03.2019 00:00	33.800000000000004	35.4	33.800000000000004	35.4	130
22.03.2019 00:00	35.4	39.400000000000006	34.4	35.4	3040
25.03.2019 00:00	34.4	36.800000000000004	33.800000000000004	35.4	770
26.03.2019 00:00	34.4	37.4	34.4	36.800000000000004	930
27.03.2019 00:00	35.4	36.800000000000004	34.800000000000004	34.800000000000004	170
28.03.2019 00:00	35.800000000000004	35.800000000000004	33.800000000000004	34.4	1090
29.03.2019 00:00	34.800000000000004	35.4	33.4	34.4	390
01.04.2019 00:00	35.4	35.4	32.800000000000004	33.800000000000004	560
02.04.2019 00:00	32.800000000000004	34.4	32.800000000000004	33.800000000000004	90
03.04.2019 00:00	33.4	33.800000000000004	33.4	33.800000000000004	190
04.04.2019 00:00	33.800000000000004	34.4	31.8	33.800000000000004	230
08.04.2019 00:00	34.4	34.4	33.4	33.4	180
09.04.2019 00:00	32.800000000000004	32.800000000000004	31.8	32.4	90
10.04.2019 00:00	32.4	32.800000000000004	32.4	32.800000000000004	20
11.04.2019 00:00	31.8	31.8	30.8	31.400000000000002	80
15.04.2019 00:00	30.400000000000002	31.400000000000002	29.8	31.400000000000002	70
16.04.2019 00:00	31.400000000000002	31.400000000000002	29.8	29.8	390
17.04.2019 00:00	30.400000000000002	30.400000000000002	30.400000000000002	30.400000000000002	20
19.04.2019 00:00	30.400000000000002	30.8	30.400000000000002	30.8	20
22.04.2019 00:00	30.400000000000002	30.400000000000002	30.400000000000002	30.400000000000002	70
23.04.2019 00:00	30.8	30.8	28.400000000000002	28.8	310
24.04.2019 00:00	29.400000000000002	29.8	29.400000000000002	29.8	120
25.04.2019 00:00	29.8	29.8	28.400000000000002	28.400000000000002	180
26.04.2019 00:00	28.8	29.400000000000002	28.8	29.400000000000002	140
29.04.2019 00:00	28.8	28.8	28.8	28.8	50
30.04.2019 00:00	28.8	29.400000000000002	28.8	29.400000000000002	550
02.05.2019 00:00	27.0	28.6	27.0	28.400000000000002	190
03.05.2019 00:00	28.8	34.800000000000004	28.8	31.8	770
06.05.2019 00:00	31.8	31.8	29.0	31.400000000000002	90
08.05.2019 00:00	30.0	30.8	28.200000000000003	30.8	80
10.05.2019 00:00	29.0	30.200000000000003	28.8	30.200000000000003	250
13.05.2019 00:00	30.8	30.8	29.0	29.0	20
14.05.2019 00:00	29.400000000000002	29.400000000000002	27.8	27.8	3680
16.05.2019 00:00	28.0	28.0	28.0	28.0	20
17.05.2019 00:00	27.0	28.8	26.400000000000002	27.8	930
23.05.2019 00:00	28.8	29.200000000000003	28.8	29.200000000000003	60
24.05.2019 00:00	27.8	28.0	27.8	27.8	60
27.05.2019 00:00	27.8	28.0	26.8	28.0	130
28.05.2019 00:00	28.400000000000002	33.2	26.8	28.8	4710
29.05.2019 00:00	27.8	29.8	27.8	29.8	100
30.05.2019 00:00	30.400000000000002	30.8	29.0	29.0	40
03.06.2019 00:00	28.400000000000002	28.8	26.8	28.8	310
04.06.2019 00:00	27.8	28.200000000000003	27.8	28.200000000000003	30
05.06.2019 00:00	28.0	28.200000000000003	27.200000000000003	28.200000000000003	80
06.06.2019 00:00	27.8	27.8	27.8	27.8	30
07.06.2019 00:00	27.8	29.200000000000003	27.8	28.200000000000003	70
10.06.2019 00:00	28.200000000000003	28.200000000000003	28.0	28.0	20
11.06.2019 00:00	28.400000000000002	28.8	26.8	28.8	140
14.06.2019 00:00	27.0	27.0	27.0	27.0	10
18.06.2019 00:00	27.400000000000002	27.400000000000002	27.200000000000003	27.400000000000002	50
19.06.2019 00:00	28.200000000000003	28.200000000000003	27.0	27.0	30
20.06.2019 00:00	27.400000000000002	27.6	26.8	27.6	40
21.06.2019 00:00	27.0	27.200000000000003	25.0	26.8	270
25.06.2019 00:00	27.0	27.8	27.0	27.8	70
27.06.2019 00:00	27.0	27.0	27.0	27.0	10
28.06.2019 00:00	27.400000000000002	27.400000000000002	27.400000000000002	27.400000000000002	30
01.07.2019 00:00	27.6	27.6	27.6	27.6	10
02.07.2019 00:00	27.0	27.0	26.8	27.0	130
04.07.2019 00:00	26.200000000000003	27.6	26.0	26.6	150
05.07.2019 00:00	26.8	27.0	26.8	27.0	20
08.07.2019 00:00	27.200000000000003	27.200000000000003	27.200000000000003	27.200000000000003	20
09.07.2019 00:00	27.400000000000002	27.400000000000002	26.200000000000003	26.400000000000002	120
10.07.2019 00:00	26.0	27.0	25.8	25.8	100
11.07.2019 00:00	26.200000000000003	26.200000000000003	26.0	26.0	30
12.07.2019 00:00	26.8	27.8	26.8	27.6	30
15.07.2019 00:00	27.400000000000002	27.8	26.200000000000003	26.400000000000002	360
16.07.2019 00:00	26.8	26.8	26.8	26.8	10
17.07.2019 00:00	26.400000000000002	26.8	26.400000000000002	26.8	60
19.07.2019 00:00	26.400000000000002	27.0	26.200000000000003	26.8	200
23.07.2019 00:00	26.8	26.8	26.8	26.8	150
24.07.2019 00:00	28.6	28.6	26.8	26.8	50
25.07.2019 00:00	26.400000000000002	26.8	25.6	26.6	1110
29.07.2019 00:00	26.6	26.6	26.200000000000003	26.200000000000003	1400
30.07.2019 00:00	26.6	29.6	26.6	27.6	620
31.07.2019 00:00	29.0	29.0	27.0	28.200000000000003	250
02.08.2019 00:00	28.8	29.6	27.200000000000003	27.400000000000002	90
05.08.2019 00:00	28.6	28.8	26.8	27.200000000000003	70
06.08.2019 00:00	26.6	27.200000000000003	26.6	27.200000000000003	60
07.08.2019 00:00	28.0	28.0	28.0	28.0	10
08.08.2019 00:00	26.8	27.6	26.8	27.6	20
09.08.2019 00:00	29.8	30.0	27.400000000000002	27.400000000000002	50
12.08.2019 00:00	26.400000000000002	27.200000000000003	26.400000000000002	27.200000000000003	50
13.08.2019 00:00	27.200000000000003	27.6	27.200000000000003	27.400000000000002	50
16.08.2019 00:00	26.8	26.8	26.0	26.6	190
19.08.2019 00:00	27.0	27.200000000000003	26.6	26.8	50
22.08.2019 00:00	27.0	27.0	26.8	27.0	50
23.08.2019 00:00	27.8	27.8	26.400000000000002	26.8	80
26.08.2019 00:00	26.6	27.400000000000002	25.6	27.400000000000002	30
27.08.2019 00:00	26.400000000000002	26.8	26.400000000000002	26.8	30
29.08.2019 00:00	26.8	26.8	26.6	26.6	50
03.09.2019 00:00	26.6	26.6	26.6	26.6	10
04.09.2019 00:00	27.200000000000003	27.200000000000003	27.200000000000003	27.200000000000003	10
05.09.2019 00:00	26.6	27.400000000000002	26.400000000000002	27.200000000000003	80
06.09.2019 00:00	26.400000000000002	26.8	26.400000000000002	26.8	20
10.09.2019 00:00	34.2	34.2	27.8	27.8	70
11.09.2019 00:00	26.400000000000002	27.200000000000003	26.0	27.200000000000003	520
13.09.2019 00:00	29.6	31.8	27.6	27.6	3200
16.09.2019 00:00	28.0	28.200000000000003	28.0	28.200000000000003	1840
17.09.2019 00:00	28.200000000000003	28.200000000000003	27.8	27.8	50
18.09.2019 00:00	27.8	28.200000000000003	27.8	28.200000000000003	220
19.09.2019 00:00	27.8	27.8	27.8	27.8	50
23.09.2019 00:00	29.6	29.6	28.200000000000003	28.400000000000002	60
24.09.2019 00:00	28.6	28.6	28.6	28.6	60
25.09.2019 00:00	28.400000000000002	29.6	28.400000000000002	29.6	30
26.09.2019 00:00	29.400000000000002	30.200000000000003	28.8	29.6	6260
30.09.2019 00:00	29.6	29.8	27.8	27.8	40
01.10.2019 00:00	27.8	30.8	27.8	29.0	200
02.10.2019 00:00	28.200000000000003	28.200000000000003	28.0	28.200000000000003	40
03.10.2019 00:00	28.400000000000002	28.400000000000002	28.0	28.200000000000003	30
04.10.2019 00:00	27.8	27.8	27.8	27.8	20
09.10.2019 00:00	27.8	27.8	27.400000000000002	27.6	60
10.10.2019 00:00	27.400000000000002	29.8	27.400000000000002	28.0	520
11.10.2019 00:00	28.8	28.8	27.400000000000002	27.400000000000002	40
14.10.2019 00:00	27.0	28.8	26.6	26.8	190
15.10.2019 00:00	26.6	26.8	26.400000000000002	26.6	50
16.10.2019 00:00	26.8	26.8	26.8	26.8	10
17.10.2019 00:00	26.8	26.8	26.8	26.8	10
18.10.2019 00:00	26.6	26.8	26.6	26.8	40
21.10.2019 00:00	27.200000000000003	27.400000000000002	27.200000000000003	27.400000000000002	100
22.10.2019 00:00	26.8	27.0	26.6	27.0	140
23.10.2019 00:00	26.6	27.6	26.6	27.200000000000003	580
24.10.2019 00:00	27.8	27.8	27.8	27.8	30
30.10.2019 00:00	27.0	27.8	26.8	27.8	420
31.10.2019 00:00	28.6	29.6	27.6	28.0	270
01.11.2019 00:00	28.200000000000003	28.200000000000003	28.200000000000003	28.200000000000003	10
08.11.2019 00:00	27.8	29.0	27.8	28.400000000000002	20
11.11.2019 00:00	29.0	29.0	29.0	29.0	10
12.11.2019 00:00	31.200000000000003	32.6	28.0	30.8	870
13.11.2019 00:00	28.6	30.0	25.6	28.200000000000003	390
14.11.2019 00:00	30.6	34.2	28.8	29.6	770
15.11.2019 00:00	29.400000000000002	34.800000000000004	28.8	29.8	1570
18.11.2019 00:00	30.400000000000002	33.800000000000004	30.200000000000003	30.200000000000003	180
19.11.2019 00:00	30.0	30.6	29.8	30.0	590
22.11.2019 00:00	30.0	30.0	29.8	29.8	60
25.11.2019 00:00	29.8	29.8	29.8	29.8	460
28.11.2019 00:00	29.8	29.8	0.0	29.8	310
29.11.2019 00:00	30.6	30.8	30.6	30.8	230
02.12.2019 00:00	29.8	31.6	29.400000000000002	30.8	1390
03.12.2019 00:00	30.8	30.8	30.8	30.8	860
11.12.2019 00:00	28.200000000000003	30.400000000000002	26.8	29.8	280
12.12.2019 00:00	29.200000000000003	33.2	29.200000000000003	33.2	220
13.12.2019 00:00	30.8	32.800000000000004	30.8	32.800000000000004	110
16.12.2019 00:00	33.6	38.800000000000004	32.800000000000004	34.2	10130
17.12.2019 00:00	33.6	33.800000000000004	33.4	33.4	230
18.12.2019 00:00	34.6	34.6	32.800000000000004	33.2	180
19.12.2019 00:00	32.800000000000004	32.800000000000004	32.800000000000004	32.800000000000004	60
23.12.2019 00:00	31.400000000000002	31.400000000000002	30.8	31.400000000000002	300
25.12.2019 00:00	32.2	32.2	31.6	31.6	370
26.12.2019 00:00	29.0	34.6	29.0	32.4	1160
27.12.2019 00:00	31.8	34.2	31.0	31.400000000000002	170
30.12.2019 00:00	32.4	36.4	32.4	35.2	360
03.01.2020 00:00	32.4	46.800000000000004	32.4	37.800000000000004	10100
06.01.2020 00:00	37.800000000000004	43.6	36.2	37.800000000000004	3670
08.01.2020 00:00	37.2	44.400000000000006	35.800000000000004	37.4	3560
09.01.2020 00:00	36.2	37.4	36.2	36.800000000000004	140
10.01.2020 00:00	37.6	37.800000000000004	36.2	37.800000000000004	320
13.01.2020 00:00	37.2	37.6	36.800000000000004	37.6	70
14.01.2020 00:00	37.2	37.800000000000004	36.2	36.6	460
15.01.2020 00:00	36.6	37.2	36.2	36.2	70
16.01.2020 00:00	36.2	36.6	36.2	36.6	120
17.01.2020 00:00	33.2	37.4	33.2	37.4	280
20.01.2020 00:00	37.4	37.4	36.2	37.2	100
21.01.2020 00:00	36.6	36.6	36.2	36.2	200
22.01.2020 00:00	35.4	36.800000000000004	35.4	36.2	70
23.01.2020 00:00	36.2	36.2	34.800000000000004	35.6	170
24.01.2020 00:00	34.800000000000004	35.4	34.800000000000004	35.4	210
27.01.2020 00:00	35.4	35.4	34.6	35.2	70
29.01.2020 00:00	35.2	35.2	33.800000000000004	35.2	170
30.01.2020 00:00	34.6	34.6	32.6	34.6	250
31.01.2020 00:00	34.2	35.2	34.2	35.2	20
05.02.2020 00:00	33.2	34.4	33.2	34.4	120
06.02.2020 00:00	33.800000000000004	34.4	33.800000000000004	34.2	160
07.02.2020 00:00	34.6	44.6	34.6	37.800000000000004	1570
10.02.2020 00:00	37.2	39.2	35.6	36.2	1160
11.02.2020 00:00	36.2	36.2	35.2	35.800000000000004	230
12.02.2020 00:00	34.800000000000004	36.800000000000004	33.800000000000004	36.4	420
13.02.2020 00:00	35.800000000000004	36.800000000000004	35.800000000000004	35.800000000000004	50
14.02.2020 00:00	35.6	35.6	35.6	35.6	10
17.02.2020 00:00	37.2	40.800000000000004	35.4	36.800000000000004	1010
18.02.2020 00:00	35.800000000000004	36.6	35.2	36.2	170
19.02.2020 00:00	36.4	36.4	36.4	36.4	120
20.02.2020 00:00	36.2	36.2	35.800000000000004	35.800000000000004	70
21.02.2020 00:00	35.800000000000004	35.800000000000004	35.800000000000004	35.800000000000004	40
25.02.2020 00:00	35.800000000000004	35.800000000000004	35.2	35.4	50
26.02.2020 00:00	34.2	35.6	33.4	35.2	260
28.02.2020 00:00	32.800000000000004	33.800000000000004	31.8	32.2	120
02.03.2020 00:00	32.2	32.2	31.8	32.2	330
03.03.2020 00:00	33.4	34.6	32.800000000000004	32.800000000000004	260
10.03.2020 00:00	27.200000000000003	32.800000000000004	27.200000000000003	31.8	30
11.03.2020 00:00	29.8	33.800000000000004	28.8	29.8	3060
12.03.2020 00:00	30.400000000000002	31.6	28.200000000000003	28.6	270
13.03.2020 00:00	28.400000000000002	32.6	22.6	28.400000000000002	370
16.03.2020 00:00	24.0	26.8	22.8	26.8	300
17.03.2020 00:00	26.400000000000002	26.8	26.400000000000002	26.8	50
20.03.2020 00:00	27.8	31.6	27.200000000000003	27.200000000000003	210
24.03.2020 00:00	30.6	30.6	30.6	30.6	20
25.03.2020 00:00	27.6	30.6	27.6	30.6	20
26.03.2020 00:00	27.8	29.8	27.8	29.0	90
27.03.2020 00:00	27.8	29.6	27.8	29.200000000000003	60
30.03.2020 00:00	29.6	29.6	29.200000000000003	29.200000000000003	90
31.03.2020 00:00	29.6	29.6	29.6	29.6	20
01.04.2020 00:00	28.200000000000003	29.8	28.200000000000003	29.8	120
02.04.2020 00:00	29.8	30.0	29.8	30.0	60
03.04.2020 00:00	30.200000000000003	30.200000000000003	29.8	29.8	20
06.04.2020 00:00	32.6	32.6	28.8	29.400000000000002	110
07.04.2020 00:00	36.6	36.6	30.200000000000003	30.6	300
08.04.2020 00:00	30.200000000000003	30.200000000000003	30.0	30.0	30
09.04.2020 00:00	33.2	33.2	30.8	31.200000000000003	90
10.04.2020 00:00	30.6	31.8	30.6	31.8	50
13.04.2020 00:00	31.0	31.0	30.8	30.8	20
14.04.2020 00:00	33.4	33.4	30.0	30.200000000000003	150
15.04.2020 00:00	29.200000000000003	30.8	28.200000000000003	28.400000000000002	110
16.04.2020 00:00	30.6	30.6	29.200000000000003	29.200000000000003	80
17.04.2020 00:00	30.6	30.8	28.400000000000002	30.8	60
20.04.2020 00:00	30.0	30.0	29.8	29.8	40
21.04.2020 00:00	30.8	30.8	28.400000000000002	28.400000000000002	20
22.04.2020 00:00	30.6	35.6	30.400000000000002	35.6	1010
23.04.2020 00:00	36.6	42.800000000000004	36.2	36.4	5270
24.04.2020 00:00	38.6	39.2	33.800000000000004	35.6	820
27.04.2020 00:00	35.4	35.800000000000004	32.800000000000004	34.800000000000004	90
28.04.2020 00:00	33.2	36.2	32.2	34.2	1720
29.04.2020 00:00	34.2	34.2	33.2	33.800000000000004	240
30.04.2020 00:00	32.800000000000004	33.2	32.2	32.4	180
04.05.2020 00:00	32.2	32.2	32.2	32.2	20
05.05.2020 00:00	31.6	33.800000000000004	31.400000000000002	33.6	110
06.05.2020 00:00	34.6	35.6	32.2	32.800000000000004	200
07.05.2020 00:00	34.6	34.6	32.6	33.6	70
08.05.2020 00:00	32.2	34.4	31.400000000000002	34.4	70
12.05.2020 00:00	34.2	34.4	32.2	33.800000000000004	50
13.05.2020 00:00	32.2	32.2	32.2	32.2	60
14.05.2020 00:00	32.4	32.4	32.2	32.2	20
15.05.2020 00:00	31.6	31.6	31.6	31.6	10
18.05.2020 00:00	31.6	31.6	31.6	31.6	40
19.05.2020 00:00	33.2	33.2	31.8	31.8	30
25.05.2020 00:00	32.4	32.4	31.400000000000002	31.400000000000002	30
26.05.2020 00:00	31.6	31.6	31.6	31.6	10
27.05.2020 00:00	31.200000000000003	31.6	31.200000000000003	31.400000000000002	130
28.05.2020 00:00	32.4	35.800000000000004	30.8	33.800000000000004	280
29.05.2020 00:00	34.6	34.6	34.6	34.6	20
01.06.2020 00:00	34.6	34.6	34.6	34.6	10
02.06.2020 00:00	34.2	34.2	34.2	34.2	20
03.06.2020 00:00	34.2	34.2	32.2	33.2	40
04.06.2020 00:00	34.6	34.6	34.6	34.6	30
05.06.2020 00:00	32.2	34.6	32.2	34.2	40
08.06.2020 00:00	34.800000000000004	47.6	31.6	35.6	4540
09.06.2020 00:00	35.2	36.2	33.800000000000004	34.4	500
10.06.2020 00:00	33.2	34.2	32.6	34.2	550
11.06.2020 00:00	36.2	36.2	34.2	34.2	160
15.06.2020 00:00	34.2	34.800000000000004	34.2	34.800000000000004	90
16.06.2020 00:00	32.800000000000004	35.800000000000004	32.800000000000004	35.4	40
17.06.2020 00:00	36.2	36.2	34.2	35.800000000000004	90
18.06.2020 00:00	35.6	36.2	35.2	36.2	30
19.06.2020 00:00	36.2	36.2	36.2	36.2	10
23.06.2020 00:00	36.2	36.2	34.800000000000004	34.800000000000004	40
26.06.2020 00:00	34.6	35.6	34.6	35.2	30
29.06.2020 00:00	32.800000000000004	33.800000000000004	32.800000000000004	33.800000000000004	20
02.07.2020 00:00	32.800000000000004	33.800000000000004	31.8	33.6	360
03.07.2020 00:00	33.800000000000004	42.2	32.800000000000004	33.6	1490
06.07.2020 00:00	33.6	36.800000000000004	33.2	33.6	2060
07.07.2020 00:00	34.2	37.2	33.2	34.2	3640
08.07.2020 00:00	33.4	36.4	32.800000000000004	34.2	5250
09.07.2020 00:00	34.6	37.800000000000004	33.2	34.2	5810
10.07.2020 00:00	34.800000000000004	35.800000000000004	33.6	34.2	3340
13.07.2020 00:00	34.2	34.4	34.2	34.2	180
14.07.2020 00:00	34.2	34.4	34.2	34.4	150
15.07.2020 00:00	34.4	34.4	33.800000000000004	34.2	160
16.07.2020 00:00	34.2	34.800000000000004	34.2	34.4	210
17.07.2020 00:00	35.2	35.2	35.2	35.2	300
20.07.2020 00:00	35.4	35.6	35.2	35.2	80
21.07.2020 00:00	34.4	34.6	34.2	34.6	70
22.07.2020 00:00	31.8	34.800000000000004	31.8	34.800000000000004	220
23.07.2020 00:00	35.2	35.2	34.800000000000004	34.800000000000004	110
24.07.2020 00:00	34.800000000000004	35.2	34.800000000000004	34.800000000000004	100
27.07.2020 00:00	35.4	35.4	32.6	34.2	280
28.07.2020 00:00	34.4	34.4	34.4	34.4	30
29.07.2020 00:00	34.6	35.4	34.6	35.2	260
30.07.2020 00:00	35.2	35.2	35.2	35.2	10
31.07.2020 00:00	35.2	37.2	35.2	35.4	3590
03.08.2020 00:00	35.6	49.2	35.6	48.400000000000006	14870
04.08.2020 00:00	48.400000000000006	57.0	41.6	43.800000000000004	19490
05.08.2020 00:00	42.2	45.800000000000004	40.2	42.800000000000004	15170
06.08.2020 00:00	43.6	58.6	42.6	53.400000000000006	17060
07.08.2020 00:00	49.2	55.6	45.400000000000006	46.800000000000004	6410
10.08.2020 00:00	46.800000000000004	64.8	46.400000000000006	54.6	26600
11.08.2020 00:00	56.6	59.800000000000004	50.2	50.800000000000004	6220
12.08.2020 00:00	52.6	60.800000000000004	52.400000000000006	55.0	11730
13.08.2020 00:00	57.800000000000004	62.400000000000006	54.400000000000006	56.6	12280
14.08.2020 00:00	55.400000000000006	58.800000000000004	53.2	55.0	10960
17.08.2020 00:00	52.6	57.2	47.800000000000004	53.0	1590
18.08.2020 00:00	51.2	52.800000000000004	51.2	51.2	440
19.08.2020 00:00	52.2	64.60000000000001	48.400000000000006	64.4	8920
20.08.2020 00:00	69.8	69.8	57.2	57.400000000000006	17620
21.08.2020 00:00	57.0	57.800000000000004	53.6	56.0	1710
24.08.2020 00:00	55.400000000000006	63.800000000000004	55.400000000000006	58.0	8550
25.08.2020 00:00	58.800000000000004	60.800000000000004	56.800000000000004	56.800000000000004	1950
26.08.2020 00:00	56.6	63.800000000000004	56.400000000000006	61.400000000000006	7620
27.08.2020 00:00	59.0	62.6	58.2	61.2	3420
28.08.2020 00:00	60.0	72.8	58.800000000000004	59.800000000000004	2620
31.08.2020 00:00	60.6	61.6	57.0	58.6	1250
01.09.2020 00:00	58.0	58.6	57.400000000000006	58.2	630
02.09.2020 00:00	57.6	59.0	57.400000000000006	58.2	550
03.09.2020 00:00	57.400000000000006	58.0	55.400000000000006	55.6	350
04.09.2020 00:00	55.400000000000006	56.400000000000006	54.800000000000004	54.800000000000004	210
07.09.2020 00:00	55.6	55.6	53.0	53.2	670
08.09.2020 00:00	54.800000000000004	57.6	52.2	53.6	1480
09.09.2020 00:00	53.2	53.2	51.6	52.2	790
10.09.2020 00:00	52.0	52.2	52.0	52.0	140
11.09.2020 00:00	52.0	52.6	51.800000000000004	52.6	70
14.09.2020 00:00	52.800000000000004	53.0	52.0	52.2	50
15.09.2020 00:00	52.2	57.2	52.2	53.6	1320
16.09.2020 00:00	52.800000000000004	54.800000000000004	52.6	53.6	530
17.09.2020 00:00	52.800000000000004	53.2	51.6	51.6	380
18.09.2020 00:00	52.0	52.2	50.800000000000004	52.0	110
21.09.2020 00:00	51.6	54.0	50.800000000000004	52.400000000000006	530
22.09.2020 00:00	52.6	54.6	52.2	52.2	250
23.09.2020 00:00	52.2	52.400000000000006	52.2	52.2	190
24.09.2020 00:00	56.400000000000006	56.400000000000006	52.0	52.800000000000004	140
25.09.2020 00:00	53.6	53.6	51.800000000000004	52.6	190
28.09.2020 00:00	52.6	53.2	51.800000000000004	52.0	280
29.09.2020 00:00	52.400000000000006	52.400000000000006	51.6	51.6	270
30.09.2020 00:00	51.6	51.6	51.400000000000006	51.6	20
01.10.2020 00:00	51.400000000000006	51.400000000000006	50.6	50.6	130
02.10.2020 00:00	50.400000000000006	53.0	50.2	50.400000000000006	190
05.10.2020 00:00	50.800000000000004	59.800000000000004	50.800000000000004	53.2	2630
06.10.2020 00:00	53.6	54.2	53.400000000000006	53.400000000000006	50
07.10.2020 00:00	52.2	52.800000000000004	51.2	52.0	840
08.10.2020 00:00	52.0	52.0	51.800000000000004	51.800000000000004	50
09.10.2020 00:00	51.400000000000006	52.0	51.400000000000006	51.6	120
12.10.2020 00:00	51.800000000000004	52.400000000000006	51.800000000000004	52.400000000000006	30
13.10.2020 00:00	52.800000000000004	52.800000000000004	51.800000000000004	52.400000000000006	40
14.10.2020 00:00	52.6	56.400000000000006	49.800000000000004	51.6	1510
15.10.2020 00:00	51.2	52.6	51.2	51.2	70
16.10.2020 00:00	51.2	54.2	50.6	53.0	350
19.10.2020 00:00	52.800000000000004	52.800000000000004	51.800000000000004	51.800000000000004	40
20.10.2020 00:00	51.6	52.2	51.6	52.2	40
21.10.2020 00:00	51.6	52.800000000000004	51.6	52.0	80
22.10.2020 00:00	51.800000000000004	51.800000000000004	51.800000000000004	51.800000000000004	10
23.10.2020 00:00	52.800000000000004	59.6	51.800000000000004	52.400000000000006	260
27.10.2020 00:00	51.800000000000004	52.2	51.6	52.2	190
28.10.2020 00:00	52.0	52.0	51.6	51.800000000000004	90
30.10.2020 00:00	49.800000000000004	51.800000000000004	49.800000000000004	51.800000000000004	40
03.11.2020 00:00	52.2	52.2	50.2	50.800000000000004	30
05.11.2020 00:00	52.2	52.2	52.0	52.0	970
06.11.2020 00:00	51.2	53.800000000000004	51.2	52.2	390
09.11.2020 00:00	53.800000000000004	53.800000000000004	51.6	51.800000000000004	580
10.11.2020 00:00	51.400000000000006	51.6	51.2	51.6	380
11.11.2020 00:00	51.6	51.800000000000004	51.6	51.800000000000004	310
12.11.2020 00:00	51.6	51.6	51.6	51.6	230
13.11.2020 00:00	50.800000000000004	53.400000000000006	50.800000000000004	52.6	1060
16.11.2020 00:00	52.0	54.400000000000006	52.0	52.800000000000004	1440
17.11.2020 00:00	51.800000000000004	53.2	51.800000000000004	53.2	1500
18.11.2020 00:00	53.2	53.2	52.0	52.400000000000006	1300
19.11.2020 00:00	52.2	53.2	51.2	52.6	1050
20.11.2020 00:00	56.0	59.2	51.6	52.2	890
23.11.2020 00:00	52.2	52.800000000000004	52.0	52.400000000000006	760
24.11.2020 00:00	52.2	52.6	52.2	52.400000000000006	750
25.11.2020 00:00	52.0	53.0	51.400000000000006	52.0	780
26.11.2020 00:00	51.800000000000004	52.6	51.800000000000004	52.2	680
27.11.2020 00:00	52.800000000000004	52.800000000000004	52.0	52.2	740
30.11.2020 00:00	52.800000000000004	52.800000000000004	52.0	52.400000000000006	830
01.12.2020 00:00	52.0	52.800000000000004	52.0	52.800000000000004	670
02.12.2020 00:00	52.400000000000006	52.6	52.400000000000006	52.6	660
03.12.2020 00:00	52.800000000000004	52.800000000000004	52.0	52.2	720
04.12.2020 00:00	52.800000000000004	52.800000000000004	52.2	52.2	950
07.12.2020 00:00	52.0	52.6	51.800000000000004	51.800000000000004	520
08.12.2020 00:00	51.800000000000004	51.800000000000004	51.2	51.2	420
09.12.2020 00:00	50.800000000000004	51.6	50.800000000000004	50.800000000000004	840
10.12.2020 00:00	51.2	51.2	51.2	51.2	290
11.12.2020 00:00	50.800000000000004	51.2	50.400000000000006	51.2	160
14.12.2020 00:00	51.6	52.6	50.6	51.2	1220
15.12.2020 00:00	51.6	52.800000000000004	50.800000000000004	52.2	810
16.12.2020 00:00	52.0	52.400000000000006	51.800000000000004	52.400000000000006	710
17.12.2020 00:00	52.800000000000004	53.0	51.2	51.800000000000004	720
18.12.2020 00:00	51.400000000000006	51.800000000000004	51.400000000000006	51.800000000000004	660
21.12.2020 00:00	50.800000000000004	50.800000000000004	50.800000000000004	50.800000000000004	350
22.12.2020 00:00	50.6	52.400000000000006	50.400000000000006	51.400000000000006	810
23.12.2020 00:00	50.800000000000004	51.2	50.6	50.800000000000004	690
24.12.2020 00:00	51.2	51.6	50.2	50.6	960
25.12.2020 00:00	50.800000000000004	52.0	50.2	50.800000000000004	870
28.12.2020 00:00	50.800000000000004	52.400000000000006	50.400000000000006	51.400000000000006	780
29.12.2020 00:00	50.800000000000004	51.800000000000004	50.2	51.2	600
30.12.2020 00:00	50.800000000000004	50.800000000000004	50.800000000000004	50.800000000000004	10
04.01.2021 00:00	51.6	54.800000000000004	51.6	52.800000000000004	450
05.01.2021 00:00	51.800000000000004	52.6	51.2	51.800000000000004	560
06.01.2021 00:00	51.800000000000004	51.800000000000004	51.2	51.2	270
08.01.2021 00:00	51.2	51.2	51.2	51.2	130
11.01.2021 00:00	51.800000000000004	51.800000000000004	51.2	51.6	520
12.01.2021 00:00	50.800000000000004	51.400000000000006	50.400000000000006	51.2	660
13.01.2021 00:00	51.400000000000006	56.2	50.400000000000006	54.0	3370
14.01.2021 00:00	56.0	60.800000000000004	51.800000000000004	53.800000000000004	5100
15.01.2021 00:00	53.800000000000004	54.400000000000006	52.0	52.0	710
18.01.2021 00:00	53.2	56.400000000000006	52.400000000000006	53.400000000000006	750
19.01.2021 00:00	52.2	53.6	52.2	53.2	600
20.01.2021 00:00	58.2	58.2	51.800000000000004	53.0	1280
21.01.2021 00:00	53.0	53.6	52.400000000000006	53.2	810
22.01.2021 00:00	52.6	52.800000000000004	51.800000000000004	52.800000000000004	330
25.01.2021 00:00	53.0	54.0	51.800000000000004	52.6	1020
26.01.2021 00:00	52.0	52.6	51.6	52.6	250
27.01.2021 00:00	52.800000000000004	53.800000000000004	51.6	51.800000000000004	400
28.01.2021 00:00	51.6	51.800000000000004	50.800000000000004	51.400000000000006	610
29.01.2021 00:00	52.0	52.800000000000004	51.400000000000006	51.6	210
01.02.2021 00:00	51.800000000000004	52.6	51.6	52.6	70
02.02.2021 00:00	52.0	52.2	51.800000000000004	52.0	600
03.02.2021 00:00	51.6	51.6	50.800000000000004	51.6	370
04.02.2021 00:00	51.400000000000006	52.400000000000006	51.400000000000006	52.2	610
05.02.2021 00:00	51.800000000000004	52.400000000000006	51.6	52.400000000000006	670
08.02.2021 00:00	51.800000000000004	51.800000000000004	51.2	51.2	690
09.02.2021 00:00	51.800000000000004	52.400000000000006	51.6	51.6	730
10.02.2021 00:00	51.400000000000006	52.2	51.400000000000006	51.400000000000006	650
11.02.2021 00:00	52.0	52.2	51.6	52.0	650
12.02.2021 00:00	51.6	52.2	51.6	52.2	520
15.02.2021 00:00	52.2	52.400000000000006	51.6	51.800000000000004	600
16.02.2021 00:00	51.800000000000004	52.0	51.800000000000004	52.0	90
17.02.2021 00:00	52.2	52.2	51.400000000000006	51.6	140
18.02.2021 00:00	51.400000000000006	57.400000000000006	51.2	51.6	4890
19.02.2021 00:00	51.400000000000006	51.400000000000006	49.6	50.400000000000006	2710
20.02.2021 00:00	50.2	50.400000000000006	48.800000000000004	49.2	1810
22.02.2021 00:00	49.400000000000006	49.800000000000004	49.400000000000006	49.400000000000006	130
24.02.2021 00:00	49.6	49.800000000000004	44.400000000000006	47.400000000000006	1120
25.02.2021 00:00	48.2	48.2	46.2	47.2	960
26.02.2021 00:00	47.2	48.2	46.2	47.400000000000006	810
01.03.2021 00:00	47.6	48.2	47.6	47.6	639
02.03.2021 00:00	48.2	48.400000000000006	47.6	47.800000000000004	680
03.03.2021 00:00	48.2	48.2	47.6	47.800000000000004	120
04.03.2021 00:00	47.6	47.800000000000004	47.400000000000006	47.800000000000004	243
05.03.2021 00:00	47.400000000000006	47.400000000000006	46.400000000000006	46.6	81
09.03.2021 00:00	47.2	47.6	46.400000000000006	47.6	518
10.03.2021 00:00	47.2	47.800000000000004	47.2	47.6	656
11.03.2021 00:00	47.6	47.6	47.2	47.2	73
12.03.2021 00:00	47.6	47.6	46.6	46.800000000000004	733
15.03.2021 00:00	46.800000000000004	47.2	45.800000000000004	46.800000000000004	756
16.03.2021 00:00	46.800000000000004	46.800000000000004	45.800000000000004	46.2	498
17.03.2021 00:00	46.400000000000006	46.6	45.800000000000004	46.2	556
18.03.2021 00:00	46.400000000000006	46.400000000000006	44.6	45.2	534
19.03.2021 00:00	45.800000000000004	45.800000000000004	44.800000000000004	45.400000000000006	490
22.03.2021 00:00	45.6	45.6	44.6	44.6	458
23.03.2021 00:00	45.2	45.2	42.800000000000004	43.6	437
24.03.2021 00:00	43.800000000000004	43.800000000000004	41.6	43.400000000000006	614
25.03.2021 00:00	42.6	43.800000000000004	42.6	43.2	166
26.03.2021 00:00	42.800000000000004	43.2	41.800000000000004	42.800000000000004	553
29.03.2021 00:00	43.2	43.800000000000004	42.400000000000006	43.2	1002
30.03.2021 00:00	43.6	43.6	42.6	42.6	190
31.03.2021 00:00	42.800000000000004	43.2	42.2	43.2	601
01.04.2021 00:00	42.400000000000006	43.2	41.800000000000004	42.2	848
02.04.2021 00:00	42.2	42.6	42.2	42.6	146
05.04.2021 00:00	42.6	42.800000000000004	42.2	42.6	268
06.04.2021 00:00	42.6	42.6	42.2	42.2	51
07.04.2021 00:00	42.6	43.2	42.2	43.2	186
08.04.2021 00:00	43.400000000000006	43.400000000000006	42.6	42.6	290
09.04.2021 00:00	43.2	43.2	42.2	42.400000000000006	369
12.04.2021 00:00	42.800000000000004	43.400000000000006	42.400000000000006	43.400000000000006	255
13.04.2021 00:00	43.400000000000006	43.6	42.800000000000004	43.6	211
14.04.2021 00:00	43.2	43.2	42.400000000000006	42.800000000000004	235
15.04.2021 00:00	42.6	43.400000000000006	42.400000000000006	43.400000000000006	205
16.04.2021 00:00	43.2	43.2	42.2	42.400000000000006	161
19.04.2021 00:00	42.800000000000004	44.400000000000006	42.400000000000006	42.400000000000006	390
20.04.2021 00:00	42.800000000000004	43.2	42.6	43.2	55
21.04.2021 00:00	42.400000000000006	42.800000000000004	42.400000000000006	42.6	35
22.04.2021 00:00	42.800000000000004	43.2	42.6	42.6	16
23.04.2021 00:00	43.2	43.400000000000006	43.2	43.400000000000006	36
26.04.2021 00:00	43.400000000000006	43.800000000000004	42.6	43.400000000000006	200
27.04.2021 00:00	42.800000000000004	43.2	42.6	43.2	89
28.04.2021 00:00	43.400000000000006	43.400000000000006	42.2	43.2	63
29.04.2021 00:00	43.2	43.2	42.6	42.800000000000004	27
30.04.2021 00:00	42.6	43.2	42.2	42.6	52
04.05.2021 00:00	42.400000000000006	43.2	42.400000000000006	43.2	121
05.05.2021 00:00	43.2	43.400000000000006	42.6	43.400000000000006	26
06.05.2021 00:00	42.800000000000004	43.400000000000006	42.800000000000004	43.2	40
07.05.2021 00:00	42.6	42.800000000000004	42.2	42.800000000000004	90
10.05.2021 00:00	42.800000000000004	43.2	42.800000000000004	43.2	9
11.05.2021 00:00	43.2	43.2	42.2	42.800000000000004	44
12.05.2021 00:00	42.400000000000006	43.2	42.400000000000006	43.2	2
13.05.2021 00:00	42.2	43.2	42.2	43.2	4
14.05.2021 00:00	43.2	43.2	43.2	43.2	13
17.05.2021 00:00	43.2	43.2	42.400000000000006	43.2	43
18.05.2021 00:00	41.800000000000004	42.800000000000004	41.800000000000004	42.800000000000004	73
19.05.2021 00:00	42.800000000000004	42.800000000000004	42.800000000000004	42.800000000000004	3
20.05.2021 00:00	42.800000000000004	42.800000000000004	42.2	42.800000000000004	15
21.05.2021 00:00	42.800000000000004	42.800000000000004	42.2	42.400000000000006	13
24.05.2021 00:00	42.2	42.6	42.2	42.6	13
25.05.2021 00:00	42.800000000000004	42.800000000000004	42.6	42.6	12
26.05.2021 00:00	42.2	42.800000000000004	42.2	42.800000000000004	28
27.05.2021 00:00	42.800000000000004	42.800000000000004	42.400000000000006	42.400000000000006	26
28.05.2021 00:00	42.800000000000004	42.800000000000004	42.800000000000004	42.800000000000004	19
31.05.2021 00:00	42.400000000000006	43.2	42.400000000000006	42.800000000000004	26
01.06.2021 00:00	43.2	43.2	42.400000000000006	42.6	22
02.06.2021 00:00	42.6	42.6	42.400000000000006	42.400000000000006	13
03.06.2021 00:00	43.2	43.2	42.6	42.800000000000004	10
04.06.2021 00:00	42.800000000000004	43.2	42.2	42.800000000000004	111
07.06.2021 00:00	43.2	43.2	43.2	43.2	42
08.06.2021 00:00	42.800000000000004	42.800000000000004	42.400000000000006	42.6	25
09.06.2021 00:00	42.400000000000006	42.800000000000004	42.2	42.400000000000006	104
10.06.2021 00:00	42.800000000000004	42.800000000000004	42.400000000000006	42.800000000000004	26
11.06.2021 00:00	42.400000000000006	42.800000000000004	42.2	42.800000000000004	30
14.06.2021 00:00	42.800000000000004	43.2	42.400000000000006	43.2	86
15.06.2021 00:00	43.2	43.2	43.2	43.2	16
16.06.2021 00:00	43.2	43.2	42.6	42.800000000000004	5
17.06.2021 00:00	43.2	43.2	42.800000000000004	42.800000000000004	26
18.06.2021 00:00	42.6	43.2	42.6	43.2	25
21.06.2021 00:00	43.2	43.2	42.400000000000006	42.6	107
22.06.2021 00:00	42.6	42.6	42.6	42.6	1
23.06.2021 00:00	42.800000000000004	43.2	42.800000000000004	42.800000000000004	64
24.06.2021 00:00	43.2	43.2	42.800000000000004	42.800000000000004	65
25.06.2021 00:00	42.800000000000004	42.800000000000004	41.800000000000004	42.2	208
28.06.2021 00:00	42.2	42.2	41.6	42.2	33
29.06.2021 00:00	42.2	42.2	42.2	42.2	11
30.06.2021 00:00	42.2	42.2	41.800000000000004	42.2	42
01.07.2021 00:00	42.400000000000006	42.800000000000004	42.400000000000006	42.800000000000004	157
02.07.2021 00:00	42.800000000000004	42.800000000000004	42.2	42.2	42
05.07.2021 00:00	42.6	42.800000000000004	42.6	42.6	126
06.07.2021 00:00	42.6	42.6	42.400000000000006	42.400000000000006	27
07.07.2021 00:00	42.6	42.800000000000004	42.2	42.400000000000006	43
08.07.2021 00:00	42.6	42.6	42.2	42.6	18
09.07.2021 00:00	42.2	42.2	42.2	42.2	35
12.07.2021 00:00	42.400000000000006	42.400000000000006	42.2	42.2	2
13.07.2021 00:00	42.2	42.2	42.2	42.2	23
14.07.2021 00:00	41.800000000000004	42.2	41.800000000000004	42.2	30
15.07.2021 00:00	41.800000000000004	41.800000000000004	41.6	41.800000000000004	34
16.07.2021 00:00	41.6	41.6	41.2	41.400000000000006	53
19.07.2021 00:00	41.6	41.6	41.6	41.6	94
20.07.2021 00:00	41.6	41.6	41.2	41.6	5
21.07.2021 00:00	41.6	42.2	41.2	42.2	378
22.07.2021 00:00	41.6	42.2	41.6	41.800000000000004	43
23.07.2021 00:00	42.2	42.2	42.2	42.2	12
26.07.2021 00:00	42.2	43.2	41.800000000000004	43.2	162
27.07.2021 00:00	43.2	43.2	42.2	43.2	11
28.07.2021 00:00	43.2	43.400000000000006	43.2	43.400000000000006	145
29.07.2021 00:00	43.400000000000006	44.2	43.2	43.2	46
30.07.2021 00:00	44.2	44.2	42.800000000000004	43.800000000000004	23
02.08.2021 00:00	43.800000000000004	46.800000000000004	43.2	45.2	346
03.08.2021 00:00	43.6	43.800000000000004	43.6	43.6	3
04.08.2021 00:00	43.400000000000006	43.400000000000006	42.6	42.6	25
05.08.2021 00:00	43.2	43.400000000000006	43.2	43.2	15
06.08.2021 00:00	43.400000000000006	43.400000000000006	43.400000000000006	43.400000000000006	18
09.08.2021 00:00	43.400000000000006	43.400000000000006	42.6	43.2	28
10.08.2021 00:00	42.800000000000004	43.6	42.400000000000006	42.800000000000004	34
11.08.2021 00:00	43.2	43.2	42.6	42.6	15
12.08.2021 00:00	42.6	42.6	42.2	42.2	69
13.08.2021 00:00	42.400000000000006	43.2	42.400000000000006	43.2	62
16.08.2021 00:00	43.2	43.6	42.6	43.6	9
17.08.2021 00:00	42.400000000000006	43.2	42.400000000000006	42.400000000000006	21
18.08.2021 00:00	42.800000000000004	42.800000000000004	41.6	42.400000000000006	164
19.08.2021 00:00	42.6	43.6	41.400000000000006	41.800000000000004	396
20.08.2021 00:00	41.800000000000004	43.800000000000004	41.6	42.2	390
23.08.2021 00:00	42.400000000000006	42.400000000000006	42.2	42.2	40
24.08.2021 00:00	42.6	45.2	42.2	43.6	771
25.08.2021 00:00	42.2	44.400000000000006	42.2	43.6	112
26.08.2021 00:00	45.2	45.2	43.2	43.6	11
27.08.2021 00:00	43.6	43.800000000000004	43.2	43.2	8
30.08.2021 00:00	43.6	43.6	42.800000000000004	43.2	21
31.08.2021 00:00	42.800000000000004	43.400000000000006	41.800000000000004	42.2	735
01.09.2021 00:00	42.400000000000006	42.400000000000006	42.2	42.400000000000006	20
02.09.2021 00:00	42.2	42.800000000000004	42.2	42.400000000000006	31
03.09.2021 00:00	42.800000000000004	49.2	39.800000000000004	40.6	14195
06.09.2021 00:00	40.800000000000004	40.800000000000004	39.6	39.800000000000004	1338
07.09.2021 00:00	39.800000000000004	40.2	39.2	40.2	636
08.09.2021 00:00	40.2	41.400000000000006	39.800000000000004	40.800000000000004	748
09.09.2021 00:00	40.800000000000004	40.800000000000004	40.2	40.800000000000004	138
10.09.2021 00:00	40.400000000000006	43.800000000000004	40.2	40.800000000000004	3557
13.09.2021 00:00	40.2	40.6	39.2	39.800000000000004	897
14.09.2021 00:00	39.800000000000004	41.400000000000006	39.400000000000006	40.2	448
15.09.2021 00:00	40.400000000000006	40.6	40.2	40.400000000000006	96
16.09.2021 00:00	40.400000000000006	40.400000000000006	37.6	39.800000000000004	470
17.09.2021 00:00	40.6	40.6	39.6	39.6	49
20.09.2021 00:00	39.6	40.400000000000006	39.6	40.2	77
21.09.2021 00:00	40.400000000000006	40.400000000000006	39.6	40.2	64
22.09.2021 00:00	39.800000000000004	40.2	39.6	40.2	34
23.09.2021 00:00	40.2	41.800000000000004	39.6	40.6	510
24.09.2021 00:00	40.400000000000006	40.400000000000006	37.800000000000004	39.6	535
27.09.2021 00:00	40.2	40.2	39.6	39.800000000000004	25
28.09.2021 00:00	39.800000000000004	40.2	39.400000000000006	39.400000000000006	170
29.09.2021 00:00	39.400000000000006	39.400000000000006	38.400000000000006	39.400000000000006	321
30.09.2021 00:00	39.400000000000006	39.400000000000006	38.800000000000004	39.2	141
01.10.2021 00:00	38.800000000000004	39.2	38.800000000000004	39.2	16
04.10.2021 00:00	39.2	39.400000000000006	39.2	39.2	140
05.10.2021 00:00	39.2	39.400000000000006	39.2	39.2	57
06.10.2021 00:00	39.400000000000006	39.400000000000006	38.800000000000004	38.800000000000004	186
07.10.2021 00:00	39.2	39.400000000000006	38.800000000000004	39.2	131
08.10.2021 00:00	39.2	40.2	38.800000000000004	39.6	228
11.10.2021 00:00	40.2	40.2	39.6	40.2	93
12.10.2021 00:00	39.800000000000004	40.2	39.2	39.400000000000006	191
13.10.2021 00:00	39.400000000000006	40.2	39.400000000000006	39.400000000000006	169
14.10.2021 00:00	39.400000000000006	39.6	38.800000000000004	39.6	416
15.10.2021 00:00	39.6	52.800000000000004	36.2	37.2	65544
18.10.2021 00:00	37.2	37.4	35.800000000000004	36.800000000000004	3809
19.10.2021 00:00	36.800000000000004	37.800000000000004	35.2	36.800000000000004	4501
20.10.2021 00:00	36.800000000000004	51.400000000000006	36.800000000000004	51.2	42402
21.10.2021 00:00	47.800000000000004	50.400000000000006	40.800000000000004	41.6	21725
22.10.2021 00:00	41.6	50.800000000000004	40.400000000000006	48.2	28161
25.10.2021 00:00	48.2	49.6	42.400000000000006	44.800000000000004	8483
26.10.2021 00:00	45.400000000000006	45.400000000000006	42.800000000000004	42.800000000000004	1420
27.10.2021 00:00	43.2	45.2	41.800000000000004	43.800000000000004	2023
28.10.2021 00:00	42.2	44.6	39.800000000000004	41.400000000000006	2770
29.10.2021 00:00	41.6	43.800000000000004	39.6	41.6	636
01.11.2021 00:00	41.2	44.6	40.2	43.6	2036
02.11.2021 00:00	44.400000000000006	48.2	44.400000000000006	47.6	5932
03.11.2021 00:00	47.800000000000004	48.400000000000006	45.2	45.800000000000004	411
05.11.2021 00:00	45.2	50.2	45.2	48.400000000000006	2584
08.11.2021 00:00	50.2	50.2	46.6	48.2	1003
09.11.2021 00:00	48.400000000000006	48.400000000000006	46.800000000000004	47.2	979
10.11.2021 00:00	46.800000000000004	46.800000000000004	45.400000000000006	46.2	837
11.11.2021 00:00	45.2	64.4	44.6	59.800000000000004	17029
12.11.2021 00:00	59.400000000000006	59.400000000000006	49.800000000000004	52.400000000000006	11230
15.11.2021 00:00	52.400000000000006	54.2	50.6	51.800000000000004	2389
16.11.2021 00:00	53.800000000000004	53.800000000000004	49.2	50.2	1025
17.11.2021 00:00	50.2	61.400000000000006	49.800000000000004	53.400000000000006	14274
18.11.2021 00:00	53.800000000000004	56.6	51.6	52.0	3221
19.11.2021 00:00	51.6	52.6	51.2	52.400000000000006	905
22.11.2021 00:00	52.2	56.6	52.0	53.800000000000004	2621
23.11.2021 00:00	53.6	56.800000000000004	52.400000000000006	53.0	2613
24.11.2021 00:00	54.6	55.6	49.800000000000004	51.400000000000006	2457
25.11.2021 00:00	51.6	51.800000000000004	49.800000000000004	50.2	861
26.11.2021 00:00	50.6	52.800000000000004	49.800000000000004	50.2	837
29.11.2021 00:00	51.400000000000006	55.800000000000004	51.400000000000006	53.0	1280
30.11.2021 00:00	53.0	54.400000000000006	52.0	52.0	253
01.12.2021 00:00	51.6	52.800000000000004	50.2	51.800000000000004	200
02.12.2021 00:00	50.800000000000004	51.400000000000006	49.800000000000004	50.400000000000006	212
03.12.2021 00:00	50.400000000000006	51.800000000000004	50.400000000000006	51.2	447
06.12.2021 00:00	53.0	53.0	50.400000000000006	50.800000000000004	375
07.12.2021 00:00	49.800000000000004	54.800000000000004	49.800000000000004	51.800000000000004	969
08.12.2021 00:00	50.800000000000004	52.400000000000006	50.800000000000004	51.800000000000004	354
09.12.2021 00:00	53.6	53.6	50.6	51.400000000000006	111
10.12.2021 00:00	51.800000000000004	59.800000000000004	50.800000000000004	53.6	1682
13.12.2021 00:00	53.400000000000006	59.800000000000004	51.800000000000004	52.2	841
14.12.2021 00:00	51.800000000000004	56.2	51.800000000000004	52.2	573
15.12.2021 00:00	52.2	53.2	52.0	53.2	494
16.12.2021 00:00	51.800000000000004	52.400000000000006	50.800000000000004	52.2	208
17.12.2021 00:00	52.400000000000006	52.6	51.2	51.800000000000004	157
20.12.2021 00:00	51.800000000000004	52.400000000000006	45.2	50.400000000000006	472
21.12.2021 00:00	50.400000000000006	50.400000000000006	48.2	48.800000000000004	235
22.12.2021 00:00	48.6	49.2	48.2	48.2	118
23.12.2021 00:00	49.2	51.800000000000004	48.2	49.2	412
24.12.2021 00:00	49.2	52.0	48.400000000000006	49.2	267
27.12.2021 00:00	48.2	66.8	48.2	57.800000000000004	9405
28.12.2021 00:00	55.0	57.0	51.400000000000006	53.2	2890
29.12.2021 00:00	53.400000000000006	64.0	51.400000000000006	56.6	3552
30.12.2021 00:00	56.400000000000006	66.60000000000001	56.400000000000006	58.0	4119
03.01.2022 00:00	59.800000000000004	60.0	54.400000000000006	56.800000000000004	2053
04.01.2022 00:00	57.2	60.6	56.0	57.0	829
05.01.2022 00:00	59.400000000000006	61.0	56.2	57.6	298
06.01.2022 00:00	55.800000000000004	59.0	55.800000000000004	56.400000000000006	281
10.01.2022 00:00	58.2	58.2	55.400000000000006	56.400000000000006	403
11.01.2022 00:00	55.400000000000006	59.0	55.400000000000006	58.0	404
12.01.2022 00:00	56.6	65.8	56.6	64.0	2476
13.01.2022 00:00	67.8	69.60000000000001	62.2	69.60000000000001	2633
14.01.2022 00:00	69.60000000000001	75.8	69.4	75.8	20121
17.01.2022 00:00	76.4	89.0	68.4	72.4	34464
18.01.2022 00:00	73.0	77.0	58.400000000000006	62.0	9279
19.01.2022 00:00	62.0	70.8	56.800000000000004	66.60000000000001	5945
20.01.2022 00:00	70.8	79.80000000000001	67.60000000000001	76.4	4259
21.01.2022 00:00	77.60000000000001	79.4	73.8	75.60000000000001	2214
24.01.2022 00:00	75.0	77.4	71.0	72.60000000000001	3152
25.01.2022 00:00	72.60000000000001	76.80000000000001	72.0	75.4	1291
26.01.2022 00:00	77.80000000000001	84.80000000000001	73.4	74.0	15871
27.01.2022 00:00	76.80000000000001	77.60000000000001	71.8	73.60000000000001	6460
28.01.2022 00:00	74.4	74.4	70.8	71.60000000000001	1643
31.01.2022 00:00	71.60000000000001	75.60000000000001	71.60000000000001	74.0	1561
01.02.2022 00:00	74.0	75.60000000000001	68.60000000000001	71.60000000000001	2950
02.02.2022 00:00	73.4	73.4	69.60000000000001	70.8	494
03.02.2022 00:00	68.8	69.8	68.4	69.4	481
04.02.2022 00:00	69.60000000000001	71.60000000000001	65.0	66.8	1990
07.02.2022 00:00	66.8	69.0	62.0	63.400000000000006	1770
08.02.2022 00:00	66.4	68.60000000000001	63.2	64.4	2035
09.02.2022 00:00	66.4	66.4	63.400000000000006	64.4	1934
10.02.2022 00:00	65.8	65.8	59.800000000000004	61.400000000000006	5725
11.02.2022 00:00	61.400000000000006	61.6	60.0	60.2	589
14.02.2022 00:00	63.0	63.0	59.800000000000004	61.0	1323
15.02.2022 00:00	61.2	63.0	58.800000000000004	60.400000000000006	736
16.02.2022 00:00	61.2	61.2	58.0	59.0	1684
17.02.2022 00:00	60.800000000000004	60.800000000000004	56.800000000000004	57.0	867
18.02.2022 00:00	57.2	57.2	53.2	53.6	988
21.02.2022 00:00	56.6	58.0	44.800000000000004	46.800000000000004	4408
22.02.2022 00:00	44.800000000000004	46.6	39.800000000000004	45.800000000000004	1781
24.02.2022 00:00	42.800000000000004	42.800000000000004	28.0	34.6	1235
25.02.2022 00:00	32.2	41.2	32.2	38.800000000000004	1019
28.03.2022 00:00	38.800000000000004	44.800000000000004	29.8	35.800000000000004	1453
29.03.2022 00:00	39.400000000000006	43.2	32.2	38.800000000000004	1016
30.03.2022 00:00	41.800000000000004	51.6	38.800000000000004	45.400000000000006	2965
31.03.2022 00:00	45.400000000000006	47.400000000000006	41.800000000000004	45.400000000000006	3635
01.04.2022 00:00	45.400000000000006	48.800000000000004	44.400000000000006	46.6	1379
04.04.2022 00:00	46.6	47.800000000000004	42.800000000000004	44.6	627
05.04.2022 00:00	44.800000000000004	45.2	41.800000000000004	43.2	743
06.04.2022 00:00	43.2	44.800000000000004	41.2	43.400000000000006	531
07.04.2022 00:00	43.6	46.6	42.6	43.6	1197
08.04.2022 00:00	45.400000000000006	49.6	43.400000000000006	45.2	1537
11.04.2022 00:00	48.6	48.6	43.6	44.800000000000004	469
12.04.2022 00:00	45.400000000000006	45.400000000000006	43.2	44.400000000000006	452
13.04.2022 00:00	44.800000000000004	48.6	43.400000000000006	44.6	7418
14.04.2022 00:00	44.800000000000004	45.6	39.6	39.800000000000004	1279
15.04.2022 00:00	42.6	42.6	36.800000000000004	37.800000000000004	5003
18.04.2022 00:00	40.2	40.2	36.6	37.800000000000004	2156
19.04.2022 00:00	37.6	43.400000000000006	36.800000000000004	38.800000000000004	5258
20.04.2022 00:00	39.6	39.6	36.800000000000004	39.6	1284
21.04.2022 00:00	39.800000000000004	40.800000000000004	37.800000000000004	39.6	958
22.04.2022 00:00	39.800000000000004	40.6	37.6	39.800000000000004	2583
25.04.2022 00:00	40.400000000000006	40.400000000000006	36.4	38.2	993
26.04.2022 00:00	38.2	39.400000000000006	37.800000000000004	39.2	598
27.04.2022 00:00	39.6	40.2	38.2	39.800000000000004	687
28.04.2022 00:00	39.800000000000004	39.800000000000004	38.6	39.6	463
29.04.2022 00:00	40.6	40.6	38.800000000000004	39.6	171
04.05.2022 00:00	39.800000000000004	39.800000000000004	37.800000000000004	38.2	1030
05.05.2022 00:00	37.800000000000004	38.800000000000004	37.4	38.2	824
06.05.2022 00:00	38.2	38.800000000000004	38.2	38.6	468
11.05.2022 00:00	38.400000000000006	38.400000000000006	37.6	37.800000000000004	288
12.05.2022 00:00	37.6	38.800000000000004	37.6	38.2	362
13.05.2022 00:00	38.400000000000006	38.6	37.800000000000004	38.400000000000006	92
16.05.2022 00:00	38.6	38.800000000000004	38.2	38.400000000000006	114
17.05.2022 00:00	38.400000000000006	38.6	38.2	38.400000000000006	220
18.05.2022 00:00	38.400000000000006	38.400000000000006	38.2	38.400000000000006	959
19.05.2022 00:00	38.2	38.6	37.800000000000004	38.2	387
20.05.2022 00:00	38.2	38.2	37.4	38.2	675
23.05.2022 00:00	37.6	38.2	36.6	36.800000000000004	655
24.05.2022 00:00	36.800000000000004	37.800000000000004	36.2	37.4	1420
25.05.2022 00:00	37.6	37.6	36.800000000000004	37.2	317
26.05.2022 00:00	37.2	37.800000000000004	36.2	36.4	985
27.05.2022 00:00	36.800000000000004	37.2	36.4	36.800000000000004	115
30.05.2022 00:00	36.6	36.800000000000004	35.4	36.2	339
31.05.2022 00:00	36.2	36.2	35.4	35.6	587
01.06.2022 00:00	35.6	35.800000000000004	35.2	35.6	397
02.06.2022 00:00	35.2	35.6	35.2	35.6	86
03.06.2022 00:00	35.6	35.6	33.2	34.4	349
06.06.2022 00:00	34.4	34.6	30.6	33.6	456
07.06.2022 00:00	34.2	34.800000000000004	33.2	33.4	149
08.06.2022 00:00	33.800000000000004	33.800000000000004	33.2	33.4	102
09.06.2022 00:00	33.800000000000004	34.2	32.6	32.800000000000004	212
10.06.2022 00:00	33.6	33.6	32.4	33.2	278
14.06.2022 00:00	33.4	33.800000000000004	33.4	33.6	161
15.06.2022 00:00	36.800000000000004	36.800000000000004	32.800000000000004	33.800000000000004	624
16.06.2022 00:00	33.800000000000004	34.6	33.2	34.2	203
17.06.2022 00:00	33.800000000000004	34.800000000000004	33.6	34.4	239
20.06.2022 00:00	34.2	36.2	33.800000000000004	36.2	1698
21.06.2022 00:00	36.2	37.800000000000004	34.800000000000004	37.4	3766
22.06.2022 00:00	37.2	38.6	37.2	37.800000000000004	1671
23.06.2022 00:00	38.6	40.6	36.800000000000004	39.6	3114
24.06.2022 00:00	40.2	48.400000000000006	40.2	45.2	11379
27.06.2022 00:00	41.800000000000004	46.400000000000006	41.400000000000006	42.400000000000006	3188
28.06.2022 00:00	42.6	43.400000000000006	38.400000000000006	39.400000000000006	6106
29.06.2022 00:00	39.6	39.6	37.2	38.2	2345
30.06.2022 00:00	37.800000000000004	38.2	35.2	35.4	2172
01.07.2022 00:00	36.2	37.6	34.2	37.2	1278
04.07.2022 00:00	37.2	39.2	36.2	38.800000000000004	2661
05.07.2022 00:00	38.800000000000004	39.400000000000006	37.4	38.2	2294
06.07.2022 00:00	38.800000000000004	38.800000000000004	37.2	38.2	838
07.07.2022 00:00	37.800000000000004	38.2	37.2	38.2	747
08.07.2022 00:00	38.2	39.2	37.800000000000004	38.800000000000004	728
11.07.2022 00:00	38.6	38.800000000000004	37.2	38.6	843
12.07.2022 00:00	38.6	39.400000000000006	38.2	38.800000000000004	1288
13.07.2022 00:00	39.2	44.400000000000006	38.2	40.400000000000006	19293
14.07.2022 00:00	40.6	41.800000000000004	37.2	38.800000000000004	4865
15.07.2022 00:00	38.800000000000004	38.800000000000004	36.800000000000004	38.2	2005
18.07.2022 00:00	38.400000000000006	39.400000000000006	38.400000000000006	38.6	240
19.07.2022 00:00	38.800000000000004	39.2	38.6	38.6	274
20.07.2022 00:00	38.6	38.800000000000004	38.400000000000006	38.400000000000006	159
21.07.2022 00:00	38.400000000000006	38.6	36.800000000000004	37.6	1415
22.07.2022 00:00	37.6	37.800000000000004	36.800000000000004	37.2	831
25.07.2022 00:00	37.4	38.2	37.4	38.2	648
26.07.2022 00:00	37.800000000000004	38.800000000000004	37.800000000000004	38.6	548
27.07.2022 00:00	38.800000000000004	41.6	38.2	39.6	2292
28.07.2022 00:00	39.400000000000006	39.6	39.2	39.2	492
29.07.2022 00:00	39.6	40.6	39.2	39.800000000000004	627
01.08.2022 00:00	40.6	40.6	38.2	38.800000000000004	589
02.08.2022 00:00	38.800000000000004	38.800000000000004	38.2	38.400000000000006	319
03.08.2022 00:00	38.2	38.400000000000006	38.2	38.2	187
04.08.2022 00:00	38.2	39.800000000000004	36.6	38.2	1521
05.08.2022 00:00	38.2	38.2	37.2	37.6	333
08.08.2022 00:00	37.6	38.6	37.2	37.2	556
09.08.2022 00:00	37.2	38.2	36.6	37.6	362
10.08.2022 00:00	37.4	39.2	37.4	38.2	525
11.08.2022 00:00	38.2	39.2	37.6	37.800000000000004	1505
12.08.2022 00:00	38.400000000000006	38.6	37.2	37.800000000000004	627
15.08.2022 00:00	37.6	38.2	37.4	37.800000000000004	163
16.08.2022 00:00	38.2	38.400000000000006	37.4	37.6	164
17.08.2022 00:00	38.2	38.400000000000006	37.6	37.800000000000004	204
18.08.2022 00:00	37.6	38.2	37.4	37.800000000000004	295
19.08.2022 00:00	37.800000000000004	38.400000000000006	37.6	38.2	292
22.08.2022 00:00	38.2	38.2	37.6	37.800000000000004	97
23.08.2022 00:00	38.2	38.2	37.6	37.800000000000004	345
24.08.2022 00:00	37.6	38.400000000000006	37.4	38.2	176
25.08.2022 00:00	38.2	38.6	37.6	38.2	994
26.08.2022 00:00	38.400000000000006	38.6	37.800000000000004	38.400000000000006	317
29.08.2022 00:00	38.2	38.400000000000006	37.2	38.2	1580
30.08.2022 00:00	38.2	39.2	37.6	38.2	661
31.08.2022 00:00	38.800000000000004	38.800000000000004	37.6	38.400000000000006	317
01.09.2022 00:00	38.6	38.800000000000004	38.2	38.2	201
02.09.2022 00:00	38.2	38.400000000000006	37.6	38.2	384
05.09.2022 00:00	38.2	38.6	37.800000000000004	38.6	1016
06.09.2022 00:00	38.2	40.800000000000004	38.2	38.400000000000006	2704
07.09.2022 00:00	38.6	39.2	38.400000000000006	38.800000000000004	1009
08.09.2022 00:00	38.6	43.6	38.400000000000006	40.6	4600
09.09.2022 00:00	40.6	41.400000000000006	39.2	40.6	1232
12.09.2022 00:00	39.800000000000004	42.2	39.2	41.2	815
13.09.2022 00:00	40.2	41.800000000000004	39.800000000000004	40.6	825
14.09.2022 00:00	41.2	41.2	39.400000000000006	40.2	410
15.09.2022 00:00	39.800000000000004	41.2	39.400000000000006	40.2	443
16.09.2022 00:00	39.800000000000004	40.6	39.800000000000004	40.6	303
19.09.2022 00:00	40.6	43.400000000000006	40.2	42.2	5779
20.09.2022 00:00	42.6	43.2	37.800000000000004	37.800000000000004	4036
21.09.2022 00:00	37.6	37.800000000000004	33.800000000000004	37.6	2046
22.09.2022 00:00	37.2	38.2	37.2	37.2	486
23.09.2022 00:00	37.4	37.4	34.4	35.6	1195
26.09.2022 00:00	35.4	35.4	31.200000000000003	34.2	1149
27.09.2022 00:00	34.2	34.800000000000004	30.8	32.6	1301
28.09.2022 00:00	33.800000000000004	33.800000000000004	30.8	32.6	436
29.09.2022 00:00	33.2	33.800000000000004	29.400000000000002	31.200000000000003	660
30.09.2022 00:00	31.0	32.2	29.0	31.400000000000002	776
03.10.2022 00:00	31.400000000000002	42.400000000000006	31.200000000000003	34.2	17123
04.10.2022 00:00	35.6	35.6	32.2	34.4	3416
05.10.2022 00:00	33.6	35.4	31.8	33.4	1331
06.10.2022 00:00	32.800000000000004	35.2	32.800000000000004	33.800000000000004	728
07.10.2022 00:00	33.6	34.2	29.8	31.6	2524
10.10.2022 00:00	31.6	33.2	29.8	32.4	747
11.10.2022 00:00	32.2	33.2	31.200000000000003	32.800000000000004	1078
12.10.2022 00:00	32.800000000000004	34.2	32.800000000000004	34.2	909
13.10.2022 00:00	34.2	34.800000000000004	33.2	34.2	469
14.10.2022 00:00	34.2	34.2	33.4	33.800000000000004	255
17.10.2022 00:00	33.4	34.4	33.2	34.4	520
18.10.2022 00:00	37.6	37.6	33.6	34.2	1446
19.10.2022 00:00	33.6	33.6	32.800000000000004	33.2	1137
20.10.2022 00:00	33.2	33.4	32.800000000000004	33.2	699
21.10.2022 00:00	33.2	33.2	32.4	33.2	709
24.10.2022 00:00	33.2	33.4	33.2	33.2	224
25.10.2022 00:00	33.2	34.2	33.2	34.2	590
26.10.2022 00:00	34.2	34.6	32.6	34.4	919
27.10.2022 00:00	33.4	34.6	33.2	34.6	1181
28.10.2022 00:00	35.2	35.2	34.2	35.2	1435
31.10.2022 00:00	34.800000000000004	35.4	34.2	34.6	993
01.11.2022 00:00	34.6	36.2	34.2	35.800000000000004	1709
02.11.2022 00:00	35.800000000000004	37.2	35.2	36.6	815
03.11.2022 00:00	36.800000000000004	37.2	34.800000000000004	35.800000000000004	667
07.11.2022 00:00	35.800000000000004	36.800000000000004	35.2	36.2	554
08.11.2022 00:00	36.2	36.4	35.2	35.6	179
09.11.2022 00:00	35.800000000000004	35.800000000000004	34.2	34.6	317
10.11.2022 00:00	34.6	35.4	34.2	35.2	358
11.11.2022 00:00	34.800000000000004	35.6	34.800000000000004	35.4	582
14.11.2022 00:00	35.4	36.2	35.2	35.4	173
15.11.2022 00:00	35.6	35.800000000000004	34.2	34.6	598
16.11.2022 00:00	34.800000000000004	34.800000000000004	34.2	34.6	352
17.11.2022 00:00	34.6	34.6	34.2	34.4	522
18.11.2022 00:00	34.4	34.4	34.2	34.4	170
21.11.2022 00:00	34.4	34.4	33.4	33.800000000000004	295
22.11.2022 00:00	33.800000000000004	34.2	33.4	34.2	249
23.11.2022 00:00	33.800000000000004	34.2	33.800000000000004	34.2	380
24.11.2022 00:00	33.800000000000004	34.2	33.6	34.2	283
25.11.2022 00:00	34.2	34.2	33.6	34.2	299
28.11.2022 00:00	33.800000000000004	34.4	32.6	34.4	1613
29.11.2022 00:00	34.2	37.6	33.800000000000004	35.2	5643
30.11.2022 00:00	35.2	35.6	34.4	34.4	1101
01.12.2022 00:00	34.6	36.2	34.6	34.800000000000004	869
02.12.2022 00:00	35.2	35.2	34.6	34.800000000000004	251
05.12.2022 00:00	34.800000000000004	35.2	34.4	34.800000000000004	498
06.12.2022 00:00	34.6	35.2	34.2	34.800000000000004	538
07.12.2022 00:00	34.4	34.6	33.800000000000004	34.6	644
08.12.2022 00:00	34.2	34.4	34.2	34.4	251
09.12.2022 00:00	34.4	34.4	34.2	34.4	10
12.12.2022 00:00	34.2	35.2	34.2	34.6	413
13.12.2022 00:00	34.4	34.800000000000004	34.4	34.6	65
14.12.2022 00:00	34.4	34.6	34.2	34.6	78
15.12.2022 00:00	34.6	34.6	34.2	34.2	63
16.12.2022 00:00	34.4	34.4	33.4	33.800000000000004	678
19.12.2022 00:00	33.4	34.2	33.4	33.6	88
20.12.2022 00:00	33.4	34.2	33.4	33.800000000000004	225
21.12.2022 00:00	33.4	33.800000000000004	33.4	33.800000000000004	97
22.12.2022 00:00	33.800000000000004	34.2	33.6	34.2	355
23.12.2022 00:00	34.2	34.800000000000004	33.6	34.4	662
26.12.2022 00:00	34.2	34.6	33.800000000000004	34.6	342
27.12.2022 00:00	34.4	34.6	33.800000000000004	34.4	168
28.12.2022 00:00	34.2	34.800000000000004	34.2	34.6	1002
29.12.2022 00:00	34.6	34.6	34.2	34.6	127
30.12.2022 00:00	34.4	34.6	33.4	34.2	1176
03.01.2023 00:00	33.800000000000004	34.4	33.6	34.4	215
04.01.2023 00:00	34.4	34.4	34.2	34.4	47
05.01.2023 00:00	34.2	34.6	34.2	34.2	182
06.01.2023 00:00	34.2	35.6	34.2	35.2	698
09.01.2023 00:00	35.2	38.800000000000004	34.4	36.4	4713
10.01.2023 00:00	36.6	37.4	35.2	36.2	977
11.01.2023 00:00	36.2	37.2	35.6	36.800000000000004	1846
12.01.2023 00:00	37.2	39.6	36.4	36.800000000000004	3941
13.01.2023 00:00	36.800000000000004	37.4	35.800000000000004	36.800000000000004	990
16.01.2023 00:00	36.800000000000004	37.4	36.2	36.800000000000004	570
17.01.2023 00:00	36.800000000000004	37.2	35.6	36.2	2084
18.01.2023 00:00	36.2	36.4	35.2	35.800000000000004	1422
19.01.2023 00:00	35.800000000000004	36.2	34.800000000000004	35.800000000000004	974
20.01.2023 00:00	35.4	36.2	35.4	35.800000000000004	91
23.01.2023 00:00	36.2	36.2	35.2	35.800000000000004	221
24.01.2023 00:00	35.800000000000004	36.2	35.2	35.6	557
25.01.2023 00:00	35.6	36.2	35.4	35.800000000000004	503
26.01.2023 00:00	35.800000000000004	38.400000000000006	35.800000000000004	37.2	2036
27.01.2023 00:00	37.2	37.6	36.4	36.4	577
30.01.2023 00:00	36.800000000000004	37.800000000000004	35.6	37.2	1707
31.01.2023 00:00	37.2	39.400000000000006	36.800000000000004	38.2	6108
01.02.2023 00:00	37.6	42.2	37.4	39.2	11460
02.02.2023 00:00	39.800000000000004	39.800000000000004	37.800000000000004	39.2	2214
03.02.2023 00:00	38.6	39.2	37.800000000000004	38.2	1638
06.02.2023 00:00	38.2	38.800000000000004	37.800000000000004	38.400000000000006	852
07.02.2023 00:00	38.2	39.400000000000006	37.6	38.800000000000004	1590
08.02.2023 00:00	38.6	47.6	38.6	41.6	23301
09.02.2023 00:00	41.800000000000004	42.2	39.800000000000004	42.2	2615
10.02.2023 00:00	42.2	42.2	39.800000000000004	42.2	2384
13.02.2023 00:00	41.6	43.6	41.2	42.6	914
14.02.2023 00:00	42.6	42.800000000000004	40.6	41.2	912
15.02.2023 00:00	41.400000000000006	41.400000000000006	38.400000000000006	39.2	2123
16.02.2023 00:00	39.2	40.2	36.800000000000004	38.400000000000006	1992
17.02.2023 00:00	38.400000000000006	38.400000000000006	37.2	37.800000000000004	1033
20.02.2023 00:00	38.2	39.400000000000006	36.800000000000004	39.2	978
21.02.2023 00:00	39.2	39.400000000000006	37.800000000000004	38.800000000000004	631
22.02.2023 00:00	38.800000000000004	40.2	37.800000000000004	38.800000000000004	1034
24.02.2023 00:00	39.6	45.800000000000004	37.800000000000004	39.2	13149
27.02.2023 00:00	38.800000000000004	39.800000000000004	37.800000000000004	39.400000000000006	1099
28.02.2023 00:00	38.800000000000004	40.2	38.400000000000006	40.2	1408
01.03.2023 00:00	39.800000000000004	41.400000000000006	39.400000000000006	40.400000000000006	1269
02.03.2023 00:00	41.2	41.2	39.2	40.2	2512
03.03.2023 00:00	40.2	42.2	39.800000000000004	41.400000000000006	3219
06.03.2023 00:00	41.6	41.800000000000004	40.2	41.400000000000006	822
07.03.2023 00:00	41.2	42.2	41.2	41.800000000000004	645
09.03.2023 00:00	42.2	43.800000000000004	41.400000000000006	42.400000000000006	1527
10.03.2023 00:00	42.2	42.400000000000006	41.400000000000006	42.2	1287
13.03.2023 00:00	42.2	42.2	41.2	41.2	2075
14.03.2023 00:00	41.6	41.800000000000004	41.2	41.6	372
15.03.2023 00:00	41.400000000000006	41.400000000000006	39.400000000000006	40.800000000000004	2808
16.03.2023 00:00	40.800000000000004	40.800000000000004	40.2	40.6	338
17.03.2023 00:00	40.6	41.2	40.6	40.800000000000004	202
20.03.2023 00:00	41.2	41.2	40.400000000000006	41.2	725
21.03.2023 00:00	41.2	41.800000000000004	40.800000000000004	41.2	493
22.03.2023 00:00	41.400000000000006	41.6	40.800000000000004	41.6	321
23.03.2023 00:00	41.2	42.2	41.2	41.800000000000004	825
24.03.2023 00:00	41.800000000000004	42.800000000000004	41.6	42.6	643
27.03.2023 00:00	42.6	43.400000000000006	41.800000000000004	42.6	1868
28.03.2023 00:00	42.2	42.800000000000004	41.2	42.2	2268
29.03.2023 00:00	42.2	42.400000000000006	41.400000000000006	42.2	896
30.03.2023 00:00	42.2	42.2	41.400000000000006	42.2	632
31.03.2023 00:00	41.6	42.2	40.800000000000004	41.2	2463
03.04.2023 00:00	41.2	44.400000000000006	41.2	43.400000000000006	6993
04.04.2023 00:00	43.6	44.800000000000004	42.6	42.800000000000004	3471
05.04.2023 00:00	43.2	45.2	42.6	44.2	3047
06.04.2023 00:00	44.2	45.2	44.2	44.6	1250
07.04.2023 00:00	44.2	45.6	44.2	44.6	2229
10.04.2023 00:00	45.2	45.2	44.2	44.6	1050
11.04.2023 00:00	44.6	44.6	41.2	43.2	2622
12.04.2023 00:00	43.2	53.800000000000004	43.2	46.2	51455
13.04.2023 00:00	46.400000000000006	47.2	44.2	45.2	6897
14.04.2023 00:00	45.800000000000004	47.2	44.2	46.2	4593
17.04.2023 00:00	46.400000000000006	51.800000000000004	46.2	47.2	18548
18.04.2023 00:00	47.6	49.6	46.2	47.6	4619
19.04.2023 00:00	47.6	47.800000000000004	45.2	46.800000000000004	2845
20.04.2023 00:00	46.800000000000004	47.6	45.2	46.800000000000004	2574
21.04.2023 00:00	47.2	47.6	45.800000000000004	46.400000000000006	650
24.04.2023 00:00	46.6	46.6	45.6	46.400000000000006	1833
25.04.2023 00:00	46.400000000000006	46.800000000000004	45.6	46.400000000000006	936
26.04.2023 00:00	46.400000000000006	46.400000000000006	45.6	46.2	2214
27.04.2023 00:00	45.800000000000004	46.2	45.2	45.6	1750
28.04.2023 00:00	45.400000000000006	46.2	44.6	45.2	2452
02.05.2023 00:00	45.2	46.400000000000006	41.800000000000004	43.2	3979
03.05.2023 00:00	44.400000000000006	48.2	44.2	44.2	12461
04.05.2023 00:00	44.2	45.2	44.2	44.400000000000006	513
05.05.2023 00:00	44.6	44.800000000000004	44.400000000000006	44.800000000000004	500
08.05.2023 00:00	45.2	45.2	43.800000000000004	44.2	570
10.05.2023 00:00	44.2	45.6	43.6	45.2	1649
11.05.2023 00:00	45.2	45.800000000000004	44.6	45.400000000000006	642
12.05.2023 00:00	44.800000000000004	45.400000000000006	44.2	45.2	505
15.05.2023 00:00	45.2	45.800000000000004	44.800000000000004	45.400000000000006	722
16.05.2023 00:00	45.400000000000006	47.6	45.2	47.2	2317
17.05.2023 00:00	47.2	47.2	45.800000000000004	46.800000000000004	705
18.05.2023 00:00	46.400000000000006	46.800000000000004	45.800000000000004	46.2	787
19.05.2023 00:00	46.2	46.2	45.2	45.400000000000006	278
22.05.2023 00:00	45.400000000000006	45.800000000000004	44.800000000000004	45.400000000000006	211
23.05.2023 00:00	45.400000000000006	45.6	44.6	45.2	217
24.05.2023 00:00	44.6	45.2	44.6	45.2	338
25.05.2023 00:00	44.800000000000004	45.2	44.400000000000006	44.6	503
26.05.2023 00:00	44.6	46.400000000000006	44.2	46.400000000000006	965
29.05.2023 00:00	46.400000000000006	49.6	45.800000000000004	47.2	24533
30.05.2023 00:00	47.6	49.6	47.2	47.800000000000004	6478
31.05.2023 00:00	47.800000000000004	48.2	45.6	46.800000000000004	1899
01.06.2023 00:00	46.800000000000004	46.800000000000004	44.800000000000004	45.2	1967
02.06.2023 00:00	45.400000000000006	45.6	44.800000000000004	45.6	663
05.06.2023 00:00	45.6	45.800000000000004	44.400000000000006	45.2	1985
06.06.2023 00:00	44.800000000000004	45.400000000000006	44.400000000000006	45.2	716
07.06.2023 00:00	45.6	47.2	44.800000000000004	45.800000000000004	2312
08.06.2023 00:00	45.800000000000004	48.2	45.6	46.2	1105
09.06.2023 00:00	46.400000000000006	46.400000000000006	45.400000000000006	46.2	352
13.06.2023 00:00	45.800000000000004	48.400000000000006	45.6	46.800000000000004	1370
14.06.2023 00:00	46.6	49.2	45.800000000000004	47.2	4317
15.06.2023 00:00	47.6	47.800000000000004	46.6	47.400000000000006	969
16.06.2023 00:00	47.6	47.800000000000004	46.6	47.2	556
19.06.2023 00:00	46.6	48.6	46.400000000000006	47.6	1399
20.06.2023 00:00	47.6	47.6	46.400000000000006	47.2	769
21.06.2023 00:00	47.2	47.2	46.800000000000004	47.2	367
22.06.2023 00:00	47.2	48.800000000000004	46.800000000000004	48.2	2178
23.06.2023 00:00	48.2	49.2	46.800000000000004	47.800000000000004	4125
26.06.2023 00:00	48.2	48.2	46.400000000000006	47.2	2703
27.06.2023 00:00	46.6	50.800000000000004	46.400000000000006	50.2	15783
28.06.2023 00:00	50.2	51.800000000000004	47.800000000000004	49.6	9071
29.06.2023 00:00	49.400000000000006	49.6	48.2	48.800000000000004	1461
30.06.2023 00:00	51.800000000000004	55.800000000000004	49.400000000000006	51.2	47943
03.07.2023 00:00	51.800000000000004	52.400000000000006	50.2	51.2	4352
04.07.2023 00:00	50.6	51.2	48.2	49.6	4713
05.07.2023 00:00	49.400000000000006	50.400000000000006	48.6	49.400000000000006	3114
06.07.2023 00:00	49.6	49.6	48.800000000000004	48.800000000000004	3296
07.07.2023 00:00	49.2	50.2	48.800000000000004	49.2	3124
10.07.2023 00:00	52.400000000000006	52.400000000000006	49.2	50.6	4176
11.07.2023 00:00	50.2	51.800000000000004	49.2	51.2	4379
12.07.2023 00:00	51.2	51.400000000000006	50.2	51.400000000000006	2780
13.07.2023 00:00	51.2	51.400000000000006	50.2	51.2	1070
14.07.2023 00:00	51.2	51.2	50.400000000000006	51.2	570
17.07.2023 00:00	50.400000000000006	51.6	50.400000000000006	51.2	1850
18.07.2023 00:00	51.2	52.2	50.800000000000004	51.2	1730
19.07.2023 00:00	51.400000000000006	51.400000000000006	50.800000000000004	51.400000000000006	2047
20.07.2023 00:00	51.800000000000004	52.2	50.6	51.2	1398
21.07.2023 00:00	50.6	51.6	50.6	51.6	537
24.07.2023 00:00	52.2	53.400000000000006	51.2	52.400000000000006	3057
25.07.2023 00:00	52.2	53.6	52.0	53.400000000000006	4159
26.07.2023 00:00	53.6	53.6	52.400000000000006	53.2	735
27.07.2023 00:00	52.800000000000004	53.800000000000004	52.400000000000006	53.400000000000006	2339
28.07.2023 00:00	52.800000000000004	53.400000000000006	52.2	52.400000000000006	1577
31.07.2023 00:00	52.800000000000004	53.6	52.2	53.0	2601
01.08.2023 00:00	52.6	53.2	51.6	53.0	3485
02.08.2023 00:00	53.0	53.0	52.0	52.800000000000004	1532
03.08.2023 00:00	52.400000000000006	53.2	52.2	53.2	1473
04.08.2023 00:00	53.2	57.0	52.0	52.400000000000006	7738
07.08.2023 00:00	52.400000000000006	53.2	46.2	51.400000000000006	4523
08.08.2023 00:00	51.400000000000006	51.6	48.800000000000004	50.6	4122
09.08.2023 00:00	50.800000000000004	53.400000000000006	49.800000000000004	52.2	4987
10.08.2023 00:00	52.2	53.2	51.800000000000004	52.800000000000004	2668
11.08.2023 00:00	53.400000000000006	53.400000000000006	51.2	52.2	2898
14.08.2023 00:00	52.0	52.800000000000004	50.800000000000004	52.0	5899
15.08.2023 00:00	52.0	53.6	51.2	52.2	2736
16.08.2023 00:00	52.0	52.2	49.400000000000006	50.2	2082
17.08.2023 00:00	50.6	52.0	49.800000000000004	50.800000000000004	3055
18.08.2023 00:00	50.6	52.0	50.2	50.6	1179
21.08.2023 00:00	50.6	55.0	50.6	52.2	3679
22.08.2023 00:00	52.0	52.2	51.2	52.2	1975
23.08.2023 00:00	52.400000000000006	52.400000000000006	51.2	51.800000000000004	1048
24.08.2023 00:00	51.6	51.800000000000004	50.2	51.800000000000004	465
25.08.2023 00:00	52.0	54.6	50.800000000000004	52.400000000000006	3604
28.08.2023 00:00	52.0	54.2	50.800000000000004	52.6	4663
29.08.2023 00:00	52.6	53.0	51.400000000000006	52.800000000000004	3298
30.08.2023 00:00	52.800000000000004	53.400000000000006	52.0	52.6	3006
31.08.2023 00:00	52.800000000000004	58.800000000000004	52.6	54.2	14090
01.09.2023 00:00	56.800000000000004	59.0	53.6	56.400000000000006	8378
04.09.2023 00:00	57.800000000000004	79.4	57.2	79.4	81688
05.09.2023 00:00	87.4	109.2	79.4	88.4	162167
06.09.2023 00:00	88.4	96.80000000000001	80.4	82.60000000000001	34159
07.09.2023 00:00	82.80000000000001	85.80000000000001	75.4	79.0	12618
08.09.2023 00:00	80.4	84.4	74.8	83.4	5865
11.09.2023 00:00	80.60000000000001	83.60000000000001	77.4	79.4	4413
12.09.2023 00:00	79.60000000000001	88.0	79.4	88.0	16461
13.09.2023 00:00	88.80000000000001	96.60000000000001	82.0	96.60000000000001	39216
14.09.2023 00:00	95.80000000000001	95.80000000000001	72.60000000000001	81.4	20083
15.09.2023 00:00	83.4	89.60000000000001	80.4	86.0	8176
18.09.2023 00:00	87.0	89.4	83.4	84.80000000000001	4189
19.09.2023 00:00	87.80000000000001	88.4	75.4	79.60000000000001	4816
20.09.2023 00:00	80.60000000000001	84.80000000000001	74.0	84.4	5858
21.09.2023 00:00	83.80000000000001	85.80000000000001	80.4	81.80000000000001	3146
22.09.2023 00:00	81.60000000000001	84.4	81.0	82.80000000000001	1141
25.09.2023 00:00	82.80000000000001	84.60000000000001	81.60000000000001	83.4	1008
26.09.2023 00:00	84.0	84.60000000000001	81.0	82.4	2319
27.09.2023 00:00	82.60000000000001	82.60000000000001	81.0	82.4	708
28.09.2023 00:00	81.4	82.60000000000001	80.4	80.60000000000001	1492
29.09.2023 00:00	81.0	82.80000000000001	81.0	82.0	764
02.10.2023 00:00	82.80000000000001	82.80000000000001	81.0	81.4	749
03.10.2023 00:00	80.80000000000001	83.80000000000001	80.80000000000001	82.4	1907
04.10.2023 00:00	83.4	84.4	81.4	82.0	788
05.10.2023 00:00	82.80000000000001	94.80000000000001	82.0	90.0	29543
06.10.2023 00:00	91.60000000000001	92.60000000000001	86.0	87.4	3991
09.10.2023 00:00	91.0	97.80000000000001	86.4	91.60000000000001	9336
10.10.2023 00:00	91.60000000000001	92.80000000000001	88.4	91.60000000000001	2074
11.10.2023 00:00	92.4	93.0	87.60000000000001	89.80000000000001	2300
12.10.2023 00:00	88.80000000000001	88.80000000000001	86.60000000000001	86.80000000000001	3631
13.10.2023 00:00	87.0	105.60000000000001	84.80000000000001	105.60000000000001	22358
16.10.2023 00:00	107.2	113.80000000000001	101.80000000000001	103.2	34182
17.10.2023 00:00	105.80000000000001	107.4	98.4	102.60000000000001	6413
18.10.2023 00:00	100.4	124.80000000000001	100.4	124.2	88554
19.10.2023 00:00	124.80000000000001	136.4	120.4	136.4	42773
20.10.2023 00:00	138.0	149.8	137.8	149.8	14248
23.10.2023 00:00	158.8	164.4	155.20000000000002	164.4	6220
24.10.2023 00:00	180.4	180.8	174.8	180.8	3336
25.10.2023 00:00	198.4	198.4	146.8	198.4	106840
26.10.2023 00:00	204.8	218.0	179.8	218.0	35449
27.10.2023 00:00	229.4	239.4	225.8	239.4	7373
30.10.2023 00:00	262.0	263.0	212.0	263.0	23323
31.10.2023 00:00	288.8	289.0	283.8	289.0	3855
16.11.2023 00:00	260.2	278.8	185.8	224.8	94981
17.11.2023 00:00	224.8	244.8	182.8	187.20000000000002	62390
20.11.2023 00:00	183.8	206.60000000000002	170.8	206.60000000000002	90022
21.11.2023 00:00	211.20000000000002	227.0	189.8	221.8	70389
22.11.2023 00:00	221.4	236.60000000000002	206.20000000000002	207.4	33187
23.11.2023 00:00	206.8	206.8	186.8	189.0	25968
24.11.2023 00:00	188.8	202.0	182.0	191.0	11607
27.11.2023 00:00	193.20000000000002	198.20000000000002	162.8	172.8	15275
28.11.2023 00:00	175.8	176.20000000000002	155.0	160.8	25600
29.11.2023 00:00	163.0	169.8	155.8	156.8	15954
30.11.2023 00:00	157.8	163.8	139.8	141.8	20639
01.12.2023 00:00	142.20000000000002	145.8	132.8	137.4	14313
04.12.2023 00:00	142.8	142.8	119.80000000000001	122.80000000000001	12703
05.12.2023 00:00	119.60000000000001	125.2	110.0	119.60000000000001	17370
06.12.2023 00:00	122.0	128.20000000000002	113.60000000000001	118.0	11997
07.12.2023 00:00	124.4	124.4	114.2	117.60000000000001	4332
08.12.2023 00:00	118.80000000000001	143.20000000000002	117.80000000000001	143.20000000000002	49759
11.12.2023 00:00	153.8	157.20000000000002	146.20000000000002	157.20000000000002	14524
12.12.2023 00:00	166.8	172.4	141.8	151.20000000000002	58464
13.12.2023 00:00	147.0	150.8	135.0	137.4	30014
14.12.2023 00:00	136.8	145.8	133.8	137.0	12796
15.12.2023 00:00	127.80000000000001	138.4	125.4	132.4	16580
18.12.2023 00:00	136.4	139.4	126.60000000000001	134.0	6139
19.12.2023 00:00	133.8	137.8	131.0	135.0	6693
20.12.2023 00:00	135.0	140.4	131.8	135.8	7984
21.12.2023 00:00	136.20000000000002	140.8	130.20000000000002	134.20000000000002	7227
22.12.2023 00:00	134.20000000000002	146.4	129.20000000000002	146.4	30530
25.12.2023 00:00	149.20000000000002	159.4	138.20000000000002	140.0	26852
26.12.2023 00:00	140.20000000000002	144.8	135.20000000000002	137.0	4735
27.12.2023 00:00	137.4	138.4	133.4	134.8	2961
28.12.2023 00:00	135.20000000000002	149.4	132.0	134.8	11144
29.12.2023 00:00	134.8	141.4	132.20000000000002	136.8	3253
03.01.2024 00:00	136.8	146.4	136.8	138.8	2100
04.01.2024 00:00	140.8	140.8	135.20000000000002	137.4	3398
05.01.2024 00:00	138.0	148.8	135.20000000000002	141.8	8738
08.01.2024 00:00	144.8	150.8	140.8	144.20000000000002	7731
09.01.2024 00:00	147.8	156.8	141.8	150.8	5874
10.01.2024 00:00	157.8	161.8	143.8	154.0	18267
11.01.2024 00:00	156.8	187.8	151.4	187.8	48182
12.01.2024 00:00	196.8	196.8	171.8	177.20000000000002	45446
15.01.2024 00:00	177.4	184.8	167.0	170.8	16073
16.01.2024 00:00	168.8	171.20000000000002	161.8	170.0	16434
17.01.2024 00:00	173.4	180.8	164.8	174.20000000000002	16402
18.01.2024 00:00	175.8	178.8	166.20000000000002	170.0	8813
19.01.2024 00:00	167.0	169.4	162.0	168.8	8894
22.01.2024 00:00	167.8	171.8	164.0	170.4	4642
23.01.2024 00:00	170.8	170.8	166.4	167.8	4177
24.01.2024 00:00	168.0	168.0	163.8	166.4	2638
25.01.2024 00:00	165.8	169.8	156.4	169.8	3306
26.01.2024 00:00	170.20000000000002	170.20000000000002	164.0	164.0	2819
29.01.2024 00:00	165.8	169.8	161.8	166.8	3281
30.01.2024 00:00	166.8	181.8	164.0	177.8	56219
31.01.2024 00:00	177.8	177.8	168.0	169.4	13643
01.02.2024 00:00	168.8	172.20000000000002	166.0	167.8	2847
02.02.2024 00:00	168.0	172.8	165.8	169.4	3273
05.02.2024 00:00	169.4	172.0	162.20000000000002	169.8	4511
06.02.2024 00:00	169.4	171.4	166.8	168.8	1999
07.02.2024 00:00	168.8	170.4	167.8	169.8	1474
08.02.2024 00:00	169.8	169.8	166.8	167.8	1831
09.02.2024 00:00	168.8	181.8	168.20000000000002	168.8	24704
12.02.2024 00:00	170.0	173.8	167.20000000000002	168.0	3534
13.02.2024 00:00	167.20000000000002	169.8	164.8	166.0	4004
14.02.2024 00:00	166.8	168.8	163.8	164.4	2417
15.02.2024 00:00	166.4	176.0	166.4	167.0	8173
16.02.2024 00:00	168.4	169.20000000000002	166.4	168.20000000000002	1553
19.02.2024 00:00	168.8	171.8	163.4	166.0	3664
20.02.2024 00:00	166.0	166.0	159.8	161.8	3503
21.02.2024 00:00	156.8	161.8	148.8	151.8	5092
22.02.2024 00:00	146.20000000000002	159.4	146.20000000000002	154.0	1227
26.02.2024 00:00	154.0	161.8	152.8	159.0	2415
27.02.2024 00:00	159.8	161.8	154.20000000000002	156.8	2594
28.02.2024 00:00	159.20000000000002	159.20000000000002	152.8	152.8	1350
29.02.2024 00:00	152.8	159.20000000000002	151.8	156.8	2450
01.03.2024 00:00	156.8	163.0	156.4	158.8	2261
04.03.2024 00:00	158.8	159.20000000000002	154.8	156.8	1512
05.03.2024 00:00	158.8	162.0	153.8	157.8	2106
06.03.2024 00:00	159.8	160.8	154.8	157.8	1103
07.03.2024 00:00	157.8	161.4	154.8	158.20000000000002	2736
11.03.2024 00:00	159.8	162.8	157.4	159.0	4659
12.03.2024 00:00	161.8	171.4	157.20000000000002	159.0	17017
13.03.2024 00:00	158.4	161.8	155.20000000000002	157.0	4271
14.03.2024 00:00	157.20000000000002	157.4	152.0	154.4	2081
15.03.2024 00:00	153.20000000000002	155.4	152.8	155.20000000000002	598
18.03.2024 00:00	155.20000000000002	158.8	152.8	155.8	1263
19.03.2024 00:00	155.8	157.0	152.20000000000002	153.0	1363
20.03.2024 00:00	154.20000000000002	154.8	150.8	150.8	2098
21.03.2024 00:00	154.4	154.4	151.8	151.8	646
22.03.2024 00:00	153.0	154.0	148.4	150.20000000000002	1383
25.03.2024 00:00	150.20000000000002	151.8	145.8	146.20000000000002	2438
26.03.2024 00:00	147.0	147.8	143.8	145.0	1290
27.03.2024 00:00	144.8	146.8	143.0	143.20000000000002	819
28.03.2024 00:00	143.20000000000002	146.4	137.20000000000002	141.20000000000002	5961
29.03.2024 00:00	141.0	163.8	140.8	147.8	25624
01.04.2024 00:00	147.8	155.8	144.8	152.8	6056
02.04.2024 00:00	150.8	153.4	148.8	152.20000000000002	1211
03.04.2024 00:00	152.4	154.8	147.4	152.8	3345
04.04.2024 00:00	150.8	155.8	149.20000000000002	155.8	1970
05.04.2024 00:00	156.0	158.0	140.8	149.4	6455
08.04.2024 00:00	149.8	155.8	147.8	148.8	1868
09.04.2024 00:00	150.20000000000002	156.8	145.4	151.4	3156
10.04.2024 00:00	150.8	156.8	146.0	151.4	3036
11.04.2024 00:00	151.4	153.8	148.20000000000002	151.0	1285
12.04.2024 00:00	151.8	151.8	149.8	150.4	317
15.04.2024 00:00	151.8	154.8	150.4	153.20000000000002	2291
16.04.2024 00:00	154.0	154.20000000000002	149.8	150.8	761
17.04.2024 00:00	150.8	151.8	144.8	146.0	3362
18.04.2024 00:00	146.0	149.8	141.8	146.20000000000002	2435
19.04.2024 00:00	146.20000000000002	146.8	142.8	144.4	1799
22.04.2024 00:00	144.8	150.20000000000002	143.0	150.20000000000002	2124
23.04.2024 00:00	150.20000000000002	150.20000000000002	146.4	146.8	774
24.04.2024 00:00	146.8	148.0	145.8	147.8	670
25.04.2024 00:00	147.8	148.20000000000002	143.8	145.0	1239
26.04.2024 00:00	144.0	147.8	144.0	146.8	532
27.04.2024 00:00	146.8	147.8	144.8	145.8	153
29.04.2024 00:00	146.8	177.8	146.8	177.8	97402
30.04.2024 00:00	177.8	190.20000000000002	161.0	161.4	63425
02.05.2024 00:00	161.20000000000002	168.20000000000002	151.8	153.8	13995
03.05.2024 00:00	155.8	156.0	150.4	152.4	3621
06.05.2024 00:00	153.4	167.0	152.20000000000002	162.0	29716
07.05.2024 00:00	163.4	163.8	153.4	157.8	4808
08.05.2024 00:00	157.8	157.8	150.4	152.4	4970
10.05.2024 00:00	154.0	154.20000000000002	151.4	152.20000000000002	1036
13.05.2024 00:00	153.8	157.8	152.0	156.4	4367
14.05.2024 00:00	156.8	157.4	150.4	153.0	2331
15.05.2024 00:00	153.8	153.8	148.20000000000002	150.8	4398
16.05.2024 00:00	151.20000000000002	151.20000000000002	146.4	149.20000000000002	2747
17.05.2024 00:00	149.8	150.8	146.8	150.20000000000002	1222
20.05.2024 00:00	150.20000000000002	150.20000000000002	147.8	147.8	1526
21.05.2024 00:00	147.8	148.4	139.0	144.0	4221
22.05.2024 00:00	144.4	146.8	143.8	145.0	415
23.05.2024 00:00	145.4	145.8	142.4	145.4	375
24.05.2024 00:00	145.8	146.8	140.8	145.0	643
27.05.2024 00:00	145.0	145.0	134.8	135.20000000000002	1137
28.05.2024 00:00	137.4	148.8	130.8	139.8	12791
29.05.2024 00:00	140.8	141.0	135.0	137.4	1329
30.05.2024 00:00	137.4	137.4	132.0	133.8	2702
31.05.2024 00:00	134.8	137.4	129.0	132.8	2180
03.06.2024 00:00	130.20000000000002	133.4	123.4	127.60000000000001	1225
04.06.2024 00:00	127.80000000000001	133.8	125.60000000000001	132.8	1713
05.06.2024 00:00	133.0	135.4	130.0	133.8	2054
06.06.2024 00:00	132.8	133.20000000000002	129.8	133.0	823
07.06.2024 00:00	132.8	137.8	130.0	133.20000000000002	4021
10.06.2024 00:00	135.8	138.4	130.4	130.8	2618
11.06.2024 00:00	130.8	132.8	129.8	130.8	1002
13.06.2024 00:00	120.80000000000001	130.20000000000002	118.0	127.80000000000001	1974
14.06.2024 00:00	126.60000000000001	128.8	126.4	128.0	779
17.06.2024 00:00	122.2	129.0	122.2	125.80000000000001	1158
18.06.2024 00:00	126.4	126.4	121.80000000000001	122.4	704
19.06.2024 00:00	122.80000000000001	123.4	116.60000000000001	117.2	627
20.06.2024 00:00	116.80000000000001	119.60000000000001	114.80000000000001	116.80000000000001	824
21.06.2024 00:00	117.0	126.80000000000001	117.0	121.4	2680
24.06.2024 00:00	122.80000000000001	131.8	122.80000000000001	126.4	4458
25.06.2024 00:00	127.80000000000001	130.8	123.2	123.2	809
26.06.2024 00:00	124.80000000000001	126.0	122.0	123.60000000000001	847
27.06.2024 00:00	123.60000000000001	126.60000000000001	122.80000000000001	125.0	555
28.06.2024 00:00	123.80000000000001	130.8	122.2	125.2	1147
01.07.2024 00:00	126.80000000000001	128.0	123.80000000000001	124.2	636
02.07.2024 00:00	124.4	128.4	124.4	128.0	625
03.07.2024 00:00	128.0	128.8	125.80000000000001	128.8	337
04.07.2024 00:00	128.8	129.8	124.80000000000001	126.2	901
05.07.2024 00:00	125.0	127.0	122.0	125.2	679
08.07.2024 00:00	125.4	128.4	124.2	124.2	351
09.07.2024 00:00	123.60000000000001	126.60000000000001	122.0	123.80000000000001	623
10.07.2024 00:00	123.80000000000001	123.80000000000001	112.2	112.2	1681
11.07.2024 00:00	110.80000000000001	120.60000000000001	109.60000000000001	114.60000000000001	1474
12.07.2024 00:00	114.2	118.0	113.60000000000001	114.60000000000001	408
15.07.2024 00:00	115.0	115.0	110.80000000000001	110.80000000000001	476
16.07.2024 00:00	110.80000000000001	115.2	110.0	111.80000000000001	389
17.07.2024 00:00	110.60000000000001	113.4	110.60000000000001	112.4	238
18.07.2024 00:00	112.0	114.0	110.4	113.4	849
19.07.2024 00:00	112.60000000000001	119.4	112.0	114.80000000000001	1049
22.07.2024 00:00	116.80000000000001	122.2	114.80000000000001	115.4	1344
23.07.2024 00:00	116.0	116.4	110.2	114.60000000000001	3159
24.07.2024 00:00	115.60000000000001	117.0	111.0	111.60000000000001	1008
25.07.2024 00:00	113.2	115.80000000000001	112.4	113.80000000000001	526
26.07.2024 00:00	112.80000000000001	114.4	110.60000000000001	113.60000000000001	1140
29.07.2024 00:00	111.4	113.4	108.80000000000001	111.60000000000001	596
30.07.2024 00:00	109.80000000000001	114.80000000000001	109.2	111.80000000000001	820
31.07.2024 00:00	113.0	113.2	111.80000000000001	112.60000000000001	73
01.08.2024 00:00	112.80000000000001	116.2	112.2	114.4	687
02.08.2024 00:00	113.80000000000001	114.2	112.0	113.4	431
05.08.2024 00:00	111.80000000000001	112.0	107.80000000000001	109.4	1561
06.08.2024 00:00	110.0	111.2	109.80000000000001	109.80000000000001	182
07.08.2024 00:00	109.80000000000001	109.80000000000001	108.60000000000001	109.4	300
08.08.2024 00:00	109.0	110.60000000000001	108.60000000000001	109.2	181
09.08.2024 00:00	109.4	111.4	108.80000000000001	110.4	716
12.08.2024 00:00	109.60000000000001	111.0	108.80000000000001	108.80000000000001	601
13.08.2024 00:00	109.60000000000001	110.80000000000001	107.80000000000001	109.80000000000001	848
14.08.2024 00:00	110.2	132.8	109.60000000000001	116.60000000000001	20209
15.08.2024 00:00	117.80000000000001	120.2	112.60000000000001	115.60000000000001	2691
16.08.2024 00:00	114.4	116.0	111.0	112.0	2445
19.08.2024 00:00	112.2	117.4	112.0	113.80000000000001	971
20.08.2024 00:00	116.2	117.0	110.80000000000001	111.60000000000001	1314
21.08.2024 00:00	111.60000000000001	115.0	111.0	113.4	443
22.08.2024 00:00	112.2	114.60000000000001	107.80000000000001	108.2	1632
23.08.2024 00:00	109.2	110.4	104.2	105.60000000000001	474
26.08.2024 00:00	106.4	110.80000000000001	106.4	109.2	163
27.08.2024 00:00	109.4	109.80000000000001	107.60000000000001	107.60000000000001	113
28.08.2024 00:00	107.60000000000001	107.60000000000001	103.0	104.80000000000001	463
29.08.2024 00:00	106.0	106.2	102.60000000000001	102.80000000000001	329
30.08.2024 00:00	103.0	110.80000000000001	95.4	98.80000000000001	2149
02.09.2024 00:00	100.60000000000001	100.60000000000001	90.0	90.4	821
03.09.2024 00:00	91.4	94.4	90.0	92.80000000000001	388
04.09.2024 00:00	90.4	94.4	90.0	93.4	838
05.09.2024 00:00	93.80000000000001	96.80000000000001	93.80000000000001	94.4	278
06.09.2024 00:00	92.0	97.60000000000001	92.0	93.4	446
09.09.2024 00:00	94.60000000000001	97.4	94.4	95.4	525
10.09.2024 00:00	95.4	116.2	94.80000000000001	109.80000000000001	23424
11.09.2024 00:00	110.0	112.60000000000001	102.60000000000001	104.60000000000001	6157
12.09.2024 00:00	104.80000000000001	117.0	103.0	106.80000000000001	11365
13.09.2024 00:00	109.80000000000001	115.4	105.2	106.80000000000001	6266
16.09.2024 00:00	107.0	113.80000000000001	103.80000000000001	108.0	4861
17.09.2024 00:00	111.2	112.4	105.2	107.60000000000001	1505
18.09.2024 00:00	107.0	109.80000000000001	105.4	106.0	650
19.09.2024 00:00	108.4	109.4	103.80000000000001	104.2	2079
20.09.2024 00:00	104.2	107.80000000000001	104.2	106.4	1477
23.09.2024 00:00	106.2	109.0	105.4	107.80000000000001	1077
24.09.2024 00:00	108.4	116.60000000000001	107.2	110.80000000000001	6870
25.09.2024 00:00	111.80000000000001	115.80000000000001	108.0	110.0	3351
26.09.2024 00:00	109.80000000000001	110.0	107.0	108.4	956
27.09.2024 00:00	108.4	121.80000000000001	105.2	114.0	10453
30.09.2024 00:00	114.0	115.2	109.80000000000001	113.60000000000001	1543
01.10.2024 00:00	114.2	117.4	107.0	107.0	4922
02.10.2024 00:00	109.80000000000001	117.4	104.0	106.4	14361
03.10.2024 00:00	106.0	107.60000000000001	103.0	103.80000000000001	1719
04.10.2024 00:00	103.80000000000001	106.60000000000001	103.80000000000001	106.4	838
07.10.2024 00:00	106.4	107.0	102.0	102.4	1576
08.10.2024 00:00	102.4	104.80000000000001	99.80000000000001	103.80000000000001	1193
09.10.2024 00:00	102.4	104.2	100.4	101.4	808
10.10.2024 00:00	101.4	104.0	99.80000000000001	102.0	703
11.10.2024 00:00	100.4	103.2	99.80000000000001	103.2	142
14.10.2024 00:00	101.60000000000001	102.80000000000001	98.80000000000001	100.4	3758
15.10.2024 00:00	100.80000000000001	103.4	99.4	101.4	1772
16.10.2024 00:00	101.4	101.4	99.80000000000001	100.4	773
17.10.2024 00:00	100.80000000000001	101.60000000000001	97.60000000000001	98.60000000000001	757
18.10.2024 00:00	97.80000000000001	97.80000000000001	95.60000000000001	96.60000000000001	884
21.10.2024 00:00	96.4	97.4	94.80000000000001	96.4	715
22.10.2024 00:00	96.60000000000001	96.60000000000001	93.80000000000001	94.4	782
23.10.2024 00:00	94.4	94.4	92.0	92.80000000000001	1054
24.10.2024 00:00	93.0	94.80000000000001	88.80000000000001	89.60000000000001	2489
25.10.2024 00:00	89.80000000000001	90.4	87.4	88.4	2027
28.10.2024 00:00	88.0	88.4	84.0	84.4	715
29.10.2024 00:00	84.60000000000001	86.4	82.0	86.4	2092
30.10.2024 00:00	86.4	104.60000000000001	85.0	88.4	24514
31.10.2024 00:00	87.80000000000001	91.0	84.60000000000001	86.4	2649
01.11.2024 00:00	88.0	88.4	82.80000000000001	84.0	1664
02.11.2024 00:00	85.80000000000001	87.4	84.4	86.4	1263
05.11.2024 00:00	86.4	86.80000000000001	85.4	85.4	189
06.11.2024 00:00	86.80000000000001	88.4	84.80000000000001	85.60000000000001	1059
07.11.2024 00:00	85.80000000000001	86.60000000000001	84.60000000000001	85.80000000000001	450
08.11.2024 00:00	85.80000000000001	88.80000000000001	84.80000000000001	85.4	1551
11.11.2024 00:00	86.4	87.60000000000001	85.80000000000001	86.60000000000001	1052
12.11.2024 00:00	86.60000000000001	89.60000000000001	85.4	89.60000000000001	2478
13.11.2024 00:00	90.0	90.4	86.60000000000001	90.0	2141
14.11.2024 00:00	88.80000000000001	93.80000000000001	87.0	87.4	4724
15.11.2024 00:00	88.4	103.80000000000001	86.4	92.80000000000001	26836
18.11.2024 00:00	92.0	102.4	90.0	93.80000000000001	11340
19.11.2024 00:00	95.60000000000001	96.80000000000001	86.4	88.4	5191
20.11.2024 00:00	88.80000000000001	96.80000000000001	88.60000000000001	90.60000000000001	3737
21.11.2024 00:00	93.4	93.4	88.4	89.0	1355
22.11.2024 00:00	89.4	91.60000000000001	89.4	89.80000000000001	769
25.11.2024 00:00	89.80000000000001	90.60000000000001	84.80000000000001	85.4	1660
26.11.2024 00:00	85.4	88.80000000000001	77.0	80.60000000000001	2978
27.11.2024 00:00	80.4	80.80000000000001	74.60000000000001	80.80000000000001	1039
28.11.2024 00:00	82.80000000000001	87.4	81.80000000000001	83.0	1202
29.11.2024 00:00	83.4	86.80000000000001	82.0	83.4	1453
02.12.2024 00:00	85.4	87.80000000000001	83.4	83.80000000000001	972
03.12.2024 00:00	83.4	85.4	82.4	83.60000000000001	321
04.12.2024 00:00	82.60000000000001	87.0	82.60000000000001	84.4	997
05.12.2024 00:00	83.0	84.80000000000001	82.4	84.80000000000001	403
06.12.2024 00:00	84.80000000000001	87.4	84.60000000000001	86.4	465
09.12.2024 00:00	86.4	87.80000000000001	84.4	86.4	474
10.12.2024 00:00	84.80000000000001	85.80000000000001	81.80000000000001	85.80000000000001	510
11.12.2024 00:00	85.60000000000001	85.60000000000001	81.0	81.4	298
12.12.2024 00:00	82.4	84.60000000000001	82.0	82.4	172
13.12.2024 00:00	84.4	84.4	72.0	78.4	3747
16.12.2024 00:00	78.60000000000001	79.4	72.8	75.0	1030
17.12.2024 00:00	74.8	74.8	73.0	74.4	409
18.12.2024 00:00	74.4	75.4	73.60000000000001	73.60000000000001	224
19.12.2024 00:00	73.60000000000001	78.60000000000001	73.4	73.8	2205
20.12.2024 00:00	74.0	80.80000000000001	74.0	78.60000000000001	3366
23.12.2024 00:00	78.60000000000001	84.4	78.4	82.4	2018
24.12.2024 00:00	84.4	89.60000000000001	78.4	80.0	2502
25.12.2024 00:00	80.0	81.60000000000001	77.80000000000001	81.60000000000001	1192
26.12.2024 00:00	81.60000000000001	83.0	80.4	82.4	404
27.12.2024 00:00	82.0	82.80000000000001	78.0	79.60000000000001	934
28.12.2024 00:00	79.80000000000001	82.80000000000001	77.80000000000001	81.60000000000001	1140
30.12.2024 00:00	82.4	84.4	80.60000000000001	82.4	1218
03.01.2025 00:00	84.4	84.60000000000001	81.60000000000001	82.4	837
06.01.2025 00:00	82.4	84.0	81.80000000000001	83.60000000000001	884
08.01.2025 00:00	83.80000000000001	87.60000000000001	83.80000000000001	84.4	1987
09.01.2025 00:00	85.4	85.4	80.4	81.4	1086
10.01.2025 00:00	83.60000000000001	96.4	83.0	92.4	16818
13.01.2025 00:00	92.4	96.60000000000001	89.80000000000001	93.0	6313
14.01.2025 00:00	94.4	96.4	91.0	94.60000000000001	1405
15.01.2025 00:00	96.4	104.80000000000001	95.80000000000001	96.60000000000001	7630
16.01.2025 00:00	97.4	102.0	96.80000000000001	97.4	2769
17.01.2025 00:00	98.80000000000001	100.80000000000001	95.0	97.60000000000001	4107
20.01.2025 00:00	97.80000000000001	98.4	95.0	95.4	923
21.01.2025 00:00	96.80000000000001	96.80000000000001	89.4	93.4	3092
22.01.2025 00:00	92.80000000000001	94.60000000000001	90.60000000000001	93.4	1288
23.01.2025 00:00	93.80000000000001	94.0	92.4	92.60000000000001	396
24.01.2025 00:00	92.60000000000001	94.0	92.4	92.80000000000001	561
27.01.2025 00:00	93.80000000000001	93.80000000000001	91.4	91.4	475
28.01.2025 00:00	93.0	93.0	90.0	91.4	497
29.01.2025 00:00	91.4	95.80000000000001	90.4	91.0	2528
30.01.2025 00:00	93.80000000000001	95.4	91.80000000000001	92.80000000000001	1218
31.01.2025 00:00	94.60000000000001	95.4	92.0	93.60000000000001	365
03.02.2025 00:00	93.80000000000001	93.80000000000001	92.0	92.0	247
04.02.2025 00:00	92.0	94.80000000000001	90.4	90.80000000000001	1403
05.02.2025 00:00	91.0	91.0	90.0	90.80000000000001	281
06.02.2025 00:00	90.60000000000001	92.4	90.60000000000001	91.80000000000001	190
07.02.2025 00:00	92.0	94.60000000000001	92.0	93.0	917
10.02.2025 00:00	92.4	95.80000000000001	91.80000000000001	92.80000000000001	1310
11.02.2025 00:00	91.80000000000001	93.4	91.60000000000001	93.4	517
12.02.2025 00:00	93.4	94.80000000000001	92.4	92.4	417
13.02.2025 00:00	95.80000000000001	96.60000000000001	92.60000000000001	93.4	866
14.02.2025 00:00	94.60000000000001	98.0	91.80000000000001	92.4	3536
17.02.2025 00:00	93.4	96.4	92.4	96.4	1654
18.02.2025 00:00	93.4	96.60000000000001	92.4	93.4	1564
19.02.2025 00:00	93.60000000000001	96.0	92.4	93.80000000000001	731
20.02.2025 00:00	93.80000000000001	111.4	93.80000000000001	105.4	24855
21.02.2025 00:00	105.4	109.2	99.80000000000001	101.80000000000001	6452
24.02.2025 00:00	102.80000000000001	107.80000000000001	101.80000000000001	107.60000000000001	4124
25.02.2025 00:00	107.60000000000001	111.60000000000001	105.4	107.0	6727
26.02.2025 00:00	106.60000000000001	117.4	103.0	111.80000000000001	23818
27.02.2025 00:00	111.80000000000001	122.80000000000001	104.4	122.80000000000001	14005
28.02.2025 00:00	127.80000000000001	134.8	113.80000000000001	114.80000000000001	29493
03.03.2025 00:00	114.0	125.2	108.2	108.2	10578
04.03.2025 00:00	111.2	112.60000000000001	109.0	111.60000000000001	3408
05.03.2025 00:00	112.4	112.4	105.2	110.60000000000001	4505
06.03.2025 00:00	110.60000000000001	111.0	107.4	109.80000000000001	1609
07.03.2025 00:00	109.80000000000001	111.60000000000001	104.4	104.4	2406
10.03.2025 00:00	104.60000000000001	114.0	104.4	106.4	7649
11.03.2025 00:00	110.60000000000001	112.60000000000001	106.60000000000001	110.0	2693
12.03.2025 00:00	110.2	117.60000000000001	107.0	108.4	8591
13.03.2025 00:00	108.4	111.2	105.2	108.60000000000001	2006
14.03.2025 00:00	109.60000000000001	109.80000000000001	105.80000000000001	107.80000000000001	1542
17.03.2025 00:00	107.80000000000001	111.60000000000001	107.80000000000001	109.60000000000001	811
18.03.2025 00:00	108.80000000000001	112.0	108.0	110.0	2532
19.03.2025 00:00	112.0	116.80000000000001	108.60000000000001	114.2	4549
20.03.2025 00:00	115.4	116.2	109.80000000000001	111.0	1977
21.03.2025 00:00	111.4	116.80000000000001	109.80000000000001	110.60000000000001	3276
24.03.2025 00:00	113.80000000000001	113.80000000000001	110.80000000000001	110.80000000000001	833
25.03.2025 00:00	110.80000000000001	113.60000000000001	106.80000000000001	107.2	2239
26.03.2025 00:00	110.60000000000001	111.4	106.2	106.60000000000001	1693
27.03.2025 00:00	106.4	108.2	104.2	104.2	345
28.03.2025 00:00	106.60000000000001	106.60000000000001	96.80000000000001	98.4	1370
31.03.2025 00:00	99.80000000000001	117.80000000000001	99.80000000000001	107.2	14133
01.04.2025 00:00	107.60000000000001	108.2	103.4	104.4	3206
02.04.2025 00:00	104.80000000000001	105.2	96.4	100.4	3214
03.04.2025 00:00	101.4	101.60000000000001	97.80000000000001	98.4	1332
04.04.2025 00:00	98.4	102.4	95.80000000000001	96.80000000000001	1730
07.04.2025 00:00	96.0	96.0	86.0	90.4	3825
08.04.2025 00:00	91.0	95.4	88.60000000000001	92.4	1734
09.04.2025 00:00	92.4	92.4	86.4	86.4	1052
10.04.2025 00:00	89.80000000000001	94.80000000000001	89.0	92.0	2920
11.04.2025 00:00	94.0	95.4	91.4	92.4	2707
14.04.2025 00:00	92.4	95.0	90.60000000000001	90.60000000000001	353
15.04.2025 00:00	91.60000000000001	92.4	89.0	89.60000000000001	280
16.04.2025 00:00	91.80000000000001	93.4	89.4	92.60000000000001	506
17.04.2025 00:00	94.0	96.4	90.60000000000001	91.60000000000001	1811
18.04.2025 00:00	92.0	92.60000000000001	91.0	91.4	274
21.04.2025 00:00	91.60000000000001	93.80000000000001	91.4	91.4	820
22.04.2025 00:00	92.60000000000001	93.80000000000001	92.0	93.80000000000001	1747
23.04.2025 00:00	92.4	95.4	91.4	92.4	530
24.04.2025 00:00	94.0	94.80000000000001	89.0	92.60000000000001	1097
25.04.2025 00:00	93.4	94.4	92.80000000000001	94.4	169
28.04.2025 00:00	94.4	94.4	92.4	93.4	530
29.04.2025 00:00	92.80000000000001	92.80000000000001	90.4	90.80000000000001	323
30.04.2025 00:00	90.4	92.60000000000001	90.0	90.80000000000001	319
02.05.2025 00:00	90.80000000000001	90.80000000000001	87.4	88.80000000000001	642
05.05.2025 00:00	89.4	89.4	84.80000000000001	85.4	1040
06.05.2025 00:00	86.4	90.80000000000001	83.80000000000001	87.4	628
07.05.2025 00:00	88.0	90.60000000000001	86.4	89.4	375
08.05.2025 00:00	89.4	91.4	89.4	91.0	65
12.05.2025 00:00	92.80000000000001	93.60000000000001	91.0	91.80000000000001	508
13.05.2025 00:00	91.80000000000001	91.80000000000001	88.80000000000001	91.4	241
14.05.2025 00:00	91.4	91.60000000000001	89.80000000000001	90.80000000000001	85
15.05.2025 00:00	90.4	92.80000000000001	89.4	90.4	167
16.05.2025 00:00	90.4	90.4	87.80000000000001	88.80000000000001	197
19.05.2025 00:00	89.60000000000001	90.0	87.4	88.4	387
20.05.2025 00:00	88.0	88.0	87.0	87.0	265
21.05.2025 00:00	86.80000000000001	86.80000000000001	84.0	84.80000000000001	563
22.05.2025 00:00	84.60000000000001	84.60000000000001	82.80000000000001	83.4	227
