datetime	open	high	low	close	volume
07.03.2018 00:00	0.233	0.23700000000000002	0.233	0.23700000000000002	59
09.03.2018 00:00	0.23900000000000002	0.23900000000000002	0.23600000000000002	0.23600000000000002	21
12.03.2018 00:00	0.23700000000000002	0.23900000000000002	0.23700000000000002	0.23900000000000002	28
13.03.2018 00:00	0.23900000000000002	0.23900000000000002	0.23600000000000002	0.23700000000000002	26
14.03.2018 00:00	0.23600000000000002	0.23600000000000002	0.23600000000000002	0.23600000000000002	1
15.03.2018 00:00	0.23600000000000002	0.23600000000000002	0.231	0.234	10
16.03.2018 00:00	0.231	0.231	0.231	0.231	8
19.03.2018 00:00	0.234	0.23600000000000002	0.232	0.23600000000000002	5
20.03.2018 00:00	0.233	0.233	0.231	0.232	2
21.03.2018 00:00	0.231	0.231	0.224	0.228	12
23.03.2018 00:00	0.229	0.229	0.221	0.221	33
28.03.2018 00:00	0.226	0.226	0.219	0.221	8
29.03.2018 00:00	0.22	0.225	0.219	0.219	20
30.03.2018 00:00	0.219	0.219	0.213	0.213	3
02.04.2018 00:00	0.221	0.221	0.214	0.22	6
03.04.2018 00:00	0.22	0.224	0.218	0.219	4
04.04.2018 00:00	0.221	0.229	0.219	0.219	7
05.04.2018 00:00	0.218	0.221	0.217	0.221	20
06.04.2018 00:00	0.22	0.22	0.217	0.217	5
09.04.2018 00:00	0.212	0.212	0.179	0.197	109
10.04.2018 00:00	0.197	0.2	0.197	0.197	10
11.04.2018 00:00	0.199	0.199	0.196	0.196	4
12.04.2018 00:00	0.2	0.2	0.187	0.189	96
13.04.2018 00:00	0.196	0.196	0.187	0.188	7
16.04.2018 00:00	0.197	0.197	0.187	0.187	7
17.04.2018 00:00	0.187	0.195	0.184	0.186	10
18.04.2018 00:00	0.185	0.199	0.183	0.184	64
19.04.2018 00:00	0.195	0.195	0.188	0.194	136
20.04.2018 00:00	0.195	0.199	0.195	0.199	15
23.04.2018 00:00	0.194	0.196	0.194	0.194	2
24.04.2018 00:00	0.199	0.199	0.195	0.195	5
25.04.2018 00:00	0.196	0.2	0.19	0.19	9
26.04.2018 00:00	0.195	0.202	0.195	0.195	4
27.04.2018 00:00	0.196	0.203	0.196	0.202	10
28.04.2018 00:00	0.198	0.201	0.198	0.201	3
02.05.2018 00:00	0.199	0.20400000000000001	0.199	0.199	2
04.05.2018 00:00	0.203	0.20400000000000001	0.201	0.203	24
07.05.2018 00:00	0.201	0.201	0.201	0.201	1
10.05.2018 00:00	0.188	0.198	0.184	0.198	24
11.05.2018 00:00	0.194	0.194	0.194	0.194	2
15.05.2018 00:00	0.196	0.196	0.19	0.192	30
16.05.2018 00:00	0.194	0.194	0.193	0.193	7
17.05.2018 00:00	0.195	0.195	0.19	0.194	5
22.05.2018 00:00	0.193	0.197	0.193	0.197	3
23.05.2018 00:00	0.184	0.195	0.184	0.185	40
24.05.2018 00:00	0.195	0.195	0.195	0.195	1
25.05.2018 00:00	0.195	0.195	0.195	0.195	1
28.05.2018 00:00	0.198	0.201	0.195	0.195	5
29.05.2018 00:00	0.195	0.201	0.195	0.2	8
31.05.2018 00:00	0.2	0.201	0.2	0.201	14
04.06.2018 00:00	0.2	0.202	0.2	0.2	148
05.06.2018 00:00	0.2	0.20400000000000001	0.2	0.20400000000000001	34
09.06.2018 00:00	0.199	0.199	0.199	0.199	7
14.06.2018 00:00	0.199	0.202	0.198	0.202	94
19.06.2018 00:00	0.195	0.195	0.195	0.195	7
20.06.2018 00:00	0.197	0.198	0.196	0.198	7
21.06.2018 00:00	0.199	0.2	0.198	0.198	18
22.06.2018 00:00	0.198	0.198	0.196	0.196	106
25.06.2018 00:00	0.194	0.2	0.189	0.197	5
26.06.2018 00:00	0.195	0.195	0.195	0.195	2
28.06.2018 00:00	0.195	0.195	0.195	0.195	50
29.06.2018 00:00	0.194	0.194	0.194	0.194	1
02.07.2018 00:00	0.197	0.2	0.194	0.194	50
03.07.2018 00:00	0.193	0.193	0.192	0.192	23
04.07.2018 00:00	0.192	0.193	0.192	0.192	40
05.07.2018 00:00	0.193	0.193	0.193	0.193	1
11.07.2018 00:00	0.198	0.267	0.198	0.21	926
12.07.2018 00:00	0.20700000000000002	0.219	0.20700000000000002	0.214	164
13.07.2018 00:00	0.217	0.23	0.216	0.224	251
16.07.2018 00:00	0.233	0.247	0.23	0.246	154
17.07.2018 00:00	0.249	0.265	0.23900000000000002	0.242	219
18.07.2018 00:00	0.243	0.259	0.242	0.259	63
19.07.2018 00:00	0.252	0.252	0.23900000000000002	0.24	115
20.07.2018 00:00	0.23900000000000002	0.23900000000000002	0.231	0.234	22
23.07.2018 00:00	0.233	0.233	0.22	0.232	33
24.07.2018 00:00	0.234	0.249	0.233	0.23800000000000002	38
25.07.2018 00:00	0.241	0.241	0.23700000000000002	0.23700000000000002	3
26.07.2018 00:00	0.23900000000000002	0.23900000000000002	0.23600000000000002	0.23600000000000002	3
27.07.2018 00:00	0.234	0.234	0.23	0.232	28
30.07.2018 00:00	0.231	0.23500000000000001	0.231	0.23500000000000001	2
01.08.2018 00:00	0.232	0.234	0.229	0.229	59
02.08.2018 00:00	0.228	0.228	0.227	0.227	3
06.08.2018 00:00	0.227	0.227	0.221	0.221	14
07.08.2018 00:00	0.22	0.222	0.219	0.222	17
08.08.2018 00:00	0.219	0.219	0.219	0.219	6
09.08.2018 00:00	0.215	0.219	0.215	0.219	5
10.08.2018 00:00	0.216	0.222	0.214	0.222	12
14.08.2018 00:00	0.226	0.226	0.218	0.219	22
15.08.2018 00:00	0.22	0.227	0.22	0.225	4
17.08.2018 00:00	0.228	0.228	0.228	0.228	4
20.08.2018 00:00	0.22	0.22	0.22	0.22	2
21.08.2018 00:00	0.216	0.219	0.216	0.216	4
22.08.2018 00:00	0.216	0.216	0.215	0.215	2
23.08.2018 00:00	0.214	0.214	0.209	0.212	10
24.08.2018 00:00	0.20800000000000002	0.20800000000000002	0.20700000000000002	0.20700000000000002	5
27.08.2018 00:00	0.20700000000000002	0.20700000000000002	0.20700000000000002	0.20700000000000002	1
28.08.2018 00:00	0.2	0.20700000000000002	0.2	0.20700000000000002	21
29.08.2018 00:00	0.228	0.228	0.209	0.209	12
30.08.2018 00:00	0.211	0.211	0.21	0.211	6
31.08.2018 00:00	0.21	0.21	0.21	0.21	2
03.09.2018 00:00	0.218	0.23	0.209	0.215	40
04.09.2018 00:00	0.212	0.217	0.212	0.217	14
05.09.2018 00:00	0.212	0.218	0.212	0.218	2
06.09.2018 00:00	0.215	0.215	0.215	0.215	1
07.09.2018 00:00	0.211	0.211	0.211	0.211	1
10.09.2018 00:00	0.217	0.234	0.214	0.219	74
11.09.2018 00:00	0.215	0.217	0.211	0.211	32
12.09.2018 00:00	0.218	0.234	0.213	0.216	25
13.09.2018 00:00	0.214	0.234	0.214	0.229	24
14.09.2018 00:00	0.221	0.233	0.216	0.219	19
17.09.2018 00:00	0.23600000000000002	0.245	0.215	0.234	162
18.09.2018 00:00	0.234	0.23800000000000002	0.231	0.231	8
19.09.2018 00:00	0.23	0.23	0.23	0.23	9
20.09.2018 00:00	0.229	0.229	0.229	0.229	1
21.09.2018 00:00	0.226	0.226	0.226	0.226	1
24.09.2018 00:00	0.23	0.23	0.228	0.229	65
25.09.2018 00:00	0.23	0.231	0.226	0.23	22
26.09.2018 00:00	0.225	0.23	0.209	0.212	166
27.09.2018 00:00	0.20800000000000002	0.209	0.203	0.209	43
28.09.2018 00:00	0.20700000000000002	0.22	0.20700000000000002	0.219	33
01.10.2018 00:00	0.215	0.216	0.215	0.216	2
02.10.2018 00:00	0.218	0.228	0.215	0.219	61
03.10.2018 00:00	0.219	0.23	0.219	0.225	218
04.10.2018 00:00	0.225	0.225	0.217	0.217	18
05.10.2018 00:00	0.216	0.216	0.216	0.216	1
08.10.2018 00:00	0.218	0.219	0.215	0.216	20
10.10.2018 00:00	0.214	0.219	0.211	0.214	9
11.10.2018 00:00	0.21	0.232	0.20600000000000002	0.217	174
12.10.2018 00:00	0.216	0.234	0.216	0.23	182
15.10.2018 00:00	0.234	0.234	0.234	0.234	1
18.10.2018 00:00	0.227	0.227	0.224	0.225	6
22.10.2018 00:00	0.229	0.23	0.219	0.224	93
23.10.2018 00:00	0.219	0.22	0.219	0.219	3
24.10.2018 00:00	0.218	0.218	0.218	0.218	2
25.10.2018 00:00	0.212	0.219	0.209	0.214	28
26.10.2018 00:00	0.218	0.218	0.209	0.209	5
29.10.2018 00:00	0.212	0.221	0.212	0.216	19
30.10.2018 00:00	0.217	0.234	0.211	0.221	61
31.10.2018 00:00	0.228	0.228	0.227	0.227	4
06.11.2018 00:00	0.219	0.219	0.219	0.219	1
07.11.2018 00:00	0.227	0.227	0.227	0.227	1
08.11.2018 00:00	0.23	0.23	0.226	0.228	20
09.11.2018 00:00	0.23	0.23	0.23	0.23	1
13.11.2018 00:00	0.226	0.226	0.22	0.22	2
14.11.2018 00:00	0.224	0.254	0.224	0.234	227
15.11.2018 00:00	0.23900000000000002	0.247	0.234	0.23900000000000002	8
16.11.2018 00:00	0.234	0.241	0.234	0.241	7
19.11.2018 00:00	0.234	0.234	0.234	0.234	1
20.11.2018 00:00	0.232	0.232	0.231	0.231	2
21.11.2018 00:00	0.23600000000000002	0.23600000000000002	0.23600000000000002	0.23600000000000002	1
22.11.2018 00:00	0.234	0.23600000000000002	0.234	0.23600000000000002	22
26.11.2018 00:00	0.23600000000000002	0.23900000000000002	0.22	0.234	29
29.11.2018 00:00	0.23800000000000002	0.246	0.23800000000000002	0.23800000000000002	8
30.11.2018 00:00	0.245	0.245	0.225	0.23500000000000001	12
03.12.2018 00:00	0.23800000000000002	0.23800000000000002	0.23800000000000002	0.23800000000000002	1
04.12.2018 00:00	0.233	0.23800000000000002	0.233	0.23800000000000002	5
05.12.2018 00:00	0.23900000000000002	0.23900000000000002	0.23500000000000001	0.23500000000000001	6
06.12.2018 00:00	0.23900000000000002	0.23900000000000002	0.23600000000000002	0.23600000000000002	5
07.12.2018 00:00	0.23900000000000002	0.244	0.233	0.23800000000000002	69
12.12.2018 00:00	0.23900000000000002	0.23900000000000002	0.233	0.233	7
13.12.2018 00:00	0.233	0.233	0.232	0.233	7
14.12.2018 00:00	0.232	0.232	0.229	0.232	72
17.12.2018 00:00	0.23	0.23	0.227	0.227	13
18.12.2018 00:00	0.23	0.23	0.22	0.224	13
19.12.2018 00:00	0.233	0.233	0.23	0.23	2
20.12.2018 00:00	0.22	0.226	0.203	0.214	62
21.12.2018 00:00	0.218	0.221	0.217	0.219	7
24.12.2018 00:00	0.215	0.215	0.215	0.215	60
25.12.2018 00:00	0.217	0.226	0.215	0.225	36
26.12.2018 00:00	0.215	0.215	0.214	0.215	14
27.12.2018 00:00	0.218	0.22	0.214	0.22	14
28.12.2018 00:00	0.224	0.228	0.221	0.221	4
29.12.2018 00:00	0.23	0.23	0.218	0.219	100
03.01.2019 00:00	0.225	0.23500000000000001	0.225	0.226	6
04.01.2019 00:00	0.23	0.23600000000000002	0.228	0.232	32
09.01.2019 00:00	0.23700000000000002	0.23700000000000002	0.234	0.234	2
10.01.2019 00:00	0.23900000000000002	0.271	0.23700000000000002	0.241	48
11.01.2019 00:00	0.247	0.249	0.241	0.248	47
14.01.2019 00:00	0.241	0.251	0.241	0.251	10
15.01.2019 00:00	0.258	0.258	0.249	0.249	15
16.01.2019 00:00	0.245	0.248	0.244	0.248	11
17.01.2019 00:00	0.249	0.254	0.248	0.248	34
18.01.2019 00:00	0.249	0.252	0.247	0.247	3
21.01.2019 00:00	0.25	0.25	0.25	0.25	1
22.01.2019 00:00	0.244	0.248	0.244	0.247	20
23.01.2019 00:00	0.251	0.269	0.249	0.254	106
24.01.2019 00:00	0.249	0.252	0.248	0.248	17
25.01.2019 00:00	0.254	0.254	0.247	0.254	50
28.01.2019 00:00	0.248	0.254	0.247	0.252	48
29.01.2019 00:00	0.249	0.25	0.23	0.249	110
30.01.2019 00:00	0.252	0.253	0.241	0.241	417
31.01.2019 00:00	0.249	0.256	0.248	0.249	18
01.02.2019 00:00	0.254	0.254	0.249	0.25	24
04.02.2019 00:00	0.258	0.258	0.248	0.248	5
05.02.2019 00:00	0.249	0.249	0.244	0.249	61
06.02.2019 00:00	0.249	0.249	0.249	0.249	1
07.02.2019 00:00	0.245	0.245	0.245	0.245	10
08.02.2019 00:00	0.246	0.246	0.245	0.245	2
11.02.2019 00:00	0.243	0.243	0.243	0.243	1
12.02.2019 00:00	0.248	0.248	0.248	0.248	1
14.02.2019 00:00	0.245	0.248	0.234	0.23900000000000002	19
15.02.2019 00:00	0.243	0.243	0.243	0.243	2
18.02.2019 00:00	0.24	0.24	0.24	0.24	1
19.02.2019 00:00	0.23900000000000002	0.23900000000000002	0.23900000000000002	0.23900000000000002	2
20.02.2019 00:00	0.23600000000000002	0.23700000000000002	0.23	0.23700000000000002	49
21.02.2019 00:00	0.234	0.234	0.231	0.231	6
22.02.2019 00:00	0.229	0.249	0.229	0.245	57
25.02.2019 00:00	0.249	0.254	0.249	0.249	77
26.02.2019 00:00	0.257	0.257	0.246	0.256	9
27.02.2019 00:00	0.247	0.253	0.244	0.249	24
28.02.2019 00:00	0.248	0.254	0.247	0.249	53
01.03.2019 00:00	0.247	0.247	0.23900000000000002	0.244	9
04.03.2019 00:00	0.24	0.243	0.24	0.243	2
05.03.2019 00:00	0.24	0.24	0.24	0.24	4
06.03.2019 00:00	0.23900000000000002	0.335	0.23900000000000002	0.304	2599
07.03.2019 00:00	0.309	0.32	0.265	0.265	1332
11.03.2019 00:00	0.266	0.306	0.265	0.281	558
12.03.2019 00:00	0.276	0.28	0.265	0.276	117
13.03.2019 00:00	0.279	0.28500000000000003	0.275	0.279	105
14.03.2019 00:00	0.28400000000000003	0.28500000000000003	0.279	0.28200000000000003	23
15.03.2019 00:00	0.281	0.297	0.28	0.28	142
18.03.2019 00:00	0.281	0.281	0.276	0.276	10
19.03.2019 00:00	0.267	0.28	0.267	0.28	46
20.03.2019 00:00	0.276	0.278	0.275	0.278	9
21.03.2019 00:00	0.277	0.28700000000000003	0.268	0.275	27
22.03.2019 00:00	0.274	0.28400000000000003	0.273	0.273	48
25.03.2019 00:00	0.276	0.28	0.276	0.28	2
26.03.2019 00:00	0.28300000000000003	0.28400000000000003	0.276	0.28300000000000003	11
27.03.2019 00:00	0.28400000000000003	0.28400000000000003	0.273	0.273	75
28.03.2019 00:00	0.272	0.274	0.27	0.274	4
29.03.2019 00:00	0.273	0.296	0.273	0.292	119
01.04.2019 00:00	0.28200000000000003	0.291	0.273	0.28400000000000003	105
02.04.2019 00:00	0.28600000000000003	0.317	0.281	0.302	342
03.04.2019 00:00	0.305	0.305	0.28500000000000003	0.301	76
04.04.2019 00:00	0.298	0.298	0.28800000000000003	0.289	190
05.04.2019 00:00	0.292	0.298	0.28800000000000003	0.28800000000000003	7
08.04.2019 00:00	0.294	0.294	0.28500000000000003	0.28500000000000003	5
09.04.2019 00:00	0.28600000000000003	0.302	0.28600000000000003	0.299	115
10.04.2019 00:00	0.295	0.295	0.274	0.281	69
11.04.2019 00:00	0.278	0.292	0.262	0.291	230
12.04.2019 00:00	0.281	0.281	0.27	0.276	63
15.04.2019 00:00	0.274	0.281	0.273	0.275	52
16.04.2019 00:00	0.28400000000000003	0.323	0.28400000000000003	0.307	506
17.04.2019 00:00	0.314	0.314	0.28	0.28	174
18.04.2019 00:00	0.28700000000000003	0.306	0.28200000000000003	0.289	740
19.04.2019 00:00	0.299	0.299	0.28500000000000003	0.289	23
22.04.2019 00:00	0.303	0.303	0.297	0.297	2
23.04.2019 00:00	0.297	0.297	0.28700000000000003	0.289	26
24.04.2019 00:00	0.28500000000000003	0.294	0.28500000000000003	0.294	9
25.04.2019 00:00	0.302	0.302	0.296	0.299	7
26.04.2019 00:00	0.298	0.303	0.298	0.299	4
29.04.2019 00:00	0.303	0.303	0.299	0.299	7
30.04.2019 00:00	0.281	0.289	0.27	0.272	313
02.05.2019 00:00	0.28	0.28	0.274	0.28	150
03.05.2019 00:00	0.28700000000000003	0.28700000000000003	0.272	0.272	93
06.05.2019 00:00	0.273	0.278	0.273	0.278	2
07.05.2019 00:00	0.277	0.278	0.277	0.277	58
08.05.2019 00:00	0.28300000000000003	0.28300000000000003	0.274	0.277	59
10.05.2019 00:00	0.272	0.272	0.271	0.272	13
13.05.2019 00:00	0.272	0.272	0.262	0.267	286
14.05.2019 00:00	0.267	0.27	0.254	0.262	521
15.05.2019 00:00	0.26	0.268	0.252	0.257	136
16.05.2019 00:00	0.256	0.27	0.249	0.263	421
17.05.2019 00:00	0.266	0.277	0.266	0.274	34
20.05.2019 00:00	0.273	0.275	0.267	0.274	14
21.05.2019 00:00	0.271	0.272	0.256	0.256	20
22.05.2019 00:00	0.263	0.278	0.263	0.272	56
24.05.2019 00:00	0.264	0.268	0.264	0.268	7
27.05.2019 00:00	0.265	0.266	0.26	0.265	184
28.05.2019 00:00	0.265	0.266	0.262	0.262	22
29.05.2019 00:00	0.263	0.274	0.26	0.265	60
30.05.2019 00:00	0.266	0.266	0.266	0.266	4
31.05.2019 00:00	0.259	0.265	0.259	0.26	4
03.06.2019 00:00	0.258	0.272	0.252	0.257	112
04.06.2019 00:00	0.251	0.257	0.249	0.257	7
05.06.2019 00:00	0.254	0.258	0.252	0.256	26
06.06.2019 00:00	0.262	0.266	0.259	0.26	55
07.06.2019 00:00	0.261	0.266	0.258	0.264	62
10.06.2019 00:00	0.259	0.259	0.258	0.258	2
11.06.2019 00:00	0.257	0.269	0.257	0.262	53
13.06.2019 00:00	0.261	0.261	0.258	0.258	7
14.06.2019 00:00	0.264	0.267	0.264	0.267	8
17.06.2019 00:00	0.267	0.267	0.267	0.267	2
18.06.2019 00:00	0.263	0.266	0.26	0.26	6
19.06.2019 00:00	0.261	0.27	0.26	0.268	75
20.06.2019 00:00	0.263	0.263	0.263	0.263	1
21.06.2019 00:00	0.261	0.271	0.261	0.271	9
24.06.2019 00:00	0.263	0.272	0.263	0.272	41
25.06.2019 00:00	0.273	0.274	0.273	0.273	6
26.06.2019 00:00	0.276	0.28500000000000003	0.275	0.28500000000000003	16
27.06.2019 00:00	0.28600000000000003	0.301	0.28	0.29	13
28.06.2019 00:00	0.28800000000000003	0.28800000000000003	0.262	0.28500000000000003	20
01.07.2019 00:00	0.273	0.273	0.273	0.273	1
02.07.2019 00:00	0.28	0.28500000000000003	0.28	0.28500000000000003	31
04.07.2019 00:00	0.273	0.273	0.273	0.273	2
05.07.2019 00:00	0.273	0.276	0.271	0.272	40
09.07.2019 00:00	0.279	0.28800000000000003	0.273	0.281	23
10.07.2019 00:00	0.281	0.281	0.281	0.281	9
11.07.2019 00:00	0.277	0.277	0.276	0.276	3
17.07.2019 00:00	0.277	0.277	0.276	0.276	4
18.07.2019 00:00	0.274	0.275	0.274	0.275	3
19.07.2019 00:00	0.274	0.274	0.273	0.273	7
22.07.2019 00:00	0.273	0.278	0.268	0.268	40
23.07.2019 00:00	0.275	0.275	0.275	0.275	2
24.07.2019 00:00	0.275	0.275	0.266	0.27	4
26.07.2019 00:00	0.266	0.275	0.264	0.27	13
31.07.2019 00:00	0.276	0.276	0.276	0.276	1
01.08.2019 00:00	0.276	0.276	0.267	0.267	12
02.08.2019 00:00	0.266	0.27	0.266	0.267	26
05.08.2019 00:00	0.266	0.272	0.266	0.272	2
06.08.2019 00:00	0.276	0.276	0.265	0.265	39
07.08.2019 00:00	0.26	0.265	0.258	0.26	106
08.08.2019 00:00	0.258	0.26	0.257	0.257	29
09.08.2019 00:00	0.262	0.274	0.262	0.274	27
12.08.2019 00:00	0.264	0.264	0.258	0.259	10
13.08.2019 00:00	0.257	0.257	0.252	0.257	14
14.08.2019 00:00	0.257	0.26	0.249	0.253	15
15.08.2019 00:00	0.253	0.253	0.253	0.253	1
16.08.2019 00:00	0.256	0.256	0.253	0.256	3
19.08.2019 00:00	0.256	0.265	0.25	0.254	98
20.08.2019 00:00	0.261	0.261	0.26	0.26	5
21.08.2019 00:00	0.26	0.26	0.26	0.26	2
22.08.2019 00:00	0.259	0.259	0.259	0.259	1
23.08.2019 00:00	0.258	0.258	0.258	0.258	20
26.08.2019 00:00	0.261	0.262	0.261	0.262	2
28.08.2019 00:00	0.269	0.274	0.269	0.272	3
29.08.2019 00:00	0.277	0.28400000000000003	0.244	0.271	93
30.08.2019 00:00	0.268	0.27	0.259	0.27	9
02.09.2019 00:00	0.259	0.289	0.259	0.271	34
03.09.2019 00:00	0.28	0.28	0.267	0.27	13
04.09.2019 00:00	0.276	0.28600000000000003	0.276	0.28	3
05.09.2019 00:00	0.275	0.279	0.273	0.276	21
06.09.2019 00:00	0.272	0.272	0.269	0.272	39
09.09.2019 00:00	0.278	0.301	0.274	0.276	45
10.09.2019 00:00	0.275	0.275	0.273	0.273	2
11.09.2019 00:00	0.272	0.277	0.271	0.277	18
12.09.2019 00:00	0.272	0.277	0.271	0.277	77
13.09.2019 00:00	0.28400000000000003	0.293	0.28400000000000003	0.293	505
16.09.2019 00:00	0.295	0.307	0.295	0.307	804
17.09.2019 00:00	0.307	0.312	0.28400000000000003	0.28600000000000003	264
18.09.2019 00:00	0.294	0.299	0.279	0.289	60
19.09.2019 00:00	0.293	0.298	0.28600000000000003	0.28800000000000003	24
20.09.2019 00:00	0.28600000000000003	0.28600000000000003	0.28600000000000003	0.28600000000000003	3
23.09.2019 00:00	0.291	0.291	0.28500000000000003	0.28500000000000003	7
24.09.2019 00:00	0.29	0.297	0.28500000000000003	0.28600000000000003	29
25.09.2019 00:00	0.28400000000000003	0.298	0.28	0.28	131
26.09.2019 00:00	0.289	0.301	0.28500000000000003	0.291	98
27.09.2019 00:00	0.301	0.305	0.29	0.299	101
30.09.2019 00:00	0.296	0.296	0.294	0.296	12
01.10.2019 00:00	0.293	0.307	0.291	0.299	53
02.10.2019 00:00	0.313	0.313	0.289	0.294	43
03.10.2019 00:00	0.294	0.314	0.28400000000000003	0.303	73
04.10.2019 00:00	0.291	0.308	0.291	0.299	84
07.10.2019 00:00	0.295	0.308	0.289	0.299	70
08.10.2019 00:00	0.298	0.303	0.28700000000000003	0.298	86
09.10.2019 00:00	0.298	0.298	0.291	0.298	17
10.10.2019 00:00	0.291	0.291	0.291	0.291	11
11.10.2019 00:00	0.294	0.294	0.28400000000000003	0.28500000000000003	45
14.10.2019 00:00	0.292	0.293	0.28500000000000003	0.28700000000000003	100
15.10.2019 00:00	0.292	0.306	0.29	0.301	25
16.10.2019 00:00	0.292	0.298	0.291	0.297	21
17.10.2019 00:00	0.303	0.32	0.293	0.296	48
18.10.2019 00:00	0.29	0.318	0.29	0.303	109
21.10.2019 00:00	0.306	0.306	0.28700000000000003	0.298	130
22.10.2019 00:00	0.298	0.314	0.298	0.299	71
23.10.2019 00:00	0.307	0.307	0.296	0.296	17
24.10.2019 00:00	0.296	0.306	0.294	0.304	39
25.10.2019 00:00	0.297	0.297	0.293	0.297	41
28.10.2019 00:00	0.292	0.294	0.289	0.29	42
29.10.2019 00:00	0.29	0.292	0.28600000000000003	0.28800000000000003	21
30.10.2019 00:00	0.28800000000000003	0.289	0.28500000000000003	0.28500000000000003	39
31.10.2019 00:00	0.28400000000000003	0.28400000000000003	0.28200000000000003	0.28400000000000003	27
01.11.2019 00:00	0.278	0.289	0.278	0.28300000000000003	64
05.11.2019 00:00	0.28200000000000003	0.28700000000000003	0.273	0.28300000000000003	63
06.11.2019 00:00	0.281	0.28400000000000003	0.28	0.28400000000000003	11
07.11.2019 00:00	0.281	0.28400000000000003	0.28	0.28400000000000003	23
08.11.2019 00:00	0.28400000000000003	0.28400000000000003	0.276	0.279	180
11.11.2019 00:00	0.281	0.28400000000000003	0.281	0.28400000000000003	2
12.11.2019 00:00	0.28400000000000003	0.28400000000000003	0.28	0.281	11
13.11.2019 00:00	0.28	0.28	0.275	0.278	262
14.11.2019 00:00	0.277	0.278	0.275	0.275	66
15.11.2019 00:00	0.281	0.281	0.275	0.275	16
18.11.2019 00:00	0.275	0.275	0.275	0.275	1
19.11.2019 00:00	0.277	0.278	0.275	0.275	14
20.11.2019 00:00	0.275	0.275	0.274	0.275	6
21.11.2019 00:00	0.277	0.298	0.277	0.281	685
22.11.2019 00:00	0.28300000000000003	0.28300000000000003	0.28300000000000003	0.28300000000000003	2
25.11.2019 00:00	0.28	0.28400000000000003	0.28	0.28400000000000003	2
26.11.2019 00:00	0.279	0.28	0.277	0.277	54
27.11.2019 00:00	0.277	0.28500000000000003	0.271	0.277	72
28.11.2019 00:00	0.276	0.276	0.272	0.273	12
29.11.2019 00:00	0.273	0.273	0.27	0.273	30
03.12.2019 00:00	0.271	0.271	0.27	0.27	33
04.12.2019 00:00	0.269	0.269	0.265	0.267	25
05.12.2019 00:00	0.265	0.266	0.258	0.262	36
06.12.2019 00:00	0.262	0.265	0.261	0.262	25
09.12.2019 00:00	0.265	0.266	0.265	0.266	104
10.12.2019 00:00	0.266	0.266	0.266	0.266	1
11.12.2019 00:00	0.266	0.268	0.266	0.268	12
12.12.2019 00:00	0.268	0.27	0.264	0.266	29
16.12.2019 00:00	0.265	0.268	0.258	0.265	35
18.12.2019 00:00	0.261	0.265	0.261	0.265	29
19.12.2019 00:00	0.264	0.264	0.26	0.261	52
20.12.2019 00:00	0.263	0.263	0.263	0.263	5
24.12.2019 00:00	0.26	0.26	0.259	0.26	10
25.12.2019 00:00	0.258	0.258	0.249	0.253	933
26.12.2019 00:00	0.249	0.254	0.249	0.253	67
27.12.2019 00:00	0.248	0.26	0.248	0.257	39
30.12.2019 00:00	0.258	0.259	0.257	0.258	7
03.01.2020 00:00	0.251	0.258	0.249	0.258	67
06.01.2020 00:00	0.258	0.258	0.256	0.256	12
08.01.2020 00:00	0.254	0.257	0.254	0.256	10
09.01.2020 00:00	0.257	0.26	0.257	0.26	13
10.01.2020 00:00	0.261	0.262	0.259	0.259	11
13.01.2020 00:00	0.262	0.271	0.262	0.265	129
14.01.2020 00:00	0.261	0.275	0.26	0.269	360
15.01.2020 00:00	0.274	0.276	0.254	0.264	368
16.01.2020 00:00	0.266	0.266	0.26	0.263	83
17.01.2020 00:00	0.265	0.269	0.264	0.264	124
20.01.2020 00:00	0.265	0.27	0.265	0.27	55
21.01.2020 00:00	0.271	0.307	0.27	0.278	1612
22.01.2020 00:00	0.28500000000000003	0.28600000000000003	0.272	0.277	726
23.01.2020 00:00	0.278	0.28400000000000003	0.272	0.275	121
24.01.2020 00:00	0.28200000000000003	0.289	0.276	0.28600000000000003	589
27.01.2020 00:00	0.28600000000000003	0.28600000000000003	0.266	0.268	422
28.01.2020 00:00	0.269	0.278	0.268	0.272	113
29.01.2020 00:00	0.272	0.28	0.268	0.271	183
30.01.2020 00:00	0.274	0.289	0.272	0.278	334
31.01.2020 00:00	0.276	0.28	0.273	0.275	80
03.02.2020 00:00	0.274	0.274	0.268	0.271	63
04.02.2020 00:00	0.27	0.28800000000000003	0.27	0.28400000000000003	257
05.02.2020 00:00	0.28500000000000003	0.299	0.281	0.28500000000000003	98
06.02.2020 00:00	0.294	0.299	0.28400000000000003	0.291	199
07.02.2020 00:00	0.302	0.302	0.28500000000000003	0.298	91
10.02.2020 00:00	0.302	0.313	0.294	0.295	175
11.02.2020 00:00	0.299	0.302	0.294	0.295	66
12.02.2020 00:00	0.302	0.312	0.291	0.303	209
13.02.2020 00:00	0.303	0.329	0.3	0.309	448
14.02.2020 00:00	0.306	0.325	0.306	0.314	95
17.02.2020 00:00	0.327	0.327	0.31	0.322	267
18.02.2020 00:00	0.328	0.337	0.316	0.324	469
19.02.2020 00:00	0.313	0.34400000000000003	0.313	0.34400000000000003	639
20.02.2020 00:00	0.34	0.34	0.326	0.336	170
21.02.2020 00:00	0.34900000000000003	0.359	0.34	0.354	755
25.02.2020 00:00	0.34	0.399	0.34	0.363	1319
26.02.2020 00:00	0.361	0.372	0.34	0.353	920
27.02.2020 00:00	0.343	0.363	0.304	0.32	503
28.02.2020 00:00	0.325	0.364	0.28300000000000003	0.343	1193
02.03.2020 00:00	0.34800000000000003	0.369	0.312	0.343	257
03.03.2020 00:00	0.373	0.397	0.302	0.34900000000000003	315
04.03.2020 00:00	0.336	0.34600000000000003	0.329	0.338	879
05.03.2020 00:00	0.361	0.361	0.339	0.34	165
06.03.2020 00:00	0.352	0.352	0.313	0.317	364
10.03.2020 00:00	0.24	0.312	0.24	0.308	110
11.03.2020 00:00	0.3	0.335	0.299	0.313	57
12.03.2020 00:00	0.301	0.301	0.26	0.26	241
13.03.2020 00:00	0.262	0.28	0.262	0.272	406
16.03.2020 00:00	0.265	0.281	0.25	0.267	181
17.03.2020 00:00	0.254	0.27	0.247	0.26	50
18.03.2020 00:00	0.253	0.254	0.222	0.234	31
19.03.2020 00:00	0.248	0.28	0.222	0.26	64
20.03.2020 00:00	0.27	0.279	0.249	0.26	140
23.03.2020 00:00	0.266	0.269	0.247	0.258	106
24.03.2020 00:00	0.269	0.278	0.259	0.277	137
25.03.2020 00:00	0.279	0.302	0.277	0.277	605
26.03.2020 00:00	0.28300000000000003	0.28400000000000003	0.274	0.274	40
27.03.2020 00:00	0.297	0.297	0.275	0.275	24
30.03.2020 00:00	0.277	0.28600000000000003	0.275	0.28300000000000003	23
31.03.2020 00:00	0.28200000000000003	0.289	0.277	0.281	60
01.04.2020 00:00	0.276	0.295	0.276	0.281	123
02.04.2020 00:00	0.28300000000000003	0.28700000000000003	0.278	0.279	49
03.04.2020 00:00	0.28700000000000003	0.296	0.277	0.28	166
06.04.2020 00:00	0.28300000000000003	0.28700000000000003	0.276	0.28600000000000003	131
07.04.2020 00:00	0.28600000000000003	0.306	0.281	0.28800000000000003	144
08.04.2020 00:00	0.291	0.298	0.28600000000000003	0.29	117
09.04.2020 00:00	0.296	0.308	0.292	0.297	102
10.04.2020 00:00	0.306	0.317	0.298	0.299	302
13.04.2020 00:00	0.305	0.305	0.28800000000000003	0.293	92
14.04.2020 00:00	0.291	0.305	0.28800000000000003	0.297	55
15.04.2020 00:00	0.297	0.297	0.28700000000000003	0.28800000000000003	20
16.04.2020 00:00	0.28	0.305	0.28	0.296	91
17.04.2020 00:00	0.293	0.295	0.29	0.292	76
20.04.2020 00:00	0.289	0.298	0.28700000000000003	0.298	24
21.04.2020 00:00	0.281	0.296	0.281	0.28500000000000003	68
22.04.2020 00:00	0.281	0.293	0.281	0.289	49
23.04.2020 00:00	0.28700000000000003	0.294	0.28700000000000003	0.294	108
24.04.2020 00:00	0.299	0.299	0.289	0.294	31
27.04.2020 00:00	0.3	0.32	0.295	0.307	155
28.04.2020 00:00	0.328	0.328	0.299	0.323	343
29.04.2020 00:00	0.329	0.335	0.312	0.317	66
30.04.2020 00:00	0.328	0.335	0.312	0.317	501
04.05.2020 00:00	0.329	0.358	0.324	0.327	79
05.05.2020 00:00	0.335	0.335	0.314	0.327	69
06.05.2020 00:00	0.333	0.333	0.315	0.32	79
07.05.2020 00:00	0.339	0.34400000000000003	0.313	0.314	52
08.05.2020 00:00	0.321	0.379	0.321	0.34	414
12.05.2020 00:00	0.34400000000000003	0.395	0.342	0.362	280
13.05.2020 00:00	0.34600000000000003	0.356	0.333	0.34600000000000003	106
14.05.2020 00:00	0.337	0.34900000000000003	0.304	0.321	394
15.05.2020 00:00	0.32	0.32	0.311	0.318	175
18.05.2020 00:00	0.315	0.32	0.314	0.315	74
19.05.2020 00:00	0.322	0.322	0.313	0.313	322
20.05.2020 00:00	0.327	0.33	0.314	0.317	46
21.05.2020 00:00	0.324	0.324	0.31	0.314	90
22.05.2020 00:00	0.314	0.357	0.308	0.337	188
25.05.2020 00:00	0.34	0.34800000000000003	0.33	0.331	108
26.05.2020 00:00	0.331	0.339	0.327	0.328	65
27.05.2020 00:00	0.332	0.34600000000000003	0.321	0.324	145
28.05.2020 00:00	0.328	0.328	0.32	0.325	74
29.05.2020 00:00	0.325	0.338	0.325	0.329	86
01.06.2020 00:00	0.337	0.366	0.335	0.341	170
02.06.2020 00:00	0.333	0.34900000000000003	0.331	0.339	249
03.06.2020 00:00	0.34800000000000003	0.34900000000000003	0.33	0.338	44
04.06.2020 00:00	0.336	0.342	0.327	0.333	36
05.06.2020 00:00	0.333	0.34	0.333	0.335	36
08.06.2020 00:00	0.335	0.373	0.335	0.338	87
09.06.2020 00:00	0.34	0.356	0.34	0.34400000000000003	20
10.06.2020 00:00	0.34700000000000003	0.354	0.338	0.338	45
11.06.2020 00:00	0.341	0.343	0.337	0.339	19
15.06.2020 00:00	0.34400000000000003	0.34400000000000003	0.334	0.339	18
16.06.2020 00:00	0.332	0.34	0.332	0.34	29
17.06.2020 00:00	0.339	0.341	0.335	0.335	38
18.06.2020 00:00	0.334	0.335	0.324	0.327	28
19.06.2020 00:00	0.328	0.338	0.325	0.332	51
22.06.2020 00:00	0.34	0.352	0.325	0.34500000000000003	131
23.06.2020 00:00	0.337	0.34700000000000003	0.336	0.337	27
25.06.2020 00:00	0.341	0.341	0.33	0.341	67
26.06.2020 00:00	0.34600000000000003	0.34600000000000003	0.34	0.34	11
29.06.2020 00:00	0.334	0.339	0.333	0.335	7
30.06.2020 00:00	0.333	0.34400000000000003	0.33	0.338	34
02.07.2020 00:00	0.333	0.34500000000000003	0.333	0.34500000000000003	15
03.07.2020 00:00	0.34400000000000003	0.34700000000000003	0.34	0.34400000000000003	29
06.07.2020 00:00	0.341	0.34600000000000003	0.341	0.34600000000000003	2
07.07.2020 00:00	0.352	0.354	0.325	0.339	218
08.07.2020 00:00	0.34	0.34700000000000003	0.335	0.34	34
09.07.2020 00:00	0.34	0.34	0.334	0.335	7
10.07.2020 00:00	0.338	0.34600000000000003	0.337	0.34	15
13.07.2020 00:00	0.34700000000000003	0.35000000000000003	0.329	0.33	49
14.07.2020 00:00	0.332	0.333	0.328	0.33	31
16.07.2020 00:00	0.329	0.331	0.326	0.331	19
17.07.2020 00:00	0.331	0.332	0.331	0.331	10
20.07.2020 00:00	0.334	0.343	0.332	0.337	29
21.07.2020 00:00	0.34	0.34	0.327	0.33	27
22.07.2020 00:00	0.335	0.34400000000000003	0.335	0.336	99
23.07.2020 00:00	0.336	0.34	0.332	0.334	253
24.07.2020 00:00	0.339	0.34700000000000003	0.334	0.334	21
27.07.2020 00:00	0.335	0.338	0.331	0.331	52
28.07.2020 00:00	0.331	0.335	0.324	0.329	84
29.07.2020 00:00	0.329	0.338	0.324	0.338	51
30.07.2020 00:00	0.334	0.336	0.329	0.33	24
31.07.2020 00:00	0.328	0.335	0.324	0.335	48
03.08.2020 00:00	0.336	0.34	0.33	0.333	70
04.08.2020 00:00	0.343	0.34600000000000003	0.331	0.34600000000000003	66
05.08.2020 00:00	0.34800000000000003	0.377	0.34400000000000003	0.368	309
06.08.2020 00:00	0.377	0.377	0.355	0.364	91
07.08.2020 00:00	0.371	0.46900000000000003	0.367	0.41200000000000003	793
10.08.2020 00:00	0.426	0.426	0.398	0.41000000000000003	209
11.08.2020 00:00	0.41600000000000004	0.46	0.402	0.42	363
12.08.2020 00:00	0.429	0.47900000000000004	0.427	0.448	414
13.08.2020 00:00	0.465	0.529	0.44	0.458	864
14.08.2020 00:00	0.441	0.453	0.419	0.433	262
17.08.2020 00:00	0.423	0.457	0.41200000000000003	0.424	138
18.08.2020 00:00	0.41300000000000003	0.41600000000000004	0.401	0.41200000000000003	220
19.08.2020 00:00	0.418	0.436	0.41200000000000003	0.41600000000000004	274
20.08.2020 00:00	0.41400000000000003	0.41400000000000003	0.403	0.403	16
21.08.2020 00:00	0.41200000000000003	0.418	0.405	0.418	62
24.08.2020 00:00	0.406	0.436	0.403	0.405	293
25.08.2020 00:00	0.41400000000000003	0.423	0.403	0.403	65
26.08.2020 00:00	0.406	0.449	0.403	0.41000000000000003	497
27.08.2020 00:00	0.425	0.425	0.401	0.41500000000000004	200
28.08.2020 00:00	0.41600000000000004	0.41600000000000004	0.395	0.396	114
31.08.2020 00:00	0.406	0.406	0.382	0.382	63
01.09.2020 00:00	0.398	0.40700000000000003	0.381	0.381	45
02.09.2020 00:00	0.381	0.39	0.371	0.372	112
03.09.2020 00:00	0.379	0.389	0.374	0.379	37
04.09.2020 00:00	0.373	0.375	0.369	0.37	25
07.09.2020 00:00	0.389	0.424	0.376	0.384	166
08.09.2020 00:00	0.384	0.384	0.355	0.37	73
09.09.2020 00:00	0.365	0.376	0.352	0.369	33
10.09.2020 00:00	0.368	0.372	0.366	0.372	4
11.09.2020 00:00	0.362	0.397	0.361	0.381	114
14.09.2020 00:00	0.397	0.397	0.372	0.384	20
15.09.2020 00:00	0.388	0.397	0.377	0.39	210
16.09.2020 00:00	0.39	0.405	0.371	0.392	94
17.09.2020 00:00	0.397	0.418	0.397	0.402	90
18.09.2020 00:00	0.401	0.401	0.391	0.391	33
21.09.2020 00:00	0.38	0.39	0.38	0.389	17
22.09.2020 00:00	0.389	0.4	0.388	0.4	27
23.09.2020 00:00	0.381	0.40800000000000003	0.377	0.4	116
24.09.2020 00:00	0.41400000000000003	0.41400000000000003	0.392	0.393	56
25.09.2020 00:00	0.395	0.395	0.382	0.382	23
28.09.2020 00:00	0.382	0.382	0.375	0.38	14
29.09.2020 00:00	0.377	0.392	0.37	0.384	45
30.09.2020 00:00	0.394	0.4	0.387	0.4	29
01.10.2020 00:00	0.39	0.391	0.388	0.388	15
02.10.2020 00:00	0.391	0.399	0.39	0.39	43
05.10.2020 00:00	0.393	0.394	0.389	0.39	8
06.10.2020 00:00	0.399	0.399	0.38	0.382	29
07.10.2020 00:00	0.382	0.382	0.377	0.381	15
08.10.2020 00:00	0.377	0.377	0.37	0.371	87
09.10.2020 00:00	0.37	0.37	0.368	0.369	29
12.10.2020 00:00	0.369	0.369	0.368	0.368	14
13.10.2020 00:00	0.366	0.367	0.363	0.363	53
14.10.2020 00:00	0.362	0.37	0.36	0.365	142
15.10.2020 00:00	0.366	0.366	0.358	0.36	11
16.10.2020 00:00	0.358	0.358	0.35000000000000003	0.352	41
19.10.2020 00:00	0.354	0.358	0.35000000000000003	0.35000000000000003	11
20.10.2020 00:00	0.34800000000000003	0.352	0.34800000000000003	0.35100000000000003	27
21.10.2020 00:00	0.35100000000000003	0.358	0.35100000000000003	0.356	33
22.10.2020 00:00	0.354	0.378	0.354	0.358	135
23.10.2020 00:00	0.358	0.376	0.358	0.37	121
26.10.2020 00:00	0.366	0.368	0.359	0.368	23
27.10.2020 00:00	0.359	0.373	0.357	0.364	212
28.10.2020 00:00	0.357	0.357	0.335	0.342	320
29.10.2020 00:00	0.338	0.34900000000000003	0.325	0.343	207
30.10.2020 00:00	0.364	0.364	0.34	0.35100000000000003	109
02.11.2020 00:00	0.34	0.34900000000000003	0.34	0.34900000000000003	62
03.11.2020 00:00	0.342	0.377	0.342	0.35000000000000003	36
05.11.2020 00:00	0.364	0.364	0.34900000000000003	0.34900000000000003	4
06.11.2020 00:00	0.364	0.374	0.35000000000000003	0.357	60
09.11.2020 00:00	0.373	0.374	0.355	0.361	167
10.11.2020 00:00	0.368	0.38	0.361	0.361	78
11.11.2020 00:00	0.377	0.377	0.368	0.368	17
12.11.2020 00:00	0.378	0.399	0.367	0.382	68
13.11.2020 00:00	0.387	0.388	0.369	0.388	7
16.11.2020 00:00	0.397	0.399	0.37	0.372	446
17.11.2020 00:00	0.379	0.379	0.364	0.37	42
18.11.2020 00:00	0.371	0.375	0.368	0.368	63
19.11.2020 00:00	0.371	0.371	0.359	0.36	66
20.11.2020 00:00	0.376	0.376	0.36	0.36	36
23.11.2020 00:00	0.368	0.368	0.357	0.358	33
24.11.2020 00:00	0.36	0.36	0.352	0.356	74
25.11.2020 00:00	0.361	0.366	0.354	0.366	190
26.11.2020 00:00	0.355	0.36	0.355	0.359	12
27.11.2020 00:00	0.367	0.367	0.354	0.362	48
30.11.2020 00:00	0.355	0.362	0.355	0.359	32
01.12.2020 00:00	0.361	0.374	0.358	0.362	132
02.12.2020 00:00	0.364	0.377	0.359	0.363	132
03.12.2020 00:00	0.36	0.369	0.358	0.367	76
04.12.2020 00:00	0.376	0.376	0.355	0.369	162
07.12.2020 00:00	0.365	0.365	0.359	0.359	107
08.12.2020 00:00	0.358	0.36	0.355	0.356	12
09.12.2020 00:00	0.361	0.362	0.355	0.358	81
10.12.2020 00:00	0.355	0.364	0.355	0.363	197
11.12.2020 00:00	0.361	0.365	0.361	0.364	10
14.12.2020 00:00	0.36	0.364	0.359	0.359	244
15.12.2020 00:00	0.366	0.366	0.356	0.356	91
16.12.2020 00:00	0.357	0.357	0.357	0.357	1
17.12.2020 00:00	0.361	0.362	0.355	0.356	23
18.12.2020 00:00	0.356	0.358	0.34900000000000003	0.353	273
21.12.2020 00:00	0.34900000000000003	0.357	0.326	0.34500000000000003	379
22.12.2020 00:00	0.327	0.36	0.327	0.341	328
23.12.2020 00:00	0.35000000000000003	0.359	0.34400000000000003	0.34900000000000003	435
24.12.2020 00:00	0.353	0.353	0.34	0.34900000000000003	15
25.12.2020 00:00	0.35100000000000003	0.35100000000000003	0.341	0.34600000000000003	101
28.12.2020 00:00	0.34900000000000003	0.355	0.34800000000000003	0.35000000000000003	147
29.12.2020 00:00	0.34600000000000003	0.363	0.34600000000000003	0.356	193
30.12.2020 00:00	0.356	0.364	0.35100000000000003	0.361	258
04.01.2021 00:00	0.363	0.378	0.36	0.363	37
05.01.2021 00:00	0.362	0.363	0.362	0.363	19
06.01.2021 00:00	0.364	0.41500000000000004	0.362	0.369	361
08.01.2021 00:00	0.382	0.399	0.37	0.382	520
11.01.2021 00:00	0.37	0.389	0.365	0.385	42
12.01.2021 00:00	0.374	0.396	0.374	0.375	57
13.01.2021 00:00	0.375	0.375	0.365	0.368	211
14.01.2021 00:00	0.364	0.369	0.355	0.366	197
15.01.2021 00:00	0.356	0.4	0.356	0.364	207
18.01.2021 00:00	0.367	0.368	0.364	0.364	17
19.01.2021 00:00	0.378	0.378	0.363	0.366	72
20.01.2021 00:00	0.361	0.37	0.361	0.364	27
21.01.2021 00:00	0.37	0.377	0.365	0.365	13
22.01.2021 00:00	0.36	0.364	0.36	0.364	36
25.01.2021 00:00	0.375	0.375	0.364	0.365	45
26.01.2021 00:00	0.363	0.363	0.361	0.362	45
27.01.2021 00:00	0.367	0.367	0.359	0.362	138
28.01.2021 00:00	0.36	0.367	0.357	0.358	11
29.01.2021 00:00	0.361	0.369	0.359	0.366	89
01.02.2021 00:00	0.354	0.364	0.354	0.364	12
02.02.2021 00:00	0.375	0.375	0.361	0.367	16
03.02.2021 00:00	0.374	0.374	0.35000000000000003	0.357	116
04.02.2021 00:00	0.352	0.369	0.352	0.359	489
05.02.2021 00:00	0.356	0.366	0.356	0.365	147
08.02.2021 00:00	0.365	0.373	0.357	0.365	823
09.02.2021 00:00	0.369	0.369	0.359	0.359	92
10.02.2021 00:00	0.36	0.368	0.357	0.358	317
11.02.2021 00:00	0.372	0.372	0.356	0.356	472
12.02.2021 00:00	0.356	0.363	0.35100000000000003	0.362	225
15.02.2021 00:00	0.359	0.36	0.358	0.358	7
16.02.2021 00:00	0.352	0.367	0.352	0.359	20
17.02.2021 00:00	0.36	0.36	0.353	0.353	189
18.02.2021 00:00	0.357	0.362	0.353	0.358	234
19.02.2021 00:00	0.361	0.40800000000000003	0.356	0.359	839
20.02.2021 00:00	0.363	0.386	0.36	0.364	744
22.02.2021 00:00	0.378	0.395	0.364	0.37	86
24.02.2021 00:00	0.381	0.395	0.34800000000000003	0.355	1623
25.02.2021 00:00	0.358	0.359	0.34900000000000003	0.357	231
26.02.2021 00:00	0.357	0.359	0.34900000000000003	0.34900000000000003	247
01.03.2021 00:00	0.35000000000000003	0.373	0.34900000000000003	0.354	327
02.03.2021 00:00	0.354	0.372	0.35100000000000003	0.36	624
03.03.2021 00:00	0.372	0.372	0.354	0.366	335
04.03.2021 00:00	0.359	0.362	0.358	0.358	41
05.03.2021 00:00	0.358	0.358	0.357	0.357	24
09.03.2021 00:00	0.35100000000000003	0.356	0.35000000000000003	0.35000000000000003	127
10.03.2021 00:00	0.34800000000000003	0.356	0.34700000000000003	0.356	13
11.03.2021 00:00	0.353	0.356	0.35100000000000003	0.356	50
12.03.2021 00:00	0.35000000000000003	0.379	0.35000000000000003	0.361	378
15.03.2021 00:00	0.36	0.364	0.356	0.363	212
16.03.2021 00:00	0.363	0.364	0.359	0.364	46
17.03.2021 00:00	0.364	0.394	0.361	0.381	1071
18.03.2021 00:00	0.38	0.391	0.362	0.367	262
19.03.2021 00:00	0.366	0.379	0.362	0.374	39
22.03.2021 00:00	0.367	0.378	0.367	0.378	2
23.03.2021 00:00	0.365	0.38	0.362	0.366	25
24.03.2021 00:00	0.363	0.377	0.363	0.376	56
25.03.2021 00:00	0.379	0.379	0.366	0.37	26
26.03.2021 00:00	0.371	0.377	0.366	0.374	188
29.03.2021 00:00	0.378	0.396	0.368	0.386	231
30.03.2021 00:00	0.39	0.39	0.38	0.384	6
31.03.2021 00:00	0.389	0.395	0.377	0.387	117
01.04.2021 00:00	0.39	0.395	0.373	0.376	83
02.04.2021 00:00	0.394	0.394	0.377	0.389	38
05.04.2021 00:00	0.395	0.395	0.381	0.388	32
06.04.2021 00:00	0.394	0.395	0.382	0.385	219
07.04.2021 00:00	0.39	0.39	0.381	0.39	34
08.04.2021 00:00	0.393	0.393	0.381	0.386	19
09.04.2021 00:00	0.38	0.389	0.377	0.379	173
12.04.2021 00:00	0.377	0.392	0.37	0.384	109
13.04.2021 00:00	0.376	0.381	0.373	0.376	35
14.04.2021 00:00	0.372	0.384	0.372	0.384	20
15.04.2021 00:00	0.374	0.382	0.374	0.378	24
16.04.2021 00:00	0.379	0.379	0.374	0.374	34
19.04.2021 00:00	0.379	0.381	0.373	0.379	219
20.04.2021 00:00	0.38	0.397	0.378	0.379	354
21.04.2021 00:00	0.388	0.392	0.381	0.381	56
22.04.2021 00:00	0.38	0.38	0.38	0.38	15
23.04.2021 00:00	0.396	0.396	0.382	0.385	94
26.04.2021 00:00	0.378	0.399	0.377	0.379	76
27.04.2021 00:00	0.39	0.394	0.371	0.381	352
28.04.2021 00:00	0.389	0.389	0.375	0.381	28
29.04.2021 00:00	0.38	0.38	0.375	0.376	8
30.04.2021 00:00	0.374	0.374	0.373	0.373	3
04.05.2021 00:00	0.373	0.373	0.369	0.37	83
05.05.2021 00:00	0.367	0.374	0.362	0.368	74
06.05.2021 00:00	0.368	0.368	0.364	0.365	9
07.05.2021 00:00	0.368	0.382	0.36	0.362	123
10.05.2021 00:00	0.365	0.377	0.359	0.363	70
11.05.2021 00:00	0.363	0.381	0.359	0.373	117
12.05.2021 00:00	0.375	0.375	0.362	0.369	65
13.05.2021 00:00	0.363	0.367	0.363	0.363	10
14.05.2021 00:00	0.364	0.368	0.359	0.36	81
17.05.2021 00:00	0.36	0.363	0.355	0.362	85
18.05.2021 00:00	0.361	0.37	0.357	0.37	147
19.05.2021 00:00	0.367	0.368	0.352	0.353	202
20.05.2021 00:00	0.357	0.362	0.354	0.362	72
21.05.2021 00:00	0.358	0.358	0.354	0.357	32
24.05.2021 00:00	0.354	0.359	0.354	0.358	3
25.05.2021 00:00	0.359	0.359	0.359	0.359	4
26.05.2021 00:00	0.361	0.362	0.354	0.358	86
27.05.2021 00:00	0.357	0.364	0.355	0.36	52
28.05.2021 00:00	0.363	0.372	0.36	0.363	50
31.05.2021 00:00	0.364	0.364	0.356	0.358	31
01.06.2021 00:00	0.357	0.365	0.357	0.364	137
02.06.2021 00:00	0.364	0.378	0.36	0.36	152
03.06.2021 00:00	0.359	0.363	0.355	0.362	52
04.06.2021 00:00	0.364	0.364	0.355	0.361	24
07.06.2021 00:00	0.362	0.362	0.352	0.353	166
08.06.2021 00:00	0.35100000000000003	0.357	0.35100000000000003	0.355	43
09.06.2021 00:00	0.358	0.36	0.354	0.355	109
10.06.2021 00:00	0.358	0.364	0.356	0.359	105
11.06.2021 00:00	0.361	0.365	0.359	0.36	60
14.06.2021 00:00	0.36	0.364	0.359	0.363	53
15.06.2021 00:00	0.365	0.374	0.34900000000000003	0.359	244
16.06.2021 00:00	0.359	0.359	0.34900000000000003	0.355	292
17.06.2021 00:00	0.355	0.359	0.352	0.357	34
18.06.2021 00:00	0.357	0.359	0.355	0.355	45
21.06.2021 00:00	0.359	0.359	0.359	0.359	1
22.06.2021 00:00	0.359	0.359	0.355	0.359	3
23.06.2021 00:00	0.359	0.361	0.359	0.361	25
24.06.2021 00:00	0.358	0.359	0.358	0.359	11
25.06.2021 00:00	0.358	0.358	0.352	0.353	25
28.06.2021 00:00	0.352	0.363	0.35100000000000003	0.356	119
29.06.2021 00:00	0.358	0.358	0.352	0.355	14
30.06.2021 00:00	0.35100000000000003	0.353	0.34800000000000003	0.34900000000000003	113
01.07.2021 00:00	0.34900000000000003	0.352	0.34400000000000003	0.34400000000000003	174
02.07.2021 00:00	0.34700000000000003	0.35000000000000003	0.34700000000000003	0.35000000000000003	12
05.07.2021 00:00	0.352	0.352	0.34700000000000003	0.34700000000000003	8
06.07.2021 00:00	0.34600000000000003	0.352	0.34400000000000003	0.34400000000000003	162
07.07.2021 00:00	0.343	0.34600000000000003	0.343	0.34500000000000003	151
08.07.2021 00:00	0.34600000000000003	0.34600000000000003	0.343	0.34600000000000003	30
09.07.2021 00:00	0.34600000000000003	0.34600000000000003	0.341	0.34400000000000003	13
12.07.2021 00:00	0.34400000000000003	0.34800000000000003	0.34	0.34800000000000003	40
13.07.2021 00:00	0.34800000000000003	0.35100000000000003	0.34800000000000003	0.35000000000000003	7
14.07.2021 00:00	0.352	0.353	0.34800000000000003	0.34800000000000003	5
15.07.2021 00:00	0.34700000000000003	0.34700000000000003	0.34400000000000003	0.34500000000000003	4
16.07.2021 00:00	0.34800000000000003	0.34800000000000003	0.34400000000000003	0.34400000000000003	18
19.07.2021 00:00	0.343	0.34800000000000003	0.341	0.341	8
20.07.2021 00:00	0.34400000000000003	0.34400000000000003	0.341	0.341	3
21.07.2021 00:00	0.34400000000000003	0.358	0.34400000000000003	0.354	145
22.07.2021 00:00	0.353	0.353	0.34400000000000003	0.34400000000000003	17
23.07.2021 00:00	0.34400000000000003	0.366	0.343	0.36	563
26.07.2021 00:00	0.366	0.366	0.34900000000000003	0.352	64
27.07.2021 00:00	0.355	0.36	0.34600000000000003	0.34800000000000003	26
28.07.2021 00:00	0.35000000000000003	0.366	0.343	0.35000000000000003	319
29.07.2021 00:00	0.35000000000000003	0.353	0.34900000000000003	0.352	13
30.07.2021 00:00	0.359	0.359	0.34900000000000003	0.34900000000000003	9
02.08.2021 00:00	0.34900000000000003	0.355	0.34400000000000003	0.34800000000000003	252
03.08.2021 00:00	0.34900000000000003	0.354	0.34600000000000003	0.34600000000000003	12
04.08.2021 00:00	0.354	0.363	0.34400000000000003	0.35100000000000003	167
05.08.2021 00:00	0.354	0.354	0.34800000000000003	0.35000000000000003	20
06.08.2021 00:00	0.354	0.363	0.34900000000000003	0.35000000000000003	206
09.08.2021 00:00	0.356	0.363	0.34500000000000003	0.34600000000000003	57
10.08.2021 00:00	0.353	0.353	0.34400000000000003	0.34500000000000003	85
11.08.2021 00:00	0.35000000000000003	0.354	0.34400000000000003	0.34400000000000003	16
12.08.2021 00:00	0.34500000000000003	0.34700000000000003	0.329	0.34	158
13.08.2021 00:00	0.34	0.343	0.34	0.343	18
16.08.2021 00:00	0.343	0.343	0.343	0.343	15
17.08.2021 00:00	0.343	0.362	0.343	0.35100000000000003	167
18.08.2021 00:00	0.353	0.357	0.353	0.355	81
19.08.2021 00:00	0.36	0.368	0.343	0.34800000000000003	301
20.08.2021 00:00	0.34800000000000003	0.35100000000000003	0.34600000000000003	0.35000000000000003	35
23.08.2021 00:00	0.35100000000000003	0.35100000000000003	0.343	0.343	161
24.08.2021 00:00	0.34600000000000003	0.35100000000000003	0.343	0.34700000000000003	34
25.08.2021 00:00	0.34800000000000003	0.34800000000000003	0.34600000000000003	0.34600000000000003	7
26.08.2021 00:00	0.34900000000000003	0.34900000000000003	0.34500000000000003	0.34700000000000003	15
27.08.2021 00:00	0.34500000000000003	0.34500000000000003	0.34500000000000003	0.34500000000000003	6
30.08.2021 00:00	0.34900000000000003	0.34900000000000003	0.341	0.34600000000000003	222
31.08.2021 00:00	0.34600000000000003	0.352	0.34500000000000003	0.34800000000000003	111
01.09.2021 00:00	0.353	0.353	0.34	0.343	182
02.09.2021 00:00	0.34700000000000003	0.34700000000000003	0.34400000000000003	0.34400000000000003	45
03.09.2021 00:00	0.34600000000000003	0.34800000000000003	0.326	0.332	1296
06.09.2021 00:00	0.333	0.334	0.323	0.328	459
07.09.2021 00:00	0.328	0.331	0.309	0.321	528
08.09.2021 00:00	0.323	0.329	0.318	0.322	178
09.09.2021 00:00	0.325	0.328	0.309	0.313	415
10.09.2021 00:00	0.313	0.318	0.309	0.312	249
13.09.2021 00:00	0.313	0.33	0.31	0.32	97
14.09.2021 00:00	0.315	0.329	0.315	0.325	221
15.09.2021 00:00	0.323	0.327	0.321	0.327	115
16.09.2021 00:00	0.327	0.327	0.324	0.325	22
17.09.2021 00:00	0.329	0.329	0.31	0.317	40
20.09.2021 00:00	0.323	0.332	0.321	0.321	55
21.09.2021 00:00	0.323	0.323	0.32	0.32	23
22.09.2021 00:00	0.322	0.322	0.32	0.32	14
23.09.2021 00:00	0.323	0.335	0.318	0.326	120
24.09.2021 00:00	0.334	0.34	0.315	0.321	169
27.09.2021 00:00	0.323	0.323	0.321	0.321	36
28.09.2021 00:00	0.32	0.326	0.318	0.324	35
29.09.2021 00:00	0.324	0.326	0.321	0.322	51
30.09.2021 00:00	0.322	0.325	0.321	0.321	31
01.10.2021 00:00	0.324	0.325	0.318	0.321	35
04.10.2021 00:00	0.323	0.34400000000000003	0.323	0.332	231
05.10.2021 00:00	0.321	0.34700000000000003	0.321	0.327	186
06.10.2021 00:00	0.337	0.339	0.328	0.329	92
07.10.2021 00:00	0.33	0.34	0.33	0.335	88
08.10.2021 00:00	0.329	0.339	0.329	0.338	15
11.10.2021 00:00	0.331	0.34	0.331	0.335	57
12.10.2021 00:00	0.34	0.35100000000000003	0.339	0.34800000000000003	271
13.10.2021 00:00	0.35100000000000003	0.359	0.342	0.34400000000000003	415
14.10.2021 00:00	0.34800000000000003	0.366	0.34400000000000003	0.358	772
15.10.2021 00:00	0.362	0.377	0.34	0.34600000000000003	862
18.10.2021 00:00	0.357	0.361	0.34900000000000003	0.354	358
19.10.2021 00:00	0.352	0.388	0.352	0.368	1334
20.10.2021 00:00	0.36	0.388	0.355	0.361	512
21.10.2021 00:00	0.364	0.379	0.357	0.358	398
22.10.2021 00:00	0.377	0.377	0.34400000000000003	0.355	196
25.10.2021 00:00	0.366	0.366	0.352	0.352	114
26.10.2021 00:00	0.34900000000000003	0.357	0.34700000000000003	0.35100000000000003	117
27.10.2021 00:00	0.34900000000000003	0.354	0.34400000000000003	0.34800000000000003	142
28.10.2021 00:00	0.343	0.343	0.33	0.336	179
29.10.2021 00:00	0.334	0.34	0.333	0.34	56
01.11.2021 00:00	0.34	0.34500000000000003	0.336	0.337	93
02.11.2021 00:00	0.336	0.336	0.332	0.334	136
03.11.2021 00:00	0.337	0.339	0.332	0.334	72
05.11.2021 00:00	0.334	0.336	0.332	0.336	28
08.11.2021 00:00	0.335	0.335	0.332	0.335	6
09.11.2021 00:00	0.332	0.335	0.332	0.333	13
10.11.2021 00:00	0.335	0.339	0.332	0.337	62
11.11.2021 00:00	0.332	0.337	0.332	0.334	30
12.11.2021 00:00	0.333	0.335	0.328	0.333	65
15.11.2021 00:00	0.329	0.338	0.329	0.332	69
16.11.2021 00:00	0.328	0.333	0.299	0.331	86
17.11.2021 00:00	0.337	0.337	0.327	0.328	14
18.11.2021 00:00	0.331	0.333	0.313	0.318	85
19.11.2021 00:00	0.337	0.34500000000000003	0.316	0.322	96
22.11.2021 00:00	0.33	0.33	0.308	0.316	118
23.11.2021 00:00	0.321	0.328	0.315	0.32	49
24.11.2021 00:00	0.317	0.322	0.317	0.321	70
25.11.2021 00:00	0.321	0.324	0.321	0.322	14
26.11.2021 00:00	0.321	0.324	0.3	0.31	169
29.11.2021 00:00	0.301	0.31	0.301	0.31	19
30.11.2021 00:00	0.31	0.313	0.305	0.306	34
01.12.2021 00:00	0.312	0.312	0.309	0.309	3
02.12.2021 00:00	0.309	0.313	0.308	0.308	36
03.12.2021 00:00	0.313	0.317	0.313	0.316	20
06.12.2021 00:00	0.313	0.313	0.307	0.311	12
07.12.2021 00:00	0.301	0.31	0.3	0.304	112
08.12.2021 00:00	0.304	0.309	0.299	0.302	63
09.12.2021 00:00	0.306	0.306	0.297	0.305	4
10.12.2021 00:00	0.3	0.318	0.297	0.302	42
13.12.2021 00:00	0.323	0.323	0.298	0.3	39
14.12.2021 00:00	0.295	0.304	0.295	0.299	19
15.12.2021 00:00	0.305	0.305	0.297	0.297	19
16.12.2021 00:00	0.315	0.316	0.303	0.304	35
17.12.2021 00:00	0.306	0.306	0.298	0.303	6
20.12.2021 00:00	0.295	0.299	0.295	0.297	25
21.12.2021 00:00	0.302	0.318	0.299	0.299	43
22.12.2021 00:00	0.305	0.305	0.303	0.303	4
23.12.2021 00:00	0.314	0.314	0.3	0.3	12
24.12.2021 00:00	0.296	0.314	0.296	0.3	79
27.12.2021 00:00	0.299	0.304	0.299	0.299	82
28.12.2021 00:00	0.304	0.304	0.295	0.299	48
29.12.2021 00:00	0.296	0.301	0.296	0.301	5
30.12.2021 00:00	0.3	0.303	0.299	0.303	13
03.01.2022 00:00	0.3	0.311	0.3	0.309	7
04.01.2022 00:00	0.306	0.325	0.306	0.317	65
05.01.2022 00:00	0.317	0.325	0.315	0.32	100
06.01.2022 00:00	0.314	0.318	0.314	0.318	16
10.01.2022 00:00	0.313	0.315	0.304	0.31	101
11.01.2022 00:00	0.312	0.313	0.31	0.313	9
12.01.2022 00:00	0.313	0.328	0.312	0.314	21
13.01.2022 00:00	0.327	0.327	0.315	0.325	97
14.01.2022 00:00	0.316	0.326	0.316	0.321	21
17.01.2022 00:00	0.318	0.318	0.309	0.309	17
18.01.2022 00:00	0.303	0.303	0.294	0.294	148
19.01.2022 00:00	0.294	0.302	0.28800000000000003	0.293	89
20.01.2022 00:00	0.29	0.299	0.28500000000000003	0.299	21
21.01.2022 00:00	0.3	0.3	0.298	0.298	4
24.01.2022 00:00	0.294	0.3	0.25	0.27	238
25.01.2022 00:00	0.28	0.29	0.264	0.264	64
26.01.2022 00:00	0.274	0.281	0.271	0.277	18
27.01.2022 00:00	0.281	0.292	0.28	0.28400000000000003	19
28.01.2022 00:00	0.29	0.29	0.28300000000000003	0.28300000000000003	12
31.01.2022 00:00	0.28600000000000003	0.292	0.28500000000000003	0.28700000000000003	8
01.02.2022 00:00	0.294	0.294	0.29	0.29	7
02.02.2022 00:00	0.29	0.291	0.29	0.291	13
03.02.2022 00:00	0.29	0.29	0.289	0.289	3
04.02.2022 00:00	0.29	0.328	0.29	0.298	69
07.02.2022 00:00	0.295	0.296	0.295	0.296	6
08.02.2022 00:00	0.292	0.292	0.277	0.289	53
09.02.2022 00:00	0.293	0.297	0.289	0.289	13
10.02.2022 00:00	0.293	0.297	0.293	0.297	5
11.02.2022 00:00	0.297	0.297	0.292	0.292	3
14.02.2022 00:00	0.289	0.289	0.281	0.28800000000000003	26
15.02.2022 00:00	0.29	0.295	0.289	0.294	32
16.02.2022 00:00	0.295	0.296	0.295	0.296	6
17.02.2022 00:00	0.292	0.293	0.281	0.29	12
18.02.2022 00:00	0.289	0.292	0.28500000000000003	0.28700000000000003	15
21.02.2022 00:00	0.28400000000000003	0.28400000000000003	0.26	0.261	61
22.02.2022 00:00	0.254	0.269	0.247	0.26	50
24.02.2022 00:00	0.23500000000000001	0.252	0.192	0.194	102
25.02.2022 00:00	0.241	0.26	0.20500000000000002	0.234	22
28.03.2022 00:00	0.249	0.27	0.202	0.212	22
29.03.2022 00:00	0.211	0.26	0.21	0.23800000000000002	83
30.03.2022 00:00	0.23900000000000002	0.25	0.216	0.248	109
31.03.2022 00:00	0.252	0.278	0.248	0.267	160
01.04.2022 00:00	0.273	0.28600000000000003	0.271	0.272	46
04.04.2022 00:00	0.281	0.298	0.272	0.28600000000000003	145
05.04.2022 00:00	0.281	0.281	0.278	0.278	16
06.04.2022 00:00	0.281	0.294	0.278	0.278	52
07.04.2022 00:00	0.28600000000000003	0.299	0.28300000000000003	0.28300000000000003	101
08.04.2022 00:00	0.28600000000000003	0.295	0.28	0.28	14
11.04.2022 00:00	0.28600000000000003	0.28600000000000003	0.281	0.281	8
12.04.2022 00:00	0.28500000000000003	0.28600000000000003	0.278	0.28300000000000003	13
13.04.2022 00:00	0.272	0.291	0.26	0.277	69
14.04.2022 00:00	0.278	0.278	0.263	0.268	38
15.04.2022 00:00	0.264	0.272	0.262	0.264	32
18.04.2022 00:00	0.269	0.271	0.251	0.27	74
19.04.2022 00:00	0.27	0.27	0.261	0.267	8
20.04.2022 00:00	0.265	0.267	0.265	0.267	2
21.04.2022 00:00	0.262	0.264	0.256	0.26	8
22.04.2022 00:00	0.262	0.263	0.26	0.261	8
25.04.2022 00:00	0.257	0.259	0.249	0.25	48
26.04.2022 00:00	0.25	0.253	0.247	0.253	6
27.04.2022 00:00	0.253	0.254	0.25	0.254	16
28.04.2022 00:00	0.259	0.259	0.252	0.252	2
29.04.2022 00:00	0.261	0.261	0.261	0.261	5
04.05.2022 00:00	0.259	0.267	0.25	0.251	29
05.05.2022 00:00	0.299	0.299	0.259	0.264	67
06.05.2022 00:00	0.264	0.273	0.26	0.26	21
11.05.2022 00:00	0.252	0.254	0.244	0.252	24
12.05.2022 00:00	0.258	0.26	0.251	0.26	25
13.05.2022 00:00	0.256	0.26	0.254	0.259	26
16.05.2022 00:00	0.272	0.272	0.259	0.263	7
17.05.2022 00:00	0.256	0.264	0.256	0.263	8
18.05.2022 00:00	0.264	0.269	0.264	0.269	4
19.05.2022 00:00	0.263	0.269	0.263	0.263	32
20.05.2022 00:00	0.267	0.272	0.257	0.27	26
23.05.2022 00:00	0.268	0.268	0.252	0.265	16
24.05.2022 00:00	0.259	0.26	0.256	0.26	22
25.05.2022 00:00	0.258	0.262	0.256	0.256	26
26.05.2022 00:00	0.256	0.266	0.248	0.266	25
27.05.2022 00:00	0.267	0.267	0.25	0.256	23
30.05.2022 00:00	0.258	0.26	0.257	0.26	7
31.05.2022 00:00	0.265	0.27	0.251	0.265	58
01.06.2022 00:00	0.26	0.26	0.25	0.258	31
03.06.2022 00:00	0.256	0.259	0.254	0.259	6
06.06.2022 00:00	0.257	0.259	0.257	0.259	15
07.06.2022 00:00	0.263	0.268	0.258	0.262	8
08.06.2022 00:00	0.263	0.264	0.26	0.26	6
09.06.2022 00:00	0.254	0.259	0.253	0.259	4
14.06.2022 00:00	0.258	0.258	0.258	0.258	4
15.06.2022 00:00	0.256	0.263	0.256	0.263	14
16.06.2022 00:00	0.263	0.263	0.25	0.256	16
17.06.2022 00:00	0.253	0.26	0.253	0.26	4
20.06.2022 00:00	0.266	0.296	0.266	0.277	66
21.06.2022 00:00	0.281	0.281	0.272	0.28	10
22.06.2022 00:00	0.276	0.28800000000000003	0.276	0.281	20
23.06.2022 00:00	0.281	0.281	0.281	0.281	1
24.06.2022 00:00	0.28700000000000003	0.28700000000000003	0.28700000000000003	0.28700000000000003	1
27.06.2022 00:00	0.28800000000000003	0.299	0.28600000000000003	0.28600000000000003	22
28.06.2022 00:00	0.298	0.298	0.281	0.281	12
29.06.2022 00:00	0.289	0.296	0.28800000000000003	0.294	15
30.06.2022 00:00	0.296	0.296	0.268	0.28	27
01.07.2022 00:00	0.27	0.279	0.269	0.279	5
04.07.2022 00:00	0.27	0.279	0.269	0.279	14
05.07.2022 00:00	0.269	0.27	0.261	0.268	28
06.07.2022 00:00	0.274	0.274	0.258	0.258	20
07.07.2022 00:00	0.256	0.265	0.256	0.265	11
08.07.2022 00:00	0.267	0.267	0.261	0.261	8
11.07.2022 00:00	0.264	0.267	0.202	0.254	115
12.07.2022 00:00	0.261	0.267	0.256	0.26	29
13.07.2022 00:00	0.258	0.26	0.258	0.258	9
14.07.2022 00:00	0.256	0.26	0.25	0.259	74
15.07.2022 00:00	0.296	0.296	0.245	0.253	351
18.07.2022 00:00	0.257	0.269	0.256	0.261	25
19.07.2022 00:00	0.262	0.262	0.254	0.262	13
20.07.2022 00:00	0.254	0.261	0.251	0.256	35
21.07.2022 00:00	0.26	0.261	0.256	0.261	12
22.07.2022 00:00	0.258	0.261	0.256	0.26	10
25.07.2022 00:00	0.256	0.263	0.25	0.263	15
26.07.2022 00:00	0.259	0.259	0.257	0.259	15
27.07.2022 00:00	0.263	0.263	0.257	0.257	14
28.07.2022 00:00	0.261	0.261	0.261	0.261	1
29.07.2022 00:00	0.263	0.274	0.256	0.257	50
01.08.2022 00:00	0.269	0.269	0.261	0.261	8
02.08.2022 00:00	0.295	0.295	0.253	0.26	25
03.08.2022 00:00	0.261	0.261	0.26	0.26	11
04.08.2022 00:00	0.259	0.259	0.256	0.256	22
05.08.2022 00:00	0.256	0.261	0.254	0.257	60
08.08.2022 00:00	0.256	0.259	0.245	0.259	39
09.08.2022 00:00	0.258	0.258	0.254	0.254	7
10.08.2022 00:00	0.259	0.261	0.257	0.261	9
11.08.2022 00:00	0.26	0.261	0.26	0.261	3
15.08.2022 00:00	0.267	0.267	0.267	0.267	2
16.08.2022 00:00	0.265	0.27	0.259	0.263	29
17.08.2022 00:00	0.262	0.264	0.262	0.264	15
18.08.2022 00:00	0.264	0.289	0.264	0.266	44
19.08.2022 00:00	0.265	0.265	0.264	0.264	14
22.08.2022 00:00	0.264	0.264	0.262	0.264	5
23.08.2022 00:00	0.271	0.271	0.25	0.26	326
24.08.2022 00:00	0.258	0.26	0.258	0.26	28
25.08.2022 00:00	0.258	0.26	0.257	0.259	53
26.08.2022 00:00	0.256	0.26	0.256	0.258	65
29.08.2022 00:00	0.262	0.34900000000000003	0.252	0.262	78
30.08.2022 00:00	0.262	0.263	0.261	0.261	13
31.08.2022 00:00	0.254	0.337	0.254	0.261	12
01.09.2022 00:00	0.259	0.259	0.25	0.256	165
02.09.2022 00:00	0.26	0.261	0.256	0.261	31
05.09.2022 00:00	0.264	0.264	0.261	0.262	15
06.09.2022 00:00	0.268	0.268	0.26	0.261	49
07.09.2022 00:00	0.26	0.263	0.259	0.259	60
08.09.2022 00:00	0.261	0.261	0.26	0.261	5
09.09.2022 00:00	0.262	0.262	0.26	0.26	14
12.09.2022 00:00	0.26	0.263	0.26	0.263	61
13.09.2022 00:00	0.263	0.279	0.26	0.266	83
14.09.2022 00:00	0.266	0.276	0.266	0.268	37
15.09.2022 00:00	0.273	0.28800000000000003	0.267	0.274	38
16.09.2022 00:00	0.274	0.274	0.268	0.27	21
19.09.2022 00:00	0.271	0.341	0.271	0.28600000000000003	1682
20.09.2022 00:00	0.28400000000000003	0.301	0.265	0.268	288
21.09.2022 00:00	0.265	0.279	0.243	0.254	122
22.09.2022 00:00	0.254	0.271	0.249	0.254	64
23.09.2022 00:00	0.248	0.274	0.245	0.245	61
26.09.2022 00:00	0.243	0.243	0.215	0.226	158
27.09.2022 00:00	0.245	0.252	0.225	0.225	37
28.09.2022 00:00	0.233	0.261	0.229	0.23	116
29.09.2022 00:00	0.231	0.23600000000000002	0.217	0.226	77
30.09.2022 00:00	0.228	0.23700000000000002	0.219	0.228	35
03.10.2022 00:00	0.229	0.244	0.224	0.23900000000000002	26
04.10.2022 00:00	0.241	0.272	0.241	0.258	98
05.10.2022 00:00	0.254	0.254	0.24	0.247	19
06.10.2022 00:00	0.256	0.256	0.24	0.247	12
07.10.2022 00:00	0.24	0.245	0.23900000000000002	0.245	6
10.10.2022 00:00	0.232	0.244	0.229	0.24	43
11.10.2022 00:00	0.24	0.26	0.24	0.256	63
12.10.2022 00:00	0.257	0.257	0.257	0.257	1
13.10.2022 00:00	0.259	0.263	0.259	0.262	11
14.10.2022 00:00	0.271	0.271	0.259	0.26	4
17.10.2022 00:00	0.261	0.27	0.261	0.27	15
18.10.2022 00:00	0.268	0.268	0.265	0.265	3
19.10.2022 00:00	0.265	0.265	0.256	0.259	18
20.10.2022 00:00	0.262	0.265	0.262	0.263	10
21.10.2022 00:00	0.261	0.27	0.252	0.263	50
24.10.2022 00:00	0.269	0.269	0.269	0.269	8
25.10.2022 00:00	0.27	0.28	0.27	0.27	40
26.10.2022 00:00	0.275	0.275	0.268	0.271	17
27.10.2022 00:00	0.271	0.271	0.267	0.269	7
28.10.2022 00:00	0.266	0.267	0.266	0.266	7
31.10.2022 00:00	0.262	0.27	0.262	0.266	8
01.11.2022 00:00	0.264	0.266	0.262	0.266	12
02.11.2022 00:00	0.27	0.28500000000000003	0.269	0.273	61
03.11.2022 00:00	0.273	0.273	0.262	0.266	23
07.11.2022 00:00	0.266	0.267	0.266	0.266	5
08.11.2022 00:00	0.265	0.27	0.265	0.266	4
09.11.2022 00:00	0.267	0.267	0.262	0.262	15
10.11.2022 00:00	0.271	0.271	0.24	0.252	565
11.11.2022 00:00	0.258	0.259	0.256	0.256	15
14.11.2022 00:00	0.256	0.258	0.256	0.258	18
15.11.2022 00:00	0.26	0.266	0.246	0.26	73
16.11.2022 00:00	0.26	0.26	0.257	0.257	10
17.11.2022 00:00	0.248	0.257	0.248	0.253	8
18.11.2022 00:00	0.253	0.258	0.252	0.258	8
21.11.2022 00:00	0.256	0.256	0.256	0.256	1
22.11.2022 00:00	0.251	0.252	0.243	0.251	40
23.11.2022 00:00	0.257	0.26	0.256	0.257	74
24.11.2022 00:00	0.258	0.258	0.257	0.257	4
25.11.2022 00:00	0.249	0.258	0.245	0.256	14
28.11.2022 00:00	0.25	0.274	0.249	0.26	134
29.11.2022 00:00	0.26	0.277	0.26	0.27	67
30.11.2022 00:00	0.271	0.271	0.263	0.265	19
01.12.2022 00:00	0.265	0.265	0.265	0.265	1
02.12.2022 00:00	0.259	0.266	0.251	0.266	19
05.12.2022 00:00	0.268	0.268	0.262	0.262	16
06.12.2022 00:00	0.262	0.265	0.251	0.265	27
07.12.2022 00:00	0.258	0.268	0.258	0.268	6
08.12.2022 00:00	0.264	0.267	0.26	0.267	19
09.12.2022 00:00	0.26	0.26	0.253	0.253	37
12.12.2022 00:00	0.257	0.258	0.254	0.257	13
13.12.2022 00:00	0.257	0.258	0.257	0.258	4
14.12.2022 00:00	0.257	0.26	0.257	0.26	9
15.12.2022 00:00	0.259	0.264	0.257	0.257	7
16.12.2022 00:00	0.259	0.263	0.259	0.26	17
19.12.2022 00:00	0.26	0.26	0.259	0.259	3
20.12.2022 00:00	0.26	0.26	0.257	0.26	15
21.12.2022 00:00	0.261	0.263	0.258	0.258	22
22.12.2022 00:00	0.261	0.265	0.259	0.259	38
23.12.2022 00:00	0.26	0.26	0.258	0.259	26
26.12.2022 00:00	0.259	0.259	0.257	0.258	8
27.12.2022 00:00	0.259	0.26	0.258	0.258	6
28.12.2022 00:00	0.258	0.259	0.258	0.259	4
29.12.2022 00:00	0.259	0.263	0.258	0.263	24
03.01.2023 00:00	0.264	0.27	0.251	0.263	100
04.01.2023 00:00	0.261	0.263	0.259	0.259	14
05.01.2023 00:00	0.262	0.262	0.26	0.261	8
06.01.2023 00:00	0.264	0.265	0.263	0.264	11
09.01.2023 00:00	0.266	0.266	0.26	0.263	54
10.01.2023 00:00	0.268	0.268	0.263	0.265	29
11.01.2023 00:00	0.266	0.266	0.264	0.266	27
12.01.2023 00:00	0.269	0.276	0.264	0.27	60
13.01.2023 00:00	0.27	0.278	0.269	0.269	48
16.01.2023 00:00	0.269	0.272	0.269	0.272	72
17.01.2023 00:00	0.277	0.28400000000000003	0.27	0.272	148
18.01.2023 00:00	0.272	0.272	0.27	0.27	24
19.01.2023 00:00	0.271	0.274	0.271	0.271	45
20.01.2023 00:00	0.274	0.274	0.272	0.273	4
23.01.2023 00:00	0.272	0.274	0.271	0.271	24
24.01.2023 00:00	0.274	0.277	0.273	0.274	35
25.01.2023 00:00	0.273	0.277	0.273	0.273	16
26.01.2023 00:00	0.274	0.274	0.254	0.271	100
27.01.2023 00:00	0.27	0.273	0.27	0.273	26
30.01.2023 00:00	0.276	0.28500000000000003	0.275	0.277	51
31.01.2023 00:00	0.28	0.28200000000000003	0.276	0.281	53
01.02.2023 00:00	0.279	0.281	0.277	0.278	47
02.02.2023 00:00	0.277	0.281	0.277	0.278	13
03.02.2023 00:00	0.279	0.281	0.279	0.279	11
06.02.2023 00:00	0.281	0.281	0.279	0.281	30
07.02.2023 00:00	0.279	0.297	0.278	0.28300000000000003	100
08.02.2023 00:00	0.293	0.293	0.281	0.281	45
09.02.2023 00:00	0.28800000000000003	0.31	0.28800000000000003	0.293	165
10.02.2023 00:00	0.299	0.31	0.297	0.301	138
13.02.2023 00:00	0.304	0.304	0.297	0.297	31
14.02.2023 00:00	0.298	0.298	0.292	0.292	26
15.02.2023 00:00	0.292	0.292	0.28300000000000003	0.28400000000000003	95
16.02.2023 00:00	0.28300000000000003	0.28600000000000003	0.268	0.278	114
17.02.2023 00:00	0.274	0.278	0.274	0.278	93
20.02.2023 00:00	0.272	0.276	0.268	0.276	27
21.02.2023 00:00	0.273	0.28300000000000003	0.258	0.28	255
22.02.2023 00:00	0.279	0.281	0.278	0.279	17
24.02.2023 00:00	0.276	0.28	0.276	0.278	7
27.02.2023 00:00	0.274	0.279	0.274	0.279	5
28.02.2023 00:00	0.281	0.281	0.28	0.28	7
01.03.2023 00:00	0.281	0.28200000000000003	0.28	0.281	21
02.03.2023 00:00	0.28200000000000003	0.289	0.281	0.281	57
03.03.2023 00:00	0.28200000000000003	0.289	0.28	0.289	109
06.03.2023 00:00	0.281	0.305	0.281	0.296	166
07.03.2023 00:00	0.297	0.297	0.294	0.294	5
09.03.2023 00:00	0.294	0.3	0.294	0.296	30
10.03.2023 00:00	0.296	0.303	0.296	0.298	35
13.03.2023 00:00	0.298	0.299	0.292	0.295	69
14.03.2023 00:00	0.298	0.298	0.295	0.295	31
15.03.2023 00:00	0.295	0.3	0.295	0.296	20
16.03.2023 00:00	0.294	0.296	0.293	0.294	13
17.03.2023 00:00	0.293	0.295	0.28200000000000003	0.29	101
20.03.2023 00:00	0.292	0.317	0.292	0.296	412
21.03.2023 00:00	0.297	0.299	0.295	0.297	16
22.03.2023 00:00	0.298	0.298	0.292	0.297	25
23.03.2023 00:00	0.299	0.303	0.298	0.303	47
24.03.2023 00:00	0.303	0.308	0.299	0.304	71
27.03.2023 00:00	0.308	0.33	0.308	0.311	504
28.03.2023 00:00	0.315	0.32	0.309	0.31	67
29.03.2023 00:00	0.311	0.312	0.308	0.309	36
30.03.2023 00:00	0.309	0.312	0.305	0.31	50
31.03.2023 00:00	0.31	0.312	0.303	0.307	43
03.04.2023 00:00	0.308	0.317	0.308	0.317	179
04.04.2023 00:00	0.317	0.317	0.312	0.314	58
05.04.2023 00:00	0.311	0.326	0.309	0.326	278
06.04.2023 00:00	0.326	0.328	0.322	0.328	115
07.04.2023 00:00	0.327	0.334	0.324	0.33	178
10.04.2023 00:00	0.339	0.34900000000000003	0.325	0.338	184
11.04.2023 00:00	0.34700000000000003	0.34800000000000003	0.338	0.339	216
12.04.2023 00:00	0.336	0.34800000000000003	0.33	0.34500000000000003	152
13.04.2023 00:00	0.34900000000000003	0.419	0.336	0.374	4832
14.04.2023 00:00	0.378	0.392	0.359	0.37	923
17.04.2023 00:00	0.389	0.401	0.367	0.385	1022
18.04.2023 00:00	0.38	0.40900000000000003	0.372	0.386	571
19.04.2023 00:00	0.396	0.399	0.37	0.379	596
20.04.2023 00:00	0.387	0.387	0.37	0.372	99
21.04.2023 00:00	0.382	0.439	0.37	0.4	2317
24.04.2023 00:00	0.404	0.40800000000000003	0.359	0.386	2803
25.04.2023 00:00	0.386	0.397	0.374	0.395	760
26.04.2023 00:00	0.391	0.391	0.38	0.386	174
27.04.2023 00:00	0.391	0.396	0.382	0.387	462
28.04.2023 00:00	0.387	0.391	0.363	0.369	541
02.05.2023 00:00	0.371	0.373	0.334	0.343	530
03.05.2023 00:00	0.35100000000000003	0.35100000000000003	0.323	0.338	211
04.05.2023 00:00	0.336	0.336	0.331	0.335	98
05.05.2023 00:00	0.334	0.339	0.332	0.339	52
08.05.2023 00:00	0.34	0.34500000000000003	0.331	0.34500000000000003	124
10.05.2023 00:00	0.34600000000000003	0.363	0.343	0.357	305
11.05.2023 00:00	0.361	0.372	0.34600000000000003	0.36	188
12.05.2023 00:00	0.366	0.368	0.36	0.364	49
15.05.2023 00:00	0.368	0.368	0.36	0.361	129
16.05.2023 00:00	0.362	0.365	0.357	0.361	87
17.05.2023 00:00	0.363	0.364	0.34700000000000003	0.362	79
18.05.2023 00:00	0.366	0.37	0.362	0.368	114
19.05.2023 00:00	0.369	0.397	0.36	0.374	608
22.05.2023 00:00	0.378	0.4	0.369	0.378	456
23.05.2023 00:00	0.377	0.386	0.373	0.377	77
24.05.2023 00:00	0.398	0.4	0.369	0.384	720
25.05.2023 00:00	0.374	0.386	0.374	0.374	69
26.05.2023 00:00	0.381	0.39	0.376	0.385	82
29.05.2023 00:00	0.377	0.389	0.36	0.379	257
30.05.2023 00:00	0.378	0.39	0.368	0.372	148
31.05.2023 00:00	0.372	0.374	0.368	0.368	41
01.06.2023 00:00	0.369	0.37	0.36	0.363	87
02.06.2023 00:00	0.362	0.371	0.36	0.371	67
05.06.2023 00:00	0.373	0.382	0.372	0.378	145
06.06.2023 00:00	0.375	0.384	0.368	0.384	100
07.06.2023 00:00	0.384	0.39	0.372	0.38	267
08.06.2023 00:00	0.381	0.381	0.367	0.373	148
09.06.2023 00:00	0.371	0.373	0.367	0.368	52
13.06.2023 00:00	0.365	0.372	0.362	0.372	55
14.06.2023 00:00	0.371	0.379	0.371	0.376	64
15.06.2023 00:00	0.375	0.399	0.375	0.396	718
16.06.2023 00:00	0.397	0.401	0.387	0.394	110
19.06.2023 00:00	0.394	0.394	0.384	0.391	164
20.06.2023 00:00	0.388	0.485	0.388	0.417	5953
21.06.2023 00:00	0.429	0.429	0.403	0.41400000000000003	852
22.06.2023 00:00	0.422	0.47400000000000003	0.42	0.42	2182
23.06.2023 00:00	0.42	0.455	0.418	0.438	650
26.06.2023 00:00	0.433	0.439	0.41100000000000003	0.421	421
27.06.2023 00:00	0.41600000000000004	0.424	0.405	0.418	483
28.06.2023 00:00	0.42	0.421	0.405	0.406	449
29.06.2023 00:00	0.41200000000000003	0.449	0.40900000000000003	0.418	986
30.06.2023 00:00	0.432	0.433	0.40900000000000003	0.41500000000000004	196
03.07.2023 00:00	0.42	0.423	0.41100000000000003	0.422	220
04.07.2023 00:00	0.41400000000000003	0.426	0.41000000000000003	0.418	163
05.07.2023 00:00	0.418	0.418	0.403	0.406	469
06.07.2023 00:00	0.40900000000000003	0.40900000000000003	0.405	0.405	99
07.07.2023 00:00	0.40700000000000003	0.429	0.40700000000000003	0.41400000000000003	527
10.07.2023 00:00	0.41300000000000003	0.424	0.404	0.41000000000000003	310
11.07.2023 00:00	0.40800000000000003	0.41300000000000003	0.40700000000000003	0.41000000000000003	51
12.07.2023 00:00	0.41400000000000003	0.41500000000000004	0.4	0.41100000000000003	265
13.07.2023 00:00	0.41400000000000003	0.41400000000000003	0.406	0.41000000000000003	67
14.07.2023 00:00	0.40900000000000003	0.428	0.40700000000000003	0.41100000000000003	509
17.07.2023 00:00	0.41100000000000003	0.42	0.41100000000000003	0.418	106
18.07.2023 00:00	0.42	0.42	0.41500000000000004	0.418	177
19.07.2023 00:00	0.425	0.441	0.423	0.434	495
20.07.2023 00:00	0.437	0.444	0.429	0.442	334
21.07.2023 00:00	0.448	0.448	0.431	0.438	227
24.07.2023 00:00	0.438	0.44	0.429	0.439	501
25.07.2023 00:00	0.437	0.444	0.436	0.439	228
26.07.2023 00:00	0.438	0.448	0.433	0.438	360
27.07.2023 00:00	0.445	0.455	0.435	0.441	881
28.07.2023 00:00	0.439	0.448	0.435	0.448	174
31.07.2023 00:00	0.455	0.455	0.441	0.446	256
01.08.2023 00:00	0.442	0.46900000000000003	0.442	0.467	456
02.08.2023 00:00	0.468	0.489	0.461	0.47500000000000003	572
03.08.2023 00:00	0.486	0.499	0.47000000000000003	0.498	589
04.08.2023 00:00	0.499	0.623	0.499	0.5720000000000001	3422
07.08.2023 00:00	0.629	0.761	0.581	0.719	7007
08.08.2023 00:00	0.761	0.8290000000000001	0.661	0.783	5405
09.08.2023 00:00	0.8	0.91	0.752	0.9	3650
10.08.2023 00:00	0.93	0.9390000000000001	0.609	0.718	2954
11.08.2023 00:00	0.661	0.778	0.652	0.724	996
14.08.2023 00:00	0.742	0.778	0.725	0.759	667
15.08.2023 00:00	0.727	0.772	0.6990000000000001	0.723	397
16.08.2023 00:00	0.716	0.72	0.613	0.645	1129
17.08.2023 00:00	0.63	0.66	0.61	0.643	442
18.08.2023 00:00	0.65	0.66	0.64	0.642	212
21.08.2023 00:00	0.656	0.8130000000000001	0.65	0.744	3628
22.08.2023 00:00	0.768	0.78	0.715	0.774	1095
23.08.2023 00:00	0.779	0.79	0.71	0.73	1517
24.08.2023 00:00	0.731	0.74	0.7010000000000001	0.721	266
25.08.2023 00:00	0.748	0.749	0.722	0.743	312
28.08.2023 00:00	0.768	0.8190000000000001	0.738	0.78	7632
29.08.2023 00:00	0.788	0.788	0.736	0.764	1221
30.08.2023 00:00	0.751	0.758	0.728	0.745	713
31.08.2023 00:00	0.749	0.77	0.729	0.745	699
01.09.2023 00:00	0.757	0.8240000000000001	0.713	0.778	5170
04.09.2023 00:00	0.788	0.839	0.778	0.8180000000000001	3930
05.09.2023 00:00	0.8290000000000001	0.868	0.792	0.81	2426
06.09.2023 00:00	0.8200000000000001	0.84	0.806	0.8240000000000001	1084
07.09.2023 00:00	0.836	0.842	0.717	0.76	3225
08.09.2023 00:00	0.789	0.793	0.6990000000000001	0.749	1220
11.09.2023 00:00	0.768	0.784	0.75	0.75	439
12.09.2023 00:00	0.749	0.803	0.749	0.77	626
13.09.2023 00:00	0.774	0.849	0.759	0.777	3574
14.09.2023 00:00	0.788	0.789	0.587	0.687	1292
15.09.2023 00:00	0.645	0.726	0.645	0.709	550
18.09.2023 00:00	0.728	0.728	0.675	0.677	471
19.09.2023 00:00	0.727	0.8320000000000001	0.651	0.706	4323
20.09.2023 00:00	0.686	0.686	0.617	0.651	956
21.09.2023 00:00	0.65	0.661	0.601	0.61	711
22.09.2023 00:00	0.63	0.631	0.605	0.618	319
25.09.2023 00:00	0.638	0.65	0.611	0.629	236
26.09.2023 00:00	0.629	0.644	0.622	0.637	191
27.09.2023 00:00	0.636	0.649	0.624	0.647	206
28.09.2023 00:00	0.647	0.6890000000000001	0.631	0.663	334
29.09.2023 00:00	0.651	0.672	0.636	0.645	126
02.10.2023 00:00	0.654	0.668	0.642	0.662	113
03.10.2023 00:00	0.662	0.662	0.634	0.651	155
04.10.2023 00:00	0.647	0.66	0.636	0.646	130
05.10.2023 00:00	0.646	0.667	0.643	0.667	87
06.10.2023 00:00	0.667	0.667	0.649	0.663	508
09.10.2023 00:00	0.67	0.674	0.648	0.672	111
10.10.2023 00:00	0.679	0.72	0.662	0.708	429
11.10.2023 00:00	0.704	0.704	0.686	0.6910000000000001	191
12.10.2023 00:00	0.707	0.738	0.684	0.738	524
13.10.2023 00:00	0.738	0.79	0.706	0.779	1498
16.10.2023 00:00	0.779	0.839	0.758	0.8250000000000001	1959
17.10.2023 00:00	0.8290000000000001	0.839	0.805	0.839	316
18.10.2023 00:00	0.847	0.847	0.812	0.8160000000000001	393
19.10.2023 00:00	0.8290000000000001	0.838	0.8140000000000001	0.8140000000000001	253
20.10.2023 00:00	0.8170000000000001	0.8220000000000001	0.811	0.8130000000000001	209
23.10.2023 00:00	0.8210000000000001	0.848	0.8130000000000001	0.8300000000000001	348
24.10.2023 00:00	0.8200000000000001	0.84	0.8200000000000001	0.836	162
25.10.2023 00:00	0.837	0.837	0.8250000000000001	0.8250000000000001	133
26.10.2023 00:00	0.8220000000000001	0.8240000000000001	0.79	0.794	204
27.10.2023 00:00	0.801	0.805	0.761	0.772	180
30.10.2023 00:00	0.788	0.798	0.76	0.765	189
31.10.2023 00:00	0.772	0.778	0.755	0.759	112
01.11.2023 00:00	0.759	0.8240000000000001	0.751	0.811	281
02.11.2023 00:00	0.849	0.849	0.808	0.812	396
03.11.2023 00:00	0.803	0.8280000000000001	0.783	0.799	34
06.11.2023 00:00	0.787	0.8180000000000001	0.785	0.801	83
07.11.2023 00:00	0.808	0.8130000000000001	0.801	0.803	34
08.11.2023 00:00	0.808	0.808	0.749	0.752	550
09.11.2023 00:00	0.752	0.762	0.752	0.758	82
10.11.2023 00:00	0.752	0.752	0.6890000000000001	0.707	195
13.11.2023 00:00	0.706	0.721	0.612	0.63	394
14.11.2023 00:00	0.624	0.645	0.608	0.608	323
15.11.2023 00:00	0.604	0.663	0.592	0.657	185
16.11.2023 00:00	0.662	0.716	0.662	0.6990000000000001	179
17.11.2023 00:00	0.6930000000000001	0.749	0.676	0.749	115
20.11.2023 00:00	0.768	0.768	0.716	0.731	70
21.11.2023 00:00	0.768	0.768	0.662	0.687	791
22.11.2023 00:00	0.7020000000000001	0.7020000000000001	0.677	0.685	181
23.11.2023 00:00	0.6880000000000001	0.6880000000000001	0.626	0.65	196
24.11.2023 00:00	0.629	0.651	0.621	0.651	155
27.11.2023 00:00	0.633	0.648	0.619	0.626	235
28.11.2023 00:00	0.603	0.673	0.603	0.667	119
29.11.2023 00:00	0.671	0.679	0.647	0.662	141
30.11.2023 00:00	0.644	0.673	0.643	0.668	143
01.12.2023 00:00	0.649	0.6890000000000001	0.649	0.6880000000000001	247
04.12.2023 00:00	0.671	0.684	0.599	0.614	651
05.12.2023 00:00	0.616	0.63	0.604	0.622	110
06.12.2023 00:00	0.635	0.635	0.601	0.601	55
07.12.2023 00:00	0.606	0.606	0.5720000000000001	0.579	126
08.12.2023 00:00	0.589	0.616	0.577	0.608	151
11.12.2023 00:00	0.601	0.605	0.579	0.591	70
12.12.2023 00:00	0.596	0.596	0.552	0.579	111
13.12.2023 00:00	0.5730000000000001	0.605	0.5730000000000001	0.599	115
14.12.2023 00:00	0.606	0.607	0.5740000000000001	0.581	51
15.12.2023 00:00	0.578	0.598	0.578	0.598	33
18.12.2023 00:00	0.602	0.616	0.602	0.615	49
19.12.2023 00:00	0.617	0.642	0.617	0.632	39
20.12.2023 00:00	0.628	0.68	0.626	0.675	131
21.12.2023 00:00	0.677	0.679	0.657	0.669	142
22.12.2023 00:00	0.678	0.678	0.653	0.663	76
25.12.2023 00:00	0.677	0.677	0.65	0.67	137
26.12.2023 00:00	0.651	0.669	0.65	0.657	33
27.12.2023 00:00	0.652	0.66	0.644	0.645	89
28.12.2023 00:00	0.642	0.646	0.606	0.624	193
29.12.2023 00:00	0.626	0.626	0.609	0.609	101
03.01.2024 00:00	0.625	0.637	0.611	0.625	69
04.01.2024 00:00	0.629	0.644	0.627	0.63	60
05.01.2024 00:00	0.63	0.644	0.63	0.644	49
08.01.2024 00:00	0.644	0.656	0.636	0.651	154
09.01.2024 00:00	0.651	0.676	0.65	0.668	129
10.01.2024 00:00	0.682	0.7000000000000001	0.668	0.685	200
11.01.2024 00:00	0.6990000000000001	0.6990000000000001	0.641	0.668	444
12.01.2024 00:00	0.685	0.746	0.683	0.706	1744
15.01.2024 00:00	0.713	0.754	0.662	0.6990000000000001	1529
16.01.2024 00:00	0.6990000000000001	0.709	0.674	0.6900000000000001	296
17.01.2024 00:00	0.687	0.6990000000000001	0.67	0.6890000000000001	196
18.01.2024 00:00	0.6980000000000001	0.711	0.6980000000000001	0.7020000000000001	165
19.01.2024 00:00	0.6990000000000001	0.713	0.6890000000000001	0.7020000000000001	59
22.01.2024 00:00	0.7020000000000001	0.709	0.6910000000000001	0.7020000000000001	129
23.01.2024 00:00	0.6960000000000001	0.714	0.6960000000000001	0.707	158
24.01.2024 00:00	0.707	0.711	0.7010000000000001	0.706	65
25.01.2024 00:00	0.704	0.706	0.6970000000000001	0.704	94
26.01.2024 00:00	0.706	0.706	0.687	0.6910000000000001	219
29.01.2024 00:00	0.6990000000000001	0.6990000000000001	0.685	0.6890000000000001	194
30.01.2024 00:00	0.6970000000000001	0.6970000000000001	0.679	0.683	185
31.01.2024 00:00	0.686	0.686	0.67	0.676	169
01.02.2024 00:00	0.677	0.687	0.675	0.678	151
02.02.2024 00:00	0.682	0.682	0.671	0.675	86
05.02.2024 00:00	0.681	0.681	0.66	0.666	205
06.02.2024 00:00	0.664	0.672	0.664	0.668	67
07.02.2024 00:00	0.67	0.672	0.662	0.67	95
08.02.2024 00:00	0.672	0.681	0.665	0.673	206
09.02.2024 00:00	0.672	0.672	0.649	0.66	268
12.02.2024 00:00	0.655	0.657	0.65	0.653	57
13.02.2024 00:00	0.653	0.662	0.648	0.662	76
14.02.2024 00:00	0.663	0.665	0.654	0.66	66
15.02.2024 00:00	0.658	0.673	0.652	0.669	97
16.02.2024 00:00	0.663	0.669	0.649	0.652	127
19.02.2024 00:00	0.657	0.657	0.65	0.65	24
20.02.2024 00:00	0.651	0.651	0.618	0.63	267
21.02.2024 00:00	0.628	0.628	0.581	0.599	441
22.02.2024 00:00	0.609	0.646	0.602	0.618	263
26.02.2024 00:00	0.637	0.647	0.612	0.647	99
27.02.2024 00:00	0.647	0.655	0.623	0.633	227
28.02.2024 00:00	0.648	0.674	0.634	0.644	617
29.02.2024 00:00	0.648	0.652	0.636	0.636	62
01.03.2024 00:00	0.636	0.643	0.631	0.636	35
04.03.2024 00:00	0.629	0.646	0.629	0.632	106
05.03.2024 00:00	0.635	0.642	0.631	0.638	43
06.03.2024 00:00	0.645	0.656	0.619	0.622	284
07.03.2024 00:00	0.623	0.625	0.61	0.619	73
11.03.2024 00:00	0.622	0.629	0.619	0.622	117
12.03.2024 00:00	0.621	0.621	0.594	0.608	282
13.03.2024 00:00	0.603	0.637	0.603	0.622	162
14.03.2024 00:00	0.632	0.68	0.612	0.618	1032
15.03.2024 00:00	0.62	0.621	0.608	0.615	118
18.03.2024 00:00	0.614	0.616	0.595	0.615	137
19.03.2024 00:00	0.613	0.613	0.6	0.607	48
20.03.2024 00:00	0.607	0.607	0.591	0.591	65
21.03.2024 00:00	0.594	0.609	0.59	0.605	163
22.03.2024 00:00	0.609	0.609	0.591	0.598	86
25.03.2024 00:00	0.598	0.598	0.586	0.586	38
26.03.2024 00:00	0.609	0.611	0.596	0.604	189
27.03.2024 00:00	0.608	0.615	0.605	0.605	112
28.03.2024 00:00	0.608	0.629	0.596	0.597	348
29.03.2024 00:00	0.602	0.612	0.594	0.597	152
01.04.2024 00:00	0.607	0.607	0.589	0.593	529
02.04.2024 00:00	0.593	0.6	0.586	0.589	141
03.04.2024 00:00	0.592	0.602	0.582	0.589	275
04.04.2024 00:00	0.593	0.593	0.583	0.591	92
05.04.2024 00:00	0.592	0.602	0.591	0.595	151
08.04.2024 00:00	0.598	0.602	0.591	0.594	114
09.04.2024 00:00	0.596	0.6	0.588	0.589	112
10.04.2024 00:00	0.6	0.6	0.589	0.596	204
11.04.2024 00:00	0.6	0.65	0.6	0.605	1227
12.04.2024 00:00	0.612	0.642	0.598	0.616	387
15.04.2024 00:00	0.623	0.673	0.596	0.629	2271
16.04.2024 00:00	0.646	0.646	0.603	0.614	629
17.04.2024 00:00	0.612	0.621	0.601	0.606	351
18.04.2024 00:00	0.609	0.625	0.608	0.624	189
19.04.2024 00:00	0.627	0.627	0.602	0.609	280
22.04.2024 00:00	0.619	0.638	0.613	0.618	378
23.04.2024 00:00	0.622	0.622	0.601	0.61	291
24.04.2024 00:00	0.611	0.611	0.592	0.592	273
25.04.2024 00:00	0.593	0.602	0.584	0.586	447
26.04.2024 00:00	0.586	0.604	0.583	0.59	109
27.04.2024 00:00	0.59	0.596	0.5760000000000001	0.582	203
29.04.2024 00:00	0.582	0.591	0.582	0.589	90
30.04.2024 00:00	0.588	0.591	0.587	0.589	77
02.05.2024 00:00	0.59	0.595	0.581	0.588	86
03.05.2024 00:00	0.589	0.592	0.578	0.583	70
06.05.2024 00:00	0.58	0.58	0.5660000000000001	0.5760000000000001	164
07.05.2024 00:00	0.5700000000000001	0.5760000000000001	0.5690000000000001	0.5760000000000001	80
08.05.2024 00:00	0.5750000000000001	0.5760000000000001	0.5730000000000001	0.5760000000000001	14
10.05.2024 00:00	0.5710000000000001	0.577	0.5660000000000001	0.5680000000000001	89
13.05.2024 00:00	0.5690000000000001	0.583	0.5640000000000001	0.5750000000000001	150
14.05.2024 00:00	0.5740000000000001	0.581	0.5740000000000001	0.579	15
15.05.2024 00:00	0.581	0.583	0.5740000000000001	0.5740000000000001	57
16.05.2024 00:00	0.5760000000000001	0.597	0.5720000000000001	0.585	244
17.05.2024 00:00	0.583	0.583	0.5720000000000001	0.5750000000000001	102
20.05.2024 00:00	0.5730000000000001	0.579	0.561	0.5690000000000001	204
21.05.2024 00:00	0.562	0.5660000000000001	0.561	0.562	54
22.05.2024 00:00	0.5630000000000001	0.582	0.56	0.577	164
23.05.2024 00:00	0.5680000000000001	0.5700000000000001	0.5660000000000001	0.5670000000000001	60
24.05.2024 00:00	0.5670000000000001	0.5690000000000001	0.56	0.562	59
27.05.2024 00:00	0.56	0.56	0.55	0.552	86
28.05.2024 00:00	0.55	0.557	0.545	0.553	23
29.05.2024 00:00	0.547	0.548	0.537	0.541	27
30.05.2024 00:00	0.545	0.549	0.542	0.549	46
31.05.2024 00:00	0.546	0.546	0.498	0.507	261
03.06.2024 00:00	0.506	0.506	0.463	0.47900000000000004	118
04.06.2024 00:00	0.47900000000000004	0.509	0.47900000000000004	0.503	40
05.06.2024 00:00	0.509	0.52	0.497	0.5	143
06.06.2024 00:00	0.498	0.515	0.498	0.504	55
07.06.2024 00:00	0.509	0.515	0.492	0.508	96
10.06.2024 00:00	0.513	0.514	0.501	0.512	35
11.06.2024 00:00	0.512	0.54	0.49	0.497	399
13.06.2024 00:00	0.48	0.517	0.47200000000000003	0.507	185
14.06.2024 00:00	0.505	0.51	0.497	0.504	32
17.06.2024 00:00	0.508	0.512	0.506	0.506	18
18.06.2024 00:00	0.505	0.516	0.498	0.505	54
19.06.2024 00:00	0.505	0.505	0.48	0.489	56
20.06.2024 00:00	0.489	0.489	0.47500000000000003	0.489	73
21.06.2024 00:00	0.486	0.492	0.47400000000000003	0.481	123
24.06.2024 00:00	0.49	0.499	0.486	0.486	26
25.06.2024 00:00	0.486	0.496	0.485	0.494	26
26.06.2024 00:00	0.486	0.503	0.486	0.5	13
27.06.2024 00:00	0.496	0.502	0.496	0.501	36
28.06.2024 00:00	0.501	0.501	0.489	0.489	310
01.07.2024 00:00	0.49	0.49	0.48	0.485	138
02.07.2024 00:00	0.482	0.487	0.47500000000000003	0.47700000000000004	134
03.07.2024 00:00	0.47600000000000003	0.482	0.47400000000000003	0.47400000000000003	34
04.07.2024 00:00	0.47200000000000003	0.52	0.465	0.47700000000000004	750
05.07.2024 00:00	0.499	0.502	0.464	0.47400000000000003	144
08.07.2024 00:00	0.47100000000000003	0.486	0.464	0.48	135
09.07.2024 00:00	0.498	0.513	0.445	0.445	219
10.07.2024 00:00	0.448	0.454	0.432	0.437	262
11.07.2024 00:00	0.451	0.468	0.444	0.468	40
12.07.2024 00:00	0.468	0.47000000000000003	0.455	0.455	22
15.07.2024 00:00	0.454	0.46	0.451	0.451	24
16.07.2024 00:00	0.455	0.493	0.426	0.446	237
17.07.2024 00:00	0.449	0.47700000000000004	0.441	0.46	79
18.07.2024 00:00	0.466	0.467	0.451	0.457	47
19.07.2024 00:00	0.465	0.47100000000000003	0.461	0.467	35
22.07.2024 00:00	0.482	0.483	0.45	0.457	68
23.07.2024 00:00	0.453	0.455	0.446	0.451	32
24.07.2024 00:00	0.45	0.463	0.442	0.462	129
25.07.2024 00:00	0.459	0.47700000000000004	0.458	0.47000000000000003	118
26.07.2024 00:00	0.47400000000000003	0.47800000000000004	0.463	0.47400000000000003	50
29.07.2024 00:00	0.464	0.468	0.448	0.455	61
30.07.2024 00:00	0.467	0.467	0.445	0.45	68
31.07.2024 00:00	0.46	0.46	0.452	0.456	10
01.08.2024 00:00	0.458	0.47800000000000004	0.458	0.468	84
02.08.2024 00:00	0.468	0.47900000000000004	0.455	0.463	129
05.08.2024 00:00	0.462	0.462	0.445	0.456	93
06.08.2024 00:00	0.46	0.463	0.45	0.457	83
07.08.2024 00:00	0.456	0.456	0.454	0.454	8
08.08.2024 00:00	0.455	0.462	0.455	0.459	20
09.08.2024 00:00	0.462	0.462	0.452	0.46	39
12.08.2024 00:00	0.452	0.467	0.445	0.455	84
13.08.2024 00:00	0.451	0.47300000000000003	0.451	0.47100000000000003	132
14.08.2024 00:00	0.47800000000000004	0.495	0.467	0.467	325
15.08.2024 00:00	0.467	0.468	0.464	0.464	8
16.08.2024 00:00	0.462	0.467	0.461	0.463	13
19.08.2024 00:00	0.466	0.466	0.463	0.466	7
20.08.2024 00:00	0.465	0.47700000000000004	0.465	0.47100000000000003	64
21.08.2024 00:00	0.47300000000000003	0.48	0.461	0.46900000000000003	50
22.08.2024 00:00	0.466	0.47400000000000003	0.453	0.454	78
23.08.2024 00:00	0.462	0.462	0.434	0.434	146
26.08.2024 00:00	0.448	0.448	0.442	0.445	6
27.08.2024 00:00	0.441	0.448	0.434	0.437	119
28.08.2024 00:00	0.434	0.434	0.418	0.425	84
29.08.2024 00:00	0.428	0.47000000000000003	0.417	0.437	829
30.08.2024 00:00	0.427	0.427	0.41200000000000003	0.417	135
02.09.2024 00:00	0.41000000000000003	0.41000000000000003	0.375	0.38	153
03.09.2024 00:00	0.389	0.402	0.381	0.392	166
04.09.2024 00:00	0.395	0.41000000000000003	0.386	0.40700000000000003	56
05.09.2024 00:00	0.41400000000000003	0.456	0.41400000000000003	0.419	282
06.09.2024 00:00	0.438	0.444	0.431	0.439	44
09.09.2024 00:00	0.446	0.446	0.424	0.437	49
10.09.2024 00:00	0.444	0.46	0.439	0.444	80
11.09.2024 00:00	0.461	0.468	0.446	0.454	121
12.09.2024 00:00	0.462	0.465	0.432	0.454	158
13.09.2024 00:00	0.459	0.468	0.45	0.465	105
16.09.2024 00:00	0.454	0.467	0.44	0.465	61
17.09.2024 00:00	0.468	0.482	0.442	0.453	457
18.09.2024 00:00	0.456	0.47500000000000003	0.455	0.46	299
19.09.2024 00:00	0.47300000000000003	0.47900000000000004	0.453	0.47300000000000003	141
20.09.2024 00:00	0.47200000000000003	0.47300000000000003	0.467	0.467	30
23.09.2024 00:00	0.468	0.481	0.461	0.47100000000000003	112
24.09.2024 00:00	0.484	0.484	0.467	0.467	99
25.09.2024 00:00	0.47200000000000003	0.488	0.455	0.46900000000000003	172
26.09.2024 00:00	0.463	0.47000000000000003	0.462	0.467	18
27.09.2024 00:00	0.468	0.46900000000000003	0.463	0.46900000000000003	16
30.09.2024 00:00	0.468	0.47200000000000003	0.457	0.464	122
01.10.2024 00:00	0.468	0.488	0.463	0.463	313
02.10.2024 00:00	0.465	0.467	0.457	0.459	74
03.10.2024 00:00	0.451	0.459	0.444	0.457	42
04.10.2024 00:00	0.448	0.482	0.448	0.47300000000000003	31
07.10.2024 00:00	0.468	0.47100000000000003	0.458	0.458	67
08.10.2024 00:00	0.444	0.467	0.444	0.46	33
09.10.2024 00:00	0.482	0.482	0.455	0.46	17
10.10.2024 00:00	0.458	0.458	0.458	0.458	1
11.10.2024 00:00	0.467	0.467	0.456	0.456	44
14.10.2024 00:00	0.459	0.459	0.451	0.453	18
15.10.2024 00:00	0.45	0.455	0.441	0.454	37
16.10.2024 00:00	0.451	0.462	0.45	0.462	14
17.10.2024 00:00	0.465	0.486	0.46	0.466	220
18.10.2024 00:00	0.468	0.47200000000000003	0.462	0.462	34
21.10.2024 00:00	0.464	0.468	0.456	0.468	65
22.10.2024 00:00	0.46900000000000003	0.46900000000000003	0.455	0.464	20
23.10.2024 00:00	0.464	0.464	0.459	0.459	3
24.10.2024 00:00	0.464	0.464	0.45	0.45	91
25.10.2024 00:00	0.45	0.456	0.419	0.419	71
28.10.2024 00:00	0.429	0.443	0.41500000000000004	0.419	174
29.10.2024 00:00	0.423	0.427	0.421	0.427	15
30.10.2024 00:00	0.434	0.436	0.434	0.436	3
31.10.2024 00:00	0.426	0.439	0.42	0.431	117
01.11.2024 00:00	0.428	0.433	0.427	0.433	4
02.11.2024 00:00	0.446	0.446	0.446	0.446	1
05.11.2024 00:00	0.46	0.46900000000000003	0.435	0.444	41
06.11.2024 00:00	0.436	0.462	0.435	0.445	311
07.11.2024 00:00	0.441	0.453	0.438	0.453	20
08.11.2024 00:00	0.453	0.459	0.442	0.442	31
11.11.2024 00:00	0.454	0.46	0.444	0.455	18
12.11.2024 00:00	0.452	0.458	0.451	0.457	27
13.11.2024 00:00	0.446	0.465	0.446	0.46	23
14.11.2024 00:00	0.47400000000000003	0.483	0.46	0.462	202
15.11.2024 00:00	0.468	0.46900000000000003	0.453	0.465	34
18.11.2024 00:00	0.455	0.464	0.451	0.457	41
19.11.2024 00:00	0.45	0.45	0.437	0.437	100
20.11.2024 00:00	0.438	0.441	0.41600000000000004	0.43	21
21.11.2024 00:00	0.432	0.445	0.428	0.428	76
22.11.2024 00:00	0.437	0.437	0.434	0.434	3
25.11.2024 00:00	0.419	0.427	0.405	0.419	85
26.11.2024 00:00	0.403	0.419	0.39	0.399	89
27.11.2024 00:00	0.388	0.40700000000000003	0.388	0.402	21
28.11.2024 00:00	0.422	0.423	0.402	0.41200000000000003	45
29.11.2024 00:00	0.40900000000000003	0.423	0.40900000000000003	0.419	24
02.12.2024 00:00	0.41100000000000003	0.425	0.41100000000000003	0.424	25
03.12.2024 00:00	0.423	0.424	0.4	0.40800000000000003	110
04.12.2024 00:00	0.406	0.41100000000000003	0.406	0.40700000000000003	8
05.12.2024 00:00	0.406	0.41000000000000003	0.4	0.41000000000000003	39
06.12.2024 00:00	0.40900000000000003	0.41400000000000003	0.4	0.405	31
09.12.2024 00:00	0.401	0.417	0.401	0.41600000000000004	66
10.12.2024 00:00	0.406	0.41500000000000004	0.406	0.41500000000000004	2
11.12.2024 00:00	0.394	0.41200000000000003	0.394	0.41200000000000003	66
12.12.2024 00:00	0.406	0.41300000000000003	0.402	0.406	27
13.12.2024 00:00	0.401	0.405	0.398	0.404	16
16.12.2024 00:00	0.393	0.393	0.393	0.393	1
17.12.2024 00:00	0.391	0.394	0.39	0.39	7
18.12.2024 00:00	0.388	0.396	0.388	0.396	23
19.12.2024 00:00	0.391	0.41100000000000003	0.391	0.41000000000000003	28
20.12.2024 00:00	0.406	0.437	0.402	0.423	123
23.12.2024 00:00	0.423	0.434	0.417	0.423	95
24.12.2024 00:00	0.417	0.425	0.41400000000000003	0.41500000000000004	50
25.12.2024 00:00	0.41200000000000003	0.421	0.401	0.418	175
26.12.2024 00:00	0.418	0.418	0.398	0.406	157
27.12.2024 00:00	0.406	0.40900000000000003	0.401	0.40700000000000003	53
28.12.2024 00:00	0.40700000000000003	0.41200000000000003	0.402	0.40900000000000003	20
30.12.2024 00:00	0.41400000000000003	0.418	0.40700000000000003	0.418	122
03.01.2025 00:00	0.418	0.418	0.40800000000000003	0.41600000000000004	65
06.01.2025 00:00	0.417	0.417	0.405	0.40700000000000003	25
08.01.2025 00:00	0.419	0.464	0.41400000000000003	0.434	658
09.01.2025 00:00	0.44	0.44	0.40900000000000003	0.41600000000000004	115
10.01.2025 00:00	0.41000000000000003	0.423	0.41000000000000003	0.423	81
13.01.2025 00:00	0.424	0.425	0.417	0.422	185
14.01.2025 00:00	0.417	0.422	0.40800000000000003	0.41400000000000003	137
15.01.2025 00:00	0.417	0.42	0.41400000000000003	0.42	87
16.01.2025 00:00	0.42	0.427	0.41600000000000004	0.417	79
17.01.2025 00:00	0.428	0.429	0.419	0.429	44
20.01.2025 00:00	0.425	0.435	0.425	0.431	80
21.01.2025 00:00	0.431	0.439	0.427	0.438	100
22.01.2025 00:00	0.438	0.463	0.436	0.457	437
23.01.2025 00:00	0.45	0.482	0.446	0.46	680
24.01.2025 00:00	0.468	0.487	0.464	0.465	189
27.01.2025 00:00	0.466	0.466	0.432	0.442	249
28.01.2025 00:00	0.441	0.453	0.439	0.448	55
29.01.2025 00:00	0.449	0.449	0.438	0.444	29
30.01.2025 00:00	0.444	0.468	0.44	0.461	108
31.01.2025 00:00	0.45	0.487	0.45	0.459	57
03.02.2025 00:00	0.458	0.458	0.445	0.451	33
04.02.2025 00:00	0.457	0.484	0.45	0.45	109
05.02.2025 00:00	0.45	0.46900000000000003	0.442	0.46	85
06.02.2025 00:00	0.461	0.482	0.459	0.47100000000000003	96
07.02.2025 00:00	0.47100000000000003	0.47700000000000004	0.466	0.466	37
10.02.2025 00:00	0.47500000000000003	0.47500000000000003	0.457	0.458	62
11.02.2025 00:00	0.46900000000000003	0.46900000000000003	0.452	0.458	49
12.02.2025 00:00	0.464	0.47700000000000004	0.464	0.464	93
13.02.2025 00:00	0.47000000000000003	0.47400000000000003	0.464	0.466	93
14.02.2025 00:00	0.47200000000000003	0.47300000000000003	0.457	0.46	39
17.02.2025 00:00	0.466	0.47400000000000003	0.461	0.468	63
18.02.2025 00:00	0.466	0.481	0.462	0.464	101
19.02.2025 00:00	0.47400000000000003	0.47400000000000003	0.452	0.458	90
20.02.2025 00:00	0.458	0.467	0.455	0.458	81
21.02.2025 00:00	0.463	0.466	0.458	0.461	46
24.02.2025 00:00	0.464	0.47900000000000004	0.464	0.466	278
25.02.2025 00:00	0.47200000000000003	0.47200000000000003	0.466	0.466	36
26.02.2025 00:00	0.47100000000000003	0.481	0.465	0.465	387
27.02.2025 00:00	0.466	0.468	0.456	0.456	102
28.02.2025 00:00	0.456	0.463	0.449	0.453	46
03.03.2025 00:00	0.457	0.457	0.438	0.444	85
04.03.2025 00:00	0.445	0.455	0.445	0.445	84
05.03.2025 00:00	0.452	0.458	0.449	0.45	57
06.03.2025 00:00	0.449	0.455	0.432	0.444	51
07.03.2025 00:00	0.44	0.443	0.437	0.437	25
10.03.2025 00:00	0.438	0.443	0.429	0.439	43
11.03.2025 00:00	0.439	0.454	0.429	0.434	88
12.03.2025 00:00	0.431	0.433	0.429	0.43	10
13.03.2025 00:00	0.426	0.438	0.42	0.428	82
14.03.2025 00:00	0.43	0.433	0.428	0.429	9
17.03.2025 00:00	0.429	0.455	0.429	0.441	149
18.03.2025 00:00	0.439	0.448	0.439	0.441	51
19.03.2025 00:00	0.441	0.441	0.423	0.439	121
20.03.2025 00:00	0.44	0.44	0.435	0.435	6
21.03.2025 00:00	0.429	0.437	0.428	0.428	66
24.03.2025 00:00	0.431	0.436	0.429	0.436	10
25.03.2025 00:00	0.429	0.435	0.429	0.43	5
26.03.2025 00:00	0.434	0.437	0.434	0.437	8
27.03.2025 00:00	0.43	0.46	0.425	0.434	302
28.03.2025 00:00	0.429	0.431	0.41500000000000004	0.421	47
31.03.2025 00:00	0.427	0.427	0.41100000000000003	0.41300000000000003	30
01.04.2025 00:00	0.429	0.429	0.41600000000000004	0.41600000000000004	32
02.04.2025 00:00	0.41600000000000004	0.41600000000000004	0.40700000000000003	0.40900000000000003	36
03.04.2025 00:00	0.40900000000000003	0.40900000000000003	0.4	0.4	102
04.04.2025 00:00	0.404	0.405	0.394	0.394	30
07.04.2025 00:00	0.391	0.391	0.37	0.375	72
08.04.2025 00:00	0.369	0.385	0.364	0.376	164
09.04.2025 00:00	0.368	0.371	0.34900000000000003	0.354	143
10.04.2025 00:00	0.372	0.372	0.365	0.365	303
11.04.2025 00:00	0.376	0.378	0.37	0.372	56
14.04.2025 00:00	0.372	0.372	0.369	0.369	16
15.04.2025 00:00	0.364	0.372	0.364	0.37	10
16.04.2025 00:00	0.37	0.372	0.37	0.37	17
17.04.2025 00:00	0.369	0.373	0.361	0.366	50
18.04.2025 00:00	0.363	0.37	0.361	0.367	28
21.04.2025 00:00	0.37	0.40800000000000003	0.369	0.391	85
22.04.2025 00:00	0.391	0.396	0.386	0.391	27
23.04.2025 00:00	0.387	0.387	0.36	0.369	231
24.04.2025 00:00	0.369	0.375	0.36	0.367	112
25.04.2025 00:00	0.369	0.369	0.36	0.369	41
28.04.2025 00:00	0.369	0.376	0.369	0.374	44
29.04.2025 00:00	0.378	0.378	0.368	0.371	36
30.04.2025 00:00	0.369	0.374	0.369	0.374	13
02.05.2025 00:00	0.37	0.373	0.368	0.368	92
05.05.2025 00:00	0.369	0.374	0.368	0.368	176
06.05.2025 00:00	0.374	0.377	0.368	0.369	68
07.05.2025 00:00	0.373	0.377	0.369	0.372	29
08.05.2025 00:00	0.377	0.377	0.372	0.372	19
12.05.2025 00:00	0.377	0.377	0.372	0.377	24
13.05.2025 00:00	0.373	0.373	0.369	0.369	39
14.05.2025 00:00	0.369	0.381	0.369	0.379	45
15.05.2025 00:00	0.376	0.384	0.374	0.384	29
16.05.2025 00:00	0.384	0.384	0.37	0.377	67
19.05.2025 00:00	0.376	0.376	0.368	0.373	104
20.05.2025 00:00	0.369	0.37	0.368	0.368	136
21.05.2025 00:00	0.37	0.374	0.369	0.373	33
22.05.2025 00:00	0.372	0.372	0.369	0.371	3
