datetime	open	high	low	close	volume
16.03.2018 00:00	6.0	6.0	5.82	5.98	3
19.03.2018 00:00	5.98	6.0	5.86	6.0	122
20.03.2018 00:00	5.94	5.98	5.94	5.94	1
21.03.2018 00:00	5.6000000000000005	5.86	5.5600000000000005	5.78	91
22.03.2018 00:00	5.92	5.98	5.86	5.98	9
26.03.2018 00:00	6.0200000000000005	6.0200000000000005	5.92	5.92	4
27.03.2018 00:00	6.08	6.08	6.08	6.08	1
28.03.2018 00:00	5.98	6.16	5.98	5.98	5
29.03.2018 00:00	6.08	6.2	5.98	6.12	13
30.03.2018 00:00	6.0	6.2	5.7	6.2	95
02.04.2018 00:00	6.0600000000000005	6.62	6.04	6.4	24
03.04.2018 00:00	6.4	6.62	6.4	6.48	3
04.04.2018 00:00	6.62	6.62	6.36	6.4	8
05.04.2018 00:00	6.24	6.5200000000000005	5.98	6.0600000000000005	38
06.04.2018 00:00	6.32	6.32	6.2	6.2	12
09.04.2018 00:00	6.28	6.44	5.98	5.98	21
10.04.2018 00:00	6.28	6.32	6.04	6.28	17
11.04.2018 00:00	6.28	6.28	6.0	6.2	14
12.04.2018 00:00	6.32	6.32	6.2	6.2	16
16.04.2018 00:00	6.5200000000000005	6.5200000000000005	6.48	6.5200000000000005	1
17.04.2018 00:00	6.4	6.5	6.4	6.4	7
18.04.2018 00:00	6.44	6.48	6.44	6.48	7
19.04.2018 00:00	6.5	6.5	6.2	6.44	6
23.04.2018 00:00	6.44	6.48	6.44	6.44	1
24.04.2018 00:00	6.48	6.9	6.48	6.48	1
25.04.2018 00:00	6.32	7.12	6.32	6.48	22
26.04.2018 00:00	6.58	7.2	6.28	6.5600000000000005	28
27.04.2018 00:00	7.0200000000000005	7.28	6.78	7.16	47
28.04.2018 00:00	6.98	7.2	6.98	7.2	90
30.04.2018 00:00	7.140000000000001	7.140000000000001	6.98	6.98	13
02.05.2018 00:00	6.5600000000000005	6.78	6.5600000000000005	6.66	6
03.05.2018 00:00	6.66	6.66	6.58	6.66	1
04.05.2018 00:00	6.48	6.58	5.94	6.28	69
10.05.2018 00:00	6.16	6.48	6.16	6.16	1
11.05.2018 00:00	6.24	6.48	6.24	6.48	31
15.05.2018 00:00	6.44	6.44	6.4	6.44	1
16.05.2018 00:00	6.4	6.4	6.4	6.4	1
18.05.2018 00:00	6.36	6.36	6.36	6.36	6
21.05.2018 00:00	6.4	6.66	6.4	6.4	7
22.05.2018 00:00	6.4	6.66	6.4	6.66	13
23.05.2018 00:00	6.66	6.98	6.66	6.66	2
24.05.2018 00:00	6.66	6.98	6.66	6.94	151
29.05.2018 00:00	6.5600000000000005	6.78	6.5600000000000005	6.5600000000000005	5
31.05.2018 00:00	6.98	6.98	6.98	6.98	1
04.06.2018 00:00	6.04	6.2	5.98	6.2	74
05.06.2018 00:00	6.2	6.2	5.98	6.16	47
07.06.2018 00:00	6.0600000000000005	6.2	6.0	6.0	19
09.06.2018 00:00	6.28	6.98	6.04	6.16	184
13.06.2018 00:00	6.78	6.78	6.2	6.24	176
14.06.2018 00:00	6.32	6.36	6.24	6.24	12
15.06.2018 00:00	6.2	6.2	6.2	6.2	1
18.06.2018 00:00	6.32	6.32	6.32	6.32	1
20.06.2018 00:00	6.48	6.48	6.48	6.48	4
22.06.2018 00:00	6.78	6.78	6.78	6.78	6
25.06.2018 00:00	6.5600000000000005	6.5600000000000005	6.5600000000000005	6.5600000000000005	1
26.06.2018 00:00	6.5	6.66	6.5	6.66	2
27.06.2018 00:00	6.5600000000000005	6.5600000000000005	6.44	6.44	2
29.06.2018 00:00	6.5200000000000005	6.5200000000000005	6.5200000000000005	6.5200000000000005	3
04.07.2018 00:00	6.48	6.5200000000000005	6.48	6.5200000000000005	2
05.07.2018 00:00	6.5600000000000005	6.5600000000000005	6.5600000000000005	6.5600000000000005	2
09.07.2018 00:00	6.5	6.5	6.5	6.5	1
11.07.2018 00:00	6.5	6.5	6.5	6.5	7
12.07.2018 00:00	6.48	6.48	6.48	6.48	1
17.07.2018 00:00	6.48	6.48	6.48	6.48	1
20.07.2018 00:00	6.24	6.24	6.2	6.2	3
24.07.2018 00:00	6.16	6.32	6.16	6.32	10
31.07.2018 00:00	6.24	6.24	6.24	6.24	1
01.08.2018 00:00	6.32	6.32	6.32	6.32	1
02.08.2018 00:00	6.16	6.24	6.0200000000000005	6.2	22
07.08.2018 00:00	5.98	6.2	5.98	6.2	29
08.08.2018 00:00	6.04	6.1000000000000005	6.0	6.0600000000000005	26
09.08.2018 00:00	6.2	6.24	6.16	6.24	66
10.08.2018 00:00	6.32	6.32	6.24	6.32	3
16.08.2018 00:00	6.66	6.66	6.4	6.4	2
17.08.2018 00:00	6.24	6.24	6.24	6.24	1
20.08.2018 00:00	6.24	6.24	6.24	6.24	1
23.08.2018 00:00	6.36	6.36	6.2	6.2	2
28.08.2018 00:00	7.28	7.28	6.48	6.78	61
29.08.2018 00:00	6.86	6.86	6.86	6.86	2
04.09.2018 00:00	7.16	7.16	7.16	7.16	1
05.09.2018 00:00	6.7	6.82	6.62	6.7	5
07.09.2018 00:00	6.36	6.58	6.36	6.58	4
20.09.2018 00:00	6.66	6.66	6.66	6.66	27
24.09.2018 00:00	6.66	6.66	6.44	6.44	4
27.09.2018 00:00	6.5600000000000005	6.5600000000000005	6.5600000000000005	6.5600000000000005	1
03.10.2018 00:00	6.6000000000000005	6.6000000000000005	6.44	6.44	8
04.10.2018 00:00	6.44	6.44	6.0200000000000005	6.4	8
10.10.2018 00:00	6.32	6.32	6.32	6.32	1
12.10.2018 00:00	6.4	6.4	6.4	6.4	1
16.10.2018 00:00	6.4	6.4	6.4	6.4	1
18.10.2018 00:00	6.28	6.28	6.28	6.28	26
24.10.2018 00:00	6.28	6.28	6.24	6.24	3
25.10.2018 00:00	6.28	6.36	6.28	6.36	6
26.10.2018 00:00	6.48	6.48	6.48	6.48	1
29.10.2018 00:00	6.2	6.2	6.2	6.2	1
06.11.2018 00:00	6.04	6.2	6.04	6.0600000000000005	9
08.11.2018 00:00	6.08	6.08	6.08	6.08	1
12.11.2018 00:00	6.32	6.32	5.9	5.94	16
14.11.2018 00:00	6.24	6.82	6.2	6.4	27
15.11.2018 00:00	6.5600000000000005	6.5600000000000005	6.5600000000000005	6.5600000000000005	1
22.11.2018 00:00	6.4	6.4	6.4	6.4	2
26.11.2018 00:00	6.48	6.5600000000000005	6.48	6.5200000000000005	17
29.11.2018 00:00	6.66	6.66	6.2	6.2	64
04.12.2018 00:00	6.48	6.5600000000000005	6.48	6.5600000000000005	2
05.12.2018 00:00	6.66	6.66	6.48	6.48	12
06.12.2018 00:00	6.58	6.58	6.58	6.58	2
07.12.2018 00:00	6.48	6.48	6.48	6.48	1
10.12.2018 00:00	6.5600000000000005	6.5600000000000005	6.5600000000000005	6.5600000000000005	1
11.12.2018 00:00	6.48	6.48	6.44	6.44	9
13.12.2018 00:00	6.28	6.4	6.24	6.4	3
14.12.2018 00:00	6.28	6.32	6.28	6.32	9
17.12.2018 00:00	6.32	6.32	6.24	6.32	7
20.12.2018 00:00	6.2	6.2	6.2	6.2	5
24.12.2018 00:00	6.2	6.24	6.2	6.24	11
25.12.2018 00:00	6.24	6.24	6.24	6.24	10
26.12.2018 00:00	6.2	6.2	6.2	6.2	17
27.12.2018 00:00	6.4	6.66	6.36	6.36	67
28.12.2018 00:00	6.48	6.48	6.48	6.48	1
29.12.2018 00:00	6.62	6.66	6.58	6.66	24
03.01.2019 00:00	7.0	7.2	6.78	6.78	124
04.01.2019 00:00	6.94	7.0	6.86	6.86	21
08.01.2019 00:00	6.98	6.98	6.74	6.74	28
10.01.2019 00:00	6.7	6.7	6.66	6.66	24
17.01.2019 00:00	6.82	6.82	6.82	6.82	17
18.01.2019 00:00	6.66	6.82	6.66	6.82	2
23.01.2019 00:00	6.62	6.62	6.62	6.62	1
24.01.2019 00:00	6.7	6.7	6.7	6.7	1
25.01.2019 00:00	6.58	6.7	6.58	6.66	22
28.01.2019 00:00	6.7	6.7	6.7	6.7	1
29.01.2019 00:00	6.5	6.58	6.5	6.58	2
06.02.2019 00:00	6.24	6.58	6.2	6.58	6
07.02.2019 00:00	6.66	6.66	6.58	6.58	2
11.02.2019 00:00	6.74	6.78	6.74	6.78	3
12.02.2019 00:00	6.82	6.82	6.62	6.78	65
13.02.2019 00:00	6.78	6.94	6.78	6.78	68
14.02.2019 00:00	6.66	6.74	6.66	6.66	52
15.02.2019 00:00	6.58	6.58	6.58	6.58	5
18.02.2019 00:00	6.78	6.9	6.78	6.9	104
21.02.2019 00:00	6.7	6.74	6.5600000000000005	6.74	43
22.02.2019 00:00	6.78	6.86	6.78	6.86	5
25.02.2019 00:00	6.86	6.86	6.86	6.86	1
26.02.2019 00:00	7.0600000000000005	7.0600000000000005	6.92	6.92	4
27.02.2019 00:00	6.98	6.98	6.98	6.98	1
28.02.2019 00:00	7.04	7.04	6.98	6.98	13
01.03.2019 00:00	6.98	6.98	6.98	6.98	10
04.03.2019 00:00	6.82	6.82	6.78	6.78	27
05.03.2019 00:00	6.7	6.7	6.7	6.7	1
07.03.2019 00:00	6.7	6.7	6.66	6.66	38
11.03.2019 00:00	6.86	6.86	6.86	6.86	5
14.03.2019 00:00	6.74	6.74	6.7	6.74	23
15.03.2019 00:00	6.78	6.78	6.78	6.78	21
18.03.2019 00:00	6.78	6.78	6.78	6.78	1
20.03.2019 00:00	6.86	6.9	6.86	6.9	24
21.03.2019 00:00	6.9	6.94	6.9	6.92	34
22.03.2019 00:00	6.82	6.9	6.6000000000000005	6.9	5
25.03.2019 00:00	6.92	6.94	6.74	6.78	83
26.03.2019 00:00	6.86	6.86	6.78	6.78	22
27.03.2019 00:00	6.78	6.78	6.78	6.78	20
01.04.2019 00:00	6.94	7.16	6.82	6.82	91
02.04.2019 00:00	6.82	6.82	6.82	6.82	1
03.04.2019 00:00	6.98	6.98	6.98	6.98	1
04.04.2019 00:00	6.98	6.98	6.92	6.92	12
05.04.2019 00:00	7.0600000000000005	7.0600000000000005	7.0600000000000005	7.0600000000000005	3
08.04.2019 00:00	7.0600000000000005	7.0600000000000005	7.0600000000000005	7.0600000000000005	2
09.04.2019 00:00	7.140000000000001	7.140000000000001	6.98	7.140000000000001	7
10.04.2019 00:00	6.98	7.0	6.98	6.98	13
15.04.2019 00:00	7.08	7.08	7.08	7.08	1
16.04.2019 00:00	7.1000000000000005	7.1000000000000005	7.1000000000000005	7.1000000000000005	1
17.04.2019 00:00	7.12	7.140000000000001	7.12	7.140000000000001	5
18.04.2019 00:00	7.0200000000000005	7.0200000000000005	6.92	6.92	21
19.04.2019 00:00	7.140000000000001	7.58	6.98	7.24	159
22.04.2019 00:00	7.2	7.24	7.2	7.24	6
23.04.2019 00:00	7.1000000000000005	7.1000000000000005	6.98	6.98	4
24.04.2019 00:00	6.98	7.12	6.98	6.98	77
25.04.2019 00:00	7.24	7.24	6.98	6.98	11
26.04.2019 00:00	7.140000000000001	7.16	6.9	6.9	56
30.04.2019 00:00	7.0600000000000005	7.12	6.94	7.1000000000000005	23
02.05.2019 00:00	7.1000000000000005	7.1000000000000005	7.08	7.08	8
03.05.2019 00:00	7.140000000000001	7.140000000000001	7.140000000000001	7.140000000000001	23
06.05.2019 00:00	7.16	7.24	7.140000000000001	7.24	60
07.05.2019 00:00	6.9	6.9	6.5200000000000005	6.74	39
10.05.2019 00:00	6.44	6.78	6.44	6.6000000000000005	13
13.05.2019 00:00	6.5600000000000005	6.58	6.5600000000000005	6.5600000000000005	4
14.05.2019 00:00	6.5600000000000005	6.5600000000000005	6.36	6.5600000000000005	34
16.05.2019 00:00	6.48	6.48	6.48	6.48	1
17.05.2019 00:00	6.58	6.98	6.5600000000000005	6.86	76
20.05.2019 00:00	6.78	6.78	6.78	6.78	1
21.05.2019 00:00	6.78	7.0	6.78	7.0	115
22.05.2019 00:00	6.98	7.24	6.9	6.9	42
24.05.2019 00:00	6.82	6.82	6.82	6.82	28
29.05.2019 00:00	6.86	6.86	6.86	6.86	2
03.06.2019 00:00	6.78	6.78	6.78	6.78	1
04.06.2019 00:00	6.9	6.9	6.9	6.9	2
06.06.2019 00:00	6.92	6.92	6.78	6.78	10
07.06.2019 00:00	6.78	6.78	6.78	6.78	1
10.06.2019 00:00	6.74	6.74	6.4	6.62	54
11.06.2019 00:00	6.74	6.74	6.74	6.74	26
13.06.2019 00:00	6.58	6.58	6.58	6.58	1
14.06.2019 00:00	6.6000000000000005	6.6000000000000005	6.6000000000000005	6.6000000000000005	1
17.06.2019 00:00	6.5600000000000005	6.5600000000000005	6.5600000000000005	6.5600000000000005	1
19.06.2019 00:00	6.5600000000000005	6.5600000000000005	6.5600000000000005	6.5600000000000005	4
20.06.2019 00:00	6.5	6.5	6.5	6.5	1
21.06.2019 00:00	6.5600000000000005	6.58	6.5600000000000005	6.58	3
24.06.2019 00:00	6.7	6.7	6.7	6.7	4
25.06.2019 00:00	6.7	6.7	6.7	6.7	3
26.06.2019 00:00	6.7	6.78	6.5	6.58	19
28.06.2019 00:00	6.5	6.5	6.5	6.5	1
01.07.2019 00:00	6.66	6.66	6.66	6.66	1
02.07.2019 00:00	6.7	6.7	6.7	6.7	1
04.07.2019 00:00	6.7	6.7	6.7	6.7	2
05.07.2019 00:00	6.58	6.58	6.58	6.58	3
08.07.2019 00:00	6.58	6.7	6.5600000000000005	6.7	7
09.07.2019 00:00	6.7	6.94	6.7	6.78	71
10.07.2019 00:00	6.74	6.74	6.74	6.74	5
11.07.2019 00:00	6.74	6.74	6.48	6.48	43
12.07.2019 00:00	6.62	6.7	6.5600000000000005	6.58	23
15.07.2019 00:00	6.58	6.58	6.58	6.58	6
16.07.2019 00:00	6.5600000000000005	6.66	6.5600000000000005	6.66	8
17.07.2019 00:00	6.66	6.66	6.48	6.5600000000000005	103
19.07.2019 00:00	6.66	6.66	6.66	6.66	1
23.07.2019 00:00	6.5600000000000005	6.62	6.5200000000000005	6.62	50
24.07.2019 00:00	6.66	6.7	6.66	6.7	4
25.07.2019 00:00	6.7	6.78	6.58	6.58	20
26.07.2019 00:00	6.74	6.74	6.5600000000000005	6.5600000000000005	10
29.07.2019 00:00	6.66	6.78	6.6000000000000005	6.6000000000000005	12
30.07.2019 00:00	6.78	6.78	6.7	6.7	6
02.08.2019 00:00	6.78	6.78	6.78	6.78	3
05.08.2019 00:00	6.78	6.78	6.78	6.78	1
08.08.2019 00:00	6.78	6.78	6.78	6.78	9
09.08.2019 00:00	6.86	6.86	6.78	6.78	8
14.08.2019 00:00	6.7	6.7	6.66	6.66	3
15.08.2019 00:00	6.7	6.86	6.7	6.82	81
19.08.2019 00:00	6.7	6.7	6.7	6.7	1
20.08.2019 00:00	6.74	6.74	6.74	6.74	4
21.08.2019 00:00	6.7	6.78	6.7	6.78	8
22.08.2019 00:00	6.74	6.82	6.74	6.82	2
23.08.2019 00:00	6.78	6.78	6.78	6.78	5
26.08.2019 00:00	6.86	6.86	6.86	6.86	1
28.08.2019 00:00	6.74	6.74	6.74	6.74	4
29.08.2019 00:00	6.74	6.74	6.74	6.74	4
02.09.2019 00:00	6.78	6.86	6.74	6.74	87
03.09.2019 00:00	6.74	6.86	6.74	6.86	41
04.09.2019 00:00	6.86	6.86	6.86	6.86	20
05.09.2019 00:00	6.86	6.86	6.86	6.86	4
06.09.2019 00:00	6.92	6.92	6.92	6.92	15
09.09.2019 00:00	6.78	6.86	6.78	6.86	20
10.09.2019 00:00	6.92	6.92	6.92	6.92	111
11.09.2019 00:00	6.98	6.98	6.82	6.82	4
12.09.2019 00:00	6.82	6.82	6.82	6.82	70
13.09.2019 00:00	6.98	7.28	6.98	7.28	1597
16.09.2019 00:00	7.140000000000001	7.28	7.140000000000001	7.28	223
17.09.2019 00:00	7.24	7.28	7.12	7.12	85
18.09.2019 00:00	7.16	7.32	7.1000000000000005	7.24	499
19.09.2019 00:00	7.24	7.32	7.2	7.2	68
20.09.2019 00:00	7.2	7.2	7.12	7.2	36
23.09.2019 00:00	7.32	7.36	7.16	7.2	210
24.09.2019 00:00	7.2	7.28	7.16	7.28	33
25.09.2019 00:00	7.2	7.28	7.2	7.2	169
26.09.2019 00:00	7.36	7.36	7.36	7.36	13
27.09.2019 00:00	7.36	7.36	7.36	7.36	6
30.09.2019 00:00	7.36	7.36	7.1000000000000005	7.12	116
01.10.2019 00:00	7.24	7.28	7.1000000000000005	7.24	9
02.10.2019 00:00	7.24	7.24	7.04	7.0600000000000005	11
03.10.2019 00:00	7.04	7.24	6.98	6.98	577
04.10.2019 00:00	6.94	7.04	6.92	7.04	68
08.10.2019 00:00	6.92	7.04	6.82	7.04	21
09.10.2019 00:00	6.92	6.92	6.62	6.86	892
10.10.2019 00:00	6.86	6.86	6.6000000000000005	6.66	66
11.10.2019 00:00	6.86	6.9	6.78	6.86	95
14.10.2019 00:00	6.78	6.86	6.78	6.86	6
15.10.2019 00:00	6.86	6.86	6.78	6.82	7
16.10.2019 00:00	6.74	6.86	6.66	6.86	23
17.10.2019 00:00	6.86	6.86	6.86	6.86	1
18.10.2019 00:00	6.78	6.86	6.78	6.86	2
21.10.2019 00:00	6.82	6.82	6.74	6.78	10
22.10.2019 00:00	6.78	6.78	6.62	6.74	164
23.10.2019 00:00	6.74	6.74	6.5600000000000005	6.7	191
24.10.2019 00:00	6.7	6.7	6.7	6.7	6
25.10.2019 00:00	6.7	6.78	6.7	6.78	103
28.10.2019 00:00	6.78	6.78	6.78	6.78	12
29.10.2019 00:00	6.78	6.78	6.78	6.78	14
30.10.2019 00:00	6.78	6.78	6.78	6.78	29
01.11.2019 00:00	6.78	6.78	6.7	6.78	18
05.11.2019 00:00	6.86	6.86	6.78	6.82	34
06.11.2019 00:00	6.86	6.86	6.74	6.86	1017
07.11.2019 00:00	6.9	6.92	6.82	6.92	44
08.11.2019 00:00	6.86	6.98	6.82	6.98	235
11.11.2019 00:00	6.74	6.9	6.74	6.86	90
12.11.2019 00:00	6.94	6.94	6.9	6.92	70
13.11.2019 00:00	6.98	6.98	6.94	6.98	6
14.11.2019 00:00	6.86	6.98	6.86	6.98	89
15.11.2019 00:00	6.94	6.94	6.94	6.94	1
18.11.2019 00:00	6.92	6.92	6.86	6.92	8
19.11.2019 00:00	6.92	6.92	6.86	6.86	8
20.11.2019 00:00	6.94	6.94	6.94	6.94	5
21.11.2019 00:00	6.86	6.92	6.86	6.9	39
25.11.2019 00:00	6.98	6.98	6.86	6.86	25
26.11.2019 00:00	6.86	6.94	6.86	6.94	49
27.11.2019 00:00	6.94	6.94	6.86	6.86	5
29.11.2019 00:00	6.94	6.94	6.82	6.94	24
02.12.2019 00:00	6.92	6.94	6.82	6.9	33
03.12.2019 00:00	6.82	6.9	6.82	6.9	4
04.12.2019 00:00	6.9	6.9	6.78	6.9	79
05.12.2019 00:00	6.9	6.9	6.9	6.9	7
06.12.2019 00:00	6.82	6.82	6.82	6.82	2
09.12.2019 00:00	6.9	6.9	6.9	6.9	2
10.12.2019 00:00	6.9	6.9	6.9	6.9	1
11.12.2019 00:00	6.86	6.86	6.86	6.86	6
12.12.2019 00:00	6.9	6.9	6.86	6.9	19
13.12.2019 00:00	6.9	6.9	6.86	6.9	22
16.12.2019 00:00	6.9	6.9	6.9	6.9	23
17.12.2019 00:00	6.9	6.9	6.9	6.9	45
18.12.2019 00:00	6.86	6.9	6.86	6.9	167
19.12.2019 00:00	6.86	6.9	6.86	6.86	45
20.12.2019 00:00	6.86	6.9	6.86	6.86	9
23.12.2019 00:00	6.86	6.9	6.86	6.9	82
24.12.2019 00:00	6.9	6.9	6.82	6.86	360
25.12.2019 00:00	6.78	6.86	6.74	6.82	847
26.12.2019 00:00	6.86	6.9	6.7	6.86	760
27.12.2019 00:00	6.9	7.0200000000000005	6.86	6.98	543
30.12.2019 00:00	7.12	7.48	7.0200000000000005	7.44	466
03.01.2020 00:00	7.48	7.48	7.2	7.48	388
06.01.2020 00:00	7.28	7.5600000000000005	7.16	7.48	199
08.01.2020 00:00	7.44	7.6000000000000005	7.44	7.5600000000000005	351
09.01.2020 00:00	7.74	8.84	7.48	7.86	4464
10.01.2020 00:00	7.78	8.3	7.7	7.78	1164
13.01.2020 00:00	7.82	7.9	7.7	7.82	195
14.01.2020 00:00	7.74	7.86	7.58	7.86	702
15.01.2020 00:00	7.9	7.9	7.74	7.78	23
16.01.2020 00:00	7.86	7.9	7.78	7.9	22
17.01.2020 00:00	7.9	9.9	7.9	8.48	6948
20.01.2020 00:00	8.5	11.66	8.32	11.66	13456
21.01.2020 00:00	11.98	14.8	8.06	11.66	15303
22.01.2020 00:00	11.9	12.98	10.72	11.08	3302
23.01.2020 00:00	10.84	12.56	10.34	10.8	1828
24.01.2020 00:00	10.92	11.46	10.18	10.4	963
27.01.2020 00:00	10.56	10.98	9.76	9.82	815
28.01.2020 00:00	10.22	11.68	9.98	11.06	928
29.01.2020 00:00	10.16	11.06	10.16	10.92	123
30.01.2020 00:00	10.4	10.9	10.1	10.52	530
31.01.2020 00:00	10.32	11.3	9.98	11.3	1836
03.02.2020 00:00	11.9	11.98	9.98	10.46	4716
04.02.2020 00:00	10.22	10.52	10.22	10.38	947
05.02.2020 00:00	10.46	10.46	10.1	10.32	270
06.02.2020 00:00	10.32	10.48	9.9	10.3	1554
07.02.2020 00:00	10.26	10.3	9.92	10.06	322
10.02.2020 00:00	10.18	10.8	9.84	10.02	635
11.02.2020 00:00	10.08	10.08	9.82	9.9	1961
12.02.2020 00:00	10.02	10.06	9.88	9.9	63
13.02.2020 00:00	9.82	10.02	9.8	9.84	114
14.02.2020 00:00	9.84	10.06	9.8	10.0	183
17.02.2020 00:00	10.06	10.14	9.88	9.96	208
18.02.2020 00:00	9.9	10.06	9.82	9.98	219
19.02.2020 00:00	9.96	10.48	9.9	9.98	550
20.02.2020 00:00	9.9	10.08	9.9	10.08	20
21.02.2020 00:00	9.88	10.08	9.88	9.9	13
25.02.2020 00:00	9.92	10.06	9.9	10.06	41
26.02.2020 00:00	9.88	10.14	9.24	9.88	430
27.02.2020 00:00	9.92	9.96	9.8	9.8	201
28.02.2020 00:00	9.52	9.58	9.08	9.18	660
02.03.2020 00:00	9.64	9.64	9.08	9.38	566
03.03.2020 00:00	9.26	9.3	9.08	9.3	33
04.03.2020 00:00	9.26	9.26	9.24	9.24	12
05.03.2020 00:00	9.24	9.26	9.18	9.18	12
06.03.2020 00:00	9.38	9.38	8.32	8.48	456
10.03.2020 00:00	8.32	8.46	6.98	7.92	687
11.03.2020 00:00	7.9	8.3	7.82	8.18	695
12.03.2020 00:00	8.18	8.18	7.28	7.36	1162
13.03.2020 00:00	7.36	7.4	6.7	7.36	1278
16.03.2020 00:00	7.16	8.4	6.98	7.12	654
17.03.2020 00:00	7.16	7.28	6.6000000000000005	6.7	615
18.03.2020 00:00	6.5200000000000005	6.7	6.0200000000000005	6.0200000000000005	1328
19.03.2020 00:00	6.0	6.78	5.98	6.7	1054
20.03.2020 00:00	6.86	7.74	6.86	7.140000000000001	845
23.03.2020 00:00	7.16	7.4	7.1000000000000005	7.12	260
24.03.2020 00:00	7.32	8.18	7.12	7.98	1359
25.03.2020 00:00	7.98	8.16	7.36	7.9	977
26.03.2020 00:00	7.2	8.1	7.2	7.86	174
27.03.2020 00:00	8.0	8.18	7.08	7.28	440
30.03.2020 00:00	7.4	7.7	7.24	7.44	588
31.03.2020 00:00	7.78	9.34	7.7	7.78	1355
01.04.2020 00:00	7.82	7.82	7.44	7.78	687
02.04.2020 00:00	8.08	8.14	7.5200000000000005	8.1	206
03.04.2020 00:00	7.5600000000000005	9.1	7.5600000000000005	8.3	188
06.04.2020 00:00	8.32	8.9	8.02	8.48	373
07.04.2020 00:00	8.56	9.82	8.34	8.64	704
08.04.2020 00:00	8.68	8.88	8.48	8.76	187
09.04.2020 00:00	8.82	9.06	8.52	9.06	331
10.04.2020 00:00	8.58	9.48	8.58	9.08	843
13.04.2020 00:00	9.3	9.42	8.58	8.92	2136
14.04.2020 00:00	8.96	9.08	7.0600000000000005	8.9	1349
15.04.2020 00:00	8.92	8.92	8.42	8.52	694
16.04.2020 00:00	8.68	8.82	7.86	8.8	730
17.04.2020 00:00	8.9	8.92	8.72	8.82	327
20.04.2020 00:00	8.98	8.98	8.8	8.82	1040
21.04.2020 00:00	8.96	8.96	8.32	8.82	423
22.04.2020 00:00	9.08	9.08	8.9	9.0	1276
23.04.2020 00:00	8.82	9.4	8.32	9.3	1143
24.04.2020 00:00	9.18	9.68	8.68	9.5	2400
27.04.2020 00:00	9.8	9.98	9.48	9.66	2647
28.04.2020 00:00	9.66	10.06	9.66	9.9	3020
29.04.2020 00:00	9.98	10.22	9.98	9.98	4101
30.04.2020 00:00	10.3	10.3	9.68	10.14	8481
04.05.2020 00:00	10.3	10.9	10.02	10.6	9231
05.05.2020 00:00	9.98	10.0	7.08	9.66	6887
06.05.2020 00:00	9.32	9.58	9.02	9.08	2582
07.05.2020 00:00	8.98	8.98	8.48	8.58	4260
08.05.2020 00:00	8.72	8.74	8.26	8.48	3045
12.05.2020 00:00	8.4	8.5	8.18	8.4	575
13.05.2020 00:00	8.24	8.74	8.06	8.24	391
14.05.2020 00:00	8.32	8.32	8.0	8.14	1142
15.05.2020 00:00	8.14	8.32	8.14	8.16	262
18.05.2020 00:00	8.32	8.98	7.98	8.14	491
19.05.2020 00:00	7.98	8.4	7.74	8.06	946
20.05.2020 00:00	8.1	8.32	7.98	8.24	934
21.05.2020 00:00	8.26	8.38	8.26	8.26	375
22.05.2020 00:00	8.26	8.26	8.1	8.24	65
25.05.2020 00:00	7.98	8.24	7.86	8.24	669
26.05.2020 00:00	8.4	8.4	8.18	8.26	188
27.05.2020 00:00	8.24	8.26	8.06	8.18	104
28.05.2020 00:00	8.06	8.22	8.06	8.14	44
29.05.2020 00:00	8.26	8.3	8.18	8.3	91
01.06.2020 00:00	8.18	8.42	8.18	8.24	94
02.06.2020 00:00	8.38	8.38	8.22	8.3	134
03.06.2020 00:00	8.22	8.32	8.06	8.06	399
04.06.2020 00:00	8.32	8.34	7.98	8.08	305
05.06.2020 00:00	8.24	8.24	8.06	8.18	147
08.06.2020 00:00	8.02	8.18	7.98	8.02	391
09.06.2020 00:00	8.14	8.22	8.02	8.16	578
10.06.2020 00:00	8.32	8.32	8.1	8.18	114
11.06.2020 00:00	8.18	8.22	8.0	8.06	207
15.06.2020 00:00	8.0	8.06	7.4	7.98	368
16.06.2020 00:00	8.1	8.1	7.92	8.06	64
17.06.2020 00:00	8.14	8.14	7.82	8.06	247
18.06.2020 00:00	7.9	8.14	7.9	8.14	111
19.06.2020 00:00	8.14	8.22	8.06	8.08	173
22.06.2020 00:00	8.06	8.22	8.06	8.16	12
23.06.2020 00:00	8.24	8.32	8.06	8.06	137
25.06.2020 00:00	8.06	8.16	7.98	8.14	31
26.06.2020 00:00	8.02	8.08	8.02	8.08	5
29.06.2020 00:00	8.18	8.18	7.9	7.98	583
30.06.2020 00:00	8.26	8.26	7.5	7.98	136
02.07.2020 00:00	8.14	8.14	7.92	8.0	54
03.07.2020 00:00	7.92	8.02	7.82	7.98	206
06.07.2020 00:00	7.98	8.46	7.9	8.08	2339
07.07.2020 00:00	8.22	8.22	8.08	8.16	53
08.07.2020 00:00	8.16	8.16	7.98	8.02	217
09.07.2020 00:00	8.06	8.14	7.98	8.06	180
10.07.2020 00:00	8.16	8.16	8.02	8.06	15
13.07.2020 00:00	8.22	8.22	7.98	8.02	96
14.07.2020 00:00	7.98	7.98	7.82	7.98	184
15.07.2020 00:00	8.06	8.08	8.06	8.08	130
16.07.2020 00:00	8.24	8.24	7.92	8.06	166
17.07.2020 00:00	8.02	8.16	8.0	8.14	170
20.07.2020 00:00	7.98	8.06	7.98	8.06	184
21.07.2020 00:00	8.06	8.22	8.02	8.06	187
22.07.2020 00:00	8.02	8.14	7.98	8.02	170
23.07.2020 00:00	8.14	8.14	7.98	8.0	125
24.07.2020 00:00	8.08	8.08	8.0	8.08	138
27.07.2020 00:00	8.14	8.14	8.08	8.14	65
28.07.2020 00:00	8.18	8.48	8.18	8.38	365
29.07.2020 00:00	8.34	8.38	8.18	8.38	105
30.07.2020 00:00	8.24	8.42	8.24	8.34	49
31.07.2020 00:00	8.38	8.66	8.24	8.24	1970
03.08.2020 00:00	8.24	8.56	8.18	8.3	461
04.08.2020 00:00	8.4	8.64	8.18	8.34	2049
05.08.2020 00:00	8.18	8.52	8.18	8.48	102
06.08.2020 00:00	8.48	8.48	8.32	8.34	236
07.08.2020 00:00	8.34	8.34	8.3	8.3	27
10.08.2020 00:00	8.66	8.66	8.24	8.24	194
11.08.2020 00:00	8.32	8.48	8.24	8.26	97
12.08.2020 00:00	8.22	8.34	8.22	8.32	201
13.08.2020 00:00	8.3	9.1	8.24	8.48	3857
14.08.2020 00:00	8.88	8.88	8.46	8.58	725
17.08.2020 00:00	8.66	8.66	8.3	8.48	1085
18.08.2020 00:00	8.56	8.56	8.38	8.38	224
19.08.2020 00:00	8.48	8.48	8.38	8.48	37
20.08.2020 00:00	8.48	8.48	8.42	8.48	76
21.08.2020 00:00	8.24	8.56	8.24	8.4	97
24.08.2020 00:00	8.38	8.48	8.34	8.38	56
25.08.2020 00:00	8.34	8.58	8.34	8.34	30
26.08.2020 00:00	8.32	8.48	7.98	8.24	1548
27.08.2020 00:00	8.24	8.26	8.14	8.24	281
28.08.2020 00:00	8.24	8.24	8.18	8.18	123
31.08.2020 00:00	8.24	8.34	8.1	8.24	88
01.09.2020 00:00	8.18	8.34	8.14	8.26	156
02.09.2020 00:00	8.18	8.26	8.18	8.26	14
03.09.2020 00:00	8.18	8.3	8.18	8.18	219
04.09.2020 00:00	8.16	8.22	8.08	8.14	99
07.09.2020 00:00	8.24	8.24	8.22	8.24	22
08.09.2020 00:00	8.3	8.32	8.1	8.14	110
09.09.2020 00:00	8.16	8.18	8.08	8.1	133
10.09.2020 00:00	8.18	8.26	8.14	8.14	20
11.09.2020 00:00	8.24	8.3	8.06	8.16	121
14.09.2020 00:00	8.3	8.3	8.02	8.22	25
15.09.2020 00:00	8.32	8.42	8.14	8.24	174
16.09.2020 00:00	8.3	8.32	8.26	8.26	33
17.09.2020 00:00	8.3	8.3	8.24	8.24	11
18.09.2020 00:00	8.14	8.32	7.98	8.26	502
21.09.2020 00:00	8.32	8.32	8.1	8.1	47
22.09.2020 00:00	8.22	8.32	8.22	8.24	32
23.09.2020 00:00	8.24	8.26	8.14	8.24	25
24.09.2020 00:00	8.14	8.26	8.08	8.24	108
25.09.2020 00:00	8.08	8.3	8.08	8.22	56
28.09.2020 00:00	8.3	8.3	8.08	8.18	714
29.09.2020 00:00	8.1	8.24	8.1	8.22	25
30.09.2020 00:00	8.24	8.24	8.08	8.14	42
01.10.2020 00:00	8.24	8.24	7.98	8.06	152
02.10.2020 00:00	8.02	8.14	8.0	8.06	134
05.10.2020 00:00	8.1	8.14	7.98	8.14	669
06.10.2020 00:00	8.24	8.24	7.98	8.14	51
07.10.2020 00:00	8.16	8.22	8.0	8.1	563
08.10.2020 00:00	8.08	8.14	8.06	8.08	32
09.10.2020 00:00	8.14	8.14	7.98	8.14	131
12.10.2020 00:00	8.14	8.14	8.08	8.14	77
13.10.2020 00:00	8.08	8.14	8.06	8.1	27
14.10.2020 00:00	8.02	8.14	7.98	8.14	123
15.10.2020 00:00	8.06	8.16	7.92	8.14	548
16.10.2020 00:00	8.18	8.18	8.06	8.06	28
19.10.2020 00:00	8.06	8.14	8.0	8.06	71
20.10.2020 00:00	7.98	8.14	7.98	8.14	7
21.10.2020 00:00	8.06	8.14	8.02	8.1	104
22.10.2020 00:00	8.1	8.14	8.08	8.08	21
23.10.2020 00:00	8.14	8.16	8.06	8.14	251
26.10.2020 00:00	8.14	8.16	8.06	8.06	50
27.10.2020 00:00	8.06	8.06	8.0	8.02	149
28.10.2020 00:00	8.02	8.02	7.74	7.82	344
29.10.2020 00:00	7.82	7.82	7.5600000000000005	7.7	171
30.10.2020 00:00	7.78	7.78	7.66	7.7	50
02.11.2020 00:00	7.74	7.74	7.5200000000000005	7.7	262
03.11.2020 00:00	7.7	7.7	7.48	7.7	159
05.11.2020 00:00	7.7	8.02	7.7	7.98	190
06.11.2020 00:00	7.98	7.98	7.78	7.82	227
09.11.2020 00:00	7.9	8.0	7.9	7.98	28
10.11.2020 00:00	7.98	8.14	7.66	8.02	799
11.11.2020 00:00	7.98	8.14	7.98	8.1	284
12.11.2020 00:00	8.42	8.42	8.06	8.06	45
13.11.2020 00:00	8.14	8.18	8.02	8.14	26
16.11.2020 00:00	8.08	8.48	8.08	8.4	2563
17.11.2020 00:00	8.24	8.34	7.66	8.22	694
18.11.2020 00:00	8.26	8.42	8.26	8.32	1363
19.11.2020 00:00	8.46	8.6	8.32	8.32	101
20.11.2020 00:00	8.42	8.56	8.3	8.38	64
23.11.2020 00:00	8.34	8.34	8.06	8.08	272
24.11.2020 00:00	8.26	8.26	8.16	8.16	92
25.11.2020 00:00	8.26	8.32	8.14	8.18	839
26.11.2020 00:00	8.38	8.42	8.3	8.3	42
27.11.2020 00:00	8.42	8.42	8.18	8.4	226
30.11.2020 00:00	8.4	8.4	7.98	8.18	865
01.12.2020 00:00	8.16	8.16	8.06	8.08	36
02.12.2020 00:00	8.1	8.32	8.1	8.22	186
03.12.2020 00:00	8.14	8.3	8.14	8.24	120
04.12.2020 00:00	8.3	8.3	8.08	8.24	71
07.12.2020 00:00	8.32	8.34	8.08	8.34	299
08.12.2020 00:00	8.16	8.38	8.16	8.18	124
09.12.2020 00:00	8.24	8.3	8.22	8.24	23
10.12.2020 00:00	8.26	8.4	8.06	8.14	148
11.12.2020 00:00	8.26	8.32	8.16	8.26	46
14.12.2020 00:00	8.3	8.4	8.22	8.22	66
15.12.2020 00:00	8.24	8.24	7.98	8.14	734
16.12.2020 00:00	8.06	8.14	7.9	8.06	263
17.12.2020 00:00	8.06	8.32	8.06	8.32	606
18.12.2020 00:00	8.3	8.4	8.24	8.34	1559
21.12.2020 00:00	8.34	8.4	8.24	8.26	80
22.12.2020 00:00	8.22	8.32	8.22	8.32	66
23.12.2020 00:00	8.32	8.34	8.24	8.32	6
24.12.2020 00:00	8.32	8.4	8.32	8.32	101
25.12.2020 00:00	8.26	8.32	8.0	8.24	72
28.12.2020 00:00	8.24	8.32	8.08	8.24	66
29.12.2020 00:00	8.26	8.56	8.14	8.48	300
30.12.2020 00:00	8.4	8.6	8.3	8.32	439
04.01.2021 00:00	8.48	8.5	8.32	8.4	73
05.01.2021 00:00	8.4	8.42	8.08	8.26	501
06.01.2021 00:00	8.14	8.48	8.14	8.32	237
08.01.2021 00:00	8.32	8.52	8.3	8.48	150
11.01.2021 00:00	8.26	8.4	8.26	8.38	58
12.01.2021 00:00	8.38	8.8	8.3	8.48	1677
13.01.2021 00:00	8.56	8.64	8.4	8.56	148
14.01.2021 00:00	8.66	8.66	8.56	8.56	30
15.01.2021 00:00	8.68	8.68	8.34	8.64	281
18.01.2021 00:00	8.66	8.68	8.48	8.58	325
19.01.2021 00:00	8.72	8.72	8.48	8.48	75
20.01.2021 00:00	8.48	8.66	8.4	8.48	25
21.01.2021 00:00	8.48	8.68	8.48	8.5	280
22.01.2021 00:00	8.48	8.52	8.4	8.52	112
25.01.2021 00:00	8.4	8.58	8.4	8.58	73
26.01.2021 00:00	8.48	8.48	8.08	8.46	531
27.01.2021 00:00	8.42	8.58	8.24	8.4	174
28.01.2021 00:00	8.38	8.4	8.32	8.34	294
29.01.2021 00:00	8.32	8.32	8.16	8.16	99
01.02.2021 00:00	8.24	8.24	8.0	8.16	480
02.02.2021 00:00	8.24	8.3	8.14	8.18	85
03.02.2021 00:00	8.14	8.38	8.14	8.38	324
04.02.2021 00:00	8.26	8.48	8.14	8.24	558
05.02.2021 00:00	8.34	8.48	8.24	8.24	57
08.02.2021 00:00	8.32	8.48	8.32	8.42	316
09.02.2021 00:00	8.4	8.6	8.24	8.4	114
10.02.2021 00:00	8.32	8.58	8.24	8.48	82
11.02.2021 00:00	8.46	8.56	8.46	8.48	22
12.02.2021 00:00	8.5	8.5	8.42	8.5	19
15.02.2021 00:00	8.5	8.5	8.42	8.48	57
16.02.2021 00:00	8.48	8.56	8.46	8.46	44
17.02.2021 00:00	8.56	8.56	8.32	8.32	128
18.02.2021 00:00	8.32	8.76	8.32	8.5	861
19.02.2021 00:00	8.52	9.84	8.52	8.8	3008
20.02.2021 00:00	9.38	9.38	8.74	8.88	293
22.02.2021 00:00	8.88	8.88	8.64	8.64	147
24.02.2021 00:00	8.58	8.84	8.56	8.68	195
25.02.2021 00:00	8.56	8.9	8.38	8.88	311
26.02.2021 00:00	8.9	8.98	8.48	8.8	536
01.03.2021 00:00	8.48	8.98	8.48	8.82	162
02.03.2021 00:00	9.56	9.56	8.68	8.9	895
03.03.2021 00:00	8.82	9.56	8.52	8.98	1913
04.03.2021 00:00	9.4	9.56	8.74	9.24	3484
05.03.2021 00:00	9.52	9.52	8.58	8.76	968
09.03.2021 00:00	8.64	9.58	8.58	9.34	2594
10.03.2021 00:00	9.98	10.64	9.38	9.68	8658
11.03.2021 00:00	9.74	10.52	9.74	10.14	7267
12.03.2021 00:00	10.16	10.9	10.1	10.58	9969
15.03.2021 00:00	10.8	10.82	10.48	10.64	2342
16.03.2021 00:00	10.5	10.64	10.14	10.24	2159
17.03.2021 00:00	10.1	10.58	10.1	10.3	548
18.03.2021 00:00	10.52	10.52	10.1	10.18	1861
19.03.2021 00:00	10.1	10.26	9.98	10.14	883
22.03.2021 00:00	10.14	10.18	9.9	10.18	735
23.03.2021 00:00	10.08	10.16	9.66	9.98	1711
24.03.2021 00:00	10.08	10.08	9.98	10.06	167
25.03.2021 00:00	10.14	10.14	9.64	9.8	1457
26.03.2021 00:00	9.9	10.02	9.82	9.98	693
29.03.2021 00:00	9.64	10.56	9.64	9.98	909
30.03.2021 00:00	10.0	10.14	9.9	10.08	443
31.03.2021 00:00	10.1	10.1	9.82	10.02	610
01.04.2021 00:00	10.14	10.14	9.9	10.08	488
02.04.2021 00:00	10.1	10.14	9.98	10.14	1025
05.04.2021 00:00	10.24	10.26	10.06	10.08	929
06.04.2021 00:00	10.14	10.34	9.98	10.06	580
07.04.2021 00:00	10.18	10.18	9.96	10.08	374
08.04.2021 00:00	10.1	10.14	9.92	10.06	1088
09.04.2021 00:00	10.06	10.06	9.76	9.98	1905
12.04.2021 00:00	10.02	10.06	9.9	9.98	1109
13.04.2021 00:00	10.06	10.06	9.96	10.02	443
14.04.2021 00:00	10.06	10.32	10.0	10.3	2382
15.04.2021 00:00	10.4	10.48	10.06	10.32	2493
16.04.2021 00:00	10.32	10.5	10.08	10.48	1542
19.04.2021 00:00	10.52	10.6	10.1	10.4	1156
20.04.2021 00:00	10.48	10.48	10.08	10.4	1267
21.04.2021 00:00	10.48	10.52	10.32	10.42	2031
22.04.2021 00:00	10.48	10.48	10.1	10.4	2059
23.04.2021 00:00	10.48	11.98	10.48	10.74	12459
26.04.2021 00:00	10.74	11.0	10.42	10.56	11130
27.04.2021 00:00	10.0	10.06	8.98	9.24	8871
28.04.2021 00:00	9.16	9.24	8.82	8.88	1987
29.04.2021 00:00	9.02	9.06	8.88	8.98	1043
30.04.2021 00:00	8.98	9.06	8.8	8.88	944
04.05.2021 00:00	9.0	9.0	8.72	8.74	360
05.05.2021 00:00	8.92	9.06	8.74	8.98	303
06.05.2021 00:00	8.98	9.08	8.84	8.98	936
07.05.2021 00:00	8.98	9.02	8.74	8.82	424
10.05.2021 00:00	8.76	8.9	8.74	8.74	289
11.05.2021 00:00	8.72	8.92	8.64	8.9	321
12.05.2021 00:00	8.88	8.96	8.74	8.76	135
13.05.2021 00:00	8.9	8.9	8.64	8.74	163
14.05.2021 00:00	8.66	8.8	8.58	8.72	176
17.05.2021 00:00	8.74	8.82	8.48	8.68	600
18.05.2021 00:00	8.82	8.98	8.58	8.92	939
19.05.2021 00:00	8.8	8.9	8.8	8.82	152
20.05.2021 00:00	8.92	9.16	8.88	8.98	86
21.05.2021 00:00	8.84	9.08	8.82	8.92	603
24.05.2021 00:00	8.92	8.92	8.8	8.9	134
25.05.2021 00:00	8.82	8.9	8.8	8.88	260
26.05.2021 00:00	8.88	8.92	8.8	8.82	42
27.05.2021 00:00	8.88	8.88	8.6	8.6	301
28.05.2021 00:00	8.74	8.92	8.74	8.76	124
31.05.2021 00:00	8.74	8.96	8.74	8.74	180
01.06.2021 00:00	8.74	8.9	8.74	8.74	96
02.06.2021 00:00	8.74	8.88	8.68	8.84	110
03.06.2021 00:00	8.8	8.92	8.74	8.8	235
04.06.2021 00:00	8.88	8.88	8.8	8.82	67
07.06.2021 00:00	8.8	8.84	8.76	8.8	137
08.06.2021 00:00	8.82	8.88	8.8	8.82	177
09.06.2021 00:00	8.8	9.72	8.8	9.06	1883
10.06.2021 00:00	9.34	9.34	8.98	9.14	518
11.06.2021 00:00	9.32	9.32	9.0	9.02	173
14.06.2021 00:00	9.16	9.24	9.16	9.24	125
15.06.2021 00:00	9.06	9.18	9.06	9.14	112
16.06.2021 00:00	9.14	9.14	9.0	9.0	45
17.06.2021 00:00	9.0	9.14	8.98	9.02	250
18.06.2021 00:00	9.08	9.1	8.98	8.98	267
21.06.2021 00:00	8.96	9.14	8.96	9.0	27
22.06.2021 00:00	9.14	9.14	8.98	9.0	92
23.06.2021 00:00	9.02	9.06	8.98	9.06	88
24.06.2021 00:00	9.0	9.02	8.96	8.96	22
25.06.2021 00:00	8.98	9.06	8.88	8.9	23
28.06.2021 00:00	8.88	8.88	8.82	8.84	45
29.06.2021 00:00	9.0	9.0	8.64	8.8	107
30.06.2021 00:00	8.8	8.84	8.8	8.8	79
01.07.2021 00:00	8.84	8.98	8.84	8.84	40
02.07.2021 00:00	9.02	9.02	8.88	8.88	18
05.07.2021 00:00	8.84	9.48	8.84	9.16	466
06.07.2021 00:00	9.18	9.18	9.0	9.16	160
07.07.2021 00:00	9.06	9.14	8.98	9.06	159
08.07.2021 00:00	9.22	9.22	8.98	9.02	16
09.07.2021 00:00	9.14	9.14	8.98	9.0	63
12.07.2021 00:00	9.02	9.16	8.98	9.06	67
13.07.2021 00:00	8.98	9.1	8.98	9.06	22
14.07.2021 00:00	9.16	9.16	9.0	9.14	12
15.07.2021 00:00	9.14	9.14	9.0	9.06	53
16.07.2021 00:00	9.06	9.06	9.0	9.06	36
19.07.2021 00:00	9.06	9.06	8.9	8.9	58
20.07.2021 00:00	8.96	8.96	8.9	8.92	41
21.07.2021 00:00	8.98	9.02	8.9	8.98	38
22.07.2021 00:00	9.02	9.02	8.98	9.0	9
23.07.2021 00:00	9.02	9.02	8.96	8.98	7
26.07.2021 00:00	8.9	9.06	8.9	9.0	99
27.07.2021 00:00	9.02	9.08	8.72	8.8	118
28.07.2021 00:00	8.98	8.98	8.82	8.92	134
29.07.2021 00:00	8.96	8.98	8.96	8.98	9
30.07.2021 00:00	9.0	9.0	8.9	8.9	18
02.08.2021 00:00	9.0	9.0	8.8	8.92	24
03.08.2021 00:00	8.9	8.9	8.9	8.9	44
04.08.2021 00:00	9.0	9.0	8.84	8.84	49
05.08.2021 00:00	8.84	8.98	8.68	8.72	105
06.08.2021 00:00	8.96	8.96	8.68	8.74	209
09.08.2021 00:00	8.68	8.9	8.68	8.8	228
10.08.2021 00:00	8.9	8.9	8.72	8.74	43
11.08.2021 00:00	8.74	8.82	8.74	8.74	27
12.08.2021 00:00	8.82	8.82	8.76	8.76	71
13.08.2021 00:00	8.74	8.82	8.74	8.82	143
16.08.2021 00:00	8.76	8.88	8.74	8.8	113
17.08.2021 00:00	8.76	8.84	8.68	8.76	59
18.08.2021 00:00	8.84	8.84	8.66	8.74	63
19.08.2021 00:00	8.72	8.72	8.5	8.64	94
20.08.2021 00:00	8.66	8.68	8.58	8.64	197
23.08.2021 00:00	8.64	8.68	8.58	8.64	36
24.08.2021 00:00	8.66	8.8	8.66	8.8	121
25.08.2021 00:00	8.8	8.88	8.68	8.8	43
26.08.2021 00:00	8.82	8.82	8.74	8.76	18
27.08.2021 00:00	8.84	8.84	8.76	8.76	9
30.08.2021 00:00	8.74	8.9	8.72	8.9	201
31.08.2021 00:00	8.9	9.02	8.74	8.82	100
01.09.2021 00:00	8.9	8.9	8.82	8.84	55
02.09.2021 00:00	8.96	8.98	8.88	8.9	21
03.09.2021 00:00	8.96	8.96	8.82	8.92	27
06.09.2021 00:00	8.84	9.0	8.76	8.82	109
07.09.2021 00:00	8.98	8.98	8.82	8.82	69
08.09.2021 00:00	8.9	8.92	8.8	8.8	86
09.09.2021 00:00	8.82	8.96	8.76	8.82	62
10.09.2021 00:00	8.82	8.96	8.82	8.82	35
13.09.2021 00:00	8.96	8.96	8.76	8.82	39
14.09.2021 00:00	8.82	8.92	8.8	8.82	26
15.09.2021 00:00	8.8	8.9	8.8	8.9	42
16.09.2021 00:00	8.76	9.14	8.76	9.1	453
17.09.2021 00:00	8.82	8.98	8.82	8.96	221
20.09.2021 00:00	8.82	9.06	8.8	8.84	92
21.09.2021 00:00	8.92	8.98	8.82	8.88	73
22.09.2021 00:00	8.84	8.98	8.8	8.82	203
23.09.2021 00:00	8.9	9.18	8.82	8.84	218
24.09.2021 00:00	8.98	8.98	8.66	8.68	282
27.09.2021 00:00	8.82	8.84	8.48	8.72	247
28.09.2021 00:00	8.64	8.98	8.6	8.74	116
29.09.2021 00:00	8.74	8.84	8.66	8.76	70
30.09.2021 00:00	8.84	8.96	8.52	8.68	147
01.10.2021 00:00	8.72	8.96	8.72	8.8	40
04.10.2021 00:00	8.74	8.92	8.66	8.82	53
05.10.2021 00:00	8.68	8.92	8.58	8.72	99
06.10.2021 00:00	8.8	8.98	8.76	8.82	145
07.10.2021 00:00	8.9	8.9	8.74	8.82	58
08.10.2021 00:00	8.8	8.9	8.8	8.9	105
11.10.2021 00:00	8.92	9.52	8.92	9.06	1432
12.10.2021 00:00	8.92	9.22	8.84	8.98	381
13.10.2021 00:00	8.98	9.46	8.84	9.0	331
14.10.2021 00:00	8.9	9.06	8.74	8.9	751
15.10.2021 00:00	8.9	8.98	8.72	8.88	134
18.10.2021 00:00	8.84	8.84	8.58	8.82	135
19.10.2021 00:00	8.82	9.08	8.82	9.0	207
20.10.2021 00:00	9.0	9.1	8.8	8.9	281
21.10.2021 00:00	8.92	9.14	8.82	9.08	424
22.10.2021 00:00	9.14	9.14	9.0	9.02	25
25.10.2021 00:00	9.14	9.14	8.92	9.08	53
26.10.2021 00:00	9.24	9.24	8.82	9.02	328
27.10.2021 00:00	9.06	9.08	8.98	9.0	33
28.10.2021 00:00	8.98	9.06	8.9	8.96	46
29.10.2021 00:00	8.96	9.1	8.76	9.08	170
01.11.2021 00:00	8.82	9.22	8.82	9.06	206
02.11.2021 00:00	9.0	9.4	8.9	9.0	578
03.11.2021 00:00	9.0	9.1	8.98	9.0	49
05.11.2021 00:00	9.06	9.14	8.96	9.08	163
08.11.2021 00:00	9.06	9.42	8.82	8.92	472
09.11.2021 00:00	8.9	8.98	8.9	8.9	241
10.11.2021 00:00	8.98	8.98	8.82	8.92	58
11.11.2021 00:00	8.92	8.92	8.84	8.9	15
12.11.2021 00:00	9.06	9.18	8.72	8.9	543
15.11.2021 00:00	8.74	8.98	8.74	8.96	109
16.11.2021 00:00	8.98	8.98	8.82	8.82	124
17.11.2021 00:00	8.82	8.88	8.74	8.88	117
18.11.2021 00:00	8.8	8.9	8.76	8.9	44
19.11.2021 00:00	8.9	8.9	8.66	8.82	175
22.11.2021 00:00	8.82	8.82	8.48	8.74	316
23.11.2021 00:00	8.5	8.8	8.48	8.8	506
24.11.2021 00:00	8.64	8.8	8.64	8.76	18
25.11.2021 00:00	8.76	8.76	8.58	8.72	83
26.11.2021 00:00	8.8	8.8	8.64	8.74	37
29.11.2021 00:00	8.52	8.68	8.48	8.64	527
30.11.2021 00:00	8.5	8.72	8.5	8.68	88
01.12.2021 00:00	8.82	8.82	8.68	8.8	227
02.12.2021 00:00	8.58	8.82	8.56	8.58	137
03.12.2021 00:00	8.8	8.8	8.48	8.58	188
06.12.2021 00:00	8.6	8.74	8.56	8.58	244
07.12.2021 00:00	8.76	8.76	8.16	8.56	222
08.12.2021 00:00	8.42	8.66	8.42	8.56	60
09.12.2021 00:00	8.58	8.58	8.48	8.56	41
10.12.2021 00:00	8.58	8.58	8.56	8.56	4
13.12.2021 00:00	8.56	8.56	8.24	8.4	208
14.12.2021 00:00	8.4	8.4	8.22	8.26	88
15.12.2021 00:00	8.48	8.58	8.3	8.34	79
16.12.2021 00:00	8.46	8.64	8.4	8.48	95
17.12.2021 00:00	8.48	8.56	8.22	8.4	132
20.12.2021 00:00	8.32	8.4	8.3	8.38	26
21.12.2021 00:00	8.22	8.4	8.18	8.38	35
22.12.2021 00:00	8.22	8.48	8.22	8.4	124
23.12.2021 00:00	8.32	8.74	8.26	8.46	122
24.12.2021 00:00	8.48	8.64	8.34	8.64	142
27.12.2021 00:00	8.48	8.64	8.4	8.58	225
28.12.2021 00:00	8.5	8.5	8.32	8.34	301
29.12.2021 00:00	8.42	8.46	8.4	8.46	35
30.12.2021 00:00	8.4	8.48	8.32	8.42	79
03.01.2022 00:00	8.48	9.14	8.4	8.52	648
04.01.2022 00:00	8.52	8.74	8.52	8.74	129
05.01.2022 00:00	8.76	8.98	8.74	8.82	161
06.01.2022 00:00	8.9	8.9	8.68	8.74	48
10.01.2022 00:00	8.9	9.06	8.68	8.74	284
11.01.2022 00:00	8.82	8.9	8.74	8.8	145
12.01.2022 00:00	8.82	8.9	8.8	8.82	87
13.01.2022 00:00	8.82	9.0	8.68	8.74	465
14.01.2022 00:00	8.82	8.84	8.58	8.8	1242
17.01.2022 00:00	8.74	8.98	8.74	8.74	66
18.01.2022 00:00	8.98	8.98	8.24	8.38	366
19.01.2022 00:00	8.4	8.5	8.3	8.5	147
20.01.2022 00:00	8.32	8.6	8.18	8.6	164
21.01.2022 00:00	8.6	8.6	8.32	8.42	29
24.01.2022 00:00	8.32	8.32	8.08	8.24	162
25.01.2022 00:00	8.4	9.06	8.22	8.56	585
26.01.2022 00:00	8.58	8.84	8.42	8.84	110
27.01.2022 00:00	8.68	8.76	8.42	8.6	130
28.01.2022 00:00	8.48	8.76	8.42	8.56	66
31.01.2022 00:00	8.48	8.92	8.48	8.72	215
01.02.2022 00:00	8.48	8.76	8.48	8.68	19
02.02.2022 00:00	8.52	8.74	8.52	8.58	35
03.02.2022 00:00	8.66	8.68	8.56	8.66	17
04.02.2022 00:00	8.5	8.76	8.5	8.66	35
07.02.2022 00:00	8.74	8.88	8.58	8.88	47
08.02.2022 00:00	8.74	8.74	8.3	8.58	171
09.02.2022 00:00	8.42	8.88	8.42	8.82	145
10.02.2022 00:00	8.88	8.98	8.74	8.82	53
11.02.2022 00:00	8.92	8.92	8.52	8.64	42
14.02.2022 00:00	8.68	8.68	8.58	8.68	6
15.02.2022 00:00	8.48	8.68	8.42	8.5	226
16.02.2022 00:00	8.56	8.68	8.56	8.64	53
17.02.2022 00:00	8.68	8.68	8.64	8.64	46
18.02.2022 00:00	8.76	8.76	8.6	8.64	49
21.02.2022 00:00	8.58	8.64	8.06	8.16	326
22.02.2022 00:00	8.02	8.9	6.9	8.14	351
24.02.2022 00:00	7.140000000000001	8.0	5.82	6.66	606
25.02.2022 00:00	7.9	7.9	6.98	7.16	121
28.03.2022 00:00	7.9	8.24	7.1000000000000005	7.5	816
29.03.2022 00:00	7.7	7.74	6.98	6.98	373
30.03.2022 00:00	7.12	7.5600000000000005	6.98	7.36	194
31.03.2022 00:00	7.5	8.18	7.36	7.78	923
01.04.2022 00:00	7.86	8.18	7.7	7.98	1484
04.04.2022 00:00	8.18	8.58	7.98	8.26	868
05.04.2022 00:00	8.26	8.58	7.82	8.1	1354
06.04.2022 00:00	8.1	8.14	7.86	8.0	425
07.04.2022 00:00	8.0	8.08	7.9	7.9	291
08.04.2022 00:00	8.0	8.4	7.9	8.08	1209
11.04.2022 00:00	8.08	8.66	7.9	7.98	1582
12.04.2022 00:00	8.06	8.08	7.92	8.08	584
13.04.2022 00:00	8.08	8.08	7.7	8.08	1091
14.04.2022 00:00	8.06	8.06	7.86	7.98	996
15.04.2022 00:00	7.98	8.18	7.74	8.06	2861
18.04.2022 00:00	8.06	10.06	8.06	8.98	10063
19.04.2022 00:00	8.98	9.06	8.16	8.82	1993
20.04.2022 00:00	8.76	8.92	8.4	8.8	1269
21.04.2022 00:00	8.8	9.26	8.56	8.72	993
22.04.2022 00:00	8.88	8.92	8.48	8.72	1511
25.04.2022 00:00	9.24	9.24	8.32	8.68	2181
26.04.2022 00:00	8.68	8.92	8.58	8.72	4212
27.04.2022 00:00	8.84	8.9	8.5	8.68	3477
28.04.2022 00:00	8.72	8.98	8.32	8.74	6298
29.04.2022 00:00	8.58	8.74	7.78	8.66	6809
04.05.2022 00:00	7.98	8.4	7.5	7.92	2583
05.05.2022 00:00	7.86	8.06	7.5600000000000005	7.5600000000000005	1150
06.05.2022 00:00	7.58	7.7	7.12	7.7	2250
11.05.2022 00:00	7.7	7.7	7.4	7.6000000000000005	322
12.05.2022 00:00	7.5	7.78	7.24	7.28	1237
13.05.2022 00:00	7.4	7.4	7.2	7.28	396
16.05.2022 00:00	7.36	7.5600000000000005	7.28	7.48	344
17.05.2022 00:00	7.44	7.7	7.32	7.32	221
18.05.2022 00:00	7.48	7.7	7.0600000000000005	7.36	463
19.05.2022 00:00	7.48	7.48	7.28	7.4	192
20.05.2022 00:00	7.36	7.44	7.2	7.36	176
23.05.2022 00:00	7.4	7.48	7.0200000000000005	7.1000000000000005	344
24.05.2022 00:00	7.12	7.12	6.5600000000000005	6.98	1103
25.05.2022 00:00	6.98	7.04	6.78	6.78	236
26.05.2022 00:00	6.9	7.1000000000000005	6.86	6.98	245
27.05.2022 00:00	6.98	7.0600000000000005	6.82	6.98	245
30.05.2022 00:00	6.98	7.2	6.82	6.98	469
31.05.2022 00:00	7.2	7.4	6.9	7.04	193
01.06.2022 00:00	6.98	7.48	6.9	7.140000000000001	201
02.06.2022 00:00	7.16	7.2	6.92	6.94	189
03.06.2022 00:00	6.86	6.98	6.78	6.86	88
06.06.2022 00:00	6.98	6.98	6.82	6.9	105
07.06.2022 00:00	6.82	6.98	6.66	6.92	129
08.06.2022 00:00	6.94	7.1000000000000005	6.86	6.92	161
09.06.2022 00:00	6.86	6.98	6.74	6.82	64
10.06.2022 00:00	6.74	6.92	6.58	6.74	203
14.06.2022 00:00	6.74	6.74	6.28	6.5	831
15.06.2022 00:00	6.48	6.7	6.44	6.66	228
16.06.2022 00:00	6.74	6.74	6.6000000000000005	6.7	78
17.06.2022 00:00	6.74	6.74	6.5600000000000005	6.7	165
20.06.2022 00:00	6.7	6.74	6.58	6.7	397
21.06.2022 00:00	6.74	6.74	6.5	6.7	93
22.06.2022 00:00	6.66	6.7	6.58	6.62	165
23.06.2022 00:00	6.66	6.7	6.6000000000000005	6.62	181
24.06.2022 00:00	6.62	6.7	6.58	6.66	264
27.06.2022 00:00	6.66	6.7	6.6000000000000005	6.66	182
28.06.2022 00:00	6.62	6.7	6.62	6.7	303
29.06.2022 00:00	6.66	6.7	6.6000000000000005	6.7	193
30.06.2022 00:00	6.7	6.7	6.48	6.5600000000000005	284
01.07.2022 00:00	6.66	6.66	6.5	6.5600000000000005	215
04.07.2022 00:00	6.6000000000000005	6.66	6.5600000000000005	6.58	149
05.07.2022 00:00	6.62	6.7	6.62	6.62	43
06.07.2022 00:00	6.66	6.7	6.66	6.7	184
07.07.2022 00:00	6.7	6.7	6.48	6.5600000000000005	151
08.07.2022 00:00	6.5600000000000005	6.62	6.48	6.58	95
11.07.2022 00:00	6.58	6.6000000000000005	6.5600000000000005	6.5600000000000005	109
12.07.2022 00:00	6.5	6.5	6.4	6.44	376
13.07.2022 00:00	6.5600000000000005	6.66	6.36	6.44	123
14.07.2022 00:00	6.36	6.4	6.28	6.32	183
15.07.2022 00:00	6.36	6.36	6.2	6.28	152
18.07.2022 00:00	6.24	6.32	6.24	6.32	240
19.07.2022 00:00	6.28	6.28	6.2	6.28	164
20.07.2022 00:00	6.28	6.28	6.2	6.2	24
21.07.2022 00:00	6.24	6.28	6.2	6.28	11
22.07.2022 00:00	6.2	6.28	6.2	6.28	74
25.07.2022 00:00	6.28	6.28	6.24	6.28	41
26.07.2022 00:00	6.28	6.28	6.24	6.24	66
27.07.2022 00:00	6.24	6.28	6.2	6.24	139
28.07.2022 00:00	6.24	6.28	6.24	6.28	186
29.07.2022 00:00	6.28	6.4	6.24	6.28	754
01.08.2022 00:00	6.36	6.36	6.28	6.28	488
02.08.2022 00:00	6.5600000000000005	6.5600000000000005	6.24	6.28	142
03.08.2022 00:00	6.28	6.28	6.24	6.28	154
04.08.2022 00:00	6.24	6.28	6.2	6.2	173
05.08.2022 00:00	6.24	6.32	6.0200000000000005	6.2	375
08.08.2022 00:00	6.2	6.32	6.2	6.28	34
09.08.2022 00:00	6.28	6.28	6.24	6.28	103
10.08.2022 00:00	6.4	6.5600000000000005	6.08	6.28	378
11.08.2022 00:00	6.24	6.32	6.08	6.08	670
12.08.2022 00:00	6.24	6.78	6.16	6.36	664
15.08.2022 00:00	6.4	6.78	6.36	6.4	396
16.08.2022 00:00	6.48	6.9	6.24	6.36	1045
17.08.2022 00:00	6.4	6.4	6.36	6.4	83
18.08.2022 00:00	6.44	6.48	6.32	6.4	99
19.08.2022 00:00	6.4	6.5	6.28	6.36	171
22.08.2022 00:00	6.32	6.62	6.28	6.44	161
23.08.2022 00:00	6.44	6.5600000000000005	6.44	6.5600000000000005	89
24.08.2022 00:00	6.5200000000000005	6.6000000000000005	6.48	6.5600000000000005	92
25.08.2022 00:00	6.5600000000000005	6.78	6.48	6.5600000000000005	229
26.08.2022 00:00	6.66	6.66	6.5	6.58	52
29.08.2022 00:00	6.5600000000000005	6.62	6.36	6.48	101
30.08.2022 00:00	6.62	6.78	6.5200000000000005	6.66	169
31.08.2022 00:00	6.7	6.82	6.44	6.62	309
01.09.2022 00:00	6.48	6.86	6.48	6.78	169
02.09.2022 00:00	6.86	7.2	6.78	6.86	729
05.09.2022 00:00	6.94	6.98	6.7	6.86	215
06.09.2022 00:00	6.94	6.94	6.66	6.86	188
07.09.2022 00:00	6.7	7.0	6.7	6.74	366
08.09.2022 00:00	6.9	6.9	6.6000000000000005	6.74	112
09.09.2022 00:00	6.58	6.9	6.58	6.7	73
12.09.2022 00:00	6.82	6.9	6.66	6.86	162
13.09.2022 00:00	6.86	6.92	6.82	6.92	84
14.09.2022 00:00	6.86	6.98	6.82	6.98	116
15.09.2022 00:00	6.9	7.08	6.86	7.0	366
16.09.2022 00:00	6.98	7.24	6.9	7.08	344
19.09.2022 00:00	7.08	7.08	6.94	6.98	152
20.09.2022 00:00	6.94	7.0200000000000005	6.62	6.78	418
21.09.2022 00:00	6.7	6.78	6.4	6.78	647
22.09.2022 00:00	6.98	6.98	6.4	6.5600000000000005	360
23.09.2022 00:00	6.7	6.78	6.1000000000000005	6.16	413
26.09.2022 00:00	6.16	6.98	5.66	6.04	1341
27.09.2022 00:00	5.98	6.24	5.74	6.0200000000000005	243
28.09.2022 00:00	6.04	6.28	5.92	6.04	105
29.09.2022 00:00	5.98	6.0200000000000005	5.74	6.0200000000000005	211
30.09.2022 00:00	5.98	6.4	5.98	6.4	154
03.10.2022 00:00	6.04	6.62	6.04	6.6000000000000005	154
04.10.2022 00:00	6.62	6.78	6.44	6.5	116
05.10.2022 00:00	6.48	6.48	6.2	6.28	385
06.10.2022 00:00	6.24	6.48	6.1000000000000005	6.2	299
07.10.2022 00:00	6.2	6.24	6.04	6.04	105
10.10.2022 00:00	5.94	6.32	5.7	6.16	410
11.10.2022 00:00	6.12	6.32	6.08	6.2	35
12.10.2022 00:00	6.32	6.32	6.16	6.32	39
13.10.2022 00:00	6.32	6.4	6.12	6.24	57
14.10.2022 00:00	6.36	7.0	6.2	6.36	1295
17.10.2022 00:00	6.5600000000000005	6.78	5.98	6.4	638
18.10.2022 00:00	6.4	6.44	6.08	6.4	250
19.10.2022 00:00	6.4	6.4	6.2	6.28	61
20.10.2022 00:00	6.36	6.36	6.2	6.28	32
21.10.2022 00:00	6.28	6.32	6.2	6.28	16
24.10.2022 00:00	6.2	6.32	6.2	6.32	55
25.10.2022 00:00	6.28	6.66	6.28	6.44	154
26.10.2022 00:00	6.7	6.74	6.32	6.44	256
27.10.2022 00:00	6.7	6.7	6.4	6.6000000000000005	347
28.10.2022 00:00	6.7	6.78	6.44	6.62	214
31.10.2022 00:00	6.66	6.66	6.4	6.5200000000000005	184
01.11.2022 00:00	6.5200000000000005	6.66	6.48	6.48	133
02.11.2022 00:00	6.5600000000000005	6.9	6.5	6.66	156
03.11.2022 00:00	6.58	6.92	6.48	6.62	666
07.11.2022 00:00	6.7	6.7	6.44	6.48	733
08.11.2022 00:00	6.5200000000000005	6.5200000000000005	6.44	6.5	93
09.11.2022 00:00	6.48	6.5	6.44	6.44	13
10.11.2022 00:00	6.48	6.5	6.44	6.5	32
11.11.2022 00:00	6.48	6.5	6.44	6.44	45
14.11.2022 00:00	6.5	6.5	6.08	6.36	986
15.11.2022 00:00	6.48	6.48	6.36	6.4	115
16.11.2022 00:00	6.4	6.4	6.24	6.4	90
17.11.2022 00:00	6.4	6.4	6.28	6.4	319
18.11.2022 00:00	6.36	6.5	6.2	6.36	209
21.11.2022 00:00	6.32	6.4	6.28	6.36	106
22.11.2022 00:00	6.32	6.36	6.32	6.36	31
23.11.2022 00:00	6.28	6.36	6.1000000000000005	6.28	678
24.11.2022 00:00	6.28	6.36	6.24	6.28	103
25.11.2022 00:00	6.32	6.36	6.28	6.32	78
28.11.2022 00:00	6.32	6.82	6.28	6.5200000000000005	996
29.11.2022 00:00	6.48	6.48	6.16	6.36	2145
30.11.2022 00:00	6.36	6.36	6.28	6.36	284
01.12.2022 00:00	6.32	6.36	6.24	6.28	461
02.12.2022 00:00	6.32	6.32	6.16	6.28	340
05.12.2022 00:00	6.28	6.32	6.1000000000000005	6.24	339
06.12.2022 00:00	6.24	6.28	6.24	6.24	86
07.12.2022 00:00	6.24	6.24	6.2	6.24	61
08.12.2022 00:00	6.24	6.24	6.2	6.24	49
09.12.2022 00:00	6.24	6.28	6.2	6.24	45
12.12.2022 00:00	6.24	6.28	6.1000000000000005	6.24	126
13.12.2022 00:00	6.24	6.28	6.16	6.24	241
14.12.2022 00:00	6.2	6.24	6.16	6.2	167
15.12.2022 00:00	6.2	6.24	6.16	6.2	59
16.12.2022 00:00	6.2	6.2	5.92	6.12	1463
19.12.2022 00:00	6.12	6.16	6.1000000000000005	6.12	102
20.12.2022 00:00	6.1000000000000005	6.2	6.1000000000000005	6.2	145
21.12.2022 00:00	6.16	6.24	6.16	6.24	168
22.12.2022 00:00	6.24	6.24	6.1000000000000005	6.2	287
23.12.2022 00:00	6.16	6.24	6.16	6.2	285
26.12.2022 00:00	6.16	6.32	6.16	6.32	423
27.12.2022 00:00	6.28	6.5	6.2	6.36	1590
28.12.2022 00:00	6.4	6.5	6.32	6.5	264
29.12.2022 00:00	6.5	6.5200000000000005	6.36	6.5	99
30.12.2022 00:00	6.5600000000000005	6.5600000000000005	6.36	6.36	277
03.01.2023 00:00	6.4	6.5	6.28	6.44	126
04.01.2023 00:00	6.44	6.5600000000000005	6.44	6.5600000000000005	189
05.01.2023 00:00	6.5200000000000005	7.16	6.44	6.74	3303
06.01.2023 00:00	6.7	6.86	6.44	6.62	2231
09.01.2023 00:00	6.86	6.86	6.6000000000000005	6.66	138
10.01.2023 00:00	6.5	6.74	6.5	6.66	270
11.01.2023 00:00	6.62	6.74	6.6000000000000005	6.66	229
12.01.2023 00:00	6.66	6.74	6.62	6.62	215
13.01.2023 00:00	6.66	6.74	6.62	6.7	240
16.01.2023 00:00	6.74	6.78	6.66	6.7	281
17.01.2023 00:00	6.74	6.74	6.5200000000000005	6.66	164
18.01.2023 00:00	6.62	6.7	6.62	6.66	94
19.01.2023 00:00	6.66	6.66	6.5	6.58	116
20.01.2023 00:00	6.6000000000000005	6.62	6.5600000000000005	6.58	141
23.01.2023 00:00	6.58	6.9	6.5600000000000005	6.62	282
24.01.2023 00:00	6.66	7.7	6.66	6.92	7930
25.01.2023 00:00	6.92	6.92	6.66	6.78	824
26.01.2023 00:00	6.86	7.2	6.7	7.0	1704
27.01.2023 00:00	7.08	7.08	6.86	7.0600000000000005	440
30.01.2023 00:00	7.08	7.48	7.04	7.2	1038
31.01.2023 00:00	7.32	7.4	7.0200000000000005	7.2	544
01.02.2023 00:00	7.24	7.48	7.16	7.28	1024
02.02.2023 00:00	7.28	7.7	7.28	7.44	2209
03.02.2023 00:00	7.5	7.66	7.44	7.5600000000000005	627
06.02.2023 00:00	7.66	7.9	7.5600000000000005	7.58	481
07.02.2023 00:00	7.640000000000001	7.7	7.44	7.5600000000000005	591
08.02.2023 00:00	7.5600000000000005	7.7	7.48	7.5200000000000005	1198
09.02.2023 00:00	7.48	7.58	7.4	7.5200000000000005	487
10.02.2023 00:00	7.5600000000000005	8.16	7.44	7.5600000000000005	1688
13.02.2023 00:00	7.5600000000000005	8.02	7.5	7.78	812
14.02.2023 00:00	7.9	7.9	7.4	7.640000000000001	1263
15.02.2023 00:00	7.58	7.7	7.4	7.4	895
16.02.2023 00:00	7.4	7.5600000000000005	7.2	7.44	961
17.02.2023 00:00	7.4	7.5	7.24	7.44	616
20.02.2023 00:00	7.4	7.98	7.24	7.48	3298
21.02.2023 00:00	7.36	7.5600000000000005	7.36	7.5200000000000005	360
22.02.2023 00:00	7.48	7.62	7.44	7.48	850
24.02.2023 00:00	7.44	7.58	7.36	7.48	1216
27.02.2023 00:00	7.48	7.5600000000000005	7.4	7.5200000000000005	795
28.02.2023 00:00	7.5600000000000005	7.62	7.5	7.62	447
01.03.2023 00:00	7.62	7.9	7.62	7.86	941
02.03.2023 00:00	7.9	7.94	7.58	7.74	1446
03.03.2023 00:00	7.7	7.98	7.6000000000000005	7.7	1116
06.03.2023 00:00	7.78	7.98	7.6000000000000005	7.86	1668
07.03.2023 00:00	7.86	7.98	7.44	7.92	2051
09.03.2023 00:00	7.92	8.6	7.9	8.14	7196
10.03.2023 00:00	8.14	8.18	7.98	8.14	907
13.03.2023 00:00	8.14	8.42	8.08	8.14	2549
14.03.2023 00:00	8.14	8.32	8.14	8.24	291
15.03.2023 00:00	8.32	8.8	8.26	8.48	5215
16.03.2023 00:00	8.52	8.74	8.4	8.48	1087
17.03.2023 00:00	8.48	8.6	8.08	8.48	1823
20.03.2023 00:00	8.56	8.66	8.22	8.56	2095
21.03.2023 00:00	8.74	8.82	8.56	8.64	1851
22.03.2023 00:00	8.74	8.74	8.4	8.56	2517
23.03.2023 00:00	8.56	8.72	8.48	8.6	1049
24.03.2023 00:00	8.58	8.58	8.18	8.42	5024
27.03.2023 00:00	8.46	8.56	8.42	8.5	1336
28.03.2023 00:00	8.5	8.56	8.24	8.48	1294
29.03.2023 00:00	8.48	8.74	8.42	8.56	4065
30.03.2023 00:00	8.56	8.58	8.48	8.52	873
31.03.2023 00:00	8.52	8.56	8.42	8.5	510
03.04.2023 00:00	8.48	8.64	8.46	8.56	841
04.04.2023 00:00	8.56	8.56	8.46	8.52	898
05.04.2023 00:00	8.52	8.56	8.3	8.52	1674
06.04.2023 00:00	8.5	8.72	8.48	8.5	1986
07.04.2023 00:00	8.52	8.64	8.48	8.64	873
10.04.2023 00:00	8.64	8.88	8.38	8.82	2307
11.04.2023 00:00	8.88	9.14	8.64	8.72	1201
12.04.2023 00:00	8.74	8.74	8.38	8.68	1066
13.04.2023 00:00	8.64	8.76	8.42	8.66	1487
14.04.2023 00:00	8.64	8.74	8.58	8.64	664
17.04.2023 00:00	8.68	8.98	8.64	8.8	1431
18.04.2023 00:00	8.84	9.14	8.74	9.06	4726
19.04.2023 00:00	9.1	9.14	8.9	8.98	1024
20.04.2023 00:00	8.98	9.3	8.68	8.98	1286
21.04.2023 00:00	8.98	9.24	8.96	9.14	614
24.04.2023 00:00	9.26	9.26	8.96	9.08	1715
25.04.2023 00:00	9.14	9.14	8.98	9.08	1163
26.04.2023 00:00	9.14	9.4	9.08	9.14	1745
27.04.2023 00:00	9.18	9.52	9.18	9.4	1661
28.04.2023 00:00	9.34	9.48	9.22	9.3	1222
02.05.2023 00:00	9.38	9.48	8.76	9.16	4385
03.05.2023 00:00	9.24	9.24	8.82	8.82	1903
04.05.2023 00:00	9.02	9.02	8.52	8.64	2742
05.05.2023 00:00	8.74	8.82	8.14	8.24	3159
08.05.2023 00:00	7.4	7.78	7.24	7.4	5198
10.05.2023 00:00	7.4	8.06	7.32	7.78	3444
11.05.2023 00:00	7.78	7.98	7.74	7.74	948
12.05.2023 00:00	7.86	8.4	7.7	8.16	2072
15.05.2023 00:00	8.16	8.46	8.0	8.14	630
16.05.2023 00:00	8.18	8.52	7.78	8.08	1022
17.05.2023 00:00	8.08	8.08	7.74	7.86	1650
18.05.2023 00:00	7.94	8.08	7.86	7.98	1521
19.05.2023 00:00	7.9	7.98	7.78	7.82	653
22.05.2023 00:00	7.86	7.94	7.74	7.78	359
23.05.2023 00:00	7.82	7.82	7.66	7.7	345
24.05.2023 00:00	7.74	7.86	7.66	7.82	445
25.05.2023 00:00	7.82	7.98	7.66	7.82	568
26.05.2023 00:00	7.86	7.98	7.74	7.86	593
29.05.2023 00:00	7.94	8.18	7.82	7.94	923
30.05.2023 00:00	7.98	8.02	7.9	7.98	167
31.05.2023 00:00	8.02	8.02	7.82	7.9	175
01.06.2023 00:00	7.82	7.86	7.78	7.86	307
02.06.2023 00:00	7.86	7.94	7.86	7.9	120
05.06.2023 00:00	7.86	8.22	7.86	7.86	1429
06.06.2023 00:00	7.86	7.98	7.74	7.92	397
07.06.2023 00:00	7.9	7.98	7.74	7.82	544
08.06.2023 00:00	7.82	8.06	7.78	7.98	844
09.06.2023 00:00	8.06	10.82	7.94	9.98	27359
13.06.2023 00:00	9.5	12.26	9.24	10.38	46032
14.06.2023 00:00	10.4	10.66	9.68	9.9	6213
15.06.2023 00:00	9.9	10.48	9.84	9.9	1849
16.06.2023 00:00	9.92	9.96	7.98	9.14	11664
19.06.2023 00:00	9.24	9.32	8.84	9.02	2547
20.06.2023 00:00	9.02	9.14	8.64	8.88	3034
21.06.2023 00:00	8.9	9.24	8.84	9.02	1523
22.06.2023 00:00	9.06	9.32	8.98	9.16	1954
23.06.2023 00:00	9.18	9.24	8.98	9.0	865
26.06.2023 00:00	9.0	9.1	8.82	8.98	675
27.06.2023 00:00	8.9	9.06	8.84	8.98	361
28.06.2023 00:00	8.98	9.06	8.98	9.02	248
29.06.2023 00:00	9.02	9.32	8.9	8.96	1138
30.06.2023 00:00	9.02	9.02	8.8	8.84	905
03.07.2023 00:00	8.9	8.98	8.8	8.88	791
04.07.2023 00:00	8.88	8.9	8.74	8.82	345
05.07.2023 00:00	8.82	8.98	8.76	8.98	599
06.07.2023 00:00	9.06	9.48	8.9	9.08	2761
07.07.2023 00:00	8.98	9.48	8.98	9.08	1469
10.07.2023 00:00	9.22	9.24	8.88	8.98	1065
11.07.2023 00:00	8.9	9.06	8.9	8.98	431
12.07.2023 00:00	8.98	9.5	8.98	9.06	5404
13.07.2023 00:00	9.1	9.18	9.06	9.16	537
14.07.2023 00:00	9.16	9.18	9.08	9.16	418
17.07.2023 00:00	9.18	9.22	9.1	9.16	653
18.07.2023 00:00	9.14	9.24	9.14	9.18	674
19.07.2023 00:00	9.16	9.26	9.08	9.18	777
20.07.2023 00:00	9.18	9.24	9.1	9.16	379
21.07.2023 00:00	9.16	9.24	9.16	9.24	312
24.07.2023 00:00	9.26	9.32	9.16	9.3	630
25.07.2023 00:00	9.32	9.82	9.08	9.42	6424
26.07.2023 00:00	9.42	9.56	9.4	9.48	1419
27.07.2023 00:00	9.56	9.98	9.42	9.88	5601
28.07.2023 00:00	9.88	9.9	9.42	9.64	1184
31.07.2023 00:00	9.82	11.14	9.26	9.82	7010
01.08.2023 00:00	9.98	11.98	9.92	10.38	12387
02.08.2023 00:00	10.4	10.4	9.82	10.24	2748
03.08.2023 00:00	10.3	10.4	10.18	10.3	1426
04.08.2023 00:00	10.32	10.48	8.84	9.56	8989
07.08.2023 00:00	9.68	9.98	9.68	9.8	2205
08.08.2023 00:00	10.14	10.14	9.58	9.9	1884
09.08.2023 00:00	9.84	9.98	9.82	9.96	704
10.08.2023 00:00	10.0	10.0	9.5	9.82	2373
11.08.2023 00:00	9.82	9.88	9.74	9.82	724
14.08.2023 00:00	9.84	10.14	9.74	9.8	3831
15.08.2023 00:00	9.74	9.9	9.6	9.82	1033
16.08.2023 00:00	9.82	9.88	9.64	9.66	989
17.08.2023 00:00	9.76	9.76	9.64	9.66	402
18.08.2023 00:00	9.68	10.18	9.64	10.16	6411
21.08.2023 00:00	10.4	10.4	10.02	10.24	2780
22.08.2023 00:00	10.24	10.24	9.8	10.06	2503
23.08.2023 00:00	10.08	10.16	9.82	9.96	1121
24.08.2023 00:00	10.08	12.4	9.88	11.14	50533
25.08.2023 00:00	11.34	11.46	10.52	10.96	4917
28.08.2023 00:00	11.06	11.22	10.56	10.98	6568
29.08.2023 00:00	11.06	14.08	10.72	12.4	57626
30.08.2023 00:00	12.72	14.4	12.22	12.56	15615
31.08.2023 00:00	12.68	12.74	11.56	12.1	3705
01.09.2023 00:00	12.06	12.34	12.06	12.18	809
04.09.2023 00:00	12.32	12.4	11.74	12.22	6832
05.09.2023 00:00	12.34	12.34	11.9	12.06	1962
06.09.2023 00:00	12.32	13.96	12.16	12.72	20669
07.09.2023 00:00	12.72	12.72	11.64	11.9	3155
08.09.2023 00:00	11.96	12.22	11.46	11.98	1016
11.09.2023 00:00	12.14	12.16	11.64	11.88	1910
12.09.2023 00:00	11.9	11.98	11.58	11.98	1252
13.09.2023 00:00	11.8	11.98	11.56	11.72	908
14.09.2023 00:00	11.72	11.82	9.58	10.72	3848
15.09.2023 00:00	10.72	10.98	10.22	10.98	4021
18.09.2023 00:00	10.92	11.48	10.56	10.82	2678
19.09.2023 00:00	10.92	10.92	10.1	10.32	1513
20.09.2023 00:00	10.26	10.5	9.8	10.24	766
21.09.2023 00:00	10.32	10.96	10.16	10.3	1151
22.09.2023 00:00	10.48	10.48	10.02	10.46	602
25.09.2023 00:00	10.48	10.58	10.24	10.48	467
26.09.2023 00:00	10.56	10.68	9.74	10.3	1472
27.09.2023 00:00	10.34	10.66	10.18	10.32	721
28.09.2023 00:00	10.48	11.24	10.46	10.5	4559
29.09.2023 00:00	10.56	10.72	10.48	10.52	827
02.10.2023 00:00	10.56	10.92	10.56	10.74	1272
03.10.2023 00:00	10.76	11.14	10.56	10.82	2550
04.10.2023 00:00	11.06	11.06	10.68	10.68	565
05.10.2023 00:00	10.68	10.92	10.48	10.6	526
06.10.2023 00:00	10.56	10.6	10.22	10.5	629
09.10.2023 00:00	10.56	10.64	10.42	10.56	309
10.10.2023 00:00	10.56	10.72	10.48	10.6	284
11.10.2023 00:00	10.66	10.9	10.52	10.66	776
12.10.2023 00:00	10.82	10.82	10.58	10.6	286
13.10.2023 00:00	10.64	10.66	10.42	10.64	242
16.10.2023 00:00	10.52	10.8	10.52	10.66	370
17.10.2023 00:00	10.68	10.72	10.64	10.66	160
18.10.2023 00:00	10.68	10.76	10.4	10.6	645
19.10.2023 00:00	10.64	10.72	10.48	10.56	165
20.10.2023 00:00	10.56	10.72	10.48	10.64	428
23.10.2023 00:00	10.72	10.72	10.58	10.72	138
24.10.2023 00:00	10.64	11.48	10.42	11.14	4930
25.10.2023 00:00	11.06	11.06	10.82	11.06	849
26.10.2023 00:00	11.06	11.8	10.68	10.82	2979
27.10.2023 00:00	10.72	11.06	10.52	10.96	1249
30.10.2023 00:00	10.92	10.96	10.74	10.84	352
31.10.2023 00:00	10.9	10.9	10.56	10.68	353
01.11.2023 00:00	10.8	10.88	10.5	10.6	977
02.11.2023 00:00	10.58	10.76	10.48	10.58	514
03.11.2023 00:00	10.66	10.68	10.48	10.56	626
06.11.2023 00:00	10.5	10.58	10.48	10.56	114
07.11.2023 00:00	10.6	10.82	10.52	10.66	1032
08.11.2023 00:00	10.68	11.32	10.66	10.9	2512
09.11.2023 00:00	11.14	11.14	10.8	10.92	625
10.11.2023 00:00	10.96	11.06	10.72	10.82	1086
13.11.2023 00:00	10.82	10.88	10.18	10.4	1172
14.11.2023 00:00	10.4	10.42	9.32	9.76	3693
15.11.2023 00:00	9.76	10.0	9.58	9.98	1077
16.11.2023 00:00	9.98	10.22	9.66	10.06	2482
17.11.2023 00:00	10.32	10.32	9.66	9.96	777
20.11.2023 00:00	9.96	10.08	9.76	9.98	526
21.11.2023 00:00	9.68	10.06	9.68	9.9	410
22.11.2023 00:00	9.9	10.4	9.9	10.32	644
23.11.2023 00:00	10.14	10.14	9.8	10.1	776
24.11.2023 00:00	10.14	10.14	9.84	10.0	589
27.11.2023 00:00	10.14	10.24	9.66	9.74	480
28.11.2023 00:00	9.74	9.9	9.64	9.82	216
29.11.2023 00:00	9.8	9.82	9.76	9.8	112
30.11.2023 00:00	9.82	9.82	9.48	9.66	461
01.12.2023 00:00	9.6	10.08	9.58	9.66	618
04.12.2023 00:00	9.76	9.76	9.0	9.26	1264
05.12.2023 00:00	9.24	9.4	8.6	8.96	2136
06.12.2023 00:00	9.06	9.18	8.6	8.88	440
07.12.2023 00:00	8.88	9.1	8.6	8.82	707
08.12.2023 00:00	8.74	9.06	8.74	8.98	214
11.12.2023 00:00	8.98	9.0	8.9	8.9	166
12.12.2023 00:00	8.9	8.92	8.8	8.92	128
13.12.2023 00:00	8.84	9.0	8.72	8.96	307
14.12.2023 00:00	8.96	9.64	8.9	8.9	1268
15.12.2023 00:00	8.9	9.14	8.48	8.9	910
18.12.2023 00:00	8.98	9.58	8.82	9.58	863
19.12.2023 00:00	9.66	9.66	9.26	9.4	374
20.12.2023 00:00	9.4	9.82	9.3	9.48	942
21.12.2023 00:00	9.42	9.56	9.06	9.4	537
22.12.2023 00:00	9.4	9.48	9.24	9.38	188
25.12.2023 00:00	9.38	9.5	9.32	9.48	490
26.12.2023 00:00	9.4	9.4	9.26	9.34	191
27.12.2023 00:00	9.22	9.5	8.98	9.26	1333
28.12.2023 00:00	9.34	9.34	9.16	9.24	261
29.12.2023 00:00	9.24	9.38	9.22	9.38	392
03.01.2024 00:00	9.32	9.58	9.32	9.5	97
04.01.2024 00:00	9.56	9.6	9.48	9.56	252
05.01.2024 00:00	9.58	9.74	9.5	9.74	563
08.01.2024 00:00	9.74	9.88	9.32	9.74	567
09.01.2024 00:00	9.72	10.06	9.72	9.98	1212
10.01.2024 00:00	9.9	10.24	9.9	9.98	1220
11.01.2024 00:00	9.98	10.14	9.92	10.1	609
12.01.2024 00:00	10.1	10.4	10.0	10.32	1413
15.01.2024 00:00	10.32	10.64	10.08	10.22	1435
16.01.2024 00:00	10.26	10.32	10.02	10.22	1071
17.01.2024 00:00	10.14	10.3	10.08	10.18	490
18.01.2024 00:00	10.18	10.24	9.92	10.1	2254
19.01.2024 00:00	10.1	10.14	10.02	10.14	225
22.01.2024 00:00	10.08	10.18	10.06	10.14	453
23.01.2024 00:00	10.1	10.3	10.08	10.18	583
24.01.2024 00:00	10.16	10.26	10.1	10.18	554
25.01.2024 00:00	10.18	10.3	9.98	10.1	1255
26.01.2024 00:00	10.1	10.16	10.0	10.06	316
29.01.2024 00:00	10.14	11.08	10.06	10.52	5742
30.01.2024 00:00	10.58	11.3	10.18	10.56	3845
31.01.2024 00:00	10.5	10.58	10.22	10.48	1371
01.02.2024 00:00	10.48	11.1	10.48	10.58	3997
02.02.2024 00:00	10.72	10.72	10.3	10.48	941
05.02.2024 00:00	10.46	10.58	10.34	10.5	1618
06.02.2024 00:00	10.56	10.8	10.5	10.56	1367
07.02.2024 00:00	10.56	11.5	10.48	10.92	7643
08.02.2024 00:00	11.0	11.0	10.58	10.8	1266
09.02.2024 00:00	10.76	11.06	10.56	10.66	907
12.02.2024 00:00	10.88	11.24	10.56	10.82	1316
13.02.2024 00:00	11.0	11.0	10.66	10.82	1037
14.02.2024 00:00	10.82	11.02	10.68	10.82	533
15.02.2024 00:00	10.9	11.14	10.64	10.84	2058
16.02.2024 00:00	10.9	11.14	10.58	10.88	3318
19.02.2024 00:00	10.9	10.98	10.6	10.64	1275
20.02.2024 00:00	10.64	10.72	10.38	10.56	1362
21.02.2024 00:00	10.42	10.64	10.1	10.16	1353
22.02.2024 00:00	10.32	11.0	10.3	10.66	1741
26.02.2024 00:00	10.68	12.92	10.6	12.92	13486
27.02.2024 00:00	13.58	14.22	12.16	12.32	25347
28.02.2024 00:00	12.4	12.4	11.9	12.08	2620
29.02.2024 00:00	12.18	12.22	11.72	11.9	2900
01.03.2024 00:00	11.98	12.84	11.9	12.32	7397
04.03.2024 00:00	12.3	13.18	12.06	12.22	9812
05.03.2024 00:00	12.26	12.4	11.76	12.34	1511
06.03.2024 00:00	12.34	12.96	12.18	12.4	3476
07.03.2024 00:00	12.46	12.92	12.4	12.52	1668
11.03.2024 00:00	12.6	13.06	12.56	12.64	4162
12.03.2024 00:00	12.76	12.96	12.16	12.4	1700
13.03.2024 00:00	12.48	12.76	12.06	12.4	1305
14.03.2024 00:00	12.48	12.92	11.98	12.14	4694
15.03.2024 00:00	12.18	12.34	11.32	11.74	8549
18.03.2024 00:00	11.74	11.82	11.48	11.56	1923
19.03.2024 00:00	11.56	11.72	11.16	11.18	2130
20.03.2024 00:00	11.22	11.48	10.92	10.98	2968
21.03.2024 00:00	11.06	11.56	11.06	11.24	3527
22.03.2024 00:00	11.32	11.32	11.1	11.32	1955
25.03.2024 00:00	11.34	12.4	11.14	11.96	43978
26.03.2024 00:00	11.82	12.84	11.46	12.24	44019
27.03.2024 00:00	12.42	12.72	11.72	11.82	17671
28.03.2024 00:00	11.76	11.76	11.4	11.56	5452
29.03.2024 00:00	11.56	11.64	11.48	11.52	2366
01.04.2024 00:00	11.64	12.16	11.5	12.02	6902
02.04.2024 00:00	11.98	12.32	11.92	12.24	2323
03.04.2024 00:00	12.26	12.48	11.92	12.14	3517
04.04.2024 00:00	12.3	12.4	11.98	12.06	4332
05.04.2024 00:00	12.1	12.32	11.98	12.16	3688
08.04.2024 00:00	12.32	13.34	12.14	13.34	19841
09.04.2024 00:00	13.18	13.34	12.58	12.72	12128
10.04.2024 00:00	12.72	13.14	12.58	12.96	4948
11.04.2024 00:00	12.98	12.98	12.76	12.82	2026
12.04.2024 00:00	12.88	12.98	12.76	12.9	1890
15.04.2024 00:00	12.88	13.48	12.5	13.1	12279
16.04.2024 00:00	13.1	13.22	12.98	13.14	2616
17.04.2024 00:00	13.16	13.22	12.82	13.02	2378
18.04.2024 00:00	13.02	13.08	12.84	12.9	1698
19.04.2024 00:00	12.92	13.24	12.6	12.74	3525
22.04.2024 00:00	12.74	12.96	12.74	12.8	1130
23.04.2024 00:00	12.8	12.8	12.14	12.4	4271
24.04.2024 00:00	12.48	12.56	12.0	12.24	3164
25.04.2024 00:00	12.26	12.58	12.26	12.48	1683
26.04.2024 00:00	12.48	12.68	12.18	12.48	2538
27.04.2024 00:00	12.56	12.8	12.22	12.72	3716
29.04.2024 00:00	12.76	12.76	12.1	12.34	6146
30.04.2024 00:00	12.4	12.42	12.14	12.4	4469
02.05.2024 00:00	12.58	14.08	12.58	13.4	40814
03.05.2024 00:00	12.26	12.4	11.02	11.74	34789
06.05.2024 00:00	11.84	11.98	11.3	11.48	5491
07.05.2024 00:00	11.48	11.5	11.24	11.4	4271
08.05.2024 00:00	11.4	11.48	11.32	11.4	1604
10.05.2024 00:00	11.4	11.58	11.3	11.52	1838
13.05.2024 00:00	11.56	11.64	11.4	11.48	2108
14.05.2024 00:00	11.48	11.52	11.3	11.32	2242
15.05.2024 00:00	11.38	11.4	10.98	11.16	3410
16.05.2024 00:00	11.16	11.34	11.06	11.16	740
17.05.2024 00:00	11.16	11.26	11.0	11.16	1390
20.05.2024 00:00	11.16	11.24	11.06	11.24	571
21.05.2024 00:00	11.16	11.16	10.72	10.9	3659
22.05.2024 00:00	11.0	11.22	10.98	11.06	1070
23.05.2024 00:00	11.06	11.14	10.8	10.9	467
24.05.2024 00:00	10.98	11.08	10.8	10.82	630
27.05.2024 00:00	10.84	11.06	10.6	10.74	611
28.05.2024 00:00	10.68	10.96	10.56	10.8	687
29.05.2024 00:00	10.8	10.8	10.4	10.46	1159
30.05.2024 00:00	10.48	11.1	10.46	10.96	1840
31.05.2024 00:00	10.98	11.06	10.68	10.74	2058
03.06.2024 00:00	10.9	11.16	9.8	10.1	4331
04.06.2024 00:00	10.1	10.48	9.9	10.32	1826
05.06.2024 00:00	10.46	10.8	10.32	10.64	1489
06.06.2024 00:00	10.68	10.68	10.4	10.5	310
07.06.2024 00:00	10.5	10.72	10.34	10.64	891
10.06.2024 00:00	10.64	10.9	10.48	10.6	944
11.06.2024 00:00	10.64	10.9	10.32	10.64	1047
13.06.2024 00:00	10.52	10.68	10.18	10.4	911
14.06.2024 00:00	10.4	10.68	10.32	10.5	755
17.06.2024 00:00	10.58	10.84	10.48	10.56	773
18.06.2024 00:00	10.56	10.58	10.14	10.32	246
19.06.2024 00:00	10.32	10.72	10.1	10.16	479
20.06.2024 00:00	10.26	10.42	10.18	10.42	304
21.06.2024 00:00	10.38	10.42	10.32	10.4	258
24.06.2024 00:00	10.4	10.46	10.14	10.18	620
25.06.2024 00:00	10.16	10.6	10.1	10.6	1106
26.06.2024 00:00	10.48	10.6	10.34	10.48	355
27.06.2024 00:00	10.48	10.52	10.38	10.42	109
28.06.2024 00:00	10.4	10.5	10.38	10.4	92
01.07.2024 00:00	10.4	10.48	10.32	10.38	243
02.07.2024 00:00	10.4	10.46	10.4	10.46	88
03.07.2024 00:00	10.46	10.48	10.32	10.32	257
04.07.2024 00:00	10.34	10.6	10.24	10.34	2107
05.07.2024 00:00	10.32	10.52	10.32	10.42	596
08.07.2024 00:00	10.42	10.42	10.14	10.26	865
09.07.2024 00:00	10.14	10.24	9.82	9.82	710
10.07.2024 00:00	9.82	10.24	9.64	9.82	937
11.07.2024 00:00	9.64	9.98	9.48	9.98	975
12.07.2024 00:00	9.82	10.16	9.82	10.06	196
15.07.2024 00:00	10.06	10.16	9.76	9.84	190
16.07.2024 00:00	9.96	10.06	9.72	9.92	324
17.07.2024 00:00	9.92	9.98	9.74	9.92	118
18.07.2024 00:00	9.96	9.98	9.9	9.98	78
19.07.2024 00:00	10.0	10.18	9.98	10.06	275
22.07.2024 00:00	10.08	10.32	10.06	10.24	211
23.07.2024 00:00	10.24	10.26	10.1	10.16	116
24.07.2024 00:00	10.22	10.24	10.14	10.18	137
25.07.2024 00:00	10.24	10.5	10.1	10.18	1944
26.07.2024 00:00	10.24	10.26	9.84	10.06	1442
29.07.2024 00:00	10.06	10.06	9.8	9.84	629
30.07.2024 00:00	9.84	9.96	9.82	9.96	713
31.07.2024 00:00	9.9	9.98	9.9	9.98	220
01.08.2024 00:00	9.98	10.02	9.96	9.98	217
02.08.2024 00:00	9.98	10.02	9.96	9.98	129
05.08.2024 00:00	9.96	10.08	9.64	9.98	1306
06.08.2024 00:00	9.98	10.3	9.98	10.14	258
07.08.2024 00:00	10.14	10.56	9.9	10.16	1120
08.08.2024 00:00	10.08	10.48	10.08	10.22	168
09.08.2024 00:00	10.24	10.24	9.98	10.14	199
12.08.2024 00:00	10.14	10.68	9.84	10.22	1203
13.08.2024 00:00	10.24	10.64	10.14	10.32	825
14.08.2024 00:00	10.24	10.64	10.24	10.48	880
15.08.2024 00:00	10.56	10.56	10.3	10.4	385
16.08.2024 00:00	10.4	10.88	10.32	10.64	1440
19.08.2024 00:00	10.82	10.96	10.58	10.58	1169
20.08.2024 00:00	10.64	10.84	10.18	10.66	1963
21.08.2024 00:00	10.82	10.82	10.4	10.56	900
22.08.2024 00:00	10.58	10.58	9.96	10.22	1017
23.08.2024 00:00	10.3	10.3	9.98	10.02	969
26.08.2024 00:00	10.26	10.76	10.14	10.66	488
27.08.2024 00:00	10.64	10.72	10.4	10.42	476
28.08.2024 00:00	10.6	10.6	10.1	10.56	874
29.08.2024 00:00	10.6	10.68	10.1	10.38	217
30.08.2024 00:00	10.34	10.4	9.98	10.06	836
02.09.2024 00:00	10.18	10.18	9.06	9.4	2948
03.09.2024 00:00	9.32	9.82	9.14	9.3	966
04.09.2024 00:00	9.4	9.84	9.4	9.76	351
05.09.2024 00:00	9.74	9.98	9.64	9.76	871
06.09.2024 00:00	9.68	9.76	9.56	9.64	166
09.09.2024 00:00	9.64	9.82	9.64	9.74	1673
10.09.2024 00:00	9.72	9.9	9.58	9.88	504
11.09.2024 00:00	9.88	9.92	9.4	9.64	1373
12.09.2024 00:00	9.64	9.72	9.32	9.68	551
13.09.2024 00:00	9.66	9.84	9.48	9.84	555
16.09.2024 00:00	9.84	10.02	9.6	9.64	1819
17.09.2024 00:00	9.82	9.88	9.64	9.68	1141
18.09.2024 00:00	9.8	9.96	9.42	9.56	583
19.09.2024 00:00	9.56	9.58	9.38	9.48	1902
20.09.2024 00:00	9.48	9.9	9.4	9.56	2477
23.09.2024 00:00	9.56	9.88	9.48	9.56	2359
24.09.2024 00:00	9.56	9.66	9.5	9.64	1191
25.09.2024 00:00	9.66	9.9	9.56	9.58	625
26.09.2024 00:00	9.58	9.74	9.42	9.64	683
27.09.2024 00:00	9.64	9.68	9.5	9.64	582
30.09.2024 00:00	9.8	9.84	9.14	9.46	2321
01.10.2024 00:00	9.46	9.5	9.34	9.48	359
02.10.2024 00:00	9.48	9.5	9.42	9.42	68
03.10.2024 00:00	9.48	9.52	9.3	9.42	443
04.10.2024 00:00	9.4	9.48	9.08	9.38	1090
07.10.2024 00:00	9.38	9.38	9.32	9.38	376
08.10.2024 00:00	9.38	9.4	9.08	9.18	1412
09.10.2024 00:00	9.22	9.3	9.1	9.18	473
10.10.2024 00:00	9.18	9.18	8.76	9.1	2854
11.10.2024 00:00	8.98	9.06	8.98	8.98	1346
14.10.2024 00:00	8.98	9.16	8.9	9.14	641
15.10.2024 00:00	9.16	9.3	9.0	9.14	1620
16.10.2024 00:00	9.1	9.22	9.06	9.14	350
17.10.2024 00:00	9.14	9.22	9.08	9.1	962
18.10.2024 00:00	9.16	9.34	9.06	9.06	519
21.10.2024 00:00	9.1	9.22	9.06	9.08	438
22.10.2024 00:00	9.06	9.14	9.0	9.02	306
23.10.2024 00:00	9.08	9.08	8.98	9.06	725
24.10.2024 00:00	8.98	9.06	8.82	9.02	259
25.10.2024 00:00	9.02	9.06	8.82	9.0	1473
28.10.2024 00:00	8.92	9.0	8.74	8.82	865
29.10.2024 00:00	8.96	8.98	8.76	8.92	396
30.10.2024 00:00	8.96	9.16	8.92	8.98	718
31.10.2024 00:00	8.96	9.0	8.76	8.96	368
01.11.2024 00:00	9.0	9.08	8.92	8.98	1742
02.11.2024 00:00	9.06	9.06	8.9	8.98	1199
05.11.2024 00:00	9.0	9.08	8.92	8.98	772
06.11.2024 00:00	9.02	9.08	8.98	8.98	435
07.11.2024 00:00	8.98	9.06	8.98	9.0	104
08.11.2024 00:00	8.98	9.14	8.98	8.98	818
11.11.2024 00:00	9.08	9.14	8.98	8.98	2295
12.11.2024 00:00	9.02	9.52	9.0	9.52	5251
13.11.2024 00:00	9.46	9.8	9.3	9.5	1637
14.11.2024 00:00	9.06	9.58	9.06	9.48	1028
15.11.2024 00:00	9.48	9.8	9.34	9.5	368
18.11.2024 00:00	9.42	9.6	9.42	9.58	179
19.11.2024 00:00	9.56	9.58	9.14	9.42	768
20.11.2024 00:00	9.34	9.48	9.18	9.4	486
21.11.2024 00:00	9.38	9.5	9.22	9.4	510
22.11.2024 00:00	9.46	9.64	9.42	9.46	3244
25.11.2024 00:00	9.48	10.24	9.46	9.48	2737
26.11.2024 00:00	9.82	10.3	9.48	9.48	2290
27.11.2024 00:00	9.58	9.6	8.98	9.34	694
28.11.2024 00:00	9.48	9.88	9.48	9.5	339
29.11.2024 00:00	9.74	9.74	9.48	9.48	218
02.12.2024 00:00	9.6	9.74	9.48	9.5	201
03.12.2024 00:00	9.56	9.72	9.48	9.56	256
04.12.2024 00:00	9.46	9.56	9.38	9.48	92
05.12.2024 00:00	9.4	9.68	9.26	9.64	244
06.12.2024 00:00	9.64	9.88	9.58	9.8	304
09.12.2024 00:00	9.88	10.02	9.52	9.74	220
10.12.2024 00:00	9.64	9.68	9.64	9.68	24
11.12.2024 00:00	9.68	9.96	9.56	9.92	238
12.12.2024 00:00	9.92	9.92	9.58	9.72	131
13.12.2024 00:00	9.72	10.0	9.58	9.98	748
16.12.2024 00:00	9.88	9.98	9.56	9.56	866
17.12.2024 00:00	9.64	9.92	9.58	9.66	298
18.12.2024 00:00	9.88	9.88	9.72	9.72	265
19.12.2024 00:00	9.8	9.92	9.64	9.8	205
20.12.2024 00:00	9.88	10.06	9.48	9.88	1507
23.12.2024 00:00	9.98	10.38	9.9	10.26	951
24.12.2024 00:00	10.26	10.4	10.0	10.06	334
25.12.2024 00:00	10.1	10.32	10.06	10.24	256
26.12.2024 00:00	10.3	10.32	9.96	10.24	602
27.12.2024 00:00	10.3	10.3	10.14	10.18	232
28.12.2024 00:00	10.24	10.46	10.24	10.3	466
30.12.2024 00:00	10.46	10.6	10.22	10.4	1634
03.01.2025 00:00	10.56	10.72	10.38	10.66	368
06.01.2025 00:00	10.72	11.14	10.68	10.98	1262
08.01.2025 00:00	11.06	11.58	10.72	10.9	2915
09.01.2025 00:00	11.16	11.22	10.68	10.82	16750
10.01.2025 00:00	10.74	10.84	10.32	10.56	815
13.01.2025 00:00	10.68	10.82	10.26	10.32	1780
14.01.2025 00:00	10.52	10.92	10.3	10.48	480
15.01.2025 00:00	10.8	10.8	10.14	10.18	1770
16.01.2025 00:00	10.26	10.42	10.02	10.22	2112
17.01.2025 00:00	10.22	10.48	10.08	10.48	7057
20.01.2025 00:00	10.56	10.82	10.26	10.4	1164
21.01.2025 00:00	10.4	10.9	10.4	10.72	674
22.01.2025 00:00	10.88	10.88	10.56	10.88	421
23.01.2025 00:00	10.9	10.9	10.6	10.66	517
24.01.2025 00:00	10.74	11.24	10.64	11.08	983
27.01.2025 00:00	11.08	11.16	10.72	10.74	724
28.01.2025 00:00	10.74	11.06	10.74	10.82	478
29.01.2025 00:00	10.9	11.08	10.8	10.88	788
30.01.2025 00:00	10.98	11.02	10.82	10.92	252
31.01.2025 00:00	10.9	10.98	10.56	10.76	851
03.02.2025 00:00	10.76	10.76	10.58	10.58	771
04.02.2025 00:00	10.68	10.96	10.58	10.84	518
05.02.2025 00:00	10.8	10.88	10.72	10.8	544
06.02.2025 00:00	10.9	11.18	10.82	10.98	1164
07.02.2025 00:00	10.92	10.98	10.84	10.88	556
10.02.2025 00:00	10.98	11.46	10.76	11.18	1624
11.02.2025 00:00	11.48	11.48	11.06	11.3	739
12.02.2025 00:00	11.42	11.56	11.08	11.56	3873
13.02.2025 00:00	11.76	11.98	11.52	11.56	1391
14.02.2025 00:00	11.76	11.76	10.98	11.16	2008
17.02.2025 00:00	11.22	11.52	11.1	11.34	854
18.02.2025 00:00	11.24	11.38	11.16	11.22	377
19.02.2025 00:00	11.22	11.34	10.76	11.22	839
20.02.2025 00:00	11.16	11.56	10.96	11.48	1787
21.02.2025 00:00	11.48	11.58	11.38	11.56	768
24.02.2025 00:00	11.56	11.98	11.52	11.88	2093
25.02.2025 00:00	11.96	12.14	11.76	11.96	942
26.02.2025 00:00	12.08	12.08	11.76	11.82	361
27.02.2025 00:00	11.96	11.98	11.48	11.82	759
28.02.2025 00:00	11.92	11.92	11.66	11.92	216
03.03.2025 00:00	11.92	11.98	11.5	11.68	284
04.03.2025 00:00	11.82	11.9	11.72	11.9	115
05.03.2025 00:00	11.96	11.98	11.76	11.98	531
06.03.2025 00:00	11.98	11.98	11.8	11.88	1077
07.03.2025 00:00	11.88	11.92	11.82	11.88	550
10.03.2025 00:00	12.06	12.06	11.82	11.82	287
11.03.2025 00:00	11.82	11.98	11.22	11.4	3680
12.03.2025 00:00	11.4	11.52	10.98	11.14	1740
13.03.2025 00:00	11.14	11.14	10.9	11.0	882
14.03.2025 00:00	11.0	11.58	10.98	11.42	1965
17.03.2025 00:00	11.48	11.9	11.4	11.6	4084
18.03.2025 00:00	11.6	11.72	11.48	11.48	1760
19.03.2025 00:00	11.56	11.66	11.18	11.38	1798
20.03.2025 00:00	11.38	11.9	11.32	11.6	3523
21.03.2025 00:00	11.64	11.92	11.52	11.6	1787
24.03.2025 00:00	11.6	11.72	11.56	11.64	457
25.03.2025 00:00	11.64	11.98	11.64	11.82	1831
26.03.2025 00:00	11.82	11.98	11.82	11.82	919
27.03.2025 00:00	11.96	11.98	11.66	11.8	1253
28.03.2025 00:00	11.8	11.88	11.32	11.48	1821
31.03.2025 00:00	11.48	11.74	10.82	11.52	4411
01.04.2025 00:00	11.6	11.68	11.32	11.46	754
02.04.2025 00:00	11.46	11.64	11.32	11.52	727
03.04.2025 00:00	11.5	12.24	11.48	11.64	5116
04.04.2025 00:00	11.68	11.8	11.4	11.46	1224
07.04.2025 00:00	11.46	12.08	11.18	11.68	3981
08.04.2025 00:00	11.72	12.06	11.72	11.74	1982
09.04.2025 00:00	11.74	12.06	11.68	11.72	1841
10.04.2025 00:00	11.98	12.08	11.72	11.96	1614
11.04.2025 00:00	12.0	12.16	11.9	12.08	2344
14.04.2025 00:00	12.08	13.8	12.06	12.56	14415
15.04.2025 00:00	12.8	13.24	12.52	12.9	3415
16.04.2025 00:00	12.9	13.22	12.84	13.18	3986
17.04.2025 00:00	13.92	13.98	13.02	13.3	5635
18.04.2025 00:00	12.9	13.58	12.74	13.14	10095
21.04.2025 00:00	12.08	12.08	10.9	11.22	14933
22.04.2025 00:00	11.26	11.56	10.96	10.96	5313
23.04.2025 00:00	10.98	10.98	10.32	10.38	7049
24.04.2025 00:00	10.4	10.58	10.38	10.4	1461
25.04.2025 00:00	10.4	10.48	10.08	10.32	3521
28.04.2025 00:00	10.32	10.4	10.1	10.16	2903
29.04.2025 00:00	10.18	10.22	10.06	10.1	1197
30.04.2025 00:00	10.06	10.24	10.06	10.16	1222
02.05.2025 00:00	10.22	10.22	10.06	10.06	680
05.05.2025 00:00	10.1	10.14	9.56	9.64	2812
06.05.2025 00:00	9.64	9.84	9.64	9.8	1272
07.05.2025 00:00	9.8	10.02	9.74	9.98	1341
08.05.2025 00:00	10.1	10.16	9.98	10.14	266
12.05.2025 00:00	10.26	10.26	10.02	10.08	538
13.05.2025 00:00	10.18	10.4	10.0	10.08	1133
14.05.2025 00:00	10.1	10.34	10.0	10.22	851
15.05.2025 00:00	10.24	10.3	9.88	10.06	994
16.05.2025 00:00	10.1	10.16	9.98	10.06	363
19.05.2025 00:00	10.14	10.42	10.14	10.42	1090
20.05.2025 00:00	10.34	10.38	10.08	10.08	557
21.05.2025 00:00	10.22	10.22	10.08	10.1	113
22.05.2025 00:00	10.08	10.18	10.02	10.14	85
