datetime	open	high	low	close	volume
04.01.2019 00:00	31.8	35.800000000000004	31.8	35.800000000000004	2
09.01.2019 00:00	50.800000000000004	50.800000000000004	50.800000000000004	50.800000000000004	1
02.09.2019 00:00	50.800000000000004	50.800000000000004	50.800000000000004	50.800000000000004	2
05.09.2019 00:00	55.400000000000006	69.8	55.400000000000006	65.0	3
06.09.2019 00:00	97.80000000000001	97.80000000000001	75.4	91.4	223
09.09.2019 00:00	93.4	95.4	73.0	86.0	63
10.09.2019 00:00	93.80000000000001	93.80000000000001	80.80000000000001	80.80000000000001	707
11.09.2019 00:00	80.80000000000001	80.80000000000001	77.4	77.4	622
12.09.2019 00:00	76.80000000000001	77.0	76.80000000000001	77.0	111
13.09.2019 00:00	84.4	84.4	74.60000000000001	74.60000000000001	15
16.09.2019 00:00	68.0	69.8	68.0	69.8	85
17.09.2019 00:00	71.4	71.4	69.4	69.4	23
18.09.2019 00:00	69.60000000000001	78.4	51.800000000000004	69.4	94
19.09.2019 00:00	69.8	70.0	68.4	68.4	32
20.09.2019 00:00	65.8	94.80000000000001	65.60000000000001	79.4	669
23.09.2019 00:00	72.0	81.4	71.8	78.60000000000001	229
24.09.2019 00:00	80.80000000000001	80.80000000000001	73.4	77.4	133
25.09.2019 00:00	79.80000000000001	80.80000000000001	75.8	76.4	38
26.09.2019 00:00	79.80000000000001	90.80000000000001	75.4	76.80000000000001	278
27.09.2019 00:00	79.80000000000001	79.80000000000001	75.4	75.4	24
30.09.2019 00:00	79.80000000000001	100.80000000000001	73.4	80.0	175
01.10.2019 00:00	78.4	79.80000000000001	75.4	78.4	21
02.10.2019 00:00	79.4	82.4	71.4	79.0	18
03.10.2019 00:00	73.0	73.8	66.60000000000001	70.0	149
04.10.2019 00:00	75.60000000000001	85.60000000000001	68.60000000000001	77.60000000000001	183
07.10.2019 00:00	74.4	75.4	74.4	74.4	44
08.10.2019 00:00	74.8	74.8	74.4	74.4	7
09.10.2019 00:00	73.8	76.4	71.0	75.4	19
10.10.2019 00:00	75.4	75.4	75.0	75.0	7
11.10.2019 00:00	72.60000000000001	73.4	71.0	71.60000000000001	5
14.10.2019 00:00	79.4	99.4	74.8	77.4	396
15.10.2019 00:00	75.4	79.80000000000001	71.4	77.0	156
16.10.2019 00:00	79.4	81.0	79.4	79.60000000000001	27
17.10.2019 00:00	82.0	82.0	75.4	78.80000000000001	31
18.10.2019 00:00	78.80000000000001	79.0	75.4	78.4	86
21.10.2019 00:00	77.4	77.4	73.8	76.80000000000001	80
22.10.2019 00:00	73.8	81.0	73.8	78.80000000000001	42
23.10.2019 00:00	77.60000000000001	77.60000000000001	76.4	76.4	10
24.10.2019 00:00	76.0	76.60000000000001	76.0	76.60000000000001	3
25.10.2019 00:00	80.4	80.4	79.4	79.4	5
28.10.2019 00:00	70.8	76.80000000000001	70.8	75.4	36
29.10.2019 00:00	75.8	76.0	75.8	75.8	9
30.10.2019 00:00	79.60000000000001	79.60000000000001	79.60000000000001	79.60000000000001	7
31.10.2019 00:00	62.0	77.80000000000001	62.0	77.80000000000001	5
01.11.2019 00:00	77.80000000000001	100.80000000000001	73.8	83.4	245
05.11.2019 00:00	82.80000000000001	82.80000000000001	75.4	79.4	279
06.11.2019 00:00	75.8	79.4	74.4	75.8	263
07.11.2019 00:00	74.4	76.4	74.4	74.8	89
08.11.2019 00:00	74.4	76.4	74.4	74.4	49
11.11.2019 00:00	74.8	74.8	74.8	74.8	2
12.11.2019 00:00	74.4	74.4	74.4	74.4	12
13.11.2019 00:00	74.4	74.8	74.4	74.8	4
14.11.2019 00:00	74.8	77.80000000000001	72.8	74.8	20
15.11.2019 00:00	70.8	77.80000000000001	70.8	75.4	19
18.11.2019 00:00	74.8	74.8	73.8	73.8	21
19.11.2019 00:00	74.8	75.8	74.8	75.8	31
20.11.2019 00:00	77.80000000000001	80.80000000000001	72.8	76.4	73
21.11.2019 00:00	77.4	77.4	72.8	75.8	24
22.11.2019 00:00	76.4	76.4	73.4	73.4	25
25.11.2019 00:00	73.4	77.80000000000001	73.4	74.4	29
26.11.2019 00:00	75.4	76.80000000000001	75.4	75.4	9
27.11.2019 00:00	74.8	75.4	74.8	75.4	27
28.11.2019 00:00	73.8	73.8	73.4	73.4	119
29.11.2019 00:00	72.8	72.8	70.8	71.4	109
02.12.2019 00:00	72.8	74.8	69.8	70.4	156
03.12.2019 00:00	74.8	76.4	70.4	70.4	131
04.12.2019 00:00	70.8	76.80000000000001	66.8	74.8	135
05.12.2019 00:00	68.4	75.4	68.4	72.4	21
06.12.2019 00:00	69.8	73.8	69.8	72.8	23
09.12.2019 00:00	72.4	75.4	69.4	75.4	35
11.12.2019 00:00	71.8	72.8	70.8	72.8	57
12.12.2019 00:00	73.8	73.8	73.8	73.8	1
13.12.2019 00:00	69.8	75.8	69.8	72.8	233
16.12.2019 00:00	72.4	74.8	72.4	74.8	29
17.12.2019 00:00	75.4	75.4	59.800000000000004	69.8	2983
18.12.2019 00:00	73.8	74.4	65.8	66.8	1462
19.12.2019 00:00	66.4	67.4	64.8	66.8	221
20.12.2019 00:00	65.4	69.8	65.4	66.8	192
23.12.2019 00:00	66.8	72.8	64.8	64.8	5034
24.12.2019 00:00	66.4	66.8	59.800000000000004	61.400000000000006	1831
25.12.2019 00:00	61.400000000000006	62.400000000000006	59.800000000000004	60.400000000000006	785
26.12.2019 00:00	59.800000000000004	60.400000000000006	56.800000000000004	57.800000000000004	539
27.12.2019 00:00	57.800000000000004	58.400000000000006	57.800000000000004	58.400000000000006	28
30.12.2019 00:00	58.400000000000006	58.800000000000004	57.400000000000006	58.800000000000004	114
03.01.2020 00:00	57.800000000000004	59.800000000000004	57.400000000000006	59.400000000000006	126
06.01.2020 00:00	59.800000000000004	59.800000000000004	58.800000000000004	59.400000000000006	27
08.01.2020 00:00	58.800000000000004	59.800000000000004	58.400000000000006	58.800000000000004	74
09.01.2020 00:00	59.800000000000004	60.400000000000006	59.400000000000006	59.400000000000006	70
10.01.2020 00:00	58.800000000000004	59.800000000000004	58.800000000000004	59.800000000000004	66
13.01.2020 00:00	59.400000000000006	61.400000000000006	59.400000000000006	60.800000000000004	164
14.01.2020 00:00	59.800000000000004	61.400000000000006	59.800000000000004	60.800000000000004	168
15.01.2020 00:00	60.800000000000004	61.400000000000006	59.400000000000006	59.800000000000004	269
16.01.2020 00:00	60.400000000000006	60.800000000000004	60.400000000000006	60.800000000000004	81
17.01.2020 00:00	60.800000000000004	61.400000000000006	60.400000000000006	61.400000000000006	250
20.01.2020 00:00	60.800000000000004	61.800000000000004	60.800000000000004	60.800000000000004	372
21.01.2020 00:00	60.400000000000006	61.400000000000006	60.400000000000006	60.800000000000004	33
22.01.2020 00:00	60.800000000000004	60.800000000000004	59.400000000000006	60.800000000000004	88
23.01.2020 00:00	59.800000000000004	59.800000000000004	57.800000000000004	58.800000000000004	296
24.01.2020 00:00	59.400000000000006	60.400000000000006	58.800000000000004	59.800000000000004	148
27.01.2020 00:00	58.400000000000006	59.800000000000004	58.400000000000006	59.800000000000004	40
28.01.2020 00:00	58.800000000000004	59.800000000000004	58.400000000000006	59.800000000000004	34
29.01.2020 00:00	59.800000000000004	60.800000000000004	58.800000000000004	60.400000000000006	367
30.01.2020 00:00	59.400000000000006	60.400000000000006	59.400000000000006	59.800000000000004	22
31.01.2020 00:00	60.400000000000006	60.800000000000004	59.800000000000004	59.800000000000004	33
03.02.2020 00:00	59.800000000000004	59.800000000000004	57.800000000000004	59.400000000000006	84
04.02.2020 00:00	58.400000000000006	60.400000000000006	58.400000000000006	59.800000000000004	62
05.02.2020 00:00	59.800000000000004	60.400000000000006	59.800000000000004	60.400000000000006	9
06.02.2020 00:00	60.400000000000006	60.400000000000006	57.800000000000004	58.400000000000006	211
07.02.2020 00:00	58.800000000000004	60.400000000000006	58.800000000000004	59.400000000000006	52
10.02.2020 00:00	59.800000000000004	61.800000000000004	59.400000000000006	61.400000000000006	187
11.02.2020 00:00	60.800000000000004	60.800000000000004	59.800000000000004	60.800000000000004	66
12.02.2020 00:00	60.800000000000004	60.800000000000004	59.800000000000004	60.400000000000006	232
13.02.2020 00:00	60.400000000000006	60.400000000000006	59.800000000000004	60.400000000000006	127
14.02.2020 00:00	60.400000000000006	60.400000000000006	58.800000000000004	59.800000000000004	121
17.02.2020 00:00	60.800000000000004	60.800000000000004	59.800000000000004	60.400000000000006	487
18.02.2020 00:00	60.800000000000004	62.400000000000006	58.400000000000006	60.400000000000006	1349
19.02.2020 00:00	60.400000000000006	60.400000000000006	60.400000000000006	60.400000000000006	22
20.02.2020 00:00	60.400000000000006	60.800000000000004	60.400000000000006	60.400000000000006	19
21.02.2020 00:00	60.800000000000004	60.800000000000004	60.400000000000006	60.800000000000004	96
25.02.2020 00:00	60.400000000000006	60.800000000000004	60.400000000000006	60.400000000000006	40
26.02.2020 00:00	59.400000000000006	59.400000000000006	57.800000000000004	58.800000000000004	82
27.02.2020 00:00	58.400000000000006	58.800000000000004	56.800000000000004	57.800000000000004	154
28.02.2020 00:00	56.400000000000006	59.400000000000006	47.400000000000006	56.800000000000004	390
02.03.2020 00:00	53.800000000000004	59.800000000000004	53.400000000000006	59.800000000000004	74
03.03.2020 00:00	59.800000000000004	59.800000000000004	55.400000000000006	57.800000000000004	104
04.03.2020 00:00	56.800000000000004	58.800000000000004	56.800000000000004	58.800000000000004	16
05.03.2020 00:00	58.800000000000004	58.800000000000004	56.800000000000004	57.400000000000006	6
06.03.2020 00:00	57.400000000000006	57.400000000000006	56.400000000000006	57.400000000000006	67
10.03.2020 00:00	51.800000000000004	53.800000000000004	50.400000000000006	53.400000000000006	135
11.03.2020 00:00	51.800000000000004	52.800000000000004	51.800000000000004	51.800000000000004	24
12.03.2020 00:00	48.400000000000006	49.400000000000006	41.400000000000006	45.400000000000006	119
13.03.2020 00:00	45.400000000000006	48.800000000000004	38.800000000000004	42.400000000000006	46
16.03.2020 00:00	43.400000000000006	55.400000000000006	40.800000000000004	46.400000000000006	350
17.03.2020 00:00	42.800000000000004	49.800000000000004	42.800000000000004	49.400000000000006	242
18.03.2020 00:00	46.400000000000006	48.800000000000004	46.400000000000006	48.400000000000006	36
19.03.2020 00:00	48.800000000000004	48.800000000000004	48.800000000000004	48.800000000000004	20
20.03.2020 00:00	57.800000000000004	57.800000000000004	48.800000000000004	50.800000000000004	22
23.03.2020 00:00	50.800000000000004	50.800000000000004	50.800000000000004	50.800000000000004	1
24.03.2020 00:00	50.400000000000006	50.800000000000004	49.400000000000006	50.800000000000004	21
25.03.2020 00:00	53.800000000000004	60.800000000000004	45.800000000000004	50.800000000000004	269
26.03.2020 00:00	51.400000000000006	59.800000000000004	51.400000000000006	54.400000000000006	211
27.03.2020 00:00	53.400000000000006	57.800000000000004	51.400000000000006	51.400000000000006	16
30.03.2020 00:00	51.800000000000004	55.400000000000006	51.800000000000004	53.400000000000006	27
31.03.2020 00:00	52.400000000000006	54.400000000000006	52.400000000000006	54.400000000000006	11
01.04.2020 00:00	51.400000000000006	56.800000000000004	51.400000000000006	54.400000000000006	16
02.04.2020 00:00	55.400000000000006	58.800000000000004	55.400000000000006	55.800000000000004	13
03.04.2020 00:00	56.400000000000006	56.400000000000006	53.400000000000006	54.800000000000004	17
06.04.2020 00:00	56.800000000000004	56.800000000000004	53.400000000000006	55.400000000000006	28
07.04.2020 00:00	56.400000000000006	56.400000000000006	54.800000000000004	54.800000000000004	28
08.04.2020 00:00	54.800000000000004	55.400000000000006	53.800000000000004	55.400000000000006	17
09.04.2020 00:00	39.800000000000004	61.800000000000004	39.800000000000004	56.800000000000004	421
10.04.2020 00:00	55.800000000000004	56.400000000000006	53.800000000000004	56.400000000000006	110
13.04.2020 00:00	57.400000000000006	57.400000000000006	54.400000000000006	56.400000000000006	121
14.04.2020 00:00	56.400000000000006	61.400000000000006	54.800000000000004	56.800000000000004	374
15.04.2020 00:00	54.400000000000006	57.400000000000006	50.800000000000004	53.400000000000006	69
16.04.2020 00:00	54.800000000000004	55.400000000000006	54.400000000000006	54.400000000000006	10
17.04.2020 00:00	55.400000000000006	55.400000000000006	49.800000000000004	54.400000000000006	127
20.04.2020 00:00	53.800000000000004	53.800000000000004	52.800000000000004	53.400000000000006	10
21.04.2020 00:00	53.800000000000004	67.4	53.800000000000004	60.400000000000006	5932
22.04.2020 00:00	57.800000000000004	75.8	51.400000000000006	55.800000000000004	7090
23.04.2020 00:00	56.800000000000004	56.800000000000004	54.400000000000006	55.800000000000004	594
24.04.2020 00:00	54.400000000000006	55.800000000000004	54.400000000000006	55.400000000000006	296
27.04.2020 00:00	55.400000000000006	55.800000000000004	53.400000000000006	54.400000000000006	558
28.04.2020 00:00	53.400000000000006	54.800000000000004	53.400000000000006	54.800000000000004	181
29.04.2020 00:00	53.800000000000004	54.800000000000004	52.800000000000004	54.800000000000004	374
30.04.2020 00:00	53.800000000000004	54.400000000000006	53.400000000000006	53.400000000000006	120
04.05.2020 00:00	52.800000000000004	53.400000000000006	51.800000000000004	53.400000000000006	266
05.05.2020 00:00	53.400000000000006	53.400000000000006	52.800000000000004	52.800000000000004	41
06.05.2020 00:00	52.800000000000004	53.400000000000006	52.400000000000006	52.800000000000004	22
07.05.2020 00:00	51.800000000000004	53.800000000000004	51.800000000000004	53.800000000000004	71
08.05.2020 00:00	53.400000000000006	53.800000000000004	52.800000000000004	53.800000000000004	55
12.05.2020 00:00	53.400000000000006	55.400000000000006	53.400000000000006	54.400000000000006	483
13.05.2020 00:00	55.400000000000006	55.400000000000006	53.800000000000004	54.400000000000006	135
14.05.2020 00:00	53.800000000000004	53.800000000000004	53.800000000000004	53.800000000000004	3
18.05.2020 00:00	54.400000000000006	54.400000000000006	53.400000000000006	53.800000000000004	19
19.05.2020 00:00	53.800000000000004	54.400000000000006	53.400000000000006	54.400000000000006	90
20.05.2020 00:00	53.400000000000006	53.800000000000004	52.400000000000006	53.800000000000004	207
21.05.2020 00:00	52.800000000000004	53.800000000000004	52.800000000000004	53.400000000000006	51
22.05.2020 00:00	52.800000000000004	53.800000000000004	52.800000000000004	53.800000000000004	2
25.05.2020 00:00	53.800000000000004	53.800000000000004	52.800000000000004	53.800000000000004	24
26.05.2020 00:00	52.800000000000004	53.800000000000004	52.800000000000004	53.400000000000006	93
27.05.2020 00:00	53.800000000000004	53.800000000000004	52.800000000000004	53.800000000000004	11
28.05.2020 00:00	53.800000000000004	53.800000000000004	52.400000000000006	53.400000000000006	71
29.05.2020 00:00	53.400000000000006	72.8	53.400000000000006	69.8	2776
01.06.2020 00:00	63.800000000000004	77.4	58.800000000000004	60.800000000000004	7271
02.06.2020 00:00	60.800000000000004	60.800000000000004	57.800000000000004	59.400000000000006	1207
03.06.2020 00:00	60.800000000000004	60.800000000000004	55.400000000000006	58.400000000000006	1152
04.06.2020 00:00	57.800000000000004	58.800000000000004	55.800000000000004	57.800000000000004	348
05.06.2020 00:00	57.800000000000004	60.800000000000004	55.800000000000004	58.400000000000006	998
08.06.2020 00:00	58.400000000000006	58.800000000000004	56.800000000000004	57.800000000000004	132
09.06.2020 00:00	58.400000000000006	59.400000000000006	56.800000000000004	58.400000000000006	620
10.06.2020 00:00	58.400000000000006	60.800000000000004	57.800000000000004	59.800000000000004	93
11.06.2020 00:00	58.400000000000006	59.400000000000006	57.400000000000006	58.800000000000004	246
15.06.2020 00:00	59.800000000000004	59.800000000000004	57.400000000000006	58.800000000000004	124
16.06.2020 00:00	58.800000000000004	59.800000000000004	57.800000000000004	58.800000000000004	47
17.06.2020 00:00	60.400000000000006	60.800000000000004	57.800000000000004	60.400000000000006	820
18.06.2020 00:00	59.800000000000004	66.4	58.400000000000006	59.400000000000006	1979
19.06.2020 00:00	59.800000000000004	59.800000000000004	57.800000000000004	57.800000000000004	318
22.06.2020 00:00	58.800000000000004	58.800000000000004	57.800000000000004	58.800000000000004	9
23.06.2020 00:00	57.400000000000006	58.400000000000006	57.400000000000006	58.400000000000006	7
25.06.2020 00:00	57.400000000000006	57.400000000000006	55.800000000000004	56.800000000000004	276
26.06.2020 00:00	56.800000000000004	56.800000000000004	56.800000000000004	56.800000000000004	12
29.06.2020 00:00	55.800000000000004	55.800000000000004	55.800000000000004	55.800000000000004	64
30.06.2020 00:00	56.400000000000006	56.400000000000006	53.800000000000004	53.800000000000004	477
02.07.2020 00:00	54.800000000000004	55.400000000000006	53.800000000000004	53.800000000000004	243
03.07.2020 00:00	54.400000000000006	54.400000000000006	53.800000000000004	53.800000000000004	636
06.07.2020 00:00	54.400000000000006	55.800000000000004	54.400000000000006	54.400000000000006	401
07.07.2020 00:00	54.800000000000004	54.800000000000004	53.800000000000004	54.400000000000006	308
08.07.2020 00:00	53.800000000000004	54.800000000000004	53.800000000000004	54.400000000000006	251
09.07.2020 00:00	54.800000000000004	55.800000000000004	53.800000000000004	53.800000000000004	230
10.07.2020 00:00	53.800000000000004	54.400000000000006	53.400000000000006	53.800000000000004	214
13.07.2020 00:00	53.800000000000004	53.800000000000004	53.400000000000006	53.400000000000006	340
14.07.2020 00:00	52.800000000000004	53.800000000000004	52.800000000000004	52.800000000000004	221
15.07.2020 00:00	53.400000000000006	53.800000000000004	53.400000000000006	53.800000000000004	65
16.07.2020 00:00	53.800000000000004	53.800000000000004	52.800000000000004	53.400000000000006	419
17.07.2020 00:00	53.400000000000006	53.400000000000006	52.400000000000006	52.800000000000004	110
20.07.2020 00:00	52.800000000000004	53.400000000000006	52.800000000000004	53.400000000000006	47
21.07.2020 00:00	53.400000000000006	53.400000000000006	52.400000000000006	53.400000000000006	213
22.07.2020 00:00	53.400000000000006	53.400000000000006	52.400000000000006	52.400000000000006	339
23.07.2020 00:00	52.400000000000006	52.800000000000004	52.400000000000006	52.800000000000004	124
24.07.2020 00:00	52.800000000000004	54.800000000000004	52.400000000000006	54.800000000000004	351
27.07.2020 00:00	54.800000000000004	54.800000000000004	53.400000000000006	53.400000000000006	150
28.07.2020 00:00	52.800000000000004	53.400000000000006	52.400000000000006	53.400000000000006	259
29.07.2020 00:00	53.800000000000004	53.800000000000004	53.400000000000006	53.400000000000006	110
30.07.2020 00:00	52.800000000000004	53.400000000000006	52.800000000000004	53.400000000000006	32
31.07.2020 00:00	53.400000000000006	53.400000000000006	52.800000000000004	52.800000000000004	14
03.08.2020 00:00	52.800000000000004	53.800000000000004	52.800000000000004	53.400000000000006	94
04.08.2020 00:00	53.800000000000004	53.800000000000004	53.400000000000006	53.400000000000006	77
05.08.2020 00:00	52.800000000000004	58.800000000000004	51.800000000000004	53.800000000000004	1921
06.08.2020 00:00	53.800000000000004	53.800000000000004	53.400000000000006	53.800000000000004	35
07.08.2020 00:00	53.400000000000006	53.800000000000004	53.400000000000006	53.400000000000006	78
10.08.2020 00:00	53.800000000000004	54.400000000000006	53.400000000000006	54.400000000000006	69
11.08.2020 00:00	54.400000000000006	54.400000000000006	53.400000000000006	54.400000000000006	253
12.08.2020 00:00	54.400000000000006	58.400000000000006	54.400000000000006	55.800000000000004	1107
13.08.2020 00:00	55.800000000000004	57.400000000000006	55.400000000000006	57.400000000000006	234
14.08.2020 00:00	56.800000000000004	68.4	56.800000000000004	58.400000000000006	8768
17.08.2020 00:00	56.400000000000006	59.800000000000004	54.800000000000004	56.800000000000004	1217
18.08.2020 00:00	56.800000000000004	56.800000000000004	54.400000000000006	55.400000000000006	1116
19.08.2020 00:00	55.400000000000006	55.800000000000004	54.800000000000004	55.800000000000004	81
20.08.2020 00:00	54.800000000000004	55.400000000000006	54.800000000000004	54.800000000000004	171
21.08.2020 00:00	55.400000000000006	55.800000000000004	54.400000000000006	55.400000000000006	466
24.08.2020 00:00	55.400000000000006	56.400000000000006	54.800000000000004	55.400000000000006	332
25.08.2020 00:00	55.400000000000006	57.800000000000004	54.800000000000004	55.400000000000006	362
26.08.2020 00:00	54.800000000000004	57.400000000000006	53.800000000000004	56.800000000000004	401
27.08.2020 00:00	57.400000000000006	57.400000000000006	55.400000000000006	55.400000000000006	21
28.08.2020 00:00	55.800000000000004	55.800000000000004	55.400000000000006	55.400000000000006	104
31.08.2020 00:00	55.800000000000004	56.400000000000006	55.400000000000006	55.400000000000006	74
01.09.2020 00:00	55.800000000000004	55.800000000000004	54.800000000000004	55.400000000000006	5
02.09.2020 00:00	55.400000000000006	56.800000000000004	53.800000000000004	53.800000000000004	564
03.09.2020 00:00	54.800000000000004	55.400000000000006	53.800000000000004	53.800000000000004	150
04.09.2020 00:00	53.800000000000004	55.800000000000004	53.800000000000004	55.400000000000006	316
07.09.2020 00:00	55.800000000000004	55.800000000000004	53.800000000000004	54.800000000000004	312
08.09.2020 00:00	55.400000000000006	55.400000000000006	53.800000000000004	54.800000000000004	58
09.09.2020 00:00	54.800000000000004	54.800000000000004	54.400000000000006	54.800000000000004	28
10.09.2020 00:00	54.800000000000004	55.400000000000006	54.800000000000004	55.400000000000006	6
11.09.2020 00:00	55.400000000000006	55.400000000000006	54.800000000000004	55.400000000000006	96
14.09.2020 00:00	55.800000000000004	55.800000000000004	55.400000000000006	55.400000000000006	268
15.09.2020 00:00	55.400000000000006	55.400000000000006	54.400000000000006	55.400000000000006	22
16.09.2020 00:00	55.800000000000004	55.800000000000004	54.800000000000004	55.400000000000006	85
17.09.2020 00:00	55.400000000000006	55.800000000000004	54.800000000000004	55.800000000000004	79
18.09.2020 00:00	54.800000000000004	55.400000000000006	54.400000000000006	54.800000000000004	51
21.09.2020 00:00	54.800000000000004	55.400000000000006	54.400000000000006	55.400000000000006	34
22.09.2020 00:00	54.400000000000006	55.400000000000006	53.800000000000004	55.400000000000006	44
23.09.2020 00:00	54.800000000000004	55.400000000000006	52.800000000000004	53.800000000000004	444
24.09.2020 00:00	54.800000000000004	54.800000000000004	53.800000000000004	53.800000000000004	29
25.09.2020 00:00	54.400000000000006	54.800000000000004	53.800000000000004	54.400000000000006	19
28.09.2020 00:00	53.800000000000004	54.400000000000006	53.400000000000006	54.400000000000006	39
29.09.2020 00:00	54.400000000000006	54.400000000000006	53.800000000000004	54.400000000000006	30
30.09.2020 00:00	53.800000000000004	53.800000000000004	53.800000000000004	53.800000000000004	44
01.10.2020 00:00	53.800000000000004	53.800000000000004	53.800000000000004	53.800000000000004	1
02.10.2020 00:00	53.400000000000006	53.400000000000006	49.400000000000006	52.800000000000004	577
05.10.2020 00:00	52.800000000000004	56.800000000000004	52.800000000000004	54.400000000000006	1404
06.10.2020 00:00	54.800000000000004	54.800000000000004	50.800000000000004	51.800000000000004	1120
07.10.2020 00:00	51.800000000000004	56.800000000000004	51.800000000000004	56.800000000000004	3570
08.10.2020 00:00	56.800000000000004	57.800000000000004	55.800000000000004	56.400000000000006	785
09.10.2020 00:00	56.800000000000004	56.800000000000004	55.800000000000004	56.400000000000006	573
12.10.2020 00:00	56.400000000000006	56.800000000000004	56.400000000000006	56.800000000000004	928
13.10.2020 00:00	56.400000000000006	56.800000000000004	55.800000000000004	56.400000000000006	586
14.10.2020 00:00	56.800000000000004	57.400000000000006	56.400000000000006	56.800000000000004	1834
15.10.2020 00:00	56.400000000000006	56.800000000000004	55.800000000000004	56.800000000000004	709
16.10.2020 00:00	55.800000000000004	56.800000000000004	55.400000000000006	56.800000000000004	5712
19.10.2020 00:00	56.800000000000004	56.800000000000004	55.800000000000004	56.400000000000006	1542
20.10.2020 00:00	56.800000000000004	57.400000000000006	55.800000000000004	57.400000000000006	3871
21.10.2020 00:00	59.800000000000004	61.800000000000004	57.400000000000006	59.400000000000006	5004
22.10.2020 00:00	60.400000000000006	61.400000000000006	58.400000000000006	61.400000000000006	1321
23.10.2020 00:00	60.800000000000004	61.400000000000006	60.400000000000006	60.800000000000004	1229
26.10.2020 00:00	60.800000000000004	60.800000000000004	59.800000000000004	60.400000000000006	785
27.10.2020 00:00	60.800000000000004	60.800000000000004	59.400000000000006	60.400000000000006	669
28.10.2020 00:00	60.400000000000006	60.400000000000006	56.400000000000006	56.800000000000004	2032
29.10.2020 00:00	58.400000000000006	59.400000000000006	56.800000000000004	58.400000000000006	535
30.10.2020 00:00	59.400000000000006	59.800000000000004	56.800000000000004	57.800000000000004	302
02.11.2020 00:00	59.400000000000006	59.800000000000004	56.800000000000004	59.400000000000006	809
03.11.2020 00:00	58.400000000000006	59.800000000000004	57.400000000000006	59.400000000000006	238
05.11.2020 00:00	59.800000000000004	59.800000000000004	58.800000000000004	58.800000000000004	555
06.11.2020 00:00	59.400000000000006	59.400000000000006	58.800000000000004	59.400000000000006	111
09.11.2020 00:00	59.400000000000006	60.400000000000006	58.800000000000004	59.400000000000006	871
10.11.2020 00:00	60.400000000000006	60.400000000000006	58.800000000000004	59.400000000000006	427
11.11.2020 00:00	59.400000000000006	60.400000000000006	57.400000000000006	59.800000000000004	677
12.11.2020 00:00	60.400000000000006	60.800000000000004	58.800000000000004	60.400000000000006	690
13.11.2020 00:00	60.800000000000004	60.800000000000004	59.800000000000004	60.400000000000006	756
16.11.2020 00:00	60.800000000000004	60.800000000000004	59.800000000000004	60.400000000000006	1196
17.11.2020 00:00	60.400000000000006	60.800000000000004	59.800000000000004	60.400000000000006	1384
18.11.2020 00:00	60.800000000000004	60.800000000000004	59.800000000000004	60.800000000000004	1280
19.11.2020 00:00	60.800000000000004	63.800000000000004	59.800000000000004	60.800000000000004	7483
20.11.2020 00:00	60.400000000000006	61.800000000000004	60.400000000000006	61.800000000000004	5911
23.11.2020 00:00	60.800000000000004	62.400000000000006	59.800000000000004	61.400000000000006	12398
24.11.2020 00:00	61.400000000000006	61.400000000000006	55.800000000000004	60.400000000000006	10631
25.11.2020 00:00	60.400000000000006	61.400000000000006	59.800000000000004	60.400000000000006	7682
26.11.2020 00:00	60.800000000000004	62.400000000000006	58.400000000000006	59.800000000000004	11239
27.11.2020 00:00	55.800000000000004	56.800000000000004	50.400000000000006	55.800000000000004	13566
30.11.2020 00:00	54.800000000000004	55.800000000000004	54.400000000000006	55.400000000000006	901
01.12.2020 00:00	55.400000000000006	55.400000000000006	53.800000000000004	54.800000000000004	1855
02.12.2020 00:00	54.400000000000006	54.800000000000004	53.800000000000004	53.800000000000004	1029
03.12.2020 00:00	54.400000000000006	54.400000000000006	52.800000000000004	53.800000000000004	1203
04.12.2020 00:00	53.400000000000006	53.800000000000004	52.800000000000004	52.800000000000004	1742
07.12.2020 00:00	52.800000000000004	53.400000000000006	52.400000000000006	53.400000000000006	1211
08.12.2020 00:00	52.800000000000004	53.400000000000006	52.800000000000004	52.800000000000004	244
09.12.2020 00:00	52.800000000000004	53.400000000000006	52.800000000000004	53.400000000000006	554
10.12.2020 00:00	52.800000000000004	53.400000000000006	51.800000000000004	52.400000000000006	655
11.12.2020 00:00	52.400000000000006	52.800000000000004	52.400000000000006	52.400000000000006	263
14.12.2020 00:00	51.800000000000004	52.800000000000004	51.400000000000006	51.800000000000004	1373
15.12.2020 00:00	51.800000000000004	51.800000000000004	51.400000000000006	51.800000000000004	426
16.12.2020 00:00	51.400000000000006	51.800000000000004	50.800000000000004	51.800000000000004	457
17.12.2020 00:00	51.800000000000004	52.400000000000006	50.800000000000004	51.400000000000006	699
18.12.2020 00:00	51.800000000000004	51.800000000000004	50.800000000000004	51.800000000000004	310
21.12.2020 00:00	51.800000000000004	52.400000000000006	50.400000000000006	50.400000000000006	701
22.12.2020 00:00	50.800000000000004	51.400000000000006	49.800000000000004	50.800000000000004	700
23.12.2020 00:00	51.400000000000006	51.400000000000006	49.800000000000004	50.800000000000004	292
24.12.2020 00:00	50.800000000000004	51.800000000000004	50.400000000000006	50.400000000000006	460
25.12.2020 00:00	50.400000000000006	51.400000000000006	50.400000000000006	50.800000000000004	450
28.12.2020 00:00	50.800000000000004	50.800000000000004	50.400000000000006	50.400000000000006	569
29.12.2020 00:00	50.800000000000004	50.800000000000004	50.400000000000006	50.400000000000006	236
30.12.2020 00:00	50.800000000000004	52.400000000000006	50.400000000000006	50.400000000000006	706
04.01.2021 00:00	50.400000000000006	51.400000000000006	50.400000000000006	51.400000000000006	171
05.01.2021 00:00	50.800000000000004	51.400000000000006	50.400000000000006	50.800000000000004	533
06.01.2021 00:00	51.400000000000006	51.400000000000006	50.800000000000004	51.400000000000006	213
08.01.2021 00:00	51.400000000000006	51.800000000000004	50.800000000000004	51.400000000000006	432
11.01.2021 00:00	51.400000000000006	51.800000000000004	50.800000000000004	51.400000000000006	129
12.01.2021 00:00	50.800000000000004	51.800000000000004	50.800000000000004	51.400000000000006	527
13.01.2021 00:00	51.400000000000006	51.400000000000006	50.800000000000004	51.400000000000006	338
14.01.2021 00:00	50.800000000000004	51.400000000000006	50.800000000000004	51.400000000000006	495
15.01.2021 00:00	51.400000000000006	51.800000000000004	50.800000000000004	51.400000000000006	546
18.01.2021 00:00	51.800000000000004	54.800000000000004	51.800000000000004	52.400000000000006	3938
19.01.2021 00:00	53.400000000000006	53.400000000000006	50.800000000000004	51.800000000000004	2105
20.01.2021 00:00	51.400000000000006	52.400000000000006	51.400000000000006	51.800000000000004	610
21.01.2021 00:00	52.400000000000006	52.400000000000006	50.800000000000004	51.400000000000006	403
22.01.2021 00:00	51.800000000000004	51.800000000000004	50.800000000000004	51.400000000000006	319
25.01.2021 00:00	51.800000000000004	51.800000000000004	50.800000000000004	51.400000000000006	393
26.01.2021 00:00	51.400000000000006	51.800000000000004	51.400000000000006	51.800000000000004	165
27.01.2021 00:00	51.400000000000006	51.800000000000004	51.400000000000006	51.400000000000006	135
28.01.2021 00:00	51.400000000000006	51.800000000000004	50.800000000000004	51.400000000000006	135
29.01.2021 00:00	51.400000000000006	51.800000000000004	50.800000000000004	51.400000000000006	104
01.02.2021 00:00	50.800000000000004	51.6	50.800000000000004	51.400000000000006	218
02.02.2021 00:00	51.6	51.800000000000004	51.2	51.800000000000004	143
03.02.2021 00:00	51.2	51.800000000000004	51.2	51.400000000000006	160
04.02.2021 00:00	51.2	51.800000000000004	51.2	51.2	104
05.02.2021 00:00	51.6	51.6	51.2	51.6	84
08.02.2021 00:00	51.6	51.800000000000004	51.2	51.400000000000006	130
09.02.2021 00:00	51.2	51.800000000000004	51.2	51.6	197
10.02.2021 00:00	51.400000000000006	51.6	51.2	51.6	149
11.02.2021 00:00	51.400000000000006	51.6	51.2	51.2	722
12.02.2021 00:00	51.2	51.6	51.2	51.2	40
15.02.2021 00:00	51.6	51.6	50.800000000000004	51.2	296
16.02.2021 00:00	51.2	51.400000000000006	50.800000000000004	51.2	271
17.02.2021 00:00	51.2	51.800000000000004	50.800000000000004	51.2	837
18.02.2021 00:00	51.6	51.6	49.800000000000004	51.2	1136
19.02.2021 00:00	50.6	51.400000000000006	50.6	50.800000000000004	155
20.02.2021 00:00	51.2	51.400000000000006	51.2	51.2	69
22.02.2021 00:00	51.400000000000006	51.400000000000006	51.2	51.2	32
24.02.2021 00:00	51.2	51.6	50.6	50.6	269
25.02.2021 00:00	50.800000000000004	51.400000000000006	50.6	51.2	159
26.02.2021 00:00	50.800000000000004	51.2	50.6	51.2	35
01.03.2021 00:00	50.800000000000004	51.2	50.6	51.2	235
02.03.2021 00:00	50.6	51.2	50.6	50.800000000000004	124
03.03.2021 00:00	51.2	51.2	50.800000000000004	50.800000000000004	71
04.03.2021 00:00	50.800000000000004	50.800000000000004	50.400000000000006	50.6	91
05.03.2021 00:00	50.6	51.2	50.2	50.6	108
09.03.2021 00:00	50.400000000000006	51.2	50.400000000000006	50.800000000000004	47
10.03.2021 00:00	50.800000000000004	51.2	50.400000000000006	50.6	80
11.03.2021 00:00	50.800000000000004	51.2	50.6	50.6	123
12.03.2021 00:00	50.800000000000004	50.800000000000004	49.800000000000004	50.800000000000004	600
15.03.2021 00:00	50.800000000000004	51.2	50.6	51.2	52
16.03.2021 00:00	51.2	51.2	50.400000000000006	51.2	539
17.03.2021 00:00	51.2	51.2	50.400000000000006	50.400000000000006	111
18.03.2021 00:00	51.2	51.2	50.400000000000006	51.2	106
19.03.2021 00:00	50.800000000000004	50.800000000000004	50.800000000000004	50.800000000000004	21
22.03.2021 00:00	51.2	51.2	50.400000000000006	50.6	38
23.03.2021 00:00	50.800000000000004	50.800000000000004	50.400000000000006	50.6	176
24.03.2021 00:00	50.400000000000006	50.6	50.2	50.6	48
25.03.2021 00:00	50.2	50.6	49.800000000000004	50.6	230
26.03.2021 00:00	50.2	50.800000000000004	50.2	50.800000000000004	44
29.03.2021 00:00	50.6	50.800000000000004	50.2	50.6	210
30.03.2021 00:00	50.6	50.800000000000004	50.400000000000006	50.6	67
31.03.2021 00:00	50.400000000000006	50.800000000000004	50.400000000000006	50.400000000000006	44
01.04.2021 00:00	50.800000000000004	51.2	50.400000000000006	50.6	127
02.04.2021 00:00	51.2	51.2	50.6	51.2	189
05.04.2021 00:00	50.6	51.2	50.400000000000006	51.2	203
06.04.2021 00:00	51.2	51.2	50.800000000000004	51.2	133
07.04.2021 00:00	51.2	51.2	50.6	51.2	814
08.04.2021 00:00	50.800000000000004	50.800000000000004	50.6	50.800000000000004	63
09.04.2021 00:00	50.800000000000004	51.2	50.400000000000006	50.800000000000004	70
12.04.2021 00:00	51.2	51.2	50.6	51.2	229
13.04.2021 00:00	51.2	51.2	50.6	50.800000000000004	21
14.04.2021 00:00	50.6	50.800000000000004	50.2	50.800000000000004	276
15.04.2021 00:00	50.400000000000006	51.2	50.2	51.2	41
16.04.2021 00:00	50.6	51.2	50.6	50.800000000000004	39
19.04.2021 00:00	50.400000000000006	51.2	50.2	50.6	59
20.04.2021 00:00	51.2	51.6	50.400000000000006	50.6	471
21.04.2021 00:00	51.2	51.2	50.400000000000006	51.2	220
22.04.2021 00:00	51.2	51.2	50.6	51.2	104
23.04.2021 00:00	50.800000000000004	51.2	50.6	50.6	142
26.04.2021 00:00	50.800000000000004	51.2	50.800000000000004	50.800000000000004	60
27.04.2021 00:00	51.2	51.2	50.800000000000004	50.800000000000004	130
28.04.2021 00:00	50.800000000000004	51.2	50.400000000000006	50.800000000000004	429
29.04.2021 00:00	50.400000000000006	51.2	50.400000000000006	51.2	378
30.04.2021 00:00	50.800000000000004	51.2	50.6	50.800000000000004	22
04.05.2021 00:00	50.6	51.2	50.6	50.6	33
05.05.2021 00:00	51.2	51.2	50.6	50.6	50
06.05.2021 00:00	51.2	51.2	49.6	50.400000000000006	730
07.05.2021 00:00	50.6	51.2	50.400000000000006	50.6	154
10.05.2021 00:00	50.6	50.800000000000004	50.400000000000006	50.6	1092
11.05.2021 00:00	50.400000000000006	50.6	50.2	50.6	216
12.05.2021 00:00	50.6	59.2	50.6	54.800000000000004	8601
13.05.2021 00:00	55.800000000000004	56.0	52.800000000000004	54.2	3298
14.05.2021 00:00	55.2	55.800000000000004	54.800000000000004	54.800000000000004	4356
17.05.2021 00:00	55.6	57.800000000000004	54.800000000000004	55.800000000000004	4036
18.05.2021 00:00	55.0	56.2	54.800000000000004	56.0	774
19.05.2021 00:00	55.0	57.0	54.800000000000004	54.800000000000004	731
20.05.2021 00:00	55.6	56.2	54.6	55.2	1022
21.05.2021 00:00	54.400000000000006	56.0	54.400000000000006	55.0	508
24.05.2021 00:00	55.6	56.0	55.0	55.6	451
25.05.2021 00:00	55.6	55.800000000000004	55.0	55.2	197
26.05.2021 00:00	55.0	55.800000000000004	53.6	53.800000000000004	1356
27.05.2021 00:00	54.800000000000004	54.800000000000004	53.800000000000004	53.800000000000004	113
28.05.2021 00:00	53.400000000000006	55.0	53.0	54.0	309
31.05.2021 00:00	54.400000000000006	55.0	53.800000000000004	54.800000000000004	552
01.06.2021 00:00	54.0	55.2	54.0	54.6	288
02.06.2021 00:00	55.2	55.2	53.800000000000004	54.6	1324
03.06.2021 00:00	54.6	55.2	54.6	54.800000000000004	324
04.06.2021 00:00	54.800000000000004	55.2	53.800000000000004	54.800000000000004	984
07.06.2021 00:00	54.2	55.0	54.0	55.0	546
08.06.2021 00:00	55.2	55.2	54.0	54.400000000000006	422
09.06.2021 00:00	54.2	54.6	53.2	54.400000000000006	760
10.06.2021 00:00	54.400000000000006	54.800000000000004	53.800000000000004	54.800000000000004	467
11.06.2021 00:00	54.800000000000004	54.800000000000004	54.400000000000006	54.6	465
14.06.2021 00:00	54.800000000000004	55.0	54.6	54.800000000000004	1123
15.06.2021 00:00	55.2	55.400000000000006	54.400000000000006	55.0	708
16.06.2021 00:00	54.800000000000004	55.400000000000006	54.800000000000004	55.2	330
17.06.2021 00:00	55.2	55.800000000000004	55.2	55.800000000000004	701
18.06.2021 00:00	56.2	56.2	55.2	55.800000000000004	415
21.06.2021 00:00	55.800000000000004	55.800000000000004	54.800000000000004	55.400000000000006	442
22.06.2021 00:00	55.0	55.6	54.800000000000004	55.2	169
23.06.2021 00:00	55.800000000000004	56.400000000000006	54.400000000000006	55.6	697
24.06.2021 00:00	55.800000000000004	56.400000000000006	53.800000000000004	54.400000000000006	728
25.06.2021 00:00	54.400000000000006	55.400000000000006	54.2	54.400000000000006	185
28.06.2021 00:00	54.800000000000004	56.400000000000006	54.2	54.6	554
29.06.2021 00:00	55.2	55.2	53.800000000000004	54.0	557
30.06.2021 00:00	54.0	54.6	53.800000000000004	53.800000000000004	634
01.07.2021 00:00	55.2	55.400000000000006	53.6	54.400000000000006	695
02.07.2021 00:00	54.6	55.400000000000006	54.0	54.2	276
05.07.2021 00:00	54.800000000000004	55.2	53.800000000000004	54.400000000000006	474
06.07.2021 00:00	54.2	54.6	53.800000000000004	54.400000000000006	435
07.07.2021 00:00	54.6	54.6	54.2	54.2	732
08.07.2021 00:00	54.400000000000006	54.400000000000006	53.6	54.0	748
09.07.2021 00:00	53.6	54.0	53.2	53.400000000000006	1476
12.07.2021 00:00	53.400000000000006	54.0	52.800000000000004	53.400000000000006	3464
13.07.2021 00:00	53.2	53.800000000000004	52.800000000000004	53.800000000000004	1174
14.07.2021 00:00	53.800000000000004	53.800000000000004	52.400000000000006	53.2	2273
15.07.2021 00:00	53.400000000000006	54.400000000000006	52.6	53.2	4657
16.07.2021 00:00	51.400000000000006	51.400000000000006	48.400000000000006	48.6	5887
19.07.2021 00:00	49.2	49.6	48.6	48.6	840
20.07.2021 00:00	49.6	49.6	47.800000000000004	48.2	285
21.07.2021 00:00	48.2	48.2	47.800000000000004	48.2	347
22.07.2021 00:00	48.2	48.2	47.6	47.800000000000004	240
23.07.2021 00:00	47.6	47.800000000000004	46.6	47.400000000000006	462
26.07.2021 00:00	47.2	48.2	47.2	47.2	243
27.07.2021 00:00	47.2	47.400000000000006	46.800000000000004	46.800000000000004	413
28.07.2021 00:00	47.2	47.6	46.6	47.6	170
29.07.2021 00:00	47.2	47.6	46.800000000000004	47.2	327
30.07.2021 00:00	47.400000000000006	47.400000000000006	46.6	46.6	388
02.08.2021 00:00	46.6	47.6	46.6	47.2	152
03.08.2021 00:00	47.400000000000006	47.400000000000006	46.6	47.400000000000006	350
04.08.2021 00:00	46.6	48.2	46.6	47.800000000000004	789
05.08.2021 00:00	47.2	48.2	47.2	47.6	195
06.08.2021 00:00	48.2	48.2	47.2	47.2	135
09.08.2021 00:00	48.800000000000004	48.800000000000004	47.2	47.400000000000006	173
10.08.2021 00:00	47.6	48.2	47.2	47.6	98
11.08.2021 00:00	47.2	48.2	47.2	47.800000000000004	100
12.08.2021 00:00	48.2	48.2	47.2	47.800000000000004	262
13.08.2021 00:00	48.2	48.2	47.2	47.6	139
16.08.2021 00:00	47.400000000000006	47.800000000000004	47.2	47.6	99
17.08.2021 00:00	47.400000000000006	47.800000000000004	47.2	47.2	201
18.08.2021 00:00	47.2	47.400000000000006	47.2	47.400000000000006	62
19.08.2021 00:00	47.400000000000006	47.400000000000006	46.800000000000004	47.2	249
20.08.2021 00:00	46.800000000000004	47.400000000000006	46.800000000000004	47.2	49
23.08.2021 00:00	47.400000000000006	47.400000000000006	46.800000000000004	47.400000000000006	32
24.08.2021 00:00	47.400000000000006	47.6	47.2	47.2	75
25.08.2021 00:00	47.400000000000006	47.400000000000006	47.2	47.400000000000006	86
26.08.2021 00:00	47.6	47.6	47.2	47.400000000000006	112
27.08.2021 00:00	47.6	47.6	47.2	47.2	233
30.08.2021 00:00	47.400000000000006	47.400000000000006	47.2	47.2	110
31.08.2021 00:00	47.6	47.800000000000004	47.2	47.6	620
01.09.2021 00:00	47.6	47.800000000000004	47.2	47.6	188
02.09.2021 00:00	47.6	47.800000000000004	47.2	47.6	318
03.09.2021 00:00	47.6	47.6	47.2	47.400000000000006	298
06.09.2021 00:00	47.6	47.6	47.2	47.6	63
07.09.2021 00:00	47.2	47.6	47.2	47.6	105
08.09.2021 00:00	47.800000000000004	47.800000000000004	47.400000000000006	47.6	89
09.09.2021 00:00	47.400000000000006	47.6	47.2	47.2	76
10.09.2021 00:00	47.2	47.2	47.2	47.2	181
13.09.2021 00:00	47.2	47.6	47.2	47.6	54
14.09.2021 00:00	47.400000000000006	47.6	47.2	47.2	145
15.09.2021 00:00	47.2	47.400000000000006	47.2	47.400000000000006	183
16.09.2021 00:00	47.400000000000006	47.6	47.2	47.6	200
17.09.2021 00:00	47.6	47.6	47.2	47.2	80
20.09.2021 00:00	48.2	48.2	46.800000000000004	47.400000000000006	420
21.09.2021 00:00	47.6	50.2	46.800000000000004	47.2	2240
22.09.2021 00:00	47.2	47.6	47.2	47.6	97
23.09.2021 00:00	47.2	47.800000000000004	47.2	47.400000000000006	84
24.09.2021 00:00	47.2	47.800000000000004	47.2	47.6	280
27.09.2021 00:00	47.400000000000006	47.800000000000004	47.2	47.400000000000006	204
28.09.2021 00:00	47.6	47.6	47.2	47.2	101
29.09.2021 00:00	47.2	47.6	47.2	47.2	210
30.09.2021 00:00	47.2	47.2	46.800000000000004	47.2	375
01.10.2021 00:00	47.2	47.6	47.2	47.2	154
04.10.2021 00:00	47.2	47.400000000000006	46.800000000000004	47.400000000000006	119
05.10.2021 00:00	47.2	47.2	47.2	47.2	38
06.10.2021 00:00	47.400000000000006	47.6	46.800000000000004	47.2	543
07.10.2021 00:00	47.2	47.6	46.800000000000004	47.2	270
08.10.2021 00:00	47.6	48.400000000000006	47.2	48.2	704
11.10.2021 00:00	48.2	48.400000000000006	47.6	48.2	180
12.10.2021 00:00	48.2	48.2	47.2	48.2	196
13.10.2021 00:00	48.2	51.800000000000004	47.800000000000004	51.6	2771
14.10.2021 00:00	51.6	53.400000000000006	49.800000000000004	50.400000000000006	2091
15.10.2021 00:00	51.2	51.2	48.800000000000004	49.400000000000006	1149
18.10.2021 00:00	49.2	50.6	48.800000000000004	50.400000000000006	714
19.10.2021 00:00	49.400000000000006	51.2	49.400000000000006	50.400000000000006	458
20.10.2021 00:00	51.2	53.0	49.800000000000004	50.6	1748
21.10.2021 00:00	50.6	51.2	49.6	50.2	663
22.10.2021 00:00	50.6	50.6	49.400000000000006	50.400000000000006	324
25.10.2021 00:00	50.6	50.800000000000004	49.800000000000004	50.2	294
26.10.2021 00:00	49.6	50.400000000000006	49.6	50.2	226
27.10.2021 00:00	50.400000000000006	50.400000000000006	49.2	49.400000000000006	165
28.10.2021 00:00	49.400000000000006	49.800000000000004	49.2	49.2	88
29.10.2021 00:00	49.2	49.6	49.2	49.400000000000006	57
01.11.2021 00:00	50.2	50.6	49.2	50.400000000000006	75
02.11.2021 00:00	50.6	50.6	49.2	49.6	517
03.11.2021 00:00	49.2	49.400000000000006	49.2	49.400000000000006	5
05.11.2021 00:00	49.2	49.400000000000006	49.2	49.2	35
08.11.2021 00:00	50.2	50.2	49.2	49.6	50
09.11.2021 00:00	49.2	49.6	48.800000000000004	49.2	315
10.11.2021 00:00	49.400000000000006	49.400000000000006	48.800000000000004	49.400000000000006	9
11.11.2021 00:00	48.6	48.800000000000004	48.400000000000006	48.800000000000004	109
12.11.2021 00:00	48.400000000000006	49.2	48.2	48.800000000000004	76
15.11.2021 00:00	48.2	48.400000000000006	47.800000000000004	48.400000000000006	248
16.11.2021 00:00	48.2	48.6	47.800000000000004	48.2	201
17.11.2021 00:00	47.800000000000004	48.400000000000006	47.6	48.2	58
18.11.2021 00:00	47.400000000000006	48.6	47.400000000000006	48.400000000000006	82
19.11.2021 00:00	47.800000000000004	48.2	46.800000000000004	47.400000000000006	999
22.11.2021 00:00	47.2	47.800000000000004	46.800000000000004	46.800000000000004	198
23.11.2021 00:00	46.800000000000004	48.2	46.800000000000004	47.800000000000004	49
24.11.2021 00:00	48.2	48.2	46.800000000000004	47.2	98
25.11.2021 00:00	48.2	48.2	47.2	47.2	83
26.11.2021 00:00	47.400000000000006	47.400000000000006	46.6	47.2	383
29.11.2021 00:00	47.800000000000004	47.800000000000004	46.2	46.6	211
30.11.2021 00:00	46.6	46.800000000000004	46.400000000000006	46.400000000000006	18
01.12.2021 00:00	46.800000000000004	47.800000000000004	46.800000000000004	47.6	50
02.12.2021 00:00	46.800000000000004	47.6	46.800000000000004	46.800000000000004	18
03.12.2021 00:00	47.400000000000006	47.400000000000006	46.800000000000004	47.2	21
06.12.2021 00:00	47.400000000000006	48.2	47.2	47.2	56
07.12.2021 00:00	47.800000000000004	47.800000000000004	46.2	46.6	319
08.12.2021 00:00	46.800000000000004	47.400000000000006	45.800000000000004	46.400000000000006	164
09.12.2021 00:00	46.2	46.800000000000004	46.2	46.800000000000004	51
10.12.2021 00:00	46.400000000000006	46.800000000000004	45.2	46.2	120
13.12.2021 00:00	47.2	47.2	44.800000000000004	46.400000000000006	206
14.12.2021 00:00	45.400000000000006	46.400000000000006	45.2	45.2	116
15.12.2021 00:00	45.6	46.400000000000006	45.6	45.800000000000004	15
16.12.2021 00:00	46.800000000000004	46.800000000000004	45.6	46.2	109
17.12.2021 00:00	45.6	46.6	45.6	46.6	5
20.12.2021 00:00	45.400000000000006	46.800000000000004	45.2	45.6	11
21.12.2021 00:00	47.2	47.2	45.6	45.6	35
22.12.2021 00:00	46.2	46.2	46.2	46.2	8
23.12.2021 00:00	45.6	47.2	45.6	46.800000000000004	27
24.12.2021 00:00	45.400000000000006	46.6	45.2	46.6	45
27.12.2021 00:00	45.800000000000004	47.6	45.800000000000004	47.2	206
28.12.2021 00:00	46.2	46.400000000000006	46.2	46.2	16
29.12.2021 00:00	46.2	46.400000000000006	45.2	46.2	130
30.12.2021 00:00	47.2	50.400000000000006	45.800000000000004	46.800000000000004	1347
03.01.2022 00:00	47.400000000000006	47.400000000000006	47.2	47.400000000000006	3
04.01.2022 00:00	47.400000000000006	48.2	47.2	48.2	68
05.01.2022 00:00	47.800000000000004	48.2	47.6	47.6	18
06.01.2022 00:00	47.2	47.800000000000004	46.800000000000004	47.800000000000004	84
10.01.2022 00:00	47.2	47.6	47.2	47.400000000000006	92
11.01.2022 00:00	47.800000000000004	47.800000000000004	47.2	47.2	33
12.01.2022 00:00	47.800000000000004	47.800000000000004	47.2	47.6	19
13.01.2022 00:00	48.2	48.2	47.2	47.2	284
14.01.2022 00:00	47.800000000000004	47.800000000000004	46.800000000000004	46.800000000000004	82
17.01.2022 00:00	47.400000000000006	47.400000000000006	45.800000000000004	46.400000000000006	171
18.01.2022 00:00	46.400000000000006	46.400000000000006	45.2	45.400000000000006	156
19.01.2022 00:00	46.6	46.6	45.800000000000004	45.800000000000004	31
20.01.2022 00:00	46.2	46.800000000000004	45.800000000000004	46.2	44
21.01.2022 00:00	46.400000000000006	46.6	45.800000000000004	46.2	22
24.01.2022 00:00	45.400000000000006	46.800000000000004	42.800000000000004	43.800000000000004	244
25.01.2022 00:00	46.2	46.2	44.800000000000004	44.800000000000004	21
26.01.2022 00:00	44.800000000000004	46.400000000000006	44.800000000000004	44.800000000000004	15
27.01.2022 00:00	46.2	46.2	45.2	45.800000000000004	20
28.01.2022 00:00	45.6	46.2	45.2	46.2	13
31.01.2022 00:00	45.800000000000004	46.800000000000004	45.800000000000004	46.6	63
01.02.2022 00:00	46.2	46.400000000000006	45.800000000000004	45.800000000000004	34
02.02.2022 00:00	46.2	46.800000000000004	45.800000000000004	46.2	38
03.02.2022 00:00	46.400000000000006	46.800000000000004	45.6	46.2	35
04.02.2022 00:00	46.2	46.2	45.800000000000004	45.800000000000004	5
07.02.2022 00:00	45.800000000000004	46.2	45.6	45.800000000000004	25
08.02.2022 00:00	45.400000000000006	46.2	45.400000000000006	45.800000000000004	8
09.02.2022 00:00	46.400000000000006	46.400000000000006	44.800000000000004	45.6	95
10.02.2022 00:00	46.2	46.2	45.2	46.2	37
11.02.2022 00:00	46.2	46.2	45.6	45.800000000000004	12
14.02.2022 00:00	45.400000000000006	46.2	45.2	45.2	38
15.02.2022 00:00	45.2	46.2	44.800000000000004	45.400000000000006	51
16.02.2022 00:00	45.2	46.2	45.2	45.400000000000006	68
17.02.2022 00:00	45.2	45.800000000000004	45.2	45.2	46
18.02.2022 00:00	45.800000000000004	45.800000000000004	44.800000000000004	45.2	114
21.02.2022 00:00	46.2	46.2	44.2	44.800000000000004	148
22.02.2022 00:00	44.2	44.2	39.800000000000004	41.800000000000004	346
24.02.2022 00:00	39.800000000000004	39.800000000000004	33.800000000000004	34.2	267
25.02.2022 00:00	39.400000000000006	39.400000000000006	32.800000000000004	34.800000000000004	720
28.03.2022 00:00	29.8	34.800000000000004	29.8	31.8	294
29.03.2022 00:00	34.800000000000004	34.800000000000004	30.0	33.800000000000004	426
30.03.2022 00:00	34.800000000000004	36.800000000000004	33.800000000000004	36.800000000000004	611
31.03.2022 00:00	36.6	39.800000000000004	35.800000000000004	39.800000000000004	388
01.04.2022 00:00	38.800000000000004	41.800000000000004	37.2	39.800000000000004	315
04.04.2022 00:00	41.800000000000004	44.800000000000004	37.800000000000004	41.2	365
05.04.2022 00:00	42.6	54.800000000000004	41.800000000000004	46.400000000000006	6681
06.04.2022 00:00	46.400000000000006	46.6	42.2	42.2	519
07.04.2022 00:00	42.2	43.800000000000004	39.800000000000004	41.6	855
08.04.2022 00:00	41.2	41.800000000000004	40.800000000000004	41.2	105
11.04.2022 00:00	40.6	41.800000000000004	40.400000000000006	40.6	228
12.04.2022 00:00	40.400000000000006	40.800000000000004	39.2	40.400000000000006	147
13.04.2022 00:00	40.400000000000006	42.2	38.2	39.400000000000006	1017
14.04.2022 00:00	39.2	39.400000000000006	38.800000000000004	39.2	67
15.04.2022 00:00	39.400000000000006	39.6	38.2	38.800000000000004	100
18.04.2022 00:00	38.2	39.6	37.2	38.6	696
19.04.2022 00:00	38.2	38.6	37.2	38.6	79
20.04.2022 00:00	38.2	39.400000000000006	38.2	39.400000000000006	34
21.04.2022 00:00	39.400000000000006	39.400000000000006	38.2	39.2	56
22.04.2022 00:00	39.2	39.2	38.6	38.800000000000004	45
25.04.2022 00:00	38.400000000000006	38.400000000000006	37.2	37.6	202
26.04.2022 00:00	37.4	38.400000000000006	37.4	37.800000000000004	20
27.04.2022 00:00	37.6	39.2	37.6	38.800000000000004	220
28.04.2022 00:00	38.2	38.800000000000004	37.6	38.2	133
29.04.2022 00:00	38.2	38.2	37.4	38.2	59
04.05.2022 00:00	37.800000000000004	38.2	37.6	37.800000000000004	27
05.05.2022 00:00	38.2	38.2	37.800000000000004	38.2	26
06.05.2022 00:00	38.2	38.2	37.800000000000004	38.2	22
11.05.2022 00:00	38.2	38.2	37.800000000000004	38.2	59
12.05.2022 00:00	38.2	38.2	37.800000000000004	37.800000000000004	151
13.05.2022 00:00	37.6	38.2	37.2	37.2	73
16.05.2022 00:00	37.4	37.6	37.2	37.6	45
17.05.2022 00:00	37.800000000000004	38.2	37.6	38.2	101
18.05.2022 00:00	38.400000000000006	38.6	38.2	38.2	43
19.05.2022 00:00	38.6	38.6	38.2	38.6	47
20.05.2022 00:00	38.800000000000004	39.6	38.400000000000006	38.400000000000006	206
23.05.2022 00:00	38.400000000000006	39.800000000000004	38.400000000000006	38.6	159
24.05.2022 00:00	39.2	39.2	37.2	37.6	443
25.05.2022 00:00	37.800000000000004	38.2	36.800000000000004	37.6	174
26.05.2022 00:00	37.6	39.6	37.2	38.6	259
27.05.2022 00:00	38.800000000000004	40.6	38.800000000000004	40.2	203
30.05.2022 00:00	40.2	40.800000000000004	38.6	39.2	160
31.05.2022 00:00	39.400000000000006	39.800000000000004	37.6	38.2	317
01.06.2022 00:00	37.6	38.2	34.800000000000004	37.800000000000004	1334
02.06.2022 00:00	37.800000000000004	37.800000000000004	37.2	37.800000000000004	98
03.06.2022 00:00	37.4	37.4	36.4	36.800000000000004	100
06.06.2022 00:00	37.2	37.6	36.2	37.2	148
07.06.2022 00:00	36.800000000000004	37.2	36.6	37.2	33
08.06.2022 00:00	37.2	37.2	37.2	37.2	15
09.06.2022 00:00	37.4	37.4	36.800000000000004	37.2	58
10.06.2022 00:00	37.2	37.2	37.2	37.2	3
14.06.2022 00:00	37.4	37.4	37.2	37.4	49
15.06.2022 00:00	37.4	37.4	37.4	37.4	4
16.06.2022 00:00	37.4	37.4	36.800000000000004	37.4	87
17.06.2022 00:00	37.4	37.4	37.2	37.4	158
20.06.2022 00:00	37.6	38.2	37.6	38.2	159
21.06.2022 00:00	38.2	38.2	37.2	37.6	139
22.06.2022 00:00	37.800000000000004	38.2	37.6	37.800000000000004	51
23.06.2022 00:00	37.800000000000004	37.800000000000004	37.2	37.6	66
24.06.2022 00:00	37.6	37.6	37.2	37.6	20
27.06.2022 00:00	37.800000000000004	37.800000000000004	37.2	37.6	114
28.06.2022 00:00	37.800000000000004	38.2	36.800000000000004	37.4	204
29.06.2022 00:00	37.4	37.4	37.2	37.4	29
30.06.2022 00:00	37.2	37.2	36.4	37.2	65
01.07.2022 00:00	37.2	37.4	35.2	37.4	274
04.07.2022 00:00	37.2	37.2	36.800000000000004	37.2	53
05.07.2022 00:00	37.4	37.4	36.800000000000004	37.2	75
06.07.2022 00:00	37.2	37.6	37.2	37.4	148
07.07.2022 00:00	37.2	37.4	36.6	37.4	102
08.07.2022 00:00	37.2	37.6	37.2	37.2	63
11.07.2022 00:00	37.4	37.4	37.2	37.2	38
12.07.2022 00:00	36.800000000000004	37.2	35.2	36.2	371
13.07.2022 00:00	36.2	37.6	36.2	37.2	194
14.07.2022 00:00	37.4	37.4	37.2	37.2	381
15.07.2022 00:00	37.2	41.800000000000004	36.2	37.2	1899
18.07.2022 00:00	36.6	37.2	35.4	36.800000000000004	395
19.07.2022 00:00	36.6	36.800000000000004	35.2	36.4	258
20.07.2022 00:00	36.4	36.4	36.2	36.2	6
21.07.2022 00:00	35.800000000000004	36.2	35.800000000000004	36.2	11
22.07.2022 00:00	36.2	36.2	36.2	36.2	10
25.07.2022 00:00	36.2	36.2	35.4	36.2	121
26.07.2022 00:00	36.2	36.4	35.6	36.4	31
27.07.2022 00:00	36.4	36.800000000000004	36.2	36.800000000000004	31
28.07.2022 00:00	36.800000000000004	37.2	36.6	36.6	12
29.07.2022 00:00	36.800000000000004	37.2	36.800000000000004	37.2	7
01.08.2022 00:00	36.800000000000004	37.2	36.800000000000004	36.800000000000004	24
02.08.2022 00:00	37.2	37.2	36.800000000000004	37.2	115
03.08.2022 00:00	36.800000000000004	37.2	36.800000000000004	37.2	14
04.08.2022 00:00	36.800000000000004	37.2	36.6	36.800000000000004	34
05.08.2022 00:00	37.2	37.2	36.4	36.6	97
08.08.2022 00:00	36.2	37.4	35.800000000000004	37.4	70
09.08.2022 00:00	36.2	37.4	36.2	37.2	35
10.08.2022 00:00	37.2	37.2	36.6	37.2	25
11.08.2022 00:00	36.6	37.2	36.4	37.2	35
12.08.2022 00:00	37.2	37.2	36.6	36.800000000000004	25
15.08.2022 00:00	37.2	37.6	35.6	36.4	111
16.08.2022 00:00	36.4	37.2	35.800000000000004	36.800000000000004	73
17.08.2022 00:00	37.2	37.4	36.800000000000004	37.4	53
18.08.2022 00:00	36.800000000000004	37.6	36.800000000000004	37.4	55
19.08.2022 00:00	37.6	37.800000000000004	37.2	37.4	116
22.08.2022 00:00	37.4	37.6	37.2	37.2	34
23.08.2022 00:00	37.6	37.6	37.2	37.4	71
24.08.2022 00:00	37.800000000000004	37.800000000000004	37.2	37.4	59
25.08.2022 00:00	37.2	37.6	36.800000000000004	37.6	174
26.08.2022 00:00	37.4	37.6	37.2	37.6	24
29.08.2022 00:00	37.800000000000004	38.800000000000004	37.2	37.800000000000004	174
30.08.2022 00:00	37.2	38.2	37.2	37.800000000000004	28
31.08.2022 00:00	38.400000000000006	38.400000000000006	37.800000000000004	38.400000000000006	28
01.09.2022 00:00	38.2	38.800000000000004	38.2	38.6	41
02.09.2022 00:00	38.2	39.2	37.2	38.800000000000004	210
05.09.2022 00:00	38.800000000000004	39.400000000000006	38.2	39.2	82
06.09.2022 00:00	39.2	39.400000000000006	38.400000000000006	39.2	192
07.09.2022 00:00	39.400000000000006	42.800000000000004	39.2	39.2	427
08.09.2022 00:00	40.2	40.2	39.2	39.2	28
09.09.2022 00:00	39.800000000000004	39.800000000000004	39.400000000000006	39.400000000000006	57
12.09.2022 00:00	39.2	39.6	38.800000000000004	39.400000000000006	123
13.09.2022 00:00	40.2	40.2	38.6	38.6	24
14.09.2022 00:00	39.2	41.2	37.4	38.6	1340
15.09.2022 00:00	38.6	39.400000000000006	38.2	38.2	148
16.09.2022 00:00	38.800000000000004	38.800000000000004	37.800000000000004	38.400000000000006	119
19.09.2022 00:00	38.800000000000004	39.2	37.800000000000004	39.2	169
20.09.2022 00:00	39.2	39.2	36.800000000000004	37.800000000000004	380
21.09.2022 00:00	36.4	37.6	35.6	36.800000000000004	173
22.09.2022 00:00	37.6	37.6	36.800000000000004	36.800000000000004	30
23.09.2022 00:00	36.800000000000004	36.800000000000004	34.800000000000004	35.4	180
26.09.2022 00:00	35.4	35.6	34.6	35.4	77
27.09.2022 00:00	34.2	35.4	32.800000000000004	33.800000000000004	160
28.09.2022 00:00	34.800000000000004	34.800000000000004	31.6	32.2	736
29.09.2022 00:00	31.8	32.800000000000004	31.8	32.2	146
30.09.2022 00:00	31.8	34.6	31.0	32.2	263
03.10.2022 00:00	32.2	32.6	31.200000000000003	31.400000000000002	127
04.10.2022 00:00	32.6	32.6	30.8	31.6	323
05.10.2022 00:00	31.8	31.8	31.200000000000003	31.8	20
06.10.2022 00:00	31.8	32.2	31.6	31.6	92
07.10.2022 00:00	32.2	32.2	31.0	31.0	193
10.10.2022 00:00	31.400000000000002	31.6	31.400000000000002	31.6	14
11.10.2022 00:00	31.6	32.2	31.200000000000003	31.8	111
12.10.2022 00:00	31.8	32.2	31.400000000000002	31.8	81
13.10.2022 00:00	32.2	32.6	32.2	32.4	163
14.10.2022 00:00	32.6	32.6	31.200000000000003	31.8	221
17.10.2022 00:00	31.8	33.2	31.8	32.6	434
18.10.2022 00:00	33.2	33.800000000000004	32.6	33.6	134
19.10.2022 00:00	33.2	33.2	31.8	32.800000000000004	145
20.10.2022 00:00	32.6	33.2	32.6	33.2	46
21.10.2022 00:00	32.6	33.2	32.4	32.800000000000004	27
24.10.2022 00:00	32.800000000000004	33.2	32.6	33.2	14
25.10.2022 00:00	33.2	34.2	32.800000000000004	33.6	600
26.10.2022 00:00	34.2	34.2	33.6	33.800000000000004	43
27.10.2022 00:00	33.2	34.2	33.2	33.6	233
28.10.2022 00:00	33.6	38.6	33.2	35.6	1610
31.10.2022 00:00	36.2	37.2	34.4	35.800000000000004	612
01.11.2022 00:00	35.4	35.800000000000004	34.800000000000004	35.6	203
02.11.2022 00:00	35.2	36.800000000000004	35.2	36.800000000000004	98
03.11.2022 00:00	36.800000000000004	37.4	35.800000000000004	37.2	101
07.11.2022 00:00	36.6	37.6	36.2	36.6	190
08.11.2022 00:00	36.800000000000004	38.2	36.6	37.6	906
09.11.2022 00:00	37.6	38.2	36.800000000000004	37.800000000000004	199
10.11.2022 00:00	37.2	37.800000000000004	37.2	37.6	159
11.11.2022 00:00	37.6	37.800000000000004	37.2	37.2	312
14.11.2022 00:00	37.6	38.2	37.4	37.800000000000004	86
15.11.2022 00:00	38.2	38.2	37.6	37.800000000000004	41
16.11.2022 00:00	37.4	38.2	37.4	38.2	32
17.11.2022 00:00	38.2	38.2	37.6	37.6	109
18.11.2022 00:00	37.6	39.400000000000006	37.6	39.400000000000006	154
21.11.2022 00:00	39.6	40.2	38.800000000000004	39.6	261
22.11.2022 00:00	39.6	40.6	39.6	40.2	198
23.11.2022 00:00	39.800000000000004	43.2	39.6	43.2	682
24.11.2022 00:00	43.2	43.800000000000004	41.2	41.800000000000004	1444
25.11.2022 00:00	41.800000000000004	42.2	41.2	41.6	86
28.11.2022 00:00	42.400000000000006	42.400000000000006	38.800000000000004	40.6	286
29.11.2022 00:00	41.2	41.2	39.800000000000004	40.2	55
30.11.2022 00:00	40.800000000000004	40.800000000000004	39.800000000000004	40.2	44
01.12.2022 00:00	40.2	40.2	39.800000000000004	40.2	85
02.12.2022 00:00	40.2	40.6	39.2	39.6	547
05.12.2022 00:00	39.6	39.6	38.800000000000004	39.2	67
06.12.2022 00:00	39.2	39.6	38.800000000000004	39.6	37
07.12.2022 00:00	39.2	39.400000000000006	39.2	39.400000000000006	26
08.12.2022 00:00	39.400000000000006	39.6	39.2	39.2	74
09.12.2022 00:00	39.400000000000006	39.400000000000006	38.800000000000004	39.2	62
12.12.2022 00:00	39.6	40.6	39.2	39.800000000000004	490
13.12.2022 00:00	40.2	40.2	37.4	39.2	608
14.12.2022 00:00	39.6	39.6	38.400000000000006	38.800000000000004	86
15.12.2022 00:00	39.400000000000006	39.400000000000006	38.6	38.800000000000004	135
16.12.2022 00:00	38.400000000000006	39.2	38.400000000000006	38.800000000000004	123
19.12.2022 00:00	39.2	39.400000000000006	37.800000000000004	38.800000000000004	357
20.12.2022 00:00	38.800000000000004	43.800000000000004	38.2	41.6	3332
21.12.2022 00:00	42.2	42.6	39.2	39.2	1587
22.12.2022 00:00	37.4	38.6	36.800000000000004	37.4	2442
23.12.2022 00:00	37.2	37.6	36.4	36.6	327
26.12.2022 00:00	36.6	36.800000000000004	35.800000000000004	36.6	651
27.12.2022 00:00	36.4	37.4	36.4	36.6	285
28.12.2022 00:00	36.800000000000004	37.6	36.800000000000004	37.6	255
29.12.2022 00:00	37.6	37.6	36.2	36.6	300
30.12.2022 00:00	36.800000000000004	36.800000000000004	36.2	36.6	45
03.01.2023 00:00	36.4	37.2	36.2	36.4	280
04.01.2023 00:00	36.4	36.800000000000004	36.2	36.6	51
05.01.2023 00:00	36.6	36.800000000000004	36.4	36.4	33
06.01.2023 00:00	36.4	36.800000000000004	36.2	36.2	49
09.01.2023 00:00	36.800000000000004	37.2	36.2	37.2	169
10.01.2023 00:00	36.800000000000004	37.2	36.4	36.800000000000004	295
11.01.2023 00:00	37.2	37.4	36.6	37.2	153
12.01.2023 00:00	37.2	37.4	36.6	37.2	232
13.01.2023 00:00	37.2	38.6	37.2	37.6	858
16.01.2023 00:00	37.2	38.2	36.800000000000004	37.800000000000004	252
17.01.2023 00:00	37.800000000000004	39.800000000000004	37.2	38.2	675
18.01.2023 00:00	37.800000000000004	38.2	37.6	38.2	658
19.01.2023 00:00	38.2	39.800000000000004	37.4	38.2	1054
20.01.2023 00:00	38.2	38.2	37.6	38.2	70
23.01.2023 00:00	37.800000000000004	39.2	37.6	38.400000000000006	261
24.01.2023 00:00	38.400000000000006	39.400000000000006	37.6	38.2	530
25.01.2023 00:00	38.400000000000006	38.6	38.2	38.2	46
26.01.2023 00:00	38.2	38.400000000000006	38.2	38.2	22
27.01.2023 00:00	38.2	38.400000000000006	38.2	38.2	127
30.01.2023 00:00	38.2	38.400000000000006	37.800000000000004	38.2	74
31.01.2023 00:00	38.400000000000006	39.6	38.2	38.6	429
01.02.2023 00:00	38.400000000000006	39.6	38.2	39.2	404
02.02.2023 00:00	39.2	39.2	38.800000000000004	39.2	97
03.02.2023 00:00	39.2	39.400000000000006	39.2	39.2	70
06.02.2023 00:00	39.400000000000006	39.6	39.2	39.2	175
07.02.2023 00:00	39.6	39.6	38.400000000000006	39.2	186
08.02.2023 00:00	38.6	42.800000000000004	38.6	42.400000000000006	1703
09.02.2023 00:00	41.6	41.6	38.6	39.6	3006
10.02.2023 00:00	39.2	39.800000000000004	39.2	39.800000000000004	173
13.02.2023 00:00	39.2	52.6	39.2	42.2	27976
14.02.2023 00:00	41.2	43.6	39.6	40.400000000000006	3170
15.02.2023 00:00	40.6	40.6	39.2	39.400000000000006	1027
16.02.2023 00:00	39.6	40.2	39.2	39.800000000000004	361
17.02.2023 00:00	39.400000000000006	46.6	39.400000000000006	40.2	11349
20.02.2023 00:00	40.2	41.6	39.6	40.2	1114
21.02.2023 00:00	40.2	41.800000000000004	39.6	40.6	733
22.02.2023 00:00	40.400000000000006	40.400000000000006	39.800000000000004	40.2	482
24.02.2023 00:00	40.2	41.800000000000004	40.2	40.2	387
27.02.2023 00:00	40.2	42.2	39.6	40.6	1197
28.02.2023 00:00	40.800000000000004	42.2	40.2	41.400000000000006	523
01.03.2023 00:00	41.2	42.400000000000006	40.6	41.6	272
02.03.2023 00:00	41.6	42.2	40.400000000000006	40.400000000000006	259
03.03.2023 00:00	41.2	42.2	40.6	41.6	293
06.03.2023 00:00	42.2	44.2	41.2	42.800000000000004	1340
07.03.2023 00:00	43.6	43.6	41.800000000000004	42.400000000000006	253
09.03.2023 00:00	43.400000000000006	43.6	41.6	42.800000000000004	526
10.03.2023 00:00	42.6	43.800000000000004	41.2	42.2	616
13.03.2023 00:00	41.6	42.400000000000006	41.2	41.400000000000006	244
14.03.2023 00:00	42.400000000000006	42.400000000000006	41.2	42.2	65
15.03.2023 00:00	42.2	42.400000000000006	41.400000000000006	41.6	93
16.03.2023 00:00	41.6	42.2	41.400000000000006	42.2	104
17.03.2023 00:00	41.6	42.2	41.2	41.6	161
20.03.2023 00:00	42.2	42.6	41.6	41.800000000000004	227
21.03.2023 00:00	41.800000000000004	42.400000000000006	41.6	42.2	85
22.03.2023 00:00	42.2	42.6	41.2	41.800000000000004	212
23.03.2023 00:00	41.800000000000004	42.2	41.800000000000004	42.2	23
24.03.2023 00:00	41.800000000000004	46.2	41.2	45.2	5969
27.03.2023 00:00	45.6	49.6	44.400000000000006	49.2	4885
28.03.2023 00:00	49.2	49.400000000000006	45.2	47.800000000000004	1559
29.03.2023 00:00	47.400000000000006	48.6	45.2	47.2	6487
30.03.2023 00:00	46.400000000000006	47.2	46.2	47.2	710
31.03.2023 00:00	47.2	47.2	46.2	46.400000000000006	731
03.04.2023 00:00	46.6	46.6	45.6	46.400000000000006	510
04.04.2023 00:00	50.6	50.6	45.800000000000004	48.6	2771
05.04.2023 00:00	47.800000000000004	50.400000000000006	46.800000000000004	47.400000000000006	1601
06.04.2023 00:00	48.2	48.2	47.2	47.400000000000006	129
07.04.2023 00:00	48.2	54.2	46.2	46.800000000000004	10948
10.04.2023 00:00	47.400000000000006	49.6	45.6	49.400000000000006	3334
11.04.2023 00:00	48.400000000000006	50.2	46.800000000000004	48.2	9442
12.04.2023 00:00	47.2	48.2	47.2	48.2	811
13.04.2023 00:00	48.2	48.2	47.400000000000006	48.2	265
14.04.2023 00:00	48.2	48.2	47.400000000000006	48.2	285
17.04.2023 00:00	47.2	51.800000000000004	46.800000000000004	47.800000000000004	11573
18.04.2023 00:00	48.2	48.400000000000006	47.400000000000006	47.800000000000004	761
19.04.2023 00:00	48.2	48.2	47.2	47.800000000000004	558
20.04.2023 00:00	47.6	47.800000000000004	46.6	47.400000000000006	881
21.04.2023 00:00	47.2	48.2	47.2	48.2	568
24.04.2023 00:00	47.800000000000004	48.2	47.6	48.2	1016
25.04.2023 00:00	47.800000000000004	49.800000000000004	47.800000000000004	48.800000000000004	3186
26.04.2023 00:00	49.6	49.6	47.6	49.2	1087
27.04.2023 00:00	50.2	50.2	48.2	48.800000000000004	1365
28.04.2023 00:00	48.800000000000004	50.6	45.6	48.2	2102
02.05.2023 00:00	48.2	48.2	46.2	46.6	918
03.05.2023 00:00	46.800000000000004	49.800000000000004	44.400000000000006	46.2	2647
04.05.2023 00:00	46.400000000000006	47.800000000000004	45.800000000000004	46.800000000000004	309
05.05.2023 00:00	46.6	47.2	45.800000000000004	46.2	186
08.05.2023 00:00	46.2	50.6	45.400000000000006	45.800000000000004	1235
10.05.2023 00:00	47.2	47.6	45.800000000000004	47.2	454
11.05.2023 00:00	47.2	50.2	46.800000000000004	48.800000000000004	985
12.05.2023 00:00	48.400000000000006	49.2	47.6	48.2	99
15.05.2023 00:00	48.6	49.2	47.800000000000004	48.2	311
16.05.2023 00:00	48.2	48.6	47.800000000000004	48.400000000000006	185
17.05.2023 00:00	48.400000000000006	49.6	48.2	49.6	845
18.05.2023 00:00	50.2	50.2	47.400000000000006	48.2	1377
19.05.2023 00:00	47.800000000000004	49.2	47.6	48.400000000000006	731
22.05.2023 00:00	48.800000000000004	49.2	47.6	48.2	368
23.05.2023 00:00	48.2	48.6	47.800000000000004	48.2	61
24.05.2023 00:00	48.2	49.400000000000006	47.800000000000004	48.6	185
25.05.2023 00:00	48.6	49.400000000000006	48.2	48.400000000000006	157
26.05.2023 00:00	48.400000000000006	49.6	48.400000000000006	48.800000000000004	498
29.05.2023 00:00	48.6	53.800000000000004	48.400000000000006	51.800000000000004	3083
30.05.2023 00:00	51.6	52.0	48.6	50.2	1986
31.05.2023 00:00	49.400000000000006	50.6	49.2	49.800000000000004	434
01.06.2023 00:00	51.400000000000006	54.800000000000004	50.800000000000004	53.800000000000004	11281
02.06.2023 00:00	53.800000000000004	53.800000000000004	51.400000000000006	53.400000000000006	3218
05.06.2023 00:00	53.6	54.400000000000006	52.800000000000004	53.800000000000004	1105
06.06.2023 00:00	54.2	54.800000000000004	50.2	52.800000000000004	1609
07.06.2023 00:00	52.800000000000004	53.400000000000006	52.2	53.2	400
08.06.2023 00:00	53.2	54.800000000000004	52.800000000000004	52.800000000000004	772
09.06.2023 00:00	53.6	54.800000000000004	52.400000000000006	53.6	1436
13.06.2023 00:00	53.6	55.0	52.2	55.0	1644
14.06.2023 00:00	55.0	55.0	54.0	54.800000000000004	1567
15.06.2023 00:00	54.6	54.800000000000004	51.400000000000006	54.400000000000006	2520
16.06.2023 00:00	55.0	55.400000000000006	54.0	54.800000000000004	1112
19.06.2023 00:00	54.400000000000006	56.400000000000006	54.400000000000006	55.2	1584
20.06.2023 00:00	55.2	58.800000000000004	54.400000000000006	57.800000000000004	4523
21.06.2023 00:00	58.0	59.400000000000006	55.2	57.800000000000004	2997
22.06.2023 00:00	57.800000000000004	59.6	56.2	58.800000000000004	1632
23.06.2023 00:00	58.6	59.800000000000004	55.2	58.6	2798
26.06.2023 00:00	58.6	59.2	55.2	57.800000000000004	1477
27.06.2023 00:00	58.2	58.2	56.6	58.0	942
28.06.2023 00:00	58.0	61.2	57.2	59.2	4147
29.06.2023 00:00	60.400000000000006	63.400000000000006	56.800000000000004	60.0	5219
30.06.2023 00:00	58.800000000000004	61.800000000000004	57.800000000000004	59.400000000000006	3794
03.07.2023 00:00	60.0	63.400000000000006	57.6	63.400000000000006	4857
04.07.2023 00:00	63.400000000000006	63.6	60.2	62.2	3142
05.07.2023 00:00	61.400000000000006	62.800000000000004	58.800000000000004	61.2	3564
06.07.2023 00:00	61.2	61.400000000000006	59.0	59.400000000000006	1529
07.07.2023 00:00	61.0	61.0	59.0	59.400000000000006	976
10.07.2023 00:00	59.6	61.400000000000006	58.800000000000004	60.6	4406
11.07.2023 00:00	61.2	64.0	60.6	63.400000000000006	18445
12.07.2023 00:00	63.400000000000006	73.0	62.0	65.8	58362
13.07.2023 00:00	72.4	72.4	62.800000000000004	65.60000000000001	43563
14.07.2023 00:00	60.2	63.0	60.2	62.0	28895
17.07.2023 00:00	61.6	63.0	60.400000000000006	60.6	8595
18.07.2023 00:00	60.0	61.0	59.2	59.400000000000006	12580
19.07.2023 00:00	60.0	61.0	57.400000000000006	59.0	9296
20.07.2023 00:00	59.0	60.400000000000006	57.800000000000004	58.6	5388
21.07.2023 00:00	58.6	59.6	58.6	59.2	2227
24.07.2023 00:00	59.2	59.800000000000004	57.800000000000004	59.400000000000006	5175
25.07.2023 00:00	59.400000000000006	59.800000000000004	59.0	59.2	2544
26.07.2023 00:00	59.6	59.800000000000004	58.2	59.6	3879
27.07.2023 00:00	59.6	61.6	58.800000000000004	60.6	10355
28.07.2023 00:00	60.6	62.6	59.0	60.400000000000006	11029
31.07.2023 00:00	60.6	60.800000000000004	59.400000000000006	60.400000000000006	2059
01.08.2023 00:00	60.400000000000006	60.400000000000006	59.800000000000004	59.800000000000004	2573
02.08.2023 00:00	60.2	60.6	59.800000000000004	59.800000000000004	6736
03.08.2023 00:00	60.2	60.400000000000006	59.400000000000006	60.0	5941
04.08.2023 00:00	60.2	60.2	59.0	59.2	6378
07.08.2023 00:00	59.400000000000006	62.800000000000004	59.2	60.6	9541
08.08.2023 00:00	61.400000000000006	62.400000000000006	60.2	62.2	16466
09.08.2023 00:00	63.800000000000004	70.0	61.0	67.60000000000001	110951
10.08.2023 00:00	69.8	71.4	59.800000000000004	62.400000000000006	40762
11.08.2023 00:00	63.400000000000006	63.400000000000006	60.2	62.2	4942
14.08.2023 00:00	63.400000000000006	63.400000000000006	60.0	60.0	15252
15.08.2023 00:00	61.0	61.2	58.400000000000006	60.2	7658
16.08.2023 00:00	60.2	60.6	56.400000000000006	58.0	16139
17.08.2023 00:00	58.2	58.800000000000004	56.0	57.6	4364
18.08.2023 00:00	57.6	58.6	55.800000000000004	57.800000000000004	3508
21.08.2023 00:00	58.400000000000006	60.2	58.2	60.2	7205
22.08.2023 00:00	60.2	61.2	59.6	61.2	8726
23.08.2023 00:00	61.2	62.0	59.0	59.800000000000004	5797
24.08.2023 00:00	59.800000000000004	60.800000000000004	59.0	60.400000000000006	9170
25.08.2023 00:00	61.0	61.2	59.800000000000004	60.6	4047
28.08.2023 00:00	60.6	61.400000000000006	58.800000000000004	60.400000000000006	9746
29.08.2023 00:00	60.6	65.4	60.0	60.6	44567
30.08.2023 00:00	63.400000000000006	63.400000000000006	59.6	60.800000000000004	13239
31.08.2023 00:00	60.800000000000004	61.400000000000006	59.6	60.6	9447
01.09.2023 00:00	61.2	61.2	60.0	60.2	8199
04.09.2023 00:00	60.6	62.6	60.400000000000006	61.2	14766
05.09.2023 00:00	61.800000000000004	62.0	59.6	60.6	17742
06.09.2023 00:00	60.800000000000004	61.0	58.800000000000004	60.0	13080
07.09.2023 00:00	59.800000000000004	61.0	55.800000000000004	57.6	12769
08.09.2023 00:00	57.800000000000004	58.6	55.400000000000006	57.400000000000006	7433
11.09.2023 00:00	57.800000000000004	59.6	57.0	59.0	4778
12.09.2023 00:00	59.0	59.400000000000006	57.800000000000004	59.0	2158
13.09.2023 00:00	59.2	59.400000000000006	56.400000000000006	57.0	9137
14.09.2023 00:00	57.0	57.0	50.400000000000006	54.400000000000006	8505
15.09.2023 00:00	54.2	56.2	53.800000000000004	55.800000000000004	2517
18.09.2023 00:00	55.800000000000004	58.400000000000006	55.6	57.2	4881
19.09.2023 00:00	57.0	57.400000000000006	52.800000000000004	54.6	4153
20.09.2023 00:00	55.800000000000004	55.800000000000004	50.400000000000006	51.400000000000006	9602
21.09.2023 00:00	51.400000000000006	51.6	48.800000000000004	49.2	4667
22.09.2023 00:00	49.400000000000006	52.6	48.2	51.400000000000006	5942
25.09.2023 00:00	51.400000000000006	52.6	50.400000000000006	51.400000000000006	2218
26.09.2023 00:00	52.0	52.0	50.800000000000004	50.800000000000004	1387
27.09.2023 00:00	50.800000000000004	53.0	50.800000000000004	52.0	1976
28.09.2023 00:00	52.2	52.6	51.6	52.0	822
29.09.2023 00:00	52.400000000000006	52.800000000000004	50.800000000000004	51.400000000000006	4047
02.10.2023 00:00	51.6	52.0	51.400000000000006	52.0	832
03.10.2023 00:00	52.0	52.0	50.800000000000004	51.2	1597
04.10.2023 00:00	51.2	51.6	50.400000000000006	51.2	1204
05.10.2023 00:00	51.400000000000006	51.6	50.2	51.6	1165
06.10.2023 00:00	51.6	52.400000000000006	50.2	51.2	1797
09.10.2023 00:00	51.2	52.0	51.2	51.6	649
10.10.2023 00:00	51.6	51.800000000000004	50.800000000000004	51.800000000000004	1073
11.10.2023 00:00	51.800000000000004	52.0	51.400000000000006	51.800000000000004	784
12.10.2023 00:00	51.400000000000006	52.6	50.2	51.6	3158
13.10.2023 00:00	51.400000000000006	52.2	50.800000000000004	52.0	982
16.10.2023 00:00	51.800000000000004	52.400000000000006	51.6	52.2	1375
17.10.2023 00:00	52.2	54.0	52.2	52.6	4561
18.10.2023 00:00	53.2	54.400000000000006	52.2	52.6	2938
19.10.2023 00:00	52.6	52.6	51.800000000000004	52.400000000000006	763
20.10.2023 00:00	52.6	53.2	52.0	52.800000000000004	729
23.10.2023 00:00	52.800000000000004	53.400000000000006	52.400000000000006	52.6	587
24.10.2023 00:00	52.6	53.0	50.800000000000004	52.0	1692
25.10.2023 00:00	52.0	54.6	52.0	53.800000000000004	2803
26.10.2023 00:00	54.2	55.0	51.800000000000004	52.0	5139
27.10.2023 00:00	52.0	52.2	50.400000000000006	51.800000000000004	1550
30.10.2023 00:00	52.2	52.2	51.2	51.800000000000004	587
31.10.2023 00:00	51.400000000000006	51.800000000000004	50.6	51.400000000000006	1438
01.11.2023 00:00	51.2	52.400000000000006	50.800000000000004	51.400000000000006	1160
02.11.2023 00:00	51.400000000000006	51.800000000000004	51.2	51.2	670
03.11.2023 00:00	51.400000000000006	51.800000000000004	50.800000000000004	51.800000000000004	483
06.11.2023 00:00	51.400000000000006	51.6	51.2	51.6	380
07.11.2023 00:00	51.6	52.400000000000006	51.2	51.800000000000004	474
08.11.2023 00:00	51.800000000000004	54.800000000000004	51.400000000000006	52.6	2710
09.11.2023 00:00	53.0	54.2	52.800000000000004	53.6	1273
10.11.2023 00:00	53.2	53.2	50.800000000000004	51.400000000000006	1687
13.11.2023 00:00	51.2	51.400000000000006	50.2	50.6	1786
14.11.2023 00:00	50.400000000000006	50.400000000000006	45.2	47.800000000000004	4257
15.11.2023 00:00	46.2	50.400000000000006	45.400000000000006	48.800000000000004	3277
16.11.2023 00:00	48.800000000000004	51.800000000000004	47.800000000000004	50.2	5212
17.11.2023 00:00	50.800000000000004	55.2	50.2	50.800000000000004	20743
20.11.2023 00:00	50.800000000000004	51.2	50.2	50.800000000000004	766
21.11.2023 00:00	50.800000000000004	51.2	49.800000000000004	50.2	2898
22.11.2023 00:00	50.2	50.2	48.800000000000004	49.2	1867
23.11.2023 00:00	49.6	49.6	48.2	48.800000000000004	1402
24.11.2023 00:00	48.6	48.800000000000004	47.6	48.400000000000006	1080
27.11.2023 00:00	48.400000000000006	48.6	44.6	45.800000000000004	9203
28.11.2023 00:00	45.2	49.800000000000004	45.2	48.6	5253
29.11.2023 00:00	48.2	49.2	47.2	47.800000000000004	740
30.11.2023 00:00	48.2	48.2	42.400000000000006	44.800000000000004	9534
01.12.2023 00:00	44.800000000000004	45.2	43.6	44.6	1698
04.12.2023 00:00	44.2	44.2	42.800000000000004	43.6	1157
05.12.2023 00:00	43.800000000000004	43.800000000000004	39.6	43.2	5343
06.12.2023 00:00	43.2	43.6	40.6	42.2	2804
07.12.2023 00:00	41.400000000000006	43.2	39.800000000000004	41.800000000000004	4359
08.12.2023 00:00	42.6	43.800000000000004	42.2	43.6	848
11.12.2023 00:00	43.2	44.2	42.6	43.400000000000006	788
12.12.2023 00:00	42.6	43.400000000000006	41.6	43.2	482
13.12.2023 00:00	42.6	43.6	42.2	43.400000000000006	178
14.12.2023 00:00	43.6	44.800000000000004	42.6	42.800000000000004	1269
15.12.2023 00:00	42.800000000000004	43.800000000000004	41.2	43.2	4619
18.12.2023 00:00	43.800000000000004	44.800000000000004	42.800000000000004	44.2	2614
19.12.2023 00:00	44.400000000000006	49.2	44.2	45.800000000000004	4670
20.12.2023 00:00	45.2	46.6	43.6	44.6	5319
21.12.2023 00:00	45.2	46.2	44.400000000000006	45.2	1205
22.12.2023 00:00	45.2	45.2	44.2	44.800000000000004	1203
25.12.2023 00:00	44.800000000000004	45.2	43.2	44.6	4297
26.12.2023 00:00	44.6	45.800000000000004	43.6	44.2	1675
27.12.2023 00:00	44.2	44.400000000000006	43.400000000000006	43.800000000000004	974
28.12.2023 00:00	44.2	44.2	42.800000000000004	43.2	2827
29.12.2023 00:00	44.2	44.2	42.800000000000004	43.2	1425
03.01.2024 00:00	43.2	45.800000000000004	43.2	44.800000000000004	2315
04.01.2024 00:00	45.2	45.800000000000004	44.800000000000004	45.2	2219
05.01.2024 00:00	45.6	46.6	44.400000000000006	46.2	4433
08.01.2024 00:00	46.2	48.6	45.2	47.400000000000006	6309
09.01.2024 00:00	47.400000000000006	48.400000000000006	46.800000000000004	47.800000000000004	1517
10.01.2024 00:00	47.800000000000004	49.6	47.800000000000004	48.2	1762
11.01.2024 00:00	48.6	49.400000000000006	47.2	48.2	1757
12.01.2024 00:00	48.2	49.2	48.2	48.800000000000004	1458
15.01.2024 00:00	49.2	51.400000000000006	48.400000000000006	50.2	4651
16.01.2024 00:00	50.2	50.2	48.6	48.800000000000004	2081
17.01.2024 00:00	49.2	50.2	49.2	49.6	1462
18.01.2024 00:00	49.800000000000004	51.2	49.400000000000006	49.400000000000006	1612
19.01.2024 00:00	49.6	51.2	49.6	49.800000000000004	835
22.01.2024 00:00	49.800000000000004	50.800000000000004	49.6	50.2	1173
23.01.2024 00:00	50.2	50.6	49.6	50.2	813
24.01.2024 00:00	50.2	51.800000000000004	49.400000000000006	49.800000000000004	4338
25.01.2024 00:00	50.400000000000006	50.400000000000006	49.2	49.6	1515
26.01.2024 00:00	49.6	49.800000000000004	48.800000000000004	49.6	1359
29.01.2024 00:00	49.800000000000004	51.2	49.2	49.6	1637
30.01.2024 00:00	50.2	50.6	49.400000000000006	49.400000000000006	1731
31.01.2024 00:00	49.6	49.800000000000004	49.2	49.6	464
01.02.2024 00:00	49.6	50.2	49.400000000000006	49.800000000000004	896
02.02.2024 00:00	50.2	50.2	49.400000000000006	49.400000000000006	555
05.02.2024 00:00	49.400000000000006	50.2	48.2	49.800000000000004	3056
06.02.2024 00:00	49.800000000000004	49.800000000000004	49.400000000000006	49.6	294
07.02.2024 00:00	49.6	50.2	49.400000000000006	49.6	864
08.02.2024 00:00	49.800000000000004	50.2	49.400000000000006	49.800000000000004	1574
09.02.2024 00:00	49.6	50.2	48.800000000000004	49.400000000000006	1519
12.02.2024 00:00	49.6	51.2	49.6	50.2	1681
13.02.2024 00:00	50.400000000000006	50.800000000000004	50.2	50.400000000000006	860
14.02.2024 00:00	50.400000000000006	50.800000000000004	50.2	50.2	903
15.02.2024 00:00	50.2	50.800000000000004	49.800000000000004	50.2	1027
16.02.2024 00:00	50.400000000000006	51.800000000000004	50.2	50.800000000000004	1766
19.02.2024 00:00	51.2	51.800000000000004	50.2	50.800000000000004	1032
20.02.2024 00:00	51.2	51.2	50.2	50.2	820
21.02.2024 00:00	50.2	50.2	48.6	48.6	2707
22.02.2024 00:00	48.800000000000004	49.800000000000004	48.800000000000004	49.6	1330
26.02.2024 00:00	49.800000000000004	53.6	49.800000000000004	51.6	3363
27.02.2024 00:00	51.6	53.400000000000006	50.2	50.800000000000004	1773
28.02.2024 00:00	50.400000000000006	51.2	49.400000000000006	50.800000000000004	960
29.02.2024 00:00	50.400000000000006	52.6	50.400000000000006	51.6	760
01.03.2024 00:00	51.800000000000004	52.0	51.400000000000006	51.800000000000004	204
04.03.2024 00:00	51.800000000000004	52.2	51.6	51.800000000000004	929
05.03.2024 00:00	51.800000000000004	51.800000000000004	50.800000000000004	51.400000000000006	601
06.03.2024 00:00	51.6	51.6	50.6	51.2	987
07.03.2024 00:00	51.2	51.2	50.400000000000006	50.400000000000006	421
11.03.2024 00:00	50.800000000000004	51.2	49.800000000000004	50.2	1232
12.03.2024 00:00	50.2	50.2	48.800000000000004	50.2	1355
13.03.2024 00:00	49.6	51.2	49.6	50.2	3706
14.03.2024 00:00	50.400000000000006	50.400000000000006	48.800000000000004	49.6	1698
15.03.2024 00:00	49.6	50.2	49.400000000000006	49.800000000000004	761
18.03.2024 00:00	49.6	50.400000000000006	49.400000000000006	49.800000000000004	923
19.03.2024 00:00	49.800000000000004	50.2	48.6	49.2	1437
20.03.2024 00:00	49.2	49.800000000000004	48.6	48.800000000000004	1759
21.03.2024 00:00	49.2	49.800000000000004	49.2	49.2	1581
22.03.2024 00:00	49.6	49.6	49.2	49.400000000000006	2067
25.03.2024 00:00	49.400000000000006	49.6	49.2	49.400000000000006	1232
26.03.2024 00:00	49.6	50.6	49.400000000000006	50.2	3522
27.03.2024 00:00	50.400000000000006	50.800000000000004	49.800000000000004	49.800000000000004	2709
28.03.2024 00:00	50.2	50.800000000000004	49.800000000000004	50.400000000000006	1470
29.03.2024 00:00	50.400000000000006	51.2	50.2	50.2	1074
01.04.2024 00:00	50.2	51.800000000000004	50.2	51.400000000000006	2616
02.04.2024 00:00	51.2	51.800000000000004	51.2	51.6	1728
03.04.2024 00:00	51.400000000000006	51.800000000000004	51.2	51.400000000000006	1489
04.04.2024 00:00	51.400000000000006	53.0	50.800000000000004	51.2	1556
05.04.2024 00:00	51.2	51.6	50.800000000000004	51.2	413
08.04.2024 00:00	51.400000000000006	52.0	51.2	51.400000000000006	617
09.04.2024 00:00	51.2	51.400000000000006	50.800000000000004	51.2	569
10.04.2024 00:00	51.2	52.800000000000004	51.2	52.0	2834
11.04.2024 00:00	52.800000000000004	52.800000000000004	51.2	52.800000000000004	4651
12.04.2024 00:00	52.800000000000004	53.0	52.400000000000006	52.800000000000004	203
15.04.2024 00:00	53.0	55.2	52.0	53.400000000000006	5641
16.04.2024 00:00	53.2	54.800000000000004	53.0	53.800000000000004	1382
17.04.2024 00:00	54.2	54.400000000000006	52.400000000000006	52.6	1079
18.04.2024 00:00	52.6	53.0	51.800000000000004	51.800000000000004	1415
19.04.2024 00:00	52.400000000000006	53.6	50.2	52.0	4230
22.04.2024 00:00	52.0	58.2	51.6	57.0	19691
23.04.2024 00:00	57.0	57.400000000000006	55.2	56.0	4462
24.04.2024 00:00	56.6	58.0	55.800000000000004	57.0	5361
25.04.2024 00:00	57.0	58.6	57.0	57.800000000000004	4319
26.04.2024 00:00	57.800000000000004	58.0	55.6	56.2	2092
27.04.2024 00:00	56.6	56.800000000000004	54.800000000000004	54.800000000000004	1045
29.04.2024 00:00	55.2	55.2	54.6	54.800000000000004	62
30.04.2024 00:00	54.6	57.800000000000004	54.400000000000006	56.400000000000006	1582
02.05.2024 00:00	56.2	56.800000000000004	55.800000000000004	56.2	476
03.05.2024 00:00	56.2	56.2	54.0	54.6	919
06.05.2024 00:00	54.800000000000004	54.800000000000004	54.0	54.0	465
07.05.2024 00:00	54.400000000000006	57.800000000000004	54.400000000000006	56.800000000000004	7933
08.05.2024 00:00	56.6	56.800000000000004	55.6	56.0	1087
10.05.2024 00:00	56.2	57.0	55.800000000000004	57.0	854
13.05.2024 00:00	56.400000000000006	57.0	56.0	56.2	1373
14.05.2024 00:00	56.6	57.400000000000006	55.800000000000004	57.0	1308
15.05.2024 00:00	57.0	57.400000000000006	56.6	56.6	909
16.05.2024 00:00	56.6	59.0	55.0	56.800000000000004	4912
17.05.2024 00:00	56.800000000000004	60.0	55.2	59.800000000000004	13850
20.05.2024 00:00	59.0	59.800000000000004	58.0	59.400000000000006	7993
21.05.2024 00:00	59.400000000000006	59.6	57.0	57.6	1770
22.05.2024 00:00	57.800000000000004	58.800000000000004	57.2	58.400000000000006	707
23.05.2024 00:00	58.400000000000006	58.6	57.800000000000004	58.2	306
24.05.2024 00:00	58.0	58.6	54.800000000000004	55.2	3008
27.05.2024 00:00	55.400000000000006	59.2	53.2	55.6	3753
28.05.2024 00:00	55.6	56.6	53.400000000000006	54.2	4449
29.05.2024 00:00	54.2	54.400000000000006	52.800000000000004	53.2	1636
30.05.2024 00:00	53.6	54.0	53.2	53.6	666
31.05.2024 00:00	53.800000000000004	54.0	50.2	51.800000000000004	3343
03.06.2024 00:00	52.800000000000004	52.800000000000004	49.800000000000004	50.800000000000004	2762
04.06.2024 00:00	51.6	53.6	50.2	53.2	1286
05.06.2024 00:00	53.6	55.400000000000006	52.400000000000006	53.0	1578
06.06.2024 00:00	53.2	53.400000000000006	51.6	52.2	1237
07.06.2024 00:00	52.2	55.0	52.0	54.6	1448
10.06.2024 00:00	54.6	54.800000000000004	53.800000000000004	54.2	905
11.06.2024 00:00	54.400000000000006	54.400000000000006	52.0	53.6	2283
13.06.2024 00:00	52.400000000000006	53.400000000000006	51.2	53.400000000000006	1116
14.06.2024 00:00	53.400000000000006	55.400000000000006	53.400000000000006	55.0	1371
17.06.2024 00:00	55.0	55.6	53.2	55.0	1580
18.06.2024 00:00	55.2	55.400000000000006	53.400000000000006	54.6	1174
19.06.2024 00:00	55.0	55.6	53.6	53.6	1523
20.06.2024 00:00	55.0	55.2	53.400000000000006	54.2	491
21.06.2024 00:00	54.2	54.400000000000006	52.800000000000004	53.400000000000006	831
24.06.2024 00:00	53.6	54.0	52.800000000000004	53.400000000000006	532
25.06.2024 00:00	53.2	55.800000000000004	53.0	54.0	2627
26.06.2024 00:00	54.2	54.800000000000004	54.0	54.800000000000004	589
27.06.2024 00:00	54.400000000000006	54.800000000000004	54.0	54.400000000000006	506
28.06.2024 00:00	54.6	54.800000000000004	53.800000000000004	54.6	1026
01.07.2024 00:00	54.6	54.800000000000004	54.0	54.6	453
02.07.2024 00:00	54.6	56.800000000000004	54.6	56.2	2073
03.07.2024 00:00	56.2	57.0	55.800000000000004	55.800000000000004	1584
04.07.2024 00:00	56.400000000000006	57.800000000000004	55.800000000000004	57.0	4651
05.07.2024 00:00	57.400000000000006	57.800000000000004	56.400000000000006	57.6	3243
08.07.2024 00:00	57.6	57.800000000000004	55.2	56.6	4048
09.07.2024 00:00	57.2	57.2	55.6	55.6	3503
10.07.2024 00:00	56.2	56.800000000000004	53.800000000000004	53.800000000000004	1305
11.07.2024 00:00	54.0	56.6	53.6	55.6	3506
12.07.2024 00:00	55.6	57.400000000000006	55.400000000000006	56.400000000000006	14476
15.07.2024 00:00	50.800000000000004	51.2	46.400000000000006	47.2	20553
16.07.2024 00:00	47.6	47.800000000000004	46.800000000000004	47.2	2724
17.07.2024 00:00	47.2	49.6	47.2	48.800000000000004	3117
18.07.2024 00:00	48.800000000000004	49.2	48.2	48.800000000000004	1310
19.07.2024 00:00	48.6	53.0	48.2	48.6	4780
22.07.2024 00:00	48.800000000000004	49.2	48.400000000000006	49.2	459
23.07.2024 00:00	48.800000000000004	49.2	48.400000000000006	48.400000000000006	241
24.07.2024 00:00	48.6	49.2	48.6	49.2	221
25.07.2024 00:00	48.800000000000004	49.2	48.6	48.800000000000004	194
26.07.2024 00:00	48.6	48.800000000000004	47.800000000000004	48.2	1321
29.07.2024 00:00	48.2	49.2	47.400000000000006	48.800000000000004	1630
30.07.2024 00:00	48.800000000000004	57.400000000000006	48.6	56.800000000000004	22206
31.07.2024 00:00	56.800000000000004	57.6	52.400000000000006	53.0	3138
01.08.2024 00:00	53.0	55.6	52.2	52.6	1961
02.08.2024 00:00	52.6	53.2	50.2	51.400000000000006	1366
05.08.2024 00:00	50.800000000000004	52.2	49.6	52.0	910
06.08.2024 00:00	52.2	55.2	52.2	54.0	1530
07.08.2024 00:00	54.0	55.6	51.2	52.400000000000006	2864
08.08.2024 00:00	52.400000000000006	53.0	51.800000000000004	52.2	1022
09.08.2024 00:00	52.2	53.0	51.800000000000004	52.400000000000006	370
12.08.2024 00:00	52.800000000000004	53.0	51.400000000000006	51.800000000000004	484
13.08.2024 00:00	51.6	52.2	51.400000000000006	51.6	368
14.08.2024 00:00	51.6	52.6	51.2	51.800000000000004	693
15.08.2024 00:00	51.800000000000004	52.0	50.2	51.2	1310
16.08.2024 00:00	50.800000000000004	51.2	50.2	50.6	463
19.08.2024 00:00	50.400000000000006	50.800000000000004	50.2	50.800000000000004	341
20.08.2024 00:00	50.6	51.2	50.400000000000006	51.2	154
21.08.2024 00:00	51.2	51.2	49.6	50.2	410
22.08.2024 00:00	50.400000000000006	50.6	49.2	50.400000000000006	844
23.08.2024 00:00	50.2	50.2	49.2	49.2	448
26.08.2024 00:00	49.2	50.400000000000006	49.2	50.400000000000006	183
27.08.2024 00:00	50.2	50.400000000000006	49.2	49.800000000000004	282
28.08.2024 00:00	49.800000000000004	49.800000000000004	49.2	49.400000000000006	210
29.08.2024 00:00	50.2	50.2	49.800000000000004	50.2	224
30.08.2024 00:00	50.2	50.400000000000006	49.400000000000006	49.800000000000004	217
02.09.2024 00:00	49.800000000000004	50.2	47.6	48.2	832
03.09.2024 00:00	48.2	49.2	47.6	47.6	844
04.09.2024 00:00	48.2	49.400000000000006	48.2	48.800000000000004	386
05.09.2024 00:00	48.800000000000004	49.400000000000006	47.800000000000004	48.400000000000006	442
06.09.2024 00:00	48.400000000000006	49.2	48.400000000000006	48.400000000000006	123
09.09.2024 00:00	48.6	49.800000000000004	48.400000000000006	49.2	435
10.09.2024 00:00	49.400000000000006	49.6	48.2	48.6	460
11.09.2024 00:00	48.6	50.800000000000004	47.800000000000004	48.800000000000004	979
12.09.2024 00:00	48.800000000000004	49.400000000000006	48.6	48.6	113
13.09.2024 00:00	48.800000000000004	50.2	48.2	50.2	511
16.09.2024 00:00	50.2	50.2	49.2	49.6	313
17.09.2024 00:00	49.400000000000006	50.6	49.2	50.2	667
18.09.2024 00:00	50.2	51.2	49.400000000000006	50.6	326
19.09.2024 00:00	50.6	51.400000000000006	50.400000000000006	51.2	214
20.09.2024 00:00	51.2	51.800000000000004	51.2	51.400000000000006	207
23.09.2024 00:00	51.800000000000004	53.0	51.400000000000006	52.2	474
24.09.2024 00:00	52.800000000000004	52.800000000000004	52.2	52.2	248
25.09.2024 00:00	52.2	52.800000000000004	50.800000000000004	51.400000000000006	265
26.09.2024 00:00	51.2	51.2	49.6	51.2	379
27.09.2024 00:00	50.800000000000004	51.2	50.800000000000004	50.800000000000004	100
30.09.2024 00:00	51.2	51.6	50.2	50.800000000000004	351
01.10.2024 00:00	50.2	50.800000000000004	46.800000000000004	48.800000000000004	1760
02.10.2024 00:00	49.2	50.800000000000004	49.2	49.800000000000004	248
03.10.2024 00:00	51.2	51.2	49.400000000000006	50.400000000000006	177
04.10.2024 00:00	50.400000000000006	51.6	50.400000000000006	50.800000000000004	365
07.10.2024 00:00	50.800000000000004	51.800000000000004	50.800000000000004	50.800000000000004	282
08.10.2024 00:00	51.2	51.2	50.400000000000006	50.400000000000006	211
09.10.2024 00:00	50.800000000000004	51.2	49.400000000000006	49.800000000000004	134
10.10.2024 00:00	50.2	50.2	48.2	49.2	156
11.10.2024 00:00	49.800000000000004	50.2	48.800000000000004	49.800000000000004	98
14.10.2024 00:00	49.800000000000004	50.6	49.800000000000004	50.2	50
15.10.2024 00:00	50.2	50.400000000000006	49.800000000000004	50.2	125
16.10.2024 00:00	49.800000000000004	50.400000000000006	49.800000000000004	50.400000000000006	58
17.10.2024 00:00	50.400000000000006	50.400000000000006	49.800000000000004	49.800000000000004	131
18.10.2024 00:00	49.800000000000004	50.400000000000006	49.800000000000004	49.800000000000004	126
21.10.2024 00:00	49.800000000000004	50.2	49.400000000000006	50.2	210
22.10.2024 00:00	49.800000000000004	50.6	49.800000000000004	50.2	86
23.10.2024 00:00	50.2	50.2	47.400000000000006	50.2	642
24.10.2024 00:00	50.400000000000006	50.400000000000006	49.800000000000004	50.2	727
25.10.2024 00:00	50.400000000000006	51.2	49.2	49.2	381
28.10.2024 00:00	49.2	49.2	48.2	48.2	666
29.10.2024 00:00	48.6	54.0	48.6	51.2	3006
30.10.2024 00:00	51.2	53.400000000000006	51.2	51.6	436
31.10.2024 00:00	51.400000000000006	52.0	51.400000000000006	51.400000000000006	65
01.11.2024 00:00	51.400000000000006	51.400000000000006	50.400000000000006	50.800000000000004	218
02.11.2024 00:00	50.800000000000004	50.800000000000004	49.6	49.6	135
05.11.2024 00:00	49.6	50.800000000000004	49.6	49.800000000000004	282
06.11.2024 00:00	50.6	50.800000000000004	50.2	50.2	62
07.11.2024 00:00	50.2	50.2	48.800000000000004	49.2	523
08.11.2024 00:00	49.2	49.400000000000006	48.800000000000004	49.2	293
11.11.2024 00:00	49.2	49.2	48.2	48.800000000000004	726
12.11.2024 00:00	48.800000000000004	49.2	48.6	48.800000000000004	308
13.11.2024 00:00	49.2	49.2	48.6	48.800000000000004	122
14.11.2024 00:00	49.2	49.400000000000006	48.6	48.6	653
15.11.2024 00:00	48.6	49.2	48.2	48.400000000000006	202
18.11.2024 00:00	48.800000000000004	49.2	46.800000000000004	48.400000000000006	1306
19.11.2024 00:00	47.800000000000004	49.6	47.2	48.800000000000004	594
20.11.2024 00:00	48.2	48.800000000000004	47.6	48.6	447
21.11.2024 00:00	48.800000000000004	48.800000000000004	48.2	48.6	253
22.11.2024 00:00	48.6	48.800000000000004	47.2	47.6	713
25.11.2024 00:00	48.400000000000006	48.800000000000004	45.2	47.2	1820
26.11.2024 00:00	47.6	48.800000000000004	47.400000000000006	48.800000000000004	1140
27.11.2024 00:00	48.800000000000004	48.800000000000004	47.2	47.400000000000006	515
28.11.2024 00:00	48.2	48.800000000000004	47.2	47.2	478
29.11.2024 00:00	47.800000000000004	48.400000000000006	47.400000000000006	48.2	160
02.12.2024 00:00	47.800000000000004	48.400000000000006	47.400000000000006	48.2	198
03.12.2024 00:00	48.2	48.2	47.6	47.6	39
04.12.2024 00:00	47.800000000000004	48.2	47.6	47.800000000000004	113
05.12.2024 00:00	48.2	48.2	47.6	48.2	98
06.12.2024 00:00	47.800000000000004	48.2	47.6	48.2	92
09.12.2024 00:00	47.800000000000004	48.2	46.2	47.6	9060
10.12.2024 00:00	47.800000000000004	48.2	47.400000000000006	47.800000000000004	111
11.12.2024 00:00	47.800000000000004	48.2	47.400000000000006	47.800000000000004	31
12.12.2024 00:00	47.800000000000004	47.800000000000004	47.2	47.2	88
13.12.2024 00:00	47.400000000000006	49.2	46.2	47.2	2827
16.12.2024 00:00	47.2	47.2	46.2	46.400000000000006	173
17.12.2024 00:00	46.400000000000006	46.6	46.2	46.400000000000006	43
18.12.2024 00:00	46.6	47.2	46.6	46.800000000000004	111
19.12.2024 00:00	46.800000000000004	47.6	46.800000000000004	47.2	595
20.12.2024 00:00	47.2	48.6	46.6	46.6	14600
23.12.2024 00:00	47.2	47.800000000000004	46.400000000000006	46.6	13838
24.12.2024 00:00	47.2	49.2	46.400000000000006	47.800000000000004	8344
25.12.2024 00:00	48.2	48.800000000000004	47.6	48.2	778
26.12.2024 00:00	48.6	49.6	48.2	48.800000000000004	3238
27.12.2024 00:00	48.800000000000004	49.2	47.800000000000004	48.400000000000006	215
28.12.2024 00:00	48.400000000000006	48.800000000000004	48.2	48.400000000000006	212
30.12.2024 00:00	48.400000000000006	49.6	48.400000000000006	49.6	1354
03.01.2025 00:00	49.6	50.2	49.2	50.2	689
06.01.2025 00:00	49.6	50.800000000000004	49.6	50.6	519
08.01.2025 00:00	50.400000000000006	51.6	50.400000000000006	51.400000000000006	835
09.01.2025 00:00	51.400000000000006	51.400000000000006	49.2	50.6	1609
10.01.2025 00:00	50.2	51.800000000000004	50.2	51.6	502
13.01.2025 00:00	51.6	52.6	51.2	51.800000000000004	1189
14.01.2025 00:00	52.0	52.400000000000006	51.6	51.800000000000004	374
15.01.2025 00:00	51.6	52.2	51.400000000000006	52.2	359
16.01.2025 00:00	52.2	52.6	51.400000000000006	51.6	433
17.01.2025 00:00	51.6	52.0	51.2	51.6	204
20.01.2025 00:00	51.400000000000006	52.0	50.800000000000004	51.800000000000004	397
21.01.2025 00:00	51.800000000000004	51.800000000000004	50.800000000000004	51.400000000000006	230
22.01.2025 00:00	51.400000000000006	52.2	51.2	51.6	403
23.01.2025 00:00	51.800000000000004	52.6	51.400000000000006	52.400000000000006	1000
24.01.2025 00:00	52.2	55.2	52.2	55.2	1473
27.01.2025 00:00	55.0	55.800000000000004	52.6	54.800000000000004	2147
28.01.2025 00:00	54.800000000000004	54.800000000000004	50.2	53.2	3550
29.01.2025 00:00	53.2	53.400000000000006	52.6	53.0	159
30.01.2025 00:00	52.800000000000004	53.2	52.400000000000006	53.0	434
31.01.2025 00:00	53.0	53.400000000000006	52.400000000000006	53.400000000000006	206
03.02.2025 00:00	53.400000000000006	53.400000000000006	52.400000000000006	52.400000000000006	231
04.02.2025 00:00	52.400000000000006	52.800000000000004	51.400000000000006	52.400000000000006	655
05.02.2025 00:00	51.800000000000004	53.2	51.800000000000004	53.0	153
06.02.2025 00:00	53.0	54.6	53.0	54.6	356
07.02.2025 00:00	54.6	54.6	52.6	53.2	1378
10.02.2025 00:00	53.0	53.6	52.6	53.2	306
11.02.2025 00:00	53.2	53.800000000000004	53.2	53.2	58
12.02.2025 00:00	53.2	54.6	52.0	52.2	1079
13.02.2025 00:00	53.0	54.800000000000004	52.800000000000004	53.6	443
14.02.2025 00:00	53.2	53.800000000000004	52.2	52.6	951
17.02.2025 00:00	52.6	55.400000000000006	52.2	54.800000000000004	1527
18.02.2025 00:00	54.400000000000006	54.400000000000006	52.0	52.800000000000004	779
19.02.2025 00:00	52.6	53.2	52.400000000000006	53.2	243
20.02.2025 00:00	53.2	53.2	52.400000000000006	53.2	285
21.02.2025 00:00	53.2	53.800000000000004	52.400000000000006	53.2	453
24.02.2025 00:00	53.2	53.800000000000004	52.800000000000004	53.400000000000006	310
25.02.2025 00:00	53.6	55.400000000000006	52.800000000000004	53.2	1160
26.02.2025 00:00	53.2	54.2	53.2	54.0	362
27.02.2025 00:00	53.800000000000004	54.800000000000004	53.2	53.6	771
28.02.2025 00:00	53.400000000000006	53.800000000000004	52.6	53.0	716
03.03.2025 00:00	52.800000000000004	53.800000000000004	52.800000000000004	53.400000000000006	370
04.03.2025 00:00	53.2	54.2	53.0	54.0	534
05.03.2025 00:00	53.800000000000004	54.400000000000006	53.6	54.0	206
06.03.2025 00:00	53.800000000000004	54.0	53.2	53.6	135
07.03.2025 00:00	53.400000000000006	53.6	52.800000000000004	53.2	278
10.03.2025 00:00	53.400000000000006	53.6	53.2	53.400000000000006	138
11.03.2025 00:00	53.0	53.6	52.800000000000004	53.400000000000006	407
12.03.2025 00:00	53.6	53.6	52.800000000000004	53.2	236
13.03.2025 00:00	53.2	53.400000000000006	52.400000000000006	52.800000000000004	270
14.03.2025 00:00	53.0	54.2	52.800000000000004	53.2	602
17.03.2025 00:00	53.400000000000006	53.800000000000004	53.2	53.400000000000006	818
18.03.2025 00:00	53.800000000000004	54.800000000000004	53.6	54.0	706
19.03.2025 00:00	54.2	54.400000000000006	53.800000000000004	54.0	134
20.03.2025 00:00	54.0	54.800000000000004	53.400000000000006	53.6	453
21.03.2025 00:00	53.400000000000006	54.0	53.2	53.400000000000006	112
24.03.2025 00:00	53.6	54.400000000000006	53.400000000000006	53.6	256
25.03.2025 00:00	54.0	54.6	53.400000000000006	53.6	527
26.03.2025 00:00	53.6	53.800000000000004	53.2	53.6	136
27.03.2025 00:00	53.400000000000006	53.400000000000006	53.2	53.2	28
28.03.2025 00:00	53.2	53.2	52.6	52.800000000000004	128
31.03.2025 00:00	52.6	52.800000000000004	50.800000000000004	51.2	445
01.04.2025 00:00	51.6	52.800000000000004	51.6	52.2	167
02.04.2025 00:00	51.800000000000004	54.400000000000006	51.2	53.6	520
03.04.2025 00:00	53.800000000000004	53.800000000000004	50.400000000000006	51.6	1524
04.04.2025 00:00	52.2	52.2	50.800000000000004	50.800000000000004	156
07.04.2025 00:00	50.6	51.2	47.6	47.6	749
08.04.2025 00:00	49.2	50.2	47.800000000000004	50.2	404
09.04.2025 00:00	51.800000000000004	51.800000000000004	48.2	48.2	460
10.04.2025 00:00	51.400000000000006	51.400000000000006	48.400000000000006	49.800000000000004	193
11.04.2025 00:00	51.2	51.800000000000004	49.2	51.6	240
14.04.2025 00:00	50.6	52.400000000000006	50.2	51.400000000000006	1113
15.04.2025 00:00	51.2	51.400000000000006	50.800000000000004	51.2	79
16.04.2025 00:00	51.6	52.0	51.2	52.0	72
17.04.2025 00:00	51.6	52.2	51.6	51.800000000000004	56
18.04.2025 00:00	51.6	51.6	51.2	51.2	67
21.04.2025 00:00	51.400000000000006	51.6	50.800000000000004	51.400000000000006	336
22.04.2025 00:00	51.6	51.800000000000004	51.2	51.2	169
23.04.2025 00:00	51.2	51.6	51.2	51.6	27
24.04.2025 00:00	51.6	52.2	51.2	51.2	83
25.04.2025 00:00	51.400000000000006	52.800000000000004	51.400000000000006	52.0	792
28.04.2025 00:00	52.0	52.0	49.6	50.400000000000006	765
29.04.2025 00:00	50.400000000000006	50.6	49.800000000000004	50.6	208
30.04.2025 00:00	50.2	50.2	49.6	49.800000000000004	162
02.05.2025 00:00	49.400000000000006	50.2	49.2	49.800000000000004	84
05.05.2025 00:00	50.2	50.2	49.2	49.2	352
06.05.2025 00:00	49.2	50.2	49.2	49.2	156
07.05.2025 00:00	49.6	50.400000000000006	49.400000000000006	49.400000000000006	140
08.05.2025 00:00	50.400000000000006	51.2	49.400000000000006	50.6	193
12.05.2025 00:00	50.2	51.400000000000006	49.400000000000006	49.6	1085
13.05.2025 00:00	49.6	50.2	49.6	50.2	90
14.05.2025 00:00	49.6	50.6	49.6	50.6	193
15.05.2025 00:00	50.6	50.6	50.2	50.2	263
16.05.2025 00:00	50.6	50.6	49.400000000000006	50.2	134
19.05.2025 00:00	50.2	50.2	49.2	49.2	421
20.05.2025 00:00	49.400000000000006	49.6	49.2	49.400000000000006	131
21.05.2025 00:00	49.6	51.400000000000006	48.800000000000004	48.800000000000004	593
22.05.2025 00:00	49.2	50.2	49.2	49.6	166
