datetime	open	high	low	close	volume
07.03.2018 00:00	2.46	2.46	2.45	2.46	80
09.03.2018 00:00	2.43	2.43	2.35	2.35	190
13.03.2018 00:00	2.37	2.39	2.33	2.33	960
14.03.2018 00:00	2.35	2.37	2.33	2.37	50
16.03.2018 00:00	2.22	2.35	1.8900000000000001	2.2800000000000002	590
19.03.2018 00:00	2.31	2.33	2.31	2.31	20
20.03.2018 00:00	2.2800000000000002	2.29	2.2	2.29	590
21.03.2018 00:00	2.2800000000000002	2.31	2.22	2.29	460
22.03.2018 00:00	2.29	2.31	2.2800000000000002	2.31	20
23.03.2018 00:00	2.2800000000000002	2.2800000000000002	2.22	2.24	170
26.03.2018 00:00	2.24	2.29	2.24	2.2600000000000002	30
27.03.2018 00:00	2.2800000000000002	2.2800000000000002	2.2800000000000002	2.2800000000000002	10
28.03.2018 00:00	2.2800000000000002	2.29	2.2800000000000002	2.29	20
29.03.2018 00:00	2.24	2.2800000000000002	2.24	2.2600000000000002	30
02.04.2018 00:00	2.22	2.24	2.22	2.24	20
03.04.2018 00:00	2.2	2.31	2.2	2.31	60
04.04.2018 00:00	2.29	2.29	2.2600000000000002	2.2600000000000002	350
05.04.2018 00:00	2.2800000000000002	2.33	2.2600000000000002	2.29	220
06.04.2018 00:00	2.29	2.33	2.2	2.29	560
09.04.2018 00:00	2.31	2.31	2.2	2.22	100
10.04.2018 00:00	2.2	2.2800000000000002	2.2	2.2800000000000002	100
11.04.2018 00:00	2.2800000000000002	2.35	2.2800000000000002	2.2800000000000002	70
12.04.2018 00:00	2.24	2.2800000000000002	2.24	2.2800000000000002	110
13.04.2018 00:00	2.33	2.35	2.2800000000000002	2.33	360
16.04.2018 00:00	2.14	2.35	2.08	2.25	130
17.04.2018 00:00	2.24	2.35	2.22	2.35	100
18.04.2018 00:00	2.24	2.25	2.2	2.2	220
19.04.2018 00:00	2.14	2.2600000000000002	2.1	2.24	1430
20.04.2018 00:00	2.24	2.25	2.24	2.25	30
23.04.2018 00:00	2.2600000000000002	2.31	2.2600000000000002	2.2800000000000002	20
24.04.2018 00:00	2.31	2.31	2.29	2.31	10
25.04.2018 00:00	2.29	2.29	2.16	2.2600000000000002	470
27.04.2018 00:00	2.14	2.2800000000000002	2.12	2.16	1300
28.04.2018 00:00	2.2	2.2800000000000002	2.12	2.16	170
30.04.2018 00:00	2.12	2.12	2.12	2.12	10
02.05.2018 00:00	2.18	2.24	2.12	2.2	40
03.05.2018 00:00	2.14	2.2800000000000002	2.06	2.2	680
04.05.2018 00:00	2.14	2.2800000000000002	2.12	2.24	140
07.05.2018 00:00	2.18	2.35	2.16	2.22	40
08.05.2018 00:00	2.16	2.35	2.14	2.22	1180
10.05.2018 00:00	2.31	2.31	2.2	2.31	10
14.05.2018 00:00	2.29	2.29	2.14	2.14	160
15.05.2018 00:00	2.14	2.25	2.12	2.18	150
16.05.2018 00:00	2.18	2.29	2.18	2.25	1850
17.05.2018 00:00	2.29	2.29	2.24	2.29	10
18.05.2018 00:00	2.18	2.24	2.18	2.2	40
22.05.2018 00:00	2.12	2.12	2.12	2.12	40
23.05.2018 00:00	2.2	2.37	2.2	2.2	10
24.05.2018 00:00	2.14	2.41	2.14	2.25	1220
25.05.2018 00:00	2.35	2.37	2.1	2.12	1330
28.05.2018 00:00	2.39	2.39	2.24	2.31	130
29.05.2018 00:00	2.39	2.39	2.2800000000000002	2.29	1340
30.05.2018 00:00	2.29	2.29	2.29	2.29	40
31.05.2018 00:00	2.31	2.31	2.31	2.31	10
01.06.2018 00:00	2.2800000000000002	2.2800000000000002	2.2800000000000002	2.2800000000000002	10
04.06.2018 00:00	2.25	2.25	2.25	2.25	20
05.06.2018 00:00	2.25	2.25	2.25	2.25	10
06.06.2018 00:00	2.24	2.2600000000000002	2.22	2.2600000000000002	160
07.06.2018 00:00	2.2800000000000002	2.2800000000000002	2.2800000000000002	2.2800000000000002	10
11.06.2018 00:00	2.29	2.29	2.29	2.29	400
14.06.2018 00:00	2.31	2.31	2.2	2.2	260
18.06.2018 00:00	2.16	2.22	2.12	2.18	480
19.06.2018 00:00	2.18	2.18	2.18	2.18	10
20.06.2018 00:00	2.12	2.12	2.12	2.12	10
21.06.2018 00:00	2.16	2.16	2.06	2.16	70
22.06.2018 00:00	2.24	2.24	2.16	2.24	220
25.06.2018 00:00	2.14	2.25	2.14	2.25	30
27.06.2018 00:00	2.14	2.2	2.08	2.14	220
28.06.2018 00:00	2.16	2.16	2.1	2.1	30
29.06.2018 00:00	2.06	2.12	2.06	2.12	110
02.07.2018 00:00	2.06	2.1	2.04	2.06	360
03.07.2018 00:00	2.08	2.1	2.08	2.1	40
04.07.2018 00:00	2.1	2.1	2.1	2.1	20
06.07.2018 00:00	2.0	2.08	1.99	1.99	610
09.07.2018 00:00	2.04	2.04	1.99	1.99	120
10.07.2018 00:00	1.99	2.0	1.98	1.98	70
11.07.2018 00:00	2.0300000000000002	2.1	1.99	2.06	480
12.07.2018 00:00	2.1	2.1	2.04	2.08	130
13.07.2018 00:00	2.08	2.08	2.08	2.08	40
16.07.2018 00:00	1.94	2.1	1.94	2.1	160
17.07.2018 00:00	2.12	2.12	2.06	2.1	30
19.07.2018 00:00	2.08	2.08	1.99	2.0300000000000002	450
20.07.2018 00:00	1.99	2.0300000000000002	1.99	2.0300000000000002	40
23.07.2018 00:00	1.99	1.99	1.97	1.97	50
24.07.2018 00:00	1.99	1.99	1.9100000000000001	1.9100000000000001	210
25.07.2018 00:00	1.97	1.97	1.83	1.83	190
26.07.2018 00:00	1.87	1.93	1.87	1.8900000000000001	90
27.07.2018 00:00	1.8900000000000001	1.9100000000000001	1.8900000000000001	1.9100000000000001	80
30.07.2018 00:00	1.94	1.99	1.8900000000000001	1.94	90
31.07.2018 00:00	1.99	1.99	1.98	1.98	20
01.08.2018 00:00	1.9100000000000001	1.93	1.9100000000000001	1.93	30
08.08.2018 00:00	1.87	1.8900000000000001	1.81	1.8900000000000001	150
10.08.2018 00:00	1.8900000000000001	1.9100000000000001	1.81	1.8900000000000001	260
13.08.2018 00:00	1.83	1.8900000000000001	1.83	1.8900000000000001	30
14.08.2018 00:00	1.9100000000000001	1.9100000000000001	1.85	1.85	360
15.08.2018 00:00	1.83	1.8900000000000001	1.81	1.87	130
17.08.2018 00:00	1.8900000000000001	1.8900000000000001	1.8900000000000001	1.8900000000000001	10
21.08.2018 00:00	1.8900000000000001	1.9100000000000001	1.8900000000000001	1.9100000000000001	30
22.08.2018 00:00	1.93	1.93	1.9100000000000001	1.9100000000000001	370
23.08.2018 00:00	1.9100000000000001	1.94	1.9100000000000001	1.93	140
31.08.2018 00:00	1.93	1.94	1.93	1.94	20
03.09.2018 00:00	1.94	1.95	1.94	1.95	20
06.09.2018 00:00	1.95	1.95	1.95	1.95	10
07.09.2018 00:00	1.98	1.99	1.9100000000000001	1.99	350
10.09.2018 00:00	1.9100000000000001	2.0100000000000002	1.9100000000000001	1.98	350
11.09.2018 00:00	1.9100000000000001	2.1	1.9100000000000001	2.08	360
12.09.2018 00:00	2.14	2.14	2.14	2.14	10
17.09.2018 00:00	2.12	2.2	2.12	2.16	130
18.09.2018 00:00	2.2800000000000002	2.39	2.08	2.22	580
19.09.2018 00:00	2.29	2.29	1.99	2.14	700
20.09.2018 00:00	2.1	2.22	2.1	2.18	160
21.09.2018 00:00	2.22	2.22	2.06	2.14	450
24.09.2018 00:00	2.14	2.14	2.06	2.08	60
25.09.2018 00:00	2.08	2.08	1.97	2.06	510
26.09.2018 00:00	2.04	2.04	1.94	1.94	290
27.09.2018 00:00	2.06	2.12	1.78	1.99	3260
28.09.2018 00:00	2.1	2.1	1.87	2.02	440
01.10.2018 00:00	1.98	1.98	1.98	1.98	10
02.10.2018 00:00	2.0300000000000002	2.08	2.0300000000000002	2.06	50
03.10.2018 00:00	2.06	2.2	2.0100000000000002	2.14	1890
04.10.2018 00:00	2.25	2.25	2.0100000000000002	2.08	290
08.10.2018 00:00	2.02	2.02	2.02	2.02	20
09.10.2018 00:00	2.14	2.39	2.0	2.08	390
10.10.2018 00:00	2.0300000000000002	2.06	2.0100000000000002	2.06	50
11.10.2018 00:00	1.98	2.02	1.93	2.02	80
12.10.2018 00:00	2.08	2.2600000000000002	2.04	2.18	2800
15.10.2018 00:00	2.2	2.29	2.14	2.2800000000000002	1300
16.10.2018 00:00	2.39	2.39	2.16	2.18	200
17.10.2018 00:00	2.18	2.2800000000000002	2.18	2.2	970
18.10.2018 00:00	2.2600000000000002	2.2600000000000002	2.2600000000000002	2.2600000000000002	10
19.10.2018 00:00	2.18	2.22	2.18	2.2	280
22.10.2018 00:00	2.22	2.39	2.12	2.2	710
23.10.2018 00:00	2.06	2.2800000000000002	2.02	2.2	610
24.10.2018 00:00	2.2800000000000002	2.2800000000000002	2.08	2.18	260
25.10.2018 00:00	2.25	2.25	2.16	2.16	20
26.10.2018 00:00	2.2800000000000002	2.33	2.1	2.14	250
29.10.2018 00:00	2.14	2.18	2.14	2.18	30
01.11.2018 00:00	2.2800000000000002	2.2800000000000002	2.18	2.18	320
02.11.2018 00:00	2.0100000000000002	2.16	2.0100000000000002	2.16	60
06.11.2018 00:00	2.16	2.16	1.98	2.1	680
07.11.2018 00:00	2.0100000000000002	2.24	2.0100000000000002	2.22	650
08.11.2018 00:00	2.18	2.2600000000000002	2.1	2.22	40
09.11.2018 00:00	2.24	2.24	2.24	2.24	10
13.11.2018 00:00	2.1	2.2	2.1	2.14	150
14.11.2018 00:00	2.24	2.56	2.2	2.25	4140
15.11.2018 00:00	2.22	2.2800000000000002	2.14	2.22	180
16.11.2018 00:00	2.16	2.2	2.16	2.2	30
19.11.2018 00:00	2.12	2.14	2.1	2.1	180
20.11.2018 00:00	2.1	2.12	2.1	2.1	70
21.11.2018 00:00	2.1	2.1	2.1	2.1	60
22.11.2018 00:00	2.1	2.1	2.1	2.1	10
27.11.2018 00:00	2.12	2.12	2.12	2.12	50
28.11.2018 00:00	2.14	2.14	2.12	2.14	500
29.11.2018 00:00	2.12	2.12	2.12	2.12	10
03.12.2018 00:00	2.08	2.08	2.08	2.08	10
04.12.2018 00:00	2.16	2.16	2.16	2.16	10
05.12.2018 00:00	2.2	2.2	2.06	2.14	50
07.12.2018 00:00	2.14	2.18	2.14	2.18	70
10.12.2018 00:00	2.2	2.2	2.2	2.2	240
11.12.2018 00:00	2.24	2.24	2.14	2.24	810
12.12.2018 00:00	2.25	2.41	2.25	2.39	1060
13.12.2018 00:00	2.41	2.66	2.39	2.49	2140
14.12.2018 00:00	2.54	2.89	2.37	2.5100000000000002	2010
17.12.2018 00:00	2.5300000000000002	2.89	2.5300000000000002	2.7	1230
18.12.2018 00:00	2.66	2.74	2.6	2.71	1870
19.12.2018 00:00	2.79	2.8000000000000003	2.7	2.79	1100
20.12.2018 00:00	2.89	2.89	2.6	2.7	1250
21.12.2018 00:00	2.74	2.7800000000000002	2.66	2.66	400
24.12.2018 00:00	2.91	2.95	2.74	2.74	100
25.12.2018 00:00	2.5300000000000002	2.7600000000000002	2.5100000000000002	2.75	730
26.12.2018 00:00	2.8000000000000003	3.18	2.7800000000000002	3.18	990
27.12.2018 00:00	3.18	3.25	2.89	3.04	400
28.12.2018 00:00	3.1	3.1	2.89	2.99	660
29.12.2018 00:00	2.97	3.49	2.93	3.24	2590
03.01.2019 00:00	3.2	3.35	2.93	2.99	900
04.01.2019 00:00	2.91	3.16	2.87	2.95	1070
08.01.2019 00:00	2.91	2.97	2.89	2.97	550
09.01.2019 00:00	2.97	2.97	2.83	2.96	70
10.01.2019 00:00	2.91	2.97	2.85	2.93	760
14.01.2019 00:00	2.85	2.85	2.79	2.8000000000000003	190
15.01.2019 00:00	2.72	2.95	2.71	2.95	80
16.01.2019 00:00	2.81	2.85	2.7800000000000002	2.85	60
17.01.2019 00:00	2.85	2.85	2.79	2.79	50
18.01.2019 00:00	2.64	2.85	2.64	2.85	70
21.01.2019 00:00	2.85	2.85	2.79	2.79	720
22.01.2019 00:00	2.75	2.85	2.7	2.74	490
23.01.2019 00:00	2.85	2.89	2.74	2.87	520
24.01.2019 00:00	2.7	2.83	2.68	2.83	910
25.01.2019 00:00	2.74	2.83	2.74	2.74	650
28.01.2019 00:00	2.95	2.95	2.66	2.79	4070
29.01.2019 00:00	2.83	2.95	2.74	2.87	640
30.01.2019 00:00	2.71	2.87	2.35	2.62	440
31.01.2019 00:00	2.62	2.72	2.6	2.7	140
01.02.2019 00:00	2.66	2.7	2.64	2.64	70
04.02.2019 00:00	2.81	2.97	2.64	2.7800000000000002	850
05.02.2019 00:00	2.95	2.95	2.71	2.79	60
06.02.2019 00:00	2.91	2.91	2.83	2.83	90
08.02.2019 00:00	2.7	2.7	2.7	2.7	190
11.02.2019 00:00	2.64	2.7800000000000002	2.64	2.7800000000000002	20
13.02.2019 00:00	2.64	2.68	2.62	2.68	70
14.02.2019 00:00	2.64	2.74	2.6	2.6	30
15.02.2019 00:00	2.6	2.83	2.6	2.7600000000000002	30
18.02.2019 00:00	2.56	2.7	2.54	2.7	180
19.02.2019 00:00	2.66	2.66	2.39	2.58	190
20.02.2019 00:00	2.6	2.66	2.43	2.43	190
21.02.2019 00:00	2.5100000000000002	2.56	2.49	2.56	80
22.02.2019 00:00	2.35	2.72	2.35	2.72	700
25.02.2019 00:00	2.58	2.79	2.58	2.7600000000000002	160
26.02.2019 00:00	2.79	2.83	2.66	2.74	110
27.02.2019 00:00	2.66	2.91	2.66	2.7	100
28.02.2019 00:00	2.8000000000000003	3.75	2.6	2.8000000000000003	4540
01.03.2019 00:00	2.7600000000000002	2.93	2.62	2.93	1360
04.03.2019 00:00	2.95	3.0100000000000002	2.74	2.85	360
05.03.2019 00:00	2.85	2.99	2.85	2.97	250
06.03.2019 00:00	3.0300000000000002	3.12	2.7	2.89	2510
07.03.2019 00:00	2.81	3.0	2.7600000000000002	2.99	330
11.03.2019 00:00	2.85	3.06	2.85	2.93	240
12.03.2019 00:00	3.1	3.1	2.93	3.0300000000000002	90
13.03.2019 00:00	3.06	3.47	2.96	3.0300000000000002	5480
14.03.2019 00:00	2.97	2.97	2.81	2.83	690
15.03.2019 00:00	2.87	3.02	2.79	2.89	480
18.03.2019 00:00	2.87	2.89	2.87	2.89	100
19.03.2019 00:00	2.89	2.96	2.85	2.87	220
20.03.2019 00:00	2.93	3.35	2.93	3.04	1810
21.03.2019 00:00	3.2	3.2	2.93	2.95	580
22.03.2019 00:00	3.0100000000000002	3.2800000000000002	2.95	2.96	1870
25.03.2019 00:00	2.99	3.08	2.89	2.89	1020
26.03.2019 00:00	2.93	2.96	2.83	2.96	370
27.03.2019 00:00	2.85	2.85	2.85	2.85	50
28.03.2019 00:00	2.7800000000000002	2.93	2.7	2.93	130
29.03.2019 00:00	2.74	3.04	2.74	2.89	180
01.04.2019 00:00	2.74	3.06	2.66	2.89	830
02.04.2019 00:00	2.89	2.95	2.89	2.95	20
03.04.2019 00:00	2.96	2.96	2.87	2.87	40
04.04.2019 00:00	2.85	2.85	2.85	2.85	20
05.04.2019 00:00	2.83	3.2	2.83	2.89	900
08.04.2019 00:00	3.04	3.04	2.91	2.91	30
10.04.2019 00:00	2.99	3.04	2.99	3.04	590
11.04.2019 00:00	3.08	3.08	3.08	3.08	50
12.04.2019 00:00	2.97	2.97	2.97	2.97	10
15.04.2019 00:00	3.04	3.04	2.87	3.0300000000000002	500
16.04.2019 00:00	2.93	2.93	2.91	2.93	80
17.04.2019 00:00	2.91	2.91	2.89	2.89	30
19.04.2019 00:00	2.87	2.87	2.87	2.87	10
22.04.2019 00:00	2.87	2.87	2.74	2.7600000000000002	120
23.04.2019 00:00	2.95	2.95	2.66	2.83	1010
24.04.2019 00:00	2.58	2.79	2.58	2.7800000000000002	430
25.04.2019 00:00	2.7600000000000002	2.7800000000000002	2.7	2.7	60
26.04.2019 00:00	2.6	2.74	2.58	2.7	740
29.04.2019 00:00	2.66	2.87	2.64	2.68	630
30.04.2019 00:00	2.66	2.7800000000000002	2.66	2.7	520
02.05.2019 00:00	2.95	2.95	2.6	2.7800000000000002	60
03.05.2019 00:00	2.66	2.7	2.6	2.68	190
06.05.2019 00:00	2.66	2.7	2.66	2.7	30
07.05.2019 00:00	2.7	2.87	2.68	2.7800000000000002	950
08.05.2019 00:00	2.72	2.7600000000000002	2.7	2.71	350
14.05.2019 00:00	2.68	2.83	2.68	2.74	370
15.05.2019 00:00	2.74	2.74	2.74	2.74	20
16.05.2019 00:00	2.81	2.85	2.81	2.85	110
17.05.2019 00:00	2.83	2.85	2.74	2.83	1780
20.05.2019 00:00	2.85	2.85	2.6	2.74	200
22.05.2019 00:00	2.7800000000000002	2.7800000000000002	2.7800000000000002	2.7800000000000002	10
23.05.2019 00:00	2.83	2.83	2.74	2.7800000000000002	1030
24.05.2019 00:00	2.7600000000000002	2.7600000000000002	2.74	2.74	1040
27.05.2019 00:00	2.7	2.81	2.7	2.74	3020
28.05.2019 00:00	2.85	2.85	2.74	2.7800000000000002	920
29.05.2019 00:00	2.81	2.85	2.79	2.79	90
03.06.2019 00:00	2.71	2.91	2.62	2.68	510
04.06.2019 00:00	2.66	2.87	2.66	2.87	80
05.06.2019 00:00	2.8000000000000003	2.8000000000000003	2.75	2.7800000000000002	40
06.06.2019 00:00	2.7	2.79	2.68	2.68	240
10.06.2019 00:00	2.7	2.89	2.7	2.74	3130
11.06.2019 00:00	2.7	2.7	2.7	2.7	10
13.06.2019 00:00	2.7	2.71	2.7	2.71	30
14.06.2019 00:00	2.7	2.71	2.7	2.71	1970
17.06.2019 00:00	2.7800000000000002	2.7800000000000002	2.62	2.7	780
18.06.2019 00:00	2.74	2.75	2.7	2.7	2250
19.06.2019 00:00	2.79	2.79	2.74	2.75	120
20.06.2019 00:00	2.75	2.85	2.75	2.85	510
21.06.2019 00:00	2.87	3.0500000000000003	2.8000000000000003	2.87	280
24.06.2019 00:00	2.93	2.93	2.79	2.79	50
25.06.2019 00:00	2.83	2.83	2.7800000000000002	2.7800000000000002	20
26.06.2019 00:00	2.71	2.7800000000000002	2.62	2.72	510
27.06.2019 00:00	2.7	2.7	2.68	2.7	90
28.06.2019 00:00	2.64	3.0500000000000003	2.49	2.85	5080
01.07.2019 00:00	2.7600000000000002	3.0100000000000002	2.7	2.89	860
02.07.2019 00:00	2.95	3.1	2.74	2.74	160
03.07.2019 00:00	2.89	2.89	2.74	2.74	470
04.07.2019 00:00	2.74	2.7800000000000002	2.7	2.7800000000000002	600
05.07.2019 00:00	2.66	2.7800000000000002	2.66	2.7800000000000002	1630
08.07.2019 00:00	2.7800000000000002	2.99	2.74	2.8000000000000003	720
09.07.2019 00:00	2.79	3.0	2.79	2.87	930
10.07.2019 00:00	2.99	3.14	2.91	2.91	390
11.07.2019 00:00	2.91	3.0500000000000003	2.87	2.99	690
12.07.2019 00:00	2.95	2.95	2.91	2.91	1230
15.07.2019 00:00	2.99	2.99	2.79	2.95	750
16.07.2019 00:00	2.95	3.04	2.89	2.96	290
17.07.2019 00:00	2.97	2.99	2.97	2.99	260
19.07.2019 00:00	2.91	2.99	2.91	2.93	130
22.07.2019 00:00	2.95	3.0300000000000002	2.95	3.0300000000000002	130
23.07.2019 00:00	3.0300000000000002	3.2	3.0300000000000002	3.18	1270
24.07.2019 00:00	3.08	3.16	3.08	3.1	60
26.07.2019 00:00	3.12	3.18	3.08	3.08	270
29.07.2019 00:00	3.1	3.24	3.08	3.2	1640
30.07.2019 00:00	3.22	3.2800000000000002	3.2	3.2	550
31.07.2019 00:00	3.2	3.2	3.14	3.16	880
01.08.2019 00:00	3.2800000000000002	3.2800000000000002	3.06	3.08	440
02.08.2019 00:00	3.0500000000000003	3.7	3.0100000000000002	3.66	1830
05.08.2019 00:00	3.64	3.64	3.2	3.39	1370
06.08.2019 00:00	3.2800000000000002	3.49	3.25	3.49	280
07.08.2019 00:00	3.37	3.39	3.22	3.22	100
08.08.2019 00:00	3.24	3.24	3.24	3.24	50
09.08.2019 00:00	3.25	3.58	3.25	3.39	640
12.08.2019 00:00	3.35	3.35	3.35	3.35	10
13.08.2019 00:00	3.35	3.39	3.18	3.31	930
14.08.2019 00:00	3.3000000000000003	3.3000000000000003	3.25	3.25	50
16.08.2019 00:00	3.2800000000000002	3.29	3.2800000000000002	3.29	50
19.08.2019 00:00	3.29	3.56	3.29	3.49	1280
20.08.2019 00:00	3.54	3.54	3.39	3.39	170
21.08.2019 00:00	3.43	3.56	3.24	3.2600000000000002	2230
22.08.2019 00:00	3.2800000000000002	3.33	3.2	3.33	2100
23.08.2019 00:00	3.41	3.41	3.39	3.39	40
27.08.2019 00:00	3.2800000000000002	3.2800000000000002	3.2800000000000002	3.2800000000000002	100
28.08.2019 00:00	3.22	3.33	3.22	3.25	40
29.08.2019 00:00	3.2800000000000002	3.2800000000000002	3.2600000000000002	3.2600000000000002	130
30.08.2019 00:00	3.2600000000000002	3.35	3.2600000000000002	3.35	620
02.09.2019 00:00	3.2800000000000002	3.33	3.2800000000000002	3.33	80
03.09.2019 00:00	3.2800000000000002	3.2800000000000002	3.2800000000000002	3.2800000000000002	10
04.09.2019 00:00	3.35	3.49	3.33	3.49	2010
05.09.2019 00:00	3.5100000000000002	3.5100000000000002	3.37	3.45	530
06.09.2019 00:00	3.5	3.5	3.35	3.35	110
09.09.2019 00:00	3.41	3.56	3.41	3.5	670
10.09.2019 00:00	3.5500000000000003	3.5500000000000003	3.49	3.49	140
11.09.2019 00:00	3.33	3.5100000000000002	3.33	3.5100000000000002	630
12.09.2019 00:00	3.5100000000000002	3.5700000000000003	3.5100000000000002	3.5500000000000003	2230
13.09.2019 00:00	3.56	3.56	3.56	3.56	980
16.09.2019 00:00	3.5700000000000003	3.89	3.5700000000000003	3.89	3870
17.09.2019 00:00	3.95	3.95	3.68	3.7800000000000002	300
18.09.2019 00:00	3.93	4.24	3.7800000000000002	3.95	4190
19.09.2019 00:00	3.95	3.97	3.85	3.89	180
20.09.2019 00:00	3.91	3.97	3.91	3.91	110
23.09.2019 00:00	3.99	3.99	3.8000000000000003	3.93	1640
24.09.2019 00:00	3.85	3.89	3.7800000000000002	3.8000000000000003	130
25.09.2019 00:00	3.85	3.85	3.7	3.74	280
26.09.2019 00:00	3.75	3.99	3.75	3.99	4390
27.09.2019 00:00	3.99	4.0	3.95	3.95	40
30.09.2019 00:00	4.0	4.01	3.87	3.91	90
01.10.2019 00:00	3.91	4.34	3.81	4.16	7120
02.10.2019 00:00	4.34	5.33	4.01	4.28	2330
03.10.2019 00:00	4.29	4.9	4.26	4.88	3010
04.10.2019 00:00	4.9	4.9	4.57	4.59	160
07.10.2019 00:00	4.24	4.9	4.24	4.88	720
08.10.2019 00:00	4.87	4.9	4.7	4.7	550
09.10.2019 00:00	4.82	4.9	4.71	4.86	430
10.10.2019 00:00	4.5600000000000005	4.87	4.5600000000000005	4.7	100
11.10.2019 00:00	4.84	4.9	4.71	4.88	510
14.10.2019 00:00	4.9	6.17	4.74	5.0	3760
15.10.2019 00:00	5.04	5.37	4.82	5.09	870
16.10.2019 00:00	5.34	5.34	4.79	4.93	1320
17.10.2019 00:00	4.99	5.03	4.7	4.82	460
18.10.2019 00:00	4.88	4.88	4.88	4.88	20
21.10.2019 00:00	4.76	4.98	4.75	4.87	490
22.10.2019 00:00	5.04	5.04	4.74	4.8100000000000005	350
23.10.2019 00:00	4.73	4.91	4.7	4.83	320
24.10.2019 00:00	4.91	4.96	4.79	4.91	460
25.10.2019 00:00	4.82	5.29	4.82	5.03	1370
28.10.2019 00:00	5.03	5.08	4.92	5.05	140
30.10.2019 00:00	5.07	5.07	4.92	4.99	130
31.10.2019 00:00	5.0	5.32	4.95	5.04	490
01.11.2019 00:00	4.95	5.48	4.95	5.04	890
05.11.2019 00:00	5.08	5.2	5.08	5.17	230
06.11.2019 00:00	5.2	5.37	4.79	4.88	3770
07.11.2019 00:00	4.78	4.91	4.7	4.8100000000000005	2170
08.11.2019 00:00	4.83	4.92	4.79	4.87	420
11.11.2019 00:00	4.78	4.87	4.78	4.86	110
12.11.2019 00:00	4.82	4.86	4.68	4.68	230
13.11.2019 00:00	4.8100000000000005	4.87	4.7	4.8100000000000005	540
14.11.2019 00:00	4.74	5.07	4.7	4.88	1610
15.11.2019 00:00	4.76	4.87	4.7	4.87	220
18.11.2019 00:00	4.78	4.87	4.78	4.78	90
19.11.2019 00:00	4.83	5.03	4.83	4.98	680
20.11.2019 00:00	4.88	5.03	4.79	4.82	310
21.11.2019 00:00	4.79	4.99	4.78	4.93	380
22.11.2019 00:00	4.82	5.07	4.8100000000000005	4.87	260
25.11.2019 00:00	4.99	4.99	4.88	4.91	40
26.11.2019 00:00	4.99	4.99	4.88	4.96	180
27.11.2019 00:00	4.86	4.86	4.86	4.86	10
28.11.2019 00:00	4.93	4.93	4.62	4.7	870
29.11.2019 00:00	4.62	4.87	4.62	4.8100000000000005	370
02.12.2019 00:00	4.87	4.87	4.79	4.84	30
03.12.2019 00:00	4.76	4.86	4.76	4.86	20
04.12.2019 00:00	4.78	4.79	4.7	4.74	240
05.12.2019 00:00	4.7	4.7	4.66	4.68	150
06.12.2019 00:00	4.65	4.76	4.62	4.74	330
09.12.2019 00:00	4.76	4.79	4.76	4.78	40
10.12.2019 00:00	4.79	4.79	4.73	4.73	50
11.12.2019 00:00	4.79	4.79	4.79	4.79	10
12.12.2019 00:00	4.78	4.79	4.65	4.74	210
13.12.2019 00:00	4.67	4.7	4.66	4.7	30
16.12.2019 00:00	4.7	4.82	4.54	4.78	1030
17.12.2019 00:00	4.74	4.78	4.74	4.78	230
18.12.2019 00:00	4.74	4.79	4.65	4.67	190
19.12.2019 00:00	4.62	4.79	4.53	4.7	1150
20.12.2019 00:00	4.76	4.76	4.76	4.76	20
24.12.2019 00:00	4.67	5.05	4.49	4.84	1950
25.12.2019 00:00	4.86	4.91	4.86	4.86	40
26.12.2019 00:00	4.92	4.92	4.79	4.84	70
27.12.2019 00:00	4.91	4.91	4.78	4.78	110
30.12.2019 00:00	4.87	4.92	4.73	4.88	200
03.01.2020 00:00	4.88	4.88	4.66	4.7	70
06.01.2020 00:00	4.73	4.73	4.71	4.73	60
08.01.2020 00:00	4.74	4.84	4.62	4.65	250
09.01.2020 00:00	4.7	4.7	4.58	4.68	730
10.01.2020 00:00	4.63	4.68	4.58	4.65	810
13.01.2020 00:00	4.66	4.66	4.5600000000000005	4.59	720
14.01.2020 00:00	4.65	4.76	4.59	4.68	1310
15.01.2020 00:00	4.78	4.87	4.7	4.86	530
16.01.2020 00:00	4.86	4.86	4.73	4.73	160
17.01.2020 00:00	4.7	4.7	4.58	4.61	1150
20.01.2020 00:00	4.61	4.62	4.29	4.62	4110
21.01.2020 00:00	4.62	4.62	4.53	4.62	210
22.01.2020 00:00	4.58	4.59	4.57	4.57	160
23.01.2020 00:00	4.53	4.53	4.49	4.49	70
24.01.2020 00:00	4.49	4.68	4.48	4.67	520
27.01.2020 00:00	4.68	4.68	4.45	4.54	530
28.01.2020 00:00	4.48	4.65	4.42	4.57	350
29.01.2020 00:00	4.62	4.62	4.62	4.62	10
30.01.2020 00:00	4.65	4.65	4.65	4.65	10
31.01.2020 00:00	4.65	4.65	4.54	4.54	40
03.02.2020 00:00	4.51	4.58	4.04	4.51	540
04.02.2020 00:00	4.41	4.57	4.41	4.53	550
05.02.2020 00:00	4.34	4.58	4.34	4.5	100
06.02.2020 00:00	4.49	4.5600000000000005	4.37	4.5600000000000005	420
07.02.2020 00:00	4.57	4.59	4.5	4.54	210
10.02.2020 00:00	4.62	4.62	4.49	4.49	40
11.02.2020 00:00	4.5600000000000005	4.5600000000000005	4.54	4.54	130
12.02.2020 00:00	4.48	4.62	4.4	4.57	490
13.02.2020 00:00	4.51	5.03	4.4	4.78	23990
14.02.2020 00:00	4.82	4.95	4.62	4.83	4430
17.02.2020 00:00	4.87	4.99	4.62	4.74	2990
18.02.2020 00:00	4.75	5.2	4.7	4.74	7370
19.02.2020 00:00	4.82	4.82	4.45	4.5600000000000005	3700
20.02.2020 00:00	4.5600000000000005	4.73	4.54	4.7	670
21.02.2020 00:00	4.63	4.78	4.63	4.7	720
25.02.2020 00:00	4.62	4.75	4.49	4.68	940
26.02.2020 00:00	4.62	4.73	4.44	4.57	1410
27.02.2020 00:00	4.5600000000000005	4.63	4.46	4.49	690
28.02.2020 00:00	4.49	4.74	4.2	4.5	2290
02.03.2020 00:00	4.41	4.59	4.41	4.57	160
03.03.2020 00:00	4.58	4.58	4.46	4.46	60
04.03.2020 00:00	4.58	4.62	4.48	4.57	270
05.03.2020 00:00	4.62	4.82	4.57	4.58	540
06.03.2020 00:00	4.5600000000000005	4.5600000000000005	4.46	4.46	150
10.03.2020 00:00	4.33	4.33	4.2	4.23	340
11.03.2020 00:00	4.07	4.45	3.99	4.29	1260
12.03.2020 00:00	4.16	4.25	3.22	3.3000000000000003	840
13.03.2020 00:00	3.39	3.68	2.06	3.46	570
16.03.2020 00:00	2.83	3.5300000000000002	2.8000000000000003	3.16	510
17.03.2020 00:00	3.0100000000000002	3.12	2.91	3.12	170
18.03.2020 00:00	2.99	3.46	2.6	3.45	1150
19.03.2020 00:00	3.49	3.99	3.41	3.64	560
20.03.2020 00:00	3.87	3.95	3.49	3.62	6440
23.03.2020 00:00	3.7	3.96	3.58	3.71	350
24.03.2020 00:00	3.6	3.7	3.6	3.68	60
25.03.2020 00:00	3.87	4.16	3.7	3.7	160
26.03.2020 00:00	3.7	3.99	3.5300000000000002	3.81	230
27.03.2020 00:00	3.89	3.96	3.7	3.95	3290
30.03.2020 00:00	3.8000000000000003	4.42	3.58	4.15	2310
31.03.2020 00:00	4.28	4.49	4.09	4.32	470
01.04.2020 00:00	4.24	4.24	4.24	4.24	40
02.04.2020 00:00	4.32	4.76	4.12	4.24	420
03.04.2020 00:00	4.34	4.57	4.34	4.45	100
06.04.2020 00:00	4.54	4.74	4.41	4.41	400
07.04.2020 00:00	4.53	4.75	4.33	4.37	1130
08.04.2020 00:00	4.33	4.7	4.28	4.4	980
09.04.2020 00:00	4.23	4.68	4.23	4.5	610
10.04.2020 00:00	4.57	4.86	4.51	4.82	2910
13.04.2020 00:00	4.83	4.96	4.71	4.87	820
14.04.2020 00:00	4.8100000000000005	4.87	4.71	4.84	170
15.04.2020 00:00	4.75	4.96	2.95	4.78	4910
16.04.2020 00:00	4.5	4.82	4.5	4.7	200
17.04.2020 00:00	4.66	4.96	4.66	4.91	650
20.04.2020 00:00	5.05	5.15	4.79	4.87	130
21.04.2020 00:00	4.7	4.78	4.7	4.78	30
22.04.2020 00:00	4.78	4.96	4.7	4.83	1990
23.04.2020 00:00	4.87	4.91	4.78	4.79	130
24.04.2020 00:00	4.87	4.88	4.66	4.82	4670
27.04.2020 00:00	4.93	4.93	4.75	4.78	620
28.04.2020 00:00	4.78	4.82	4.68	4.82	750
29.04.2020 00:00	4.74	4.75	4.74	4.74	120
30.04.2020 00:00	4.78	4.78	4.7	4.74	60
04.05.2020 00:00	4.68	4.98	4.62	4.78	4400
05.05.2020 00:00	4.73	5.07	4.71	4.84	3830
06.05.2020 00:00	4.93	4.93	4.74	4.83	80
07.05.2020 00:00	4.74	5.36	4.74	4.92	7240
08.05.2020 00:00	5.03	5.87	4.76	4.84	21340
12.05.2020 00:00	4.87	5.04	4.74	4.82	1670
13.05.2020 00:00	4.9	5.24	4.82	4.99	1280
14.05.2020 00:00	5.05	5.13	4.82	4.9	720
15.05.2020 00:00	4.98	5.48	4.87	5.23	3670
18.05.2020 00:00	5.48	5.49	4.98	5.24	4950
19.05.2020 00:00	5.25	5.38	5.07	5.13	400
20.05.2020 00:00	5.05	5.24	5.05	5.15	320
21.05.2020 00:00	5.24	5.45	5.03	5.03	1760
22.05.2020 00:00	5.08	5.08	4.95	4.99	340
25.05.2020 00:00	4.95	4.99	4.9	4.99	280
26.05.2020 00:00	4.92	5.16	4.92	5.07	620
27.05.2020 00:00	4.96	5.08	4.92	4.92	530
28.05.2020 00:00	4.92	5.07	4.92	5.07	1100
29.05.2020 00:00	5.09	5.29	5.04	5.05	1550
01.06.2020 00:00	5.26	5.78	5.09	5.36	5110
02.06.2020 00:00	5.59	6.7	5.38	5.98	6500
03.06.2020 00:00	6.17	7.79	6.0	7.12	7880
04.06.2020 00:00	7.25	7.25	6.34	6.38	3050
05.06.2020 00:00	6.45	8.24	6.45	7.4	11710
08.06.2020 00:00	7.54	7.82	7.09	7.3	4470
09.06.2020 00:00	7.12	8.92	7.11	8.43	6180
10.06.2020 00:00	8.28	9.96	7.5600000000000005	8.33	5780
11.06.2020 00:00	8.11	9.42	7.9	8.61	3270
15.06.2020 00:00	8.61	8.97	8.31	8.57	680
16.06.2020 00:00	8.56	8.71	8.33	8.47	750
17.06.2020 00:00	8.67	8.67	8.02	8.26	400
18.06.2020 00:00	8.43	8.66	8.32	8.49	290
19.06.2020 00:00	8.49	8.74	8.4	8.4	420
22.06.2020 00:00	8.5	8.59	8.49	8.52	70
23.06.2020 00:00	8.51	8.69	7.99	8.14	410
25.06.2020 00:00	8.15	8.66	7.53	8.24	2020
26.06.2020 00:00	8.1	8.68	7.79	7.99	580
29.06.2020 00:00	8.24	8.24	7.930000000000001	7.99	140
30.06.2020 00:00	8.09	8.09	7.49	7.7	1200
02.07.2020 00:00	8.27	8.27	7.46	7.61	1340
03.07.2020 00:00	7.82	7.82	7.41	7.51	190
06.07.2020 00:00	7.83	7.83	7.2	7.32	1010
07.07.2020 00:00	7.9	7.9	7.16	7.26	1520
08.07.2020 00:00	7.44	7.44	7.13	7.2	130
09.07.2020 00:00	7.53	7.53	6.99	6.99	170
10.07.2020 00:00	7.07	7.19	6.95	6.99	580
13.07.2020 00:00	7.28	7.28	6.93	7.08	370
14.07.2020 00:00	6.91	6.99	6.78	6.92	350
15.07.2020 00:00	6.99	7.25	6.96	6.99	450
16.07.2020 00:00	6.87	6.99	6.8100000000000005	6.88	190
17.07.2020 00:00	6.96	6.96	6.41	6.82	570
20.07.2020 00:00	6.5600000000000005	7.48	6.49	7.48	1290
21.07.2020 00:00	7.48	8.3	7.42	7.51	1910
22.07.2020 00:00	7.65	7.83	7.23	7.29	800
23.07.2020 00:00	7.34	7.42	7.07	7.36	490
24.07.2020 00:00	7.28	7.28	7.2	7.2	30
27.07.2020 00:00	7.33	7.33	6.87	6.9	14680
28.07.2020 00:00	6.88	7.91	6.82	6.9	8560
29.07.2020 00:00	6.9	6.98	6.7	6.86	2940
30.07.2020 00:00	6.86	6.92	6.68	6.75	650
31.07.2020 00:00	6.74	6.79	6.45	6.57	1910
03.08.2020 00:00	6.57	6.87	6.57	6.61	450
04.08.2020 00:00	6.7	6.7	6.53	6.54	380
05.08.2020 00:00	6.5600000000000005	6.84	6.42	6.66	1210
06.08.2020 00:00	6.76	6.76	6.57	6.74	200
07.08.2020 00:00	6.79	6.79	6.46	6.51	2050
10.08.2020 00:00	6.79	6.79	6.49	6.63	1590
11.08.2020 00:00	6.51	6.65	6.2	6.46	2520
12.08.2020 00:00	6.41	6.58	6.29	6.41	360
13.08.2020 00:00	6.59	6.86	6.32	6.49	5620
14.08.2020 00:00	6.53	6.58	6.4	6.51	500
17.08.2020 00:00	6.53	6.57	6.32	6.44	1770
18.08.2020 00:00	6.45	6.48	5.93	6.38	4720
19.08.2020 00:00	6.32	6.4	6.29	6.37	640
20.08.2020 00:00	6.38	6.41	6.3	6.34	620
21.08.2020 00:00	6.34	6.34	6.2	6.28	660
24.08.2020 00:00	6.15	6.34	6.15	6.29	760
25.08.2020 00:00	6.25	6.34	6.2	6.23	470
26.08.2020 00:00	6.23	6.23	6.03	6.15	850
27.08.2020 00:00	6.37	6.37	6.09	6.25	470
28.08.2020 00:00	6.11	6.25	5.99	6.21	970
31.08.2020 00:00	6.23	6.23	6.12	6.12	50
01.09.2020 00:00	6.12	6.2	5.36	5.92	1150
02.09.2020 00:00	5.99	5.99	5.86	5.9	240
03.09.2020 00:00	5.62	5.96	5.62	5.7	630
04.09.2020 00:00	5.88	5.95	5.53	5.61	1290
07.09.2020 00:00	5.7	6.07	5.66	5.74	680
08.09.2020 00:00	5.86	6.29	5.62	5.74	3340
09.09.2020 00:00	5.61	5.82	5.61	5.78	270
10.09.2020 00:00	5.78	5.86	5.7	5.79	680
11.09.2020 00:00	5.87	5.92	5.71	5.84	590
14.09.2020 00:00	5.87	5.96	5.79	5.92	430
15.09.2020 00:00	5.91	6.15	5.91	6.07	190
16.09.2020 00:00	5.82	6.15	5.8100000000000005	5.96	480
17.09.2020 00:00	5.98	6.26	5.95	6.07	760
18.09.2020 00:00	6.37	6.37	6.0	6.0	2330
21.09.2020 00:00	6.05	6.09	5.74	5.99	650
22.09.2020 00:00	5.95	5.98	5.73	5.74	630
23.09.2020 00:00	5.73	5.95	5.67	5.67	910
24.09.2020 00:00	5.74	5.74	5.61	5.61	910
25.09.2020 00:00	5.62	5.63	5.51	5.57	320
28.09.2020 00:00	5.58	5.66	5.5600000000000005	5.61	340
29.09.2020 00:00	5.57	6.98	5.57	5.84	2530
30.09.2020 00:00	5.83	6.09	5.82	5.9	750
01.10.2020 00:00	5.99	6.03	5.9	5.93	630
02.10.2020 00:00	5.83	6.0	5.78	5.82	1830
05.10.2020 00:00	5.86	6.0	5.86	5.91	520
06.10.2020 00:00	5.99	6.4	5.86	5.95	1080
07.10.2020 00:00	6.09	6.09	5.9	5.91	240
08.10.2020 00:00	5.9	5.9	5.79	5.84	290
09.10.2020 00:00	5.78	6.16	5.75	5.96	480
12.10.2020 00:00	5.86	6.03	5.86	5.96	410
13.10.2020 00:00	5.92	5.99	5.86	5.96	300
14.10.2020 00:00	5.96	6.15	5.82	5.92	210
15.10.2020 00:00	6.09	6.09	5.74	5.8100000000000005	980
16.10.2020 00:00	5.91	6.04	5.82	5.91	1000
19.10.2020 00:00	5.84	5.92	5.7	5.78	440
20.10.2020 00:00	5.71	5.91	5.66	5.84	510
21.10.2020 00:00	5.95	6.16	5.75	5.83	1790
22.10.2020 00:00	5.95	5.95	5.79	5.83	130
23.10.2020 00:00	5.91	5.91	5.8100000000000005	5.8100000000000005	140
26.10.2020 00:00	5.93	5.93	5.75	5.75	90
27.10.2020 00:00	5.9	5.99	3.56	5.74	5980
28.10.2020 00:00	5.74	5.9	5.59	5.67	710
29.10.2020 00:00	5.79	5.79	5.59	5.68	300
30.10.2020 00:00	5.79	6.09	5.73	5.84	1620
02.11.2020 00:00	5.78	5.91	5.7	5.9	340
03.11.2020 00:00	5.91	5.98	5.79	5.82	350
05.11.2020 00:00	5.78	5.98	5.74	5.88	580
06.11.2020 00:00	5.79	5.87	5.76	5.87	350
09.11.2020 00:00	5.91	6.23	5.83	6.08	1040
10.11.2020 00:00	6.04	6.28	5.98	6.07	900
11.11.2020 00:00	6.19	6.44	6.07	6.15	1250
12.11.2020 00:00	6.05	6.38	6.05	6.16	320
13.11.2020 00:00	6.28	6.33	6.11	6.24	1580
16.11.2020 00:00	6.42	6.45	6.11	6.28	980
17.11.2020 00:00	6.38	6.48	6.13	6.23	940
18.11.2020 00:00	6.21	6.37	5.92	6.08	1210
19.11.2020 00:00	6.13	6.29	5.96	6.2	900
20.11.2020 00:00	6.24	6.26	6.11	6.11	260
23.11.2020 00:00	6.25	6.36	6.03	6.17	730
24.11.2020 00:00	6.33	6.33	6.11	6.24	700
25.11.2020 00:00	6.34	6.36	6.17	6.33	1010
26.11.2020 00:00	6.44	6.87	6.21	6.7	5230
27.11.2020 00:00	6.88	7.19	6.78	6.86	1630
30.11.2020 00:00	6.99	7.12	6.8100000000000005	7.12	3240
01.12.2020 00:00	7.12	7.13	6.84	6.95	820
02.12.2020 00:00	7.01	7.01	6.88	6.95	370
03.12.2020 00:00	7.01	7.25	6.82	6.99	1220
04.12.2020 00:00	7.04	7.26	6.87	6.98	2380
07.12.2020 00:00	7.03	7.25	6.95	6.99	460
08.12.2020 00:00	6.98	7.15	6.79	7.03	2570
09.12.2020 00:00	6.95	7.57	6.82	7.5600000000000005	6730
10.12.2020 00:00	7.59	7.98	7.32	7.82	2950
11.12.2020 00:00	7.99	8.57	7.95	8.24	5430
14.12.2020 00:00	8.52	8.77	8.23	8.23	3310
15.12.2020 00:00	8.4	8.72	8.23	8.35	900
16.12.2020 00:00	8.46	8.66	8.17	8.43	1060
17.12.2020 00:00	8.49	8.99	8.32	8.4	610
18.12.2020 00:00	8.44	8.99	8.35	8.9	2330
21.12.2020 00:00	8.94	8.94	8.31	8.56	660
22.12.2020 00:00	8.56	8.71	8.1	8.61	670
23.12.2020 00:00	8.74	8.74	8.36	8.43	220
24.12.2020 00:00	8.49	8.49	7.99	7.99	1170
25.12.2020 00:00	8.09	8.3	7.99	8.13	430
28.12.2020 00:00	8.24	8.8	8.16	8.19	510
29.12.2020 00:00	8.3	8.3	8.11	8.11	100
30.12.2020 00:00	8.24	8.92	7.92	8.9	2710
04.01.2021 00:00	8.9	8.97	8.51	8.97	1630
05.01.2021 00:00	8.9	9.99	8.9	9.99	3370
06.01.2021 00:00	9.94	12.93	9.94	10.56	11290
08.01.2021 00:00	7.3	10.9	7.3	10.49	2440
11.01.2021 00:00	10.64	10.9	9.98	10.27	860
12.01.2021 00:00	10.4	10.9	10.4	10.83	840
13.01.2021 00:00	10.64	10.74	10.02	10.32	520
14.01.2021 00:00	10.52	10.53	10.05	10.05	120
15.01.2021 00:00	9.55	10.49	9.05	9.93	2220
18.01.2021 00:00	9.82	10.19	9.15	9.49	1990
19.01.2021 00:00	9.94	9.99	9.49	9.73	550
20.01.2021 00:00	9.74	9.8	9.5	9.55	130
21.01.2021 00:00	9.6	9.75	9.59	9.75	100
22.01.2021 00:00	9.78	9.78	9.39	9.47	530
25.01.2021 00:00	9.5	9.93	9.38	9.43	80
26.01.2021 00:00	9.31	9.31	8.61	8.9	5740
27.01.2021 00:00	9.24	9.24	8.8	8.86	870
28.01.2021 00:00	8.99	8.99	8.75	8.75	270
29.01.2021 00:00	8.9	9.07	8.4	8.93	800
01.02.2021 00:00	8.83	9.08	8.8	8.81	730
02.02.2021 00:00	8.94	8.94	8.69	8.69	140
03.02.2021 00:00	8.69	8.88	8.35	8.47	2250
04.02.2021 00:00	8.58	8.58	8.3	8.42	1660
05.02.2021 00:00	8.56	8.75	8.24	8.69	800
08.02.2021 00:00	8.73	8.73	8.49	8.6	660
09.02.2021 00:00	8.65	8.65	8.28	8.38	2030
10.02.2021 00:00	8.4	8.9	8.19	8.53	1180
11.02.2021 00:00	8.59	8.6	8.32	8.38	1480
12.02.2021 00:00	8.49	8.49	8.21	8.46	790
15.02.2021 00:00	8.44	8.48	8.34	8.41	920
16.02.2021 00:00	8.44	9.16	8.44	8.58	1690
17.02.2021 00:00	8.71	8.71	8.32	8.39	1330
18.02.2021 00:00	8.52	8.85	8.42	8.85	400
19.02.2021 00:00	8.97	9.98	8.4	8.81	3310
20.02.2021 00:00	8.76	8.96	8.59	8.9	1190
22.02.2021 00:00	8.9	9.3	8.63	8.75	1340
24.02.2021 00:00	8.98	9.16	8.82	8.9	110
25.02.2021 00:00	8.99	8.99	8.65	8.86	230
26.02.2021 00:00	8.96	8.96	8.47	8.49	500
01.03.2021 00:00	8.65	8.94	8.4	8.74	704
02.03.2021 00:00	8.82	9.07	8.74	8.91	570
03.03.2021 00:00	8.93	9.08	8.69	9.06	2587
04.03.2021 00:00	9.07	9.07	8.69	8.81	482
05.03.2021 00:00	9.01	9.99	8.49	9.98	2797
09.03.2021 00:00	9.96	9.96	9.21	9.88	1588
10.03.2021 00:00	9.9	10.99	9.69	10.46	4360
11.03.2021 00:00	10.88	11.28	10.5	10.75	1746
12.03.2021 00:00	10.81	11.3	10.5	10.84	518
15.03.2021 00:00	10.5	11.73	10.32	10.91	544
16.03.2021 00:00	10.99	10.99	10.49	10.57	161
17.03.2021 00:00	10.77	11.05	10.56	10.69	190
18.03.2021 00:00	10.6	10.88	10.41	10.59	3848
19.03.2021 00:00	10.85	10.9	10.15	10.9	710
22.03.2021 00:00	10.9	11.27	10.75	10.91	301
23.03.2021 00:00	11.09	11.27	10.59	10.72	151
24.03.2021 00:00	10.78	10.78	10.36	10.39	184
25.03.2021 00:00	10.46	10.52	10.22	10.31	245
26.03.2021 00:00	10.4	10.47	10.23	10.34	22
29.03.2021 00:00	10.27	10.28	10.1	10.24	43
30.03.2021 00:00	10.28	10.28	10.0	10.0	10
31.03.2021 00:00	10.24	10.24	9.82	9.9	53
01.04.2021 00:00	9.99	10.59	9.93	10.19	416
02.04.2021 00:00	10.26	10.26	9.68	9.99	976
05.04.2021 00:00	9.99	9.99	9.5	9.8	186
06.04.2021 00:00	9.85	10.17	9.44	9.66	698
07.04.2021 00:00	9.76	10.82	9.46	9.68	2265
08.04.2021 00:00	9.86	9.99	9.55	9.65	494
09.04.2021 00:00	9.83	9.97	9.59	9.66	154
12.04.2021 00:00	9.84	9.84	9.44	9.59	234
13.04.2021 00:00	9.59	9.67	9.46	9.55	72
14.04.2021 00:00	9.65	9.65	9.41	9.49	47
15.04.2021 00:00	9.46	9.48	9.4	9.47	113
16.04.2021 00:00	9.57	9.57	9.32	9.33	112
19.04.2021 00:00	9.35	9.57	9.33	9.57	243
20.04.2021 00:00	9.57	9.57	9.33	9.53	34
21.04.2021 00:00	9.57	9.67	9.33	9.49	107
22.04.2021 00:00	9.49	9.49	9.3	9.32	167
23.04.2021 00:00	9.28	9.55	9.21	9.49	157
26.04.2021 00:00	9.52	9.52	9.32	9.51	69
27.04.2021 00:00	9.55	9.55	9.09	9.11	567
28.04.2021 00:00	9.14	9.14	8.9	9.08	276
29.04.2021 00:00	9.21	9.21	8.81	8.93	244
30.04.2021 00:00	9.05	9.05	8.76	8.9	61
04.05.2021 00:00	9.08	9.08	8.71	8.78	97
05.05.2021 00:00	8.99	9.17	8.57	8.91	230
06.05.2021 00:00	8.93	8.93	8.8	8.93	27
07.05.2021 00:00	8.96	9.49	8.96	9.33	787
10.05.2021 00:00	9.11	9.57	9.11	9.34	66
11.05.2021 00:00	9.24	9.48	8.96	9.16	325
12.05.2021 00:00	9.36	9.61	9.01	9.15	210
13.05.2021 00:00	9.14	9.47	8.99	9.14	143
14.05.2021 00:00	9.15	9.57	9.14	9.19	689
17.05.2021 00:00	9.48	9.48	9.15	9.22	51
18.05.2021 00:00	9.47	9.47	8.99	9.27	230
19.05.2021 00:00	9.36	9.36	9.06	9.28	20
20.05.2021 00:00	9.34	9.34	9.02	9.26	119
21.05.2021 00:00	9.24	9.48	9.07	9.44	117
24.05.2021 00:00	9.49	9.49	9.1	9.32	105
25.05.2021 00:00	9.38	9.39	9.1	9.28	51
26.05.2021 00:00	9.34	9.34	9.06	9.1	41
27.05.2021 00:00	9.32	9.32	8.81	9.02	464
28.05.2021 00:00	8.82	9.03	8.73	8.99	179
31.05.2021 00:00	8.99	9.03	8.99	9.03	120
01.06.2021 00:00	9.06	9.15	9.06	9.07	77
02.06.2021 00:00	9.15	9.15	8.96	8.96	129
03.06.2021 00:00	9.02	9.03	8.8	8.86	204
04.06.2021 00:00	8.96	8.96	8.76	8.81	47
07.06.2021 00:00	8.82	9.08	8.75	8.83	249
08.06.2021 00:00	9.06	9.06	8.69	8.8	230
09.06.2021 00:00	8.8	8.88	8.73	8.84	49
10.06.2021 00:00	8.73	8.8	8.49	8.72	318
11.06.2021 00:00	8.75	8.75	8.44	8.58	132
14.06.2021 00:00	8.59	8.77	8.32	8.69	225
15.06.2021 00:00	8.76	8.86	8.65	8.69	4636
16.06.2021 00:00	8.86	8.99	8.49	8.68	697
17.06.2021 00:00	8.52	8.74	8.51	8.6	3726
18.06.2021 00:00	8.76	8.86	8.59	8.83	142
21.06.2021 00:00	8.52	8.85	8.52	8.82	85
22.06.2021 00:00	8.82	8.86	8.71	8.78	15
23.06.2021 00:00	8.84	8.96	8.71	8.9	411
24.06.2021 00:00	8.9	8.9	8.77	8.78	16
25.06.2021 00:00	8.74	8.86	8.56	8.74	206
28.06.2021 00:00	8.84	8.84	8.55	8.66	323
29.06.2021 00:00	8.76	8.76	8.5	8.56	407
30.06.2021 00:00	8.76	8.76	8.4	8.65	111
01.07.2021 00:00	8.66	8.77	8.46	8.67	122
02.07.2021 00:00	8.75	8.82	8.59	8.69	26
05.07.2021 00:00	8.82	8.84	8.65	8.77	56
06.07.2021 00:00	8.77	8.92	8.6	8.8	303
07.07.2021 00:00	8.86	8.86	8.65	8.75	86
08.07.2021 00:00	8.78	8.84	8.4	8.49	574
09.07.2021 00:00	8.36	8.49	8.3	8.36	262
12.07.2021 00:00	8.48	8.61	8.31	8.61	146
13.07.2021 00:00	8.38	8.4	8.34	8.34	1732
14.07.2021 00:00	8.34	8.4	8.13	8.27	668
15.07.2021 00:00	8.46	8.57	8.21	8.28	31
16.07.2021 00:00	8.1	8.28	8.1	8.26	64
19.07.2021 00:00	8.24	8.3	7.79	8.26	375
20.07.2021 00:00	7.86	8.09	7.86	8.05	63
21.07.2021 00:00	8.05	8.06	7.33	7.95	121
22.07.2021 00:00	8.05	8.05	7.86	7.930000000000001	120
23.07.2021 00:00	8.05	8.09	7.7	7.92	167
26.07.2021 00:00	8.07	8.09	7.79	7.98	178
27.07.2021 00:00	8.06	8.06	7.86	7.91	14
28.07.2021 00:00	7.82	7.99	7.61	7.99	460
29.07.2021 00:00	8.15	8.15	7.79	7.86	170
30.07.2021 00:00	7.95	7.95	7.9	7.930000000000001	105
02.08.2021 00:00	7.930000000000001	7.95	7.7	7.9	71
03.08.2021 00:00	7.96	7.98	7.83	7.83	35
04.08.2021 00:00	7.9	7.91	7.82	7.9	41
05.08.2021 00:00	7.71	8.07	7.71	7.79	100
06.08.2021 00:00	7.78	7.79	7.51	7.67	173
09.08.2021 00:00	7.79	7.79	7.48	7.7	364
10.08.2021 00:00	7.79	7.95	7.7	7.9	343
11.08.2021 00:00	8.05	8.05	7.67	7.76	59
12.08.2021 00:00	7.88	7.88	7.57	7.7	394
13.08.2021 00:00	7.7	7.82	7.59	7.71	64
16.08.2021 00:00	7.63	8.49	7.63	8.44	1517
17.08.2021 00:00	8.67	9.73	7.79	7.92	16131
18.08.2021 00:00	7.96	7.98	7.65	7.78	1159
19.08.2021 00:00	7.78	7.79	7.29	7.65	1329
20.08.2021 00:00	7.7	7.88	7.59	7.65	499
23.08.2021 00:00	7.76	7.78	7.61	7.65	438
24.08.2021 00:00	7.91	7.930000000000001	7.65	7.65	333
25.08.2021 00:00	7.67	7.67	7.51	7.65	593
26.08.2021 00:00	7.63	8.22	7.3	7.57	1932
27.08.2021 00:00	7.65	7.91	7.58	7.7	408
30.08.2021 00:00	7.65	7.84	7.57	7.66	292
31.08.2021 00:00	7.65	7.82	7.5600000000000005	7.7	172
01.09.2021 00:00	7.7	7.7	7.51	7.61	130
02.09.2021 00:00	7.86	7.86	7.33	7.58	168
03.09.2021 00:00	7.59	7.7	7.58	7.67	176
06.09.2021 00:00	7.74	7.74	7.59	7.62	176
07.09.2021 00:00	7.62	7.66	7.57	7.63	44
08.09.2021 00:00	7.62	7.71	7.5600000000000005	7.58	103
09.09.2021 00:00	7.59	7.59	7.51	7.53	50
10.09.2021 00:00	7.65	7.65	7.54	7.65	43
13.09.2021 00:00	7.5	7.78	7.5	7.63	3851
14.09.2021 00:00	7.74	7.74	7.53	7.61	141
15.09.2021 00:00	7.57	7.65	7.53	7.65	167
16.09.2021 00:00	7.57	7.65	7.5	7.57	199
17.09.2021 00:00	7.58	7.71	7.57	7.58	300
20.09.2021 00:00	7.53	7.79	7.53	7.54	401
21.09.2021 00:00	7.61	7.62	7.5600000000000005	7.61	197
22.09.2021 00:00	7.61	7.67	7.59	7.65	109
23.09.2021 00:00	7.59	7.65	7.59	7.65	58
24.09.2021 00:00	7.62	7.68	7.61	7.65	106
27.09.2021 00:00	7.61	7.65	7.59	7.65	244
28.09.2021 00:00	7.63	7.86	7.63	7.75	211
29.09.2021 00:00	7.84	7.84	7.75	7.75	18
30.09.2021 00:00	7.84	7.84	7.7	7.74	90
01.10.2021 00:00	7.75	7.87	7.57	7.57	748
04.10.2021 00:00	7.68	7.68	7.5600000000000005	7.58	1417
05.10.2021 00:00	7.7	7.7	7.53	7.59	74
06.10.2021 00:00	7.59	7.68	7.49	7.53	428
07.10.2021 00:00	7.5	7.68	7.5	7.66	516
08.10.2021 00:00	7.68	8.18	7.57	7.7	3320
11.10.2021 00:00	7.74	8.01	7.5	7.9	1143
12.10.2021 00:00	7.9	7.9	7.59	7.84	845
13.10.2021 00:00	7.86	8.65	7.46	8.34	6969
14.10.2021 00:00	8.48	8.59	7.88	8.18	2391
15.10.2021 00:00	8.09	8.99	8.09	8.64	5736
18.10.2021 00:00	8.6	8.88	8.19	8.83	1301
19.10.2021 00:00	8.68	8.99	8.52	8.75	933
20.10.2021 00:00	8.83	8.88	8.25	8.49	578
21.10.2021 00:00	8.49	9.09	8.27	8.48	9513
22.10.2021 00:00	8.57	8.57	8.28	8.35	1529
25.10.2021 00:00	8.32	8.32	8.03	8.13	675
26.10.2021 00:00	8.08	8.4	8.08	8.24	437
27.10.2021 00:00	8.21	8.55	8.09	8.17	1002
28.10.2021 00:00	8.23	8.24	7.74	7.95	1098
29.10.2021 00:00	7.88	8.07	7.82	7.82	512
01.11.2021 00:00	7.82	7.86	7.7	7.78	351
02.11.2021 00:00	7.71	8.07	7.7	7.82	586
03.11.2021 00:00	7.8100000000000005	7.99	7.58	7.59	1373
05.11.2021 00:00	7.7	8.65	7.5600000000000005	7.99	3103
08.11.2021 00:00	8.0	8.27	7.99	8.15	549
09.11.2021 00:00	8.27	8.35	8.01	8.28	466
10.11.2021 00:00	8.0	8.36	7.99	8.06	1747
11.11.2021 00:00	8.06	8.06	7.49	7.86	2167
12.11.2021 00:00	7.8100000000000005	7.83	7.46	7.53	2314
15.11.2021 00:00	7.54	7.76	7.53	7.68	549
16.11.2021 00:00	7.71	7.78	7.5600000000000005	7.65	1884
17.11.2021 00:00	7.7	7.79	7.57	7.7	470
18.11.2021 00:00	7.61	7.68	7.37	7.5	952
19.11.2021 00:00	7.46	7.930000000000001	7.33	7.59	1327
22.11.2021 00:00	7.63	7.84	7.34	7.36	503
23.11.2021 00:00	7.28	7.42	7.21	7.36	333
24.11.2021 00:00	7.4	7.57	7.32	7.4	243
25.11.2021 00:00	7.53	7.74	7.4	7.5	432
26.11.2021 00:00	7.95	7.95	7.29	7.46	757
29.11.2021 00:00	7.4	7.46	7.28	7.33	260
30.11.2021 00:00	7.45	7.79	7.0	7.36	1399
01.12.2021 00:00	7.37	7.37	7.26	7.36	63
02.12.2021 00:00	7.25	7.37	7.24	7.3	139
03.12.2021 00:00	7.37	7.38	7.28	7.29	289
06.12.2021 00:00	7.26	7.32	7.2	7.32	96
07.12.2021 00:00	7.49	7.49	7.21	7.28	137
08.12.2021 00:00	7.26	7.57	7.25	7.26	352
09.12.2021 00:00	7.28	7.4	7.26	7.26	412
10.12.2021 00:00	7.3	7.36	7.2	7.24	323
13.12.2021 00:00	7.05	7.33	7.05	7.13	505
14.12.2021 00:00	7.13	7.32	7.05	7.17	94
15.12.2021 00:00	7.24	7.29	7.05	7.08	103
16.12.2021 00:00	7.08	7.44	7.08	7.19	128
17.12.2021 00:00	7.11	7.13	7.0	7.09	318
20.12.2021 00:00	6.58	7.11	6.58	7.03	124
21.12.2021 00:00	7.05	7.12	7.01	7.03	93
22.12.2021 00:00	6.73	7.26	6.73	7.15	303
23.12.2021 00:00	7.24	7.32	7.16	7.28	125
24.12.2021 00:00	7.37	7.46	7.13	7.26	108
27.12.2021 00:00	7.11	7.29	7.0	7.07	166
28.12.2021 00:00	7.11	7.26	7.0	7.19	224
29.12.2021 00:00	7.26	7.29	7.13	7.15	84
30.12.2021 00:00	7.09	7.74	7.09	7.67	873
03.01.2022 00:00	7.63	7.76	7.58	7.62	230
04.01.2022 00:00	7.7	7.83	7.61	7.62	194
05.01.2022 00:00	7.74	7.74	7.48	7.57	270
06.01.2022 00:00	7.65	7.87	7.49	7.74	567
10.01.2022 00:00	7.53	7.66	7.03	7.63	597
11.01.2022 00:00	7.58	7.74	7.57	7.57	77
12.01.2022 00:00	7.67	7.67	7.45	7.57	45
13.01.2022 00:00	7.41	7.73	6.99	7.04	2514
14.01.2022 00:00	7.2	7.2	6.86	6.99	722
17.01.2022 00:00	7.2	7.2	6.92	6.98	33
18.01.2022 00:00	7.2	7.2	6.9	6.92	265
19.01.2022 00:00	6.8100000000000005	6.91	6.8100000000000005	6.91	164
20.01.2022 00:00	7.04	7.07	6.99	6.99	70
21.01.2022 00:00	6.86	7.07	6.86	6.86	137
24.01.2022 00:00	6.9	6.9	6.36	6.42	306
25.01.2022 00:00	6.8100000000000005	6.8100000000000005	6.2	6.38	231
26.01.2022 00:00	6.29	6.66	6.29	6.59	215
27.01.2022 00:00	6.4	6.96	6.4	6.7	488
28.01.2022 00:00	6.9	6.9	6.5	6.74	434
31.01.2022 00:00	6.76	7.16	6.61	6.95	348
01.02.2022 00:00	7.07	7.07	6.73	6.82	168
02.02.2022 00:00	6.82	6.99	6.78	6.84	259
03.02.2022 00:00	6.84	6.84	6.78	6.78	17
04.02.2022 00:00	6.82	6.82	6.71	6.71	57
07.02.2022 00:00	6.74	6.74	6.74	6.74	1
08.02.2022 00:00	6.79	6.83	6.61	6.68	128
09.02.2022 00:00	6.75	6.84	6.54	6.68	196
10.02.2022 00:00	6.78	6.79	6.5600000000000005	6.61	148
11.02.2022 00:00	6.53	6.73	6.53	6.65	101
14.02.2022 00:00	6.49	6.79	6.45	6.58	191
15.02.2022 00:00	6.71	6.71	6.46	6.54	89
16.02.2022 00:00	6.66	6.66	6.4	6.41	312
17.02.2022 00:00	6.65	6.65	5.99	6.2	747
18.02.2022 00:00	6.11	6.48	6.03	6.03	496
21.02.2022 00:00	6.0	6.0	5.45	5.45	450
22.02.2022 00:00	5.11	5.9	3.7600000000000002	5.34	1626
24.02.2022 00:00	4.59	4.79	3.29	4.29	408
25.02.2022 00:00	5.0	5.29	3.62	5.28	497
28.03.2022 00:00	5.49	5.54	4.16	4.87	278
29.03.2022 00:00	4.49	4.99	4.49	4.59	586
30.03.2022 00:00	4.7	5.23	4.59	4.84	685
31.03.2022 00:00	4.93	5.4	4.93	5.36	666
01.04.2022 00:00	5.37	5.78	5.36	5.65	553
04.04.2022 00:00	5.76	6.26	5.7	6.11	1349
05.04.2022 00:00	6.19	6.2	5.63	5.95	856
06.04.2022 00:00	5.86	6.59	5.86	6.29	1039
07.04.2022 00:00	6.29	6.93	6.11	6.74	889
08.04.2022 00:00	6.73	7.24	6.09	6.53	619
11.04.2022 00:00	6.57	6.67	6.26	6.26	88
12.04.2022 00:00	6.21	6.21	5.95	6.0	283
13.04.2022 00:00	6.0	6.28	5.78	6.03	255
14.04.2022 00:00	5.74	5.91	5.74	5.86	360
15.04.2022 00:00	5.86	5.91	5.67	5.9	110
18.04.2022 00:00	6.13	6.13	5.63	5.87	103
19.04.2022 00:00	5.9	6.16	5.88	6.16	402
20.04.2022 00:00	5.96	6.11	5.96	6.03	311
21.04.2022 00:00	5.99	6.57	5.63	6.37	1359
22.04.2022 00:00	6.21	6.46	6.12	6.17	127
25.04.2022 00:00	6.03	6.04	5.5600000000000005	5.9	316
26.04.2022 00:00	6.0	6.67	5.82	6.15	511
27.04.2022 00:00	6.11	6.2	5.98	6.12	165
28.04.2022 00:00	6.11	6.28	5.98	6.03	195
29.04.2022 00:00	6.04	6.05	5.7	5.7	1146
04.05.2022 00:00	5.88	5.88	5.41	5.46	1297
05.05.2022 00:00	5.54	5.61	5.5	5.54	308
06.05.2022 00:00	5.57	5.76	5.41	5.49	136
11.05.2022 00:00	5.41	5.67	5.41	5.49	93
12.05.2022 00:00	5.57	5.63	5.44	5.48	51
13.05.2022 00:00	5.51	5.7	4.99	5.57	1040
16.05.2022 00:00	5.59	5.84	5.45	5.63	414
17.05.2022 00:00	5.7	5.88	5.57	5.7	322
18.05.2022 00:00	5.74	5.84	5.61	5.67	117
19.05.2022 00:00	5.62	6.04	5.61	5.88	825
20.05.2022 00:00	5.91	5.91	5.61	5.66	43
23.05.2022 00:00	5.79	5.91	5.59	5.7	262
24.05.2022 00:00	5.59	5.78	5.59	5.75	16
25.05.2022 00:00	5.75	5.9	5.53	5.79	188
26.05.2022 00:00	5.82	5.88	5.54	5.88	233
27.05.2022 00:00	5.83	5.83	5.66	5.75	33
30.05.2022 00:00	5.66	5.78	5.46	5.53	425
31.05.2022 00:00	5.51	5.5600000000000005	5.44	5.44	50
01.06.2022 00:00	5.45	5.45	5.29	5.4	110
02.06.2022 00:00	5.4	5.4	5.36	5.4	46
03.06.2022 00:00	5.37	5.46	5.34	5.37	116
06.06.2022 00:00	5.42	5.42	5.07	5.24	372
07.06.2022 00:00	5.38	5.49	4.82	4.99	1665
08.06.2022 00:00	4.99	5.15	4.99	5.05	164
09.06.2022 00:00	5.08	5.08	4.8100000000000005	4.91	527
10.06.2022 00:00	5.04	5.2	4.95	5.05	322
14.06.2022 00:00	4.99	5.08	4.99	5.07	47
15.06.2022 00:00	5.08	5.08	4.98	4.98	60
16.06.2022 00:00	5.03	5.2	4.99	5.19	791
17.06.2022 00:00	5.16	5.24	4.95	4.98	1099
20.06.2022 00:00	5.0	5.03	4.99	5.0	330
21.06.2022 00:00	5.03	5.16	4.45	5.04	358
22.06.2022 00:00	5.07	5.24	4.8100000000000005	4.9	1649
23.06.2022 00:00	4.93	5.19	4.88	5.11	1349
24.06.2022 00:00	5.04	5.45	4.99	5.2	408
27.06.2022 00:00	5.07	5.41	5.07	5.3	254
28.06.2022 00:00	5.41	5.57	5.23	5.49	509
29.06.2022 00:00	5.25	5.74	5.25	5.58	299
30.06.2022 00:00	5.4	5.66	5.32	5.34	317
01.07.2022 00:00	5.53	5.53	5.34	5.34	88
04.07.2022 00:00	5.57	5.57	5.25	5.41	43
05.07.2022 00:00	5.75	5.75	5.24	5.58	72
06.07.2022 00:00	5.57	5.63	5.36	5.45	56
07.07.2022 00:00	5.49	5.57	5.28	5.46	84
08.07.2022 00:00	5.49	5.65	5.29	5.42	85
11.07.2022 00:00	5.42	5.42	5.13	5.19	201
12.07.2022 00:00	5.2	5.2	5.13	5.15	50
13.07.2022 00:00	5.25	5.46	4.95	5.16	348
14.07.2022 00:00	5.32	5.32	4.96	5.03	32
15.07.2022 00:00	5.15	5.15	5.03	5.05	16
18.07.2022 00:00	5.17	5.21	5.0	5.21	69
19.07.2022 00:00	5.26	5.26	5.11	5.2	15
20.07.2022 00:00	5.2	5.2	4.96	5.11	79
21.07.2022 00:00	4.99	5.03	4.99	5.01	18
22.07.2022 00:00	5.01	5.01	5.0	5.01	19
25.07.2022 00:00	5.2	5.2	4.99	5.01	67
26.07.2022 00:00	5.2	5.41	5.04	5.19	211
27.07.2022 00:00	5.07	5.37	5.05	5.24	75
28.07.2022 00:00	5.07	5.45	5.07	5.21	56
29.07.2022 00:00	5.26	5.26	4.99	5.07	2847
01.08.2022 00:00	5.07	5.07	4.99	5.03	495
02.08.2022 00:00	5.03	5.03	5.0	5.03	87
03.08.2022 00:00	4.99	5.0	4.95	4.99	244
04.08.2022 00:00	4.99	5.0	4.95	4.99	93
05.08.2022 00:00	5.01	5.01	4.98	4.99	9
08.08.2022 00:00	4.99	5.11	4.9	4.99	236
09.08.2022 00:00	5.03	5.04	4.91	4.95	107
10.08.2022 00:00	5.03	5.11	4.91	4.98	338
11.08.2022 00:00	4.99	5.03	4.79	4.91	324
12.08.2022 00:00	4.93	4.99	4.91	4.95	72
15.08.2022 00:00	4.91	4.98	4.88	4.95	96
16.08.2022 00:00	4.91	5.01	4.9	4.99	334
17.08.2022 00:00	4.98	4.99	4.87	4.92	272
18.08.2022 00:00	4.92	4.95	4.92	4.93	14
19.08.2022 00:00	4.91	4.95	4.91	4.91	31
22.08.2022 00:00	4.91	4.98	4.91	4.91	174
23.08.2022 00:00	4.98	5.07	4.93	5.03	22
24.08.2022 00:00	5.05	5.05	4.96	4.99	347
25.08.2022 00:00	4.99	5.03	4.91	4.99	45
26.08.2022 00:00	4.95	4.98	4.95	4.98	3
29.08.2022 00:00	4.99	4.99	4.9	4.96	283
30.08.2022 00:00	4.99	5.08	4.99	4.99	140
31.08.2022 00:00	5.07	5.07	4.91	4.99	162
01.09.2022 00:00	4.99	5.09	4.91	5.01	183
02.09.2022 00:00	4.99	5.07	4.99	5.04	30
05.09.2022 00:00	5.05	5.05	5.0	5.05	224
06.09.2022 00:00	5.04	5.46	4.96	5.03	2496
07.09.2022 00:00	5.03	5.78	4.98	5.32	5846
08.09.2022 00:00	5.28	5.34	5.16	5.2	259
09.09.2022 00:00	5.26	5.46	5.19	5.29	124
12.09.2022 00:00	5.16	5.57	5.15	5.32	694
13.09.2022 00:00	5.45	5.53	4.99	5.2	2749
14.09.2022 00:00	5.2	5.45	5.09	5.26	1338
15.09.2022 00:00	5.38	5.53	5.28	5.51	899
16.09.2022 00:00	5.51	5.74	5.29	5.49	1905
19.09.2022 00:00	5.66	5.9	5.28	5.78	4566
20.09.2022 00:00	5.79	5.86	5.2	5.32	1304
21.09.2022 00:00	5.2	5.2	4.88	5.07	983
22.09.2022 00:00	5.07	5.19	5.03	5.04	622
23.09.2022 00:00	5.04	5.07	4.75	4.98	1011
26.09.2022 00:00	4.91	4.91	4.59	4.78	68
27.09.2022 00:00	4.5600000000000005	4.9	4.5600000000000005	4.84	229
28.09.2022 00:00	4.87	4.87	4.45	4.63	1849
29.09.2022 00:00	4.63	4.78	4.37	4.5600000000000005	387
30.09.2022 00:00	4.37	4.78	4.21	4.7	1016
03.10.2022 00:00	4.75	4.8100000000000005	4.48	4.71	118
04.10.2022 00:00	4.74	4.82	4.46	4.67	456
05.10.2022 00:00	4.58	4.58	4.09	4.29	7397
06.10.2022 00:00	4.29	4.37	4.11	4.19	1344
07.10.2022 00:00	4.24	4.26	4.15	4.16	288
10.10.2022 00:00	4.11	4.24	3.99	4.2	630
11.10.2022 00:00	4.21	4.32	4.16	4.26	733
12.10.2022 00:00	4.26	4.37	4.26	4.3	297
13.10.2022 00:00	4.3	4.33	4.13	4.2	605
14.10.2022 00:00	4.17	4.23	4.17	4.21	131
17.10.2022 00:00	4.23	4.32	4.21	4.32	620
18.10.2022 00:00	4.32	4.33	4.2	4.25	655
19.10.2022 00:00	4.24	4.24	4.16	4.23	291
20.10.2022 00:00	4.19	4.26	4.07	4.25	320
21.10.2022 00:00	4.26	4.28	4.23	4.28	35
24.10.2022 00:00	4.28	4.49	4.2	4.28	336
25.10.2022 00:00	4.32	4.45	4.3	4.42	277
26.10.2022 00:00	4.42	4.74	4.29	4.45	598
27.10.2022 00:00	4.45	4.53	4.41	4.49	498
28.10.2022 00:00	4.38	4.53	4.38	4.53	172
31.10.2022 00:00	4.57	4.7	4.4	4.49	352
01.11.2022 00:00	4.51	4.53	4.48	4.5	170
02.11.2022 00:00	4.68	6.3	4.59	5.2	25333
03.11.2022 00:00	5.19	5.19	4.9	5.03	2757
07.11.2022 00:00	5.15	5.24	4.84	4.9	911
08.11.2022 00:00	4.96	4.96	4.78	4.82	439
09.11.2022 00:00	4.87	5.01	4.74	4.88	569
10.11.2022 00:00	4.82	5.01	4.74	4.86	533
11.11.2022 00:00	4.84	4.88	4.79	4.82	171
14.11.2022 00:00	4.87	4.99	4.87	4.93	186
15.11.2022 00:00	4.98	5.15	4.9	4.95	780
16.11.2022 00:00	4.91	4.99	4.9	4.93	134
17.11.2022 00:00	4.99	4.99	4.88	4.93	158
18.11.2022 00:00	4.95	4.99	4.88	4.91	54
21.11.2022 00:00	4.95	4.95	4.78	4.82	279
22.11.2022 00:00	4.84	4.87	4.78	4.83	45
23.11.2022 00:00	4.83	4.9	4.71	4.84	131
24.11.2022 00:00	4.87	4.88	4.79	4.87	33
25.11.2022 00:00	4.78	5.04	4.75	4.96	288
28.11.2022 00:00	4.86	4.95	4.82	4.91	143
29.11.2022 00:00	4.9	5.03	4.84	4.91	264
30.11.2022 00:00	4.93	4.99	4.87	4.87	574
01.12.2022 00:00	4.91	4.92	4.87	4.87	197
02.12.2022 00:00	4.87	4.99	4.86	4.91	261
05.12.2022 00:00	4.91	4.99	4.87	4.91	429
06.12.2022 00:00	4.96	4.96	4.88	4.9	36
07.12.2022 00:00	4.9	4.91	4.79	4.86	171
08.12.2022 00:00	4.88	4.88	4.86	4.86	10
09.12.2022 00:00	4.9	4.91	4.9	4.91	11
12.12.2022 00:00	4.61	4.95	4.61	4.84	358
13.12.2022 00:00	4.87	4.87	4.74	4.79	151
14.12.2022 00:00	4.92	4.99	4.73	4.76	210
15.12.2022 00:00	4.79	4.79	4.68	4.74	256
16.12.2022 00:00	4.78	4.88	4.78	4.83	87
19.12.2022 00:00	4.79	4.84	4.79	4.82	4
20.12.2022 00:00	4.73	4.84	4.61	4.82	71
21.12.2022 00:00	4.7	4.86	4.67	4.79	485
22.12.2022 00:00	4.76	4.79	4.68	4.73	397
23.12.2022 00:00	4.7	4.9	4.53	4.71	2168
26.12.2022 00:00	4.87	4.87	4.58	4.66	601
27.12.2022 00:00	4.66	4.82	4.49	4.7	1088
28.12.2022 00:00	4.78	4.78	4.63	4.71	158
29.12.2022 00:00	4.62	4.78	4.62	4.68	94
30.12.2022 00:00	4.78	4.78	4.66	4.71	168
03.01.2023 00:00	4.74	4.84	4.66	4.84	310
04.01.2023 00:00	4.84	4.84	4.7	4.74	508
05.01.2023 00:00	4.78	4.78	4.7	4.7	120
06.01.2023 00:00	4.78	4.78	4.71	4.74	29
09.01.2023 00:00	4.78	4.87	4.73	4.83	1221
10.01.2023 00:00	4.8100000000000005	4.99	4.78	4.91	2286
11.01.2023 00:00	4.98	5.04	4.9	4.96	404
12.01.2023 00:00	5.03	5.26	4.9	5.03	2485
13.01.2023 00:00	5.03	5.26	4.98	5.07	923
16.01.2023 00:00	5.04	5.16	4.92	4.99	500
17.01.2023 00:00	5.04	5.2	4.82	4.88	1226
18.01.2023 00:00	4.9	4.96	4.82	4.91	690
19.01.2023 00:00	4.9	4.99	4.78	4.8100000000000005	2880
20.01.2023 00:00	4.8100000000000005	4.87	4.7	4.79	1728
23.01.2023 00:00	4.79	4.87	4.74	4.82	1024
24.01.2023 00:00	4.84	4.87	4.7	4.79	1132
25.01.2023 00:00	4.79	4.84	4.74	4.8100000000000005	611
26.01.2023 00:00	4.79	4.95	4.74	4.92	1503
27.01.2023 00:00	4.92	4.92	4.78	4.87	2605
30.01.2023 00:00	4.84	4.9	4.83	4.87	383
31.01.2023 00:00	4.92	4.99	4.84	4.88	1495
01.02.2023 00:00	4.9	4.92	4.87	4.88	137
02.02.2023 00:00	4.91	4.93	4.83	4.92	384
03.02.2023 00:00	4.92	4.92	4.71	4.84	1441
06.02.2023 00:00	4.86	4.93	4.84	4.91	501
07.02.2023 00:00	4.91	4.91	4.82	4.88	419
08.02.2023 00:00	4.9	4.91	4.82	4.86	4471
09.02.2023 00:00	4.88	4.88	4.8100000000000005	4.82	3054
10.02.2023 00:00	4.87	4.88	4.78	4.84	1253
13.02.2023 00:00	4.87	4.98	4.84	4.95	2871
14.02.2023 00:00	4.91	4.98	4.8100000000000005	4.91	2618
15.02.2023 00:00	4.95	4.95	4.74	4.88	5293
16.02.2023 00:00	4.78	4.93	4.78	4.86	2038
17.02.2023 00:00	4.87	4.91	4.82	4.88	1210
20.02.2023 00:00	4.9	4.9	4.75	4.82	996
21.02.2023 00:00	4.78	4.86	4.74	4.83	1098
22.02.2023 00:00	4.83	4.88	4.78	4.8100000000000005	531
24.02.2023 00:00	4.82	4.91	4.78	4.84	1299
27.02.2023 00:00	4.83	4.88	4.79	4.86	460
28.02.2023 00:00	4.86	4.88	4.82	4.82	819
01.03.2023 00:00	4.86	4.88	4.82	4.84	616
02.03.2023 00:00	4.87	5.07	4.82	4.91	4359
03.03.2023 00:00	4.92	6.5600000000000005	4.92	5.92	73177
06.03.2023 00:00	5.99	6.29	5.49	5.92	17456
07.03.2023 00:00	5.82	5.87	5.67	5.74	2259
09.03.2023 00:00	5.82	5.91	5.37	5.49	13427
10.03.2023 00:00	5.65	5.65	5.28	5.38	3500
13.03.2023 00:00	5.41	5.49	5.29	5.45	3175
14.03.2023 00:00	5.32	5.42	5.29	5.32	1149
15.03.2023 00:00	5.36	5.41	5.32	5.36	1728
16.03.2023 00:00	5.33	5.38	5.12	5.28	3063
17.03.2023 00:00	5.34	5.34	5.11	5.25	1671
20.03.2023 00:00	5.19	5.36	5.12	5.28	1977
21.03.2023 00:00	5.21	5.32	5.2	5.28	703
22.03.2023 00:00	5.29	5.33	5.2	5.28	6810
23.03.2023 00:00	5.26	5.3	5.2	5.26	2241
24.03.2023 00:00	5.29	5.29	5.16	5.2	4793
27.03.2023 00:00	5.24	5.4	5.2	5.24	21981
28.03.2023 00:00	5.36	5.36	5.12	5.24	11956
29.03.2023 00:00	5.23	5.26	5.17	5.24	5943
30.03.2023 00:00	5.24	5.32	5.2	5.24	5477
31.03.2023 00:00	5.34	5.34	5.16	5.2	5003
03.04.2023 00:00	5.2	5.28	5.2	5.24	2843
04.04.2023 00:00	5.28	5.28	5.24	5.28	1220
05.04.2023 00:00	5.28	5.33	5.2	5.3	6791
06.04.2023 00:00	5.3	5.45	5.28	5.41	17727
07.04.2023 00:00	5.44	5.74	5.3	5.53	12076
10.04.2023 00:00	5.54	5.9	5.49	5.66	17181
11.04.2023 00:00	5.57	6.45	5.57	5.99	56511
12.04.2023 00:00	5.93	6.99	5.83	6.53	68324
13.04.2023 00:00	6.58	6.7	6.13	6.33	8740
14.04.2023 00:00	6.28	6.59	6.2	6.29	4649
17.04.2023 00:00	6.42	6.42	6.15	6.36	5887
18.04.2023 00:00	6.24	6.41	6.24	6.34	1989
19.04.2023 00:00	6.33	6.33	6.08	6.16	3590
20.04.2023 00:00	6.16	6.21	5.91	6.11	4306
21.04.2023 00:00	6.11	6.3	6.05	6.2	5700
24.04.2023 00:00	6.29	6.48	6.07	6.23	9572
25.04.2023 00:00	6.32	6.34	6.03	6.12	16051
26.04.2023 00:00	6.13	6.29	6.07	6.29	7911
27.04.2023 00:00	6.4	6.4	6.07	6.16	12686
28.04.2023 00:00	6.23	6.23	5.95	5.99	7042
02.05.2023 00:00	6.03	6.03	5.46	5.49	10257
03.05.2023 00:00	5.57	5.59	5.29	5.41	3681
04.05.2023 00:00	5.46	5.57	5.32	5.5	3123
05.05.2023 00:00	5.49	5.59	5.42	5.46	1059
08.05.2023 00:00	5.42	5.54	5.36	5.54	1273
10.05.2023 00:00	5.54	5.71	5.2	5.63	1952
11.05.2023 00:00	5.63	5.98	5.63	5.82	6475
12.05.2023 00:00	5.84	5.95	5.67	5.82	2332
15.05.2023 00:00	5.82	5.91	5.71	5.78	2111
16.05.2023 00:00	5.8100000000000005	5.84	5.7	5.74	2049
17.05.2023 00:00	5.66	5.74	5.58	5.58	7257
18.05.2023 00:00	5.62	5.8100000000000005	5.49	5.71	4805
19.05.2023 00:00	5.71	6.09	5.67	5.79	11354
22.05.2023 00:00	5.79	6.01	5.59	5.7	3822
23.05.2023 00:00	5.73	5.74	5.57	5.57	1330
24.05.2023 00:00	5.59	5.75	5.57	5.7	2197
25.05.2023 00:00	5.7	5.71	5.5600000000000005	5.63	2062
26.05.2023 00:00	5.65	5.76	5.65	5.7	1155
29.05.2023 00:00	5.73	5.78	5.66	5.68	1129
30.05.2023 00:00	5.66	5.73	5.59	5.65	1786
31.05.2023 00:00	5.63	5.74	5.32	5.57	5560
01.06.2023 00:00	5.58	5.63	5.4	5.46	2372
02.06.2023 00:00	5.46	6.09	5.41	5.78	8335
05.06.2023 00:00	5.84	6.03	5.59	5.7	4547
06.06.2023 00:00	5.84	5.88	5.46	5.88	4107
07.06.2023 00:00	5.92	5.92	5.59	5.73	2943
08.06.2023 00:00	5.73	5.74	5.51	5.62	1533
09.06.2023 00:00	5.61	5.74	5.45	5.57	8415
13.06.2023 00:00	5.57	5.67	5.54	5.57	4933
14.06.2023 00:00	5.63	5.63	5.36	5.58	7473
15.06.2023 00:00	5.59	5.74	5.53	5.63	11231
16.06.2023 00:00	5.65	5.73	5.57	5.63	3278
19.06.2023 00:00	5.7	5.74	5.59	5.67	4121
20.06.2023 00:00	5.68	5.9	5.62	5.79	13703
21.06.2023 00:00	5.88	6.09	5.76	5.93	11122
22.06.2023 00:00	5.99	6.09	5.86	5.93	5923
23.06.2023 00:00	5.95	5.95	5.78	5.8100000000000005	3067
26.06.2023 00:00	5.49	5.93	5.46	5.78	7454
27.06.2023 00:00	5.71	5.79	5.54	5.7	4486
28.06.2023 00:00	5.61	5.75	5.61	5.71	2250
29.06.2023 00:00	5.73	5.74	5.57	5.63	5667
30.06.2023 00:00	5.63	5.67	5.49	5.59	6391
03.07.2023 00:00	5.62	5.73	5.61	5.66	5438
04.07.2023 00:00	5.67	5.74	5.62	5.7	1866
05.07.2023 00:00	5.7	5.73	5.58	5.7	3698
06.07.2023 00:00	5.7	5.73	5.66	5.71	2572
07.07.2023 00:00	5.71	5.74	5.5600000000000005	5.65	5120
10.07.2023 00:00	5.66	5.68	5.59	5.67	5509
11.07.2023 00:00	5.68	5.7	5.54	5.66	10160
12.07.2023 00:00	5.66	5.7	5.66	5.68	3045
13.07.2023 00:00	5.7	5.86	5.61	5.71	8126
14.07.2023 00:00	5.79	5.9	5.7	5.82	6149
17.07.2023 00:00	5.87	5.95	5.8100000000000005	5.87	4237
18.07.2023 00:00	5.9	6.16	5.86	6.15	14104
19.07.2023 00:00	6.2	6.24	6.04	6.2	13642
20.07.2023 00:00	6.21	6.21	6.05	6.13	6348
21.07.2023 00:00	6.21	6.36	6.07	6.28	6232
24.07.2023 00:00	6.34	6.36	6.19	6.29	6268
25.07.2023 00:00	6.28	6.4	6.11	6.28	10637
26.07.2023 00:00	6.29	6.45	6.28	6.44	8721
27.07.2023 00:00	6.45	6.59	6.4	6.57	10167
28.07.2023 00:00	6.57	6.75	6.49	6.74	16422
31.07.2023 00:00	6.74	6.74	6.45	6.62	21446
01.08.2023 00:00	6.62	6.62	6.49	6.58	10661
02.08.2023 00:00	6.58	6.96	6.58	6.9	38640
03.08.2023 00:00	6.99	6.99	6.7	6.95	13584
04.08.2023 00:00	7.03	7.37	6.49	6.74	31947
07.08.2023 00:00	6.74	7.78	6.61	7.78	32921
08.08.2023 00:00	8.09	8.38	7.25	8.28	40439
09.08.2023 00:00	8.4	11.13	8.34	10.49	110026
10.08.2023 00:00	10.9	10.9	7.9	8.3	118112
11.08.2023 00:00	8.59	8.97	8.11	8.64	28961
14.08.2023 00:00	8.71	8.88	8.3	8.4	37372
15.08.2023 00:00	8.15	8.42	7.61	8.14	23432
16.08.2023 00:00	8.18	8.28	7.29	7.54	29418
17.08.2023 00:00	7.58	7.68	7.3	7.48	7414
18.08.2023 00:00	7.53	7.67	7.3	7.57	10661
21.08.2023 00:00	7.87	8.09	7.53	8.01	27683
22.08.2023 00:00	8.03	8.38	7.9	8.07	35455
23.08.2023 00:00	8.09	8.19	7.76	7.96	13895
24.08.2023 00:00	7.9	7.9	7.61	7.86	7557
25.08.2023 00:00	7.9	8.15	7.67	8.11	21160
28.08.2023 00:00	8.15	8.38	8.0	8.3	40203
29.08.2023 00:00	8.35	8.44	7.99	8.15	23281
30.08.2023 00:00	8.16	8.33	8.01	8.15	22799
31.08.2023 00:00	8.15	8.17	7.84	7.99	26986
01.09.2023 00:00	8.06	8.19	7.9	8.17	29007
04.09.2023 00:00	8.3	8.44	8.11	8.32	57324
05.09.2023 00:00	8.49	9.18	8.19	8.35	178950
06.09.2023 00:00	8.39	8.39	7.99	8.22	26753
07.09.2023 00:00	8.22	8.33	7.49	7.71	44871
08.09.2023 00:00	7.74	7.99	7.33	7.95	18273
11.09.2023 00:00	7.95	8.16	7.74	7.91	13559
12.09.2023 00:00	7.91	8.16	7.87	8.05	11694
13.09.2023 00:00	8.05	8.18	7.74	7.82	13288
14.09.2023 00:00	7.9	7.9	6.19	7.15	31371
15.09.2023 00:00	7.24	8.1	6.99	7.48	27461
18.09.2023 00:00	7.57	7.62	7.2	7.28	7905
19.09.2023 00:00	7.29	7.78	6.7	7.03	22336
20.09.2023 00:00	7.03	7.03	6.29	6.76	15921
21.09.2023 00:00	6.53	7.2	6.51	6.66	7102
22.09.2023 00:00	6.57	7.09	6.49	7.01	10762
25.09.2023 00:00	7.04	7.16	6.82	7.07	5228
26.09.2023 00:00	7.07	7.13	6.91	7.01	2920
27.09.2023 00:00	7.07	7.07	6.9	6.98	3248
28.09.2023 00:00	7.07	7.28	6.99	7.08	9515
29.09.2023 00:00	7.15	7.2	6.99	7.05	4090
02.10.2023 00:00	7.09	7.3	7.05	7.15	8286
03.10.2023 00:00	7.15	7.49	7.0	7.2	8971
04.10.2023 00:00	7.28	7.45	7.15	7.29	17341
05.10.2023 00:00	7.34	7.46	7.25	7.32	3850
06.10.2023 00:00	7.44	7.44	7.19	7.3	2973
09.10.2023 00:00	7.34	7.63	7.16	7.25	5130
10.10.2023 00:00	7.32	7.32	7.17	7.28	4303
11.10.2023 00:00	7.29	7.59	7.13	7.24	27258
12.10.2023 00:00	7.12	7.12	6.34	6.98	11836
13.10.2023 00:00	6.95	7.0	6.9	6.99	3708
16.10.2023 00:00	6.99	7.13	6.9	7.05	5148
17.10.2023 00:00	7.11	7.23	7.05	7.2	6788
18.10.2023 00:00	7.23	7.46	7.15	7.21	7861
19.10.2023 00:00	7.36	7.36	7.09	7.2	2406
20.10.2023 00:00	7.25	7.28	7.03	7.13	4431
23.10.2023 00:00	7.24	7.24	6.95	7.07	3011
24.10.2023 00:00	7.03	7.07	6.93	7.04	3488
25.10.2023 00:00	7.03	7.07	6.9	6.98	5936
26.10.2023 00:00	6.98	7.03	6.74	6.82	6104
27.10.2023 00:00	6.9	6.9	6.74	6.82	3235
30.10.2023 00:00	6.84	6.86	6.7	6.7	2549
31.10.2023 00:00	6.71	6.84	6.61	6.67	8835
01.11.2023 00:00	6.67	6.71	6.46	6.58	6518
02.11.2023 00:00	6.58	6.7	6.51	6.66	7408
03.11.2023 00:00	6.66	6.68	6.58	6.67	1415
06.11.2023 00:00	6.68	6.68	6.49	6.51	4302
07.11.2023 00:00	6.59	6.86	6.49	6.63	10158
08.11.2023 00:00	6.63	6.82	6.61	6.73	7074
09.11.2023 00:00	6.78	6.91	6.7	6.84	4965
10.11.2023 00:00	6.87	6.88	6.46	6.57	4463
13.11.2023 00:00	6.61	6.75	5.95	6.09	28272
14.11.2023 00:00	6.0	6.07	5.28	5.79	13062
15.11.2023 00:00	5.78	6.05	5.54	5.98	9100
16.11.2023 00:00	6.03	6.13	5.82	6.04	7775
17.11.2023 00:00	6.08	6.09	5.84	5.91	4462
20.11.2023 00:00	5.91	5.99	5.84	5.87	3163
21.11.2023 00:00	5.86	5.91	5.66	5.76	4252
22.11.2023 00:00	5.82	6.37	5.73	6.07	24715
23.11.2023 00:00	6.05	6.15	5.82	5.87	8646
24.11.2023 00:00	5.95	6.21	5.9	5.99	5545
27.11.2023 00:00	6.01	6.03	5.7	5.86	5823
28.11.2023 00:00	5.8100000000000005	6.04	5.75	5.99	3132
29.11.2023 00:00	5.95	6.15	5.91	6.09	1911
30.11.2023 00:00	6.07	6.16	5.86	5.99	1960
01.12.2023 00:00	5.98	6.13	5.74	5.92	2935
04.12.2023 00:00	5.86	5.95	5.4	5.45	10290
05.12.2023 00:00	5.45	5.58	5.3	5.41	6227
06.12.2023 00:00	5.41	5.45	5.12	5.16	10333
07.12.2023 00:00	5.16	5.24	4.99	5.09	3092
08.12.2023 00:00	5.07	5.57	5.05	5.25	10690
11.12.2023 00:00	5.32	5.44	5.2	5.25	5078
12.12.2023 00:00	5.21	5.24	5.09	5.15	2638
13.12.2023 00:00	5.13	5.24	5.12	5.16	2383
14.12.2023 00:00	5.2	5.4	5.07	5.11	4322
15.12.2023 00:00	5.15	5.26	5.04	5.26	2441
18.12.2023 00:00	5.28	5.41	5.2	5.41	4312
19.12.2023 00:00	5.41	5.63	5.41	5.49	3311
20.12.2023 00:00	5.49	5.73	5.32	5.7	8941
21.12.2023 00:00	5.63	6.07	5.4	5.74	13118
22.12.2023 00:00	5.78	5.86	5.61	5.78	3420
25.12.2023 00:00	5.75	5.82	5.45	5.63	4603
26.12.2023 00:00	5.67	5.7	5.46	5.58	3578
27.12.2023 00:00	5.51	5.61	5.32	5.5	11874
28.12.2023 00:00	5.49	5.5	5.26	5.32	6469
29.12.2023 00:00	5.34	5.38	5.19	5.28	4914
03.01.2024 00:00	5.32	5.36	5.15	5.3	2002
04.01.2024 00:00	5.36	5.46	5.32	5.41	3455
05.01.2024 00:00	5.41	5.59	5.32	5.57	6386
08.01.2024 00:00	5.54	5.68	5.5	5.5600000000000005	5769
09.01.2024 00:00	5.62	5.84	5.53	5.78	11387
10.01.2024 00:00	5.79	5.93	5.73	5.93	10656
11.01.2024 00:00	5.93	6.05	5.71	5.86	8353
12.01.2024 00:00	5.9	6.44	5.82	6.03	45935
15.01.2024 00:00	6.2	6.33	6.01	6.09	14810
16.01.2024 00:00	6.13	6.16	5.9	5.98	8364
17.01.2024 00:00	6.04	6.34	5.99	6.17	7471
18.01.2024 00:00	6.17	6.2	6.05	6.13	4815
19.01.2024 00:00	6.13	6.13	5.95	6.09	4195
22.01.2024 00:00	6.09	6.17	6.05	6.15	1748
23.01.2024 00:00	6.15	6.4	6.09	6.25	10579
24.01.2024 00:00	6.33	6.42	6.12	6.19	14718
25.01.2024 00:00	6.24	6.37	6.11	6.32	10376
26.01.2024 00:00	6.4	6.4	6.19	6.23	4174
29.01.2024 00:00	6.29	6.53	6.13	6.2	68247
30.01.2024 00:00	6.2	6.33	6.0	6.09	16756
31.01.2024 00:00	6.09	6.19	5.7	5.95	22688
01.02.2024 00:00	5.99	6.03	5.82	6.01	7825
02.02.2024 00:00	6.03	6.03	5.92	5.96	2946
05.02.2024 00:00	6.03	6.03	5.9	6.01	4013
06.02.2024 00:00	6.01	6.07	5.95	6.07	2351
07.02.2024 00:00	6.07	6.07	5.98	6.0	2990
08.02.2024 00:00	6.0	6.01	5.7	5.82	16592
09.02.2024 00:00	5.84	5.84	5.71	5.75	4422
12.02.2024 00:00	5.75	5.83	5.49	5.66	10914
13.02.2024 00:00	5.57	5.78	5.54	5.74	5625
14.02.2024 00:00	5.76	5.78	5.24	5.54	11615
15.02.2024 00:00	5.66	5.67	5.41	5.66	7812
16.02.2024 00:00	5.66	5.7	5.4	5.54	12983
19.02.2024 00:00	5.54	5.66	5.42	5.54	6418
20.02.2024 00:00	5.54	5.57	5.42	5.45	3189
21.02.2024 00:00	5.45	5.45	5.28	5.41	7022
22.02.2024 00:00	5.45	5.51	5.41	5.45	2331
26.02.2024 00:00	5.48	5.82	5.28	5.61	8849
27.02.2024 00:00	5.66	5.73	5.44	5.5	8223
28.02.2024 00:00	5.51	5.7	5.5	5.65	7029
29.02.2024 00:00	5.7	5.71	5.57	5.68	4742
01.03.2024 00:00	5.68	5.68	5.59	5.65	1704
04.03.2024 00:00	5.68	5.86	5.61	5.74	7148
05.03.2024 00:00	5.76	5.76	5.62	5.68	3730
06.03.2024 00:00	5.78	5.78	5.68	5.7	2487
07.03.2024 00:00	5.74	5.74	5.61	5.65	2387
11.03.2024 00:00	5.66	5.66	5.4	5.58	5706
12.03.2024 00:00	5.62	5.62	5.42	5.53	5010
13.03.2024 00:00	5.5	5.66	5.5	5.66	5072
14.03.2024 00:00	5.67	5.75	5.54	5.61	4609
15.03.2024 00:00	5.62	5.62	5.49	5.57	2362
18.03.2024 00:00	5.54	5.59	5.49	5.5	1772
19.03.2024 00:00	5.49	5.61	5.23	5.3	12543
20.03.2024 00:00	5.32	5.49	5.32	5.36	3061
21.03.2024 00:00	5.37	5.44	5.33	5.37	4259
22.03.2024 00:00	5.4	5.48	5.24	5.34	4525
25.03.2024 00:00	5.29	5.34	5.19	5.32	2393
26.03.2024 00:00	5.32	5.48	5.32	5.41	3981
27.03.2024 00:00	5.48	5.49	5.4	5.45	2048
28.03.2024 00:00	5.45	5.49	5.25	5.36	4023
29.03.2024 00:00	5.41	5.41	5.24	5.38	2935
01.04.2024 00:00	5.4	5.41	5.2	5.26	27042
02.04.2024 00:00	5.26	5.41	5.24	5.28	10220
03.04.2024 00:00	5.3	5.34	5.21	5.33	9760
04.04.2024 00:00	5.34	5.42	5.3	5.41	7968
05.04.2024 00:00	5.41	5.65	5.34	5.49	26035
08.04.2024 00:00	5.53	5.63	5.5	5.59	6083
09.04.2024 00:00	5.61	5.63	5.49	5.51	5328
10.04.2024 00:00	5.49	5.53	5.45	5.51	4718
11.04.2024 00:00	5.53	5.61	5.49	5.49	4377
12.04.2024 00:00	5.49	5.57	5.45	5.51	2249
15.04.2024 00:00	5.53	5.57	5.46	5.53	2815
16.04.2024 00:00	5.53	5.57	5.44	5.53	1880
17.04.2024 00:00	5.54	5.76	5.5	5.59	15856
18.04.2024 00:00	5.67	5.74	5.57	5.65	3116
19.04.2024 00:00	5.7	5.7	5.51	5.61	1912
22.04.2024 00:00	5.5	5.7	5.5	5.66	4545
23.04.2024 00:00	5.71	5.71	5.48	5.53	5648
24.04.2024 00:00	5.57	5.58	5.44	5.53	4074
25.04.2024 00:00	5.53	5.53	5.4	5.45	3907
26.04.2024 00:00	5.45	5.46	5.28	5.4	4305
27.04.2024 00:00	5.4	5.48	5.3	5.4	3173
29.04.2024 00:00	5.41	5.44	5.34	5.4	2227
30.04.2024 00:00	5.4	5.41	5.37	5.41	1536
02.05.2024 00:00	5.37	5.42	5.36	5.41	2564
03.05.2024 00:00	5.42	5.42	5.32	5.38	2420
06.05.2024 00:00	5.38	5.45	5.33	5.36	2096
07.05.2024 00:00	5.4	5.4	5.29	5.36	2745
08.05.2024 00:00	5.37	5.37	5.28	5.32	4084
10.05.2024 00:00	5.32	5.33	5.24	5.32	2946
13.05.2024 00:00	5.32	5.33	5.25	5.29	3425
14.05.2024 00:00	5.28	5.29	5.25	5.28	1987
15.05.2024 00:00	5.28	5.3	5.24	5.28	2564
16.05.2024 00:00	5.26	5.28	5.2	5.24	3301
17.05.2024 00:00	5.21	5.44	5.21	5.28	3139
20.05.2024 00:00	5.28	5.32	5.21	5.24	1370
21.05.2024 00:00	5.24	5.28	5.11	5.15	4673
22.05.2024 00:00	5.17	5.19	5.12	5.15	1011
23.05.2024 00:00	5.19	5.29	5.04	5.04	4417
24.05.2024 00:00	5.07	5.12	4.9	4.99	4219
27.05.2024 00:00	4.62	4.95	4.62	4.78	5260
28.05.2024 00:00	4.79	4.91	4.79	4.82	1442
29.05.2024 00:00	4.82	4.84	4.74	4.74	1102
30.05.2024 00:00	4.74	4.78	4.62	4.7	2700
31.05.2024 00:00	4.68	4.68	4.29	4.51	9897
03.06.2024 00:00	4.5600000000000005	4.58	3.99	4.25	10917
04.06.2024 00:00	4.59	4.78	4.28	4.48	13781
05.06.2024 00:00	4.5600000000000005	4.66	4.49	4.62	1126
06.06.2024 00:00	4.62	4.73	4.51	4.53	796
07.06.2024 00:00	4.53	4.66	4.46	4.65	1943
10.06.2024 00:00	4.65	4.8100000000000005	4.65	4.71	1252
11.06.2024 00:00	4.71	4.93	4.7	4.8100000000000005	2906
13.06.2024 00:00	4.66	4.76	4.5600000000000005	4.74	2777
14.06.2024 00:00	4.74	4.74	4.59	4.7	2390
17.06.2024 00:00	4.7	4.73	4.59	4.62	2112
18.06.2024 00:00	4.62	4.62	4.49	4.49	2685
19.06.2024 00:00	4.49	4.49	4.32	4.32	1987
20.06.2024 00:00	4.37	4.48	4.29	4.41	1735
21.06.2024 00:00	4.4	4.54	4.4	4.46	835
24.06.2024 00:00	4.46	4.46	4.34	4.38	777
25.06.2024 00:00	4.36	4.36	4.2	4.29	7301
26.06.2024 00:00	4.32	4.54	4.21	4.21	2746
27.06.2024 00:00	4.26	4.37	4.24	4.28	1631
28.06.2024 00:00	4.29	4.3	4.28	4.29	394
01.07.2024 00:00	4.29	4.41	4.29	4.37	1730
02.07.2024 00:00	4.3	4.49	4.26	4.32	3336
03.07.2024 00:00	4.32	4.46	4.3	4.36	2082
04.07.2024 00:00	4.33	5.19	4.25	4.87	34119
05.07.2024 00:00	4.83	5.01	4.53	4.71	8729
08.07.2024 00:00	4.7	4.74	4.45	4.53	3979
09.07.2024 00:00	4.65	4.66	4.01	4.16	16824
10.07.2024 00:00	4.23	4.24	4.01	4.03	4761
11.07.2024 00:00	4.04	4.24	4.03	4.2	1549
12.07.2024 00:00	4.2	4.78	4.11	4.29	10094
15.07.2024 00:00	4.3	4.45	3.99	4.23	9125
16.07.2024 00:00	4.23	4.23	4.07	4.2	1440
17.07.2024 00:00	4.21	4.34	4.15	4.24	1372
18.07.2024 00:00	4.2	4.24	4.08	4.15	7204
19.07.2024 00:00	4.15	4.16	4.08	4.12	2794
22.07.2024 00:00	4.16	4.2	4.12	4.17	2153
23.07.2024 00:00	4.19	4.2	4.11	4.19	3476
24.07.2024 00:00	4.19	4.23	4.09	4.2	2803
25.07.2024 00:00	4.16	4.24	4.15	4.19	3737
26.07.2024 00:00	4.23	4.23	3.99	4.16	5256
29.07.2024 00:00	4.12	4.12	3.87	3.95	12200
30.07.2024 00:00	3.95	3.97	3.89	3.95	2885
31.07.2024 00:00	3.96	4.07	3.89	3.97	7812
01.08.2024 00:00	3.97	4.07	3.91	3.93	5240
02.08.2024 00:00	3.95	3.95	3.83	3.89	6627
05.08.2024 00:00	3.87	3.87	3.8000000000000003	3.8200000000000003	2157
06.08.2024 00:00	3.83	3.87	3.7800000000000002	3.83	2955
07.08.2024 00:00	3.8200000000000003	3.95	3.8200000000000003	3.93	2534
08.08.2024 00:00	3.93	3.95	3.87	3.93	542
09.08.2024 00:00	3.93	3.93	3.7800000000000002	3.87	7857
12.08.2024 00:00	3.85	3.91	3.7800000000000002	3.89	4178
13.08.2024 00:00	3.89	4.04	3.85	3.97	6463
14.08.2024 00:00	3.99	4.24	3.93	3.95	7736
15.08.2024 00:00	3.96	4.07	3.89	3.99	3558
16.08.2024 00:00	3.97	4.16	3.89	3.95	5863
19.08.2024 00:00	3.95	4.12	3.85	3.85	5097
20.08.2024 00:00	3.85	3.91	3.8200000000000003	3.87	1634
21.08.2024 00:00	3.89	3.91	3.81	3.89	1464
22.08.2024 00:00	3.85	3.87	3.79	3.8000000000000003	2079
23.08.2024 00:00	3.81	3.81	3.54	3.62	7459
26.08.2024 00:00	3.62	3.83	3.62	3.75	2816
27.08.2024 00:00	3.8200000000000003	3.83	3.66	3.68	1376
28.08.2024 00:00	3.7	3.7	3.62	3.68	1385
29.08.2024 00:00	3.68	3.68	3.62	3.64	696
30.08.2024 00:00	3.64	3.66	3.5100000000000002	3.56	1806
02.09.2024 00:00	3.6	3.64	3.2600000000000002	3.39	6974
03.09.2024 00:00	3.49	3.56	3.35	3.43	1383
04.09.2024 00:00	3.43	3.62	3.37	3.47	1868
05.09.2024 00:00	3.5	3.66	3.39	3.62	2654
06.09.2024 00:00	3.62	3.8000000000000003	3.5300000000000002	3.6	1971
09.09.2024 00:00	3.58	3.72	3.5700000000000003	3.68	2028
10.09.2024 00:00	3.74	3.8000000000000003	3.64	3.66	1481
11.09.2024 00:00	3.66	3.7	3.58	3.62	1254
12.09.2024 00:00	3.58	3.62	3.43	3.49	930
13.09.2024 00:00	3.49	3.5300000000000002	3.43	3.5300000000000002	1565
16.09.2024 00:00	3.54	3.75	3.45	3.64	2790
17.09.2024 00:00	3.66	3.7600000000000002	3.64	3.7600000000000002	1513
18.09.2024 00:00	3.74	3.85	3.74	3.79	1608
19.09.2024 00:00	3.79	3.87	3.79	3.85	525
20.09.2024 00:00	3.85	3.89	3.81	3.81	1401
23.09.2024 00:00	3.8200000000000003	3.89	3.8000000000000003	3.85	1528
24.09.2024 00:00	3.87	4.12	3.87	3.95	5224
25.09.2024 00:00	4.03	4.03	3.87	3.91	1146
26.09.2024 00:00	3.89	3.91	3.74	3.85	2158
27.09.2024 00:00	3.83	3.89	3.8000000000000003	3.85	471
30.09.2024 00:00	3.85	3.93	3.7	3.7800000000000002	3425
01.10.2024 00:00	3.74	3.7800000000000002	3.62	3.68	1404
02.10.2024 00:00	3.64	3.68	3.56	3.6	1417
03.10.2024 00:00	3.58	3.68	3.49	3.62	1743
04.10.2024 00:00	3.64	3.7	3.49	3.5300000000000002	3380
07.10.2024 00:00	3.5300000000000002	3.54	3.5100000000000002	3.54	807
08.10.2024 00:00	3.5300000000000002	3.54	3.46	3.5300000000000002	949
09.10.2024 00:00	3.54	3.54	3.49	3.5300000000000002	1768
10.10.2024 00:00	3.54	3.58	3.47	3.5300000000000002	1858
11.10.2024 00:00	3.5300000000000002	3.5300000000000002	3.49	3.5300000000000002	1217
14.10.2024 00:00	3.5300000000000002	3.5300000000000002	3.43	3.5100000000000002	1874
15.10.2024 00:00	3.49	3.56	3.45	3.5100000000000002	1374
16.10.2024 00:00	3.5300000000000002	3.8200000000000003	3.45	3.6	4719
17.10.2024 00:00	3.62	3.62	3.5300000000000002	3.5700000000000003	532
18.10.2024 00:00	3.5700000000000003	3.5700000000000003	3.47	3.5500000000000003	1707
21.10.2024 00:00	3.54	3.56	3.47	3.5300000000000002	692
22.10.2024 00:00	3.5300000000000002	3.54	3.49	3.54	586
23.10.2024 00:00	3.5300000000000002	3.5300000000000002	3.43	3.49	1302
24.10.2024 00:00	3.47	3.5100000000000002	3.43	3.46	578
25.10.2024 00:00	3.5	3.5300000000000002	3.37	3.43	509
28.10.2024 00:00	3.41	3.45	3.22	3.37	4284
29.10.2024 00:00	3.41	3.41	3.24	3.35	2964
30.10.2024 00:00	3.39	3.6	3.35	3.45	2678
31.10.2024 00:00	3.41	3.43	3.29	3.35	3829
01.11.2024 00:00	3.35	3.35	3.25	3.29	738
02.11.2024 00:00	3.33	3.35	3.33	3.35	106
05.11.2024 00:00	3.3000000000000003	3.35	3.22	3.24	3265
06.11.2024 00:00	3.2800000000000002	3.39	3.25	3.2800000000000002	1651
07.11.2024 00:00	3.29	3.31	3.22	3.31	824
08.11.2024 00:00	3.3000000000000003	3.43	3.3000000000000003	3.39	788
11.11.2024 00:00	3.41	3.6	3.35	3.47	3037
12.11.2024 00:00	3.43	3.5300000000000002	3.39	3.49	640
13.11.2024 00:00	3.49	3.54	3.47	3.54	648
14.11.2024 00:00	3.54	3.54	3.41	3.45	1223
15.11.2024 00:00	3.45	3.49	3.41	3.47	686
18.11.2024 00:00	3.43	3.46	3.41	3.41	906
19.11.2024 00:00	3.45	3.45	3.29	3.29	1607
20.11.2024 00:00	3.29	3.33	3.24	3.29	1294
21.11.2024 00:00	3.33	3.33	3.24	3.29	790
22.11.2024 00:00	3.29	3.33	3.25	3.2600000000000002	214
25.11.2024 00:00	3.3000000000000003	3.3000000000000003	3.1	3.16	1497
26.11.2024 00:00	3.16	3.2	2.89	2.99	6681
27.11.2024 00:00	2.99	3.08	2.8000000000000003	2.87	2143
28.11.2024 00:00	2.95	2.99	2.91	2.93	3588
29.11.2024 00:00	2.95	2.99	2.89	2.95	2010
02.12.2024 00:00	2.96	2.99	2.87	2.99	2513
03.12.2024 00:00	2.95	3.0100000000000002	2.87	2.87	1384
04.12.2024 00:00	2.95	2.99	2.87	2.91	778
05.12.2024 00:00	2.91	2.99	2.91	2.96	807
06.12.2024 00:00	2.97	2.99	2.95	2.96	256
09.12.2024 00:00	2.99	2.99	2.95	2.99	1918
10.12.2024 00:00	2.99	2.99	2.95	2.97	520
11.12.2024 00:00	2.95	2.95	2.87	2.87	1589
12.12.2024 00:00	2.85	2.99	2.7800000000000002	2.87	3171
13.12.2024 00:00	2.87	2.87	2.7800000000000002	2.8000000000000003	1152
16.12.2024 00:00	2.8000000000000003	2.81	2.71	2.75	1645
17.12.2024 00:00	2.75	2.7800000000000002	2.71	2.7800000000000002	303
18.12.2024 00:00	2.7800000000000002	2.95	2.74	2.91	2198
19.12.2024 00:00	2.91	2.93	2.81	2.81	1266
20.12.2024 00:00	2.81	2.99	2.79	2.89	8094
23.12.2024 00:00	2.93	3.04	2.91	2.97	5757
24.12.2024 00:00	2.96	3.04	2.93	2.95	2397
25.12.2024 00:00	2.95	3.1	2.93	2.97	4942
26.12.2024 00:00	2.99	3.0300000000000002	2.95	2.99	1183
27.12.2024 00:00	2.97	2.99	2.93	2.99	1377
28.12.2024 00:00	2.99	3.0300000000000002	2.93	3.0	2615
30.12.2024 00:00	2.99	3.1	2.99	3.0500000000000003	1978
03.01.2025 00:00	3.04	3.12	3.0100000000000002	3.0300000000000002	1721
06.01.2025 00:00	3.0300000000000002	3.1	2.91	3.06	3093
08.01.2025 00:00	3.06	3.35	3.06	3.31	10992
09.01.2025 00:00	3.31	3.35	3.2	3.25	1565
10.01.2025 00:00	3.2600000000000002	3.33	3.16	3.2800000000000002	2350
13.01.2025 00:00	3.2800000000000002	3.33	3.14	3.22	3166
14.01.2025 00:00	3.22	3.22	3.02	3.14	12203
15.01.2025 00:00	3.18	3.2600000000000002	3.12	3.2	6486
16.01.2025 00:00	3.24	3.37	3.22	3.2800000000000002	5475
17.01.2025 00:00	3.2800000000000002	3.45	3.2800000000000002	3.35	6911
20.01.2025 00:00	3.35	3.49	3.24	3.31	8045
21.01.2025 00:00	3.31	3.64	3.3000000000000003	3.58	26166
22.01.2025 00:00	3.62	3.68	3.37	3.6	13064
23.01.2025 00:00	3.6	3.74	3.5300000000000002	3.7	10071
24.01.2025 00:00	3.74	3.74	3.66	3.68	3456
27.01.2025 00:00	3.7	3.7	3.5300000000000002	3.5700000000000003	3271
28.01.2025 00:00	3.6	3.64	3.46	3.6	3584
29.01.2025 00:00	3.6	3.72	3.54	3.62	2834
30.01.2025 00:00	3.62	3.71	3.6	3.66	3164
31.01.2025 00:00	3.7	3.72	3.58	3.6	3225
03.02.2025 00:00	3.6	3.68	3.5100000000000002	3.5500000000000003	3518
04.02.2025 00:00	3.5700000000000003	3.5700000000000003	3.45	3.5300000000000002	2700
05.02.2025 00:00	3.49	3.49	3.41	3.45	2551
06.02.2025 00:00	3.45	3.6	3.45	3.5700000000000003	2431
07.02.2025 00:00	3.5700000000000003	3.62	3.54	3.5700000000000003	577
10.02.2025 00:00	3.6	3.6	3.46	3.5300000000000002	4022
11.02.2025 00:00	3.5100000000000002	3.5300000000000002	3.43	3.46	4031
12.02.2025 00:00	3.49	3.58	3.47	3.56	8340
13.02.2025 00:00	3.6	3.7	3.5100000000000002	3.5300000000000002	6379
14.02.2025 00:00	3.5500000000000003	3.66	3.5300000000000002	3.56	8782
17.02.2025 00:00	3.6	3.7800000000000002	3.5300000000000002	3.74	19674
18.02.2025 00:00	3.68	3.74	3.66	3.7	1854
19.02.2025 00:00	3.68	3.71	3.64	3.68	1819
20.02.2025 00:00	3.64	3.71	3.56	3.68	3971
21.02.2025 00:00	3.68	3.71	3.66	3.7	2123
24.02.2025 00:00	3.7	3.75	3.68	3.7	3386
25.02.2025 00:00	3.71	3.89	3.7	3.74	13384
26.02.2025 00:00	3.74	3.7600000000000002	3.62	3.68	3951
27.02.2025 00:00	3.66	3.68	3.5300000000000002	3.6	3935
28.02.2025 00:00	3.56	3.6	3.5100000000000002	3.56	1939
03.03.2025 00:00	3.6	3.62	3.5300000000000002	3.5500000000000003	1485
04.03.2025 00:00	3.6	3.66	3.5500000000000003	3.5700000000000003	3186
05.03.2025 00:00	3.6	3.85	3.56	3.8000000000000003	8632
06.03.2025 00:00	3.8000000000000003	3.87	3.7	3.75	5745
07.03.2025 00:00	3.75	3.7800000000000002	3.64	3.66	2919
10.03.2025 00:00	3.68	3.7600000000000002	3.66	3.71	1272
11.03.2025 00:00	3.71	3.8200000000000003	3.64	3.66	4798
12.03.2025 00:00	3.66	3.75	3.64	3.7	932
13.03.2025 00:00	3.7	3.7	3.46	3.49	10511
14.03.2025 00:00	3.5700000000000003	3.64	3.47	3.5300000000000002	2945
17.03.2025 00:00	3.54	3.64	3.54	3.58	1428
18.03.2025 00:00	3.6	3.66	3.5500000000000003	3.6	1731
19.03.2025 00:00	3.6	3.7	3.5300000000000002	3.7	1102
20.03.2025 00:00	3.7	3.7600000000000002	3.62	3.68	3114
21.03.2025 00:00	3.74	3.7800000000000002	3.66	3.68	1445
24.03.2025 00:00	3.72	3.74	3.64	3.66	689
25.03.2025 00:00	3.68	3.71	3.64	3.64	722
26.03.2025 00:00	3.71	3.8000000000000003	3.6	3.64	1404
27.03.2025 00:00	3.64	3.68	3.45	3.5	7105
28.03.2025 00:00	3.5	3.5300000000000002	3.22	3.39	8964
31.03.2025 00:00	3.39	3.43	3.2800000000000002	3.35	3088
01.04.2025 00:00	3.33	3.39	3.2800000000000002	3.35	1291
02.04.2025 00:00	3.35	3.35	3.2800000000000002	3.3000000000000003	1503
03.04.2025 00:00	3.29	3.33	3.2	3.24	1472
04.04.2025 00:00	3.24	3.2800000000000002	3.1	3.12	3862
07.04.2025 00:00	3.12	3.18	2.85	2.93	3830
08.04.2025 00:00	2.95	3.0500000000000003	2.95	2.97	1736
09.04.2025 00:00	2.97	2.97	2.8000000000000003	2.83	2514
10.04.2025 00:00	2.93	3.0	2.93	2.99	986
11.04.2025 00:00	2.97	3.1	2.93	3.0	1353
14.04.2025 00:00	3.0	3.02	2.97	3.0100000000000002	605
15.04.2025 00:00	3.0	3.04	2.99	3.0100000000000002	604
16.04.2025 00:00	3.0100000000000002	3.0500000000000003	3.0	3.04	266
17.04.2025 00:00	3.04	3.0500000000000003	3.0100000000000002	3.0100000000000002	281
18.04.2025 00:00	3.0100000000000002	3.02	3.0	3.0100000000000002	183
21.04.2025 00:00	3.0	3.0300000000000002	2.97	3.0300000000000002	1244
22.04.2025 00:00	3.04	3.08	3.0	3.08	1192
23.04.2025 00:00	3.08	3.08	3.0300000000000002	3.06	339
24.04.2025 00:00	3.08	3.16	3.0100000000000002	3.0500000000000003	912
25.04.2025 00:00	3.1	3.22	3.06	3.16	2029
28.04.2025 00:00	3.22	3.22	3.1	3.18	1053
29.04.2025 00:00	3.18	3.18	3.08	3.12	694
30.04.2025 00:00	3.08	3.12	3.06	3.08	646
02.05.2025 00:00	3.06	3.1	2.93	3.0	1466
05.05.2025 00:00	3.0500000000000003	3.2600000000000002	2.99	3.0	2177
06.05.2025 00:00	3.0	3.1	2.7800000000000002	3.02	8880
07.05.2025 00:00	2.97	3.0100000000000002	2.96	3.0100000000000002	521
08.05.2025 00:00	2.99	3.04	2.99	3.0	129
12.05.2025 00:00	3.02	3.08	2.95	2.99	2521
13.05.2025 00:00	2.99	3.02	2.96	2.99	1841
14.05.2025 00:00	3.0	3.1	2.97	3.04	1830
15.05.2025 00:00	3.0300000000000002	3.12	2.96	2.99	2546
16.05.2025 00:00	3.02	3.02	2.97	2.99	191
19.05.2025 00:00	3.0100000000000002	3.0500000000000003	2.99	2.99	430
20.05.2025 00:00	3.02	3.02	2.93	3.0100000000000002	1079
21.05.2025 00:00	3.0100000000000002	3.08	2.97	3.0100000000000002	623
22.05.2025 00:00	3.0	3.02	2.96	3.0100000000000002	439
