datetime	open	high	low	close	volume
09.03.2018 00:00	2570.0	2570.0	2570.0	2570.0	1
12.03.2018 00:00	2700.0	2700.0	2550.0	2560.0	21
16.03.2018 00:00	2520.0	2520.0	2500.0	2500.0	5
20.03.2018 00:00	2530.0	2550.0	2500.0	2500.0	29
21.03.2018 00:00	2500.0	2540.0	2500.0	2500.0	9
22.03.2018 00:00	2550.0	2550.0	2480.0	2480.0	27
23.03.2018 00:00	2510.0	2520.0	2460.0	2460.0	13
26.03.2018 00:00	2450.0	2450.0	2400.0	2400.0	21
27.03.2018 00:00	2400.0	2400.0	2360.0	2390.0	13
28.03.2018 00:00	2360.0	2360.0	2360.0	2360.0	1
29.03.2018 00:00	2360.0	2360.0	2350.0	2350.0	8
02.04.2018 00:00	2230.0	2500.0	2230.0	2340.0	10
03.04.2018 00:00	2330.0	2450.0	2330.0	2450.0	60
04.04.2018 00:00	2440.0	2450.0	2340.0	2420.0	25
05.04.2018 00:00	2420.0	2550.0	2420.0	2420.0	10
06.04.2018 00:00	2450.0	2450.0	2410.0	2410.0	10
09.04.2018 00:00	2560.0	2560.0	2380.0	2480.0	35
10.04.2018 00:00	2480.0	2520.0	2390.0	2490.0	19
11.04.2018 00:00	2520.0	2520.0	2420.0	2490.0	51
12.04.2018 00:00	2480.0	2480.0	2350.0	2350.0	74
13.04.2018 00:00	2350.0	2370.0	2310.0	2310.0	40
16.04.2018 00:00	2360.0	2370.0	2360.0	2370.0	9
17.04.2018 00:00	2360.0	2380.0	2360.0	2370.0	4
19.04.2018 00:00	2380.0	2400.0	2380.0	2380.0	2
20.04.2018 00:00	2380.0	2380.0	2380.0	2380.0	1
23.04.2018 00:00	2410.0	2440.0	2400.0	2400.0	30
24.04.2018 00:00	2450.0	2480.0	2440.0	2440.0	14
25.04.2018 00:00	2470.0	2530.0	2470.0	2480.0	4
26.04.2018 00:00	2480.0	2510.0	2480.0	2510.0	21
27.04.2018 00:00	2500.0	2550.0	2480.0	2480.0	7
28.04.2018 00:00	2500.0	2550.0	2500.0	2550.0	23
02.05.2018 00:00	2570.0	2600.0	2550.0	2580.0	36
03.05.2018 00:00	2560.0	2600.0	2520.0	2600.0	32
04.05.2018 00:00	2550.0	2570.0	2410.0	2430.0	71
07.05.2018 00:00	2400.0	2590.0	2400.0	2510.0	53
08.05.2018 00:00	2510.0	2590.0	2510.0	2580.0	40
10.05.2018 00:00	2590.0	2590.0	2580.0	2590.0	1
11.05.2018 00:00	2580.0	2580.0	2580.0	2580.0	3
14.05.2018 00:00	2570.0	2590.0	2570.0	2580.0	7
15.05.2018 00:00	2580.0	2580.0	2560.0	2580.0	2
16.05.2018 00:00	2590.0	2590.0	2540.0	2540.0	22
17.05.2018 00:00	2530.0	2540.0	2530.0	2540.0	4
18.05.2018 00:00	2530.0	2530.0	2510.0	2510.0	5
21.05.2018 00:00	2500.0	2530.0	2460.0	2530.0	6
22.05.2018 00:00	2500.0	2500.0	2270.0	2450.0	10
24.05.2018 00:00	2450.0	2500.0	2450.0	2450.0	2
25.05.2018 00:00	2450.0	2500.0	2450.0	2500.0	22
28.05.2018 00:00	2500.0	2500.0	2450.0	2450.0	12
30.05.2018 00:00	2450.0	2450.0	2450.0	2450.0	3
31.05.2018 00:00	2440.0	2450.0	2440.0	2440.0	4
01.06.2018 00:00	2430.0	2430.0	2400.0	2400.0	15
04.06.2018 00:00	2430.0	2430.0	2400.0	2430.0	54
05.06.2018 00:00	2400.0	2430.0	2400.0	2430.0	8
06.06.2018 00:00	2430.0	2450.0	2370.0	2370.0	96
07.06.2018 00:00	2370.0	2370.0	2350.0	2350.0	6
08.06.2018 00:00	2350.0	2380.0	2350.0	2380.0	3
11.06.2018 00:00	2350.0	2350.0	2350.0	2350.0	4
13.06.2018 00:00	2340.0	2340.0	2340.0	2340.0	1
14.06.2018 00:00	2340.0	2340.0	2320.0	2320.0	8
15.06.2018 00:00	2320.0	2320.0	2180.0	2230.0	52
18.06.2018 00:00	2230.0	2230.0	2210.0	2210.0	10
19.06.2018 00:00	2210.0	2240.0	2210.0	2210.0	5
20.06.2018 00:00	2190.0	2200.0	2180.0	2200.0	12
21.06.2018 00:00	2180.0	2180.0	2180.0	2180.0	1
22.06.2018 00:00	2210.0	2210.0	2150.0	2160.0	16
26.06.2018 00:00	2190.0	2260.0	2190.0	2210.0	15
27.06.2018 00:00	2240.0	2240.0	1920.0	2210.0	16
28.06.2018 00:00	2210.0	2220.0	2210.0	2220.0	3
29.06.2018 00:00	2230.0	2240.0	2230.0	2240.0	4
02.07.2018 00:00	2210.0	2210.0	2190.0	2190.0	16
04.07.2018 00:00	2220.0	2220.0	2220.0	2220.0	1
05.07.2018 00:00	2190.0	2190.0	2190.0	2190.0	2
06.07.2018 00:00	2190.0	2190.0	2190.0	2190.0	3
09.07.2018 00:00	2220.0	2230.0	2210.0	2230.0	8
11.07.2018 00:00	2200.0	2200.0	2200.0	2200.0	9
16.07.2018 00:00	2240.0	2250.0	2240.0	2240.0	7
17.07.2018 00:00	2240.0	2240.0	2240.0	2240.0	11
20.07.2018 00:00	2230.0	2230.0	2230.0	2230.0	7
23.07.2018 00:00	2230.0	2230.0	2220.0	2220.0	2
24.07.2018 00:00	2220.0	2220.0	2220.0	2220.0	6
25.07.2018 00:00	2220.0	2220.0	2220.0	2220.0	2
30.07.2018 00:00	2220.0	2220.0	2200.0	2200.0	20
31.07.2018 00:00	2230.0	2240.0	2230.0	2230.0	10
03.08.2018 00:00	2200.0	2200.0	2200.0	2200.0	16
06.08.2018 00:00	2200.0	2200.0	2200.0	2200.0	1
07.08.2018 00:00	2190.0	2200.0	2190.0	2200.0	16
08.08.2018 00:00	2220.0	2220.0	2190.0	2190.0	26
13.08.2018 00:00	2220.0	2220.0	2220.0	2220.0	2
17.08.2018 00:00	2000.0	2190.0	1840.0	2180.0	23
20.08.2018 00:00	2160.0	2200.0	2160.0	2200.0	9
22.08.2018 00:00	2170.0	2170.0	2170.0	2170.0	1
23.08.2018 00:00	2170.0	2170.0	2170.0	2170.0	1
24.08.2018 00:00	2170.0	2170.0	2010.0	2160.0	9
28.08.2018 00:00	2200.0	2200.0	2170.0	2170.0	11
30.08.2018 00:00	2170.0	2190.0	2160.0	2190.0	4
05.09.2018 00:00	2160.0	2160.0	2150.0	2150.0	2
06.09.2018 00:00	2160.0	2160.0	2160.0	2160.0	4
07.09.2018 00:00	2160.0	2160.0	2000.0	2160.0	6
10.09.2018 00:00	2170.0	2170.0	2170.0	2170.0	11
11.09.2018 00:00	2100.0	2350.0	2100.0	2280.0	61
12.09.2018 00:00	2190.0	2330.0	2190.0	2330.0	102
13.09.2018 00:00	2350.0	2400.0	2350.0	2390.0	46
18.09.2018 00:00	2410.0	2410.0	2400.0	2410.0	5
20.09.2018 00:00	2360.0	2360.0	2350.0	2350.0	21
21.09.2018 00:00	2330.0	2330.0	2300.0	2300.0	32
24.09.2018 00:00	2290.0	2290.0	2260.0	2270.0	53
25.09.2018 00:00	2260.0	2260.0	2110.0	2220.0	189
26.09.2018 00:00	2210.0	2210.0	2200.0	2200.0	19
27.09.2018 00:00	2200.0	2200.0	2020.0	2110.0	229
28.09.2018 00:00	2090.0	2110.0	2090.0	2110.0	3
01.10.2018 00:00	2110.0	2120.0	2110.0	2120.0	23
02.10.2018 00:00	2100.0	2130.0	2100.0	2130.0	5
03.10.2018 00:00	2130.0	2130.0	2130.0	2130.0	2
05.10.2018 00:00	2100.0	2120.0	2100.0	2120.0	9
09.10.2018 00:00	2120.0	2120.0	2120.0	2120.0	2
10.10.2018 00:00	2100.0	2110.0	2100.0	2110.0	2
11.10.2018 00:00	2100.0	2100.0	2100.0	2100.0	1
22.10.2018 00:00	2140.0	2140.0	1970.0	2110.0	14
01.11.2018 00:00	2150.0	2150.0	2150.0	2150.0	3
08.11.2018 00:00	2150.0	2150.0	2150.0	2150.0	2
09.11.2018 00:00	2160.0	2160.0	2150.0	2160.0	12
13.11.2018 00:00	2170.0	2170.0	2170.0	2170.0	5
15.11.2018 00:00	2180.0	2180.0	2180.0	2180.0	10
16.11.2018 00:00	2180.0	2180.0	2180.0	2180.0	2
19.11.2018 00:00	2150.0	2150.0	2150.0	2150.0	1
20.11.2018 00:00	2150.0	2150.0	2150.0	2150.0	3
21.11.2018 00:00	2150.0	2150.0	2110.0	2120.0	11
22.11.2018 00:00	2150.0	2180.0	2150.0	2180.0	13
23.11.2018 00:00	2150.0	2150.0	2150.0	2150.0	2
26.11.2018 00:00	2140.0	2140.0	2140.0	2140.0	2
27.11.2018 00:00	2170.0	2170.0	2170.0	2170.0	2
29.11.2018 00:00	2140.0	2140.0	2140.0	2140.0	8
30.11.2018 00:00	2170.0	2170.0	2170.0	2170.0	4
03.12.2018 00:00	2170.0	2170.0	2170.0	2170.0	1
07.12.2018 00:00	2140.0	2140.0	2100.0	2140.0	3
10.12.2018 00:00	2180.0	2210.0	2180.0	2210.0	15
11.12.2018 00:00	2210.0	2210.0	2210.0	2210.0	11
13.12.2018 00:00	2230.0	2230.0	2230.0	2230.0	5
17.12.2018 00:00	2230.0	2230.0	2230.0	2230.0	5
18.12.2018 00:00	2200.0	2200.0	2110.0	2200.0	15
19.12.2018 00:00	2180.0	2180.0	2160.0	2160.0	23
20.12.2018 00:00	2150.0	2150.0	2150.0	2150.0	1
27.12.2018 00:00	2150.0	2150.0	2100.0	2120.0	132
28.12.2018 00:00	2110.0	2150.0	2100.0	2140.0	14
29.12.2018 00:00	2120.0	2160.0	2120.0	2150.0	12
03.01.2019 00:00	2130.0	2140.0	2130.0	2130.0	6
04.01.2019 00:00	2120.0	2120.0	2110.0	2110.0	15
08.01.2019 00:00	2100.0	2100.0	2100.0	2100.0	1
14.01.2019 00:00	2100.0	2950.0	2100.0	2950.0	2070
15.01.2019 00:00	2960.0	3500.0	2530.0	2610.0	2866
16.01.2019 00:00	2590.0	2880.0	2250.0	2430.0	1387
17.01.2019 00:00	2400.0	2950.0	2400.0	2800.0	2992
18.01.2019 00:00	2820.0	3160.0	2650.0	2730.0	980
21.01.2019 00:00	2700.0	2750.0	2490.0	2500.0	604
22.01.2019 00:00	2510.0	2570.0	2500.0	2560.0	58
23.01.2019 00:00	2320.0	2570.0	2320.0	2440.0	533
24.01.2019 00:00	2430.0	2450.0	2380.0	2390.0	107
25.01.2019 00:00	2380.0	2400.0	2290.0	2340.0	300
28.01.2019 00:00	2310.0	2600.0	2200.0	2460.0	1121
29.01.2019 00:00	2490.0	2490.0	2360.0	2450.0	161
30.01.2019 00:00	2470.0	2480.0	2350.0	2450.0	71
31.01.2019 00:00	2400.0	2410.0	2270.0	2360.0	240
01.02.2019 00:00	2360.0	2400.0	2260.0	2270.0	257
04.02.2019 00:00	2300.0	2300.0	2220.0	2280.0	62
05.02.2019 00:00	2280.0	2300.0	2260.0	2300.0	31
06.02.2019 00:00	2260.0	2290.0	2260.0	2290.0	63
07.02.2019 00:00	2260.0	2450.0	2250.0	2440.0	411
08.02.2019 00:00	2450.0	2470.0	2310.0	2410.0	248
11.02.2019 00:00	2400.0	2430.0	2390.0	2420.0	52
12.02.2019 00:00	2400.0	2470.0	2400.0	2460.0	52
13.02.2019 00:00	2440.0	2450.0	2400.0	2430.0	15
14.02.2019 00:00	2430.0	2430.0	2400.0	2420.0	28
15.02.2019 00:00	2400.0	2400.0	2320.0	2390.0	51
18.02.2019 00:00	2400.0	2400.0	2360.0	2390.0	22
19.02.2019 00:00	2380.0	2380.0	2380.0	2380.0	16
20.02.2019 00:00	2400.0	2400.0	2360.0	2400.0	21
21.02.2019 00:00	2370.0	2380.0	2370.0	2380.0	2
22.02.2019 00:00	2360.0	2390.0	2360.0	2390.0	5
25.02.2019 00:00	2390.0	2390.0	2390.0	2390.0	1
26.02.2019 00:00	2370.0	2370.0	2350.0	2360.0	10
27.02.2019 00:00	2310.0	2360.0	2240.0	2350.0	51
28.02.2019 00:00	2360.0	2360.0	2350.0	2360.0	5
04.03.2019 00:00	2360.0	2380.0	2360.0	2380.0	12
05.03.2019 00:00	2380.0	2420.0	2360.0	2360.0	83
06.03.2019 00:00	2380.0	2660.0	2380.0	2450.0	242
07.03.2019 00:00	2450.0	2450.0	2390.0	2430.0	38
11.03.2019 00:00	2450.0	2460.0	2300.0	2360.0	318
12.03.2019 00:00	2360.0	2360.0	2340.0	2340.0	2
13.03.2019 00:00	2330.0	2340.0	2300.0	2340.0	17
14.03.2019 00:00	2360.0	2360.0	2360.0	2360.0	2
15.03.2019 00:00	2330.0	2340.0	2290.0	2340.0	85
18.03.2019 00:00	2350.0	2360.0	2340.0	2340.0	9
19.03.2019 00:00	2350.0	2360.0	2350.0	2360.0	11
20.03.2019 00:00	2360.0	2360.0	2360.0	2360.0	1
21.03.2019 00:00	2350.0	2350.0	2350.0	2350.0	1
22.03.2019 00:00	2310.0	2340.0	2300.0	2330.0	25
25.03.2019 00:00	2320.0	2320.0	2320.0	2320.0	14
26.03.2019 00:00	2320.0	2370.0	2320.0	2370.0	28
27.03.2019 00:00	2360.0	2380.0	2360.0	2380.0	7
28.03.2019 00:00	2340.0	2340.0	2340.0	2340.0	12
29.03.2019 00:00	2330.0	2360.0	2330.0	2340.0	8
01.04.2019 00:00	2360.0	2360.0	2360.0	2360.0	1
02.04.2019 00:00	2330.0	2370.0	2330.0	2370.0	6
03.04.2019 00:00	2360.0	2380.0	2360.0	2360.0	4
04.04.2019 00:00	2340.0	2370.0	2300.0	2330.0	14
05.04.2019 00:00	2330.0	2330.0	2320.0	2320.0	6
08.04.2019 00:00	2320.0	2320.0	2320.0	2320.0	1
09.04.2019 00:00	2330.0	2340.0	2330.0	2340.0	4
10.04.2019 00:00	2330.0	2330.0	2320.0	2320.0	33
11.04.2019 00:00	2320.0	2350.0	2320.0	2340.0	19
15.04.2019 00:00	2340.0	2340.0	2340.0	2340.0	4
16.04.2019 00:00	2320.0	2340.0	2300.0	2340.0	40
17.04.2019 00:00	2340.0	2340.0	2340.0	2340.0	1
18.04.2019 00:00	2310.0	2310.0	2250.0	2280.0	39
19.04.2019 00:00	2280.0	2280.0	2210.0	2280.0	5
22.04.2019 00:00	2280.0	2280.0	2240.0	2280.0	13
24.04.2019 00:00	2280.0	2300.0	2250.0	2300.0	8
26.04.2019 00:00	2270.0	2270.0	2270.0	2270.0	3
30.04.2019 00:00	2270.0	2270.0	2260.0	2260.0	22
03.05.2019 00:00	2215.0	2290.0	2210.0	2290.0	16
06.05.2019 00:00	2260.0	2290.0	2200.0	2290.0	19
10.05.2019 00:00	2250.0	2250.0	2250.0	2250.0	1
13.05.2019 00:00	2255.0	2260.0	2255.0	2255.0	8
14.05.2019 00:00	2255.0	2255.0	2210.0	2255.0	7
15.05.2019 00:00	2250.0	2280.0	2250.0	2280.0	3
16.05.2019 00:00	2250.0	2280.0	2250.0	2280.0	2
17.05.2019 00:00	2280.0	2280.0	2280.0	2280.0	1
20.05.2019 00:00	2280.0	2280.0	2250.0	2250.0	2
21.05.2019 00:00	2280.0	2280.0	2280.0	2280.0	1
22.05.2019 00:00	2250.0	2250.0	2250.0	2250.0	2
27.05.2019 00:00	2250.0	2250.0	2200.0	2250.0	4
28.05.2019 00:00	2250.0	2250.0	2200.0	2245.0	5
29.05.2019 00:00	2245.0	2245.0	2245.0	2245.0	3
31.05.2019 00:00	2275.0	2280.0	2245.0	2245.0	12
03.06.2019 00:00	2245.0	2245.0	2245.0	2245.0	1
04.06.2019 00:00	2275.0	2275.0	2245.0	2245.0	18
05.06.2019 00:00	2245.0	2245.0	2245.0	2245.0	2
06.06.2019 00:00	2250.0	2260.0	2250.0	2250.0	11
07.06.2019 00:00	2245.0	2245.0	2245.0	2245.0	1
10.06.2019 00:00	2245.0	2245.0	2240.0	2240.0	2
11.06.2019 00:00	2235.0	2235.0	2125.0	2210.0	18
13.06.2019 00:00	2205.0	2205.0	2125.0	2200.0	8
14.06.2019 00:00	2195.0	2195.0	2120.0	2170.0	13
17.06.2019 00:00	2205.0	2210.0	2125.0	2170.0	7
18.06.2019 00:00	2165.0	2165.0	2100.0	2145.0	17
19.06.2019 00:00	2140.0	2155.0	2070.0	2115.0	37
20.06.2019 00:00	2115.0	2125.0	2070.0	2125.0	7
21.06.2019 00:00	2115.0	2115.0	2020.0	2110.0	21
24.06.2019 00:00	2105.0	2105.0	1990.0	2100.0	53
26.06.2019 00:00	2095.0	2095.0	2095.0	2095.0	10
27.06.2019 00:00	2130.0	2135.0	2100.0	2105.0	40
28.06.2019 00:00	2105.0	2135.0	2105.0	2135.0	13
01.07.2019 00:00	2145.0	2145.0	2105.0	2140.0	4
03.07.2019 00:00	2140.0	2140.0	2105.0	2130.0	32
04.07.2019 00:00	2110.0	2110.0	2105.0	2105.0	7
05.07.2019 00:00	2130.0	2135.0	2100.0	2100.0	18
08.07.2019 00:00	2105.0	2105.0	2100.0	2100.0	5
09.07.2019 00:00	2110.0	2140.0	2100.0	2140.0	11
10.07.2019 00:00	2145.0	2145.0	2110.0	2120.0	9
11.07.2019 00:00	2115.0	2135.0	2100.0	2135.0	9
12.07.2019 00:00	2125.0	2125.0	2075.0	2095.0	74
15.07.2019 00:00	2095.0	2100.0	2095.0	2100.0	4
16.07.2019 00:00	2095.0	2125.0	2050.0	2095.0	19
17.07.2019 00:00	2090.0	2090.0	2020.0	2085.0	19
19.07.2019 00:00	2090.0	2090.0	2090.0	2090.0	4
22.07.2019 00:00	2085.0	2085.0	2085.0	2085.0	12
23.07.2019 00:00	2085.0	2085.0	2085.0	2085.0	2
24.07.2019 00:00	2085.0	2085.0	2080.0	2080.0	5
25.07.2019 00:00	2080.0	2080.0	2080.0	2080.0	4
26.07.2019 00:00	2080.0	2080.0	2075.0	2075.0	6
29.07.2019 00:00	2075.0	2075.0	2030.0	2075.0	14
06.08.2019 00:00	2110.0	2110.0	2100.0	2100.0	8
07.08.2019 00:00	2110.0	2115.0	2110.0	2115.0	2
08.08.2019 00:00	2075.0	2110.0	2075.0	2100.0	3
09.08.2019 00:00	2110.0	2130.0	2110.0	2130.0	11
12.08.2019 00:00	2095.0	2170.0	2095.0	2170.0	117
13.08.2019 00:00	2175.0	2175.0	2175.0	2175.0	6
15.08.2019 00:00	2150.0	2150.0	2150.0	2150.0	5
16.08.2019 00:00	2145.0	2145.0	2145.0	2145.0	1
19.08.2019 00:00	2135.0	2135.0	2120.0	2125.0	40
20.08.2019 00:00	2120.0	2155.0	2110.0	2155.0	87
21.08.2019 00:00	2130.0	2130.0	2100.0	2120.0	24
22.08.2019 00:00	2120.0	2120.0	2120.0	2120.0	1
26.08.2019 00:00	2155.0	2155.0	2120.0	2120.0	2
30.08.2019 00:00	2120.0	2120.0	2120.0	2120.0	2
02.09.2019 00:00	2155.0	2175.0	2140.0	2140.0	15
03.09.2019 00:00	2150.0	2500.0	2150.0	2460.0	828
04.09.2019 00:00	2490.0	2810.0	2490.0	2735.0	1356
05.09.2019 00:00	2790.0	2790.0	2550.0	2585.0	113
06.09.2019 00:00	2590.0	2610.0	2405.0	2480.0	327
09.09.2019 00:00	2500.0	2800.0	2480.0	2495.0	253
10.09.2019 00:00	2495.0	2540.0	2495.0	2540.0	19
11.09.2019 00:00	2550.0	2560.0	2550.0	2560.0	32
12.09.2019 00:00	2555.0	2560.0	2550.0	2560.0	8
13.09.2019 00:00	2550.0	2550.0	2520.0	2520.0	18
16.09.2019 00:00	2510.0	2540.0	2510.0	2540.0	12
17.09.2019 00:00	2515.0	2515.0	2490.0	2490.0	47
18.09.2019 00:00	2750.0	2750.0	2510.0	2540.0	418
19.09.2019 00:00	2530.0	2530.0	2020.0	2490.0	60
20.09.2019 00:00	2475.0	2475.0	2460.0	2465.0	115
24.09.2019 00:00	2455.0	2455.0	2430.0	2435.0	71
25.09.2019 00:00	2425.0	2425.0	2205.0	2325.0	200
26.09.2019 00:00	2305.0	2305.0	2280.0	2280.0	48
27.09.2019 00:00	2275.0	2275.0	2270.0	2270.0	47
30.09.2019 00:00	2265.0	2280.0	2250.0	2280.0	112
01.10.2019 00:00	2255.0	2290.0	2255.0	2290.0	38
03.10.2019 00:00	2290.0	2290.0	2290.0	2290.0	1
04.10.2019 00:00	2300.0	2350.0	2280.0	2305.0	37
07.10.2019 00:00	2315.0	2315.0	2305.0	2305.0	12
08.10.2019 00:00	2305.0	2305.0	2305.0	2305.0	3
09.10.2019 00:00	2300.0	2300.0	2300.0	2300.0	3
10.10.2019 00:00	2300.0	2405.0	2300.0	2365.0	38
11.10.2019 00:00	2410.0	2600.0	2365.0	2490.0	321
14.10.2019 00:00	2455.0	2455.0	2455.0	2455.0	4
15.10.2019 00:00	2455.0	2455.0	2455.0	2455.0	1
16.10.2019 00:00	2495.0	2505.0	2495.0	2505.0	12
17.10.2019 00:00	2470.0	2470.0	2470.0	2470.0	1
18.10.2019 00:00	2470.0	2500.0	2470.0	2500.0	2
21.10.2019 00:00	2470.0	2480.0	2450.0	2450.0	21
22.10.2019 00:00	2490.0	2505.0	2455.0	2455.0	30
23.10.2019 00:00	2455.0	2455.0	2450.0	2450.0	8
24.10.2019 00:00	2445.0	2445.0	2445.0	2445.0	4
25.10.2019 00:00	2485.0	2490.0	2485.0	2490.0	40
28.10.2019 00:00	2480.0	2495.0	2480.0	2490.0	18
29.10.2019 00:00	2490.0	2500.0	2205.0	2440.0	78
30.10.2019 00:00	2435.0	2435.0	2435.0	2435.0	1
31.10.2019 00:00	2480.0	2520.0	2480.0	2515.0	72
01.11.2019 00:00	2520.0	2600.0	2485.0	2580.0	281
05.11.2019 00:00	2545.0	2545.0	2350.0	2530.0	40
06.11.2019 00:00	2525.0	2525.0	2490.0	2490.0	30
07.11.2019 00:00	2485.0	2515.0	2450.0	2495.0	106
08.11.2019 00:00	2490.0	2615.0	2490.0	2570.0	122
11.11.2019 00:00	2660.0	2660.0	2615.0	2615.0	2
12.11.2019 00:00	2575.0	2610.0	2565.0	2605.0	22
13.11.2019 00:00	2575.0	2610.0	2565.0	2600.0	34
14.11.2019 00:00	2610.0	2695.0	2600.0	2675.0	98
15.11.2019 00:00	2690.0	2705.0	2670.0	2670.0	30
18.11.2019 00:00	2670.0	2725.0	2665.0	2725.0	16
19.11.2019 00:00	2685.0	2745.0	2680.0	2705.0	48
20.11.2019 00:00	2700.0	2700.0	2650.0	2665.0	7
21.11.2019 00:00	2685.0	2725.0	2610.0	2725.0	12
22.11.2019 00:00	2685.0	2685.0	2355.0	2390.0	867
25.11.2019 00:00	2365.0	2410.0	2355.0	2360.0	35
26.11.2019 00:00	2370.0	2370.0	2300.0	2315.0	75
27.11.2019 00:00	2320.0	2465.0	2315.0	2350.0	212
28.11.2019 00:00	2350.0	2350.0	2340.0	2340.0	5
29.11.2019 00:00	2340.0	2340.0	2220.0	2300.0	115
02.12.2019 00:00	2310.0	2345.0	2295.0	2305.0	11
03.12.2019 00:00	2335.0	2335.0	2270.0	2280.0	11
04.12.2019 00:00	2270.0	2300.0	2200.0	2210.0	165
05.12.2019 00:00	2210.0	2235.0	2205.0	2205.0	60
06.12.2019 00:00	2210.0	2225.0	2200.0	2210.0	22
09.12.2019 00:00	2210.0	2225.0	2205.0	2225.0	35
11.12.2019 00:00	2235.0	2240.0	2230.0	2230.0	8
12.12.2019 00:00	2210.0	2240.0	2210.0	2240.0	8
13.12.2019 00:00	2255.0	2255.0	2110.0	2200.0	31
16.12.2019 00:00	2230.0	2235.0	2200.0	2200.0	18
17.12.2019 00:00	2200.0	2295.0	2200.0	2250.0	29
18.12.2019 00:00	2245.0	2275.0	2240.0	2250.0	11
19.12.2019 00:00	2235.0	2235.0	2180.0	2220.0	34
20.12.2019 00:00	2210.0	2220.0	2200.0	2220.0	6
23.12.2019 00:00	2225.0	2260.0	2225.0	2225.0	26
24.12.2019 00:00	2235.0	2360.0	2235.0	2240.0	146
25.12.2019 00:00	2240.0	2240.0	2225.0	2225.0	6
26.12.2019 00:00	2225.0	2260.0	2170.0	2225.0	27
27.12.2019 00:00	2235.0	2285.0	2235.0	2250.0	81
30.12.2019 00:00	2250.0	2300.0	2250.0	2300.0	9
03.01.2020 00:00	2290.0	2300.0	2260.0	2300.0	14
06.01.2020 00:00	2300.0	2310.0	2260.0	2295.0	36
08.01.2020 00:00	2265.0	2310.0	2265.0	2300.0	15
09.01.2020 00:00	2280.0	2280.0	2270.0	2270.0	6
10.01.2020 00:00	2270.0	2310.0	2270.0	2310.0	16
13.01.2020 00:00	2315.0	2345.0	2300.0	2300.0	56
14.01.2020 00:00	2325.0	2340.0	2325.0	2340.0	2
15.01.2020 00:00	2340.0	2340.0	2340.0	2340.0	20
16.01.2020 00:00	2310.0	2390.0	2310.0	2380.0	67
17.01.2020 00:00	2355.0	2390.0	2355.0	2385.0	27
20.01.2020 00:00	2385.0	2385.0	2355.0	2385.0	49
21.01.2020 00:00	2380.0	2380.0	2355.0	2355.0	3
22.01.2020 00:00	2410.0	2520.0	2370.0	2405.0	147
23.01.2020 00:00	2395.0	2395.0	2375.0	2390.0	8
24.01.2020 00:00	2435.0	2490.0	2435.0	2440.0	48
27.01.2020 00:00	2435.0	2435.0	2270.0	2325.0	92
28.01.2020 00:00	2330.0	2370.0	2330.0	2370.0	12
29.01.2020 00:00	2350.0	2600.0	2350.0	2530.0	118
30.01.2020 00:00	2505.0	2525.0	2350.0	2470.0	223
31.01.2020 00:00	2430.0	2490.0	2385.0	2400.0	47
03.02.2020 00:00	2385.0	2385.0	2350.0	2380.0	51
04.02.2020 00:00	2350.0	2415.0	2335.0	2380.0	161
05.02.2020 00:00	2420.0	2430.0	2390.0	2425.0	10
07.02.2020 00:00	2395.0	2420.0	2385.0	2420.0	12
10.02.2020 00:00	2390.0	2440.0	2390.0	2420.0	16
11.02.2020 00:00	2440.0	2440.0	2395.0	2400.0	15
12.02.2020 00:00	2440.0	2455.0	2385.0	2425.0	53
13.02.2020 00:00	2425.0	2425.0	2425.0	2425.0	1
14.02.2020 00:00	2380.0	2435.0	2380.0	2425.0	10
17.02.2020 00:00	2440.0	2450.0	2405.0	2415.0	49
18.02.2020 00:00	2455.0	2455.0	2405.0	2450.0	6
19.02.2020 00:00	2400.0	2455.0	2400.0	2455.0	3
20.02.2020 00:00	2425.0	2460.0	2420.0	2445.0	18
21.02.2020 00:00	2460.0	2465.0	2430.0	2465.0	15
25.02.2020 00:00	2460.0	2460.0	2430.0	2450.0	7
26.02.2020 00:00	2430.0	2475.0	2380.0	2460.0	65
27.02.2020 00:00	2450.0	2450.0	2340.0	2375.0	63
28.02.2020 00:00	2340.0	2340.0	2025.0	2110.0	76
02.03.2020 00:00	2150.0	2170.0	2050.0	2150.0	46
03.03.2020 00:00	2150.0	2180.0	2150.0	2180.0	7
04.03.2020 00:00	2160.0	2180.0	2135.0	2140.0	18
05.03.2020 00:00	2145.0	2190.0	2145.0	2190.0	12
06.03.2020 00:00	2190.0	2220.0	2170.0	2170.0	14
10.03.2020 00:00	2050.0	2130.0	2000.0	2065.0	29
11.03.2020 00:00	2070.0	2100.0	2045.0	2090.0	6
12.03.2020 00:00	2055.0	2055.0	1920.0	1975.0	12
13.03.2020 00:00	2000.0	2000.0	1965.0	1990.0	8
16.03.2020 00:00	1920.0	1920.0	1505.0	1800.0	45
17.03.2020 00:00	1805.0	1805.0	1720.0	1755.0	8
18.03.2020 00:00	1705.0	1720.0	1615.0	1630.0	7
19.03.2020 00:00	1700.0	1770.0	1700.0	1770.0	3
20.03.2020 00:00	1790.0	1830.0	1700.0	1815.0	5
23.03.2020 00:00	1885.0	1890.0	1850.0	1890.0	6
24.03.2020 00:00	1920.0	2015.0	1885.0	2000.0	18
25.03.2020 00:00	1920.0	2000.0	1920.0	1920.0	9
26.03.2020 00:00	1940.0	2000.0	1920.0	1920.0	4
27.03.2020 00:00	2000.0	2000.0	1870.0	1870.0	15
30.03.2020 00:00	1855.0	1930.0	1795.0	1910.0	63
31.03.2020 00:00	1935.0	1995.0	1935.0	1995.0	3
01.04.2020 00:00	1885.0	2000.0	1725.0	1925.0	11
02.04.2020 00:00	2020.0	2020.0	1990.0	2020.0	6
03.04.2020 00:00	2020.0	2020.0	2020.0	2020.0	1
06.04.2020 00:00	2030.0	2160.0	2030.0	2160.0	29
07.04.2020 00:00	2190.0	2230.0	2160.0	2160.0	8
08.04.2020 00:00	2040.0	2185.0	2025.0	2130.0	30
09.04.2020 00:00	2200.0	2200.0	2000.0	2190.0	44
10.04.2020 00:00	2105.0	2150.0	2030.0	2130.0	10
13.04.2020 00:00	2110.0	2110.0	1635.0	2100.0	77
14.04.2020 00:00	2045.0	2100.0	2000.0	2000.0	51
15.04.2020 00:00	1995.0	2280.0	1930.0	2095.0	77
16.04.2020 00:00	2130.0	2425.0	1855.0	2235.0	265
17.04.2020 00:00	2285.0	2290.0	2050.0	2120.0	145
20.04.2020 00:00	2125.0	2280.0	2120.0	2250.0	74
21.04.2020 00:00	2270.0	2270.0	2125.0	2180.0	30
22.04.2020 00:00	2150.0	2230.0	2115.0	2170.0	20
23.04.2020 00:00	2275.0	2275.0	2160.0	2175.0	18
24.04.2020 00:00	2190.0	2240.0	2190.0	2200.0	8
27.04.2020 00:00	2285.0	2285.0	2170.0	2200.0	22
29.04.2020 00:00	2165.0	2190.0	2000.0	2170.0	119
30.04.2020 00:00	2155.0	2170.0	2155.0	2170.0	2
04.05.2020 00:00	2135.0	2195.0	2135.0	2190.0	9
05.05.2020 00:00	2155.0	2195.0	2155.0	2190.0	3
06.05.2020 00:00	2180.0	2185.0	2180.0	2180.0	4
07.05.2020 00:00	2155.0	2210.0	2060.0	2080.0	148
08.05.2020 00:00	2105.0	2130.0	2070.0	2080.0	61
12.05.2020 00:00	2110.0	2110.0	2000.0	2015.0	62
13.05.2020 00:00	2050.0	2050.0	1865.0	1915.0	1448
14.05.2020 00:00	1950.0	1950.0	1855.0	1890.0	137
15.05.2020 00:00	1865.0	1910.0	1840.0	1875.0	193
18.05.2020 00:00	1885.0	1900.0	1885.0	1900.0	6
19.05.2020 00:00	1875.0	1900.0	1835.0	1860.0	63
20.05.2020 00:00	1895.0	1925.0	1850.0	1910.0	87
21.05.2020 00:00	1915.0	1920.0	1890.0	1905.0	25
22.05.2020 00:00	1925.0	1925.0	1900.0	1900.0	8
25.05.2020 00:00	1865.0	1965.0	1850.0	1890.0	93
26.05.2020 00:00	1875.0	1895.0	1870.0	1890.0	79
27.05.2020 00:00	1885.0	1900.0	1840.0	1880.0	244
28.05.2020 00:00	1875.0	1895.0	1870.0	1895.0	68
29.05.2020 00:00	1875.0	1920.0	1875.0	1905.0	36
01.06.2020 00:00	1910.0	1910.0	1890.0	1900.0	56
02.06.2020 00:00	1900.0	1900.0	1875.0	1900.0	8
03.06.2020 00:00	1885.0	1895.0	1870.0	1895.0	30
04.06.2020 00:00	1885.0	2395.0	1885.0	2005.0	1922
05.06.2020 00:00	2005.0	2005.0	1925.0	1955.0	166
08.06.2020 00:00	1950.0	1980.0	1855.0	1930.0	306
09.06.2020 00:00	1925.0	1930.0	1855.0	1895.0	250
10.06.2020 00:00	1900.0	2070.0	1880.0	1920.0	468
11.06.2020 00:00	1900.0	1930.0	1880.0	1900.0	76
15.06.2020 00:00	1885.0	1905.0	1865.0	1880.0	61
16.06.2020 00:00	1905.0	1920.0	1890.0	1900.0	33
17.06.2020 00:00	1895.0	1900.0	1890.0	1890.0	14
18.06.2020 00:00	1880.0	1960.0	1880.0	1950.0	37
19.06.2020 00:00	1915.0	1930.0	1910.0	1930.0	15
22.06.2020 00:00	1920.0	1950.0	1905.0	1925.0	29
23.06.2020 00:00	1925.0	1940.0	1925.0	1940.0	10
25.06.2020 00:00	1915.0	1965.0	1915.0	1935.0	23
26.06.2020 00:00	1950.0	1950.0	1950.0	1950.0	1
29.06.2020 00:00	1925.0	1925.0	1860.0	1920.0	83
30.06.2020 00:00	1905.0	1905.0	1900.0	1905.0	24
02.07.2020 00:00	1930.0	1940.0	1910.0	1940.0	29
03.07.2020 00:00	1925.0	1950.0	1915.0	1950.0	54
06.07.2020 00:00	1940.0	1950.0	1930.0	1945.0	24
07.07.2020 00:00	1930.0	1935.0	1930.0	1935.0	8
08.07.2020 00:00	1915.0	1925.0	1905.0	1920.0	20
09.07.2020 00:00	1930.0	1950.0	1930.0	1950.0	17
10.07.2020 00:00	1930.0	1995.0	1930.0	1985.0	40
13.07.2020 00:00	1945.0	2110.0	1945.0	2035.0	232
14.07.2020 00:00	2060.0	2065.0	1950.0	2010.0	89
15.07.2020 00:00	1995.0	2040.0	1960.0	2020.0	47
16.07.2020 00:00	2005.0	2055.0	2005.0	2025.0	87
17.07.2020 00:00	2060.0	2070.0	2000.0	2005.0	36
20.07.2020 00:00	1985.0	2020.0	1950.0	1970.0	88
21.07.2020 00:00	1965.0	1995.0	1965.0	1995.0	12
22.07.2020 00:00	1965.0	1980.0	1965.0	1980.0	19
23.07.2020 00:00	1960.0	2030.0	1960.0	1995.0	84
24.07.2020 00:00	1980.0	1995.0	1965.0	1995.0	16
27.07.2020 00:00	1975.0	2005.0	1975.0	1990.0	36
28.07.2020 00:00	1995.0	2015.0	1960.0	2015.0	71
29.07.2020 00:00	2010.0	2060.0	1990.0	2005.0	82
30.07.2020 00:00	1995.0	2805.0	1995.0	2800.0	7988
31.07.2020 00:00	3080.0	3840.0	2350.0	2460.0	6821
03.08.2020 00:00	2430.0	2455.0	2325.0	2370.0	477
04.08.2020 00:00	2405.0	2985.0	2380.0	2430.0	4174
05.08.2020 00:00	2425.0	2505.0	2315.0	2365.0	425
06.08.2020 00:00	2340.0	2465.0	2340.0	2385.0	721
07.08.2020 00:00	2415.0	2415.0	2300.0	2325.0	218
10.08.2020 00:00	2330.0	2335.0	2260.0	2300.0	147
11.08.2020 00:00	2285.0	2385.0	2240.0	2335.0	212
12.08.2020 00:00	2335.0	2365.0	2290.0	2345.0	43
13.08.2020 00:00	2330.0	2420.0	2285.0	2360.0	268
14.08.2020 00:00	2375.0	2375.0	2340.0	2350.0	43
17.08.2020 00:00	2340.0	2370.0	2250.0	2330.0	106
18.08.2020 00:00	2325.0	2325.0	2270.0	2300.0	255
19.08.2020 00:00	2265.0	2305.0	2265.0	2300.0	28
20.08.2020 00:00	2300.0	2300.0	2270.0	2300.0	16
21.08.2020 00:00	2280.0	2330.0	2270.0	2330.0	24
24.08.2020 00:00	2330.0	2330.0	2285.0	2300.0	22
25.08.2020 00:00	2285.0	2300.0	2280.0	2290.0	22
26.08.2020 00:00	2275.0	2300.0	2275.0	2295.0	24
27.08.2020 00:00	2335.0	2340.0	2280.0	2290.0	41
28.08.2020 00:00	2280.0	2285.0	2140.0	2285.0	46
31.08.2020 00:00	2270.0	2270.0	2205.0	2225.0	125
01.09.2020 00:00	2250.0	2250.0	2100.0	2140.0	224
02.09.2020 00:00	2185.0	2195.0	2145.0	2170.0	162
03.09.2020 00:00	2150.0	2150.0	2000.0	2070.0	255
04.09.2020 00:00	2060.0	2085.0	2025.0	2085.0	49
07.09.2020 00:00	2110.0	2120.0	2035.0	2035.0	138
08.09.2020 00:00	2030.0	2130.0	2015.0	2080.0	115
09.09.2020 00:00	2085.0	2095.0	2020.0	2040.0	30
10.09.2020 00:00	2085.0	2085.0	2070.0	2080.0	11
11.09.2020 00:00	2080.0	2110.0	2075.0	2095.0	11
14.09.2020 00:00	2080.0	2180.0	2070.0	2150.0	130
15.09.2020 00:00	2145.0	2170.0	2135.0	2135.0	80
16.09.2020 00:00	2140.0	2160.0	2140.0	2155.0	7
17.09.2020 00:00	2135.0	2135.0	2125.0	2125.0	11
18.09.2020 00:00	2125.0	2150.0	2115.0	2115.0	25
21.09.2020 00:00	2125.0	2160.0	2110.0	2110.0	46
22.09.2020 00:00	2135.0	2140.0	2105.0	2105.0	63
23.09.2020 00:00	2115.0	2115.0	2100.0	2110.0	73
24.09.2020 00:00	2115.0	2115.0	2085.0	2085.0	24
25.09.2020 00:00	2125.0	2125.0	2125.0	2125.0	1
28.09.2020 00:00	2130.0	2130.0	2090.0	2095.0	23
29.09.2020 00:00	2090.0	2090.0	2050.0	2080.0	16
30.09.2020 00:00	2085.0	2085.0	2020.0	2055.0	58
01.10.2020 00:00	2045.0	2065.0	2045.0	2065.0	10
02.10.2020 00:00	2065.0	2065.0	2050.0	2055.0	10
05.10.2020 00:00	2070.0	2085.0	2070.0	2075.0	12
06.10.2020 00:00	2075.0	2080.0	2020.0	2075.0	23
07.10.2020 00:00	2085.0	2085.0	2035.0	2040.0	15
08.10.2020 00:00	2045.0	2045.0	2025.0	2030.0	9
09.10.2020 00:00	2030.0	2030.0	2000.0	2000.0	30
12.10.2020 00:00	2030.0	2040.0	2030.0	2040.0	5
13.10.2020 00:00	2060.0	2065.0	2050.0	2065.0	12
14.10.2020 00:00	2070.0	2075.0	2070.0	2075.0	3
15.10.2020 00:00	2085.0	2165.0	2065.0	2065.0	137
16.10.2020 00:00	2055.0	2060.0	2055.0	2060.0	3
19.10.2020 00:00	2055.0	2055.0	2035.0	2050.0	7
20.10.2020 00:00	2055.0	2055.0	1995.0	2000.0	13
21.10.2020 00:00	2020.0	2050.0	1995.0	2010.0	18
22.10.2020 00:00	2015.0	2030.0	1985.0	1990.0	57
23.10.2020 00:00	1995.0	2005.0	1980.0	2005.0	4
26.10.2020 00:00	1985.0	2030.0	1985.0	2025.0	20
27.10.2020 00:00	2005.0	2010.0	1950.0	1985.0	34
28.10.2020 00:00	2000.0	2025.0	1975.0	1975.0	11
29.10.2020 00:00	1970.0	1970.0	1925.0	1945.0	26
30.10.2020 00:00	1950.0	1960.0	1945.0	1960.0	11
02.11.2020 00:00	1955.0	1955.0	1895.0	1930.0	22
03.11.2020 00:00	1960.0	1960.0	1930.0	1955.0	14
05.11.2020 00:00	1960.0	1965.0	1955.0	1960.0	49
06.11.2020 00:00	1935.0	1960.0	1930.0	1960.0	10
09.11.2020 00:00	1965.0	2025.0	1940.0	1995.0	27
10.11.2020 00:00	1995.0	2000.0	1965.0	1975.0	13
11.11.2020 00:00	2015.0	2030.0	2010.0	2020.0	15
12.11.2020 00:00	2005.0	2005.0	2005.0	2005.0	1
13.11.2020 00:00	2005.0	2045.0	2000.0	2005.0	20
16.11.2020 00:00	2060.0	2060.0	2015.0	2015.0	10
17.11.2020 00:00	2015.0	2015.0	2005.0	2005.0	20
18.11.2020 00:00	2045.0	2045.0	1980.0	1980.0	23
19.11.2020 00:00	2015.0	2045.0	2015.0	2035.0	30
20.11.2020 00:00	2030.0	2040.0	2030.0	2030.0	18
23.11.2020 00:00	2010.0	2045.0	2010.0	2045.0	10
24.11.2020 00:00	2040.0	2045.0	2015.0	2045.0	10
25.11.2020 00:00	2060.0	2060.0	2015.0	2030.0	8
26.11.2020 00:00	2015.0	2040.0	2005.0	2035.0	13
27.11.2020 00:00	2040.0	2040.0	2000.0	2030.0	19
30.11.2020 00:00	2015.0	2015.0	2015.0	2015.0	2
01.12.2020 00:00	2035.0	2040.0	2010.0	2025.0	22
02.12.2020 00:00	2055.0	2090.0	2055.0	2065.0	61
03.12.2020 00:00	2065.0	2100.0	2050.0	2070.0	35
04.12.2020 00:00	2065.0	2100.0	2065.0	2095.0	38
07.12.2020 00:00	2095.0	2175.0	2040.0	2050.0	166
08.12.2020 00:00	2065.0	2070.0	2050.0	2065.0	18
09.12.2020 00:00	2055.0	2075.0	2050.0	2065.0	18
10.12.2020 00:00	2085.0	2085.0	2055.0	2060.0	6
11.12.2020 00:00	2055.0	2060.0	2040.0	2055.0	20
14.12.2020 00:00	2055.0	2055.0	2050.0	2050.0	21
15.12.2020 00:00	2050.0	2050.0	2045.0	2050.0	3
16.12.2020 00:00	2080.0	2080.0	2055.0	2060.0	9
17.12.2020 00:00	2055.0	2055.0	2050.0	2050.0	4
18.12.2020 00:00	2090.0	2090.0	2045.0	2045.0	18
21.12.2020 00:00	2050.0	2050.0	2020.0	2020.0	23
22.12.2020 00:00	2060.0	2065.0	2030.0	2030.0	10
23.12.2020 00:00	2030.0	2050.0	2010.0	2050.0	12
24.12.2020 00:00	2055.0	2075.0	2035.0	2040.0	33
25.12.2020 00:00	2040.0	2070.0	2040.0	2045.0	53
28.12.2020 00:00	2075.0	2085.0	2045.0	2085.0	14
29.12.2020 00:00	2055.0	2055.0	2055.0	2055.0	25
30.12.2020 00:00	2080.0	2080.0	2050.0	2050.0	6
04.01.2021 00:00	2085.0	2085.0	2085.0	2085.0	2
05.01.2021 00:00	2095.0	2135.0	2095.0	2095.0	19
06.01.2021 00:00	2070.0	2100.0	2070.0	2100.0	6
08.01.2021 00:00	2070.0	2080.0	2070.0	2080.0	30
11.01.2021 00:00	2095.0	2100.0	2065.0	2065.0	21
12.01.2021 00:00	2090.0	2090.0	2030.0	2065.0	21
13.01.2021 00:00	2060.0	2095.0	2055.0	2090.0	32
14.01.2021 00:00	2060.0	2100.0	2035.0	2085.0	64
15.01.2021 00:00	2060.0	2065.0	2060.0	2065.0	2
18.01.2021 00:00	2095.0	2095.0	2055.0	2060.0	12
19.01.2021 00:00	2100.0	2100.0	2065.0	2070.0	30
20.01.2021 00:00	2070.0	2105.0	2035.0	2075.0	147
21.01.2021 00:00	2075.0	2075.0	2035.0	2050.0	61
22.01.2021 00:00	2060.0	2540.0	2060.0	2160.0	2303
25.01.2021 00:00	2140.0	2140.0	2050.0	2120.0	411
26.01.2021 00:00	2100.0	2140.0	2070.0	2105.0	116
27.01.2021 00:00	2070.0	2120.0	2070.0	2090.0	57
28.01.2021 00:00	2080.0	2085.0	2065.0	2075.0	138
29.01.2021 00:00	2065.0	2085.0	2040.0	2060.0	38
01.02.2021 00:00	2060.0	2070.0	2040.0	2065.0	32
02.02.2021 00:00	2070.0	2110.0	2060.0	2110.0	52
03.02.2021 00:00	2105.0	2110.0	2070.0	2090.0	18
04.02.2021 00:00	2090.0	2095.0	2090.0	2090.0	38
05.02.2021 00:00	2075.0	2125.0	2060.0	2100.0	79
08.02.2021 00:00	2085.0	2185.0	2080.0	2115.0	248
09.02.2021 00:00	2140.0	2150.0	2110.0	2115.0	53
10.02.2021 00:00	2115.0	2265.0	2115.0	2195.0	446
11.02.2021 00:00	2180.0	2230.0	2165.0	2180.0	98
12.02.2021 00:00	2185.0	2220.0	2110.0	2205.0	92
15.02.2021 00:00	2225.0	2225.0	2180.0	2205.0	18
16.02.2021 00:00	2195.0	2290.0	2185.0	2260.0	137
17.02.2021 00:00	2250.0	2300.0	2245.0	2295.0	148
18.02.2021 00:00	2305.0	2330.0	2215.0	2255.0	146
19.02.2021 00:00	2265.0	2265.0	2200.0	2205.0	73
20.02.2021 00:00	2280.0	2280.0	2200.0	2200.0	16
22.02.2021 00:00	2295.0	2295.0	2160.0	2180.0	38
24.02.2021 00:00	2235.0	2235.0	2200.0	2225.0	45
25.02.2021 00:00	2235.0	2240.0	2215.0	2215.0	54
26.02.2021 00:00	2210.0	2260.0	2205.0	2220.0	81
01.03.2021 00:00	2215.0	2215.0	2200.0	2210.0	5
02.03.2021 00:00	2230.0	2235.0	2230.0	2235.0	2
03.03.2021 00:00	2210.0	2410.0	2200.0	2245.0	471
04.03.2021 00:00	2270.0	2295.0	2255.0	2265.0	47
05.03.2021 00:00	2260.0	2260.0	2255.0	2255.0	5
09.03.2021 00:00	2255.0	2290.0	2165.0	2180.0	88
10.03.2021 00:00	2180.0	2200.0	2180.0	2195.0	15
11.03.2021 00:00	2230.0	2230.0	2230.0	2230.0	1
12.03.2021 00:00	2200.0	2235.0	2200.0	2225.0	25
15.03.2021 00:00	2220.0	2220.0	2210.0	2210.0	5
16.03.2021 00:00	2200.0	2220.0	2170.0	2170.0	29
17.03.2021 00:00	2220.0	2220.0	2170.0	2210.0	44
18.03.2021 00:00	2190.0	2230.0	2185.0	2185.0	32
19.03.2021 00:00	2230.0	2245.0	2170.0	2175.0	30
22.03.2021 00:00	2195.0	2295.0	2165.0	2285.0	111
23.03.2021 00:00	2295.0	2395.0	2220.0	2250.0	450
24.03.2021 00:00	2215.0	2255.0	2210.0	2240.0	16
25.03.2021 00:00	2250.0	2250.0	2205.0	2235.0	102
26.03.2021 00:00	2255.0	2305.0	2205.0	2235.0	182
29.03.2021 00:00	2265.0	2265.0	2210.0	2225.0	203
30.03.2021 00:00	2225.0	2230.0	2205.0	2215.0	160
31.03.2021 00:00	2255.0	2255.0	2180.0	2205.0	175
01.04.2021 00:00	2235.0	2255.0	2200.0	2250.0	144
02.04.2021 00:00	2260.0	2265.0	2215.0	2240.0	154
05.04.2021 00:00	2265.0	2265.0	2205.0	2230.0	155
06.04.2021 00:00	2230.0	2245.0	2190.0	2210.0	138
07.04.2021 00:00	2215.0	2520.0	2215.0	2260.0	871
08.04.2021 00:00	2260.0	2265.0	2220.0	2230.0	216
09.04.2021 00:00	2225.0	2270.0	2225.0	2240.0	139
12.04.2021 00:00	2230.0	2275.0	2195.0	2275.0	277
13.04.2021 00:00	2255.0	2340.0	2245.0	2305.0	164
14.04.2021 00:00	2305.0	2310.0	2255.0	2285.0	163
15.04.2021 00:00	2305.0	2305.0	2225.0	2270.0	132
16.04.2021 00:00	2305.0	2450.0	2200.0	2235.0	1186
19.04.2021 00:00	2215.0	2230.0	2150.0	2180.0	475
20.04.2021 00:00	2205.0	2240.0	2195.0	2235.0	203
21.04.2021 00:00	2210.0	2210.0	2155.0	2180.0	73
22.04.2021 00:00	2180.0	2195.0	2170.0	2190.0	16
23.04.2021 00:00	2180.0	2185.0	2180.0	2180.0	36
26.04.2021 00:00	2195.0	2200.0	2195.0	2195.0	4
27.04.2021 00:00	2180.0	2230.0	2150.0	2205.0	23
28.04.2021 00:00	2180.0	2185.0	2180.0	2185.0	9
29.04.2021 00:00	2220.0	2220.0	2100.0	2140.0	57
30.04.2021 00:00	2135.0	2145.0	2100.0	2110.0	26
04.05.2021 00:00	2120.0	2165.0	2100.0	2135.0	37
05.05.2021 00:00	2120.0	2130.0	2095.0	2125.0	48
06.05.2021 00:00	2125.0	2125.0	2080.0	2115.0	33
07.05.2021 00:00	2115.0	2115.0	2090.0	2105.0	10
10.05.2021 00:00	2085.0	2120.0	2075.0	2100.0	96
11.05.2021 00:00	2100.0	2125.0	2090.0	2125.0	4
12.05.2021 00:00	2080.0	2105.0	2080.0	2105.0	55
13.05.2021 00:00	2130.0	2240.0	2080.0	2180.0	152
14.05.2021 00:00	2215.0	2220.0	2160.0	2160.0	31
17.05.2021 00:00	2155.0	2195.0	2150.0	2155.0	12
18.05.2021 00:00	2175.0	2175.0	2155.0	2155.0	10
19.05.2021 00:00	2100.0	2160.0	2100.0	2100.0	54
20.05.2021 00:00	2135.0	2140.0	2095.0	2095.0	34
21.05.2021 00:00	2085.0	2090.0	2065.0	2085.0	50
24.05.2021 00:00	2095.0	2140.0	2095.0	2105.0	36
25.05.2021 00:00	2105.0	2140.0	2100.0	2120.0	50
26.05.2021 00:00	2105.0	2110.0	2105.0	2110.0	4
27.05.2021 00:00	2110.0	2110.0	2105.0	2110.0	12
28.05.2021 00:00	2100.0	2140.0	2100.0	2105.0	34
31.05.2021 00:00	2115.0	2115.0	2115.0	2115.0	14
01.06.2021 00:00	2110.0	2130.0	2100.0	2130.0	20
02.06.2021 00:00	2130.0	2145.0	2130.0	2135.0	18
03.06.2021 00:00	2115.0	2115.0	2115.0	2115.0	7
04.06.2021 00:00	2115.0	2130.0	2085.0	2130.0	31
07.06.2021 00:00	2110.0	2120.0	2110.0	2120.0	5
08.06.2021 00:00	2160.0	2160.0	2160.0	2160.0	3
09.06.2021 00:00	2135.0	2135.0	2135.0	2135.0	1
10.06.2021 00:00	2160.0	2160.0	2115.0	2140.0	4
11.06.2021 00:00	2135.0	2135.0	2135.0	2135.0	1
14.06.2021 00:00	2105.0	2105.0	2105.0	2105.0	2
15.06.2021 00:00	2085.0	2140.0	2085.0	2125.0	7
16.06.2021 00:00	2160.0	2160.0	2105.0	2105.0	6
17.06.2021 00:00	2140.0	2140.0	2100.0	2105.0	8
18.06.2021 00:00	2085.0	2085.0	2085.0	2085.0	7
21.06.2021 00:00	2085.0	2085.0	2085.0	2085.0	1
22.06.2021 00:00	2140.0	2145.0	2105.0	2130.0	37
23.06.2021 00:00	2140.0	2140.0	2140.0	2140.0	1
24.06.2021 00:00	2145.0	2165.0	2120.0	2165.0	37
25.06.2021 00:00	2135.0	2175.0	2135.0	2160.0	32
28.06.2021 00:00	2170.0	2170.0	2095.0	2130.0	8
29.06.2021 00:00	2210.0	2240.0	2140.0	2150.0	16
30.06.2021 00:00	2135.0	2165.0	2120.0	2150.0	11
01.07.2021 00:00	2135.0	2190.0	2120.0	2170.0	57
02.07.2021 00:00	2150.0	2170.0	2145.0	2150.0	15
05.07.2021 00:00	2150.0	2150.0	2150.0	2150.0	2
06.07.2021 00:00	2150.0	2150.0	2150.0	2150.0	4
07.07.2021 00:00	2145.0	2145.0	2145.0	2145.0	1
08.07.2021 00:00	2145.0	2170.0	2145.0	2170.0	2
09.07.2021 00:00	2230.0	2235.0	2130.0	2175.0	43
12.07.2021 00:00	2145.0	2155.0	2145.0	2145.0	5
14.07.2021 00:00	2135.0	2135.0	2135.0	2135.0	3
15.07.2021 00:00	2160.0	2170.0	2160.0	2170.0	6
16.07.2021 00:00	2125.0	2180.0	2120.0	2165.0	13
19.07.2021 00:00	2140.0	2140.0	2135.0	2140.0	4
20.07.2021 00:00	2125.0	2210.0	2125.0	2170.0	37
21.07.2021 00:00	2165.0	2165.0	2155.0	2155.0	5
22.07.2021 00:00	2150.0	2170.0	2100.0	2170.0	11
23.07.2021 00:00	2175.0	2175.0	2165.0	2165.0	5
26.07.2021 00:00	2185.0	2190.0	2155.0	2175.0	9
27.07.2021 00:00	2195.0	2195.0	2170.0	2170.0	6
28.07.2021 00:00	2165.0	2185.0	2165.0	2185.0	7
29.07.2021 00:00	2160.0	2190.0	2160.0	2190.0	5
30.07.2021 00:00	2160.0	2170.0	2155.0	2165.0	8
03.08.2021 00:00	2185.0	2185.0	2150.0	2170.0	2
04.08.2021 00:00	2175.0	2175.0	2150.0	2170.0	6
09.08.2021 00:00	2185.0	2185.0	2185.0	2185.0	2
11.08.2021 00:00	2140.0	2230.0	2130.0	2205.0	26
13.08.2021 00:00	2210.0	2210.0	2190.0	2190.0	3
17.08.2021 00:00	2200.0	2210.0	2170.0	2170.0	10
18.08.2021 00:00	2190.0	2225.0	2100.0	2170.0	45
20.08.2021 00:00	2150.0	2150.0	2150.0	2150.0	2
23.08.2021 00:00	2145.0	2175.0	2145.0	2170.0	7
24.08.2021 00:00	2145.0	2180.0	2145.0	2160.0	6
25.08.2021 00:00	2160.0	2190.0	2155.0	2190.0	4
26.08.2021 00:00	2200.0	2200.0	2200.0	2200.0	11
27.08.2021 00:00	2180.0	2185.0	2180.0	2185.0	2
30.08.2021 00:00	2160.0	2230.0	2160.0	2210.0	18
31.08.2021 00:00	2200.0	2260.0	2185.0	2225.0	132
01.09.2021 00:00	2190.0	2190.0	2155.0	2190.0	8
02.09.2021 00:00	2185.0	2375.0	2185.0	2310.0	243
03.09.2021 00:00	2165.0	2305.0	2115.0	2220.0	188
06.09.2021 00:00	2205.0	2240.0	2130.0	2240.0	98
08.09.2021 00:00	2240.0	2240.0	2240.0	2240.0	3
09.09.2021 00:00	2205.0	2225.0	2205.0	2225.0	8
10.09.2021 00:00	2265.0	2265.0	2225.0	2225.0	8
13.09.2021 00:00	2225.0	2255.0	2170.0	2240.0	29
14.09.2021 00:00	2260.0	2260.0	2260.0	2260.0	1
16.09.2021 00:00	2225.0	2240.0	2225.0	2240.0	3
17.09.2021 00:00	2215.0	2265.0	2215.0	2265.0	7
20.09.2021 00:00	2225.0	2240.0	2215.0	2215.0	7
21.09.2021 00:00	2240.0	2240.0	2225.0	2225.0	2
22.09.2021 00:00	2205.0	2230.0	2200.0	2230.0	9
24.09.2021 00:00	2205.0	2205.0	2200.0	2205.0	2
27.09.2021 00:00	2195.0	2200.0	2195.0	2200.0	3
28.09.2021 00:00	2195.0	2195.0	2190.0	2190.0	3
29.09.2021 00:00	2180.0	2180.0	2180.0	2180.0	6
30.09.2021 00:00	2190.0	2190.0	2180.0	2190.0	3
01.10.2021 00:00	2200.0	2210.0	2200.0	2210.0	7
04.10.2021 00:00	2210.0	2275.0	2210.0	2265.0	48
05.10.2021 00:00	2275.0	2285.0	2250.0	2250.0	15
06.10.2021 00:00	2290.0	2290.0	2235.0	2235.0	58
07.10.2021 00:00	2225.0	2285.0	2225.0	2275.0	29
08.10.2021 00:00	2255.0	2275.0	2255.0	2275.0	13
11.10.2021 00:00	2250.0	2305.0	2200.0	2305.0	10
12.10.2021 00:00	2300.0	2300.0	2260.0	2270.0	15
13.10.2021 00:00	2255.0	2255.0	2255.0	2255.0	1
14.10.2021 00:00	2255.0	2275.0	2225.0	2275.0	7
15.10.2021 00:00	2235.0	2285.0	2235.0	2285.0	35
18.10.2021 00:00	2250.0	2285.0	2250.0	2280.0	4
20.10.2021 00:00	2285.0	2305.0	2200.0	2305.0	55
21.10.2021 00:00	2485.0	2535.0	2300.0	2340.0	62
22.10.2021 00:00	2310.0	2365.0	2275.0	2355.0	63
25.10.2021 00:00	2325.0	2325.0	2305.0	2305.0	20
26.10.2021 00:00	2335.0	2375.0	2320.0	2365.0	44
27.10.2021 00:00	2370.0	2385.0	2345.0	2345.0	11
28.10.2021 00:00	2375.0	2385.0	2260.0	2310.0	60
01.11.2021 00:00	2335.0	2410.0	2320.0	2375.0	77
02.11.2021 00:00	2410.0	2420.0	2385.0	2385.0	24
03.11.2021 00:00	2385.0	2385.0	2325.0	2325.0	21
05.11.2021 00:00	2320.0	2365.0	2320.0	2340.0	9
08.11.2021 00:00	2350.0	2355.0	2320.0	2340.0	8
09.11.2021 00:00	2285.0	2340.0	2285.0	2340.0	3
10.11.2021 00:00	2365.0	2385.0	2350.0	2350.0	6
11.11.2021 00:00	2350.0	2350.0	2325.0	2325.0	4
12.11.2021 00:00	2325.0	2325.0	2300.0	2300.0	13
15.11.2021 00:00	2330.0	2370.0	2330.0	2370.0	22
16.11.2021 00:00	2355.0	2360.0	2305.0	2340.0	7
17.11.2021 00:00	2350.0	2550.0	2350.0	2480.0	204
18.11.2021 00:00	2480.0	2520.0	2380.0	2415.0	118
19.11.2021 00:00	2405.0	2405.0	2300.0	2330.0	58
22.11.2021 00:00	2310.0	2340.0	2310.0	2340.0	10
23.11.2021 00:00	2300.0	2300.0	2200.0	2250.0	109
24.11.2021 00:00	2220.0	2220.0	1970.0	2160.0	202
25.11.2021 00:00	2195.0	2200.0	2150.0	2200.0	69
26.11.2021 00:00	2150.0	2175.0	2080.0	2115.0	35
29.11.2021 00:00	2120.0	2120.0	2005.0	2055.0	46
30.11.2021 00:00	2085.0	2135.0	2085.0	2135.0	25
01.12.2021 00:00	2130.0	2130.0	2080.0	2100.0	23
02.12.2021 00:00	2095.0	2125.0	2095.0	2110.0	9
03.12.2021 00:00	2080.0	2110.0	2080.0	2110.0	7
06.12.2021 00:00	2085.0	2110.0	2015.0	2090.0	86
07.12.2021 00:00	2085.0	2105.0	2080.0	2085.0	4
08.12.2021 00:00	2105.0	2105.0	2085.0	2100.0	4
09.12.2021 00:00	2070.0	2080.0	2005.0	2025.0	163
10.12.2021 00:00	2025.0	2075.0	2015.0	2035.0	85
13.12.2021 00:00	2045.0	2075.0	1975.0	2050.0	61
14.12.2021 00:00	2045.0	2055.0	2045.0	2055.0	2
16.12.2021 00:00	2040.0	2065.0	2040.0	2065.0	6
17.12.2021 00:00	2090.0	2095.0	2080.0	2090.0	6
20.12.2021 00:00	2095.0	2095.0	2065.0	2065.0	13
21.12.2021 00:00	2060.0	2060.0	2055.0	2060.0	5
23.12.2021 00:00	2085.0	2085.0	2080.0	2080.0	3
27.12.2021 00:00	2055.0	2085.0	2055.0	2080.0	6
28.12.2021 00:00	2055.0	2065.0	2050.0	2055.0	8
29.12.2021 00:00	2050.0	2065.0	2050.0	2065.0	2
03.01.2022 00:00	2075.0	2075.0	2075.0	2075.0	1
04.01.2022 00:00	2085.0	2110.0	2045.0	2110.0	83
05.01.2022 00:00	2080.0	2120.0	2050.0	2100.0	18
06.01.2022 00:00	2080.0	2115.0	2080.0	2080.0	7
10.01.2022 00:00	2100.0	2100.0	2100.0	2100.0	5
11.01.2022 00:00	2115.0	2115.0	2100.0	2110.0	18
12.01.2022 00:00	2080.0	2130.0	2080.0	2130.0	13
13.01.2022 00:00	2135.0	2135.0	2100.0	2100.0	3
14.01.2022 00:00	2100.0	2100.0	2050.0	2080.0	11
17.01.2022 00:00	2100.0	2100.0	2045.0	2045.0	5
18.01.2022 00:00	2060.0	2060.0	2025.0	2025.0	11
19.01.2022 00:00	2065.0	2065.0	2065.0	2065.0	2
20.01.2022 00:00	2025.0	2050.0	2020.0	2035.0	9
21.01.2022 00:00	2035.0	2035.0	2030.0	2030.0	4
24.01.2022 00:00	2015.0	2015.0	1920.0	1995.0	26
25.01.2022 00:00	1970.0	1970.0	1970.0	1970.0	1
26.01.2022 00:00	1995.0	2010.0	1995.0	2010.0	2
28.01.2022 00:00	1980.0	2000.0	1980.0	2000.0	2
02.02.2022 00:00	2030.0	2030.0	1970.0	2000.0	8
03.02.2022 00:00	1990.0	1995.0	1980.0	1995.0	6
07.02.2022 00:00	1980.0	2020.0	1975.0	1985.0	15
08.02.2022 00:00	1985.0	1985.0	1985.0	1985.0	2
10.02.2022 00:00	2060.0	2060.0	2000.0	2020.0	8
11.02.2022 00:00	2000.0	2000.0	2000.0	2000.0	1
14.02.2022 00:00	1985.0	2000.0	1970.0	1970.0	9
15.02.2022 00:00	1980.0	1980.0	1975.0	1980.0	17
17.02.2022 00:00	1970.0	2000.0	1970.0	1985.0	8
21.02.2022 00:00	1965.0	1970.0	1905.0	1905.0	25
22.02.2022 00:00	1905.0	1905.0	1815.0	1875.0	10
24.02.2022 00:00	1825.0	1825.0	1140.0	1210.0	16
25.02.2022 00:00	1420.0	1695.0	1420.0	1695.0	7
28.03.2022 00:00	1990.0	2100.0	1700.0	1700.0	4
29.03.2022 00:00	2105.0	2480.0	1700.0	2085.0	36
30.03.2022 00:00	2110.0	2110.0	1895.0	1940.0	20
31.03.2022 00:00	1940.0	2120.0	1940.0	1995.0	27
01.04.2022 00:00	1995.0	1995.0	1905.0	1930.0	19
04.04.2022 00:00	1915.0	1930.0	1910.0	1930.0	11
05.04.2022 00:00	1950.0	2085.0	1935.0	2085.0	37
06.04.2022 00:00	2115.0	2385.0	2005.0	2070.0	240
07.04.2022 00:00	2110.0	2210.0	2075.0	2115.0	21
08.04.2022 00:00	2115.0	2115.0	2100.0	2100.0	7
11.04.2022 00:00	2070.0	2095.0	1950.0	2085.0	68
12.04.2022 00:00	2040.0	2045.0	1960.0	2005.0	6
13.04.2022 00:00	1990.0	2025.0	1990.0	2025.0	3
14.04.2022 00:00	2040.0	2040.0	1970.0	2040.0	17
15.04.2022 00:00	2040.0	2040.0	1970.0	1995.0	20
18.04.2022 00:00	1950.0	2030.0	1950.0	1975.0	7
19.04.2022 00:00	1960.0	2725.0	1950.0	2180.0	6111
20.04.2022 00:00	2185.0	2310.0	1955.0	2000.0	757
21.04.2022 00:00	2005.0	2045.0	1930.0	2045.0	200
22.04.2022 00:00	2045.0	2050.0	1965.0	2005.0	50
25.04.2022 00:00	1980.0	2040.0	1945.0	1945.0	58
26.04.2022 00:00	1950.0	2000.0	1940.0	1945.0	35
27.04.2022 00:00	1965.0	1975.0	1940.0	1940.0	26
28.04.2022 00:00	1950.0	1960.0	1915.0	1930.0	44
29.04.2022 00:00	1975.0	2250.0	1930.0	1950.0	260
04.05.2022 00:00	1955.0	1965.0	1935.0	1935.0	62
05.05.2022 00:00	1940.0	2035.0	1855.0	1910.0	202
06.05.2022 00:00	1915.0	1965.0	1880.0	1890.0	36
11.05.2022 00:00	1905.0	1905.0	1870.0	1870.0	33
12.05.2022 00:00	1870.0	1915.0	1840.0	1915.0	46
13.05.2022 00:00	1865.0	1865.0	1865.0	1865.0	1
16.05.2022 00:00	1920.0	1965.0	1915.0	1925.0	21
17.05.2022 00:00	1910.0	1930.0	1905.0	1930.0	7
18.05.2022 00:00	1965.0	1965.0	1950.0	1950.0	3
19.05.2022 00:00	1940.0	1970.0	1905.0	1940.0	12
20.05.2022 00:00	1930.0	1930.0	1900.0	1900.0	6
23.05.2022 00:00	1885.0	1885.0	1885.0	1885.0	2
24.05.2022 00:00	1915.0	1955.0	1915.0	1915.0	12
25.05.2022 00:00	1910.0	1915.0	1865.0	1915.0	14
26.05.2022 00:00	1875.0	1920.0	1875.0	1920.0	4
27.05.2022 00:00	1890.0	1940.0	1870.0	1940.0	36
30.05.2022 00:00	1900.0	1930.0	1890.0	1930.0	7
31.05.2022 00:00	1900.0	1900.0	1845.0	1860.0	33
01.06.2022 00:00	1860.0	1865.0	1860.0	1865.0	8
02.06.2022 00:00	1870.0	1870.0	1870.0	1870.0	1
03.06.2022 00:00	1825.0	1895.0	1825.0	1850.0	11
06.06.2022 00:00	1850.0	1850.0	1850.0	1850.0	1
07.06.2022 00:00	1845.0	1900.0	1805.0	1870.0	13
08.06.2022 00:00	1825.0	1890.0	1710.0	1890.0	42
09.06.2022 00:00	1845.0	1845.0	1800.0	1830.0	22
10.06.2022 00:00	1865.0	1865.0	1865.0	1865.0	1
14.06.2022 00:00	1855.0	1855.0	1800.0	1820.0	9
15.06.2022 00:00	1820.0	1850.0	1810.0	1810.0	14
16.06.2022 00:00	1845.0	2120.0	1825.0	1915.0	399
17.06.2022 00:00	1965.0	1965.0	1830.0	1875.0	91
20.06.2022 00:00	1850.0	1915.0	1815.0	1865.0	35
21.06.2022 00:00	1865.0	1875.0	1840.0	1845.0	15
22.06.2022 00:00	1835.0	1905.0	1830.0	1885.0	42
23.06.2022 00:00	1905.0	1960.0	1860.0	1880.0	15
24.06.2022 00:00	1875.0	2070.0	1815.0	1880.0	166
27.06.2022 00:00	1855.0	1880.0	1835.0	1880.0	26
28.06.2022 00:00	1855.0	1925.0	1850.0	1895.0	12
29.06.2022 00:00	1910.0	1980.0	1865.0	1870.0	21
30.06.2022 00:00	1870.0	1875.0	1855.0	1875.0	12
01.07.2022 00:00	1840.0	1860.0	1840.0	1860.0	4
04.07.2022 00:00	1850.0	1890.0	1820.0	1890.0	39
05.07.2022 00:00	1860.0	1870.0	1820.0	1850.0	18
06.07.2022 00:00	1870.0	1870.0	1845.0	1845.0	3
07.07.2022 00:00	1850.0	1870.0	1840.0	1870.0	6
11.07.2022 00:00	1850.0	1850.0	1845.0	1845.0	2
12.07.2022 00:00	1840.0	1840.0	1840.0	1840.0	1
13.07.2022 00:00	1855.0	2150.0	1825.0	1900.0	261
14.07.2022 00:00	1870.0	1870.0	1860.0	1860.0	2
15.07.2022 00:00	1860.0	1860.0	1800.0	1825.0	21
18.07.2022 00:00	1800.0	1805.0	1800.0	1805.0	5
19.07.2022 00:00	1800.0	1805.0	1800.0	1805.0	37
20.07.2022 00:00	1800.0	1835.0	1800.0	1830.0	5
21.07.2022 00:00	1800.0	1825.0	1800.0	1825.0	2
22.07.2022 00:00	1810.0	1810.0	1810.0	1810.0	1
27.07.2022 00:00	1830.0	1835.0	1830.0	1835.0	2
28.07.2022 00:00	1840.0	1865.0	1830.0	1855.0	10
29.07.2022 00:00	1835.0	1870.0	1820.0	1820.0	11
01.08.2022 00:00	1865.0	2260.0	1825.0	2135.0	596
02.08.2022 00:00	2080.0	2100.0	1910.0	1955.0	408
03.08.2022 00:00	1935.0	1935.0	1895.0	1925.0	86
04.08.2022 00:00	1915.0	1930.0	1870.0	1890.0	49
05.08.2022 00:00	1875.0	1975.0	1870.0	1905.0	54
08.08.2022 00:00	1955.0	2015.0	1860.0	1910.0	38
09.08.2022 00:00	1915.0	1915.0	1910.0	1910.0	2
10.08.2022 00:00	1895.0	1915.0	1880.0	1915.0	12
11.08.2022 00:00	1895.0	1925.0	1895.0	1920.0	6
12.08.2022 00:00	1965.0	2010.0	1905.0	1940.0	39
15.08.2022 00:00	1995.0	1995.0	1950.0	1995.0	6
16.08.2022 00:00	2005.0	2060.0	1930.0	1995.0	121
17.08.2022 00:00	1950.0	1995.0	1950.0	1950.0	17
18.08.2022 00:00	1985.0	2000.0	1960.0	1960.0	37
19.08.2022 00:00	1980.0	1980.0	1925.0	1965.0	79
22.08.2022 00:00	1965.0	1975.0	1965.0	1975.0	4
23.08.2022 00:00	1980.0	2280.0	1955.0	2025.0	348
24.08.2022 00:00	2250.0	2280.0	2020.0	2020.0	136
25.08.2022 00:00	2045.0	2055.0	2025.0	2025.0	7
26.08.2022 00:00	2025.0	2035.0	2005.0	2035.0	64
29.08.2022 00:00	2040.0	2140.0	2040.0	2090.0	12
30.08.2022 00:00	2095.0	2300.0	2070.0	2100.0	101
31.08.2022 00:00	2130.0	2400.0	2125.0	2125.0	181
01.09.2022 00:00	2150.0	2165.0	2125.0	2165.0	10
02.09.2022 00:00	2165.0	2205.0	2125.0	2185.0	16
05.09.2022 00:00	2145.0	2215.0	2115.0	2150.0	80
06.09.2022 00:00	2225.0	2295.0	2125.0	2130.0	209
07.09.2022 00:00	2140.0	2215.0	2135.0	2140.0	17
08.09.2022 00:00	2180.0	2240.0	2155.0	2160.0	24
09.09.2022 00:00	2150.0	2165.0	2115.0	2115.0	126
12.09.2022 00:00	2115.0	2120.0	2115.0	2120.0	27
13.09.2022 00:00	2140.0	2150.0	2120.0	2120.0	10
14.09.2022 00:00	2125.0	2125.0	2015.0	2105.0	148
15.09.2022 00:00	2050.0	2110.0	2030.0	2110.0	68
16.09.2022 00:00	2190.0	2190.0	2045.0	2045.0	42
19.09.2022 00:00	2065.0	2075.0	2065.0	2075.0	12
20.09.2022 00:00	2095.0	2130.0	2035.0	2035.0	66
21.09.2022 00:00	2040.0	2040.0	1865.0	1965.0	74
22.09.2022 00:00	2020.0	2020.0	1980.0	1980.0	4
23.09.2022 00:00	1960.0	1960.0	1805.0	1820.0	28
26.09.2022 00:00	1740.0	1740.0	1600.0	1655.0	58
27.09.2022 00:00	1685.0	1820.0	1500.0	1600.0	143
28.09.2022 00:00	1630.0	1750.0	1630.0	1745.0	63
29.09.2022 00:00	1715.0	1715.0	1640.0	1655.0	26
30.09.2022 00:00	1730.0	1730.0	1610.0	1640.0	23
03.10.2022 00:00	1640.0	1660.0	1625.0	1660.0	7
04.10.2022 00:00	1660.0	1665.0	1660.0	1660.0	4
05.10.2022 00:00	1650.0	1650.0	1605.0	1625.0	5
06.10.2022 00:00	1810.0	1815.0	1600.0	1680.0	24
07.10.2022 00:00	1705.0	1710.0	1650.0	1650.0	7
10.10.2022 00:00	1610.0	1680.0	1595.0	1680.0	24
11.10.2022 00:00	1615.0	1670.0	1615.0	1665.0	11
12.10.2022 00:00	1675.0	1750.0	1670.0	1750.0	47
13.10.2022 00:00	1740.0	1895.0	1725.0	1770.0	102
14.10.2022 00:00	1740.0	1785.0	1730.0	1735.0	4
17.10.2022 00:00	1755.0	1790.0	1750.0	1790.0	13
18.10.2022 00:00	1795.0	2130.0	1785.0	1785.0	296
19.10.2022 00:00	1775.0	1965.0	1755.0	1825.0	187
20.10.2022 00:00	1875.0	1905.0	1830.0	1880.0	21
21.10.2022 00:00	1850.0	1885.0	1850.0	1885.0	9
24.10.2022 00:00	1855.0	1890.0	1840.0	1865.0	15
25.10.2022 00:00	1855.0	1900.0	1850.0	1900.0	15
26.10.2022 00:00	1960.0	1960.0	1840.0	1840.0	12
27.10.2022 00:00	1875.0	1935.0	1860.0	1860.0	9
28.10.2022 00:00	1895.0	1900.0	1885.0	1885.0	5
31.10.2022 00:00	1910.0	1930.0	1855.0	1885.0	28
01.11.2022 00:00	1860.0	1890.0	1860.0	1890.0	6
02.11.2022 00:00	1910.0	1910.0	1900.0	1900.0	3
03.11.2022 00:00	1865.0	1875.0	1855.0	1875.0	17
07.11.2022 00:00	1895.0	1895.0	1815.0	1840.0	41
08.11.2022 00:00	1885.0	1885.0	1840.0	1855.0	12
09.11.2022 00:00	1850.0	1850.0	1835.0	1835.0	6
10.11.2022 00:00	1830.0	1865.0	1820.0	1865.0	13
11.11.2022 00:00	1860.0	1860.0	1845.0	1845.0	5
14.11.2022 00:00	1845.0	1845.0	1845.0	1845.0	1
15.11.2022 00:00	1840.0	1850.0	1830.0	1850.0	4
16.11.2022 00:00	1825.0	1905.0	1825.0	1875.0	25
18.11.2022 00:00	1870.0	1870.0	1870.0	1870.0	1
21.11.2022 00:00	1800.0	1865.0	1770.0	1835.0	204
22.11.2022 00:00	1820.0	1860.0	1820.0	1860.0	22
23.11.2022 00:00	1845.0	1900.0	1820.0	1860.0	18
24.11.2022 00:00	1840.0	1870.0	1840.0	1870.0	7
25.11.2022 00:00	1850.0	1875.0	1845.0	1875.0	16
28.11.2022 00:00	1900.0	2505.0	1870.0	2015.0	1172
29.11.2022 00:00	2015.0	2015.0	1925.0	1970.0	46
30.11.2022 00:00	1995.0	2010.0	1900.0	1935.0	130
01.12.2022 00:00	1910.0	2220.0	1910.0	1965.0	400
02.12.2022 00:00	1950.0	1965.0	1915.0	1930.0	30
05.12.2022 00:00	2070.0	2205.0	1935.0	1960.0	266
06.12.2022 00:00	1930.0	1980.0	1905.0	1940.0	47
07.12.2022 00:00	1940.0	1950.0	1910.0	1910.0	8
08.12.2022 00:00	1910.0	1945.0	1900.0	1925.0	17
09.12.2022 00:00	1930.0	1960.0	1915.0	1960.0	11
12.12.2022 00:00	1975.0	2140.0	1955.0	1980.0	86
13.12.2022 00:00	1970.0	2070.0	1960.0	1990.0	33
14.12.2022 00:00	1995.0	2310.0	1990.0	2180.0	172
15.12.2022 00:00	2135.0	2165.0	1990.0	2025.0	103
16.12.2022 00:00	2015.0	2035.0	2015.0	2035.0	6
19.12.2022 00:00	2065.0	2110.0	1995.0	1995.0	15
20.12.2022 00:00	2065.0	2065.0	1985.0	1985.0	15
21.12.2022 00:00	1970.0	2000.0	1945.0	1950.0	34
22.12.2022 00:00	1960.0	1975.0	1960.0	1975.0	16
23.12.2022 00:00	1970.0	1970.0	1960.0	1965.0	32
26.12.2022 00:00	1965.0	2140.0	1935.0	1995.0	56
27.12.2022 00:00	1985.0	2300.0	1985.0	2065.0	157
28.12.2022 00:00	2065.0	2245.0	2030.0	2080.0	71
29.12.2022 00:00	2100.0	2125.0	2050.0	2125.0	14
30.12.2022 00:00	2125.0	2125.0	2060.0	2105.0	15
03.01.2023 00:00	2125.0	2285.0	2095.0	2200.0	55
04.01.2023 00:00	2205.0	2255.0	2195.0	2195.0	7
05.01.2023 00:00	2200.0	2220.0	2115.0	2150.0	31
06.01.2023 00:00	2165.0	2205.0	2120.0	2135.0	14
09.01.2023 00:00	2130.0	2190.0	2130.0	2185.0	48
10.01.2023 00:00	2160.0	2160.0	2150.0	2150.0	15
11.01.2023 00:00	2150.0	2150.0	2115.0	2145.0	70
12.01.2023 00:00	2115.0	2170.0	2115.0	2140.0	33
13.01.2023 00:00	2120.0	2125.0	2005.0	2085.0	91
16.01.2023 00:00	2090.0	2760.0	2090.0	2315.0	3587
17.01.2023 00:00	2350.0	2355.0	2200.0	2225.0	341
18.01.2023 00:00	2200.0	2310.0	2185.0	2210.0	211
19.01.2023 00:00	2205.0	3065.0	2205.0	2520.0	9398
20.01.2023 00:00	2585.0	2585.0	2370.0	2550.0	701
23.01.2023 00:00	2475.0	2900.0	2475.0	2620.0	1385
24.01.2023 00:00	2770.0	2770.0	2500.0	2625.0	832
25.01.2023 00:00	2665.0	2695.0	2520.0	2625.0	389
26.01.2023 00:00	2685.0	2685.0	2530.0	2595.0	264
27.01.2023 00:00	2595.0	2985.0	2530.0	2770.0	2401
30.01.2023 00:00	2800.0	2800.0	2530.0	2670.0	754
31.01.2023 00:00	2680.0	2800.0	2680.0	2725.0	269
01.02.2023 00:00	2725.0	2750.0	2660.0	2685.0	207
02.02.2023 00:00	2695.0	2940.0	2680.0	2850.0	354
03.02.2023 00:00	2840.0	3140.0	2735.0	2860.0	1967
06.02.2023 00:00	2835.0	3100.0	2835.0	2935.0	573
07.02.2023 00:00	2935.0	2940.0	2800.0	2875.0	454
08.02.2023 00:00	2930.0	2935.0	2770.0	2845.0	575
09.02.2023 00:00	2850.0	2910.0	2725.0	2800.0	546
10.02.2023 00:00	2770.0	2770.0	2680.0	2735.0	256
13.02.2023 00:00	2740.0	2775.0	2710.0	2720.0	63
14.02.2023 00:00	2715.0	2755.0	2605.0	2670.0	222
15.02.2023 00:00	2670.0	2670.0	2500.0	2540.0	219
16.02.2023 00:00	2545.0	2565.0	2525.0	2540.0	88
17.02.2023 00:00	2565.0	2590.0	2540.0	2540.0	16
20.02.2023 00:00	2540.0	2560.0	2460.0	2530.0	60
21.02.2023 00:00	2515.0	3030.0	2515.0	2630.0	1037
22.02.2023 00:00	2615.0	2635.0	2545.0	2600.0	81
24.02.2023 00:00	2630.0	2780.0	2630.0	2705.0	153
27.02.2023 00:00	2740.0	2945.0	2640.0	2725.0	506
28.02.2023 00:00	2720.0	2745.0	2720.0	2725.0	38
01.03.2023 00:00	2740.0	2760.0	2725.0	2735.0	12
02.03.2023 00:00	2725.0	2750.0	2725.0	2735.0	25
03.03.2023 00:00	2720.0	2750.0	2710.0	2750.0	21
06.03.2023 00:00	2760.0	2820.0	2710.0	2760.0	119
07.03.2023 00:00	2805.0	2865.0	2720.0	2780.0	110
09.03.2023 00:00	2745.0	2770.0	2725.0	2750.0	23
10.03.2023 00:00	2750.0	2865.0	2640.0	2865.0	249
13.03.2023 00:00	2850.0	2850.0	2755.0	2795.0	237
14.03.2023 00:00	2795.0	2795.0	2745.0	2745.0	37
15.03.2023 00:00	2745.0	2750.0	2700.0	2700.0	89
16.03.2023 00:00	2700.0	2725.0	2695.0	2695.0	19
17.03.2023 00:00	2730.0	2735.0	2665.0	2675.0	38
20.03.2023 00:00	2700.0	2715.0	2680.0	2710.0	43
21.03.2023 00:00	2725.0	2750.0	2720.0	2740.0	29
22.03.2023 00:00	2735.0	2810.0	2705.0	2735.0	65
23.03.2023 00:00	2735.0	2770.0	2735.0	2740.0	73
24.03.2023 00:00	2730.0	2940.0	2700.0	2905.0	778
27.03.2023 00:00	2855.0	3105.0	2810.0	2970.0	454
28.03.2023 00:00	2995.0	3190.0	2915.0	3075.0	1109
29.03.2023 00:00	3125.0	3150.0	2955.0	3005.0	339
30.03.2023 00:00	3010.0	3095.0	3000.0	3035.0	63
31.03.2023 00:00	3030.0	3030.0	2925.0	2925.0	198
03.04.2023 00:00	2960.0	3020.0	2940.0	3020.0	108
04.04.2023 00:00	3000.0	3140.0	2985.0	3105.0	223
05.04.2023 00:00	3150.0	3280.0	3060.0	3195.0	741
06.04.2023 00:00	3165.0	3210.0	3035.0	3135.0	586
07.04.2023 00:00	3135.0	3145.0	3020.0	3060.0	192
10.04.2023 00:00	3075.0	3105.0	3040.0	3100.0	137
11.04.2023 00:00	3110.0	3110.0	3055.0	3095.0	84
12.04.2023 00:00	3095.0	3195.0	3035.0	3100.0	197
13.04.2023 00:00	3080.0	3195.0	3040.0	3100.0	373
14.04.2023 00:00	3155.0	3190.0	3070.0	3145.0	122
17.04.2023 00:00	3165.0	3375.0	3165.0	3340.0	536
18.04.2023 00:00	3375.0	3380.0	3230.0	3315.0	206
19.04.2023 00:00	3320.0	3370.0	3185.0	3260.0	267
20.04.2023 00:00	3265.0	3265.0	3110.0	3210.0	506
21.04.2023 00:00	3155.0	3195.0	3100.0	3155.0	108
24.04.2023 00:00	3150.0	3200.0	3130.0	3200.0	107
25.04.2023 00:00	3225.0	3225.0	3090.0	3155.0	94
26.04.2023 00:00	3125.0	3165.0	3045.0	3140.0	120
27.04.2023 00:00	3115.0	3140.0	3050.0	3095.0	77
28.04.2023 00:00	3080.0	3140.0	3045.0	3140.0	84
02.05.2023 00:00	3105.0	3130.0	2915.0	3000.0	126
03.05.2023 00:00	3000.0	3000.0	2770.0	2800.0	168
04.05.2023 00:00	2785.0	2820.0	2705.0	2775.0	105
05.05.2023 00:00	2830.0	2925.0	2785.0	2790.0	82
08.05.2023 00:00	2790.0	2790.0	2780.0	2785.0	6
10.05.2023 00:00	2600.0	2865.0	2600.0	2855.0	74
11.05.2023 00:00	2865.0	3410.0	2865.0	3190.0	955
12.05.2023 00:00	3190.0	3195.0	2990.0	3115.0	308
15.05.2023 00:00	3115.0	3290.0	3050.0	3205.0	284
16.05.2023 00:00	3210.0	3295.0	3210.0	3280.0	149
17.05.2023 00:00	3260.0	3310.0	3105.0	3205.0	168
18.05.2023 00:00	3210.0	3215.0	3210.0	3210.0	103
19.05.2023 00:00	3165.0	3220.0	3160.0	3220.0	30
22.05.2023 00:00	3165.0	3220.0	3165.0	3215.0	14
23.05.2023 00:00	3200.0	3200.0	3155.0	3180.0	16
24.05.2023 00:00	3195.0	3270.0	3025.0	3090.0	225
25.05.2023 00:00	3090.0	3125.0	2970.0	3105.0	89
26.05.2023 00:00	3015.0	3155.0	3015.0	3115.0	65
29.05.2023 00:00	3110.0	3320.0	3050.0	3105.0	295
30.05.2023 00:00	3105.0	3230.0	3065.0	3200.0	122
31.05.2023 00:00	3150.0	3150.0	3020.0	3140.0	120
01.06.2023 00:00	3115.0	3140.0	2965.0	3025.0	66
02.06.2023 00:00	3060.0	3095.0	2950.0	3035.0	149
05.06.2023 00:00	3080.0	3785.0	3050.0	3370.0	1777
06.06.2023 00:00	3360.0	3360.0	3225.0	3265.0	169
07.06.2023 00:00	3275.0	3330.0	3165.0	3320.0	205
08.06.2023 00:00	3330.0	3455.0	3230.0	3455.0	377
09.06.2023 00:00	3470.0	3495.0	3205.0	3310.0	406
13.06.2023 00:00	3310.0	3360.0	3280.0	3350.0	155
14.06.2023 00:00	3355.0	3355.0	3270.0	3300.0	50
15.06.2023 00:00	3325.0	3340.0	3230.0	3315.0	26
16.06.2023 00:00	3305.0	3325.0	3270.0	3320.0	32
19.06.2023 00:00	3315.0	3340.0	3200.0	3295.0	144
20.06.2023 00:00	3295.0	3340.0	3295.0	3335.0	48
21.06.2023 00:00	3345.0	3700.0	3260.0	3345.0	2462
22.06.2023 00:00	3430.0	4500.0	3430.0	3715.0	3863
23.06.2023 00:00	3695.0	3695.0	3530.0	3625.0	627
26.06.2023 00:00	3575.0	3990.0	3560.0	3910.0	643
27.06.2023 00:00	3910.0	3965.0	3625.0	3795.0	734
28.06.2023 00:00	3880.0	4170.0	3710.0	3765.0	1246
29.06.2023 00:00	3800.0	3800.0	3660.0	3750.0	183
30.06.2023 00:00	3780.0	4020.0	3740.0	3805.0	969
03.07.2023 00:00	3865.0	3940.0	3785.0	3885.0	327
04.07.2023 00:00	3870.0	4005.0	3810.0	3825.0	363
05.07.2023 00:00	3830.0	3885.0	3750.0	3800.0	168
06.07.2023 00:00	3875.0	3980.0	3785.0	3835.0	270
07.07.2023 00:00	3805.0	3950.0	3790.0	3930.0	141
10.07.2023 00:00	3975.0	4095.0	3815.0	3910.0	475
11.07.2023 00:00	3920.0	4890.0	3920.0	4240.0	4845
12.07.2023 00:00	4265.0	4265.0	4100.0	4240.0	624
13.07.2023 00:00	4210.0	4630.0	4200.0	4365.0	964
14.07.2023 00:00	4370.0	4600.0	4275.0	4490.0	556
17.07.2023 00:00	4530.0	4530.0	4350.0	4475.0	181
18.07.2023 00:00	4500.0	4525.0	4355.0	4435.0	472
19.07.2023 00:00	4410.0	4460.0	4325.0	4450.0	126
20.07.2023 00:00	4380.0	4460.0	4340.0	4375.0	261
21.07.2023 00:00	4380.0	4620.0	4345.0	4470.0	300
24.07.2023 00:00	4475.0	4830.0	4350.0	4535.0	500
25.07.2023 00:00	4590.0	4750.0	4415.0	4525.0	454
26.07.2023 00:00	4595.0	4635.0	4560.0	4630.0	81
27.07.2023 00:00	4680.0	5100.0	4580.0	4795.0	1760
28.07.2023 00:00	4810.0	4950.0	4725.0	4775.0	252
31.07.2023 00:00	4780.0	4825.0	4725.0	4795.0	324
01.08.2023 00:00	4845.0	4935.0	4770.0	4860.0	215
02.08.2023 00:00	4870.0	4925.0	4805.0	4850.0	343
03.08.2023 00:00	4915.0	5195.0	4840.0	4950.0	843
04.08.2023 00:00	4990.0	4990.0	4750.0	4750.0	944
07.08.2023 00:00	4755.0	4895.0	4550.0	4845.0	421
08.08.2023 00:00	4830.0	4935.0	4570.0	4620.0	272
09.08.2023 00:00	4660.0	4890.0	4640.0	4790.0	265
10.08.2023 00:00	4910.0	5750.0	4755.0	5120.0	1397
11.08.2023 00:00	5120.0	5200.0	4870.0	5200.0	448
14.08.2023 00:00	5700.0	7155.0	5645.0	5820.0	3303
15.08.2023 00:00	5820.0	8150.0	5820.0	8150.0	9439
16.08.2023 00:00	8965.0	11400.0	8250.0	11400.0	10738
17.08.2023 00:00	12375.0	12530.0	9555.0	10160.0	5646
18.08.2023 00:00	10160.0	10160.0	8720.0	8975.0	2363
21.08.2023 00:00	9065.0	9855.0	9060.0	9560.0	1790
22.08.2023 00:00	9595.0	9855.0	9310.0	9735.0	623
23.08.2023 00:00	9975.0	10000.0	9025.0	9425.0	831
24.08.2023 00:00	9500.0	10360.0	9145.0	9905.0	2388
25.08.2023 00:00	10065.0	10130.0	9780.0	10000.0	308
28.08.2023 00:00	10175.0	10195.0	9865.0	9995.0	372
29.08.2023 00:00	9995.0	10280.0	9900.0	10195.0	938
30.08.2023 00:00	10225.0	10285.0	10000.0	10125.0	596
31.08.2023 00:00	10200.0	10200.0	9990.0	10020.0	316
01.09.2023 00:00	10265.0	11175.0	9850.0	10000.0	2177
04.09.2023 00:00	10340.0	10795.0	9880.0	10090.0	1044
05.09.2023 00:00	10295.0	10295.0	9920.0	10065.0	575
06.09.2023 00:00	10180.0	10180.0	9870.0	9950.0	366
07.09.2023 00:00	9950.0	10095.0	8365.0	9160.0	941
08.09.2023 00:00	9310.0	9985.0	9280.0	9710.0	1136
11.09.2023 00:00	9730.0	9995.0	9535.0	9715.0	285
12.09.2023 00:00	9635.0	9885.0	9310.0	9600.0	161
13.09.2023 00:00	9695.0	9845.0	9420.0	9515.0	515
14.09.2023 00:00	9725.0	9795.0	7200.0	8250.0	1355
15.09.2023 00:00	8310.0	8720.0	7775.0	8505.0	467
18.09.2023 00:00	8660.0	9100.0	8205.0	8435.0	436
19.09.2023 00:00	8425.0	8425.0	7940.0	8020.0	188
20.09.2023 00:00	7915.0	7915.0	6910.0	7400.0	791
21.09.2023 00:00	7485.0	7910.0	7000.0	7000.0	409
22.09.2023 00:00	7130.0	7935.0	6925.0	7360.0	648
25.09.2023 00:00	7365.0	7420.0	7175.0	7350.0	214
26.09.2023 00:00	7465.0	8860.0	7465.0	8035.0	2144
27.09.2023 00:00	8075.0	8395.0	7805.0	8255.0	618
28.09.2023 00:00	8085.0	8600.0	8000.0	8075.0	735
29.09.2023 00:00	8240.0	8395.0	7610.0	7700.0	602
02.10.2023 00:00	7955.0	9135.0	7955.0	8580.0	3400
03.10.2023 00:00	8740.0	8995.0	8030.0	8540.0	1067
04.10.2023 00:00	8335.0	8685.0	8300.0	8405.0	577
05.10.2023 00:00	8565.0	8675.0	8140.0	8380.0	619
06.10.2023 00:00	8400.0	8600.0	8100.0	8455.0	571
09.10.2023 00:00	8600.0	8695.0	8115.0	8240.0	376
10.10.2023 00:00	8330.0	8400.0	8195.0	8300.0	686
11.10.2023 00:00	8300.0	8650.0	8200.0	8390.0	582
12.10.2023 00:00	8290.0	8400.0	8210.0	8300.0	360
13.10.2023 00:00	8390.0	8390.0	8185.0	8260.0	631
16.10.2023 00:00	8380.0	8385.0	8185.0	8235.0	567
17.10.2023 00:00	8290.0	8345.0	8240.0	8260.0	473
18.10.2023 00:00	8205.0	8845.0	8075.0	8175.0	954
19.10.2023 00:00	8170.0	8290.0	7895.0	7935.0	1385
20.10.2023 00:00	7515.0	7765.0	7405.0	7505.0	1074
23.10.2023 00:00	7640.0	7665.0	7400.0	7510.0	275
24.10.2023 00:00	7510.0	7510.0	7325.0	7425.0	245
25.10.2023 00:00	7485.0	7485.0	7010.0	7345.0	649
26.10.2023 00:00	7430.0	7500.0	7065.0	7080.0	291
27.10.2023 00:00	7050.0	7160.0	6920.0	7035.0	204
30.10.2023 00:00	7065.0	7145.0	6835.0	6850.0	264
31.10.2023 00:00	6920.0	8320.0	6870.0	7410.0	4290
01.11.2023 00:00	7485.0	7485.0	7045.0	7055.0	764
02.11.2023 00:00	7070.0	7400.0	7060.0	7340.0	774
03.11.2023 00:00	7340.0	7340.0	7000.0	7185.0	202
06.11.2023 00:00	7185.0	7185.0	7060.0	7150.0	81
07.11.2023 00:00	7130.0	7195.0	7040.0	7070.0	140
08.11.2023 00:00	7115.0	7240.0	7015.0	7155.0	264
09.11.2023 00:00	7220.0	7220.0	7050.0	7085.0	142
10.11.2023 00:00	7080.0	7080.0	6870.0	7075.0	241
13.11.2023 00:00	6935.0	7050.0	6670.0	6740.0	611
14.11.2023 00:00	6665.0	6665.0	6050.0	6240.0	461
15.11.2023 00:00	6210.0	6600.0	5870.0	6600.0	267
16.11.2023 00:00	6600.0	6680.0	6435.0	6615.0	82
17.11.2023 00:00	6485.0	6615.0	6440.0	6520.0	41
20.11.2023 00:00	6525.0	6765.0	6525.0	6765.0	194
21.11.2023 00:00	6620.0	6760.0	6550.0	6630.0	69
22.11.2023 00:00	6570.0	6660.0	6560.0	6575.0	57
23.11.2023 00:00	6560.0	6735.0	6490.0	6675.0	137
24.11.2023 00:00	6685.0	6810.0	6510.0	6620.0	376
27.11.2023 00:00	6690.0	6810.0	6425.0	6670.0	151
28.11.2023 00:00	6670.0	6940.0	6535.0	6695.0	169
29.11.2023 00:00	6675.0	6795.0	6500.0	6535.0	132
30.11.2023 00:00	6635.0	6635.0	6450.0	6535.0	68
01.12.2023 00:00	6610.0	6795.0	6365.0	6555.0	140
04.12.2023 00:00	6545.0	6545.0	5900.0	5900.0	352
05.12.2023 00:00	5940.0	5945.0	5425.0	5715.0	163
06.12.2023 00:00	5710.0	5865.0	5645.0	5680.0	68
07.12.2023 00:00	5660.0	5660.0	5255.0	5490.0	134
08.12.2023 00:00	5480.0	5560.0	5400.0	5445.0	30
11.12.2023 00:00	5440.0	6570.0	5435.0	5790.0	766
12.12.2023 00:00	5830.0	5830.0	5460.0	5515.0	164
13.12.2023 00:00	5485.0	5560.0	5415.0	5520.0	112
14.12.2023 00:00	5515.0	5550.0	5450.0	5475.0	58
15.12.2023 00:00	5465.0	5505.0	5435.0	5505.0	46
18.12.2023 00:00	5540.0	6310.0	5540.0	5850.0	678
19.12.2023 00:00	5855.0	6520.0	5855.0	6180.0	546
20.12.2023 00:00	6275.0	6495.0	5900.0	6245.0	244
21.12.2023 00:00	6155.0	6305.0	6070.0	6110.0	71
22.12.2023 00:00	6260.0	6330.0	6210.0	6210.0	60
25.12.2023 00:00	6210.0	6210.0	6010.0	6035.0	94
26.12.2023 00:00	6130.0	6175.0	5995.0	6105.0	57
27.12.2023 00:00	6090.0	6290.0	5900.0	6045.0	167
28.12.2023 00:00	6110.0	6110.0	5655.0	5960.0	272
29.12.2023 00:00	5955.0	5960.0	3555.0	3555.0	10228
03.01.2024 00:00	3900.0	3900.0	3900.0	3900.0	899
04.01.2024 00:00	4285.0	4285.0	4285.0	4285.0	491
05.01.2024 00:00	4705.0	4705.0	4400.0	4705.0	6866
08.01.2024 00:00	5160.0	5165.0	4880.0	5165.0	6321
09.01.2024 00:00	5170.0	5675.0	5170.0	5675.0	6191
10.01.2024 00:00	6000.0	6235.0	5800.0	6235.0	8400
11.01.2024 00:00	6240.0	6295.0	5550.0	5800.0	6170
12.01.2024 00:00	5800.0	6080.0	5660.0	5755.0	2451
15.01.2024 00:00	5680.0	5720.0	5570.0	5715.0	1343
16.01.2024 00:00	5730.0	5820.0	5595.0	5595.0	1066
17.01.2024 00:00	5605.0	6000.0	5505.0	5860.0	2391
18.01.2024 00:00	5810.0	5970.0	5695.0	5725.0	967
19.01.2024 00:00	5710.0	5765.0	5625.0	5685.0	361
22.01.2024 00:00	5690.0	5880.0	5575.0	5685.0	899
23.01.2024 00:00	5695.0	5775.0	5685.0	5690.0	546
24.01.2024 00:00	5625.0	5740.0	5505.0	5600.0	520
25.01.2024 00:00	5485.0	5635.0	5470.0	5605.0	452
26.01.2024 00:00	5610.0	5720.0	5520.0	5635.0	771
29.01.2024 00:00	5650.0	5760.0	5650.0	5760.0	627
30.01.2024 00:00	5775.0	6095.0	5760.0	5835.0	2414
31.01.2024 00:00	5900.0	6070.0	5865.0	6015.0	1152
01.02.2024 00:00	6075.0	6220.0	5910.0	6155.0	1892
02.02.2024 00:00	6150.0	6220.0	5970.0	6130.0	614
05.02.2024 00:00	6155.0	6285.0	5960.0	6010.0	878
06.02.2024 00:00	6010.0	6080.0	5600.0	5950.0	716
07.02.2024 00:00	5950.0	6050.0	5705.0	5805.0	907
08.02.2024 00:00	5810.0	5840.0	5725.0	5735.0	227
09.02.2024 00:00	5845.0	6180.0	5775.0	5825.0	2867
12.02.2024 00:00	5835.0	5835.0	5530.0	5615.0	741
13.02.2024 00:00	5565.0	5870.0	5555.0	5800.0	578
14.02.2024 00:00	5840.0	6250.0	5820.0	6075.0	2989
15.02.2024 00:00	6150.0	6160.0	5935.0	6050.0	756
16.02.2024 00:00	6060.0	6125.0	5910.0	6065.0	596
19.02.2024 00:00	6095.0	6100.0	6010.0	6075.0	427
20.02.2024 00:00	6065.0	6130.0	5625.0	5960.0	1782
21.02.2024 00:00	5960.0	5960.0	5400.0	5505.0	3015
22.02.2024 00:00	5510.0	5665.0	5500.0	5555.0	648
26.02.2024 00:00	5640.0	6100.0	5605.0	5935.0	1367
27.02.2024 00:00	5950.0	6050.0	5775.0	5915.0	337
28.02.2024 00:00	5860.0	5915.0	5770.0	5805.0	207
29.02.2024 00:00	5855.0	5945.0	5705.0	5870.0	431
01.03.2024 00:00	5840.0	6000.0	5715.0	5865.0	360
04.03.2024 00:00	5890.0	5985.0	5770.0	5820.0	402
05.03.2024 00:00	5815.0	5910.0	5720.0	5775.0	230
06.03.2024 00:00	5840.0	5895.0	5750.0	5775.0	210
07.03.2024 00:00	5710.0	5890.0	5710.0	5865.0	433
11.03.2024 00:00	5980.0	5985.0	5870.0	5885.0	300
12.03.2024 00:00	5875.0	5895.0	5735.0	5780.0	279
13.03.2024 00:00	5790.0	5790.0	5730.0	5775.0	170
14.03.2024 00:00	5700.0	5775.0	5700.0	5740.0	149
15.03.2024 00:00	5725.0	5745.0	5700.0	5725.0	122
18.03.2024 00:00	5700.0	5740.0	5685.0	5700.0	76
19.03.2024 00:00	5705.0	5705.0	5665.0	5665.0	241
20.03.2024 00:00	5670.0	5795.0	5665.0	5690.0	174
21.03.2024 00:00	5715.0	5890.0	5620.0	5770.0	484
22.03.2024 00:00	5775.0	5790.0	5710.0	5750.0	77
25.03.2024 00:00	5725.0	5725.0	5665.0	5705.0	99
26.03.2024 00:00	5755.0	5805.0	5670.0	5760.0	219
27.03.2024 00:00	5745.0	5850.0	5715.0	5745.0	189
28.03.2024 00:00	5840.0	5840.0	5420.0	5670.0	664
29.03.2024 00:00	5690.0	5690.0	5570.0	5585.0	544
01.04.2024 00:00	5665.0	5685.0	5550.0	5675.0	491
02.04.2024 00:00	5680.0	5730.0	5605.0	5650.0	313
03.04.2024 00:00	5685.0	5725.0	5605.0	5725.0	207
04.04.2024 00:00	5725.0	5725.0	5645.0	5680.0	112
05.04.2024 00:00	5680.0	5725.0	5675.0	5720.0	164
08.04.2024 00:00	5730.0	5890.0	5600.0	5840.0	1067
09.04.2024 00:00	5855.0	5920.0	5695.0	5695.0	400
10.04.2024 00:00	5685.0	5820.0	5605.0	5695.0	325
11.04.2024 00:00	5705.0	5765.0	5475.0	5630.0	532
12.04.2024 00:00	5605.0	5750.0	5600.0	5685.0	200
15.04.2024 00:00	5685.0	5725.0	5625.0	5660.0	178
16.04.2024 00:00	5705.0	5705.0	5535.0	5595.0	219
17.04.2024 00:00	5595.0	5595.0	5550.0	5570.0	83
18.04.2024 00:00	5590.0	5600.0	5570.0	5580.0	149
19.04.2024 00:00	5575.0	5595.0	5570.0	5590.0	47
22.04.2024 00:00	5585.0	5685.0	5525.0	5575.0	248
23.04.2024 00:00	5580.0	5625.0	5530.0	5555.0	118
24.04.2024 00:00	5535.0	5655.0	5505.0	5555.0	206
25.04.2024 00:00	5560.0	5635.0	5515.0	5615.0	121
26.04.2024 00:00	5605.0	5605.0	5555.0	5590.0	32
27.04.2024 00:00	5550.0	5600.0	5535.0	5545.0	47
29.04.2024 00:00	5545.0	5560.0	5475.0	5500.0	209
30.04.2024 00:00	5485.0	5535.0	5470.0	5505.0	90
02.05.2024 00:00	5520.0	5735.0	5475.0	5560.0	305
03.05.2024 00:00	5560.0	5665.0	5560.0	5560.0	315
06.05.2024 00:00	5590.0	5630.0	5505.0	5530.0	89
07.05.2024 00:00	5520.0	5575.0	5450.0	5485.0	226
08.05.2024 00:00	5520.0	5540.0	5450.0	5490.0	104
10.05.2024 00:00	5500.0	5520.0	5480.0	5485.0	26
13.05.2024 00:00	5480.0	5600.0	5475.0	5510.0	161
14.05.2024 00:00	5510.0	5550.0	5460.0	5525.0	234
15.05.2024 00:00	5500.0	5540.0	5190.0	5395.0	571
16.05.2024 00:00	5400.0	5430.0	5300.0	5365.0	154
17.05.2024 00:00	5325.0	5415.0	5210.0	5300.0	272
20.05.2024 00:00	5310.0	5330.0	5220.0	5250.0	146
21.05.2024 00:00	5225.0	5225.0	5010.0	5100.0	353
22.05.2024 00:00	5050.0	5585.0	5035.0	5225.0	707
23.05.2024 00:00	5225.0	5225.0	4915.0	5005.0	317
24.05.2024 00:00	4970.0	5050.0	4700.0	4880.0	323
27.05.2024 00:00	4885.0	4890.0	4705.0	4705.0	132
28.05.2024 00:00	4705.0	4920.0	4700.0	4760.0	257
29.05.2024 00:00	4795.0	4805.0	4700.0	4700.0	92
30.05.2024 00:00	4760.0	4775.0	4575.0	4705.0	151
31.05.2024 00:00	4605.0	4630.0	4480.0	4610.0	122
03.06.2024 00:00	4615.0	4615.0	4165.0	4400.0	303
04.06.2024 00:00	4425.0	4920.0	4275.0	4635.0	430
05.06.2024 00:00	4800.0	4920.0	4755.0	4805.0	253
06.06.2024 00:00	4810.0	4810.0	4610.0	4680.0	102
07.06.2024 00:00	4725.0	4900.0	4590.0	4765.0	215
10.06.2024 00:00	4775.0	4785.0	4705.0	4705.0	34
11.06.2024 00:00	4705.0	4705.0	4490.0	4560.0	127
13.06.2024 00:00	4450.0	4590.0	4400.0	4585.0	103
14.06.2024 00:00	4565.0	4565.0	4405.0	4520.0	53
17.06.2024 00:00	4555.0	4555.0	4180.0	4290.0	291
18.06.2024 00:00	4320.0	4355.0	4220.0	4325.0	166
19.06.2024 00:00	4320.0	4350.0	4140.0	4205.0	198
20.06.2024 00:00	4160.0	4285.0	4130.0	4260.0	93
21.06.2024 00:00	4250.0	4280.0	4160.0	4200.0	61
24.06.2024 00:00	4165.0	4255.0	3960.0	4015.0	154
25.06.2024 00:00	4050.0	4150.0	3950.0	3955.0	288
26.06.2024 00:00	4055.0	4835.0	4020.0	4835.0	1355
27.06.2024 00:00	4865.0	5310.0	4610.0	4800.0	2746
28.06.2024 00:00	4795.0	4880.0	4460.0	4460.0	742
01.07.2024 00:00	4515.0	4950.0	4515.0	4630.0	1440
02.07.2024 00:00	4720.0	4725.0	4510.0	4550.0	490
03.07.2024 00:00	4545.0	4545.0	4215.0	4290.0	944
04.07.2024 00:00	4265.0	4330.0	4160.0	4295.0	256
05.07.2024 00:00	4350.0	4375.0	4160.0	4190.0	220
08.07.2024 00:00	4190.0	4290.0	4160.0	4170.0	183
09.07.2024 00:00	4160.0	4165.0	3825.0	3910.0	542
10.07.2024 00:00	3855.0	3870.0	3730.0	3810.0	260
11.07.2024 00:00	3755.0	4120.0	3730.0	4035.0	351
12.07.2024 00:00	4195.0	4195.0	3900.0	3955.0	344
15.07.2024 00:00	4060.0	4100.0	3890.0	3990.0	196
16.07.2024 00:00	3950.0	4045.0	3855.0	3855.0	194
17.07.2024 00:00	3890.0	3995.0	3750.0	3820.0	542
18.07.2024 00:00	3850.0	3855.0	3805.0	3855.0	73
19.07.2024 00:00	3855.0	4230.0	3805.0	4230.0	1125
22.07.2024 00:00	4395.0	4540.0	4090.0	4260.0	554
23.07.2024 00:00	4420.0	4420.0	4090.0	4185.0	181
24.07.2024 00:00	4295.0	4300.0	4120.0	4185.0	150
25.07.2024 00:00	4270.0	4305.0	4120.0	4190.0	249
26.07.2024 00:00	4195.0	4395.0	3950.0	4125.0	387
29.07.2024 00:00	4095.0	4100.0	3935.0	3990.0	140
30.07.2024 00:00	4035.0	4095.0	4020.0	4045.0	76
31.07.2024 00:00	4135.0	4150.0	4040.0	4135.0	82
01.08.2024 00:00	4125.0	4140.0	4080.0	4135.0	29
02.08.2024 00:00	4095.0	4135.0	4065.0	4095.0	31
05.08.2024 00:00	4070.0	4100.0	4010.0	4025.0	49
06.08.2024 00:00	4020.0	4100.0	3990.0	4090.0	37
07.08.2024 00:00	4015.0	4140.0	4010.0	4040.0	47
08.08.2024 00:00	4045.0	4120.0	4025.0	4025.0	49
09.08.2024 00:00	4025.0	4065.0	4005.0	4020.0	36
12.08.2024 00:00	4070.0	4070.0	4020.0	4065.0	13
13.08.2024 00:00	4015.0	4130.0	3945.0	4125.0	297
14.08.2024 00:00	4130.0	4940.0	4095.0	4665.0	2011
15.08.2024 00:00	4735.0	5065.0	4540.0	4720.0	1376
16.08.2024 00:00	4605.0	4720.0	4170.0	4300.0	4030
19.08.2024 00:00	4465.0	4475.0	4050.0	4090.0	1285
20.08.2024 00:00	4090.0	4590.0	4070.0	4325.0	1826
21.08.2024 00:00	4445.0	4520.0	4130.0	4370.0	617
22.08.2024 00:00	4385.0	4385.0	4100.0	4110.0	557
23.08.2024 00:00	4175.0	4500.0	4080.0	4090.0	1875
26.08.2024 00:00	4185.0	4260.0	4000.0	4100.0	674
27.08.2024 00:00	4150.0	4150.0	3990.0	4085.0	370
28.08.2024 00:00	4120.0	4140.0	4015.0	4055.0	205
29.08.2024 00:00	4050.0	4055.0	3880.0	4030.0	325
30.08.2024 00:00	3955.0	4045.0	3850.0	3865.0	305
02.09.2024 00:00	3980.0	3980.0	3655.0	3795.0	315
03.09.2024 00:00	3770.0	3930.0	3500.0	3805.0	374
04.09.2024 00:00	3885.0	4250.0	3795.0	3965.0	423
05.09.2024 00:00	4170.0	4170.0	3875.0	3915.0	319
06.09.2024 00:00	3925.0	4225.0	3900.0	3940.0	674
09.09.2024 00:00	3940.0	4125.0	3920.0	4035.0	232
10.09.2024 00:00	4030.0	4180.0	3980.0	4010.0	161
11.09.2024 00:00	4015.0	4015.0	3925.0	3985.0	96
12.09.2024 00:00	3955.0	3955.0	3805.0	3875.0	267
13.09.2024 00:00	3835.0	3950.0	3675.0	3905.0	485
16.09.2024 00:00	3935.0	4000.0	3885.0	3990.0	305
17.09.2024 00:00	3955.0	4000.0	3890.0	3970.0	96
18.09.2024 00:00	3970.0	3995.0	3920.0	3920.0	58
19.09.2024 00:00	3920.0	3955.0	3900.0	3930.0	41
20.09.2024 00:00	3890.0	4000.0	3810.0	3995.0	202
23.09.2024 00:00	4015.0	4015.0	3925.0	3995.0	182
24.09.2024 00:00	4030.0	4345.0	4000.0	4180.0	815
25.09.2024 00:00	4195.0	4350.0	4030.0	4055.0	551
26.09.2024 00:00	4125.0	4125.0	4015.0	4100.0	158
27.09.2024 00:00	4100.0	4115.0	4050.0	4095.0	171
30.09.2024 00:00	4095.0	4160.0	4095.0	4140.0	203
01.10.2024 00:00	4120.0	4305.0	3940.0	3990.0	1076
02.10.2024 00:00	4050.0	4065.0	3910.0	3910.0	927
03.10.2024 00:00	3935.0	4100.0	3810.0	3930.0	343
04.10.2024 00:00	3875.0	4090.0	3840.0	4015.0	312
07.10.2024 00:00	4060.0	4060.0	3940.0	3940.0	32
08.10.2024 00:00	4035.0	4100.0	3800.0	3920.0	719
09.10.2024 00:00	3970.0	4035.0	3920.0	4035.0	911
10.10.2024 00:00	4050.0	4145.0	3925.0	4010.0	155
11.10.2024 00:00	4035.0	4035.0	3975.0	4000.0	118
14.10.2024 00:00	3970.0	4070.0	3950.0	4035.0	427
15.10.2024 00:00	4005.0	4015.0	3995.0	4005.0	41
16.10.2024 00:00	4005.0	4035.0	4000.0	4005.0	29
17.10.2024 00:00	4000.0	4005.0	3950.0	4000.0	54
18.10.2024 00:00	3995.0	3995.0	3980.0	3985.0	40
21.10.2024 00:00	4020.0	4020.0	3980.0	4000.0	126
22.10.2024 00:00	4020.0	4025.0	3990.0	4000.0	148
23.10.2024 00:00	3980.0	4000.0	3885.0	3980.0	168
24.10.2024 00:00	3950.0	3965.0	3920.0	3960.0	29
25.10.2024 00:00	3985.0	4090.0	3810.0	3810.0	251
28.10.2024 00:00	3925.0	3925.0	3625.0	3790.0	211
29.10.2024 00:00	3790.0	3815.0	3645.0	3685.0	100
30.10.2024 00:00	3700.0	3900.0	3685.0	3850.0	191
31.10.2024 00:00	3880.0	3945.0	3760.0	3815.0	127
01.11.2024 00:00	3815.0	4050.0	3815.0	3900.0	346
02.11.2024 00:00	4100.0	4100.0	3855.0	3900.0	84
05.11.2024 00:00	3910.0	4120.0	3895.0	3995.0	825
06.11.2024 00:00	3990.0	4040.0	3910.0	3910.0	260
07.11.2024 00:00	3910.0	3910.0	3855.0	3910.0	38
08.11.2024 00:00	3915.0	4180.0	3915.0	3955.0	508
11.11.2024 00:00	4020.0	4250.0	3980.0	4035.0	197
12.11.2024 00:00	4040.0	4040.0	3970.0	4015.0	64
13.11.2024 00:00	4015.0	4025.0	3980.0	3980.0	51
14.11.2024 00:00	3980.0	4020.0	3900.0	4005.0	343
15.11.2024 00:00	4000.0	4010.0	3970.0	3985.0	18
18.11.2024 00:00	3965.0	4035.0	3940.0	4000.0	157
19.11.2024 00:00	3995.0	4000.0	3845.0	3955.0	313
20.11.2024 00:00	3955.0	4005.0	3925.0	4000.0	57
21.11.2024 00:00	3940.0	4100.0	3935.0	3990.0	148
22.11.2024 00:00	3985.0	4000.0	3980.0	4000.0	91
25.11.2024 00:00	3975.0	3975.0	3935.0	3935.0	50
26.11.2024 00:00	3940.0	3940.0	3755.0	3765.0	190
27.11.2024 00:00	3745.0	3990.0	3600.0	3835.0	142
28.11.2024 00:00	3810.0	4050.0	3810.0	4000.0	165
29.11.2024 00:00	4030.0	4080.0	3995.0	3995.0	124
02.12.2024 00:00	4070.0	4075.0	3945.0	4000.0	54
03.12.2024 00:00	4065.0	4410.0	3915.0	3920.0	221
04.12.2024 00:00	3910.0	3945.0	3800.0	3800.0	74
05.12.2024 00:00	3915.0	3915.0	3800.0	3860.0	49
06.12.2024 00:00	3910.0	3980.0	3865.0	3900.0	23
09.12.2024 00:00	3900.0	3900.0	3805.0	3885.0	38
10.12.2024 00:00	3835.0	3870.0	3830.0	3830.0	4
11.12.2024 00:00	3810.0	3865.0	3750.0	3760.0	68
12.12.2024 00:00	3770.0	3820.0	3770.0	3800.0	95
13.12.2024 00:00	3800.0	3800.0	3770.0	3800.0	23
16.12.2024 00:00	3765.0	3765.0	3720.0	3735.0	120
17.12.2024 00:00	3715.0	3725.0	3615.0	3700.0	88
18.12.2024 00:00	3720.0	4000.0	3695.0	3840.0	118
19.12.2024 00:00	3965.0	4050.0	3860.0	3985.0	101
20.12.2024 00:00	3990.0	4345.0	3900.0	4140.0	380
23.12.2024 00:00	4275.0	4275.0	3940.0	4025.0	176
24.12.2024 00:00	3985.0	3985.0	3830.0	3955.0	128
25.12.2024 00:00	3890.0	4090.0	3840.0	3995.0	108
26.12.2024 00:00	4015.0	4070.0	3915.0	4000.0	341
27.12.2024 00:00	4000.0	4000.0	3940.0	3945.0	45
28.12.2024 00:00	3950.0	4040.0	3945.0	4000.0	106
30.12.2024 00:00	4010.0	4060.0	4000.0	4040.0	67
03.01.2025 00:00	4085.0	4085.0	3975.0	4035.0	66
06.01.2025 00:00	4015.0	4015.0	3990.0	4010.0	13
08.01.2025 00:00	4050.0	4125.0	4010.0	4120.0	72
09.01.2025 00:00	4125.0	4170.0	4040.0	4170.0	99
10.01.2025 00:00	4185.0	4250.0	4090.0	4145.0	77
13.01.2025 00:00	4135.0	4220.0	4135.0	4205.0	104
14.01.2025 00:00	4230.0	4230.0	4145.0	4155.0	45
15.01.2025 00:00	4210.0	4210.0	4135.0	4175.0	14
16.01.2025 00:00	4165.0	4300.0	4165.0	4285.0	108
17.01.2025 00:00	4225.0	4350.0	4225.0	4345.0	58
20.01.2025 00:00	4400.0	4560.0	4220.0	4235.0	250
21.01.2025 00:00	4220.0	4310.0	4200.0	4235.0	174
22.01.2025 00:00	4290.0	4325.0	4200.0	4235.0	131
23.01.2025 00:00	4210.0	4290.0	4200.0	4235.0	190
24.01.2025 00:00	4265.0	4460.0	4265.0	4270.0	156
27.01.2025 00:00	4275.0	4445.0	4250.0	4250.0	151
28.01.2025 00:00	4250.0	4250.0	4200.0	4250.0	27
29.01.2025 00:00	4250.0	4850.0	4205.0	4645.0	2031
30.01.2025 00:00	4710.0	4800.0	4545.0	4615.0	284
31.01.2025 00:00	4670.0	4800.0	4520.0	4565.0	189
03.02.2025 00:00	4565.0	4620.0	4460.0	4495.0	197
04.02.2025 00:00	4615.0	4740.0	4575.0	4625.0	211
05.02.2025 00:00	4580.0	4850.0	4490.0	4720.0	355
06.02.2025 00:00	4720.0	4720.0	4590.0	4695.0	179
07.02.2025 00:00	4700.0	4705.0	4605.0	4605.0	28
10.02.2025 00:00	4700.0	4950.0	4485.0	4630.0	711
11.02.2025 00:00	4585.0	4590.0	4550.0	4575.0	70
12.02.2025 00:00	4670.0	4670.0	4445.0	4455.0	147
13.02.2025 00:00	4565.0	4760.0	4470.0	4525.0	443
14.02.2025 00:00	4665.0	4665.0	4400.0	4450.0	180
17.02.2025 00:00	4490.0	4560.0	4360.0	4450.0	265
18.02.2025 00:00	4450.0	4450.0	4320.0	4345.0	147
19.02.2025 00:00	4335.0	4435.0	4280.0	4325.0	107
20.02.2025 00:00	4430.0	4590.0	4295.0	4470.0	205
21.02.2025 00:00	4410.0	4475.0	4340.0	4460.0	46
24.02.2025 00:00	4460.0	4465.0	4365.0	4405.0	104
25.02.2025 00:00	4445.0	4595.0	4405.0	4495.0	168
26.02.2025 00:00	4555.0	4660.0	4405.0	4475.0	244
27.02.2025 00:00	4450.0	4450.0	4235.0	4320.0	390
28.02.2025 00:00	4360.0	4375.0	4225.0	4300.0	85
03.03.2025 00:00	4365.0	4365.0	4200.0	4240.0	160
04.03.2025 00:00	4345.0	4345.0	4130.0	4245.0	218
05.03.2025 00:00	4315.0	4315.0	4110.0	4205.0	163
06.03.2025 00:00	4220.0	4240.0	4120.0	4170.0	83
07.03.2025 00:00	4185.0	4220.0	4130.0	4155.0	173
10.03.2025 00:00	4150.0	4220.0	4150.0	4180.0	147
11.03.2025 00:00	4170.0	4215.0	4155.0	4215.0	44
12.03.2025 00:00	4170.0	4220.0	4170.0	4215.0	42
13.03.2025 00:00	4175.0	4335.0	4170.0	4220.0	158
14.03.2025 00:00	4220.0	4310.0	4220.0	4280.0	37
17.03.2025 00:00	4305.0	4485.0	4305.0	4320.0	236
18.03.2025 00:00	4325.0	4600.0	4310.0	4335.0	538
19.03.2025 00:00	4365.0	4460.0	4350.0	4370.0	78
20.03.2025 00:00	4360.0	4450.0	4190.0	4240.0	144
21.03.2025 00:00	4210.0	4280.0	4165.0	4165.0	41
24.03.2025 00:00	4170.0	4350.0	4170.0	4265.0	52
25.03.2025 00:00	4255.0	4265.0	4185.0	4190.0	20
26.03.2025 00:00	4195.0	4290.0	4190.0	4230.0	35
27.03.2025 00:00	4230.0	4275.0	4110.0	4110.0	85
28.03.2025 00:00	4110.0	4120.0	4060.0	4060.0	126
31.03.2025 00:00	4060.0	4060.0	3895.0	3990.0	61
01.04.2025 00:00	4015.0	4015.0	4000.0	4000.0	62
02.04.2025 00:00	3985.0	4025.0	3985.0	4005.0	51
03.04.2025 00:00	4005.0	4005.0	3910.0	3910.0	33
04.04.2025 00:00	3975.0	3995.0	3900.0	3950.0	59
07.04.2025 00:00	3900.0	3900.0	3820.0	3875.0	50
08.04.2025 00:00	3880.0	4005.0	3880.0	3880.0	38
09.04.2025 00:00	3880.0	3880.0	3820.0	3830.0	128
10.04.2025 00:00	3865.0	4030.0	3850.0	3990.0	82
11.04.2025 00:00	4040.0	4040.0	3995.0	3995.0	16
14.04.2025 00:00	3995.0	4000.0	3895.0	3965.0	30
15.04.2025 00:00	3945.0	3950.0	3890.0	3890.0	10
16.04.2025 00:00	3925.0	3945.0	3925.0	3930.0	14
17.04.2025 00:00	3980.0	3980.0	3840.0	3905.0	63
18.04.2025 00:00	3880.0	3880.0	3835.0	3870.0	24
21.04.2025 00:00	3865.0	3880.0	3835.0	3870.0	22
22.04.2025 00:00	3870.0	3880.0	3840.0	3875.0	16
23.04.2025 00:00	3860.0	3860.0	3855.0	3855.0	10
24.04.2025 00:00	3875.0	3920.0	3875.0	3920.0	7
25.04.2025 00:00	3945.0	3950.0	3925.0	3925.0	8
28.04.2025 00:00	3955.0	4005.0	3940.0	3940.0	32
29.04.2025 00:00	3940.0	3940.0	3870.0	3870.0	11
30.04.2025 00:00	3855.0	3870.0	3855.0	3870.0	8
02.05.2025 00:00	3865.0	3865.0	3850.0	3850.0	20
05.05.2025 00:00	3840.0	3850.0	3800.0	3800.0	23
06.05.2025 00:00	3810.0	3850.0	3805.0	3850.0	21
07.05.2025 00:00	3815.0	3890.0	3810.0	3890.0	12
08.05.2025 00:00	3885.0	3890.0	3885.0	3890.0	2
12.05.2025 00:00	3905.0	4040.0	3900.0	3980.0	84
13.05.2025 00:00	3975.0	4035.0	3815.0	3900.0	211
14.05.2025 00:00	3875.0	3905.0	3840.0	3900.0	39
15.05.2025 00:00	3840.0	3900.0	3830.0	3900.0	49
16.05.2025 00:00	3945.0	3955.0	3945.0	3950.0	54
19.05.2025 00:00	3960.0	3960.0	3840.0	3905.0	28
20.05.2025 00:00	3900.0	3905.0	3735.0	3835.0	66
21.05.2025 00:00	3755.0	3855.0	3755.0	3850.0	77
22.05.2025 00:00	3815.0	3815.0	3815.0	3815.0	2
