datetime	open	high	low	close	volume
13.03.2018 00:00	28.0	28.0	28.0	28.0	10
19.03.2018 00:00	27.900000000000002	27.900000000000002	27.900000000000002	27.900000000000002	10
09.04.2018 00:00	27.8	27.8	27.700000000000003	27.8	10
10.04.2018 00:00	27.400000000000002	27.700000000000003	27.400000000000002	27.700000000000003	60
04.05.2018 00:00	28.0	29.1	28.0	29.1	20
16.05.2018 00:00	28.3	28.3	28.3	28.3	10
31.05.2018 00:00	27.6	27.700000000000003	27.6	27.700000000000003	200
07.06.2018 00:00	27.8	28.1	26.5	26.5	290
13.06.2018 00:00	25.900000000000002	25.900000000000002	25.900000000000002	25.900000000000002	10
28.06.2018 00:00	25.700000000000003	25.700000000000003	25.700000000000003	25.700000000000003	10
09.07.2018 00:00	25.900000000000002	25.900000000000002	25.900000000000002	25.900000000000002	10
07.08.2018 00:00	26.900000000000002	26.900000000000002	26.700000000000003	26.700000000000003	20
17.08.2018 00:00	25.900000000000002	26.1	25.900000000000002	26.1	230
21.08.2018 00:00	25.900000000000002	25.900000000000002	25.900000000000002	25.900000000000002	30
11.09.2018 00:00	27.5	32.7	21.900000000000002	24.900000000000002	360
12.09.2018 00:00	26.5	26.5	26.5	26.5	50
24.09.2018 00:00	28.1	28.1	28.1	28.1	100
27.09.2018 00:00	28.1	28.1	28.1	28.1	10
02.10.2018 00:00	27.3	27.3	27.3	27.3	10
26.10.2018 00:00	27.900000000000002	27.900000000000002	27.900000000000002	27.900000000000002	10
24.12.2018 00:00	27.5	27.5	27.5	27.5	10
18.02.2019 00:00	26.900000000000002	26.900000000000002	26.900000000000002	26.900000000000002	10
22.02.2019 00:00	28.1	37.5	26.900000000000002	37.5	580
25.02.2019 00:00	52.300000000000004	52.300000000000004	52.300000000000004	52.300000000000004	10
26.02.2019 00:00	73.10000000000001	73.10000000000001	73.10000000000001	73.10000000000001	20
27.02.2019 00:00	102.4	102.4	90.9	102.4	4140
28.02.2019 00:00	111.7	111.7	61.5	63.900000000000006	4280
01.03.2019 00:00	59.900000000000006	70.10000000000001	58.1	65.9	1640
04.03.2019 00:00	67.10000000000001	67.10000000000001	59.900000000000006	61.5	600
05.03.2019 00:00	60.5	60.5	54.300000000000004	54.900000000000006	730
06.03.2019 00:00	55.7	56.900000000000006	39.900000000000006	51.900000000000006	2080
07.03.2019 00:00	50.2	50.2	48.2	48.5	300
11.03.2019 00:00	46.7	47.300000000000004	41.900000000000006	41.900000000000006	930
12.03.2019 00:00	39.7	58.5	33.2	58.5	8990
13.03.2019 00:00	61.900000000000006	76.9	58.5	64.4	11110
14.03.2019 00:00	63.1	64.9	45.2	54.1	6940
15.03.2019 00:00	54.900000000000006	57.900000000000006	50.900000000000006	51.5	1790
18.03.2019 00:00	53.5	69.7	51.5	57.300000000000004	5010
19.03.2019 00:00	56.300000000000004	58.900000000000006	51.900000000000006	54.7	1640
20.03.2019 00:00	53.300000000000004	59.300000000000004	52.5	55.300000000000004	2470
21.03.2019 00:00	55.7	56.300000000000004	52.900000000000006	53.300000000000004	1270
22.03.2019 00:00	53.900000000000006	54.5	51.900000000000006	52.1	950
25.03.2019 00:00	52.300000000000004	52.300000000000004	49.900000000000006	51.900000000000006	570
26.03.2019 00:00	49.900000000000006	55.900000000000006	48.900000000000006	52.900000000000006	2260
27.03.2019 00:00	50.900000000000006	52.900000000000006	50.900000000000006	52.900000000000006	140
28.03.2019 00:00	52.7	52.7	51.300000000000004	52.300000000000004	290
29.03.2019 00:00	50.2	52.300000000000004	50.2	51.5	170
01.04.2019 00:00	49.900000000000006	51.7	49.900000000000006	50.5	310
02.04.2019 00:00	50.7	51.2	48.900000000000006	48.900000000000006	410
03.04.2019 00:00	49.5	49.5	48.900000000000006	48.900000000000006	90
04.04.2019 00:00	48.900000000000006	50.300000000000004	48.5	50.300000000000004	50
05.04.2019 00:00	47.300000000000004	48.900000000000006	47.300000000000004	47.7	320
08.04.2019 00:00	47.7	47.7	44.7	46.300000000000004	380
09.04.2019 00:00	45.900000000000006	46.5	45.7	46.300000000000004	50
10.04.2019 00:00	45.5	45.5	45.5	45.5	10
11.04.2019 00:00	45.300000000000004	45.900000000000006	44.900000000000006	44.900000000000006	50
12.04.2019 00:00	44.2	44.900000000000006	43.900000000000006	44.300000000000004	70
15.04.2019 00:00	44.300000000000004	44.300000000000004	41.900000000000006	43.900000000000006	520
16.04.2019 00:00	43.5	43.5	43.5	43.5	10
18.04.2019 00:00	41.5	42.2	40.900000000000006	40.900000000000006	200
19.04.2019 00:00	41.7	41.7	36.300000000000004	37.7	1050
22.04.2019 00:00	39.5	42.300000000000004	37.9	40.7	990
23.04.2019 00:00	41.5	41.5	39.300000000000004	39.900000000000006	150
24.04.2019 00:00	40.300000000000004	49.900000000000006	40.300000000000004	45.2	2620
25.04.2019 00:00	44.2	45.300000000000004	40.900000000000006	40.900000000000006	890
26.04.2019 00:00	42.5	45.5	41.300000000000004	41.7	300
29.04.2019 00:00	41.5	44.5	40.7	41.5	660
30.04.2019 00:00	39.5	42.300000000000004	39.5	41.7	370
02.05.2019 00:00	41.400000000000006	41.400000000000006	41.400000000000006	41.400000000000006	10
03.05.2019 00:00	41.0	41.0	41.0	41.0	10
06.05.2019 00:00	42.5	42.5	41.0	41.0	130
07.05.2019 00:00	40.900000000000006	41.2	36.9	39.300000000000004	280
08.05.2019 00:00	38.900000000000006	38.900000000000006	38.900000000000006	38.900000000000006	10
10.05.2019 00:00	39.7	39.7	36.7	37.300000000000004	80
13.05.2019 00:00	37.800000000000004	37.9	37.7	37.9	40
14.05.2019 00:00	37.4	37.4	37.4	37.4	10
15.05.2019 00:00	37.800000000000004	37.800000000000004	37.0	37.4	50
16.05.2019 00:00	38.300000000000004	38.300000000000004	38.0	38.0	20
17.05.2019 00:00	37.4	37.4	36.2	36.2	40
20.05.2019 00:00	37.300000000000004	37.7	36.9	36.9	100
21.05.2019 00:00	36.300000000000004	36.7	35.7	35.7	50
22.05.2019 00:00	35.300000000000004	35.7	34.9	35.7	150
23.05.2019 00:00	35.4	35.4	35.0	35.0	40
24.05.2019 00:00	34.0	34.5	33.0	34.5	230
27.05.2019 00:00	32.9	32.9	32.9	32.9	10
28.05.2019 00:00	33.800000000000004	34.2	33.800000000000004	34.2	20
29.05.2019 00:00	34.300000000000004	47.7	34.300000000000004	44.400000000000006	4260
30.05.2019 00:00	46.900000000000006	47.7	42.7	44.400000000000006	590
31.05.2019 00:00	42.2	42.2	39.400000000000006	41.900000000000006	470
03.06.2019 00:00	41.2	41.2	38.5	38.5	380
04.06.2019 00:00	38.7	38.7	38.5	38.5	50
05.06.2019 00:00	38.5	39.2	38.5	39.2	20
06.06.2019 00:00	38.900000000000006	38.900000000000006	38.300000000000004	38.300000000000004	40
07.06.2019 00:00	38.7	39.300000000000004	38.5	39.300000000000004	60
10.06.2019 00:00	38.7	38.7	37.2	37.7	450
11.06.2019 00:00	37.0	37.300000000000004	37.0	37.300000000000004	20
13.06.2019 00:00	36.7	36.7	36.7	36.7	10
14.06.2019 00:00	35.9	36.5	35.9	36.2	40
17.06.2019 00:00	37.2	37.9	37.2	37.9	50
18.06.2019 00:00	37.800000000000004	37.800000000000004	37.2	37.2	30
19.06.2019 00:00	37.7	37.9	37.2	37.7	60
20.06.2019 00:00	36.0	37.2	35.7	37.2	110
21.06.2019 00:00	36.7	36.7	36.5	36.5	30
24.06.2019 00:00	36.7	46.7	36.7	39.2	2610
25.06.2019 00:00	38.7	38.7	37.2	37.800000000000004	970
26.06.2019 00:00	37.7	37.7	36.7	36.800000000000004	200
27.06.2019 00:00	37.4	37.4	36.300000000000004	36.300000000000004	130
28.06.2019 00:00	36.300000000000004	36.7	36.2	36.2	50
01.07.2019 00:00	44.900000000000006	44.900000000000006	36.9	37.0	60
02.07.2019 00:00	37.7	38.2	37.7	38.2	40
03.07.2019 00:00	37.5	37.800000000000004	36.4	36.800000000000004	180
04.07.2019 00:00	36.800000000000004	37.7	36.0	36.7	350
05.07.2019 00:00	37.2	38.5	37.2	37.7	300
08.07.2019 00:00	38.2	38.2	37.7	37.7	40
09.07.2019 00:00	37.300000000000004	37.300000000000004	37.300000000000004	37.300000000000004	110
10.07.2019 00:00	37.2	37.2	28.200000000000003	35.4	240
11.07.2019 00:00	36.7	36.7	35.7	36.0	80
12.07.2019 00:00	35.800000000000004	36.0	35.5	35.5	50
15.07.2019 00:00	35.300000000000004	36.4	35.300000000000004	36.4	20
16.07.2019 00:00	35.300000000000004	36.300000000000004	35.300000000000004	36.0	190
17.07.2019 00:00	35.2	36.300000000000004	35.2	35.300000000000004	310
18.07.2019 00:00	34.7	35.5	34.7	35.5	20
19.07.2019 00:00	36.2	36.300000000000004	35.300000000000004	36.0	70
22.07.2019 00:00	36.2	36.2	36.0	36.0	40
23.07.2019 00:00	35.9	35.9	35.2	35.2	70
24.07.2019 00:00	34.5	36.5	34.5	35.5	570
25.07.2019 00:00	34.800000000000004	36.2	34.800000000000004	36.0	40
26.07.2019 00:00	36.2	36.2	35.4	36.0	30
29.07.2019 00:00	36.2	36.4	35.7	36.4	50
30.07.2019 00:00	35.2	37.300000000000004	34.7	35.300000000000004	400
31.07.2019 00:00	28.3	36.300000000000004	28.3	35.9	120
01.08.2019 00:00	35.9	36.7	35.7	35.7	170
02.08.2019 00:00	36.800000000000004	36.800000000000004	34.7	34.7	320
05.08.2019 00:00	35.2	35.2	34.5	34.7	80
06.08.2019 00:00	34.9	34.9	34.7	34.7	20
07.08.2019 00:00	35.2	35.2	35.2	35.2	10
09.08.2019 00:00	35.9	35.9	35.9	35.9	10
13.08.2019 00:00	34.9	34.9	34.9	34.9	10
14.08.2019 00:00	34.4	34.5	33.7	34.2	110
15.08.2019 00:00	33.5	33.5	32.9	33.2	130
16.08.2019 00:00	32.4	32.4	32.4	32.4	10
19.08.2019 00:00	33.2	35.2	33.0	34.5	210
20.08.2019 00:00	34.2	34.4	33.9	34.4	30
21.08.2019 00:00	33.5	33.5	33.2	33.2	30
22.08.2019 00:00	33.2	33.5	33.2	33.5	30
23.08.2019 00:00	33.2	33.2	33.2	33.2	20
26.08.2019 00:00	32.9	32.9	32.9	32.9	10
27.08.2019 00:00	32.7	33.2	32.7	33.2	40
28.08.2019 00:00	33.4	33.4	32.9	32.9	30
30.08.2019 00:00	33.5	33.5	33.2	33.4	30
03.09.2019 00:00	32.300000000000004	33.800000000000004	32.300000000000004	32.7	100
04.09.2019 00:00	32.2	32.2	31.700000000000003	32.2	150
05.09.2019 00:00	31.900000000000002	38.0	31.900000000000002	34.300000000000004	1310
06.09.2019 00:00	31.5	34.9	31.5	33.4	240
09.09.2019 00:00	32.9	33.5	32.9	33.5	90
10.09.2019 00:00	33.0	33.0	32.5	32.9	170
11.09.2019 00:00	33.4	33.4	32.800000000000004	32.800000000000004	20
12.09.2019 00:00	32.7	33.2	32.7	33.2	260
13.09.2019 00:00	32.9	32.9	32.9	32.9	10
16.09.2019 00:00	32.9	33.2	32.9	33.2	440
17.09.2019 00:00	32.2	32.9	31.900000000000002	32.0	150
18.09.2019 00:00	32.4	32.4	32.2	32.2	50
20.09.2019 00:00	32.5	32.5	32.5	32.5	30
25.09.2019 00:00	32.2	32.7	32.2	32.300000000000004	200
27.09.2019 00:00	32.7	41.7	32.7	33.4	1920
30.09.2019 00:00	32.2	33.5	31.900000000000002	33.300000000000004	140
01.10.2019 00:00	33.2	33.7	33.2	33.4	20
02.10.2019 00:00	33.0	33.0	33.0	33.0	150
03.10.2019 00:00	33.7	33.7	33.0	33.0	250
04.10.2019 00:00	33.4	33.4	33.4	33.4	20
07.10.2019 00:00	33.300000000000004	33.300000000000004	33.300000000000004	33.300000000000004	10
08.10.2019 00:00	32.9	32.9	32.9	32.9	10
09.10.2019 00:00	32.9	33.2	32.9	33.2	40
10.10.2019 00:00	33.4	33.4	33.4	33.4	10
11.10.2019 00:00	33.2	34.2	33.0	33.0	170
14.10.2019 00:00	33.0	33.0	32.9	32.9	110
15.10.2019 00:00	33.4	34.300000000000004	33.4	33.7	180
16.10.2019 00:00	33.300000000000004	36.5	32.9	34.7	490
17.10.2019 00:00	33.9	34.4	33.9	34.4	40
18.10.2019 00:00	34.9	34.9	34.0	34.2	40
21.10.2019 00:00	35.2	35.2	32.5	32.5	170
22.10.2019 00:00	34.2	34.5	32.800000000000004	32.9	300
23.10.2019 00:00	32.9	32.9	32.4	32.4	40
24.10.2019 00:00	31.8	31.8	30.200000000000003	31.400000000000002	800
25.10.2019 00:00	31.6	31.6	30.900000000000002	30.900000000000002	80
28.10.2019 00:00	31.1	31.700000000000003	30.700000000000003	30.900000000000002	260
29.10.2019 00:00	30.6	30.6	30.6	30.6	20
30.10.2019 00:00	30.8	30.8	29.900000000000002	30.200000000000003	270
31.10.2019 00:00	29.900000000000002	29.900000000000002	29.400000000000002	29.8	60
01.11.2019 00:00	29.8	36.800000000000004	29.8	32.9	3230
05.11.2019 00:00	33.300000000000004	34.4	31.0	31.3	940
06.11.2019 00:00	31.3	31.8	31.3	31.8	90
07.11.2019 00:00	31.6	32.300000000000004	31.6	31.900000000000002	100
08.11.2019 00:00	31.5	31.5	30.900000000000002	31.1	130
11.11.2019 00:00	31.200000000000003	31.200000000000003	30.900000000000002	31.0	30
12.11.2019 00:00	30.6	31.3	30.6	30.6	130
13.11.2019 00:00	30.1	31.1	29.900000000000002	30.200000000000003	450
14.11.2019 00:00	30.3	30.3	30.1	30.200000000000003	20
15.11.2019 00:00	30.1	30.1	30.0	30.0	20
18.11.2019 00:00	30.1	32.2	30.1	31.8	660
19.11.2019 00:00	32.7	33.4	31.5	31.6	230
20.11.2019 00:00	31.400000000000002	31.400000000000002	30.700000000000003	31.0	260
21.11.2019 00:00	30.700000000000003	30.8	30.6	30.6	30
22.11.2019 00:00	30.3	30.900000000000002	29.8	30.900000000000002	640
25.11.2019 00:00	30.6	32.4	30.200000000000003	32.4	120
26.11.2019 00:00	32.9	34.0	31.1	31.6	550
27.11.2019 00:00	31.200000000000003	31.8	31.0	31.3	100
28.11.2019 00:00	31.5	31.5	30.8	30.8	40
29.11.2019 00:00	31.8	31.8	31.8	31.8	20
02.12.2019 00:00	31.700000000000003	32.2	31.700000000000003	32.0	170
03.12.2019 00:00	31.200000000000003	31.200000000000003	29.900000000000002	30.8	410
04.12.2019 00:00	31.0	31.0	28.900000000000002	30.1	1360
05.12.2019 00:00	29.6	30.200000000000003	29.6	30.200000000000003	40
06.12.2019 00:00	29.5	30.1	29.5	29.700000000000003	90
09.12.2019 00:00	29.700000000000003	29.700000000000003	29.700000000000003	29.700000000000003	10
10.12.2019 00:00	29.200000000000003	30.700000000000003	29.200000000000003	29.8	130
11.12.2019 00:00	29.700000000000003	30.6	29.700000000000003	30.6	30
12.12.2019 00:00	30.1	30.5	29.900000000000002	30.3	320
13.12.2019 00:00	30.1	30.3	29.8	30.200000000000003	140
16.12.2019 00:00	30.1	30.1	30.1	30.1	10
17.12.2019 00:00	29.5	30.0	29.200000000000003	30.0	300
18.12.2019 00:00	30.0	30.0	29.700000000000003	29.900000000000002	30
19.12.2019 00:00	29.700000000000003	29.8	29.6	29.8	40
20.12.2019 00:00	29.5	29.6	29.5	29.5	130
23.12.2019 00:00	29.5	29.8	29.5	29.8	20
25.12.2019 00:00	29.6	29.8	29.6	29.700000000000003	20
26.12.2019 00:00	29.6	29.8	29.5	29.8	70
27.12.2019 00:00	30.0	30.0	29.8	30.0	100
30.12.2019 00:00	30.1	30.1	29.900000000000002	29.900000000000002	20
03.01.2020 00:00	29.400000000000002	29.900000000000002	29.400000000000002	29.8	40
06.01.2020 00:00	30.1	30.1	29.5	29.700000000000003	70
08.01.2020 00:00	29.6	29.900000000000002	29.5	29.5	30
09.01.2020 00:00	29.6	31.1	29.6	29.900000000000002	410
10.01.2020 00:00	30.400000000000002	30.5	29.8	30.5	50
13.01.2020 00:00	29.900000000000002	30.900000000000002	29.900000000000002	30.8	100
14.01.2020 00:00	30.8	31.3	30.400000000000002	31.3	100
15.01.2020 00:00	32.9	32.9	30.5	31.400000000000002	780
16.01.2020 00:00	30.8	32.800000000000004	30.8	32.800000000000004	690
17.01.2020 00:00	32.2	41.900000000000006	32.2	33.2	4460
20.01.2020 00:00	33.2	33.9	31.900000000000002	32.5	340
21.01.2020 00:00	31.3	36.7	31.3	36.7	1630
22.01.2020 00:00	36.7	37.0	33.2	35.2	1070
23.01.2020 00:00	34.9	34.9	33.9	34.9	190
24.01.2020 00:00	37.9	41.7	34.4	38.900000000000006	4140
27.01.2020 00:00	38.2	38.900000000000006	35.4	38.900000000000006	1060
28.01.2020 00:00	36.0	38.2	35.7	36.800000000000004	2680
29.01.2020 00:00	37.5	37.7	35.2	35.800000000000004	640
30.01.2020 00:00	35.2	35.2	35.2	35.2	10
31.01.2020 00:00	34.9	36.0	34.800000000000004	35.4	240
03.02.2020 00:00	34.9	37.9	34.300000000000004	36.7	1900
04.02.2020 00:00	36.9	39.900000000000006	36.9	38.2	1080
05.02.2020 00:00	39.0	39.2	38.7	39.2	220
06.02.2020 00:00	38.2	38.2	38.2	38.2	70
07.02.2020 00:00	37.300000000000004	37.9	37.2	37.2	70
10.02.2020 00:00	38.300000000000004	38.300000000000004	37.4	37.4	20
11.02.2020 00:00	37.4	49.5	37.2	48.7	1950
12.02.2020 00:00	49.2	62.900000000000006	41.2	43.5	7080
13.02.2020 00:00	42.900000000000006	43.7	41.7	42.800000000000004	1020
14.02.2020 00:00	41.2	52.300000000000004	40.800000000000004	45.400000000000006	2220
17.02.2020 00:00	42.300000000000004	50.800000000000004	42.300000000000004	43.800000000000004	1900
18.02.2020 00:00	42.5	42.5	41.5	41.900000000000006	370
19.02.2020 00:00	42.5	48.900000000000006	39.900000000000006	41.5	3270
20.02.2020 00:00	43.900000000000006	43.900000000000006	41.900000000000006	41.900000000000006	620
21.02.2020 00:00	41.0	46.300000000000004	40.800000000000004	43.400000000000006	930
25.02.2020 00:00	43.400000000000006	44.0	41.400000000000006	42.800000000000004	840
26.02.2020 00:00	42.2	44.7	40.900000000000006	44.7	220
27.02.2020 00:00	40.2	42.900000000000006	39.900000000000006	39.900000000000006	2070
28.02.2020 00:00	39.800000000000004	39.800000000000004	33.2	37.5	990
02.03.2020 00:00	39.0	40.2	37.0	38.900000000000006	1710
03.03.2020 00:00	38.2	40.2	36.800000000000004	38.7	1370
04.03.2020 00:00	36.2	39.900000000000006	36.0	39.300000000000004	630
05.03.2020 00:00	40.800000000000004	51.800000000000004	40.800000000000004	45.7	20760
06.03.2020 00:00	45.7	46.7	39.400000000000006	41.2	4740
10.03.2020 00:00	25.900000000000002	41.800000000000004	25.900000000000002	36.5	610
11.03.2020 00:00	37.300000000000004	40.300000000000004	36.4	37.9	1340
12.03.2020 00:00	35.300000000000004	35.300000000000004	33.9	34.0	560
13.03.2020 00:00	33.7	38.2	33.7	37.0	640
16.03.2020 00:00	31.0	38.5	30.900000000000002	38.5	820
17.03.2020 00:00	36.2	38.300000000000004	35.9	37.800000000000004	340
18.03.2020 00:00	35.2	37.4	35.2	36.5	320
19.03.2020 00:00	35.2	39.900000000000006	35.2	38.2	640
20.03.2020 00:00	40.5	41.7	36.0	36.9	2350
23.03.2020 00:00	33.2	36.300000000000004	32.9	35.800000000000004	350
24.03.2020 00:00	35.9	36.5	34.800000000000004	35.7	190
25.03.2020 00:00	35.800000000000004	36.300000000000004	35.7	35.7	150
26.03.2020 00:00	36.2	36.2	36.2	36.2	20
27.03.2020 00:00	35.2	36.7	31.400000000000002	34.7	850
30.03.2020 00:00	33.300000000000004	35.2	33.300000000000004	35.2	110
31.03.2020 00:00	35.800000000000004	36.9	35.2	35.2	160
01.04.2020 00:00	35.0	35.4	33.7	35.0	140
02.04.2020 00:00	34.9	35.300000000000004	34.9	35.300000000000004	40
03.04.2020 00:00	34.5	37.9	34.5	36.7	1060
06.04.2020 00:00	34.0	37.7	34.0	37.7	640
07.04.2020 00:00	36.0	37.800000000000004	36.0	37.7	590
08.04.2020 00:00	37.300000000000004	39.7	36.2	38.900000000000006	2040
09.04.2020 00:00	39.400000000000006	44.900000000000006	37.2	40.7	3320
10.04.2020 00:00	40.7	41.5	39.300000000000004	39.400000000000006	690
13.04.2020 00:00	40.5	43.800000000000004	39.400000000000006	39.400000000000006	410
14.04.2020 00:00	39.0	40.2	39.0	40.2	70
15.04.2020 00:00	40.400000000000006	40.400000000000006	38.7	38.7	250
16.04.2020 00:00	33.7	38.900000000000006	33.7	37.7	2160
17.04.2020 00:00	36.9	38.5	36.9	37.2	150
20.04.2020 00:00	37.0	37.0	36.800000000000004	36.800000000000004	20
21.04.2020 00:00	35.2	35.9	35.2	35.7	50
22.04.2020 00:00	36.0	36.2	35.7	36.2	120
23.04.2020 00:00	36.2	40.900000000000006	35.800000000000004	37.9	1510
24.04.2020 00:00	36.800000000000004	38.800000000000004	36.800000000000004	38.7	800
27.04.2020 00:00	39.5	40.400000000000006	38.400000000000006	40.400000000000006	610
28.04.2020 00:00	40.300000000000004	40.300000000000004	38.900000000000006	40.2	320
29.04.2020 00:00	43.400000000000006	43.400000000000006	38.400000000000006	40.0	1410
30.04.2020 00:00	40.400000000000006	41.2	39.7	40.900000000000006	290
05.05.2020 00:00	40.800000000000004	40.800000000000004	39.900000000000006	40.7	50
06.05.2020 00:00	39.2	39.900000000000006	38.800000000000004	39.2	210
07.05.2020 00:00	39.800000000000004	39.900000000000006	39.7	39.900000000000006	90
08.05.2020 00:00	39.2	39.2	38.900000000000006	39.0	50
12.05.2020 00:00	39.7	40.300000000000004	36.2	39.2	230
13.05.2020 00:00	38.300000000000004	38.7	38.300000000000004	38.7	190
14.05.2020 00:00	37.9	39.800000000000004	37.2	38.400000000000006	440
15.05.2020 00:00	38.400000000000006	39.5	37.4	38.7	710
18.05.2020 00:00	42.400000000000006	42.400000000000006	36.5	37.800000000000004	1910
19.05.2020 00:00	37.7	38.400000000000006	36.5	37.2	1040
20.05.2020 00:00	36.9	37.5	36.7	37.5	360
21.05.2020 00:00	36.7	37.800000000000004	36.7	37.2	130
22.05.2020 00:00	37.0	39.300000000000004	37.0	39.2	740
25.05.2020 00:00	38.900000000000006	38.900000000000006	37.800000000000004	38.2	150
26.05.2020 00:00	38.2	38.400000000000006	37.4	38.2	520
27.05.2020 00:00	37.9	38.0	37.2	37.7	250
28.05.2020 00:00	38.2	38.2	37.5	37.5	60
29.05.2020 00:00	37.4	37.4	37.300000000000004	37.300000000000004	20
01.06.2020 00:00	38.2	38.2	37.4	37.4	100
02.06.2020 00:00	38.400000000000006	38.400000000000006	37.7	38.2	140
03.06.2020 00:00	38.2	38.300000000000004	37.9	38.2	130
04.06.2020 00:00	38.2	38.7	38.2	38.7	160
05.06.2020 00:00	37.7	38.800000000000004	37.4	38.0	1280
08.06.2020 00:00	38.2	38.7	38.2	38.7	130
09.06.2020 00:00	38.7	38.900000000000006	37.7	38.300000000000004	310
10.06.2020 00:00	38.2	38.7	38.2	38.7	20
11.06.2020 00:00	37.9	38.2	36.9	37.2	290
15.06.2020 00:00	36.9	38.400000000000006	36.9	37.4	360
16.06.2020 00:00	37.7	38.900000000000006	37.5	38.900000000000006	180
17.06.2020 00:00	38.7	39.800000000000004	38.400000000000006	38.400000000000006	340
18.06.2020 00:00	38.5	38.5	37.7	38.0	70
22.06.2020 00:00	38.5	38.5	37.800000000000004	37.9	50
23.06.2020 00:00	37.9	37.9	37.9	37.9	10
25.06.2020 00:00	38.0	38.0	37.2	37.800000000000004	230
26.06.2020 00:00	38.400000000000006	38.900000000000006	38.400000000000006	38.7	110
29.06.2020 00:00	37.7	37.9	37.4	37.5	120
30.06.2020 00:00	38.0	38.800000000000004	38.0	38.0	250
02.07.2020 00:00	38.2	38.800000000000004	36.7	37.0	740
03.07.2020 00:00	37.0	38.0	36.5	37.7	950
06.07.2020 00:00	37.9	38.7	37.2	38.5	410
07.07.2020 00:00	38.300000000000004	38.300000000000004	38.0	38.0	40
08.07.2020 00:00	37.300000000000004	37.300000000000004	37.0	37.2	60
10.07.2020 00:00	37.300000000000004	47.7	37.2	38.7	3060
13.07.2020 00:00	36.9	37.800000000000004	36.9	37.2	570
14.07.2020 00:00	38.0	38.2	37.2	37.4	220
15.07.2020 00:00	37.0	37.7	36.9	37.7	290
16.07.2020 00:00	38.0	38.0	37.0	37.800000000000004	70
17.07.2020 00:00	37.9	38.2	37.7	38.2	470
20.07.2020 00:00	37.5	38.2	37.2	37.800000000000004	160
21.07.2020 00:00	38.0	38.400000000000006	37.5	37.5	90
22.07.2020 00:00	38.2	38.7	37.9	37.9	120
23.07.2020 00:00	37.9	41.900000000000006	37.9	41.400000000000006	1180
24.07.2020 00:00	42.7	46.900000000000006	39.2	43.5	3470
27.07.2020 00:00	43.7	43.7	38.7	40.5	6770
28.07.2020 00:00	41.7	43.900000000000006	40.400000000000006	40.7	910
29.07.2020 00:00	41.800000000000004	41.800000000000004	40.400000000000006	40.900000000000006	490
30.07.2020 00:00	40.5	40.800000000000004	24.900000000000002	37.9	1290
31.07.2020 00:00	37.5	38.800000000000004	33.9	38.7	910
03.08.2020 00:00	36.300000000000004	47.900000000000006	36.300000000000004	38.0	10690
04.08.2020 00:00	38.0	38.800000000000004	38.0	38.300000000000004	190
05.08.2020 00:00	39.0	39.300000000000004	38.300000000000004	38.300000000000004	370
06.08.2020 00:00	38.2	41.5	37.9	39.5	4460
07.08.2020 00:00	40.800000000000004	40.800000000000004	37.800000000000004	38.7	1100
10.08.2020 00:00	38.7	39.900000000000006	37.4	39.2	1570
11.08.2020 00:00	39.800000000000004	39.800000000000004	37.9	38.7	860
12.08.2020 00:00	38.300000000000004	38.800000000000004	38.300000000000004	38.800000000000004	100
13.08.2020 00:00	38.5	38.900000000000006	38.300000000000004	38.7	530
14.08.2020 00:00	38.900000000000006	38.900000000000006	38.900000000000006	38.900000000000006	70
17.08.2020 00:00	38.7	38.900000000000006	38.5	38.7	90
18.08.2020 00:00	38.800000000000004	38.900000000000006	38.300000000000004	38.400000000000006	130
19.08.2020 00:00	38.2	38.7	38.2	38.2	90
20.08.2020 00:00	38.0	38.0	38.0	38.0	10
21.08.2020 00:00	38.5	40.900000000000006	38.2	40.800000000000004	400
24.08.2020 00:00	40.5	41.5	33.2	40.0	1640
25.08.2020 00:00	39.7	40.300000000000004	39.2	39.5	530
26.08.2020 00:00	39.2	44.900000000000006	34.9	39.0	5630
27.08.2020 00:00	39.5	39.900000000000006	39.300000000000004	39.400000000000006	480
28.08.2020 00:00	39.2	39.2	38.7	38.900000000000006	70
31.08.2020 00:00	39.2	39.2	38.2	38.2	220
01.09.2020 00:00	38.2	38.5	37.7	38.2	430
02.09.2020 00:00	38.2	38.2	38.2	38.2	30
03.09.2020 00:00	38.2	38.2	38.2	38.2	10
04.09.2020 00:00	38.300000000000004	38.300000000000004	37.7	37.9	60
07.09.2020 00:00	37.7	38.2	37.7	38.2	120
08.09.2020 00:00	38.2	38.2	37.7	37.7	160
09.09.2020 00:00	37.800000000000004	37.800000000000004	37.5	37.800000000000004	30
10.09.2020 00:00	37.2	37.800000000000004	37.2	37.800000000000004	50
11.09.2020 00:00	38.0	38.400000000000006	37.9	38.400000000000006	70
14.09.2020 00:00	38.2	38.2	37.9	38.0	40
15.09.2020 00:00	38.2	45.900000000000006	37.800000000000004	41.300000000000004	10400
16.09.2020 00:00	39.300000000000004	44.800000000000004	38.800000000000004	39.7	6050
17.09.2020 00:00	40.800000000000004	40.800000000000004	38.7	38.800000000000004	800
18.09.2020 00:00	38.900000000000006	38.900000000000006	37.9	38.2	1100
21.09.2020 00:00	38.2	38.2	37.5	37.7	510
22.09.2020 00:00	38.0	38.0	37.7	37.7	40
23.09.2020 00:00	37.7	39.7	37.7	38.300000000000004	1070
24.09.2020 00:00	38.2	38.400000000000006	38.2	38.300000000000004	30
28.09.2020 00:00	38.2	38.5	38.2	38.5	20
29.09.2020 00:00	38.900000000000006	38.900000000000006	37.300000000000004	37.7	250
30.09.2020 00:00	37.7	38.7	37.7	37.9	450
01.10.2020 00:00	38.400000000000006	38.400000000000006	37.5	37.9	410
02.10.2020 00:00	37.9	38.400000000000006	37.9	37.9	290
05.10.2020 00:00	37.9	38.2	37.800000000000004	37.9	220
06.10.2020 00:00	38.900000000000006	38.900000000000006	38.0	38.2	330
07.10.2020 00:00	38.2	38.2	38.2	38.2	10
08.10.2020 00:00	38.0	38.2	37.9	38.2	120
09.10.2020 00:00	38.2	38.2	37.7	37.7	210
12.10.2020 00:00	37.7	38.2	37.7	38.2	110
14.10.2020 00:00	38.0	38.300000000000004	37.7	37.7	70
15.10.2020 00:00	38.0	40.800000000000004	38.0	39.2	2660
16.10.2020 00:00	38.0	38.0	36.9	37.4	680
19.10.2020 00:00	37.4	37.7	37.300000000000004	37.7	30
20.10.2020 00:00	37.300000000000004	37.7	37.300000000000004	37.7	20
22.10.2020 00:00	37.300000000000004	37.300000000000004	36.9	37.2	170
23.10.2020 00:00	37.2	37.2	37.2	37.2	30
26.10.2020 00:00	37.4	38.7	37.4	38.2	540
27.10.2020 00:00	37.7	37.7	37.7	37.7	10
28.10.2020 00:00	37.4	37.4	37.2	37.2	60
29.10.2020 00:00	36.9	36.9	36.300000000000004	36.300000000000004	330
30.10.2020 00:00	36.9	36.9	36.9	36.9	10
02.11.2020 00:00	38.7	40.300000000000004	37.0	37.7	140
03.11.2020 00:00	36.5	37.7	36.4	37.7	70
05.11.2020 00:00	36.7	38.7	36.7	38.7	130
06.11.2020 00:00	38.2	38.5	36.9	37.5	290
09.11.2020 00:00	38.2	38.300000000000004	37.5	37.5	270
10.11.2020 00:00	37.2	37.4	37.2	37.4	180
11.11.2020 00:00	37.2	37.2	37.2	37.2	50
12.11.2020 00:00	37.2	37.9	37.2	37.9	110
13.11.2020 00:00	38.0	38.300000000000004	38.0	38.300000000000004	30
16.11.2020 00:00	38.900000000000006	38.900000000000006	38.900000000000006	38.900000000000006	50
17.11.2020 00:00	38.800000000000004	38.900000000000006	38.400000000000006	38.400000000000006	150
18.11.2020 00:00	37.800000000000004	38.2	37.800000000000004	38.2	60
19.11.2020 00:00	37.7	37.7	37.7	37.7	30
20.11.2020 00:00	38.400000000000006	38.400000000000006	38.0	38.2	40
23.11.2020 00:00	37.7	38.0	37.7	38.0	100
24.11.2020 00:00	39.400000000000006	39.7	37.800000000000004	37.800000000000004	260
25.11.2020 00:00	37.800000000000004	37.800000000000004	37.7	37.7	70
26.11.2020 00:00	38.2	38.400000000000006	37.800000000000004	38.0	200
27.11.2020 00:00	38.2	38.300000000000004	37.800000000000004	38.2	240
30.11.2020 00:00	39.7	44.800000000000004	37.7	38.2	2300
01.12.2020 00:00	38.0	38.5	37.7	38.2	800
02.12.2020 00:00	38.400000000000006	38.7	38.0	38.2	550
03.12.2020 00:00	38.0	40.7	38.0	39.900000000000006	770
04.12.2020 00:00	38.7	39.5	38.400000000000006	38.7	890
07.12.2020 00:00	39.2	39.2	38.400000000000006	38.7	700
08.12.2020 00:00	38.400000000000006	39.2	38.300000000000004	38.7	970
09.12.2020 00:00	38.7	39.0	38.0	38.2	1090
10.12.2020 00:00	38.0	38.800000000000004	37.9	37.9	610
11.12.2020 00:00	38.0	38.7	38.0	38.7	20
14.12.2020 00:00	38.2	38.400000000000006	37.7	38.2	1000
15.12.2020 00:00	37.9	38.400000000000006	37.9	38.2	890
16.12.2020 00:00	38.0	39.2	38.0	38.900000000000006	1050
17.12.2020 00:00	38.300000000000004	38.300000000000004	37.9	38.2	1170
18.12.2020 00:00	38.2	38.300000000000004	38.0	38.2	980
21.12.2020 00:00	38.300000000000004	38.300000000000004	38.0	38.0	520
22.12.2020 00:00	38.400000000000006	38.7	38.2	38.300000000000004	1000
23.12.2020 00:00	38.300000000000004	38.300000000000004	38.2	38.2	1010
24.12.2020 00:00	38.0	38.400000000000006	38.0	38.2	930
25.12.2020 00:00	38.300000000000004	38.300000000000004	37.9	38.2	760
28.12.2020 00:00	37.9	38.300000000000004	37.9	38.0	920
29.12.2020 00:00	38.2	38.300000000000004	38.0	38.2	850
30.12.2020 00:00	38.300000000000004	38.400000000000006	38.300000000000004	38.400000000000006	120
05.01.2021 00:00	38.0	38.5	38.0	38.300000000000004	830
06.01.2021 00:00	38.300000000000004	38.300000000000004	38.300000000000004	38.300000000000004	350
11.01.2021 00:00	38.2	38.800000000000004	38.2	38.800000000000004	810
12.01.2021 00:00	39.0	39.0	38.300000000000004	38.7	850
13.01.2021 00:00	38.900000000000006	39.0	38.300000000000004	38.5	880
14.01.2021 00:00	38.900000000000006	41.900000000000006	38.2	38.2	4140
15.01.2021 00:00	38.400000000000006	39.5	38.2	39.0	990
18.01.2021 00:00	41.400000000000006	41.7	38.7	39.2	1050
19.01.2021 00:00	40.400000000000006	41.2	38.900000000000006	39.900000000000006	1290
20.01.2021 00:00	40.5	40.7	38.5	38.800000000000004	1140
21.01.2021 00:00	39.900000000000006	39.900000000000006	37.9	38.5	340
22.01.2021 00:00	38.7	40.5	38.7	39.400000000000006	300
25.01.2021 00:00	39.900000000000006	40.400000000000006	39.0	39.7	840
26.01.2021 00:00	40.300000000000004	40.5	38.7	38.800000000000004	1030
27.01.2021 00:00	39.2	40.2	38.7	38.800000000000004	250
28.01.2021 00:00	38.7	38.7	38.2	38.5	850
29.01.2021 00:00	38.800000000000004	38.800000000000004	38.400000000000006	38.400000000000006	790
01.02.2021 00:00	38.800000000000004	39.5	38.800000000000004	38.900000000000006	120
02.02.2021 00:00	39.300000000000004	39.7	38.800000000000004	38.900000000000006	800
03.02.2021 00:00	39.2	39.2	38.2	38.2	230
04.02.2021 00:00	38.7	38.900000000000006	38.300000000000004	38.7	890
05.02.2021 00:00	39.0	39.400000000000006	38.7	38.900000000000006	830
08.02.2021 00:00	39.0	39.0	38.7	38.7	200
09.02.2021 00:00	38.7	39.2	38.5	38.7	860
10.02.2021 00:00	38.800000000000004	38.900000000000006	38.7	38.800000000000004	130
11.02.2021 00:00	38.7	39.300000000000004	38.400000000000006	38.5	1210
12.02.2021 00:00	38.5	38.800000000000004	38.5	38.5	890
15.02.2021 00:00	38.800000000000004	38.900000000000006	38.5	38.7	960
16.02.2021 00:00	38.800000000000004	40.2	38.800000000000004	39.800000000000004	1390
17.02.2021 00:00	39.0	39.0	38.2	38.800000000000004	950
18.02.2021 00:00	38.800000000000004	38.900000000000006	38.400000000000006	38.5	840
19.02.2021 00:00	38.7	40.900000000000006	38.300000000000004	38.300000000000004	1830
20.02.2021 00:00	38.400000000000006	39.800000000000004	37.9	39.7	820
22.02.2021 00:00	39.7	39.900000000000006	38.7	39.2	750
24.02.2021 00:00	40.7	40.7	39.0	39.300000000000004	1230
25.02.2021 00:00	40.0	40.900000000000006	38.900000000000006	39.900000000000006	920
26.02.2021 00:00	39.900000000000006	40.800000000000004	39.900000000000006	40.5	720
01.03.2021 00:00	39.400000000000006	41.7	38.900000000000006	40.7	1300
02.03.2021 00:00	40.900000000000006	42.300000000000004	40.400000000000006	41.900000000000006	1230
03.03.2021 00:00	42.400000000000006	44.5	41.0	43.2	350
04.03.2021 00:00	41.0	43.0	40.800000000000004	41.900000000000006	1710
05.03.2021 00:00	39.400000000000006	41.900000000000006	39.400000000000006	41.7	80
09.03.2021 00:00	40.0	40.800000000000004	39.900000000000006	40.2	660
10.03.2021 00:00	40.7	40.7	40.0	40.7	630
11.03.2021 00:00	40.300000000000004	42.800000000000004	39.5	42.800000000000004	1320
12.03.2021 00:00	42.800000000000004	43.7	40.2	41.7	1160
15.03.2021 00:00	40.900000000000006	43.300000000000004	39.900000000000006	42.7	2140
16.03.2021 00:00	41.2	43.0	40.5	41.900000000000006	860
17.03.2021 00:00	42.2	42.400000000000006	39.0	41.2	2060
18.03.2021 00:00	41.0	41.0	38.900000000000006	39.7	2470
19.03.2021 00:00	39.900000000000006	40.7	39.7	39.800000000000004	920
22.03.2021 00:00	40.2	47.800000000000004	39.900000000000006	40.7	600
23.03.2021 00:00	40.7	40.900000000000006	39.900000000000006	39.900000000000006	200
24.03.2021 00:00	39.900000000000006	39.900000000000006	39.900000000000006	39.900000000000006	10
25.03.2021 00:00	39.800000000000004	39.800000000000004	39.400000000000006	39.7	120
26.03.2021 00:00	39.7	40.300000000000004	39.5	39.800000000000004	920
29.03.2021 00:00	39.7	39.7	39.0	39.300000000000004	610
30.03.2021 00:00	38.900000000000006	39.300000000000004	38.800000000000004	38.900000000000006	640
31.03.2021 00:00	39.0	39.7	38.900000000000006	39.2	570
01.04.2021 00:00	39.2	39.5	39.0	39.400000000000006	1010
02.04.2021 00:00	39.2	39.800000000000004	39.2	39.800000000000004	740
05.04.2021 00:00	39.5	40.800000000000004	39.5	40.2	720
06.04.2021 00:00	39.5	40.7	39.5	40.400000000000006	810
07.04.2021 00:00	40.7	40.7	39.7	39.7	510
08.04.2021 00:00	39.7	40.300000000000004	39.7	40.300000000000004	910
09.04.2021 00:00	39.7	40.5	39.7	40.2	790
12.04.2021 00:00	39.7	40.300000000000004	39.5	39.5	760
13.04.2021 00:00	39.5	40.0	39.5	39.7	750
14.04.2021 00:00	39.800000000000004	40.7	39.800000000000004	40.2	760
15.04.2021 00:00	39.7	40.400000000000006	39.7	39.900000000000006	770
16.04.2021 00:00	39.800000000000004	40.5	39.800000000000004	40.2	790
19.04.2021 00:00	40.900000000000006	56.1	40.7	50.2	12620
20.04.2021 00:00	52.300000000000004	53.6	44.2	44.900000000000006	9110
21.04.2021 00:00	43.400000000000006	49.400000000000006	42.2	42.5	10080
22.04.2021 00:00	44.2	53.900000000000006	43.7	47.900000000000006	27920
23.04.2021 00:00	47.900000000000006	64.9	44.300000000000004	53.7	29960
26.04.2021 00:00	56.400000000000006	70.9	50.800000000000004	69.9	30720
27.04.2021 00:00	70.0	97.7	70.0	97.4	29850
28.04.2021 00:00	105.4	105.4	73.5	74.4	26560
29.04.2021 00:00	75.9	80.10000000000001	65.9	68.5	13820
30.04.2021 00:00	68.5	75.4	68.5	71.10000000000001	13900
04.05.2021 00:00	69.0	77.9	69.0	72.7	5880
05.05.2021 00:00	72.5	73.9	69.4	72.60000000000001	3100
06.05.2021 00:00	71.9	73.0	68.0	69.9	2880
07.05.2021 00:00	70.4	72.9	68.10000000000001	68.9	1450
10.05.2021 00:00	69.0	75.60000000000001	65.9	67.7	5090
11.05.2021 00:00	68.4	68.4	64.0	67.7	2360
12.05.2021 00:00	69.10000000000001	69.10000000000001	65.9	68.0	1210
13.05.2021 00:00	66.5	70.5	65.9	68.9	2320
14.05.2021 00:00	70.9	87.4	70.9	74.9	33890
17.05.2021 00:00	76.5	81.9	70.9	71.0	7590
18.05.2021 00:00	70.9	75.9	68.2	71.4	3200
19.05.2021 00:00	71.7	71.7	66.10000000000001	67.9	2490
20.05.2021 00:00	68.4	69.4	64.4	67.0	4100
21.05.2021 00:00	71.7	71.7	63.300000000000004	65.4	1810
24.05.2021 00:00	64.4	67.4	62.6	65.4	1690
25.05.2021 00:00	64.60000000000001	65.9	63.400000000000006	64.10000000000001	680
26.05.2021 00:00	63.0	64.9	60.900000000000006	63.2	2140
27.05.2021 00:00	64.2	64.2	61.1	61.400000000000006	850
28.05.2021 00:00	60.0	60.0	54.900000000000006	58.1	2330
31.05.2021 00:00	57.300000000000004	57.7	54.300000000000004	56.900000000000006	1750
01.06.2021 00:00	57.900000000000006	69.9	57.400000000000006	63.400000000000006	7900
02.06.2021 00:00	66.9	67.10000000000001	60.900000000000006	62.1	4870
03.06.2021 00:00	60.7	64.4	60.7	61.900000000000006	1250
04.06.2021 00:00	61.5	61.900000000000006	57.900000000000006	59.800000000000004	1510
07.06.2021 00:00	57.0	59.800000000000004	57.0	58.900000000000006	850
08.06.2021 00:00	58.900000000000006	59.900000000000006	57.800000000000004	57.900000000000006	840
09.06.2021 00:00	58.7	58.7	56.900000000000006	56.900000000000006	310
10.06.2021 00:00	58.900000000000006	63.800000000000004	58.5	60.1	2370
11.06.2021 00:00	59.300000000000004	62.900000000000006	58.5	61.900000000000006	2290
14.06.2021 00:00	61.900000000000006	62.400000000000006	60.900000000000006	61.800000000000004	200
15.06.2021 00:00	61.7	63.7	61.400000000000006	62.0	1310
16.06.2021 00:00	62.7	63.7	60.2	60.900000000000006	1010
17.06.2021 00:00	61.5	61.5	58.7	59.6	1810
18.06.2021 00:00	59.400000000000006	59.900000000000006	56.5	57.900000000000006	530
21.06.2021 00:00	57.900000000000006	73.9	57.900000000000006	63.1	10490
22.06.2021 00:00	63.400000000000006	68.60000000000001	63.1	63.5	4130
23.06.2021 00:00	63.400000000000006	65.9	60.0	61.400000000000006	2950
24.06.2021 00:00	62.300000000000004	62.7	59.1	60.800000000000004	720
25.06.2021 00:00	61.1	61.400000000000006	59.7	61.0	480
28.06.2021 00:00	61.1	61.2	58.400000000000006	59.5	1520
29.06.2021 00:00	59.900000000000006	59.900000000000006	57.900000000000006	59.0	790
30.06.2021 00:00	59.1	63.800000000000004	59.0	61.0	1520
01.07.2021 00:00	61.400000000000006	61.400000000000006	58.900000000000006	59.900000000000006	410
02.07.2021 00:00	60.0	60.400000000000006	59.5	60.2	110
05.07.2021 00:00	60.7	60.7	59.0	59.0	130
06.07.2021 00:00	60.7	60.7	59.0	60.2	220
07.07.2021 00:00	59.5	60.800000000000004	59.0	59.1	120
08.07.2021 00:00	59.400000000000006	60.0	59.400000000000006	59.400000000000006	60
09.07.2021 00:00	59.0	59.0	56.0	58.0	2320
12.07.2021 00:00	58.0	59.0	56.300000000000004	57.800000000000004	440
13.07.2021 00:00	57.2	59.2	57.0	58.5	110
14.07.2021 00:00	57.0	59.900000000000006	55.7	59.800000000000004	350
15.07.2021 00:00	60.300000000000004	64.7	56.0	60.900000000000006	980
16.07.2021 00:00	60.800000000000004	60.800000000000004	58.900000000000006	59.6	160
19.07.2021 00:00	60.900000000000006	63.900000000000006	57.900000000000006	59.300000000000004	980
20.07.2021 00:00	59.5	61.900000000000006	57.400000000000006	59.5	1270
21.07.2021 00:00	58.900000000000006	59.1	56.400000000000006	58.400000000000006	1270
22.07.2021 00:00	56.800000000000004	60.800000000000004	56.800000000000004	59.800000000000004	1240
23.07.2021 00:00	58.800000000000004	59.300000000000004	58.5	59.1	230
26.07.2021 00:00	58.5	58.5	58.5	58.5	20
27.07.2021 00:00	59.800000000000004	59.800000000000004	57.2	57.400000000000006	690
28.07.2021 00:00	57.1	57.5	56.800000000000004	57.400000000000006	700
29.07.2021 00:00	57.6	57.6	57.0	57.2	290
30.07.2021 00:00	57.300000000000004	61.800000000000004	57.300000000000004	58.6	660
02.08.2021 00:00	58.1	59.0	57.900000000000006	57.900000000000006	330
03.08.2021 00:00	57.7	57.800000000000004	56.800000000000004	57.800000000000004	440
04.08.2021 00:00	57.5	59.1	57.1	57.6	1310
05.08.2021 00:00	57.7	57.800000000000004	57.7	57.800000000000004	50
06.08.2021 00:00	59.900000000000006	59.900000000000006	57.800000000000004	57.900000000000006	240
09.08.2021 00:00	58.5	59.2	57.1	57.6	350
10.08.2021 00:00	57.6	58.300000000000004	57.0	57.5	460
11.08.2021 00:00	57.7	57.900000000000006	57.5	57.6	90
12.08.2021 00:00	57.800000000000004	57.800000000000004	57.2	57.2	60
13.08.2021 00:00	58.7	58.7	57.1	57.1	100
16.08.2021 00:00	57.7	58.6	57.2	57.2	120
17.08.2021 00:00	57.1	58.1	56.900000000000006	58.1	230
18.08.2021 00:00	58.1	58.1	56.900000000000006	57.6	400
19.08.2021 00:00	57.2	57.7	57.0	57.7	90
20.08.2021 00:00	57.6	57.6	57.0	57.6	30
23.08.2021 00:00	58.400000000000006	60.7	57.0	57.0	220
24.08.2021 00:00	57.1	57.800000000000004	57.1	57.6	320
25.08.2021 00:00	57.900000000000006	59.900000000000006	57.0	57.800000000000004	1050
26.08.2021 00:00	57.5	57.6	57.300000000000004	57.6	80
27.08.2021 00:00	57.2	63.6	56.900000000000006	57.5	6950
30.08.2021 00:00	57.400000000000006	58.1	57.1	58.0	240
31.08.2021 00:00	58.0	58.0	57.0	57.400000000000006	420
01.09.2021 00:00	57.300000000000004	57.6	56.6	57.5	203
02.09.2021 00:00	56.900000000000006	57.800000000000004	56.1	57.5	50
03.09.2021 00:00	57.7	57.800000000000004	57.1	57.1	195
06.09.2021 00:00	57.5	58.1	57.1	57.300000000000004	106
07.09.2021 00:00	57.400000000000006	57.400000000000006	57.1	57.1	434
08.09.2021 00:00	56.900000000000006	57.900000000000006	56.800000000000004	56.900000000000006	186
09.09.2021 00:00	57.7	57.7	56.1	56.900000000000006	397
10.09.2021 00:00	56.900000000000006	57.7	56.800000000000004	57.400000000000006	290
13.09.2021 00:00	57.400000000000006	57.7	56.6	56.800000000000004	321
14.09.2021 00:00	56.800000000000004	57.5	56.300000000000004	56.300000000000004	308
15.09.2021 00:00	57.1	58.2	55.400000000000006	56.400000000000006	594
16.09.2021 00:00	56.300000000000004	56.300000000000004	55.5	56.1	245
17.09.2021 00:00	55.6	56.900000000000006	55.6	56.400000000000006	107
20.09.2021 00:00	56.2	56.7	55.800000000000004	56.7	50
21.09.2021 00:00	56.6	56.6	56.0	56.0	2
22.09.2021 00:00	56.7	56.7	55.900000000000006	56.0	35
23.09.2021 00:00	56.6	56.7	56.2	56.2	122
24.09.2021 00:00	56.1	56.6	56.1	56.5	7
27.09.2021 00:00	56.7	59.1	55.6	56.900000000000006	953
28.09.2021 00:00	56.300000000000004	56.900000000000006	54.6	54.900000000000006	1151
29.09.2021 00:00	55.800000000000004	57.900000000000006	54.900000000000006	56.0	2073
30.09.2021 00:00	57.5	57.5	55.5	57.0	465
01.10.2021 00:00	57.900000000000006	57.900000000000006	55.900000000000006	56.400000000000006	878
04.10.2021 00:00	57.7	57.7	55.7	56.300000000000004	119
05.10.2021 00:00	56.2	56.400000000000006	55.900000000000006	55.900000000000006	48
06.10.2021 00:00	55.900000000000006	56.300000000000004	55.2	55.300000000000004	133
07.10.2021 00:00	55.2	56.400000000000006	55.2	55.7	95
08.10.2021 00:00	56.300000000000004	56.300000000000004	55.900000000000006	56.2	52
11.10.2021 00:00	58.6	58.6	54.900000000000006	55.5	657
12.10.2021 00:00	55.900000000000006	56.400000000000006	55.2	55.7	89
13.10.2021 00:00	55.2	56.300000000000004	55.2	55.900000000000006	75
14.10.2021 00:00	56.1	56.400000000000006	55.300000000000004	55.400000000000006	307
15.10.2021 00:00	55.300000000000004	55.6	54.5	55.400000000000006	357
18.10.2021 00:00	55.400000000000006	56.0	54.800000000000004	54.900000000000006	732
19.10.2021 00:00	54.900000000000006	55.0	54.6	54.6	147
20.10.2021 00:00	55.2	56.1	54.0	55.6	480
21.10.2021 00:00	54.5	55.900000000000006	54.1	55.300000000000004	311
22.10.2021 00:00	56.0	56.1	53.900000000000006	55.300000000000004	394
25.10.2021 00:00	54.5	55.400000000000006	54.5	54.7	98
26.10.2021 00:00	55.2	55.2	54.400000000000006	54.400000000000006	73
27.10.2021 00:00	54.6	54.6	53.900000000000006	54.300000000000004	225
28.10.2021 00:00	54.300000000000004	54.300000000000004	53.1	53.2	62
29.10.2021 00:00	53.800000000000004	54.300000000000004	53.6	54.0	17
01.11.2021 00:00	54.300000000000004	54.300000000000004	53.800000000000004	54.2	18
02.11.2021 00:00	54.400000000000006	54.400000000000006	53.900000000000006	54.300000000000004	38
03.11.2021 00:00	53.7	53.800000000000004	53.1	53.5	90
05.11.2021 00:00	53.400000000000006	53.7	53.0	53.7	50
08.11.2021 00:00	53.2	53.900000000000006	53.2	53.5	45
09.11.2021 00:00	53.5	53.5	52.1	53.400000000000006	80
10.11.2021 00:00	53.400000000000006	53.5	52.800000000000004	52.800000000000004	42
11.11.2021 00:00	52.800000000000004	52.900000000000006	52.5	52.900000000000006	127
12.11.2021 00:00	52.900000000000006	52.900000000000006	51.400000000000006	52.6	206
15.11.2021 00:00	52.0	52.900000000000006	50.800000000000004	51.900000000000006	345
16.11.2021 00:00	51.5	51.5	50.300000000000004	50.400000000000006	277
17.11.2021 00:00	50.400000000000006	50.900000000000006	49.2	49.2	536
18.11.2021 00:00	49.2	50.2	47.300000000000004	49.400000000000006	272
19.11.2021 00:00	49.400000000000006	49.400000000000006	47.900000000000006	48.2	47
22.11.2021 00:00	48.5	49.7	46.900000000000006	47.900000000000006	199
23.11.2021 00:00	46.2	48.2	46.2	46.900000000000006	149
24.11.2021 00:00	46.900000000000006	47.7	46.0	46.5	315
25.11.2021 00:00	47.2	47.2	45.400000000000006	46.2	260
26.11.2021 00:00	46.2	46.2	44.900000000000006	44.900000000000006	257
29.11.2021 00:00	45.900000000000006	45.900000000000006	43.900000000000006	44.0	334
30.11.2021 00:00	43.900000000000006	44.7	43.800000000000004	43.900000000000006	71
01.12.2021 00:00	48.7	49.900000000000006	42.7	44.300000000000004	100
02.12.2021 00:00	45.2	45.2	43.2	43.7	162
03.12.2021 00:00	44.800000000000004	61.1	44.800000000000004	61.1	22944
06.12.2021 00:00	64.9	70.9	52.5	54.6	21836
07.12.2021 00:00	56.6	56.6	45.900000000000006	50.2	5636
08.12.2021 00:00	50.800000000000004	50.800000000000004	47.2	47.300000000000004	1903
09.12.2021 00:00	49.7	66.4	48.5	66.4	33775
10.12.2021 00:00	62.900000000000006	87.9	59.900000000000006	62.400000000000006	73187
13.12.2021 00:00	62.5	65.4	52.900000000000006	57.300000000000004	12796
14.12.2021 00:00	57.400000000000006	58.400000000000006	51.2	53.5	6601
15.12.2021 00:00	54.2	57.400000000000006	51.900000000000006	52.7	3544
16.12.2021 00:00	52.7	54.0	51.2	52.800000000000004	1444
17.12.2021 00:00	53.1	53.2	50.800000000000004	52.300000000000004	981
20.12.2021 00:00	52.400000000000006	53.0	49.2	50.300000000000004	560
21.12.2021 00:00	51.2	51.5	48.800000000000004	50.2	785
22.12.2021 00:00	49.900000000000006	52.900000000000006	48.7	50.7	1101
23.12.2021 00:00	50.7	51.6	48.800000000000004	49.7	589
24.12.2021 00:00	49.5	50.2	47.400000000000006	49.7	1757
27.12.2021 00:00	49.800000000000004	51.0	48.5	51.0	439
28.12.2021 00:00	50.900000000000006	55.900000000000006	49.0	52.7	4491
29.12.2021 00:00	54.800000000000004	54.800000000000004	49.900000000000006	50.800000000000004	963
30.12.2021 00:00	50.900000000000006	51.400000000000006	48.400000000000006	49.2	1195
03.01.2022 00:00	49.0	61.400000000000006	48.900000000000006	54.7	11254
04.01.2022 00:00	54.900000000000006	62.900000000000006	53.900000000000006	55.800000000000004	11172
05.01.2022 00:00	57.2	57.2	53.900000000000006	54.900000000000006	1246
06.01.2022 00:00	54.300000000000004	55.800000000000004	51.900000000000006	52.7	578
10.01.2022 00:00	53.1	53.6	51.0	51.300000000000004	374
11.01.2022 00:00	51.7	57.800000000000004	51.0	52.7	3153
12.01.2022 00:00	52.400000000000006	52.900000000000006	51.5	52.300000000000004	929
13.01.2022 00:00	51.900000000000006	52.300000000000004	49.5	50.800000000000004	873
14.01.2022 00:00	50.300000000000004	51.2	47.7	48.5	1471
17.01.2022 00:00	50.800000000000004	52.900000000000006	49.2	50.0	3330
18.01.2022 00:00	51.7	51.900000000000006	47.900000000000006	49.2	1163
19.01.2022 00:00	49.400000000000006	51.6	43.900000000000006	49.400000000000006	1680
20.01.2022 00:00	50.7	51.800000000000004	47.0	49.5	2610
21.01.2022 00:00	49.5	49.900000000000006	48.2	48.5	355
24.01.2022 00:00	48.5	48.7	44.2	45.400000000000006	1739
25.01.2022 00:00	44.900000000000006	45.7	42.900000000000006	44.2	1265
26.01.2022 00:00	44.900000000000006	46.7	43.7	44.800000000000004	601
27.01.2022 00:00	45.0	46.0	43.800000000000004	43.900000000000006	599
28.01.2022 00:00	44.7	49.800000000000004	44.7	46.7	7865
31.01.2022 00:00	46.300000000000004	48.7	45.5	46.300000000000004	4102
01.02.2022 00:00	48.400000000000006	48.400000000000006	46.0	46.0	293
02.02.2022 00:00	46.2	47.300000000000004	43.900000000000006	45.2	1425
03.02.2022 00:00	45.2	45.800000000000004	43.900000000000006	43.900000000000006	602
04.02.2022 00:00	44.400000000000006	44.7	43.900000000000006	43.900000000000006	321
07.02.2022 00:00	44.5	44.7	44.2	44.400000000000006	87
08.02.2022 00:00	44.2	44.900000000000006	43.7	44.800000000000004	155
09.02.2022 00:00	44.5	45.400000000000006	44.400000000000006	44.900000000000006	303
10.02.2022 00:00	45.300000000000004	45.900000000000006	44.800000000000004	45.400000000000006	238
11.02.2022 00:00	45.2	45.5	45.0	45.300000000000004	32
14.02.2022 00:00	45.400000000000006	45.400000000000006	43.7	44.300000000000004	148
15.02.2022 00:00	44.2	44.800000000000004	44.2	44.5	92
16.02.2022 00:00	44.2	45.7	43.900000000000006	44.7	867
17.02.2022 00:00	44.7	45.2	44.400000000000006	45.0	78
18.02.2022 00:00	45.2	45.400000000000006	44.2	44.400000000000006	268
21.02.2022 00:00	44.400000000000006	44.400000000000006	39.7	39.7	1044
22.02.2022 00:00	37.9	47.900000000000006	33.0	44.2	823
24.02.2022 00:00	43.900000000000006	43.900000000000006	27.900000000000002	35.2	212
25.02.2022 00:00	34.0	43.2	33.9	41.2	780
28.03.2022 00:00	37.7	43.900000000000006	31.1	41.7	1094
29.03.2022 00:00	37.9	44.800000000000004	37.9	39.7	1377
30.03.2022 00:00	38.400000000000006	43.800000000000004	31.8	43.5	1123
31.03.2022 00:00	38.800000000000004	43.900000000000006	36.9	42.2	1652
01.04.2022 00:00	41.400000000000006	42.5	38.900000000000006	40.2	2733
04.04.2022 00:00	40.2	40.300000000000004	39.400000000000006	39.7	458
05.04.2022 00:00	39.400000000000006	40.300000000000004	38.7	39.400000000000006	636
06.04.2022 00:00	39.7	39.7	38.0	38.7	435
07.04.2022 00:00	38.5	38.5	38.0	38.400000000000006	124
08.04.2022 00:00	38.300000000000004	38.300000000000004	37.9	38.0	68
11.04.2022 00:00	38.2	39.900000000000006	38.0	38.400000000000006	737
12.04.2022 00:00	38.400000000000006	54.0	38.300000000000004	54.0	38480
13.04.2022 00:00	59.400000000000006	75.5	58.2	75.5	61975
14.04.2022 00:00	77.5	82.4	55.900000000000006	57.900000000000006	39241
15.04.2022 00:00	59.400000000000006	59.400000000000006	51.2	55.800000000000004	16158
18.04.2022 00:00	55.5	61.2	53.2	56.800000000000004	10720
19.04.2022 00:00	56.7	57.900000000000006	52.0	55.2	2774
20.04.2022 00:00	55.2	56.1	51.2	52.0	1982
21.04.2022 00:00	53.300000000000004	53.300000000000004	50.2	50.2	1903
22.04.2022 00:00	50.2	55.400000000000006	49.900000000000006	52.400000000000006	12723
25.04.2022 00:00	52.300000000000004	57.800000000000004	51.0	55.2	6214
26.04.2022 00:00	54.5	59.900000000000006	53.2	53.900000000000006	5897
27.04.2022 00:00	53.2	59.2	51.0	59.2	8181
28.04.2022 00:00	59.2	63.400000000000006	55.1	59.7	7898
29.04.2022 00:00	56.300000000000004	59.1	56.300000000000004	58.1	843
04.05.2022 00:00	58.2	58.400000000000006	54.5	57.300000000000004	1368
05.05.2022 00:00	54.5	58.800000000000004	53.900000000000006	55.0	3090
06.05.2022 00:00	55.2	56.1	53.900000000000006	56.1	1205
11.05.2022 00:00	55.2	56.900000000000006	53.5	55.400000000000006	648
12.05.2022 00:00	55.400000000000006	55.7	54.2	55.1	106
13.05.2022 00:00	54.0	59.900000000000006	52.1	59.900000000000006	6410
16.05.2022 00:00	55.900000000000006	62.7	55.800000000000004	61.7	9243
17.05.2022 00:00	61.800000000000004	65.9	59.400000000000006	65.9	9970
18.05.2022 00:00	64.9	65.9	56.900000000000006	59.400000000000006	16551
19.05.2022 00:00	60.400000000000006	60.400000000000006	55.2	56.800000000000004	2641
20.05.2022 00:00	56.900000000000006	59.300000000000004	55.400000000000006	57.1	2028
23.05.2022 00:00	59.800000000000004	59.800000000000004	55.400000000000006	55.400000000000006	1009
24.05.2022 00:00	56.400000000000006	58.400000000000006	48.2	57.400000000000006	9432
25.05.2022 00:00	57.2	60.6	54.5	60.1	5929
26.05.2022 00:00	59.900000000000006	68.9	57.5	61.5	9555
27.05.2022 00:00	61.2	62.800000000000004	54.300000000000004	58.300000000000004	15552
30.05.2022 00:00	56.7	58.900000000000006	53.400000000000006	55.800000000000004	6800
31.05.2022 00:00	54.7	55.400000000000006	52.900000000000006	53.800000000000004	2268
01.06.2022 00:00	53.300000000000004	56.7	53.300000000000004	54.5	2007
02.06.2022 00:00	53.900000000000006	56.400000000000006	52.900000000000006	54.2	1976
03.06.2022 00:00	54.6	55.6	52.900000000000006	54.5	658
06.06.2022 00:00	53.6	54.800000000000004	53.1	54.400000000000006	511
07.06.2022 00:00	53.5	54.900000000000006	53.1	54.2	498
08.06.2022 00:00	52.0	53.400000000000006	51.6	52.300000000000004	1209
09.06.2022 00:00	52.300000000000004	52.300000000000004	50.400000000000006	51.400000000000006	600
10.06.2022 00:00	50.800000000000004	51.5	49.900000000000006	50.900000000000006	636
14.06.2022 00:00	50.400000000000006	54.400000000000006	49.900000000000006	52.1	1705
15.06.2022 00:00	52.1	54.400000000000006	51.2	53.800000000000004	1305
16.06.2022 00:00	53.800000000000004	53.900000000000006	52.7	53.400000000000006	212
17.06.2022 00:00	53.900000000000006	53.900000000000006	52.800000000000004	52.900000000000006	218
20.06.2022 00:00	52.800000000000004	56.2	51.900000000000006	54.0	2618
21.06.2022 00:00	53.300000000000004	55.800000000000004	51.800000000000004	54.800000000000004	3335
22.06.2022 00:00	52.800000000000004	59.900000000000006	52.5	57.400000000000006	11038
23.06.2022 00:00	57.400000000000006	59.6	55.800000000000004	57.400000000000006	1801
24.06.2022 00:00	56.2	58.400000000000006	55.1	57.7	1561
27.06.2022 00:00	57.900000000000006	58.300000000000004	55.1	57.400000000000006	1386
28.06.2022 00:00	57.0	57.0	53.5	55.1	3081
29.06.2022 00:00	55.400000000000006	55.400000000000006	53.800000000000004	54.6	746
30.06.2022 00:00	54.800000000000004	54.900000000000006	52.300000000000004	54.1	395
01.07.2022 00:00	53.5	54.7	51.7	54.6	1025
04.07.2022 00:00	55.2	57.1	52.7	54.300000000000004	1959
05.07.2022 00:00	54.0	55.900000000000006	52.6	54.5	2173
06.07.2022 00:00	53.7	54.6	51.7	52.400000000000006	2465
07.07.2022 00:00	51.900000000000006	53.6	48.900000000000006	49.7	7860
08.07.2022 00:00	49.800000000000004	50.7	48.400000000000006	49.7	2429
11.07.2022 00:00	49.800000000000004	50.800000000000004	48.5	49.300000000000004	733
12.07.2022 00:00	49.300000000000004	56.900000000000006	49.300000000000004	50.900000000000006	6083
13.07.2022 00:00	50.900000000000006	53.900000000000006	49.7	49.800000000000004	869
14.07.2022 00:00	49.800000000000004	50.7	49.800000000000004	50.2	397
15.07.2022 00:00	49.800000000000004	50.2	49.800000000000004	50.2	283
18.07.2022 00:00	50.2	51.7	49.7	50.400000000000006	395
19.07.2022 00:00	50.900000000000006	52.7	50.400000000000006	50.800000000000004	1378
20.07.2022 00:00	51.6	52.400000000000006	49.0	50.5	1197
21.07.2022 00:00	49.900000000000006	50.900000000000006	48.900000000000006	50.7	367
22.07.2022 00:00	49.800000000000004	50.900000000000006	49.400000000000006	49.7	277
25.07.2022 00:00	49.900000000000006	51.300000000000004	49.7	49.900000000000006	950
26.07.2022 00:00	53.900000000000006	53.900000000000006	50.0	50.7	1123
27.07.2022 00:00	50.900000000000006	51.6	50.0	50.0	534
28.07.2022 00:00	50.0	50.7	49.400000000000006	50.7	332
29.07.2022 00:00	50.400000000000006	50.800000000000004	50.0	50.400000000000006	277
01.08.2022 00:00	50.7	50.7	49.7	49.800000000000004	157
02.08.2022 00:00	50.2	50.2	49.800000000000004	49.800000000000004	206
03.08.2022 00:00	49.900000000000006	49.900000000000006	49.400000000000006	49.400000000000006	209
04.08.2022 00:00	49.300000000000004	50.400000000000006	47.900000000000006	48.7	1428
05.08.2022 00:00	48.900000000000006	48.900000000000006	47.0	47.400000000000006	285
08.08.2022 00:00	48.0	49.400000000000006	48.0	48.2	349
09.08.2022 00:00	48.2	48.2	47.2	47.5	103
10.08.2022 00:00	48.0	49.400000000000006	48.0	49.300000000000004	85
11.08.2022 00:00	49.800000000000004	49.800000000000004	48.800000000000004	49.2	21
12.08.2022 00:00	48.800000000000004	49.300000000000004	48.2	48.900000000000006	60
15.08.2022 00:00	49.2	49.2	48.2	48.900000000000006	70
16.08.2022 00:00	48.7	49.2	47.800000000000004	48.7	134
17.08.2022 00:00	48.7	49.0	48.400000000000006	48.5	92
18.08.2022 00:00	48.2	49.5	48.2	48.300000000000004	118
19.08.2022 00:00	48.800000000000004	52.300000000000004	47.900000000000006	49.900000000000006	825
22.08.2022 00:00	50.0	50.900000000000006	47.7	48.2	504
23.08.2022 00:00	48.800000000000004	49.2	47.7	48.300000000000004	523
24.08.2022 00:00	47.900000000000006	49.7	47.2	48.7	936
25.08.2022 00:00	49.2	57.0	48.300000000000004	51.6	9008
26.08.2022 00:00	51.6	53.300000000000004	48.900000000000006	53.300000000000004	5132
29.08.2022 00:00	51.800000000000004	55.900000000000006	50.800000000000004	51.900000000000006	4684
30.08.2022 00:00	52.0	53.400000000000006	50.900000000000006	51.2	983
31.08.2022 00:00	51.2	51.6	48.5	50.900000000000006	2388
01.09.2022 00:00	51.400000000000006	51.400000000000006	48.900000000000006	49.2	1610
02.09.2022 00:00	49.400000000000006	51.900000000000006	48.900000000000006	49.900000000000006	2368
05.09.2022 00:00	49.800000000000004	50.900000000000006	49.2	50.2	675
06.09.2022 00:00	49.400000000000006	50.900000000000006	49.400000000000006	50.0	668
07.09.2022 00:00	49.7	50.0	48.2	49.2	569
08.09.2022 00:00	48.900000000000006	49.300000000000004	48.900000000000006	49.300000000000004	128
09.09.2022 00:00	49.2	50.400000000000006	49.0	50.300000000000004	406
12.09.2022 00:00	50.400000000000006	53.900000000000006	49.0	52.5	10478
13.09.2022 00:00	52.2	53.900000000000006	51.400000000000006	53.0	3336
14.09.2022 00:00	52.6	53.400000000000006	51.400000000000006	52.800000000000004	321
15.09.2022 00:00	53.400000000000006	54.0	51.7	53.400000000000006	1327
16.09.2022 00:00	53.2	53.900000000000006	52.6	53.1	901
19.09.2022 00:00	54.0	55.900000000000006	51.900000000000006	53.0	3410
20.09.2022 00:00	53.900000000000006	53.900000000000006	50.900000000000006	51.5	847
21.09.2022 00:00	50.900000000000006	52.7	46.2	47.5	3122
22.09.2022 00:00	47.7	54.5	47.7	49.300000000000004	12181
23.09.2022 00:00	49.900000000000006	50.400000000000006	45.900000000000006	49.2	2583
26.09.2022 00:00	48.7	49.400000000000006	45.800000000000004	45.800000000000004	2247
27.09.2022 00:00	46.800000000000004	48.800000000000004	44.900000000000006	46.900000000000006	1299
28.09.2022 00:00	48.900000000000006	49.300000000000004	45.0	48.7	2800
29.09.2022 00:00	48.7	48.800000000000004	45.5	48.800000000000004	877
30.09.2022 00:00	48.2	48.2	43.900000000000006	44.800000000000004	2640
03.10.2022 00:00	45.7	49.2	44.2	48.900000000000006	1997
04.10.2022 00:00	48.900000000000006	48.900000000000006	46.7	48.2	982
05.10.2022 00:00	48.7	49.400000000000006	41.5	46.900000000000006	1507
06.10.2022 00:00	46.900000000000006	48.0	42.7	43.5	7706
07.10.2022 00:00	43.7	43.900000000000006	41.7	42.7	2046
10.10.2022 00:00	43.2	43.300000000000004	40.5	43.2	2255
11.10.2022 00:00	43.2	44.400000000000006	42.7	43.2	1718
12.10.2022 00:00	43.400000000000006	44.2	42.800000000000004	43.900000000000006	478
13.10.2022 00:00	43.5	43.900000000000006	43.2	43.5	171
14.10.2022 00:00	43.7	44.7	43.300000000000004	43.800000000000004	687
17.10.2022 00:00	43.7	43.7	42.400000000000006	43.7	742
18.10.2022 00:00	43.7	43.800000000000004	42.400000000000006	43.0	1695
19.10.2022 00:00	42.900000000000006	42.900000000000006	40.7	41.2	6528
20.10.2022 00:00	41.300000000000004	41.5	40.900000000000006	41.300000000000004	399
21.10.2022 00:00	41.7	43.5	40.7	41.7	2490
24.10.2022 00:00	41.7	43.7	41.7	43.2	2053
25.10.2022 00:00	42.7	43.400000000000006	42.2	43.2	324
26.10.2022 00:00	42.7	43.2	41.900000000000006	42.400000000000006	1273
27.10.2022 00:00	42.400000000000006	59.300000000000004	42.400000000000006	59.300000000000004	41629
28.10.2022 00:00	65.2	70.7	52.5	53.7	38089
31.10.2022 00:00	53.900000000000006	54.2	51.7	52.0	4232
01.11.2022 00:00	51.800000000000004	64.7	51.400000000000006	55.800000000000004	31896
02.11.2022 00:00	56.800000000000004	57.300000000000004	52.400000000000006	52.800000000000004	3745
03.11.2022 00:00	53.5	53.6	50.0	50.800000000000004	2268
07.11.2022 00:00	50.900000000000006	55.900000000000006	50.900000000000006	52.300000000000004	5390
08.11.2022 00:00	52.300000000000004	53.0	49.2	50.7	1919
09.11.2022 00:00	50.7	50.900000000000006	49.300000000000004	50.2	579
10.11.2022 00:00	50.2	50.900000000000006	49.300000000000004	50.7	570
11.11.2022 00:00	51.2	51.2	49.900000000000006	50.400000000000006	458
14.11.2022 00:00	50.0	50.300000000000004	49.7	50.300000000000004	711
15.11.2022 00:00	50.0	50.7	50.0	50.5	327
16.11.2022 00:00	50.7	54.900000000000006	49.900000000000006	52.300000000000004	4920
17.11.2022 00:00	52.300000000000004	52.7	50.900000000000006	51.800000000000004	536
18.11.2022 00:00	51.800000000000004	51.800000000000004	50.7	51.0	792
21.11.2022 00:00	50.7	50.900000000000006	49.900000000000006	50.800000000000004	210
22.11.2022 00:00	50.900000000000006	50.900000000000006	50.0	50.7	323
23.11.2022 00:00	50.7	55.6	50.2	52.2	4038
24.11.2022 00:00	52.5	52.900000000000006	51.800000000000004	51.800000000000004	192
25.11.2022 00:00	51.0	51.7	49.900000000000006	51.6	346
28.11.2022 00:00	50.900000000000006	51.7	49.900000000000006	51.6	835
29.11.2022 00:00	50.800000000000004	51.800000000000004	50.2	51.2	623
30.11.2022 00:00	51.400000000000006	51.400000000000006	50.2	51.2	457
01.12.2022 00:00	51.300000000000004	52.5	50.300000000000004	51.2	1053
02.12.2022 00:00	50.900000000000006	51.400000000000006	50.2	50.800000000000004	534
05.12.2022 00:00	51.300000000000004	51.400000000000006	50.5	51.0	295
06.12.2022 00:00	51.400000000000006	51.400000000000006	50.0	50.800000000000004	1441
07.12.2022 00:00	51.0	51.400000000000006	49.300000000000004	50.400000000000006	698
08.12.2022 00:00	50.5	50.7	50.300000000000004	50.300000000000004	84
09.12.2022 00:00	50.7	50.7	49.5	50.300000000000004	221
12.12.2022 00:00	50.2	50.2	49.7	50.0	183
13.12.2022 00:00	49.7	49.900000000000006	48.7	49.2	978
14.12.2022 00:00	49.2	65.10000000000001	49.2	52.1	63518
15.12.2022 00:00	52.1	58.900000000000006	50.7	53.300000000000004	14367
16.12.2022 00:00	53.5	53.5	48.900000000000006	50.0	12270
19.12.2022 00:00	49.800000000000004	50.7	48.400000000000006	48.900000000000006	3006
20.12.2022 00:00	48.900000000000006	50.2	48.7	49.5	1492
21.12.2022 00:00	49.5	51.300000000000004	48.7	49.900000000000006	2747
22.12.2022 00:00	50.0	50.400000000000006	49.2	49.7	746
23.12.2022 00:00	49.300000000000004	53.800000000000004	49.2	49.800000000000004	4118
26.12.2022 00:00	49.900000000000006	51.800000000000004	49.400000000000006	50.300000000000004	1639
27.12.2022 00:00	50.5	52.300000000000004	49.900000000000006	50.7	2176
28.12.2022 00:00	50.7	50.7	49.7	50.2	496
29.12.2022 00:00	50.2	50.7	49.800000000000004	50.2	322
30.12.2022 00:00	49.800000000000004	50.2	49.400000000000006	50.2	710
03.01.2023 00:00	49.5	54.900000000000006	49.5	51.0	1816
04.01.2023 00:00	51.0	51.400000000000006	49.7	50.800000000000004	722
05.01.2023 00:00	50.7	51.800000000000004	49.900000000000006	50.800000000000004	563
06.01.2023 00:00	50.7	51.400000000000006	50.0	50.7	623
09.01.2023 00:00	51.400000000000006	51.400000000000006	50.2	50.800000000000004	1274
10.01.2023 00:00	50.300000000000004	51.400000000000006	49.400000000000006	51.0	2302
11.01.2023 00:00	51.2	52.5	50.7	51.6	695
12.01.2023 00:00	51.7	62.6	51.2	51.900000000000006	47065
13.01.2023 00:00	52.2	55.7	51.6	52.2	5456
16.01.2023 00:00	52.7	54.7	51.5	51.900000000000006	2594
17.01.2023 00:00	52.0	52.800000000000004	50.5	51.7	2500
18.01.2023 00:00	51.7	53.900000000000006	51.300000000000004	52.0	1902
19.01.2023 00:00	51.7	52.300000000000004	51.300000000000004	51.5	950
20.01.2023 00:00	51.300000000000004	51.900000000000006	51.2	51.7	435
23.01.2023 00:00	51.7	52.6	51.400000000000006	51.800000000000004	485
24.01.2023 00:00	51.7	52.5	51.6	52.2	370
25.01.2023 00:00	52.2	52.400000000000006	51.0	52.0	757
26.01.2023 00:00	51.2	54.2	51.2	52.2	959
27.01.2023 00:00	51.5	52.300000000000004	50.800000000000004	52.1	932
30.01.2023 00:00	52.2	54.7	51.800000000000004	52.900000000000006	2175
31.01.2023 00:00	54.800000000000004	54.800000000000004	52.2	52.800000000000004	969
01.02.2023 00:00	53.400000000000006	54.6	52.5	52.800000000000004	1031
02.02.2023 00:00	52.800000000000004	54.5	52.6	53.2	1170
03.02.2023 00:00	52.800000000000004	53.900000000000006	52.7	53.2	861
06.02.2023 00:00	53.300000000000004	53.6	52.900000000000006	53.300000000000004	1485
07.02.2023 00:00	53.5	56.7	52.6	53.900000000000006	9991
08.02.2023 00:00	53.800000000000004	55.2	53.400000000000006	54.300000000000004	2407
09.02.2023 00:00	56.7	62.5	54.5	55.800000000000004	18717
10.02.2023 00:00	56.400000000000006	57.6	54.300000000000004	54.400000000000006	1588
13.02.2023 00:00	55.5	56.400000000000006	54.400000000000006	55.1	1250
14.02.2023 00:00	55.0	56.300000000000004	52.900000000000006	52.900000000000006	2359
15.02.2023 00:00	53.7	56.800000000000004	52.7	53.1	4568
16.02.2023 00:00	52.900000000000006	54.900000000000006	52.900000000000006	53.6	850
17.02.2023 00:00	53.6	54.2	53.0	53.300000000000004	324
20.02.2023 00:00	54.0	54.800000000000004	52.900000000000006	53.1	467
21.02.2023 00:00	53.2	54.7	53.1	54.0	819
22.02.2023 00:00	54.400000000000006	55.900000000000006	53.800000000000004	54.2	554
24.02.2023 00:00	54.2	56.7	54.0	55.1	419
27.02.2023 00:00	54.800000000000004	55.1	54.1	54.6	328
28.02.2023 00:00	55.1	55.1	54.400000000000006	54.900000000000006	283
01.03.2023 00:00	55.0	56.400000000000006	54.5	55.1	1062
02.03.2023 00:00	55.1	56.2	53.1	53.900000000000006	1783
03.03.2023 00:00	55.400000000000006	55.400000000000006	53.900000000000006	54.900000000000006	784
06.03.2023 00:00	55.0	56.900000000000006	54.900000000000006	56.900000000000006	2410
07.03.2023 00:00	56.900000000000006	59.900000000000006	54.900000000000006	56.6	4053
09.03.2023 00:00	55.800000000000004	57.5	55.400000000000006	56.0	1200
10.03.2023 00:00	56.1	56.1	55.0	55.400000000000006	805
13.03.2023 00:00	55.2	55.7	54.900000000000006	55.1	488
14.03.2023 00:00	55.1	55.2	54.900000000000006	55.1	409
15.03.2023 00:00	55.5	56.0	55.0	55.0	893
16.03.2023 00:00	55.1	56.5	54.900000000000006	55.5	1223
17.03.2023 00:00	55.7	55.900000000000006	54.5	55.1	876
20.03.2023 00:00	54.900000000000006	55.300000000000004	54.2	55.1	618
21.03.2023 00:00	55.1	55.300000000000004	54.7	55.1	751
22.03.2023 00:00	55.1	55.400000000000006	54.7	55.2	504
23.03.2023 00:00	54.900000000000006	56.1	54.800000000000004	55.400000000000006	661
24.03.2023 00:00	55.300000000000004	55.400000000000006	55.0	55.400000000000006	272
27.03.2023 00:00	55.900000000000006	58.400000000000006	55.6	56.400000000000006	3813
28.03.2023 00:00	56.900000000000006	57.2	55.7	56.1	916
29.03.2023 00:00	56.1	57.6	55.800000000000004	57.1	2445
30.03.2023 00:00	57.1	58.900000000000006	56.2	58.6	4011
31.03.2023 00:00	58.2	58.2	57.1	57.800000000000004	1153
03.04.2023 00:00	57.800000000000004	59.2	56.7	58.400000000000006	1125
04.04.2023 00:00	58.0	59.900000000000006	57.300000000000004	58.1	1948
05.04.2023 00:00	57.2	58.900000000000006	57.2	58.400000000000006	718
06.04.2023 00:00	58.6	59.2	57.300000000000004	57.400000000000006	1707
07.04.2023 00:00	57.900000000000006	67.4	57.400000000000006	59.900000000000006	11669
10.04.2023 00:00	59.1	69.60000000000001	58.900000000000006	64.9	21972
11.04.2023 00:00	67.10000000000001	79.7	62.0	64.0	40001
12.04.2023 00:00	65.0	65.10000000000001	62.1	63.2	4355
13.04.2023 00:00	63.1	64.10000000000001	61.300000000000004	62.400000000000006	1878
14.04.2023 00:00	62.400000000000006	63.2	60.300000000000004	61.900000000000006	941
17.04.2023 00:00	62.5	79.60000000000001	62.5	71.9	86014
18.04.2023 00:00	71.9	74.4	68.0	68.9	15277
19.04.2023 00:00	70.10000000000001	70.10000000000001	66.0	67.5	6743
20.04.2023 00:00	67.4	68.9	65.10000000000001	67.7	5446
21.04.2023 00:00	66.9	69.0	66.9	68.4	1494
24.04.2023 00:00	68.4	68.9	66.4	67.7	1661
25.04.2023 00:00	67.10000000000001	68.7	66.9	66.9	1125
26.04.2023 00:00	66.4	68.7	66.2	66.9	1448
27.04.2023 00:00	68.4	68.9	66.10000000000001	66.4	1115
28.04.2023 00:00	66.9	83.9	66.2	73.9	41678
02.05.2023 00:00	74.10000000000001	76.10000000000001	68.5	69.7	5852
03.05.2023 00:00	70.9	70.9	65.5	68.10000000000001	2604
04.05.2023 00:00	68.10000000000001	68.10000000000001	61.800000000000004	64.0	11260
05.05.2023 00:00	66.4	66.5	58.900000000000006	60.1	5734
08.05.2023 00:00	60.1	63.6	56.2	60.800000000000004	2209
10.05.2023 00:00	60.6	62.800000000000004	60.2	62.5	1119
11.05.2023 00:00	62.800000000000004	63.800000000000004	61.400000000000006	62.6	1135
12.05.2023 00:00	63.300000000000004	66.2	61.900000000000006	62.6	4488
15.05.2023 00:00	63.6	66.4	61.900000000000006	63.1	4605
16.05.2023 00:00	63.5	63.7	61.300000000000004	62.800000000000004	3024
17.05.2023 00:00	62.900000000000006	63.6	61.900000000000006	62.7	1284
18.05.2023 00:00	62.300000000000004	63.400000000000006	61.800000000000004	62.7	1693
19.05.2023 00:00	62.900000000000006	63.400000000000006	61.6	62.400000000000006	1981
22.05.2023 00:00	62.5	62.6	61.1	62.0	1353
23.05.2023 00:00	61.7	61.7	59.900000000000006	60.900000000000006	1926
24.05.2023 00:00	61.0	63.900000000000006	60.5	62.0	1474
25.05.2023 00:00	62.300000000000004	63.6	61.300000000000004	61.800000000000004	1059
26.05.2023 00:00	62.7	62.800000000000004	61.400000000000006	61.800000000000004	638
29.05.2023 00:00	61.900000000000006	62.800000000000004	61.0	62.7	629
30.05.2023 00:00	62.7	62.7	61.400000000000006	61.400000000000006	897
31.05.2023 00:00	61.7	62.6	60.800000000000004	62.0	1164
01.06.2023 00:00	62.0	63.1	61.400000000000006	62.400000000000006	1228
02.06.2023 00:00	61.900000000000006	62.2	61.5	61.900000000000006	709
05.06.2023 00:00	61.900000000000006	62.400000000000006	60.800000000000004	61.6	877
06.06.2023 00:00	60.900000000000006	62.2	60.900000000000006	61.900000000000006	283
07.06.2023 00:00	61.6	62.2	59.0	61.6	1747
08.06.2023 00:00	61.6	62.2	60.900000000000006	61.2	918
09.06.2023 00:00	62.1	67.9	61.6	62.300000000000004	19918
13.06.2023 00:00	62.400000000000006	66.7	62.400000000000006	65.9	4745
14.06.2023 00:00	65.9	66.2	64.10000000000001	64.9	2337
15.06.2023 00:00	64.60000000000001	65.5	63.300000000000004	63.900000000000006	2818
16.06.2023 00:00	65.0	66.9	61.6	63.6	4479
19.06.2023 00:00	64.9	65.4	61.7	63.2	2533
20.06.2023 00:00	63.400000000000006	64.2	62.7	63.6	705
21.06.2023 00:00	63.800000000000004	64.0	62.900000000000006	63.6	728
22.06.2023 00:00	63.7	63.800000000000004	63.400000000000006	63.6	192
23.06.2023 00:00	63.0	64.10000000000001	61.900000000000006	62.900000000000006	1206
26.06.2023 00:00	63.2	63.5	62.400000000000006	62.900000000000006	485
27.06.2023 00:00	62.900000000000006	63.5	62.400000000000006	63.400000000000006	604
28.06.2023 00:00	63.2	64.4	62.5	63.800000000000004	2684
29.06.2023 00:00	63.900000000000006	64.2	63.2	63.900000000000006	399
30.06.2023 00:00	63.900000000000006	64.10000000000001	63.2	63.6	248
03.07.2023 00:00	63.6	63.900000000000006	62.900000000000006	63.7	317
04.07.2023 00:00	63.7	63.800000000000004	63.1	63.1	227
05.07.2023 00:00	63.2	88.4	63.2	88.4	109338
06.07.2023 00:00	88.4	95.60000000000001	74.9	75.4	49524
07.07.2023 00:00	75.5	88.5	72.9	76.60000000000001	55330
10.07.2023 00:00	82.9	82.9	74.10000000000001	74.9	8262
11.07.2023 00:00	74.60000000000001	96.60000000000001	73.10000000000001	84.4	91803
12.07.2023 00:00	87.7	94.9	81.0	86.5	40142
13.07.2023 00:00	88.4	90.5	82.4	82.4	5668
14.07.2023 00:00	90.7	103.4	84.0	90.9	94626
17.07.2023 00:00	91.9	95.9	90.5	91.9	19373
18.07.2023 00:00	92.4	93.4	88.2	91.7	5056
19.07.2023 00:00	91.4	91.9	87.5	91.4	9741
20.07.2023 00:00	91.9	91.9	87.9	88.4	3490
21.07.2023 00:00	89.7	89.7	86.4	88.4	3602
24.07.2023 00:00	88.2	88.2	85.2	88.10000000000001	3343
25.07.2023 00:00	88.2	91.9	86.5	88.0	5825
26.07.2023 00:00	88.0	89.10000000000001	85.9	87.7	3229
27.07.2023 00:00	88.4	89.0	86.9	87.9	1808
28.07.2023 00:00	88.7	88.7	87.10000000000001	87.7	951
31.07.2023 00:00	88.4	88.4	83.9	86.60000000000001	5003
01.08.2023 00:00	86.7	86.9	85.4	86.4	3051
02.08.2023 00:00	86.9	86.9	85.4	86.0	1299
03.08.2023 00:00	86.4	86.4	84.7	85.7	1666
04.08.2023 00:00	86.4	89.9	85.4	86.2	6239
07.08.2023 00:00	86.4	87.4	84.4	86.7	2097
08.08.2023 00:00	86.60000000000001	86.60000000000001	85.0	85.10000000000001	1330
09.08.2023 00:00	86.4	86.9	84.7	86.2	1667
10.08.2023 00:00	85.9	88.9	85.10000000000001	87.0	3365
11.08.2023 00:00	88.10000000000001	88.4	86.9	87.5	1387
14.08.2023 00:00	87.9	88.9	86.0	86.0	2112
15.08.2023 00:00	85.9	88.2	84.9	87.7	1096
16.08.2023 00:00	87.7	97.10000000000001	81.9	83.9	28409
17.08.2023 00:00	84.2	86.4	82.10000000000001	85.0	3229
18.08.2023 00:00	85.9	87.2	83.9	84.5	1902
21.08.2023 00:00	84.4	86.60000000000001	84.4	86.4	1174
22.08.2023 00:00	86.9	86.9	85.0	85.9	1945
23.08.2023 00:00	86.0	94.9	86.0	88.9	33868
24.08.2023 00:00	90.9	117.7	89.7	98.9	160089
25.08.2023 00:00	100.9	102.9	92.4	95.9	25573
28.08.2023 00:00	98.9	98.9	93.0	94.9	13146
29.08.2023 00:00	96.9	102.10000000000001	93.7	97.9	16006
30.08.2023 00:00	98.5	100.60000000000001	94.9	96.7	5710
31.08.2023 00:00	97.5	100.9	94.9	96.0	8065
01.09.2023 00:00	96.0	97.7	95.2	96.5	2374
04.09.2023 00:00	96.9	99.2	95.5	97.9	3910
05.09.2023 00:00	97.10000000000001	99.0	95.7	95.7	7420
06.09.2023 00:00	96.9	103.9	96.0	100.9	19299
07.09.2023 00:00	101.9	103.7	86.4	92.9	9820
08.09.2023 00:00	93.9	95.60000000000001	90.2	93.0	3144
11.09.2023 00:00	91.9	94.5	88.9	90.2	2991
12.09.2023 00:00	91.60000000000001	93.4	90.4	91.5	994
13.09.2023 00:00	93.4	93.4	91.0	91.9	1989
14.09.2023 00:00	92.2	92.9	71.9	81.0	7938
15.09.2023 00:00	80.10000000000001	86.4	77.60000000000001	85.7	2357
18.09.2023 00:00	84.0	86.10000000000001	83.0	84.4	1707
19.09.2023 00:00	83.9	86.7	76.4	80.60000000000001	3184
20.09.2023 00:00	80.4	96.9	77.0	83.4	19600
21.09.2023 00:00	84.4	84.4	80.9	81.5	1767
22.09.2023 00:00	81.5	83.7	79.4	81.4	1487
25.09.2023 00:00	82.4	82.4	78.4	80.4	1799
26.09.2023 00:00	80.10000000000001	80.60000000000001	78.0	79.9	1477
27.09.2023 00:00	80.5	87.4	79.7	81.5	8760
28.09.2023 00:00	81.5	83.5	80.60000000000001	81.5	2158
29.09.2023 00:00	80.9	86.9	80.7	82.5	5393
02.10.2023 00:00	82.9	85.9	81.9	83.4	5208
03.10.2023 00:00	84.2	84.2	81.7	82.60000000000001	1700
04.10.2023 00:00	82.60000000000001	85.9	82.0	84.10000000000001	2078
05.10.2023 00:00	84.9	95.7	83.7	89.0	36238
06.10.2023 00:00	89.10000000000001	89.7	84.10000000000001	87.5	6617
09.10.2023 00:00	88.9	88.9	82.9	85.4	2786
10.10.2023 00:00	86.4	100.4	84.9	91.4	34454
11.10.2023 00:00	91.9	91.9	88.9	91.10000000000001	2687
12.10.2023 00:00	90.9	91.9	89.10000000000001	90.0	2034
13.10.2023 00:00	90.0	94.60000000000001	90.0	92.4	3796
16.10.2023 00:00	92.7	95.7	91.4	94.0	4130
17.10.2023 00:00	93.4	99.9	93.4	96.0	6545
18.10.2023 00:00	96.10000000000001	96.4	94.4	94.7	1375
19.10.2023 00:00	95.4	96.4	94.0	94.10000000000001	1007
20.10.2023 00:00	95.9	95.9	89.10000000000001	90.4	2896
23.10.2023 00:00	91.4	91.4	89.9	89.9	830
24.10.2023 00:00	88.2	90.4	88.2	89.60000000000001	769
25.10.2023 00:00	89.4	92.2	89.4	91.0	1954
26.10.2023 00:00	92.0	102.2	92.0	94.10000000000001	28957
27.10.2023 00:00	94.10000000000001	114.10000000000001	91.0	114.10000000000001	60142
30.10.2023 00:00	110.9	125.30000000000001	109.5	125.30000000000001	16288
31.10.2023 00:00	137.8	137.8	137.8	137.8	4658
01.11.2023 00:00	151.3	151.3	141.9	151.3	43373
02.11.2023 00:00	164.8	164.8	129.9	138.3	71541
03.11.2023 00:00	133.9	138.9	122.9	124.0	26094
06.11.2023 00:00	124.80000000000001	136.1	124.80000000000001	136.1	11673
07.11.2023 00:00	148.4	149.6	142.0	149.6	34064
08.11.2023 00:00	154.3	164.4	150.5	164.4	52762
09.11.2023 00:00	168.3	180.8	164.8	180.8	51279
10.11.2023 00:00	183.0	198.4	182.9	198.4	44103
13.11.2023 00:00	200.4	217.9	200.10000000000002	217.9	22249
14.11.2023 00:00	238.5	239.5	166.9	185.9	83396
15.11.2023 00:00	196.8	199.9	156.4	178.3	54233
16.11.2023 00:00	189.9	189.9	162.10000000000002	166.60000000000002	25704
17.11.2023 00:00	166.60000000000002	174.9	145.9	154.9	19902
20.11.2023 00:00	154.9	170.10000000000002	141.3	170.10000000000002	59108
21.11.2023 00:00	178.5	186.9	166.3	181.5	60865
22.11.2023 00:00	181.5	186.60000000000002	166.4	169.8	25696
23.11.2023 00:00	152.8	166.4	146.3	147.5	23854
24.11.2023 00:00	146.9	161.9	141.3	149.5	24767
27.11.2023 00:00	151.5	157.9	135.1	137.3	22379
28.11.2023 00:00	140.6	141.9	123.2	129.3	30119
29.11.2023 00:00	129.3	140.9	124.10000000000001	136.3	25381
30.11.2023 00:00	136.3	140.8	127.30000000000001	129.4	8799
01.12.2023 00:00	129.9	134.0	123.9	127.30000000000001	7236
04.12.2023 00:00	127.9	127.9	109.9	112.30000000000001	12667
05.12.2023 00:00	112.4	118.9	105.60000000000001	108.9	19683
06.12.2023 00:00	109.5	111.9	101.10000000000001	103.60000000000001	9300
07.12.2023 00:00	104.9	109.60000000000001	96.5	99.4	10922
08.12.2023 00:00	100.9	122.4	100.10000000000001	115.30000000000001	54437
11.12.2023 00:00	117.30000000000001	140.4	116.2	140.4	59663
12.12.2023 00:00	143.4	152.6	122.30000000000001	128.3	92084
13.12.2023 00:00	126.0	127.4	116.2	121.0	22891
14.12.2023 00:00	120.10000000000001	129.3	116.9	117.2	14467
15.12.2023 00:00	110.30000000000001	120.30000000000001	107.80000000000001	119.30000000000001	16895
18.12.2023 00:00	119.4	124.9	115.30000000000001	120.5	13285
19.12.2023 00:00	121.0	123.2	118.10000000000001	118.9	4861
20.12.2023 00:00	120.2	121.80000000000001	113.10000000000001	117.80000000000001	9653
21.12.2023 00:00	117.9	117.9	113.4	114.80000000000001	7699
22.12.2023 00:00	115.80000000000001	126.0	114.2	125.9	31576
25.12.2023 00:00	125.9	126.30000000000001	117.7	119.0	15276
26.12.2023 00:00	118.9	119.4	113.9	115.5	10555
27.12.2023 00:00	116.4	117.60000000000001	110.5	114.5	10667
28.12.2023 00:00	114.60000000000001	118.9	110.60000000000001	111.9	9810
29.12.2023 00:00	111.9	115.4	107.0	109.9	7408
03.01.2024 00:00	109.9	112.7	105.5	110.80000000000001	10000
04.01.2024 00:00	110.9	112.9	109.9	110.7	6009
05.01.2024 00:00	110.7	119.9	109.9	118.2	19042
08.01.2024 00:00	119.9	120.4	114.7	119.60000000000001	8003
09.01.2024 00:00	119.60000000000001	122.4	117.2	121.0	7556
10.01.2024 00:00	121.9	131.0	117.30000000000001	125.2	25798
11.01.2024 00:00	123.4	149.4	123.4	149.1	91209
12.01.2024 00:00	144.9	145.8	136.1	137.9	38551
15.01.2024 00:00	138.0	140.4	129.9	132.4	14095
16.01.2024 00:00	133.4	136.9	125.10000000000001	127.2	22856
17.01.2024 00:00	128.3	134.8	127.10000000000001	130.4	23936
18.01.2024 00:00	132.4	138.4	131.4	132.9	17805
19.01.2024 00:00	133.4	134.3	128.1	128.6	10726
22.01.2024 00:00	131.6	131.6	129.1	130.4	3334
23.01.2024 00:00	133.1	134.8	130.4	132.8	6768
24.01.2024 00:00	133.9	134.4	129.9	130.3	3929
25.01.2024 00:00	130.1	131.4	125.60000000000001	129.4	7305
26.01.2024 00:00	129.8	131.1	127.0	128.5	3193
29.01.2024 00:00	128.5	128.8	126.7	127.5	5116
30.01.2024 00:00	128.4	140.1	127.30000000000001	140.1	44816
31.01.2024 00:00	143.3	149.8	132.6	132.8	50998
01.02.2024 00:00	132.8	133.4	128.8	131.6	10465
02.02.2024 00:00	131.9	134.9	130.6	133.0	7448
05.02.2024 00:00	133.1	134.4	130.1	131.6	3746
06.02.2024 00:00	132.5	133.4	130.8	131.9	3158
07.02.2024 00:00	131.9	132.9	130.8	131.4	4117
08.02.2024 00:00	131.3	131.3	128.4	128.4	4282
09.02.2024 00:00	131.3	142.3	130.8	130.9	59677
12.02.2024 00:00	131.0	138.8	130.4	132.3	19471
13.02.2024 00:00	132.5	135.6	129.3	130.8	9441
14.02.2024 00:00	130.8	131.8	129.9	131.0	5223
15.02.2024 00:00	131.4	137.9	129.4	132.3	19962
16.02.2024 00:00	133.1	133.8	129.5	130.8	6061
19.02.2024 00:00	130.9	133.3	130.4	132.1	4458
20.02.2024 00:00	131.9	132.8	130.1	131.3	2619
21.02.2024 00:00	130.0	130.4	116.30000000000001	120.60000000000001	21226
22.02.2024 00:00	119.9	123.7	113.0	120.30000000000001	3181
26.02.2024 00:00	122.80000000000001	127.30000000000001	122.2	125.80000000000001	6059
27.02.2024 00:00	125.80000000000001	127.30000000000001	124.2	125.80000000000001	2251
28.02.2024 00:00	126.10000000000001	126.5	122.7	123.4	2267
29.02.2024 00:00	123.7	126.30000000000001	121.30000000000001	124.0	4831
01.03.2024 00:00	126.2	131.1	123.9	124.60000000000001	7819
04.03.2024 00:00	124.60000000000001	126.4	121.9	124.7	3526
05.03.2024 00:00	125.2	128.9	123.10000000000001	125.4	2346
06.03.2024 00:00	125.80000000000001	127.9	124.4	126.10000000000001	4315
07.03.2024 00:00	126.10000000000001	134.8	125.30000000000001	128.4	18119
11.03.2024 00:00	128.4	133.9	124.9	129.8	14649
12.03.2024 00:00	131.1	134.5	126.10000000000001	127.80000000000001	11545
13.03.2024 00:00	127.80000000000001	132.0	126.9	130.4	12486
14.03.2024 00:00	129.8	130.4	126.0	126.9	4307
15.03.2024 00:00	126.9	126.9	122.0	125.2	7470
18.03.2024 00:00	126.0	126.0	122.60000000000001	124.30000000000001	1644
19.03.2024 00:00	124.30000000000001	126.5	122.60000000000001	123.4	4319
20.03.2024 00:00	124.7	124.7	122.0	122.30000000000001	1904
21.03.2024 00:00	124.5	124.7	122.9	124.5	1513
22.03.2024 00:00	125.30000000000001	126.0	123.5	124.4	2084
25.03.2024 00:00	123.30000000000001	125.4	122.5	123.4	1280
26.03.2024 00:00	123.4	124.80000000000001	122.5	122.7	2945
27.03.2024 00:00	123.7	123.9	122.7	122.7	793
28.03.2024 00:00	125.2	125.2	122.7	123.30000000000001	2653
29.03.2024 00:00	123.9	131.8	123.10000000000001	128.6	17360
01.04.2024 00:00	129.8	132.8	119.4	127.30000000000001	15765
02.04.2024 00:00	128.9	128.9	121.2	124.9	8286
03.04.2024 00:00	126.9	127.7	123.0	125.80000000000001	6428
04.04.2024 00:00	125.80000000000001	127.4	124.4	126.0	4383
05.04.2024 00:00	127.2	127.9	124.10000000000001	124.4	1837
08.04.2024 00:00	125.80000000000001	127.9	125.0	127.2	3710
09.04.2024 00:00	127.2	137.6	127.0	129.3	23166
10.04.2024 00:00	129.3	130.5	126.0	127.2	3641
11.04.2024 00:00	128.3	128.3	125.7	126.60000000000001	2298
12.04.2024 00:00	126.0	127.10000000000001	124.9	125.60000000000001	1723
15.04.2024 00:00	125.9	127.30000000000001	125.0	125.4	1778
16.04.2024 00:00	125.5	126.30000000000001	125.4	125.80000000000001	962
17.04.2024 00:00	126.0	126.80000000000001	124.2	125.7	2042
18.04.2024 00:00	126.60000000000001	128.8	125.2	127.4	3425
19.04.2024 00:00	128.0	128.8	126.0	126.10000000000001	1129
22.04.2024 00:00	127.60000000000001	127.60000000000001	125.7	126.4	786
23.04.2024 00:00	126.7	126.9	124.7	125.5	992
24.04.2024 00:00	125.5	125.5	119.9	124.60000000000001	3335
25.04.2024 00:00	124.9	128.4	123.0	125.10000000000001	1934
26.04.2024 00:00	125.7	128.3	123.4	124.4	1961
27.04.2024 00:00	124.4	125.7	123.0	123.9	1026
29.04.2024 00:00	125.4	140.9	124.30000000000001	132.3	45427
30.04.2024 00:00	132.3	136.4	125.4	127.2	17331
02.05.2024 00:00	127.30000000000001	129.5	125.0	126.0	5208
03.05.2024 00:00	127.2	127.2	125.10000000000001	125.2	1426
06.05.2024 00:00	126.0	133.3	125.30000000000001	128.1	11650
07.05.2024 00:00	129.9	133.1	125.80000000000001	127.0	4165
08.05.2024 00:00	127.2	128.6	126.0	126.0	1699
10.05.2024 00:00	126.2	128.3	124.9	125.7	1806
13.05.2024 00:00	127.60000000000001	128.4	125.30000000000001	127.0	3467
14.05.2024 00:00	127.0	127.5	124.4	125.9	3283
15.05.2024 00:00	125.9	126.7	125.60000000000001	125.60000000000001	826
16.05.2024 00:00	126.4	126.4	124.7	124.9	3289
17.05.2024 00:00	124.9	125.80000000000001	120.9	123.80000000000001	3327
20.05.2024 00:00	125.7	126.4	123.30000000000001	124.2	1034
21.05.2024 00:00	123.30000000000001	125.0	121.9	124.5	2564
22.05.2024 00:00	123.9	125.60000000000001	123.0	124.30000000000001	1346
23.05.2024 00:00	125.2	125.2	121.5	122.9	1114
24.05.2024 00:00	122.30000000000001	124.0	116.4	118.60000000000001	7560
27.05.2024 00:00	118.9	119.10000000000001	115.0	115.4	1347
28.05.2024 00:00	115.10000000000001	123.7	112.0	116.7	6997
29.05.2024 00:00	118.10000000000001	121.80000000000001	116.7	116.80000000000001	1552
30.05.2024 00:00	117.0	119.60000000000001	115.60000000000001	116.0	2833
31.05.2024 00:00	116.0	119.60000000000001	109.0	111.0	3189
03.06.2024 00:00	110.10000000000001	110.2	89.10000000000001	99.7	12218
04.06.2024 00:00	103.5	103.60000000000001	97.10000000000001	101.9	4478
05.06.2024 00:00	102.7	105.9	101.9	103.60000000000001	2494
06.06.2024 00:00	103.4	105.80000000000001	101.4	101.4	1497
07.06.2024 00:00	101.4	117.4	99.9	106.9	8694
10.06.2024 00:00	110.9	112.4	109.30000000000001	109.30000000000001	2633
11.06.2024 00:00	109.2	109.7	104.9	107.10000000000001	1295
13.06.2024 00:00	101.7	106.10000000000001	97.10000000000001	104.4	2827
14.06.2024 00:00	104.9	107.7	103.60000000000001	105.0	603
17.06.2024 00:00	106.30000000000001	109.4	104.60000000000001	105.30000000000001	1655
18.06.2024 00:00	107.0	107.0	103.9	104.60000000000001	406
19.06.2024 00:00	104.60000000000001	104.7	98.9	99.2	1151
20.06.2024 00:00	100.60000000000001	103.80000000000001	97.2	100.4	2709
21.06.2024 00:00	100.2	104.2	100.10000000000001	102.4	2132
24.06.2024 00:00	103.10000000000001	106.80000000000001	98.7	100.9	3285
25.06.2024 00:00	99.60000000000001	100.5	97.10000000000001	98.4	1260
26.06.2024 00:00	98.9	101.60000000000001	98.4	99.4	1639
27.06.2024 00:00	99.4	99.9	95.9	98.10000000000001	2063
28.06.2024 00:00	98.10000000000001	98.7	97.7	98.7	1113
01.07.2024 00:00	98.7	99.4	96.7	98.2	2220
02.07.2024 00:00	98.4	103.2	98.4	102.80000000000001	2999
03.07.2024 00:00	102.80000000000001	103.80000000000001	99.9	99.9	1060
04.07.2024 00:00	101.4	101.60000000000001	97.0	98.5	1662
05.07.2024 00:00	97.9	98.10000000000001	96.9	97.9	723
08.07.2024 00:00	97.4	100.2	97.4	98.0	672
09.07.2024 00:00	99.0	99.4	93.5	94.60000000000001	1891
10.07.2024 00:00	93.9	93.9	85.60000000000001	85.60000000000001	2691
11.07.2024 00:00	85.0	90.5	83.10000000000001	86.9	2278
12.07.2024 00:00	88.60000000000001	88.9	86.4	88.10000000000001	816
15.07.2024 00:00	87.9	88.5	85.5	86.7	1451
16.07.2024 00:00	86.5	87.4	84.9	86.10000000000001	461
17.07.2024 00:00	87.10000000000001	87.7	86.2	87.4	366
18.07.2024 00:00	86.9	92.9	86.9	91.10000000000001	927
19.07.2024 00:00	90.2	93.10000000000001	89.4	90.5	927
22.07.2024 00:00	91.4	91.5	89.10000000000001	90.10000000000001	562
23.07.2024 00:00	89.4	91.9	87.5	91.4	1192
24.07.2024 00:00	90.9	90.9	89.0	90.60000000000001	359
25.07.2024 00:00	90.9	93.10000000000001	90.4	92.4	659
26.07.2024 00:00	91.7	93.10000000000001	89.5	90.7	1420
29.07.2024 00:00	90.10000000000001	91.10000000000001	87.7	87.7	675
30.07.2024 00:00	88.2	89.4	87.0	88.4	283
31.07.2024 00:00	88.4	89.60000000000001	87.10000000000001	87.9	452
01.08.2024 00:00	88.60000000000001	90.9	88.60000000000001	90.4	221
02.08.2024 00:00	90.4	91.4	89.10000000000001	90.5	744
05.08.2024 00:00	90.5	90.5	87.2	87.2	186
06.08.2024 00:00	88.9	89.2	87.60000000000001	88.4	336
07.08.2024 00:00	88.7	88.7	86.5	88.4	540
08.08.2024 00:00	88.4	88.5	86.9	87.60000000000001	650
09.08.2024 00:00	87.60000000000001	87.7	86.5	86.7	493
12.08.2024 00:00	86.9	88.0	85.4	86.5	986
13.08.2024 00:00	87.4	90.7	86.9	89.4	1529
14.08.2024 00:00	89.5	103.10000000000001	89.4	90.9	17732
15.08.2024 00:00	91.0	97.4	90.9	92.9	3319
16.08.2024 00:00	92.9	95.10000000000001	91.4	92.0	718
19.08.2024 00:00	91.9	92.0	89.9	89.9	1221
20.08.2024 00:00	90.10000000000001	91.9	89.4	90.7	1201
21.08.2024 00:00	90.7	90.9	88.4	88.7	1094
22.08.2024 00:00	88.60000000000001	88.9	85.2	85.2	1980
23.08.2024 00:00	86.10000000000001	87.4	82.9	82.9	1511
26.08.2024 00:00	82.9	85.9	82.9	84.9	1088
27.08.2024 00:00	86.2	86.4	83.4	83.9	300
28.08.2024 00:00	83.60000000000001	83.60000000000001	81.2	82.4	709
29.08.2024 00:00	81.7	82.4	80.0	80.0	245
30.08.2024 00:00	80.0	81.60000000000001	76.2	77.4	1922
02.09.2024 00:00	79.7	79.7	69.0	70.9	1427
03.09.2024 00:00	70.9	73.4	69.7	70.2	278
04.09.2024 00:00	69.9	74.9	69.9	72.10000000000001	749
05.09.2024 00:00	74.9	74.9	70.4	72.4	1549
06.09.2024 00:00	72.4	75.2	72.2	72.9	521
09.09.2024 00:00	73.5	75.5	73.10000000000001	74.5	298
10.09.2024 00:00	74.9	89.10000000000001	74.5	84.9	18038
11.09.2024 00:00	85.10000000000001	85.10000000000001	77.9	77.9	7532
12.09.2024 00:00	78.9	84.9	76.5	77.60000000000001	9750
13.09.2024 00:00	78.5	81.4	76.10000000000001	77.9	1637
16.09.2024 00:00	77.10000000000001	80.5	76.9	79.60000000000001	2122
17.09.2024 00:00	80.4	80.4	79.0	80.10000000000001	685
18.09.2024 00:00	80.10000000000001	80.4	79.10000000000001	79.7	502
19.09.2024 00:00	80.2	81.0	78.5	79.0	1338
20.09.2024 00:00	78.9	81.60000000000001	78.60000000000001	81.10000000000001	1457
23.09.2024 00:00	81.10000000000001	82.0	79.0	81.4	1187
24.09.2024 00:00	81.5	93.9	81.5	85.0	9144
25.09.2024 00:00	86.9	89.9	83.5	85.9	3356
26.09.2024 00:00	84.0	86.9	83.4	83.5	593
27.09.2024 00:00	85.60000000000001	88.60000000000001	82.4	84.9	2548
30.09.2024 00:00	84.9	89.10000000000001	84.9	86.60000000000001	1033
01.10.2024 00:00	86.60000000000001	88.4	82.5	83.7	1540
02.10.2024 00:00	85.9	87.4	78.0	78.4	5094
03.10.2024 00:00	79.4	81.9	76.0	76.4	3402
04.10.2024 00:00	77.60000000000001	79.4	76.2	76.9	1406
07.10.2024 00:00	77.5	81.10000000000001	74.9	75.5	2805
08.10.2024 00:00	76.0	79.9	76.0	78.0	1578
09.10.2024 00:00	78.0	78.10000000000001	75.9	76.9	591
10.10.2024 00:00	76.9	78.0	75.9	76.7	696
11.10.2024 00:00	77.0	77.0	74.9	75.5	452
14.10.2024 00:00	75.60000000000001	76.0	74.4	74.7	2370
15.10.2024 00:00	74.9	76.4	73.9	74.60000000000001	1829
16.10.2024 00:00	74.7	77.4	74.4	75.60000000000001	1200
17.10.2024 00:00	75.5	76.10000000000001	74.9	74.9	305
18.10.2024 00:00	74.7	74.7	72.4	72.9	648
21.10.2024 00:00	73.0	73.5	72.5	73.4	366
22.10.2024 00:00	73.4	73.4	71.7	72.60000000000001	399
23.10.2024 00:00	72.5	72.5	70.60000000000001	71.2	291
24.10.2024 00:00	71.10000000000001	71.10000000000001	69.4	70.10000000000001	1230
25.10.2024 00:00	69.60000000000001	70.9	68.0	68.4	881
28.10.2024 00:00	68.4	68.4	63.900000000000006	63.900000000000006	1246
29.10.2024 00:00	64.0	67.5	63.900000000000006	65.0	825
30.10.2024 00:00	65.5	79.2	65.5	71.9	17017
31.10.2024 00:00	72.10000000000001	72.9	67.10000000000001	71.4	3252
01.11.2024 00:00	72.60000000000001	72.7	68.4	69.4	1800
02.11.2024 00:00	69.4	74.9	68.7	70.5	2045
05.11.2024 00:00	71.9	72.4	69.9	70.5	517
06.11.2024 00:00	71.5	71.9	68.60000000000001	69.60000000000001	1920
07.11.2024 00:00	70.0	71.4	68.60000000000001	70.4	717
08.11.2024 00:00	71.4	71.9	69.9	69.9	829
11.11.2024 00:00	70.60000000000001	71.4	69.4	69.9	1761
12.11.2024 00:00	69.9	70.9	68.9	70.2	1065
13.11.2024 00:00	70.2	71.4	68.7	70.9	1003
14.11.2024 00:00	70.5	71.4	68.9	69.9	1321
15.11.2024 00:00	70.60000000000001	79.9	70.0	71.9	22789
18.11.2024 00:00	73.10000000000001	75.4	70.9	71.60000000000001	6137
19.11.2024 00:00	71.4	72.0	67.60000000000001	69.9	1822
20.11.2024 00:00	68.9	72.4	68.9	68.9	1307
21.11.2024 00:00	69.60000000000001	69.60000000000001	66.9	68.10000000000001	720
22.11.2024 00:00	69.4	70.10000000000001	66.4	67.9	2171
25.11.2024 00:00	67.10000000000001	67.9	59.900000000000006	63.1	4431
26.11.2024 00:00	63.900000000000006	64.0	58.900000000000006	58.900000000000006	2503
27.11.2024 00:00	60.900000000000006	60.900000000000006	52.400000000000006	56.900000000000006	1573
28.11.2024 00:00	56.900000000000006	62.300000000000004	55.300000000000004	58.800000000000004	2099
29.11.2024 00:00	57.6	63.1	57.5	61.7	2120
02.12.2024 00:00	61.7	62.5	59.800000000000004	60.0	961
03.12.2024 00:00	61.800000000000004	61.900000000000006	57.2	58.400000000000006	2439
04.12.2024 00:00	58.900000000000006	64.2	58.900000000000006	60.2	1692
05.12.2024 00:00	60.0	60.0	58.0	59.800000000000004	269
06.12.2024 00:00	59.7	62.1	58.900000000000006	61.900000000000006	894
09.12.2024 00:00	62.1	63.5	60.0	61.400000000000006	488
10.12.2024 00:00	61.900000000000006	62.900000000000006	59.900000000000006	59.900000000000006	392
11.12.2024 00:00	60.5	61.2	58.900000000000006	60.400000000000006	296
12.12.2024 00:00	60.5	61.800000000000004	58.900000000000006	58.900000000000006	774
13.12.2024 00:00	59.0	59.5	56.2	57.1	750
16.12.2024 00:00	57.2	57.2	53.400000000000006	54.0	1835
17.12.2024 00:00	54.0	54.5	53.5	53.800000000000004	283
18.12.2024 00:00	54.0	54.400000000000006	53.6	54.300000000000004	296
19.12.2024 00:00	54.5	61.400000000000006	54.300000000000004	55.800000000000004	2428
20.12.2024 00:00	55.900000000000006	59.1	55.900000000000006	58.300000000000004	2971
23.12.2024 00:00	59.2	61.1	59.2	59.6	1627
24.12.2024 00:00	59.6	60.6	58.1	59.1	1228
25.12.2024 00:00	59.6	59.7	58.300000000000004	59.7	520
26.12.2024 00:00	59.7	60.0	58.800000000000004	59.400000000000006	1062
27.12.2024 00:00	59.400000000000006	59.5	58.2	58.300000000000004	877
28.12.2024 00:00	58.300000000000004	59.900000000000006	58.300000000000004	59.1	720
30.12.2024 00:00	59.2	62.1	59.2	61.1	1233
03.01.2025 00:00	61.7	62.900000000000006	61.2	61.2	1568
06.01.2025 00:00	61.300000000000004	61.7	59.5	61.0	544
08.01.2025 00:00	59.900000000000006	63.0	59.400000000000006	62.300000000000004	2706
09.01.2025 00:00	62.800000000000004	62.800000000000004	60.800000000000004	61.1	1233
10.01.2025 00:00	61.5	66.0	61.400000000000006	62.7	9302
13.01.2025 00:00	63.0	65.60000000000001	61.900000000000006	62.7	3908
14.01.2025 00:00	62.300000000000004	63.6	62.0	62.900000000000006	989
15.01.2025 00:00	62.900000000000006	66.9	62.300000000000004	64.2	3819
16.01.2025 00:00	64.4	67.0	63.2	66.0	2907
17.01.2025 00:00	66.0	67.9	64.9	64.9	2194
20.01.2025 00:00	66.0	67.4	64.0	64.4	2490
21.01.2025 00:00	64.4	65.5	62.900000000000006	64.4	2088
22.01.2025 00:00	64.9	69.4	64.10000000000001	69.10000000000001	3340
23.01.2025 00:00	68.4	72.0	66.4	67.4	3829
24.01.2025 00:00	67.9	69.7	66.4	66.60000000000001	1526
27.01.2025 00:00	66.7	68.5	66.0	66.9	1179
28.01.2025 00:00	67.4	67.9	65.9	66.4	698
29.01.2025 00:00	67.60000000000001	71.10000000000001	67.4	68.60000000000001	3704
30.01.2025 00:00	70.0	70.0	68.7	69.10000000000001	416
31.01.2025 00:00	69.10000000000001	70.10000000000001	68.0	68.0	1201
03.02.2025 00:00	69.5	69.9	65.5	68.4	1336
04.02.2025 00:00	67.9	69.9	67.5	67.60000000000001	321
05.02.2025 00:00	67.60000000000001	67.60000000000001	63.900000000000006	65.4	3063
06.02.2025 00:00	65.4	67.2	65.4	67.10000000000001	922
07.02.2025 00:00	67.10000000000001	68.4	66.10000000000001	66.5	512
10.02.2025 00:00	68.4	71.4	66.4	67.4	2486
11.02.2025 00:00	67.4	68.4	65.9	68.4	886
12.02.2025 00:00	68.4	69.60000000000001	68.2	68.60000000000001	614
13.02.2025 00:00	70.4	70.9	68.2	69.60000000000001	1998
14.02.2025 00:00	69.9	70.7	67.4	68.9	967
17.02.2025 00:00	68.9	71.10000000000001	67.7	71.10000000000001	5538
18.02.2025 00:00	71.2	71.2	69.4	70.4	1247
19.02.2025 00:00	69.9	70.9	69.4	70.4	490
20.02.2025 00:00	70.4	77.9	70.4	74.9	16354
21.02.2025 00:00	75.4	75.4	71.2	73.60000000000001	6898
24.02.2025 00:00	73.9	75.2	72.4	74.4	2181
25.02.2025 00:00	74.2	75.7	72.4	72.9	2162
26.02.2025 00:00	73.0	79.9	72.7	73.5	10425
27.02.2025 00:00	73.5	74.60000000000001	70.60000000000001	74.10000000000001	3406
28.02.2025 00:00	74.9	82.60000000000001	72.9	75.4	21279
03.03.2025 00:00	75.4	77.9	73.10000000000001	73.60000000000001	2303
04.03.2025 00:00	74.9	77.2	74.4	76.4	2042
05.03.2025 00:00	75.7	76.5	75.4	76.2	1603
06.03.2025 00:00	76.4	76.9	68.7	74.9	4896
07.03.2025 00:00	75.9	77.9	72.9	74.9	8011
10.03.2025 00:00	74.9	79.10000000000001	73.10000000000001	75.9	7181
11.03.2025 00:00	77.4	81.7	75.5	77.4	13720
12.03.2025 00:00	78.9	86.2	74.10000000000001	78.7	16393
13.03.2025 00:00	79.60000000000001	86.7	76.7	80.9	10264
14.03.2025 00:00	80.9	85.10000000000001	76.9	79.10000000000001	9439
17.03.2025 00:00	79.9	81.4	77.10000000000001	78.9	1979
18.03.2025 00:00	79.4	81.9	78.9	78.9	2001
19.03.2025 00:00	80.2	80.60000000000001	78.4	79.0	993
20.03.2025 00:00	78.9	79.7	78.4	78.5	851
21.03.2025 00:00	78.5	80.10000000000001	75.4	75.4	1837
24.03.2025 00:00	76.5	83.60000000000001	75.10000000000001	83.10000000000001	8865
25.03.2025 00:00	83.2	85.9	81.10000000000001	83.0	5126
26.03.2025 00:00	83.2	85.0	82.0	83.5	2202
27.03.2025 00:00	84.9	84.9	78.9	79.7	1707
28.03.2025 00:00	79.10000000000001	81.2	78.4	79.5	1089
31.03.2025 00:00	83.5	93.7	80.0	84.2	21923
01.04.2025 00:00	84.4	87.10000000000001	79.9	80.9	4331
02.04.2025 00:00	80.9	82.4	79.2	80.9	843
03.04.2025 00:00	81.9	82.10000000000001	75.7	77.9	1719
04.04.2025 00:00	76.9	77.7	71.10000000000001	72.4	3294
07.04.2025 00:00	71.5	71.5	59.900000000000006	66.4	4375
08.04.2025 00:00	68.2	72.0	63.5	69.5	8673
09.04.2025 00:00	68.2	69.4	61.0	61.400000000000006	3126
10.04.2025 00:00	66.5	74.9	64.9	74.9	9276
11.04.2025 00:00	76.4	81.4	71.9	73.9	9942
14.04.2025 00:00	74.0	79.60000000000001	74.0	74.9	4434
15.04.2025 00:00	76.9	79.7	74.10000000000001	79.5	3896
16.04.2025 00:00	79.5	87.4	76.2	87.4	6313
17.04.2025 00:00	88.2	91.5	80.9	81.4	18547
18.04.2025 00:00	82.4	82.4	77.2	78.9	3484
21.04.2025 00:00	79.9	85.9	77.9	81.5	12429
22.04.2025 00:00	85.4	85.4	78.5	80.4	4212
23.04.2025 00:00	80.0	80.0	78.60000000000001	79.4	585
24.04.2025 00:00	79.4	80.9	79.4	79.5	348
25.04.2025 00:00	80.0	81.4	77.2	79.10000000000001	2822
28.04.2025 00:00	79.7	79.7	77.9	78.60000000000001	1334
29.04.2025 00:00	77.60000000000001	78.10000000000001	76.4	76.9	471
30.04.2025 00:00	76.2	76.2	74.10000000000001	74.7	640
02.05.2025 00:00	74.7	75.10000000000001	73.0	73.10000000000001	100
05.05.2025 00:00	73.2	74.9	72.4	72.4	515
06.05.2025 00:00	73.4	73.60000000000001	72.4	72.9	281
07.05.2025 00:00	72.9	73.10000000000001	71.4	72.7	523
08.05.2025 00:00	72.9	73.0	72.5	72.9	235
12.05.2025 00:00	74.9	76.4	73.9	74.9	1121
13.05.2025 00:00	75.7	75.7	73.2	73.7	397
14.05.2025 00:00	73.4	74.4	72.9	72.9	70
15.05.2025 00:00	74.9	76.9	73.7	74.9	1923
16.05.2025 00:00	76.9	76.9	71.9	71.9	883
19.05.2025 00:00	72.60000000000001	74.9	72.60000000000001	73.4	420
20.05.2025 00:00	73.4	73.5	72.0	72.4	263
21.05.2025 00:00	73.4	73.4	71.9	72.5	130
22.05.2025 00:00	72.10000000000001	72.10000000000001	70.9	71.0	428
