datetime	open	high	low	close	volume
07.03.2018 00:00	4.335	4.335	4.335	4.335	10
09.03.2018 00:00	4.41	4.41	4.41	4.41	3
12.03.2018 00:00	4.36	4.425	4.345	4.4	43
13.03.2018 00:00	4.4	4.425	4.375	4.41	14
14.03.2018 00:00	4.36	4.425	4.36	4.425	22
15.03.2018 00:00	4.41	4.415	4.385	4.41	20
16.03.2018 00:00	4.4	4.415	4.245	4.305	474
19.03.2018 00:00	4.295	4.36	4.28	4.335	155
20.03.2018 00:00	4.335	4.37	4.295	4.36	131
21.03.2018 00:00	4.36	4.535	4.36	4.36	57
22.03.2018 00:00	4.36	4.515	4.345	4.36	261
23.03.2018 00:00	4.36	4.535	4.285	4.285	289
26.03.2018 00:00	4.335	4.345	4.295	4.345	2
27.03.2018 00:00	4.32	4.32	4.245	4.285	274
28.03.2018 00:00	4.28	4.28	4.055	4.265	94
29.03.2018 00:00	4.2	4.2	3.95	4.045	2096
30.03.2018 00:00	4.035	4.12	3.95	4.085	226
02.04.2018 00:00	4.245	4.245	4.085	4.19	5
03.04.2018 00:00	4.095	4.095	3.91	3.95	618
04.04.2018 00:00	3.975	4.19	3.915	3.99	272
05.04.2018 00:00	3.99	4.075	3.935	3.95	35
06.04.2018 00:00	3.935	4.075	3.89	3.915	680
09.04.2018 00:00	3.915	3.915	3.795	3.805	224
10.04.2018 00:00	3.805	3.805	3.66	3.795	422
11.04.2018 00:00	3.835	3.835	3.665	3.74	192
12.04.2018 00:00	3.715	3.89	3.705	3.74	49
13.04.2018 00:00	3.715	3.89	3.7	3.785	174
16.04.2018 00:00	3.785	3.785	3.785	3.785	1
17.04.2018 00:00	3.755	3.785	3.74	3.785	17
18.04.2018 00:00	3.745	4.035	3.685	3.7	214
19.04.2018 00:00	3.7	3.95	3.645	3.795	784
20.04.2018 00:00	3.835	3.95	3.795	3.95	7
23.04.2018 00:00	3.825	3.95	3.785	3.785	73
24.04.2018 00:00	3.835	3.9650000000000003	3.785	3.85	128
25.04.2018 00:00	3.805	3.825	3.795	3.795	151
26.04.2018 00:00	3.795	3.93	3.795	3.815	87
27.04.2018 00:00	3.825	3.89	3.745	3.875	222
28.04.2018 00:00	3.815	3.89	3.745	3.835	110
30.04.2018 00:00	3.795	3.825	3.795	3.825	2
02.05.2018 00:00	3.89	3.95	3.89	3.95	177
03.05.2018 00:00	3.91	3.93	3.87	3.93	19
07.05.2018 00:00	3.95	3.95	3.85	3.855	77
08.05.2018 00:00	3.795	3.895	3.785	3.895	252
10.05.2018 00:00	3.93	3.93	3.745	3.85	52
11.05.2018 00:00	3.85	3.89	3.7	3.7800000000000002	227
14.05.2018 00:00	3.87	3.875	3.87	3.87	1
15.05.2018 00:00	3.85	3.875	3.85	3.875	43
16.05.2018 00:00	3.795	3.875	3.795	3.875	8
17.05.2018 00:00	3.835	3.875	3.825	3.855	4
18.05.2018 00:00	3.7800000000000002	3.87	3.765	3.855	84
22.05.2018 00:00	3.795	3.825	3.785	3.825	14
23.05.2018 00:00	3.805	3.835	3.795	3.795	10
24.05.2018 00:00	3.755	3.835	3.7	3.835	37
25.05.2018 00:00	3.745	3.815	3.66	3.745	1365
29.05.2018 00:00	3.795	3.825	3.785	3.825	105
30.05.2018 00:00	3.795	3.835	3.795	3.795	16
31.05.2018 00:00	3.835	3.835	3.835	3.835	4
01.06.2018 00:00	3.705	3.89	3.7	3.825	169
04.06.2018 00:00	3.835	3.835	3.725	3.795	25
05.06.2018 00:00	3.685	3.785	3.41	3.495	2911
06.06.2018 00:00	3.495	3.585	3.495	3.505	169
07.06.2018 00:00	3.49	3.515	3.415	3.515	188
08.06.2018 00:00	3.475	3.475	3.245	3.355	758
09.06.2018 00:00	3.395	3.395	3.295	3.33	54
11.06.2018 00:00	3.335	3.335	3.18	3.255	163
13.06.2018 00:00	3.205	3.255	2.995	3.12	552
14.06.2018 00:00	3.18	3.185	3.12	3.12	40
15.06.2018 00:00	3.085	3.105	2.995	3.105	235
18.06.2018 00:00	3.1	3.165	3.1	3.105	167
19.06.2018 00:00	3.145	3.24	3.1	3.14	216
20.06.2018 00:00	3.185	3.185	2.995	3.16	779
21.06.2018 00:00	3.16	3.16	3.025	3.1	263
22.06.2018 00:00	3.085	3.225	3.045	3.14	617
25.06.2018 00:00	3.165	3.355	3.165	3.22	417
26.06.2018 00:00	3.335	3.335	3.24	3.2800000000000002	197
27.06.2018 00:00	3.225	3.335	3.2	3.255	279
28.06.2018 00:00	3.355	3.355	3.2800000000000002	3.33	54
29.06.2018 00:00	3.265	3.33	3.265	3.33	22
02.07.2018 00:00	3.33	3.395	3.33	3.335	72
03.07.2018 00:00	3.37	3.645	3.37	3.43	320
04.07.2018 00:00	3.465	3.465	3.295	3.43	133
05.07.2018 00:00	3.545	3.545	3.35	3.35	88
06.07.2018 00:00	3.395	3.395	3.395	3.395	3
09.07.2018 00:00	3.395	3.395	3.395	3.395	14
10.07.2018 00:00	3.35	3.45	3.35	3.45	85
11.07.2018 00:00	3.35	3.95	3.35	3.5300000000000002	1115
12.07.2018 00:00	3.5300000000000002	4.285	3.5300000000000002	4.15	3255
13.07.2018 00:00	4.4	4.41	3.895	3.895	3105
16.07.2018 00:00	3.975	4.265	3.975	4.19	1060
17.07.2018 00:00	4.335	5.24	3.975	4.745	6390
18.07.2018 00:00	4.875	5.585	4.545	5.2	5762
19.07.2018 00:00	5.165	5.45	4.515	4.8100000000000005	1911
20.07.2018 00:00	4.705	5.415	4.285	4.375	4515
23.07.2018 00:00	3.95	4.785	3.95	4.66	1054
24.07.2018 00:00	4.6850000000000005	4.99	4.575	4.9	1541
25.07.2018 00:00	4.99	5.465	4.48	4.795	4691
26.07.2018 00:00	4.9350000000000005	4.9350000000000005	4.595	4.595	303
27.07.2018 00:00	4.585	4.825	4.455	4.575	614
30.07.2018 00:00	4.375	4.495	4.205	4.41	830
31.07.2018 00:00	4.335	4.57	4.2	4.48	550
01.08.2018 00:00	4.425	4.48	4.19	4.41	457
02.08.2018 00:00	4.385	4.465	4.28	4.28	105
03.08.2018 00:00	4.37	4.37	4.12	4.255	409
06.08.2018 00:00	4.28	4.28	4.085	4.11	321
07.08.2018 00:00	4.12	4.245	4.005	4.2	173
08.08.2018 00:00	4.2	4.2	3.93	3.95	431
09.08.2018 00:00	3.975	3.975	3.89	3.91	123
10.08.2018 00:00	3.975	4.03	3.795	3.85	115
13.08.2018 00:00	3.805	3.935	3.805	3.935	264
14.08.2018 00:00	3.99	4.19	3.99	4.16	308
15.08.2018 00:00	4.095	4.4	4.095	4.285	347
16.08.2018 00:00	4.295	4.455	4.205	4.45	197
17.08.2018 00:00	4.36	4.48	4.175	4.175	110
20.08.2018 00:00	4.44	4.44	4.245	4.36	136
21.08.2018 00:00	4.44	4.595	4.305	4.545	1140
22.08.2018 00:00	4.2	5.095	4.2	4.535	312
23.08.2018 00:00	4.425	4.995	4.425	4.87	866
24.08.2018 00:00	4.66	4.995	4.61	4.845	268
27.08.2018 00:00	4.65	4.86	4.535	4.625	386
28.08.2018 00:00	4.61	4.625	4.585	4.585	95
29.08.2018 00:00	4.455	4.57	4.45	4.465	207
30.08.2018 00:00	4.495	4.61	4.45	4.57	99
31.08.2018 00:00	4.595	4.595	4.4	4.585	91
03.09.2018 00:00	4.625	4.87	4.595	4.745	333
04.09.2018 00:00	4.875	4.98	4.66	4.785	155
05.09.2018 00:00	4.955	4.955	4.675	4.885	116
06.09.2018 00:00	4.98	5.205	4.73	4.925	372
07.09.2018 00:00	5.075	5.15	4.78	4.91	219
10.09.2018 00:00	5.375	5.375	4.78	4.965	90
11.09.2018 00:00	4.99	5.12	4.7	4.955	475
12.09.2018 00:00	4.765	5.2	4.62	4.795	493
13.09.2018 00:00	4.665	4.78	4.665	4.765	144
14.09.2018 00:00	4.785	4.845	4.575	4.635	38
17.09.2018 00:00	4.595	4.745	4.495	4.495	87
18.09.2018 00:00	4.495	4.495	4.305	4.375	231
19.09.2018 00:00	4.32	4.41	4.2	4.335	241
20.09.2018 00:00	4.265	4.375	3.715	4.325	659
21.09.2018 00:00	4.255	4.425	4.255	4.41	91
24.09.2018 00:00	4.265	4.415	4.265	4.41	214
25.09.2018 00:00	4.44	4.45	4.335	4.415	15
26.09.2018 00:00	4.325	4.375	4.24	4.375	42
27.09.2018 00:00	4.23	4.45	4.2	4.41	77
28.09.2018 00:00	4.465	4.465	4.28	4.415	32
01.10.2018 00:00	4.45	4.45	4.45	4.45	1
02.10.2018 00:00	4.305	4.45	4.305	4.45	15
03.10.2018 00:00	4.2	4.45	4.2	4.32	194
04.10.2018 00:00	4.32	4.32	4.32	4.32	55
05.10.2018 00:00	4.23	4.325	4.2	4.325	14
08.10.2018 00:00	4.265	4.32	4.215	4.32	32
09.10.2018 00:00	4.305	4.45	4.305	4.45	156
10.10.2018 00:00	4.425	4.455	4.425	4.455	150
11.10.2018 00:00	4.36	4.495	3.995	4.45	813
12.10.2018 00:00	4.37	4.44	4.37	4.44	2
15.10.2018 00:00	4.11	4.4	4.11	4.36	221
16.10.2018 00:00	4.28	4.335	4.265	4.335	7
17.10.2018 00:00	4.385	4.425	4.295	4.36	7
18.10.2018 00:00	4.36	4.36	4.215	4.325	34
19.10.2018 00:00	4.245	4.295	4.215	4.215	41
22.10.2018 00:00	4.23	4.23	4.055	4.16	281
23.10.2018 00:00	4.24	4.24	3.95	4.215	221
24.10.2018 00:00	4.085	4.32	3.975	4.295	144
25.10.2018 00:00	4.24	4.24	4.055	4.165	104
26.10.2018 00:00	4.095	4.095	3.915	3.915	387
29.10.2018 00:00	3.915	4.07	3.915	3.995	7
30.10.2018 00:00	3.975	4.03	3.9650000000000003	4.03	13
31.10.2018 00:00	3.9650000000000003	4.07	3.935	4.03	89
01.11.2018 00:00	3.98	4.015	3.98	4.015	6
02.11.2018 00:00	3.975	4.05	3.9650000000000003	3.9650000000000003	86
06.11.2018 00:00	3.975	3.99	3.805	3.895	310
07.11.2018 00:00	3.9050000000000002	3.9050000000000002	3.9050000000000002	3.9050000000000002	10
09.11.2018 00:00	3.95	3.95	3.93	3.93	6
13.11.2018 00:00	3.895	3.895	3.84	3.84	1317
14.11.2018 00:00	3.89	5.235	3.89	4.37	6771
15.11.2018 00:00	4.365	4.385	4.005	4.17	3142
16.11.2018 00:00	4.095	4.17	3.895	4.04	678
19.11.2018 00:00	4.09	4.755	3.95	4.385	9122
20.11.2018 00:00	4.44	5.095	4.345	4.74	12000
21.11.2018 00:00	4.91	5.19	4.63	4.845	7608
22.11.2018 00:00	4.99	4.995	4.495	4.64	1527
23.11.2018 00:00	4.705	4.71	4.33	4.49	714
26.11.2018 00:00	4.49	4.745	4.38	4.67	888
27.11.2018 00:00	4.745	4.745	4.55	4.65	130
28.11.2018 00:00	4.655	4.695	4.45	4.5600000000000005	691
29.11.2018 00:00	4.5	4.55	4.445	4.51	64
30.11.2018 00:00	4.595	4.965	4.5	4.6850000000000005	2618
03.12.2018 00:00	4.495	4.595	4.295	4.39	1904
04.12.2018 00:00	4.315	4.385	4.305	4.375	232
05.12.2018 00:00	4.41	4.41	4.275	4.36	96
06.12.2018 00:00	4.25	4.345	4.21	4.285	422
07.12.2018 00:00	4.29	4.39	4.21	4.36	338
10.12.2018 00:00	4.21	4.34	4.19	4.26	156
11.12.2018 00:00	4.265	4.265	4.26	4.26	6
12.12.2018 00:00	4.34	4.34	4.165	4.25	44
13.12.2018 00:00	4.21	4.295	4.18	4.29	210
14.12.2018 00:00	4.34	4.36	4.2	4.2	240
17.12.2018 00:00	4.175	4.245	4.175	4.245	35
18.12.2018 00:00	4.165	4.29	4.16	4.2	134
19.12.2018 00:00	4.345	4.36	4.175	4.24	150
20.12.2018 00:00	4.245	4.245	4.245	4.245	33
21.12.2018 00:00	4.2	4.26	4.035	4.165	188
24.12.2018 00:00	4.2	4.345	4.035	4.14	271
25.12.2018 00:00	4.08	4.275	4.035	4.16	380
26.12.2018 00:00	4.205	4.375	4.2	4.245	123
27.12.2018 00:00	4.315	4.33	4.275	4.325	185
28.12.2018 00:00	4.28	4.315	4.275	4.315	60
29.12.2018 00:00	4.3	4.3	4.295	4.295	160
03.01.2019 00:00	4.335	4.335	4.335	4.335	3
04.01.2019 00:00	4.285	4.29	4.245	4.265	313
08.01.2019 00:00	4.265	4.265	4.23	4.255	43
09.01.2019 00:00	4.325	4.34	4.285	4.32	271
10.01.2019 00:00	4.315	4.32	4.295	4.315	624
11.01.2019 00:00	4.315	4.39	4.315	4.33	474
14.01.2019 00:00	4.36	4.38	4.325	4.355	286
15.01.2019 00:00	4.37	4.76	4.355	4.49	4896
16.01.2019 00:00	4.48	4.515	4.46	4.495	523
17.01.2019 00:00	4.485	4.635	4.455	4.59	809
18.01.2019 00:00	4.5	4.86	4.5	4.78	2567
21.01.2019 00:00	4.775	4.775	4.665	4.715	937
22.01.2019 00:00	4.695	4.73	4.65	4.715	677
23.01.2019 00:00	4.7	4.95	4.6850000000000005	4.745	2765
24.01.2019 00:00	4.72	4.82	4.715	4.755	2513
25.01.2019 00:00	4.74	4.75	4.6850000000000005	4.72	499
28.01.2019 00:00	4.71	4.72	4.695	4.705	580
29.01.2019 00:00	4.7	4.715	2.955	4.6850000000000005	3417
30.01.2019 00:00	4.6850000000000005	4.95	4.665	4.6850000000000005	259
31.01.2019 00:00	4.7	4.7	4.675	4.6850000000000005	142
01.02.2019 00:00	4.6850000000000005	4.695	4.675	4.675	95
04.02.2019 00:00	4.7	4.74	4.635	4.635	712
05.02.2019 00:00	4.635	4.635	4.5	4.62	700
06.02.2019 00:00	4.5600000000000005	4.745	4.5600000000000005	4.7	192
07.02.2019 00:00	4.66	4.705	4.63	4.63	204
08.02.2019 00:00	4.625	4.66	4.595	4.655	201
11.02.2019 00:00	4.625	4.7	4.595	4.595	108
12.02.2019 00:00	4.6850000000000005	4.6850000000000005	4.61	4.61	207
13.02.2019 00:00	4.605	4.63	4.605	4.63	44
14.02.2019 00:00	4.6850000000000005	4.6850000000000005	4.465	4.465	256
15.02.2019 00:00	4.495	4.5600000000000005	4.455	4.515	152
18.02.2019 00:00	4.5600000000000005	4.945	4.5600000000000005	4.62	22
19.02.2019 00:00	4.525	4.575	4.51	4.575	6
20.02.2019 00:00	4.675	4.6850000000000005	4.5600000000000005	4.57	253
21.02.2019 00:00	4.63	4.635	4.545	4.545	330
22.02.2019 00:00	4.655	4.67	4.57	4.57	125
25.02.2019 00:00	4.595	4.595	4.545	4.545	31
26.02.2019 00:00	4.65	4.65	4.65	4.65	1
27.02.2019 00:00	4.6850000000000005	4.6850000000000005	4.545	4.59	330
28.02.2019 00:00	4.585	4.585	4.53	4.53	11
01.03.2019 00:00	4.535	4.575	4.53	4.575	191
04.03.2019 00:00	4.51	4.57	4.51	4.57	19
05.03.2019 00:00	4.575	4.595	4.575	4.58	95
06.03.2019 00:00	4.55	4.595	4.535	4.57	351
07.03.2019 00:00	4.55	4.55	4.55	4.55	1
11.03.2019 00:00	4.6850000000000005	4.795	4.595	4.595	535
12.03.2019 00:00	4.67	4.795	4.57	4.59	486
13.03.2019 00:00	5.0	5.495	4.91	5.03	8674
14.03.2019 00:00	5.125	5.125	4.66	4.855	2587
15.03.2019 00:00	4.845	4.91	4.6850000000000005	4.755	1978
18.03.2019 00:00	4.855	4.86	4.615	4.825	1276
19.03.2019 00:00	4.8	4.89	4.73	4.785	184
20.03.2019 00:00	4.745	4.79	4.575	4.65	959
21.03.2019 00:00	4.655	4.71	4.635	4.665	39
22.03.2019 00:00	4.66	4.78	4.61	4.66	227
25.03.2019 00:00	4.67	4.765	4.585	4.745	367
26.03.2019 00:00	4.705	4.705	4.705	4.705	1
27.03.2019 00:00	4.7	4.71	4.605	4.66	109
28.03.2019 00:00	4.65	4.6850000000000005	4.605	4.6850000000000005	47
29.03.2019 00:00	4.62	4.62	4.605	4.62	90
01.04.2019 00:00	4.615	4.615	4.585	4.585	126
02.04.2019 00:00	4.575	4.61	4.545	4.605	59
03.04.2019 00:00	4.635	4.635	4.595	4.625	85
04.04.2019 00:00	4.605	4.65	4.575	4.65	939
05.04.2019 00:00	4.64	4.65	4.575	4.64	249
08.04.2019 00:00	4.65	4.67	4.595	4.665	371
09.04.2019 00:00	4.65	4.67	4.61	4.66	17
10.04.2019 00:00	4.675	4.675	4.625	4.665	428
11.04.2019 00:00	4.665	4.6850000000000005	4.63	4.66	283
12.04.2019 00:00	4.61	4.6850000000000005	4.595	4.6850000000000005	55
15.04.2019 00:00	4.635	4.7	4.62	4.6850000000000005	244
16.04.2019 00:00	4.62	4.7	4.62	4.66	46
17.04.2019 00:00	4.635	4.635	4.61	4.61	259
18.04.2019 00:00	4.66	4.6850000000000005	4.625	4.6850000000000005	163
19.04.2019 00:00	4.65	4.74	4.65	4.695	645
22.04.2019 00:00	4.67	4.695	4.595	4.67	315
23.04.2019 00:00	4.63	4.6850000000000005	4.63	4.6850000000000005	60
24.04.2019 00:00	4.6850000000000005	4.6850000000000005	4.64	4.64	12
25.04.2019 00:00	4.745	4.995	4.6850000000000005	4.84	2678
26.04.2019 00:00	4.775	4.875	4.765	4.795	669
29.04.2019 00:00	4.8	4.8	4.7	4.7	136
30.04.2019 00:00	4.71	4.735	4.7	4.73	10
02.05.2019 00:00	4.79	4.79	4.79	4.79	20
03.05.2019 00:00	4.655	4.86	4.62	4.78	22
06.05.2019 00:00	4.79	4.79	4.65	4.6850000000000005	415
07.05.2019 00:00	4.92	5.08	4.605	4.695	251
08.05.2019 00:00	4.715	4.715	4.595	4.625	556
10.05.2019 00:00	4.605	4.6850000000000005	4.585	4.665	171
13.05.2019 00:00	4.62	4.66	4.58	4.58	528
14.05.2019 00:00	4.595	4.66	4.59	4.66	69
15.05.2019 00:00	4.615	4.695	4.615	4.66	47
16.05.2019 00:00	4.62	4.6850000000000005	4.605	4.6850000000000005	42
17.05.2019 00:00	4.695	4.705	4.595	4.635	166
20.05.2019 00:00	4.6850000000000005	4.6850000000000005	4.595	4.595	38
21.05.2019 00:00	4.61	4.64	4.595	4.595	163
22.05.2019 00:00	4.61	4.665	4.61	4.61	12
23.05.2019 00:00	4.62	4.62	4.59	4.59	88
24.05.2019 00:00	4.585	4.59	4.55	4.59	288
27.05.2019 00:00	4.575	4.595	4.5	4.5	489
28.05.2019 00:00	4.535	4.585	4.535	4.585	369
29.05.2019 00:00	4.595	4.605	4.595	4.605	18
30.05.2019 00:00	4.605	4.655	4.595	4.62	1178
31.05.2019 00:00	4.615	4.615	4.5600000000000005	4.57	142
03.06.2019 00:00	4.535	4.5600000000000005	4.495	4.5600000000000005	99
04.06.2019 00:00	4.525	4.54	4.495	4.53	289
05.06.2019 00:00	4.525	4.525	4.4	4.42	1146
06.06.2019 00:00	4.48	4.48	4.38	4.44	70
07.06.2019 00:00	4.405	4.425	4.38	4.425	12
10.06.2019 00:00	4.42	4.425	4.375	4.425	88
11.06.2019 00:00	4.39	4.5	4.38	4.41	136
13.06.2019 00:00	4.48	4.51	4.4	4.4	51
14.06.2019 00:00	4.44	4.44	4.385	4.415	156
17.06.2019 00:00	4.425	4.425	4.42	4.42	15
18.06.2019 00:00	4.41	4.53	4.41	4.445	420
19.06.2019 00:00	4.45	4.46	4.41	4.44	237
20.06.2019 00:00	4.415	4.445	4.415	4.445	1650
21.06.2019 00:00	4.45	4.5600000000000005	4.41	4.41	239
24.06.2019 00:00	4.455	4.455	4.455	4.455	1
25.06.2019 00:00	4.495	4.495	4.44	4.445	214
26.06.2019 00:00	4.465	4.495	4.43	4.45	58
27.06.2019 00:00	4.445	4.48	4.415	4.48	258
28.06.2019 00:00	4.485	4.485	4.46	4.465	29
01.07.2019 00:00	4.445	4.48	4.41	4.46	125
02.07.2019 00:00	4.46	4.53	4.445	4.525	187
03.07.2019 00:00	4.535	4.575	4.44	4.575	382
04.07.2019 00:00	4.575	4.575	4.455	4.455	644
05.07.2019 00:00	4.47	4.585	4.46	4.5	576
08.07.2019 00:00	4.865	5.49	4.455	4.62	592
09.07.2019 00:00	4.635	4.635	4.5	4.62	561
10.07.2019 00:00	4.58	4.58	4.5600000000000005	4.5600000000000005	5
11.07.2019 00:00	4.535	4.635	4.525	4.635	366
12.07.2019 00:00	4.605	4.605	4.515	4.55	121
15.07.2019 00:00	4.535	4.535	4.495	4.515	414
16.07.2019 00:00	4.54	4.57	4.535	4.57	127
17.07.2019 00:00	4.535	4.545	4.51	4.545	32
18.07.2019 00:00	4.55	4.55	4.55	4.55	5
19.07.2019 00:00	4.51	4.5600000000000005	4.495	4.5600000000000005	227
22.07.2019 00:00	4.525	4.525	4.485	4.49	142
23.07.2019 00:00	4.495	4.575	4.485	4.485	207
24.07.2019 00:00	4.495	4.525	4.495	4.495	86
25.07.2019 00:00	4.5	4.54	4.495	4.495	8
26.07.2019 00:00	4.495	4.495	4.495	4.495	109
29.07.2019 00:00	4.535	4.57	4.535	4.57	210
31.07.2019 00:00	4.51	4.55	4.495	4.495	22
01.08.2019 00:00	4.5	4.505	4.485	4.485	30
02.08.2019 00:00	4.49	4.49	4.48	4.48	15
05.08.2019 00:00	4.515	4.55	4.515	4.55	16
06.08.2019 00:00	4.505	4.55	4.45	4.55	156
07.08.2019 00:00	4.525	4.525	4.495	4.495	581
08.08.2019 00:00	4.495	4.545	4.495	4.545	505
09.08.2019 00:00	4.495	4.545	4.42	4.495	321
12.08.2019 00:00	4.5	4.515	4.495	4.515	103
13.08.2019 00:00	4.495	4.495	4.48	4.495	147
14.08.2019 00:00	4.505	4.54	4.46	4.505	167
15.08.2019 00:00	4.51	4.51	4.43	4.485	27
16.08.2019 00:00	4.5	4.545	4.5	4.545	44
19.08.2019 00:00	4.495	4.525	4.495	4.495	5
20.08.2019 00:00	4.495	4.54	4.47	4.47	27
21.08.2019 00:00	4.48	4.48	4.455	4.455	229
22.08.2019 00:00	4.495	4.5	4.45	4.45	111
23.08.2019 00:00	4.465	4.47	4.415	4.47	89
26.08.2019 00:00	4.49	4.49	4.49	4.49	11
27.08.2019 00:00	4.495	4.495	4.445	4.445	119
28.08.2019 00:00	4.455	4.455	4.42	4.42	75
29.08.2019 00:00	4.45	4.465	4.355	4.44	224
30.08.2019 00:00	4.45	4.495	4.4	4.425	522
02.09.2019 00:00	4.455	4.46	4.455	4.46	5
03.09.2019 00:00	4.415	4.485	4.41	4.485	137
04.09.2019 00:00	4.485	4.505	4.425	4.445	64
05.09.2019 00:00	4.465	4.465	4.445	4.465	169
06.09.2019 00:00	4.455	4.46	4.44	4.445	52
09.09.2019 00:00	4.445	4.46	4.375	4.42	666
10.09.2019 00:00	4.405	4.5600000000000005	4.4	4.5600000000000005	3680
11.09.2019 00:00	4.515	4.535	4.515	4.535	4
12.09.2019 00:00	4.57	4.57	4.48	4.48	226
13.09.2019 00:00	4.485	4.495	4.48	4.495	548
16.09.2019 00:00	4.57	4.57	4.5600000000000005	4.5600000000000005	1651
17.09.2019 00:00	4.57	4.57	4.465	4.48	168
18.09.2019 00:00	4.495	4.51	4.48	4.495	659
19.09.2019 00:00	4.49	4.495	4.445	4.47	799
20.09.2019 00:00	4.44	4.495	4.425	4.46	288
23.09.2019 00:00	4.495	4.545	4.465	4.485	204
24.09.2019 00:00	4.425	4.49	4.42	4.485	224
25.09.2019 00:00	4.45	4.48	4.43	4.48	12
26.09.2019 00:00	4.48	4.515	4.48	4.48	340
27.09.2019 00:00	4.51	4.995	4.465	4.745	4936
30.09.2019 00:00	4.76	4.95	4.55	4.65	1802
01.10.2019 00:00	4.6850000000000005	4.9	4.62	4.675	851
02.10.2019 00:00	4.675	4.915	4.62	4.665	1659
03.10.2019 00:00	4.72	4.72	4.59	4.59	904
04.10.2019 00:00	4.575	4.635	4.53	4.635	412
07.10.2019 00:00	4.66	4.66	4.62	4.62	239
08.10.2019 00:00	4.655	4.655	4.605	4.605	113
09.10.2019 00:00	4.615	4.63	4.575	4.62	219
10.10.2019 00:00	4.63	4.635	4.595	4.63	243
11.10.2019 00:00	4.635	4.635	4.61	4.63	12
14.10.2019 00:00	4.65	4.65	4.535	4.575	886
15.10.2019 00:00	4.635	4.635	4.545	4.59	300
16.10.2019 00:00	4.635	4.9350000000000005	4.585	4.585	49
17.10.2019 00:00	4.7	4.7	4.545	4.575	216
18.10.2019 00:00	4.58	4.58	4.57	4.57	2
21.10.2019 00:00	4.58	4.585	4.53	4.58	493
22.10.2019 00:00	4.575	4.595	4.575	4.585	529
23.10.2019 00:00	4.57	4.6850000000000005	4.57	4.595	29
24.10.2019 00:00	4.5600000000000005	4.5600000000000005	4.465	4.505	3769
25.10.2019 00:00	4.5	4.5	4.445	4.485	1784
28.10.2019 00:00	4.46	4.465	4.4	4.405	2741
29.10.2019 00:00	4.425	4.43	4.42	4.43	500
30.10.2019 00:00	4.405	4.45	4.4	4.45	793
31.10.2019 00:00	4.45	4.45	4.4	4.45	183
01.11.2019 00:00	4.41	4.455	4.405	4.45	594
05.11.2019 00:00	4.41	4.44	4.25	4.365	1068
06.11.2019 00:00	4.41	4.445	4.265	4.305	3045
07.11.2019 00:00	4.32	4.44	4.295	4.295	292
08.11.2019 00:00	4.3	4.325	4.3	4.325	3
11.11.2019 00:00	4.36	4.39	4.32	4.37	104
12.11.2019 00:00	4.37	4.46	4.365	4.37	1399
13.11.2019 00:00	4.44	4.445	4.33	4.445	1196
14.11.2019 00:00	4.37	4.62	4.355	4.495	8229
15.11.2019 00:00	4.47	4.49	4.465	4.49	2202
18.11.2019 00:00	4.545	4.5600000000000005	4.425	4.425	289
19.11.2019 00:00	4.505	4.515	4.465	4.51	1038
20.11.2019 00:00	4.535	4.57	4.47	4.5	196
21.11.2019 00:00	4.5	4.515	4.485	4.495	1779
22.11.2019 00:00	4.5	4.55	4.46	4.495	885
25.11.2019 00:00	4.505	4.65	4.48	4.48	1189
26.11.2019 00:00	4.47	4.495	4.45	4.45	810
27.11.2019 00:00	4.47	4.495	4.4	4.47	3610
28.11.2019 00:00	4.495	4.495	4.45	4.455	34
29.11.2019 00:00	4.49	4.495	4.45	4.485	156
02.12.2019 00:00	4.455	4.455	4.425	4.45	267
03.12.2019 00:00	4.48	4.48	4.375	4.43	833
04.12.2019 00:00	4.41	4.415	4.41	4.415	306
05.12.2019 00:00	4.42	4.42	4.365	4.375	465
06.12.2019 00:00	4.37	4.43	4.37	4.405	223
09.12.2019 00:00	4.425	4.425	4.365	4.415	5115
10.12.2019 00:00	4.4	4.4	4.33	4.355	490
11.12.2019 00:00	4.385	4.385	4.295	4.32	504
12.12.2019 00:00	4.385	4.385	4.315	4.385	1425
13.12.2019 00:00	4.345	4.345	4.3	4.345	135
16.12.2019 00:00	4.385	4.385	4.305	4.315	940
17.12.2019 00:00	4.34	4.34	4.325	4.34	163
18.12.2019 00:00	4.345	4.345	4.29	4.305	281
19.12.2019 00:00	4.34	4.34	4.28	4.29	432
20.12.2019 00:00	4.295	4.34	4.295	4.295	180
23.12.2019 00:00	4.33	4.33	4.285	4.305	238
24.12.2019 00:00	4.285	4.345	4.285	4.33	925
25.12.2019 00:00	4.36	4.36	4.285	4.33	366
26.12.2019 00:00	4.36	4.385	4.3	4.315	434
27.12.2019 00:00	4.335	4.335	4.305	4.305	304
30.12.2019 00:00	4.325	4.345	4.305	4.305	498
03.01.2020 00:00	4.325	4.345	4.295	4.305	398
06.01.2020 00:00	4.315	4.33	4.3	4.315	148
08.01.2020 00:00	4.295	4.325	4.295	4.32	412
09.01.2020 00:00	4.32	4.345	4.295	4.345	1944
10.01.2020 00:00	4.345	4.345	4.295	4.305	726
13.01.2020 00:00	4.315	4.37	4.315	4.37	947
14.01.2020 00:00	4.335	4.345	4.33	4.345	1170
15.01.2020 00:00	4.37	4.37	4.325	4.345	2307
16.01.2020 00:00	4.36	4.375	4.325	4.34	507
17.01.2020 00:00	4.325	4.345	4.32	4.345	894
20.01.2020 00:00	4.335	4.345	4.32	4.345	1436
21.01.2020 00:00	4.345	4.57	4.295	4.485	14422
22.01.2020 00:00	4.485	4.58	4.425	4.43	3324
23.01.2020 00:00	4.45	4.575	4.44	4.495	1915
24.01.2020 00:00	4.485	4.485	4.4	4.455	1356
27.01.2020 00:00	4.45	4.48	4.4	4.48	2628
28.01.2020 00:00	4.48	4.5	4.355	4.44	2239
29.01.2020 00:00	4.43	4.53	4.43	4.46	2110
30.01.2020 00:00	4.45	4.495	4.345	4.44	2523
31.01.2020 00:00	4.48	4.495	4.375	4.4	1229
03.02.2020 00:00	4.375	4.45	4.325	4.345	2582
04.02.2020 00:00	4.415	4.425	4.355	4.405	2739
05.02.2020 00:00	4.405	4.445	4.39	4.4	1768
06.02.2020 00:00	4.385	4.495	4.385	4.495	3886
07.02.2020 00:00	4.5	4.875	4.4	4.625	11062
10.02.2020 00:00	4.62	4.745	4.5600000000000005	4.72	1562
11.02.2020 00:00	4.745	4.775	4.605	4.665	393
12.02.2020 00:00	4.715	4.73	4.55	4.7	1133
13.02.2020 00:00	4.7	4.7	4.53	4.575	4302
14.02.2020 00:00	4.625	4.7	4.53	4.6850000000000005	2760
17.02.2020 00:00	4.695	4.76	4.595	4.74	2451
18.02.2020 00:00	4.695	4.795	4.615	4.795	2717
19.02.2020 00:00	4.71	4.95	4.54	4.9	6256
20.02.2020 00:00	4.995	4.995	4.835	4.945	4364
21.02.2020 00:00	4.99	5.0	4.795	4.965	3383
25.02.2020 00:00	4.985	4.995	4.795	4.945	4252
26.02.2020 00:00	4.86	4.95	4.715	4.855	1865
27.02.2020 00:00	4.84	4.855	4.65	4.7	3203
28.02.2020 00:00	4.57	4.7	4.495	4.495	2946
02.03.2020 00:00	4.575	4.73	4.5600000000000005	4.585	515
03.03.2020 00:00	4.66	4.73	4.66	4.675	238
04.03.2020 00:00	4.595	4.6850000000000005	4.58	4.63	220
05.03.2020 00:00	4.7	4.7	4.65	4.7	240
06.03.2020 00:00	4.675	4.6850000000000005	4.575	4.61	1837
10.03.2020 00:00	4.59	4.59	4.295	4.495	1274
11.03.2020 00:00	4.415	4.505	4.415	4.415	141
12.03.2020 00:00	4.315	4.4	4.2	4.275	1026
13.03.2020 00:00	4.325	4.41	4.245	4.3	477
16.03.2020 00:00	3.98	4.205	3.495	3.98	511
17.03.2020 00:00	4.2	4.2	3.79	3.805	796
18.03.2020 00:00	4.08	4.08	3.62	3.81	234
19.03.2020 00:00	4.075	4.165	3.715	3.98	597
20.03.2020 00:00	3.815	4.295	3.815	4.2	125
23.03.2020 00:00	4.0	4.2	3.995	4.175	253
24.03.2020 00:00	4.285	4.315	3.995	4.045	1559
25.03.2020 00:00	4.2	4.2	3.995	4.0	622
26.03.2020 00:00	4.005	4.2	3.995	4.0	60
27.03.2020 00:00	4.0	4.08	3.81	3.85	1779
30.03.2020 00:00	3.88	4.045	3.88	3.995	89
31.03.2020 00:00	4.065	4.19	3.95	4.15	124
01.04.2020 00:00	4.2	4.295	4.01	4.21	1257
02.04.2020 00:00	4.38	4.385	4.11	4.15	130
03.04.2020 00:00	4.24	4.24	4.195	4.2	34
06.04.2020 00:00	4.24	4.335	4.105	4.105	264
07.04.2020 00:00	4.325	4.34	4.2	4.2	245
08.04.2020 00:00	4.345	4.345	4.105	4.295	34
09.04.2020 00:00	4.295	4.4	4.15	4.22	47
10.04.2020 00:00	4.305	4.365	4.19	4.23	3148
13.04.2020 00:00	4.315	4.42	2.75	4.155	1429
14.04.2020 00:00	4.24	4.335	2.495	4.11	2774
15.04.2020 00:00	4.095	4.11	3.995	3.995	748
16.04.2020 00:00	3.975	4.15	3.85	4.055	1123
17.04.2020 00:00	3.93	4.045	3.93	4.025	456
20.04.2020 00:00	3.915	4.045	3.795	4.035	961
21.04.2020 00:00	3.94	4.01	3.89	3.95	129
22.04.2020 00:00	3.995	4.44	3.94	4.075	953
23.04.2020 00:00	4.12	4.295	4.015	4.105	361
24.04.2020 00:00	4.11	4.15	4.035	4.07	103
27.04.2020 00:00	4.16	4.2	4.115	4.16	551
28.04.2020 00:00	4.16	4.18	4.05	4.135	440
29.04.2020 00:00	4.16	4.235	4.0	4.095	1357
30.04.2020 00:00	4.09	4.095	4.0	4.03	262
04.05.2020 00:00	4.03	4.08	4.025	4.075	27
05.05.2020 00:00	4.035	4.115	4.0	4.115	536
06.05.2020 00:00	4.115	4.115	4.05	4.065	28
07.05.2020 00:00	4.05	4.095	4.05	4.055	67
08.05.2020 00:00	4.05	4.095	3.995	4.075	1077
12.05.2020 00:00	4.095	4.12	3.995	4.015	226
13.05.2020 00:00	4.095	4.095	4.055	4.095	310
14.05.2020 00:00	4.12	4.12	4.01	4.025	55
15.05.2020 00:00	4.025	4.07	4.025	4.07	22
18.05.2020 00:00	4.03	4.12	4.03	4.11	311
19.05.2020 00:00	4.07	4.105	4.07	4.095	203
20.05.2020 00:00	4.09	4.37	3.255	4.09	2093
21.05.2020 00:00	4.07	4.125	3.825	4.035	786
22.05.2020 00:00	3.99	3.99	3.95	3.955	736
25.05.2020 00:00	4.035	4.045	3.995	4.03	293
26.05.2020 00:00	4.025	4.045	4.025	4.045	429
27.05.2020 00:00	3.98	4.12	3.98	4.075	565
28.05.2020 00:00	4.08	4.08	4.025	4.05	309
29.05.2020 00:00	4.08	4.345	4.08	4.155	623
01.06.2020 00:00	4.12	4.29	4.015	4.075	278
02.06.2020 00:00	4.17	4.2	4.075	4.08	493
03.06.2020 00:00	4.095	4.245	4.035	4.095	169
04.06.2020 00:00	4.2	4.28	4.12	4.18	893
05.06.2020 00:00	4.16	4.23	4.11	4.2	543
08.06.2020 00:00	4.16	4.23	4.155	4.165	302
09.06.2020 00:00	4.155	4.21	4.075	4.16	519
10.06.2020 00:00	4.085	4.2	4.085	4.19	103
11.06.2020 00:00	4.2	4.245	4.03	4.035	562
15.06.2020 00:00	4.15	4.23	4.065	4.075	125
16.06.2020 00:00	4.165	4.195	4.11	4.175	175
17.06.2020 00:00	4.13	4.13	4.125	4.125	19
18.06.2020 00:00	4.115	4.15	4.07	4.12	201
19.06.2020 00:00	4.14	4.17	3.995	4.125	916
22.06.2020 00:00	4.085	4.12	4.085	4.09	439
23.06.2020 00:00	4.085	4.15	4.075	4.09	983
25.06.2020 00:00	4.07	4.095	4.055	4.09	288
26.06.2020 00:00	4.095	4.12	4.05	4.095	1038
29.06.2020 00:00	4.065	4.105	4.055	4.09	137
30.06.2020 00:00	4.07	4.09	4.05	4.05	76
02.07.2020 00:00	4.05	5.065	4.01	4.78	8910
03.07.2020 00:00	4.785	4.91	4.355	4.46	6963
06.07.2020 00:00	4.405	4.7	4.4	4.61	3498
07.07.2020 00:00	4.405	4.89	4.405	4.78	3336
08.07.2020 00:00	4.675	4.76	4.495	4.545	1351
09.07.2020 00:00	4.635	4.705	4.4	4.45	2705
10.07.2020 00:00	4.46	4.605	4.41	4.525	1275
13.07.2020 00:00	4.53	4.65	4.53	4.625	2719
14.07.2020 00:00	4.55	4.8100000000000005	4.525	4.79	3340
15.07.2020 00:00	4.84	4.84	4.535	4.695	1826
16.07.2020 00:00	4.75	4.795	4.65	4.795	994
17.07.2020 00:00	4.835	5.09	4.775	4.965	2966
20.07.2020 00:00	5.095	5.345	5.005	5.2	3861
21.07.2020 00:00	5.245	5.385	5.2	5.385	4627
22.07.2020 00:00	5.45	6.45	5.265	5.785	34385
23.07.2020 00:00	5.89	6.075	5.5600000000000005	5.58	5263
24.07.2020 00:00	5.785	5.785	5.41	5.5600000000000005	4381
27.07.2020 00:00	5.57	5.715	5.44	5.695	4100
28.07.2020 00:00	5.65	5.885	5.495	5.745	2444
29.07.2020 00:00	5.625	6.19	5.48	5.995	7044
30.07.2020 00:00	5.915	6.07	5.655	5.655	2770
31.07.2020 00:00	5.675	5.995	5.67	5.795	2582
03.08.2020 00:00	5.92	5.92	5.715	5.83	2258
04.08.2020 00:00	5.825	5.955	5.74	5.845	3596
05.08.2020 00:00	5.79	6.12	5.745	5.945	2395
06.08.2020 00:00	5.9350000000000005	6.115	5.855	5.955	525
07.08.2020 00:00	5.995	6.4	5.99	6.365	2232
10.08.2020 00:00	6.49	7.890000000000001	6.365	6.45	20744
11.08.2020 00:00	6.6850000000000005	6.845	6.11	6.53	5543
12.08.2020 00:00	6.295	6.675	6.295	6.45	766
13.08.2020 00:00	6.99	6.99	6.53	6.695	10992
14.08.2020 00:00	6.785	6.785	6.41	6.51	919
17.08.2020 00:00	6.71	6.845	6.4	6.415	1009
18.08.2020 00:00	6.390000000000001	6.675	6.385	6.65	578
19.08.2020 00:00	6.6850000000000005	6.795	6.465	6.515000000000001	382
20.08.2020 00:00	6.48	6.74	6.305	6.305	936
21.08.2020 00:00	6.615	6.6850000000000005	6.25	6.41	676
24.08.2020 00:00	6.345	6.795	6.345	6.47	489
25.08.2020 00:00	6.495	6.495	6.22	6.3	326
26.08.2020 00:00	6.2	7.24	6.03	6.99	2852
27.08.2020 00:00	7.095	7.095	6.59	6.7	1582
28.08.2020 00:00	6.965	7.045	6.75	6.96	3063
31.08.2020 00:00	6.98	7.08	6.9	6.995	339
01.09.2020 00:00	6.995	6.995	6.585	6.65	956
02.09.2020 00:00	6.905	7.8100000000000005	6.905	7.0	12676
03.09.2020 00:00	7.095	7.245	6.905	7.175	1044
04.09.2020 00:00	7.175	7.285	6.785	6.890000000000001	1243
07.09.2020 00:00	7.075	7.375	6.74	6.825	3081
08.09.2020 00:00	6.890000000000001	6.9	6.745	6.8100000000000005	518
09.09.2020 00:00	6.74	6.905	6.735	6.890000000000001	295
10.09.2020 00:00	6.66	7.05	6.66	6.825	348
11.09.2020 00:00	6.98	7.365	4.95	6.99	2666
14.09.2020 00:00	7.135	7.135	6.86	6.945	158
15.09.2020 00:00	6.79	6.95	6.79	6.865	79
16.09.2020 00:00	6.890000000000001	6.9	6.78	6.87	376
17.09.2020 00:00	6.8100000000000005	6.84	6.695	6.775	181
18.09.2020 00:00	6.775	6.9	6.7	6.705	247
21.09.2020 00:00	6.615	6.86	6.51	6.86	235
22.09.2020 00:00	6.7	6.95	6.5600000000000005	6.605	242
23.09.2020 00:00	6.6850000000000005	6.78	6.53	6.640000000000001	128
24.09.2020 00:00	6.53	6.75	6.325	6.45	1010
25.09.2020 00:00	6.245	6.53	6.245	6.355	225
28.09.2020 00:00	6.640000000000001	6.640000000000001	6.205	6.255	279
29.09.2020 00:00	6.445	6.495	6.285	6.4	854
30.09.2020 00:00	6.390000000000001	6.495	6.390000000000001	6.42	32
01.10.2020 00:00	6.495	6.495	6.285	6.375	125
02.10.2020 00:00	6.295	6.295	5.705	6.195	3307
05.10.2020 00:00	5.98	6.2	5.785	5.79	5267
06.10.2020 00:00	5.795	5.87	5.715	5.83	339
07.10.2020 00:00	5.83	5.835	5.78	5.8100000000000005	102
08.10.2020 00:00	5.8100000000000005	5.8100000000000005	5.7	5.78	136
09.10.2020 00:00	5.66	5.835	5.66	5.835	393
12.10.2020 00:00	5.84	5.84	5.66	5.675	221
13.10.2020 00:00	5.785	5.91	5.6850000000000005	5.705	167
14.10.2020 00:00	5.775	6.175	5.775	5.835	670
15.10.2020 00:00	6.13	6.36	5.835	6.235	1298
16.10.2020 00:00	6.385	6.385	6.01	6.115	290
19.10.2020 00:00	6.34	6.57	5.8100000000000005	5.865	936
20.10.2020 00:00	5.945	6.245	5.855	6.24	1614
21.10.2020 00:00	6.45	6.45	6.035	6.365	1119
22.10.2020 00:00	6.44	6.495	6.265000000000001	6.28	692
23.10.2020 00:00	6.245	6.29	6.09	6.15	555
26.10.2020 00:00	6.115	6.19	5.995	5.995	255
27.10.2020 00:00	5.99	5.99	5.82	5.9	234
28.10.2020 00:00	6.065	6.065	5.2	5.62	987
29.10.2020 00:00	5.99	5.99	5.345	5.785	623
30.10.2020 00:00	5.79	5.79	5.42	5.785	27
02.11.2020 00:00	5.325	5.785	5.325	5.61	191
03.11.2020 00:00	5.765	5.775	5.625	5.6850000000000005	123
05.11.2020 00:00	5.755	5.755	5.49	5.585	814
06.11.2020 00:00	5.785	5.785	5.495	5.55	124
09.11.2020 00:00	5.75	5.845	5.57	5.835	1681
10.11.2020 00:00	5.84	6.36	5.84	5.92	334
11.11.2020 00:00	6.295	6.445	5.7	5.765	1194
12.11.2020 00:00	6.255	6.255	5.62	5.7	569
13.11.2020 00:00	5.66	5.86	5.66	5.7	411
16.11.2020 00:00	5.625	5.785	5.59	5.595	1269
17.11.2020 00:00	5.5600000000000005	5.67	5.545	5.625	2455
18.11.2020 00:00	5.625	5.625	5.57	5.595	557
19.11.2020 00:00	5.5600000000000005	5.585	5.41	5.48	972
20.11.2020 00:00	5.425	5.445	5.345	5.41	233
23.11.2020 00:00	5.46	5.46	5.16	5.25	4005
24.11.2020 00:00	5.25	5.325	5.165	5.2	1912
25.11.2020 00:00	5.175	5.325	5.085	5.19	2567
26.11.2020 00:00	5.12	5.325	5.08	5.315	8686
27.11.2020 00:00	5.11	5.32	5.095	5.12	6322
30.11.2020 00:00	5.19	5.295	5.08	5.12	1718
01.12.2020 00:00	5.14	5.14	5.03	5.11	2714
02.12.2020 00:00	5.19	5.245	5.085	5.095	1414
03.12.2020 00:00	5.155	5.16	5.08	5.15	3250
04.12.2020 00:00	5.15	5.205	4.995	5.125	2754
07.12.2020 00:00	5.165	5.215	5.085	5.15	1958
08.12.2020 00:00	5.16	5.16	5.08	5.095	1179
09.12.2020 00:00	5.165	5.175	5.075	5.17	5501
10.12.2020 00:00	5.11	5.17	5.07	5.09	1683
11.12.2020 00:00	5.12	5.15	5.07	5.15	1615
14.12.2020 00:00	5.095	5.24	5.095	5.16	4332
15.12.2020 00:00	5.18	5.19	5.095	5.11	697
16.12.2020 00:00	5.115	5.2	5.115	5.175	1603
17.12.2020 00:00	5.19	5.24	5.095	5.155	632
18.12.2020 00:00	5.14	5.17	5.125	5.16	194
21.12.2020 00:00	5.15	5.18	5.015	5.125	745
22.12.2020 00:00	5.105	5.125	4.96	5.005	1600
23.12.2020 00:00	4.995	5.08	4.98	5.005	2605
24.12.2020 00:00	5.05	5.075	4.95	5.01	1169
25.12.2020 00:00	5.16	5.16	4.9	4.995	1385
28.12.2020 00:00	4.95	5.085	4.91	4.925	496
29.12.2020 00:00	4.91	5.04	4.9	5.01	215
30.12.2020 00:00	4.91	5.075	4.91	5.035	662
04.01.2021 00:00	5.085	5.58	5.085	5.345	4406
05.01.2021 00:00	5.45	5.45	5.075	5.295	507
06.01.2021 00:00	5.29	5.415	5.23	5.36	2966
08.01.2021 00:00	5.365	5.495	5.2	5.485	7264
11.01.2021 00:00	5.415	5.585	5.345	5.5	3262
12.01.2021 00:00	5.405	5.785	5.325	5.39	1048
13.01.2021 00:00	5.525	5.53	5.245	5.29	1106
14.01.2021 00:00	5.24	5.325	5.24	5.275	220
15.01.2021 00:00	5.24	5.51	5.24	5.45	3909
18.01.2021 00:00	5.3	5.595	5.3	5.535	2952
19.01.2021 00:00	5.7	5.7	5.43	5.525	2257
20.01.2021 00:00	5.625	5.72	5.41	5.425	297
21.01.2021 00:00	5.41	5.795	5.34	5.61	4988
22.01.2021 00:00	5.58	5.885	5.43	5.875	2500
25.01.2021 00:00	5.98	6.375	5.92	6.19	12616
26.01.2021 00:00	6.215	6.385	5.92	6.095	4854
27.01.2021 00:00	6.175	6.175	5.9350000000000005	5.99	659
28.01.2021 00:00	6.165	6.165	6.015000000000001	6.03	397
29.01.2021 00:00	6.175	6.175	6.005	6.035	675
01.02.2021 00:00	5.995	6.095	5.9350000000000005	5.9350000000000005	1799
02.02.2021 00:00	5.985	5.99	5.76	5.83	1628
03.02.2021 00:00	5.82	6.085	5.82	5.955	4466
04.02.2021 00:00	6.01	6.095	5.91	5.99	2098
05.02.2021 00:00	5.91	6.18	5.91	6.165	3045
08.02.2021 00:00	6.18	6.23	6.035	6.16	1114
09.02.2021 00:00	6.205	6.205	6.01	6.07	1213
10.02.2021 00:00	6.115	6.285	6.01	6.15	2983
11.02.2021 00:00	6.205	6.45	6.09	6.09	184
12.02.2021 00:00	6.105	6.125	6.035	6.115	508
15.02.2021 00:00	6.2	6.22	6.095	6.18	2634
16.02.2021 00:00	6.165	6.415	6.09	6.33	5157
17.02.2021 00:00	6.32	6.7	6.32	6.38	5318
18.02.2021 00:00	6.49	6.735	6.15	6.415	3602
19.02.2021 00:00	6.495	6.585	6.25	6.38	987
20.02.2021 00:00	6.495	6.495	6.32	6.44	61
22.02.2021 00:00	6.5	6.735	6.325	6.585	588
24.02.2021 00:00	6.63	6.75	6.315	6.45	598
25.02.2021 00:00	6.595	6.675	6.295	6.66	1795
26.02.2021 00:00	6.67	6.755	6.41	6.695	867
01.03.2021 00:00	6.715	6.715	6.635	6.635	182
02.03.2021 00:00	6.715	7.075	6.535	6.7	716
03.03.2021 00:00	6.65	6.995	6.595	6.91	5134
04.03.2021 00:00	6.6850000000000005	7.03	6.65	6.65	525
05.03.2021 00:00	6.625	6.71	6.335	6.365	784
09.03.2021 00:00	6.79	6.875	6.195	6.45	2436
10.03.2021 00:00	6.640000000000001	6.640000000000001	6.345	6.45	404
11.03.2021 00:00	6.635	6.705	6.37	6.585	522
12.03.2021 00:00	6.7	6.855	6.545	6.7	996
15.03.2021 00:00	6.88	6.88	6.545	6.575	986
16.03.2021 00:00	6.695	6.835	6.51	6.575	583
17.03.2021 00:00	6.7	6.7	6.37	6.495	587
18.03.2021 00:00	6.640000000000001	6.640000000000001	6.375	6.45	283
19.03.2021 00:00	6.405	6.405	6.305	6.365	1261
22.03.2021 00:00	6.26	6.385	6.26	6.265000000000001	214
23.03.2021 00:00	6.67	6.67	6.205	6.26	408
24.03.2021 00:00	6.255	6.335	5.795	6.11	2685
25.03.2021 00:00	5.995	6.12	5.825	5.845	731
26.03.2021 00:00	5.835	6.495	5.835	6.275	1265
29.03.2021 00:00	6.16	6.45	6.125	6.3	511
30.03.2021 00:00	6.44	6.44	6.085	6.295	1222
31.03.2021 00:00	6.295	6.36	6.2	6.315	661
01.04.2021 00:00	6.18	6.3	6.18	6.25	132
02.04.2021 00:00	6.2	6.295	6.2	6.295	114
05.04.2021 00:00	6.16	6.355	6.16	6.175	437
06.04.2021 00:00	6.34	6.45	6.17	6.335	805
07.04.2021 00:00	6.105	6.55	6.105	6.465	2458
08.04.2021 00:00	6.525	6.53	6.4	6.43	1456
09.04.2021 00:00	6.4	6.41	6.155	6.4	1363
12.04.2021 00:00	6.425	6.425	6.25	6.305	35
13.04.2021 00:00	6.49	6.49	6.265000000000001	6.28	205
14.04.2021 00:00	6.255	6.4	6.25	6.325	171
15.04.2021 00:00	6.285	6.38	6.215	6.215	428
16.04.2021 00:00	6.49	6.545	6.25	6.33	348
19.04.2021 00:00	6.29	6.29	6.125	6.23	954
20.04.2021 00:00	6.18	6.21	6.085	6.140000000000001	787
21.04.2021 00:00	6.045	6.28	5.995	6.21	1101
22.04.2021 00:00	6.44	6.44	5.995	6.295	859
23.04.2021 00:00	6.345	6.345	6.18	6.19	297
26.04.2021 00:00	6.095	6.38	6.045	6.12	649
27.04.2021 00:00	6.025	6.175	6.025	6.095	532
28.04.2021 00:00	6.2	6.2	6.11	6.11	8
29.04.2021 00:00	6.195	6.195	6.05	6.085	429
30.04.2021 00:00	6.17	6.245	5.9	6.025	522
04.05.2021 00:00	5.985	6.07	5.8	5.945	1574
05.05.2021 00:00	5.945	5.995	5.9	5.985	82
06.05.2021 00:00	5.99	6.095	5.765	6.03	1749
07.05.2021 00:00	5.91	6.4	5.845	6.16	767
10.05.2021 00:00	6.01	6.355	5.995	6.335	382
11.05.2021 00:00	6.34	6.345	6.08	6.115	536
12.05.2021 00:00	6.4	6.4	6.03	6.12	187
13.05.2021 00:00	6.19	6.195	5.995	5.995	1059
14.05.2021 00:00	6.01	6.325	5.95	6.0	789
17.05.2021 00:00	6.140000000000001	6.140000000000001	5.95	5.96	480
18.05.2021 00:00	5.955	6.17	5.95	6.015000000000001	139
19.05.2021 00:00	5.95	6.03	5.835	5.86	737
20.05.2021 00:00	5.9	5.95	5.745	5.905	2251
21.05.2021 00:00	5.95	5.97	5.75	5.965	530
24.05.2021 00:00	5.95	6.140000000000001	5.825	5.865	247
25.05.2021 00:00	5.91	5.98	5.825	5.825	43
26.05.2021 00:00	5.88	5.88	5.74	5.76	634
27.05.2021 00:00	5.8	5.8100000000000005	5.66	5.765	525
28.05.2021 00:00	5.765	5.765	5.545	5.665	557
31.05.2021 00:00	5.595	5.945	5.575	5.8100000000000005	426
01.06.2021 00:00	5.925	5.95	5.795	5.95	742
02.06.2021 00:00	5.995	6.095	5.745	5.86	1027
03.06.2021 00:00	5.865	5.995	5.865	5.99	189
04.06.2021 00:00	5.99	5.99	5.855	5.99	5
07.06.2021 00:00	5.9350000000000005	5.9350000000000005	5.785	5.795	535
08.06.2021 00:00	5.86	5.86	5.78	5.78	197
09.06.2021 00:00	5.83	5.84	5.83	5.835	779
10.06.2021 00:00	5.785	6.16	5.675	5.715	2508
11.06.2021 00:00	5.74	5.74	5.675	5.675	1615
14.06.2021 00:00	5.735	5.735	5.675	5.7	93
15.06.2021 00:00	5.735	5.735	5.61	5.6850000000000005	134
16.06.2021 00:00	5.675	5.7	5.64	5.695	123
17.06.2021 00:00	5.705	5.705	5.635	5.64	98
18.06.2021 00:00	5.635	5.6850000000000005	5.635	5.6850000000000005	69
21.06.2021 00:00	5.65	5.6850000000000005	5.625	5.625	77
22.06.2021 00:00	5.625	5.665	5.595	5.665	154
23.06.2021 00:00	5.67	5.95	5.65	5.865	1750
24.06.2021 00:00	5.95	5.95	5.8	5.825	184
25.06.2021 00:00	5.98	5.995	5.86	5.905	1292
28.06.2021 00:00	5.99	5.99	5.82	5.945	112
29.06.2021 00:00	5.99	5.99	5.74	5.785	456
30.06.2021 00:00	5.89	5.89	5.715	5.8	97
01.07.2021 00:00	5.74	5.785	5.735	5.735	74
02.07.2021 00:00	5.735	5.745	5.7	5.715	248
05.07.2021 00:00	5.755	5.89	5.72	5.825	132
06.07.2021 00:00	5.825	5.83	5.825	5.825	800
07.07.2021 00:00	5.83	5.83	5.83	5.83	3
08.07.2021 00:00	5.735	5.755	5.705	5.74	160
09.07.2021 00:00	5.7	5.745	5.67	5.7	205
12.07.2021 00:00	5.7	5.7	5.66	5.66	49
13.07.2021 00:00	5.655	5.7	5.65	5.7	31
14.07.2021 00:00	5.7	5.7	5.66	5.6850000000000005	35
15.07.2021 00:00	5.6850000000000005	5.695	5.635	5.635	117
16.07.2021 00:00	5.635	5.635	4.995	5.24	4499
19.07.2021 00:00	5.24	5.295	4.995	4.995	588
20.07.2021 00:00	5.095	5.095	4.995	5.04	320
21.07.2021 00:00	5.005	5.05	4.95	4.995	519
22.07.2021 00:00	5.005	5.01	4.95	4.995	411
23.07.2021 00:00	5.0	5.005	4.99	4.99	793
26.07.2021 00:00	4.98	5.005	4.755	4.965	786
27.07.2021 00:00	4.98	4.995	4.9350000000000005	4.955	361
28.07.2021 00:00	4.925	4.925	4.65	4.7	2335
29.07.2021 00:00	4.7	4.7	4.675	4.695	412
30.07.2021 00:00	4.7	4.7	4.67	4.7	300
02.08.2021 00:00	4.7	4.7	4.67	4.675	129
03.08.2021 00:00	4.7	4.7	4.495	4.7	295
04.08.2021 00:00	4.7	4.7	4.525	4.67	119
05.08.2021 00:00	4.665	4.7	4.605	4.625	420
06.08.2021 00:00	4.675	4.675	4.595	4.67	461
09.08.2021 00:00	4.62	4.675	4.595	4.655	410
10.08.2021 00:00	4.66	4.665	4.495	4.59	885
11.08.2021 00:00	4.66	4.66	4.585	4.635	148
12.08.2021 00:00	4.66	4.66	3.975	3.995	24762
13.08.2021 00:00	3.995	3.995	3.95	3.955	2813
16.08.2021 00:00	3.99	3.995	3.935	3.98	740
17.08.2021 00:00	3.975	3.98	3.91	3.975	867
18.08.2021 00:00	3.99	3.995	3.93	3.93	546
19.08.2021 00:00	3.975	3.995	3.935	3.98	1169
20.08.2021 00:00	3.99	3.99	3.875	3.895	944
23.08.2021 00:00	3.955	5.09	2.805	3.6	286722
24.08.2021 00:00	3.705	3.7800000000000002	3.4050000000000002	3.59	21965
25.08.2021 00:00	3.64	3.645	3.43	3.565	7014
26.08.2021 00:00	3.58	3.835	3.495	3.71	22676
27.08.2021 00:00	3.795	3.835	3.575	3.68	5671
30.08.2021 00:00	3.7800000000000002	3.85	3.62	3.795	9477
31.08.2021 00:00	3.815	4.12	3.81	3.89	16001
01.09.2021 00:00	4.045	4.045	3.75	3.895	3496
02.09.2021 00:00	3.96	3.96	3.765	3.84	2059
03.09.2021 00:00	3.89	3.89	3.75	3.89	4097
06.09.2021 00:00	3.88	4.23	3.85	3.895	20693
07.09.2021 00:00	3.91	3.955	3.815	3.87	3370
08.09.2021 00:00	3.87	3.96	3.795	3.955	2151
09.09.2021 00:00	4.2	4.2	3.83	3.9650000000000003	3138
10.09.2021 00:00	3.99	4.095	3.85	4.095	10328
13.09.2021 00:00	3.995	4.28	3.995	4.22	4815
14.09.2021 00:00	4.245	4.32	4.14	4.285	4428
15.09.2021 00:00	4.285	4.37	4.15	4.29	3222
16.09.2021 00:00	4.37	4.37	4.195	4.2	1844
17.09.2021 00:00	4.255	4.28	4.0	4.175	1464
20.09.2021 00:00	3.995	4.215	3.815	4.035	2024
21.09.2021 00:00	3.935	4.195	3.93	4.035	1520
22.09.2021 00:00	4.14	4.14	3.95	3.95	3308
23.09.2021 00:00	3.9650000000000003	4.065	3.875	3.92	2506
24.09.2021 00:00	3.96	4.245	3.805	3.89	5736
27.09.2021 00:00	3.9650000000000003	4.15	3.89	3.89	9088
28.09.2021 00:00	3.95	3.995	3.91	3.975	2594
29.09.2021 00:00	3.935	4.09	3.935	3.975	1054
30.09.2021 00:00	3.94	3.96	3.895	3.9050000000000002	2403
01.10.2021 00:00	3.93	3.93	3.85	3.895	1279
04.10.2021 00:00	3.895	3.915	3.85	3.915	1214
05.10.2021 00:00	3.915	3.915	3.815	3.825	2387
06.10.2021 00:00	3.825	3.87	3.6	3.795	4474
07.10.2021 00:00	3.795	3.875	3.765	3.875	1956
08.10.2021 00:00	3.875	4.075	3.875	3.955	7071
11.10.2021 00:00	4.07	4.07	3.895	3.995	2319
12.10.2021 00:00	4.005	4.205	3.995	4.15	14927
13.10.2021 00:00	4.16	4.49	4.075	4.335	38874
14.10.2021 00:00	4.495	4.495	4.16	4.285	18906
15.10.2021 00:00	4.365	4.45	4.22	4.295	10359
18.10.2021 00:00	4.295	4.39	4.19	4.285	9378
19.10.2021 00:00	4.245	4.96	4.245	4.795	50086
20.10.2021 00:00	4.9	5.245	4.495	4.75	29546
21.10.2021 00:00	4.7	4.82	4.585	4.61	8706
22.10.2021 00:00	4.62	4.71	4.515	4.575	3660
25.10.2021 00:00	4.47	4.495	4.28	4.41	14896
26.10.2021 00:00	4.455	4.525	4.265	4.37	2914
27.10.2021 00:00	4.43	4.51	4.28	4.415	5088
28.10.2021 00:00	4.46	4.49	4.19	4.39	4716
29.10.2021 00:00	4.495	4.59	4.305	4.45	3031
01.11.2021 00:00	4.345	4.45	4.29	4.365	2259
02.11.2021 00:00	4.515	4.575	4.3	4.41	4947
03.11.2021 00:00	4.42	4.49	4.245	4.3	3258
05.11.2021 00:00	4.34	4.41	4.2	4.325	2133
08.11.2021 00:00	4.38	4.525	4.315	4.33	1530
09.11.2021 00:00	4.275	4.405	4.275	4.28	1864
10.11.2021 00:00	4.325	4.495	4.28	4.325	1751
11.11.2021 00:00	4.325	4.385	3.895	4.105	11317
12.11.2021 00:00	4.235	4.295	3.995	4.11	5286
15.11.2021 00:00	4.12	4.17	4.075	4.16	1977
16.11.2021 00:00	4.175	4.215	4.105	4.155	1465
17.11.2021 00:00	4.18	4.285	4.095	4.14	976
18.11.2021 00:00	4.14	4.265	3.99	4.075	8498
19.11.2021 00:00	4.075	4.11	3.935	4.03	1991
22.11.2021 00:00	4.05	4.05	3.895	3.935	757
23.11.2021 00:00	3.95	3.995	3.9050000000000002	3.95	1140
24.11.2021 00:00	3.95	4.005	3.915	3.935	540
25.11.2021 00:00	3.93	4.085	3.895	3.975	1146
26.11.2021 00:00	3.955	3.96	3.915	3.915	1304
29.11.2021 00:00	3.955	4.005	3.895	3.895	1636
30.11.2021 00:00	3.89	3.935	3.74	3.795	3377
01.12.2021 00:00	3.805	3.96	3.67	3.815	4737
02.12.2021 00:00	3.825	3.825	3.745	3.7800000000000002	2164
03.12.2021 00:00	3.77	3.7800000000000002	3.74	3.74	765
06.12.2021 00:00	3.7800000000000002	3.785	3.725	3.765	331
07.12.2021 00:00	3.765	3.785	3.6	3.6	1628
08.12.2021 00:00	3.685	3.715	3.645	3.7	1249
09.12.2021 00:00	3.7	3.895	3.645	3.81	1189
10.12.2021 00:00	3.785	3.795	3.6550000000000002	3.7800000000000002	933
13.12.2021 00:00	3.79	3.815	3.665	3.71	1657
14.12.2021 00:00	3.68	3.825	3.645	3.68	560
15.12.2021 00:00	3.7	3.74	3.7	3.71	1940
16.12.2021 00:00	3.745	3.85	3.745	3.75	491
17.12.2021 00:00	3.74	3.865	3.74	3.81	299
20.12.2021 00:00	3.85	3.96	3.75	3.795	391
21.12.2021 00:00	3.795	3.81	3.7	3.77	830
22.12.2021 00:00	3.765	3.795	3.62	3.785	931
23.12.2021 00:00	3.785	3.835	3.765	3.765	514
24.12.2021 00:00	3.765	3.765	3.73	3.73	501
27.12.2021 00:00	3.73	3.745	3.615	3.685	1384
28.12.2021 00:00	3.68	3.69	3.625	3.6550000000000002	2466
29.12.2021 00:00	3.66	3.68	3.64	3.68	545
30.12.2021 00:00	3.68	3.795	3.64	3.73	1735
03.01.2022 00:00	3.725	3.765	3.64	3.765	994
04.01.2022 00:00	3.785	3.795	3.725	3.7800000000000002	447
05.01.2022 00:00	3.79	3.795	3.755	3.765	265
06.01.2022 00:00	3.74	3.805	3.74	3.79	468
10.01.2022 00:00	3.805	3.865	3.74	3.785	191
11.01.2022 00:00	3.785	3.995	3.715	3.745	1963
12.01.2022 00:00	3.7800000000000002	3.865	3.73	3.765	558
13.01.2022 00:00	3.73	3.77	3.665	3.725	479
14.01.2022 00:00	3.755	3.755	3.66	3.715	533
17.01.2022 00:00	3.66	3.725	3.645	3.705	2242
18.01.2022 00:00	3.71	3.71	3.35	3.475	2677
19.01.2022 00:00	3.465	3.605	3.45	3.535	647
20.01.2022 00:00	3.495	3.58	3.495	3.555	1586
21.01.2022 00:00	3.475	3.6	3.475	3.58	256
24.01.2022 00:00	3.535	3.555	3.37	3.375	1497
25.01.2022 00:00	3.41	3.645	3.37	3.415	1129
26.01.2022 00:00	3.415	3.545	3.41	3.43	1106
27.01.2022 00:00	3.46	3.495	3.415	3.475	687
28.01.2022 00:00	3.63	3.63	3.45	3.535	776
31.01.2022 00:00	3.52	3.575	3.415	3.475	1878
01.02.2022 00:00	3.495	3.545	3.41	3.44	1083
02.02.2022 00:00	3.44	3.785	3.41	3.585	5957
03.02.2022 00:00	3.545	3.6	3.46	3.475	1143
04.02.2022 00:00	3.495	3.495	3.4050000000000002	3.44	1232
07.02.2022 00:00	3.435	3.475	3.41	3.455	376
08.02.2022 00:00	3.475	3.59	3.43	3.5300000000000002	1161
09.02.2022 00:00	3.5300000000000002	3.645	3.5300000000000002	3.605	413
10.02.2022 00:00	3.64	3.785	3.6	3.715	1006
11.02.2022 00:00	3.715	3.715	3.515	3.54	847
14.02.2022 00:00	3.575	3.6	3.495	3.54	317
15.02.2022 00:00	3.56	3.67	3.515	3.545	490
16.02.2022 00:00	3.56	3.63	3.505	3.545	581
17.02.2022 00:00	3.515	3.515	3.49	3.5	699
18.02.2022 00:00	3.5300000000000002	3.535	3.43	3.475	830
21.02.2022 00:00	3.495	3.505	2.995	3.105	2876
22.02.2022 00:00	2.98	3.2800000000000002	2.805	3.06	3536
24.02.2022 00:00	3.18	3.185	1.84	2.315	2196
25.02.2022 00:00	2.84	3.055	2.1	2.79	1367
28.03.2022 00:00	2.56	2.98	2.035	2.575	798
29.03.2022 00:00	2.91	2.91	2.495	2.625	1763
30.03.2022 00:00	2.68	2.87	2.4050000000000002	2.705	654
31.03.2022 00:00	2.68	2.955	2.64	2.95	2100
01.04.2022 00:00	2.87	3.915	2.7	3.245	11746
04.04.2022 00:00	3.245	3.255	2.995	3.22	3116
05.04.2022 00:00	3.22	3.285	2.995	3.075	1399
06.04.2022 00:00	3.085	3.16	2.98	3.055	1256
07.04.2022 00:00	3.065	3.14	2.995	3.12	1283
08.04.2022 00:00	3.015	3.12	2.995	3.035	1272
11.04.2022 00:00	3.02	3.16	2.975	3.02	1005
12.04.2022 00:00	2.99	3.2800000000000002	2.93	3.055	773
13.04.2022 00:00	3.045	3.08	2.95	3.06	1252
14.04.2022 00:00	2.99	3.14	2.955	2.995	2974
15.04.2022 00:00	2.98	3.1	2.895	3.055	1468
18.04.2022 00:00	3.055	3.14	2.95	3.02	1237
19.04.2022 00:00	3.025	3.495	2.965	3.14	7462
20.04.2022 00:00	3.295	3.895	3.06	3.12	19061
21.04.2022 00:00	3.245	3.245	2.995	3.06	2678
22.04.2022 00:00	3.08	3.105	3.025	3.055	418
25.04.2022 00:00	3.0	3.305	2.745	2.915	5894
26.04.2022 00:00	2.88	2.975	2.88	2.93	917
27.04.2022 00:00	2.92	3.015	2.91	2.98	1395
28.04.2022 00:00	2.98	3.005	2.91	2.95	770
29.04.2022 00:00	2.96	2.975	2.95	2.95	140
04.05.2022 00:00	2.975	2.995	2.93	2.935	378
05.05.2022 00:00	2.93	2.975	2.89	2.96	1210
06.05.2022 00:00	2.955	2.975	2.895	2.895	917
11.05.2022 00:00	2.9050000000000002	2.965	2.87	2.895	571
12.05.2022 00:00	2.9050000000000002	2.92	2.85	2.85	532
13.05.2022 00:00	2.855	2.91	2.855	2.9050000000000002	506
16.05.2022 00:00	2.94	2.95	2.855	2.89	374
17.05.2022 00:00	2.87	2.95	2.87	2.93	1298
18.05.2022 00:00	2.92	2.94	2.815	2.895	1576
19.05.2022 00:00	2.875	2.96	2.875	2.955	431
20.05.2022 00:00	2.93	2.965	2.91	2.935	510
23.05.2022 00:00	2.915	2.93	2.83	2.895	2022
24.05.2022 00:00	2.88	2.915	2.7	2.765	1543
25.05.2022 00:00	2.785	2.87	2.785	2.855	804
26.05.2022 00:00	2.855	2.89	2.795	2.89	525
27.05.2022 00:00	2.855	2.89	2.85	2.89	287
30.05.2022 00:00	2.865	2.875	2.7800000000000002	2.795	428
31.05.2022 00:00	2.815	2.835	2.795	2.81	77
01.06.2022 00:00	2.805	2.835	2.795	2.81	138
02.06.2022 00:00	2.83	2.85	2.77	2.795	180
03.06.2022 00:00	2.785	2.85	2.7800000000000002	2.83	243
06.06.2022 00:00	2.85	2.85	2.71	2.785	208
07.06.2022 00:00	2.91	3.875	2.91	3.08	59689
08.06.2022 00:00	3.14	3.14	2.88	2.9050000000000002	8224
09.06.2022 00:00	2.9050000000000002	3.095	2.85	3.02	3009
10.06.2022 00:00	3.035	3.065	2.895	2.975	755
14.06.2022 00:00	2.85	3.035	2.795	2.955	1649
15.06.2022 00:00	2.92	2.995	2.895	2.975	266
16.06.2022 00:00	2.955	2.975	2.89	2.965	671
17.06.2022 00:00	2.995	3.045	2.93	3.045	1412
20.06.2022 00:00	3.06	3.08	2.895	3.0	1342
21.06.2022 00:00	3.0	3.08	2.85	2.93	6507
22.06.2022 00:00	2.93	2.975	2.915	2.955	891
23.06.2022 00:00	2.955	2.995	2.93	2.975	607
24.06.2022 00:00	2.94	3.015	2.935	2.975	241
27.06.2022 00:00	2.975	3.13	2.955	3.08	1433
28.06.2022 00:00	3.08	3.33	2.995	3.065	3078
29.06.2022 00:00	3.14	3.14	2.965	3.02	232
30.06.2022 00:00	3.005	3.085	2.765	2.89	2793
01.07.2022 00:00	2.955	2.99	2.755	2.87	2051
04.07.2022 00:00	2.96	2.96	2.805	2.89	1747
05.07.2022 00:00	2.88	2.93	2.835	2.865	1133
06.07.2022 00:00	2.855	2.89	2.795	2.89	2618
07.07.2022 00:00	2.895	2.91	2.83	2.87	505
08.07.2022 00:00	2.855	2.895	2.85	2.895	467
11.07.2022 00:00	2.895	2.895	2.805	2.855	505
12.07.2022 00:00	2.855	2.87	2.835	2.87	252
13.07.2022 00:00	2.85	2.87	2.79	2.85	1452
14.07.2022 00:00	2.85	2.915	2.805	2.855	1641
15.07.2022 00:00	2.87	2.94	2.83	2.875	521
18.07.2022 00:00	2.92	2.935	2.805	2.85	200
19.07.2022 00:00	2.84	2.875	2.805	2.87	609
20.07.2022 00:00	2.875	2.89	2.83	2.87	362
21.07.2022 00:00	2.87	2.87	2.83	2.84	69
22.07.2022 00:00	2.865	2.91	2.865	2.89	302
25.07.2022 00:00	2.88	2.91	2.87	2.88	409
26.07.2022 00:00	2.88	3.1	2.88	3.0	1419
27.07.2022 00:00	3.035	3.035	2.915	2.93	863
28.07.2022 00:00	2.95	3.065	2.93	2.965	271
29.07.2022 00:00	2.975	3.045	2.93	2.95	521
01.08.2022 00:00	2.95	3.055	2.895	2.93	508
02.08.2022 00:00	2.92	2.955	2.9050000000000002	2.935	121
03.08.2022 00:00	2.95	3.015	2.95	3.0	1092
04.08.2022 00:00	3.0	3.04	2.93	2.935	1683
05.08.2022 00:00	2.94	2.96	2.895	2.9050000000000002	750
08.08.2022 00:00	2.9050000000000002	2.93	2.795	2.85	5449
09.08.2022 00:00	2.85	2.85	2.795	2.85	691
10.08.2022 00:00	2.815	2.995	2.795	2.88	1659
11.08.2022 00:00	2.975	2.995	2.875	2.88	708
12.08.2022 00:00	2.85	2.92	2.85	2.915	548
15.08.2022 00:00	2.96	2.96	2.88	2.92	568
16.08.2022 00:00	2.93	2.93	2.85	2.915	786
17.08.2022 00:00	2.93	2.975	2.91	2.955	1587
18.08.2022 00:00	2.93	2.975	2.915	2.935	297
19.08.2022 00:00	2.92	2.95	2.875	2.91	400
22.08.2022 00:00	2.92	2.93	2.89	2.92	70
23.08.2022 00:00	2.93	2.96	2.915	2.96	82
24.08.2022 00:00	2.965	2.975	2.91	2.955	834
25.08.2022 00:00	2.975	2.975	2.87	2.96	317
26.08.2022 00:00	2.96	2.96	2.93	2.96	71
29.08.2022 00:00	2.975	3.1	2.95	3.02	595
30.08.2022 00:00	2.93	3.08	2.93	3.015	748
31.08.2022 00:00	2.93	2.995	2.93	2.995	751
01.09.2022 00:00	3.0	3.095	2.995	3.02	1235
02.09.2022 00:00	3.08	3.08	2.995	3.015	624
05.09.2022 00:00	3.015	3.04	3.005	3.015	1489
06.09.2022 00:00	3.015	3.045	2.975	3.015	2656
07.09.2022 00:00	3.0	3.095	2.96	3.005	1607
08.09.2022 00:00	3.005	3.23	2.995	3.045	1949
09.09.2022 00:00	3.065	3.115	3.0	3.055	361
12.09.2022 00:00	3.1	3.1	3.015	3.06	1773
13.09.2022 00:00	3.1	3.2	3.055	3.1	2659
14.09.2022 00:00	3.14	3.19	3.055	3.19	1345
15.09.2022 00:00	3.19	3.955	3.16	3.315	58179
16.09.2022 00:00	3.24	3.295	3.04	3.085	25055
19.09.2022 00:00	3.15	3.515	3.015	3.23	18130
20.09.2022 00:00	3.25	3.285	3.1	3.18	4917
21.09.2022 00:00	3.045	3.095	2.935	3.085	3237
22.09.2022 00:00	3.085	3.18	2.955	2.965	2380
23.09.2022 00:00	3.035	3.055	2.815	2.895	2247
26.09.2022 00:00	2.83	2.96	2.64	2.7	1956
27.09.2022 00:00	2.7	2.91	2.585	2.66	1491
28.09.2022 00:00	2.66	2.81	2.515	2.66	1562
29.09.2022 00:00	2.6	2.745	2.5300000000000002	2.6	433
30.09.2022 00:00	2.52	2.625	2.455	2.475	2510
03.10.2022 00:00	2.535	2.6	2.415	2.59	833
04.10.2022 00:00	2.515	2.645	2.515	2.615	894
05.10.2022 00:00	2.64	2.7	2.555	2.625	1296
06.10.2022 00:00	2.625	2.69	2.545	2.56	1260
07.10.2022 00:00	2.56	2.565	2.42	2.435	2110
10.10.2022 00:00	2.435	2.585	2.41	2.545	1411
11.10.2022 00:00	2.535	2.555	2.505	2.5300000000000002	305
12.10.2022 00:00	2.52	2.745	2.52	2.725	2890
13.10.2022 00:00	2.715	2.795	2.6	2.725	755
14.10.2022 00:00	2.785	2.785	2.64	2.7	305
17.10.2022 00:00	2.745	2.745	2.615	2.71	1065
18.10.2022 00:00	2.73	2.77	2.685	2.71	564
19.10.2022 00:00	2.715	2.715	2.66	2.68	224
20.10.2022 00:00	2.7	2.71	2.69	2.71	190
21.10.2022 00:00	2.755	2.765	2.62	2.68	562
24.10.2022 00:00	2.7	2.795	2.68	2.75	448
25.10.2022 00:00	2.765	2.855	2.6550000000000002	2.785	1468
26.10.2022 00:00	2.805	2.805	2.67	2.765	1389
27.10.2022 00:00	2.84	2.87	2.715	2.79	1350
28.10.2022 00:00	2.795	2.92	2.745	2.87	2171
31.10.2022 00:00	2.87	2.94	2.705	2.85	1383
01.11.2022 00:00	2.84	2.87	2.84	2.87	315
02.11.2022 00:00	2.85	2.95	2.85	2.87	1047
03.11.2022 00:00	2.865	2.95	2.79	2.85	1624
07.11.2022 00:00	2.865	2.89	2.745	2.83	2718
08.11.2022 00:00	2.815	2.98	2.815	2.94	2433
09.11.2022 00:00	2.92	2.92	2.835	2.875	453
10.11.2022 00:00	2.875	2.955	2.87	2.89	2030
11.11.2022 00:00	2.89	2.965	2.85	2.91	572
14.11.2022 00:00	2.91	2.995	2.88	2.975	1330
15.11.2022 00:00	2.975	3.0	2.895	2.935	953
16.11.2022 00:00	2.935	2.95	2.915	2.92	108
17.11.2022 00:00	2.935	2.95	2.865	2.895	447
18.11.2022 00:00	2.91	2.91	2.855	2.88	193
21.11.2022 00:00	2.89	2.95	2.87	2.915	403
22.11.2022 00:00	2.95	3.005	2.93	2.93	787
23.11.2022 00:00	2.975	2.995	2.91	2.995	920
24.11.2022 00:00	2.99	3.035	2.99	2.995	1273
25.11.2022 00:00	3.035	3.18	2.96	3.04	1213
28.11.2022 00:00	3.04	3.39	2.99	3.15	2822
29.11.2022 00:00	3.1	3.19	3.045	3.095	628
30.11.2022 00:00	3.1	3.18	3.055	3.15	384
01.12.2022 00:00	3.16	3.18	3.105	3.14	34
02.12.2022 00:00	3.145	3.17	3.08	3.095	181
05.12.2022 00:00	3.08	3.1	2.995	3.075	509
06.12.2022 00:00	3.075	3.075	3.025	3.035	336
07.12.2022 00:00	3.02	3.055	3.015	3.045	79
08.12.2022 00:00	3.055	3.055	3.02	3.02	59
09.12.2022 00:00	3.055	3.055	2.995	2.995	822
12.12.2022 00:00	2.995	2.995	2.99	2.995	472
13.12.2022 00:00	2.995	3.02	2.98	2.995	1070
14.12.2022 00:00	3.0	3.045	2.95	2.995	927
15.12.2022 00:00	2.99	2.995	2.975	2.995	745
16.12.2022 00:00	2.995	3.055	2.98	3.015	1578
19.12.2022 00:00	2.99	3.08	2.965	3.08	4040
20.12.2022 00:00	3.08	3.145	2.995	3.105	4500
21.12.2022 00:00	3.105	3.145	3.025	3.04	555
22.12.2022 00:00	3.02	3.125	2.995	3.1	3720
23.12.2022 00:00	3.1	3.115	3.005	3.045	2495
26.12.2022 00:00	3.02	3.14	3.015	3.055	795
27.12.2022 00:00	3.055	3.055	2.995	2.995	1783
28.12.2022 00:00	2.99	3.045	2.99	3.045	396
29.12.2022 00:00	3.02	3.055	2.99	3.045	1006
30.12.2022 00:00	3.055	3.055	3.015	3.035	37
03.01.2023 00:00	3.045	3.095	3.015	3.055	620
04.01.2023 00:00	3.025	3.065	3.025	3.04	342
05.01.2023 00:00	3.035	3.035	3.0	3.035	670
06.01.2023 00:00	3.035	3.035	2.995	3.025	1010
09.01.2023 00:00	3.025	3.12	3.025	3.06	1072
10.01.2023 00:00	3.06	3.15	3.025	3.12	4057
11.01.2023 00:00	3.14	3.245	3.045	3.18	6656
12.01.2023 00:00	3.18	3.765	3.145	3.255	36320
13.01.2023 00:00	3.2800000000000002	3.34	3.1	3.145	6431
16.01.2023 00:00	3.18	3.33	3.18	3.21	3198
17.01.2023 00:00	3.18	3.355	3.165	3.205	2989
18.01.2023 00:00	3.255	3.29	3.2	3.245	1259
19.01.2023 00:00	3.245	3.285	3.16	3.205	1239
20.01.2023 00:00	3.27	3.2800000000000002	3.205	3.24	644
23.01.2023 00:00	3.22	3.305	3.18	3.225	2999
24.01.2023 00:00	3.205	3.225	3.12	3.16	6994
25.01.2023 00:00	3.16	3.33	3.1	3.15	6580
26.01.2023 00:00	3.16	3.24	3.16	3.17	908
27.01.2023 00:00	3.18	3.18	3.065	3.1	5065
30.01.2023 00:00	3.2	3.21	3.08	3.145	5758
31.01.2023 00:00	3.165	3.165	3.08	3.16	2151
01.02.2023 00:00	3.165	3.34	3.12	3.335	7388
02.02.2023 00:00	3.44	3.545	3.29	3.29	6066
03.02.2023 00:00	3.365	3.395	3.18	3.25	2238
06.02.2023 00:00	3.265	3.88	3.265	3.465	33682
07.02.2023 00:00	3.475	3.515	3.265	3.41	11027
08.02.2023 00:00	3.41	3.45	3.295	3.375	4687
09.02.2023 00:00	3.365	3.435	3.2	3.37	7412
10.02.2023 00:00	3.395	3.4050000000000002	3.305	3.37	1735
13.02.2023 00:00	3.39	3.41	3.33	3.4050000000000002	2242
14.02.2023 00:00	3.4050000000000002	3.415	3.245	3.305	5804
15.02.2023 00:00	3.285	3.7800000000000002	3.2	3.4050000000000002	34409
16.02.2023 00:00	3.455	3.7	3.45	3.515	15270
17.02.2023 00:00	3.59	3.6	3.39	3.495	2682
20.02.2023 00:00	3.495	3.495	3.295	3.33	4103
21.02.2023 00:00	3.33	3.44	3.255	3.355	4393
22.02.2023 00:00	3.35	3.37	3.24	3.34	3479
24.02.2023 00:00	3.35	3.39	3.265	3.35	1262
27.02.2023 00:00	3.38	3.4050000000000002	3.285	3.395	4082
28.02.2023 00:00	3.395	3.395	3.355	3.39	1328
01.03.2023 00:00	3.395	3.49	3.35	3.41	3863
02.03.2023 00:00	3.43	3.43	3.35	3.37	2491
03.03.2023 00:00	3.37	3.435	3.35	3.435	6111
06.03.2023 00:00	3.45	3.52	3.35	3.48	6463
07.03.2023 00:00	3.48	3.495	3.395	3.41	2108
09.03.2023 00:00	3.455	3.52	3.42	3.48	2512
10.03.2023 00:00	3.48	3.535	3.45	3.535	4111
13.03.2023 00:00	3.535	3.545	3.475	3.495	1360
14.03.2023 00:00	3.495	3.54	3.415	3.455	1205
15.03.2023 00:00	3.46	3.5300000000000002	3.46	3.495	1261
16.03.2023 00:00	3.475	3.495	3.395	3.42	823
17.03.2023 00:00	3.43	3.495	3.325	3.38	3109
20.03.2023 00:00	3.375	3.435	3.375	3.43	1444
21.03.2023 00:00	3.43	3.45	3.395	3.42	903
22.03.2023 00:00	3.41	3.415	3.39	3.39	836
23.03.2023 00:00	3.39	3.46	3.37	3.415	2856
24.03.2023 00:00	3.42	3.43	3.38	3.41	2577
27.03.2023 00:00	3.41	3.455	3.41	3.44	5086
28.03.2023 00:00	3.46	3.475	3.375	3.415	2778
29.03.2023 00:00	3.41	3.665	3.41	3.54	12184
30.03.2023 00:00	3.54	3.59	3.45	3.475	5214
31.03.2023 00:00	3.495	3.495	3.415	3.465	2308
03.04.2023 00:00	3.475	3.555	3.44	3.535	3654
04.04.2023 00:00	3.555	3.66	3.395	3.475	9586
05.04.2023 00:00	3.48	3.64	3.45	3.52	5090
06.04.2023 00:00	3.515	3.685	3.5	3.605	14954
07.04.2023 00:00	3.625	3.95	3.535	3.795	25455
10.04.2023 00:00	3.835	3.85	3.67	3.7800000000000002	6922
11.04.2023 00:00	3.745	3.9650000000000003	3.645	3.7	12085
12.04.2023 00:00	3.71	3.95	3.6550000000000002	3.85	15724
13.04.2023 00:00	3.85	3.99	3.765	3.89	15444
14.04.2023 00:00	3.89	3.96	3.795	3.85	4471
17.04.2023 00:00	3.85	3.975	3.815	3.875	4534
18.04.2023 00:00	3.91	4.105	3.755	3.85	13658
19.04.2023 00:00	3.87	3.975	3.745	3.7800000000000002	8578
20.04.2023 00:00	3.825	3.915	3.785	3.825	5042
21.04.2023 00:00	3.85	4.045	3.835	3.955	16554
24.04.2023 00:00	3.9650000000000003	4.345	3.87	4.155	34954
25.04.2023 00:00	4.24	4.375	4.03	4.125	16844
26.04.2023 00:00	4.16	4.48	4.115	4.34	27354
27.04.2023 00:00	4.295	4.495	4.24	4.24	7947
28.04.2023 00:00	4.33	4.33	4.065	4.09	9691
02.05.2023 00:00	4.165	4.165	3.64	3.825	14268
03.05.2023 00:00	3.915	3.93	3.6550000000000002	3.75	5865
04.05.2023 00:00	3.73	3.875	3.73	3.77	1226
05.05.2023 00:00	3.74	3.785	3.6	3.725	1570
08.05.2023 00:00	3.7800000000000002	3.79	3.745	3.785	812
10.05.2023 00:00	3.765	3.835	3.68	3.83	5157
11.05.2023 00:00	3.805	3.915	3.755	3.88	4283
12.05.2023 00:00	3.88	3.915	3.765	3.865	2721
15.05.2023 00:00	3.92	3.92	3.785	3.875	2862
16.05.2023 00:00	3.85	4.095	3.85	3.96	6797
17.05.2023 00:00	3.95	4.175	3.815	4.005	9284
18.05.2023 00:00	4.035	4.355	3.95	4.115	24602
19.05.2023 00:00	4.125	4.38	3.95	4.065	20793
22.05.2023 00:00	4.16	4.16	3.9650000000000003	4.015	5740
23.05.2023 00:00	4.03	4.04	3.93	4.005	951
24.05.2023 00:00	3.98	3.995	3.89	3.955	2651
25.05.2023 00:00	3.93	3.975	3.805	3.92	3724
26.05.2023 00:00	3.89	4.04	3.81	3.96	6151
29.05.2023 00:00	3.9650000000000003	4.285	3.895	4.18	21285
30.05.2023 00:00	4.15	4.195	3.995	4.035	8318
31.05.2023 00:00	4.04	4.13	3.995	4.105	3817
01.06.2023 00:00	4.11	4.12	3.9650000000000003	4.035	3270
02.06.2023 00:00	4.045	4.245	4.005	4.105	13367
05.06.2023 00:00	4.265	4.275	4.105	4.19	3824
06.06.2023 00:00	4.2	4.2	3.95	4.095	5082
07.06.2023 00:00	4.095	4.2	4.04	4.13	6818
08.06.2023 00:00	4.13	4.16	4.025	4.08	8156
09.06.2023 00:00	4.08	4.165	4.075	4.105	4284
13.06.2023 00:00	4.12	4.205	4.045	4.165	8106
14.06.2023 00:00	4.16	4.255	4.12	4.255	6385
15.06.2023 00:00	4.285	5.37	4.16	5.14	368702
16.06.2023 00:00	5.175	5.49	4.595	4.745	107722
19.06.2023 00:00	4.785	4.785	4.4	4.62	45743
20.06.2023 00:00	4.62	4.95	4.45	4.9	42412
21.06.2023 00:00	4.91	4.91	4.635	4.76	30874
22.06.2023 00:00	4.8100000000000005	4.825	4.5600000000000005	4.7	16196
23.06.2023 00:00	4.625	4.7	4.295	4.585	12881
26.06.2023 00:00	4.575	4.7	4.39	4.465	10925
27.06.2023 00:00	4.495	4.62	4.43	4.61	5761
28.06.2023 00:00	4.695	4.715	4.5	4.5600000000000005	14763
29.06.2023 00:00	4.695	4.705	4.51	4.585	6798
30.06.2023 00:00	4.59	4.595	4.515	4.54	2595
03.07.2023 00:00	4.515	4.58	4.495	4.5600000000000005	2097
04.07.2023 00:00	4.5600000000000005	4.625	4.5	4.605	6514
05.07.2023 00:00	4.605	4.7	4.535	4.675	7091
06.07.2023 00:00	4.675	4.675	4.57	4.625	5023
07.07.2023 00:00	4.625	4.63	4.5600000000000005	4.575	3228
10.07.2023 00:00	4.575	4.575	4.5	4.535	4666
11.07.2023 00:00	4.575	4.575	4.135	4.495	10579
12.07.2023 00:00	4.48	4.545	4.41	4.545	5568
13.07.2023 00:00	4.545	4.545	4.345	4.505	9030
14.07.2023 00:00	4.495	4.635	4.45	4.585	10607
17.07.2023 00:00	4.5600000000000005	4.625	4.5600000000000005	4.62	8941
18.07.2023 00:00	4.64	4.735	4.61	4.66	11927
19.07.2023 00:00	4.64	4.945	4.495	4.84	37338
20.07.2023 00:00	4.91	4.9350000000000005	4.7	4.8100000000000005	17207
21.07.2023 00:00	4.8	4.82	4.625	4.82	8177
24.07.2023 00:00	4.87	5.04	4.7	4.965	22607
25.07.2023 00:00	5.055	5.15	4.995	5.135	26823
26.07.2023 00:00	5.17	5.2	4.995	5.08	17109
27.07.2023 00:00	5.12	5.15	5.025	5.14	13428
28.07.2023 00:00	5.16	5.4	5.105	5.275	23794
31.07.2023 00:00	5.305	5.485	5.2	5.29	17178
01.08.2023 00:00	5.365	5.45	5.13	5.42	14403
02.08.2023 00:00	5.4	5.99	5.355	5.84	84825
03.08.2023 00:00	5.865	5.99	5.53	5.875	19252
04.08.2023 00:00	5.9350000000000005	5.995	5.455	5.66	36130
07.08.2023 00:00	5.515	6.49	5.515	6.365	50903
08.08.2023 00:00	6.495	6.495	5.845	6.45	45906
09.08.2023 00:00	6.49	7.9	6.43	7.7	114611
10.08.2023 00:00	7.885	8.195	5.575	6.51	92873
11.08.2023 00:00	6.51	6.735	6.08	6.625	18488
14.08.2023 00:00	6.66	6.845	6.16	6.465	19409
15.08.2023 00:00	6.58	6.58	6.005	6.245	17953
16.08.2023 00:00	6.01	6.34	5.7	5.92	18970
17.08.2023 00:00	5.995	6.085	5.795	6.07	8792
18.08.2023 00:00	6.125	6.24	5.995	6.09	4476
21.08.2023 00:00	6.305	7.095	6.065	6.835	60880
22.08.2023 00:00	7.18	7.18	6.615	6.835	21778
23.08.2023 00:00	6.965	7.055	6.365	6.865	21890
24.08.2023 00:00	6.865	6.91	6.7	6.865	7506
25.08.2023 00:00	6.87	6.99	6.755	6.97	13790
28.08.2023 00:00	7.18	7.7	6.96	7.4	40870
29.08.2023 00:00	7.545	7.7	6.855	7.095	37320
30.08.2023 00:00	7.15	7.155	6.91	6.995	8417
31.08.2023 00:00	6.995	7.095	6.925	7.065	9039
01.09.2023 00:00	7.08	8.870000000000001	6.95	7.795	225307
04.09.2023 00:00	7.9	9.695	7.9	8.785	164942
05.09.2023 00:00	9.085	9.285	8.275	8.695	41918
06.09.2023 00:00	8.925	8.935	8.32	8.48	13746
07.09.2023 00:00	8.48	8.675	7.75	8.105	18142
08.09.2023 00:00	8.015	8.290000000000001	7.65	7.995	15369
11.09.2023 00:00	7.995	8.39	7.8100000000000005	7.9	14149
12.09.2023 00:00	8.16	9.4	7.95	8.56	126953
13.09.2023 00:00	8.845	8.99	8.21	8.525	27794
14.09.2023 00:00	8.695	9.095	6.32	7.445	60231
15.09.2023 00:00	7.055	7.785	6.82	7.640000000000001	18238
18.09.2023 00:00	8.405	8.405	7.495	7.57	24357
19.09.2023 00:00	7.885	7.890000000000001	6.97	7.105	11399
20.09.2023 00:00	6.995	7.140000000000001	5.995	6.785	24959
21.09.2023 00:00	6.65	7.13	6.2	6.2	9633
22.09.2023 00:00	6.495	7.46	6.25	6.6850000000000005	83885
25.09.2023 00:00	6.995	6.995	6.205	6.905	10199
26.09.2023 00:00	6.945	6.985	6.595	6.76	4583
27.09.2023 00:00	6.96	6.99	6.75	6.99	9451
28.09.2023 00:00	7.095	8.24	7.01	7.375	58511
29.09.2023 00:00	7.465	7.465	7.140000000000001	7.365	8468
02.10.2023 00:00	7.5600000000000005	7.57	7.205	7.26	5919
03.10.2023 00:00	7.235	7.45	6.825	7.09	19147
04.10.2023 00:00	7.175	7.175	6.91	7.015000000000001	7909
05.10.2023 00:00	7.015000000000001	7.015000000000001	6.615	6.74	11526
06.10.2023 00:00	6.715	6.86	6.285	6.515000000000001	11937
09.10.2023 00:00	6.595	6.785	6.415	6.7	6844
10.10.2023 00:00	6.6850000000000005	6.890000000000001	6.5600000000000005	6.640000000000001	5539
11.10.2023 00:00	6.775	6.845	6.7	6.74	3651
12.10.2023 00:00	6.735	6.735	6.495	6.5	5808
13.10.2023 00:00	6.57	6.640000000000001	6.325	6.57	4786
16.10.2023 00:00	6.7	6.7	6.44	6.585	5149
17.10.2023 00:00	6.595	6.99	6.49	6.955	14651
18.10.2023 00:00	6.96	7.245	6.855	7.0	10579
19.10.2023 00:00	7.045	7.195	6.865	7.125	6823
20.10.2023 00:00	7.125	7.125	6.825	6.9350000000000005	4052
23.10.2023 00:00	6.9350000000000005	7.0	6.5600000000000005	6.8100000000000005	2181
24.10.2023 00:00	6.92	6.92	6.6850000000000005	6.78	3258
25.10.2023 00:00	6.7	6.86	6.535	6.72	4978
26.10.2023 00:00	6.72	6.9	6.345	6.4	6837
27.10.2023 00:00	6.48	6.885	6.41	6.595	8832
30.10.2023 00:00	6.63	6.8	6.45	6.51	6005
31.10.2023 00:00	6.5	6.59	6.15	6.2	11157
01.11.2023 00:00	6.245	6.33	6.035	6.28	4617
02.11.2023 00:00	6.28	6.42	6.2	6.23	3880
03.11.2023 00:00	6.23	6.36	6.105	6.24	2360
06.11.2023 00:00	6.105	6.345	6.105	6.255	2742
07.11.2023 00:00	6.215	6.45	6.11	6.165	4788
08.11.2023 00:00	6.165	6.265000000000001	6.13	6.2	2283
09.11.2023 00:00	6.2	6.515000000000001	6.19	6.355	9200
10.11.2023 00:00	6.445	6.525	5.92	6.085	13285
13.11.2023 00:00	6.085	6.125	5.595	5.78	13984
14.11.2023 00:00	5.7	5.905	5.4	5.535	12168
15.11.2023 00:00	5.53	5.89	5.37	5.8100000000000005	9466
16.11.2023 00:00	5.825	6.12	5.825	5.925	4868
17.11.2023 00:00	5.965	5.995	5.8100000000000005	5.845	2942
20.11.2023 00:00	5.825	6.115	5.8100000000000005	5.915	3468
21.11.2023 00:00	5.92	5.92	5.8100000000000005	5.8100000000000005	3388
22.11.2023 00:00	5.8100000000000005	5.87	5.71	5.83	1940
23.11.2023 00:00	5.83	5.83	5.3	5.495	4539
24.11.2023 00:00	5.5	5.575	5.3	5.42	3075
27.11.2023 00:00	5.365	5.45	5.045	5.16	3868
28.11.2023 00:00	5.12	5.59	5.07	5.385	6508
29.11.2023 00:00	5.365	5.595	5.295	5.375	5032
30.11.2023 00:00	5.38	5.465	5.12	5.285	4153
01.12.2023 00:00	5.22	5.33	5.125	5.16	2294
04.12.2023 00:00	5.055	5.135	4.775	4.84	8287
05.12.2023 00:00	4.795	4.92	4.575	4.785	9854
06.12.2023 00:00	4.79	4.845	4.655	4.775	1460
07.12.2023 00:00	4.79	4.835	4.53	4.785	4437
08.12.2023 00:00	4.785	5.065	4.65	4.795	3479
11.12.2023 00:00	4.8	4.86	4.53	4.695	3585
12.12.2023 00:00	4.67	4.67	4.575	4.625	1052
13.12.2023 00:00	4.665	4.825	4.65	4.665	4493
14.12.2023 00:00	4.6850000000000005	4.765	4.65	4.67	1733
15.12.2023 00:00	4.66	4.795	4.505	4.765	2622
18.12.2023 00:00	4.79	5.0	4.765	4.92	2770
19.12.2023 00:00	4.92	5.055	4.9	4.955	3018
20.12.2023 00:00	4.995	5.42	4.96	5.325	9360
21.12.2023 00:00	5.325	5.49	5.01	5.16	9932
22.12.2023 00:00	5.295	5.34	5.015	5.26	7663
25.12.2023 00:00	5.255	5.335	5.15	5.19	3421
26.12.2023 00:00	5.16	5.305	4.915	5.16	10344
27.12.2023 00:00	5.2	5.7	5.115	5.325	20650
28.12.2023 00:00	5.295	5.36	5.055	5.135	4606
29.12.2023 00:00	5.135	5.255	5.015	5.035	1972
03.01.2024 00:00	5.015	5.345	5.015	5.295	4733
04.01.2024 00:00	5.4	5.49	5.115	5.175	8478
05.01.2024 00:00	5.2	5.355	5.045	5.255	5725
08.01.2024 00:00	5.245	5.615	5.245	5.545	14844
09.01.2024 00:00	5.53	5.745	5.41	5.65	8682
10.01.2024 00:00	5.735	5.79	5.45	5.695	13600
11.01.2024 00:00	5.7	5.785	5.49	5.73	4882
12.01.2024 00:00	5.785	5.995	5.6850000000000005	5.965	11708
15.01.2024 00:00	5.995	6.245	5.62	5.79	15381
16.01.2024 00:00	5.79	5.99	5.79	5.98	8260
17.01.2024 00:00	5.9350000000000005	6.285	5.9350000000000005	6.125	13559
18.01.2024 00:00	6.125	6.23	6.03	6.04	2806
19.01.2024 00:00	6.04	6.075	5.825	5.985	4268
22.01.2024 00:00	5.99	6.22	5.96	6.135	5688
23.01.2024 00:00	6.15	6.15	6.01	6.12	3057
24.01.2024 00:00	6.135	6.195	5.98	6.135	10036
25.01.2024 00:00	6.16	6.175	6.035	6.12	3654
26.01.2024 00:00	6.13	6.285	6.07	6.09	4837
29.01.2024 00:00	6.15	6.295	6.095	6.22	10106
30.01.2024 00:00	6.22	6.32	6.085	6.105	5051
31.01.2024 00:00	6.095	6.135	5.89	6.015000000000001	5871
01.02.2024 00:00	6.03	6.05	5.635	5.8100000000000005	8519
02.02.2024 00:00	5.855	5.89	5.8	5.8	1740
05.02.2024 00:00	5.8100000000000005	5.915	5.71	5.835	4382
06.02.2024 00:00	5.83	5.83	5.67	5.785	3475
07.02.2024 00:00	5.8100000000000005	5.84	5.74	5.82	2620
08.02.2024 00:00	5.8	5.84	5.74	5.75	1979
09.02.2024 00:00	5.79	5.845	5.455	5.53	7611
12.02.2024 00:00	5.545	5.5600000000000005	5.355	5.41	7788
13.02.2024 00:00	5.41	5.635	5.41	5.55	3616
14.02.2024 00:00	5.5600000000000005	5.635	5.545	5.595	2351
15.02.2024 00:00	5.635	5.695	5.47	5.59	3434
16.02.2024 00:00	5.5600000000000005	5.585	5.49	5.58	2660
19.02.2024 00:00	5.595	5.64	5.495	5.545	1909
20.02.2024 00:00	5.59	5.59	5.36	5.385	3135
21.02.2024 00:00	5.4	5.4	5.15	5.24	7745
22.02.2024 00:00	5.265	5.33	5.205	5.25	2470
26.02.2024 00:00	5.26	5.48	5.26	5.4	2694
27.02.2024 00:00	5.405	5.5	5.375	5.415	1134
28.02.2024 00:00	5.415	5.43	5.33	5.425	3645
29.02.2024 00:00	5.425	5.59	5.38	5.415	3078
01.03.2024 00:00	5.465	5.5600000000000005	5.4	5.495	3283
04.03.2024 00:00	5.535	5.655	5.465	5.54	5286
05.03.2024 00:00	5.615	5.62	5.485	5.49	1467
06.03.2024 00:00	5.49	5.49	5.275	5.39	7006
07.03.2024 00:00	5.365	5.595	5.3	5.535	7261
11.03.2024 00:00	5.605	5.605	5.38	5.455	4490
12.03.2024 00:00	5.525	5.525	5.385	5.45	2510
13.03.2024 00:00	5.48	5.62	5.12	5.43	11531
14.03.2024 00:00	5.47	5.47	5.285	5.365	4154
15.03.2024 00:00	5.34	5.4	5.32	5.325	1078
18.03.2024 00:00	5.355	5.47	5.255	5.365	9251
19.03.2024 00:00	5.37	5.37	5.12	5.25	3580
20.03.2024 00:00	5.25	5.28	5.11	5.12	6702
21.03.2024 00:00	5.105	5.21	4.91	5.08	10499
22.03.2024 00:00	5.085	5.14	4.945	5.01	4916
25.03.2024 00:00	5.015	5.09	4.985	5.085	3447
26.03.2024 00:00	5.15	5.255	5.11	5.195	9203
27.03.2024 00:00	5.2	5.205	5.095	5.14	4362
28.03.2024 00:00	5.14	5.15	5.05	5.11	7902
29.03.2024 00:00	5.08	5.12	5.0	5.095	2406
01.04.2024 00:00	5.095	5.18	4.95	4.97	16497
02.04.2024 00:00	4.995	5.015	4.86	4.91	13074
03.04.2024 00:00	4.9350000000000005	5.075	4.92	5.035	12175
04.04.2024 00:00	5.035	5.19	5.01	5.095	10220
05.04.2024 00:00	5.12	5.155	5.05	5.12	3683
08.04.2024 00:00	5.12	5.16	5.045	5.08	7272
09.04.2024 00:00	5.095	5.115	4.9	4.965	10279
10.04.2024 00:00	4.98	5.045	4.95	5.045	6235
11.04.2024 00:00	5.045	5.045	4.91	4.995	4248
12.04.2024 00:00	5.03	5.03	4.96	4.98	2768
15.04.2024 00:00	4.995	5.025	4.925	4.995	4263
16.04.2024 00:00	5.01	5.01	4.925	4.95	8046
17.04.2024 00:00	4.95	5.46	4.95	5.205	71792
18.04.2024 00:00	5.25	5.39	5.095	5.205	18195
19.04.2024 00:00	5.215	5.215	4.98	5.115	13707
22.04.2024 00:00	5.13	5.4	5.085	5.38	18045
23.04.2024 00:00	5.38	5.38	5.14	5.295	21034
24.04.2024 00:00	5.295	5.295	5.095	5.16	8373
25.04.2024 00:00	5.165	5.19	5.0	5.075	4987
26.04.2024 00:00	5.085	5.12	5.04	5.055	2690
27.04.2024 00:00	5.065	5.115	5.015	5.08	3901
29.04.2024 00:00	5.085	5.29	5.045	5.165	7473
30.04.2024 00:00	5.16	5.25	5.09	5.19	9030
02.05.2024 00:00	5.215	5.235	5.11	5.155	7100
03.05.2024 00:00	5.155	5.2	5.075	5.075	5557
06.05.2024 00:00	5.075	5.24	5.075	5.175	6559
07.05.2024 00:00	5.135	5.195	5.095	5.135	5491
08.05.2024 00:00	5.155	5.195	5.095	5.095	2682
10.05.2024 00:00	5.095	5.17	5.09	5.135	1188
13.05.2024 00:00	5.12	5.165	4.95	5.05	7782
14.05.2024 00:00	5.055	5.09	4.99	5.015	6283
15.05.2024 00:00	5.035	5.045	4.845	4.945	8008
16.05.2024 00:00	4.95	4.98	4.875	4.98	3149
17.05.2024 00:00	4.95	4.95	4.9	4.925	1552
20.05.2024 00:00	4.92	5.045	4.92	4.95	2761
21.05.2024 00:00	4.9350000000000005	4.9350000000000005	4.715	4.795	6677
22.05.2024 00:00	4.8	4.945	4.715	4.91	4675
23.05.2024 00:00	4.88	4.88	4.7	4.76	2773
24.05.2024 00:00	4.76	4.785	4.595	4.62	3794
27.05.2024 00:00	4.65	4.65	4.42	4.45	4205
28.05.2024 00:00	4.445	4.665	4.445	4.495	7174
29.05.2024 00:00	4.525	4.525	4.41	4.485	3400
30.05.2024 00:00	4.495	4.495	4.47	4.495	831
31.05.2024 00:00	4.465	4.465	4.295	4.325	3088
03.06.2024 00:00	4.325	4.445	3.995	4.12	5356
04.06.2024 00:00	4.4	4.78	4.4	4.495	12609
05.06.2024 00:00	4.535	4.535	4.3	4.445	10868
06.06.2024 00:00	4.355	4.535	4.325	4.345	4752
07.06.2024 00:00	4.43	4.675	4.385	4.575	4293
10.06.2024 00:00	4.595	4.63	4.495	4.525	1162
11.06.2024 00:00	4.505	5.18	4.42	4.78	15977
13.06.2024 00:00	4.58	4.705	4.4	4.65	3887
14.06.2024 00:00	4.62	4.745	4.51	4.745	2509
17.06.2024 00:00	4.755	4.755	4.62	4.675	1719
18.06.2024 00:00	4.7	4.7	4.45	4.495	7100
19.06.2024 00:00	4.495	4.495	4.045	4.2	10153
20.06.2024 00:00	4.2	4.37	4.115	4.325	3702
21.06.2024 00:00	4.29	4.29	4.22	4.25	906
24.06.2024 00:00	4.255	4.325	4.245	4.265	483
25.06.2024 00:00	4.265	4.275	4.205	4.26	424
26.06.2024 00:00	4.26	4.365	4.215	4.32	1230
27.06.2024 00:00	4.34	4.37	4.29	4.335	567
28.06.2024 00:00	4.32	4.37	4.26	4.285	1723
01.07.2024 00:00	4.315	4.315	4.265	4.29	212
02.07.2024 00:00	4.28	4.47	4.28	4.37	2219
03.07.2024 00:00	4.37	4.44	4.285	4.29	1611
04.07.2024 00:00	4.365	4.635	4.285	4.425	13784
05.07.2024 00:00	4.45	4.575	4.3	4.37	3936
08.07.2024 00:00	4.4	4.41	4.235	4.305	1896
09.07.2024 00:00	4.29	4.29	4.075	4.11	2136
10.07.2024 00:00	4.14	4.14	4.025	4.065	2721
11.07.2024 00:00	4.04	4.245	4.025	4.135	1348
12.07.2024 00:00	4.135	4.23	4.03	4.12	3117
15.07.2024 00:00	4.085	4.285	4.085	4.235	2242
16.07.2024 00:00	4.285	4.29	4.105	4.16	1192
17.07.2024 00:00	4.165	4.37	4.095	4.165	3171
18.07.2024 00:00	4.2	4.24	4.12	4.23	962
19.07.2024 00:00	4.24	4.36	4.23	4.245	825
22.07.2024 00:00	4.265	4.295	4.2	4.285	1875
23.07.2024 00:00	4.29	4.44	4.22	4.32	2727
24.07.2024 00:00	4.3	4.48	4.295	4.365	1285
25.07.2024 00:00	4.365	4.44	4.315	4.345	990
26.07.2024 00:00	4.36	4.495	4.13	4.245	2795
29.07.2024 00:00	4.245	4.245	4.12	4.155	742
30.07.2024 00:00	4.16	4.2	4.15	4.18	451
31.07.2024 00:00	4.215	4.28	4.16	4.24	479
01.08.2024 00:00	4.2	4.345	4.16	4.295	2556
02.08.2024 00:00	4.295	4.305	4.215	4.29	931
05.08.2024 00:00	4.245	4.245	4.07	4.19	1860
06.08.2024 00:00	4.205	4.33	4.12	4.12	1133
07.08.2024 00:00	4.175	4.235	4.12	4.19	601
08.08.2024 00:00	4.2	4.2	4.095	4.15	1174
09.08.2024 00:00	4.13	4.16	4.07	4.13	1003
12.08.2024 00:00	4.14	4.14	4.045	4.095	1971
13.08.2024 00:00	4.12	4.415	4.12	4.355	5560
14.08.2024 00:00	4.305	4.47	4.22	4.23	4024
15.08.2024 00:00	4.255	4.4	4.175	4.285	3594
16.08.2024 00:00	4.295	4.495	4.16	4.235	2843
19.08.2024 00:00	4.28	4.4	3.98	4.105	6627
20.08.2024 00:00	4.115	4.245	3.895	4.095	8515
21.08.2024 00:00	4.135	4.16	4.055	4.115	284
22.08.2024 00:00	4.115	4.155	4.045	4.07	746
23.08.2024 00:00	4.05	4.13	3.835	3.84	2261
26.08.2024 00:00	3.85	4.035	3.85	3.995	1707
27.08.2024 00:00	3.94	4.005	3.805	3.87	4188
28.08.2024 00:00	3.88	3.88	3.765	3.805	2081
29.08.2024 00:00	3.795	3.825	3.6	3.68	2057
30.08.2024 00:00	3.665	3.705	3.395	3.415	5883
02.09.2024 00:00	3.39	3.41	3.2	3.22	5009
03.09.2024 00:00	3.22	3.33	3.165	3.245	3315
04.09.2024 00:00	3.295	3.45	3.25	3.38	3973
05.09.2024 00:00	3.395	3.7	3.33	3.58	6008
06.09.2024 00:00	3.575	3.67	3.455	3.54	690
09.09.2024 00:00	3.59	3.725	3.45	3.685	3272
10.09.2024 00:00	3.7	3.71	3.56	3.56	3999
11.09.2024 00:00	3.575	3.685	3.575	3.645	2129
12.09.2024 00:00	3.685	3.685	3.575	3.585	420
13.09.2024 00:00	3.62	3.64	3.5	3.575	2712
16.09.2024 00:00	3.58	3.825	3.58	3.765	4799
17.09.2024 00:00	3.785	3.89	3.7	3.77	5525
18.09.2024 00:00	3.745	3.89	3.745	3.805	1695
19.09.2024 00:00	3.795	3.795	3.705	3.7800000000000002	665
20.09.2024 00:00	3.7800000000000002	3.85	3.665	3.745	5386
23.09.2024 00:00	3.725	3.795	3.705	3.785	3588
24.09.2024 00:00	3.79	3.9050000000000002	3.7800000000000002	3.815	3218
25.09.2024 00:00	3.825	4.015	3.79	3.89	6564
26.09.2024 00:00	3.89	3.93	3.745	3.87	2807
27.09.2024 00:00	3.855	3.99	3.855	3.875	2974
30.09.2024 00:00	3.89	3.975	3.84	3.895	1051
01.10.2024 00:00	3.855	3.89	3.71	3.74	8338
02.10.2024 00:00	3.725	3.785	3.7	3.7	3075
03.10.2024 00:00	3.7	3.745	3.6	3.66	996
04.10.2024 00:00	3.67	3.74	3.645	3.69	543
07.10.2024 00:00	3.66	3.715	3.6550000000000002	3.67	503
08.10.2024 00:00	3.69	3.7	3.645	3.66	424
09.10.2024 00:00	3.66	3.66	3.6	3.605	514
10.10.2024 00:00	3.64	3.64	3.5300000000000002	3.62	720
11.10.2024 00:00	3.62	3.64	3.6	3.62	344
14.10.2024 00:00	3.64	3.665	3.555	3.665	2296
15.10.2024 00:00	3.685	3.73	3.64	3.67	1499
16.10.2024 00:00	3.69	3.815	3.685	3.725	6533
17.10.2024 00:00	3.745	3.765	3.585	3.62	3483
18.10.2024 00:00	3.645	3.68	3.545	3.63	1708
21.10.2024 00:00	3.6	3.645	3.59	3.64	1448
22.10.2024 00:00	3.64	3.66	3.5300000000000002	3.585	1202
23.10.2024 00:00	3.585	3.59	3.495	3.54	3752
24.10.2024 00:00	3.535	3.54	3.465	3.49	795
25.10.2024 00:00	3.535	3.54	3.44	3.44	1017
28.10.2024 00:00	3.44	3.5	3.245	3.31	2359
29.10.2024 00:00	3.31	3.395	3.265	3.31	1463
30.10.2024 00:00	3.37	3.63	3.37	3.555	4191
31.10.2024 00:00	3.555	3.555	3.355	3.43	3024
01.11.2024 00:00	3.4050000000000002	3.54	3.335	3.46	1417
02.11.2024 00:00	3.46	3.48	3.375	3.41	396
05.11.2024 00:00	3.41	3.515	3.41	3.505	812
06.11.2024 00:00	3.5	3.62	3.44	3.535	1916
07.11.2024 00:00	3.535	3.545	3.39	3.535	2874
08.11.2024 00:00	3.535	3.69	3.5	3.665	4565
11.11.2024 00:00	3.665	3.88	3.6	3.74	2401
12.11.2024 00:00	3.745	3.79	3.68	3.68	504
13.11.2024 00:00	3.745	3.745	3.62	3.715	657
14.11.2024 00:00	3.74	3.7800000000000002	3.665	3.725	1264
15.11.2024 00:00	3.745	3.795	3.725	3.74	1694
18.11.2024 00:00	3.74	3.815	3.6	3.745	1617
19.11.2024 00:00	3.715	3.755	3.45	3.495	1588
20.11.2024 00:00	3.535	3.575	3.45	3.465	586
21.11.2024 00:00	3.455	3.575	3.455	3.455	1529
22.11.2024 00:00	3.455	3.455	3.225	3.365	2114
25.11.2024 00:00	3.365	3.45	3.295	3.305	1268
26.11.2024 00:00	3.295	3.35	2.995	3.015	8817
27.11.2024 00:00	3.125	3.23	3.025	3.15	2424
28.11.2024 00:00	3.265	3.295	3.1	3.2	2041
29.11.2024 00:00	3.15	3.2800000000000002	3.1	3.225	635
02.12.2024 00:00	3.225	3.265	3.105	3.165	4227
03.12.2024 00:00	3.12	3.21	3.055	3.06	1581
04.12.2024 00:00	3.06	3.185	3.06	3.1	1038
05.12.2024 00:00	3.1	3.225	3.08	3.125	1811
06.12.2024 00:00	3.145	3.145	3.085	3.12	299
09.12.2024 00:00	3.14	3.2	3.1	3.16	1372
10.12.2024 00:00	3.12	3.18	3.12	3.12	830
11.12.2024 00:00	3.15	3.18	3.095	3.12	517
12.12.2024 00:00	3.12	3.185	3.025	3.025	1958
13.12.2024 00:00	3.055	3.06	3.005	3.055	1091
16.12.2024 00:00	3.055	3.055	2.96	2.99	692
17.12.2024 00:00	2.965	3.0	2.92	2.96	901
18.12.2024 00:00	2.995	3.605	2.935	3.35	7731
19.12.2024 00:00	3.255	3.355	3.15	3.245	2341
20.12.2024 00:00	3.25	3.435	3.18	3.285	3604
23.12.2024 00:00	3.285	3.535	3.25	3.295	6343
24.12.2024 00:00	3.33	3.42	3.225	3.23	3159
25.12.2024 00:00	3.255	3.255	3.18	3.185	3708
26.12.2024 00:00	3.225	3.35	3.2	3.255	3817
27.12.2024 00:00	3.245	3.35	3.2	3.205	3686
28.12.2024 00:00	3.205	3.265	3.185	3.2	13793
30.12.2024 00:00	3.255	3.35	3.23	3.29	5346
03.01.2025 00:00	3.395	3.415	3.245	3.315	1328
06.01.2025 00:00	3.365	3.435	3.255	3.35	2837
08.01.2025 00:00	3.35	3.68	3.35	3.555	6964
09.01.2025 00:00	3.69	3.69	3.265	3.395	4309
10.01.2025 00:00	3.395	3.545	3.335	3.475	2752
13.01.2025 00:00	3.565	3.685	3.43	3.5	3714
14.01.2025 00:00	3.505	3.515	3.45	3.495	2295
15.01.2025 00:00	3.515	3.515	3.45	3.48	505
16.01.2025 00:00	3.505	3.665	3.48	3.59	3366
17.01.2025 00:00	3.665	3.685	3.6	3.645	2645
20.01.2025 00:00	3.66	3.805	3.48	3.515	10665
21.01.2025 00:00	3.645	3.95	3.555	3.745	19459
22.01.2025 00:00	3.75	3.93	3.73	3.815	4724
23.01.2025 00:00	3.83	4.28	3.745	4.09	34125
24.01.2025 00:00	4.085	4.115	3.9650000000000003	4.04	3788
27.01.2025 00:00	4.07	4.075	3.85	3.92	3723
28.01.2025 00:00	3.975	4.0	3.835	3.93	1509
29.01.2025 00:00	3.93	4.035	3.89	3.955	3049
30.01.2025 00:00	3.91	4.035	3.895	3.96	1597
31.01.2025 00:00	3.995	4.045	3.96	3.98	1572
03.02.2025 00:00	3.9650000000000003	4.14	3.93	3.975	3961
04.02.2025 00:00	4.005	4.01	3.745	3.765	6163
05.02.2025 00:00	3.805	3.805	3.64	3.73	4480
06.02.2025 00:00	3.765	3.87	3.7	3.84	2628
07.02.2025 00:00	3.87	3.92	3.785	3.785	2178
10.02.2025 00:00	3.835	3.895	3.825	3.85	1108
11.02.2025 00:00	3.83	3.94	3.83	3.895	1491
12.02.2025 00:00	3.895	3.955	3.745	3.785	6204
13.02.2025 00:00	3.93	4.24	3.875	3.95	18146
14.02.2025 00:00	3.95	4.025	3.765	3.88	10305
17.02.2025 00:00	3.915	4.055	3.915	4.015	5813
18.02.2025 00:00	3.955	4.04	3.85	3.92	3054
19.02.2025 00:00	3.9050000000000002	3.99	3.895	3.93	709
20.02.2025 00:00	3.93	4.025	3.875	3.94	2006
21.02.2025 00:00	4.07	4.125	3.975	4.01	2899
24.02.2025 00:00	4.09	4.19	3.995	4.19	3410
25.02.2025 00:00	4.2	4.23	4.035	4.075	5238
26.02.2025 00:00	4.075	4.15	3.975	4.035	3046
27.02.2025 00:00	4.035	4.035	3.88	3.9650000000000003	2422
28.02.2025 00:00	3.99	3.995	3.87	3.91	1208
03.03.2025 00:00	3.815	4.04	3.79	3.87	2789
04.03.2025 00:00	3.92	4.015	3.89	3.895	3511
05.03.2025 00:00	4.005	4.005	3.92	3.95	1894
06.03.2025 00:00	3.975	3.99	3.9050000000000002	3.935	1430
07.03.2025 00:00	3.955	3.955	3.89	3.915	1215
10.03.2025 00:00	3.935	4.075	3.81	3.91	2629
11.03.2025 00:00	3.85	3.95	3.84	3.895	2992
12.03.2025 00:00	3.855	3.915	3.855	3.88	660
13.03.2025 00:00	3.88	3.895	3.715	3.715	4684
14.03.2025 00:00	3.705	3.825	3.705	3.745	2364
17.03.2025 00:00	3.77	3.995	3.77	3.875	4034
18.03.2025 00:00	3.835	3.9650000000000003	3.835	3.89	1116
19.03.2025 00:00	3.895	3.95	3.805	3.93	1426
20.03.2025 00:00	3.93	3.95	3.83	3.83	2031
21.03.2025 00:00	3.815	3.95	3.795	3.795	2437
24.03.2025 00:00	3.795	3.87	3.765	3.7800000000000002	1059
25.03.2025 00:00	3.81	3.85	3.805	3.81	300
26.03.2025 00:00	3.815	3.995	3.765	3.765	4526
27.03.2025 00:00	3.815	3.93	3.765	3.765	4117
28.03.2025 00:00	3.765	3.79	3.64	3.725	1698
31.03.2025 00:00	3.725	3.785	3.7	3.7	363
01.04.2025 00:00	3.765	3.77	3.71	3.74	140
02.04.2025 00:00	3.765	3.765	3.64	3.645	921
03.04.2025 00:00	3.645	3.745	3.48	3.59	2699
04.04.2025 00:00	3.585	3.6	3.24	3.265	8035
07.04.2025 00:00	3.265	3.265	3.015	3.16	4298
08.04.2025 00:00	3.25	3.41	3.225	3.29	1066
09.04.2025 00:00	3.29	3.29	3.06	3.145	2749
10.04.2025 00:00	3.185	3.35	3.185	3.225	626
11.04.2025 00:00	3.285	3.4050000000000002	3.225	3.35	2400
14.04.2025 00:00	3.395	3.64	3.265	3.33	2736
15.04.2025 00:00	3.33	3.52	3.22	3.22	1875
16.04.2025 00:00	3.22	3.35	3.22	3.305	672
17.04.2025 00:00	3.34	3.39	3.245	3.245	1908
18.04.2025 00:00	3.27	3.33	3.27	3.285	593
21.04.2025 00:00	3.285	3.325	3.285	3.325	332
22.04.2025 00:00	3.33	3.475	3.33	3.43	1298
23.04.2025 00:00	3.42	3.43	3.35	3.41	452
24.04.2025 00:00	3.41	3.46	3.37	3.38	882
25.04.2025 00:00	3.375	3.455	3.245	3.35	4002
28.04.2025 00:00	3.455	3.575	3.295	3.38	7840
29.04.2025 00:00	3.38	3.38	3.25	3.25	2581
30.04.2025 00:00	3.33	3.435	3.295	3.305	1838
02.05.2025 00:00	3.33	3.4050000000000002	3.31	3.34	431
05.05.2025 00:00	3.335	3.395	3.225	3.225	2051
06.05.2025 00:00	3.225	3.495	3.225	3.365	2382
07.05.2025 00:00	3.33	3.39	3.245	3.245	1115
08.05.2025 00:00	3.325	3.335	3.22	3.265	1816
12.05.2025 00:00	3.295	3.39	3.25	3.25	4461
13.05.2025 00:00	3.33	3.33	3.255	3.265	804
14.05.2025 00:00	3.265	3.305	3.245	3.285	342
15.05.2025 00:00	3.25	3.29	3.185	3.185	1081
16.05.2025 00:00	3.245	3.27	3.185	3.24	400
19.05.2025 00:00	3.2	3.33	3.2	3.265	516
20.05.2025 00:00	3.325	3.325	3.165	3.225	669
21.05.2025 00:00	3.18	3.305	3.14	3.24	496
22.05.2025 00:00	3.205	3.23	3.17	3.2	263
