datetime	open	high	low	close	volume
19.03.2018 00:00	1140.0	1500.0	1070.0	1070.0	11
20.03.2018 00:00	1070.0	1500.0	1000.0	1500.0	460
22.03.2018 00:00	1200.0	1490.0	1200.0	1250.0	8
23.03.2018 00:00	1280.0	1490.0	1000.0	1480.0	65
27.03.2018 00:00	1440.0	1500.0	1260.0	1260.0	28
29.03.2018 00:00	1500.0	1500.0	1350.0	1350.0	63
03.04.2018 00:00	1500.0	1500.0	1500.0	1500.0	1
04.04.2018 00:00	1510.0	1510.0	1510.0	1510.0	1
24.04.2018 00:00	1010.0	1400.0	1010.0	1400.0	4
07.05.2018 00:00	1550.0	1560.0	1550.0	1560.0	5
24.05.2018 00:00	1520.0	1520.0	1520.0	1520.0	1
28.05.2018 00:00	1200.0	1230.0	1200.0	1210.0	45
29.05.2018 00:00	1200.0	1200.0	1200.0	1200.0	19
01.06.2018 00:00	1200.0	1200.0	1140.0	1140.0	2
04.06.2018 00:00	1130.0	1150.0	1110.0	1110.0	17
08.06.2018 00:00	1110.0	1120.0	1110.0	1120.0	5
13.06.2018 00:00	1110.0	1110.0	1110.0	1110.0	1
18.06.2018 00:00	1100.0	1100.0	1100.0	1100.0	1
19.06.2018 00:00	1350.0	1380.0	1170.0	1250.0	41
20.06.2018 00:00	1400.0	1400.0	1390.0	1390.0	18
21.06.2018 00:00	1450.0	1450.0	1450.0	1450.0	11
22.06.2018 00:00	1600.0	1600.0	1400.0	1550.0	92
26.06.2018 00:00	1300.0	1300.0	1300.0	1300.0	89
05.07.2018 00:00	1420.0	1430.0	1420.0	1430.0	16
06.07.2018 00:00	1300.0	1300.0	1300.0	1300.0	6
10.07.2018 00:00	1140.0	1200.0	1140.0	1200.0	10
12.07.2018 00:00	1130.0	1130.0	1110.0	1130.0	14
13.07.2018 00:00	1240.0	1240.0	1130.0	1130.0	2
27.07.2018 00:00	1200.0	1200.0	1190.0	1190.0	11
01.08.2018 00:00	1080.0	1080.0	1080.0	1080.0	2
10.08.2018 00:00	920.0	1100.0	840.0	1100.0	13
25.09.2018 00:00	1320.0	1380.0	1200.0	1200.0	18
31.10.2018 00:00	1220.0	1220.0	1220.0	1220.0	1
02.11.2018 00:00	1300.0	1300.0	1300.0	1300.0	1
12.11.2018 00:00	1040.0	1300.0	1040.0	1300.0	2
14.11.2018 00:00	1200.0	1200.0	1200.0	1200.0	12
21.11.2018 00:00	1280.0	1280.0	1280.0	1280.0	1
22.11.2018 00:00	940.0	940.0	940.0	940.0	6
23.11.2018 00:00	1400.0	1400.0	1300.0	1360.0	12
26.11.2018 00:00	960.0	1200.0	960.0	1200.0	15
27.11.2018 00:00	1400.0	1400.0	1280.0	1280.0	20
28.11.2018 00:00	1280.0	1280.0	1280.0	1280.0	1
03.12.2018 00:00	1280.0	1280.0	1280.0	1280.0	3
04.12.2018 00:00	1300.0	1300.0	1300.0	1300.0	1
06.12.2018 00:00	1300.0	1300.0	1300.0	1300.0	1
07.12.2018 00:00	1100.0	1100.0	1100.0	1100.0	1
10.12.2018 00:00	1400.0	1400.0	1160.0	1200.0	19
12.12.2018 00:00	1180.0	1180.0	1180.0	1180.0	3
17.12.2018 00:00	1160.0	1160.0	1160.0	1160.0	1
19.12.2018 00:00	1400.0	1400.0	1080.0	1080.0	23
21.12.2018 00:00	1020.0	1100.0	1000.0	1080.0	51
24.12.2018 00:00	1000.0	1100.0	980.0	980.0	79
25.12.2018 00:00	1000.0	1000.0	980.0	980.0	55
26.12.2018 00:00	980.0	980.0	980.0	980.0	6
27.12.2018 00:00	960.0	960.0	960.0	960.0	14
28.12.2018 00:00	1180.0	1240.0	1000.0	1020.0	21
03.01.2019 00:00	1000.0	1060.0	1000.0	1060.0	10
08.01.2019 00:00	1180.0	1180.0	1100.0	1160.0	15
09.01.2019 00:00	1140.0	1180.0	1000.0	1180.0	23
10.01.2019 00:00	1200.0	1200.0	1100.0	1200.0	46
11.01.2019 00:00	1120.0	1200.0	1120.0	1200.0	9
14.01.2019 00:00	980.0	1200.0	980.0	1100.0	30
15.01.2019 00:00	1180.0	1220.0	1160.0	1220.0	66
16.01.2019 00:00	1100.0	1200.0	1100.0	1140.0	20
17.01.2019 00:00	900.0	1180.0	900.0	1120.0	65
18.01.2019 00:00	1100.0	1120.0	1100.0	1100.0	9
21.01.2019 00:00	1160.0	1180.0	1060.0	1100.0	30
23.01.2019 00:00	1040.0	1100.0	1040.0	1080.0	25
24.01.2019 00:00	1400.0	1400.0	1060.0	1140.0	22
25.01.2019 00:00	1040.0	1100.0	1040.0	1100.0	3
28.01.2019 00:00	1040.0	1100.0	1040.0	1100.0	9
29.01.2019 00:00	1120.0	1140.0	1120.0	1140.0	9
30.01.2019 00:00	1120.0	1120.0	1100.0	1100.0	4
31.01.2019 00:00	1040.0	1140.0	1040.0	1080.0	12
01.02.2019 00:00	1040.0	1120.0	1040.0	1120.0	4
04.02.2019 00:00	1120.0	1560.0	1120.0	1440.0	546
05.02.2019 00:00	1480.0	2040.0	1280.0	1480.0	727
06.02.2019 00:00	1420.0	1420.0	1300.0	1340.0	92
07.02.2019 00:00	1360.0	1360.0	1260.0	1260.0	27
08.02.2019 00:00	1300.0	1340.0	1180.0	1280.0	44
11.02.2019 00:00	1140.0	1260.0	1140.0	1260.0	9
12.02.2019 00:00	1160.0	1260.0	1160.0	1260.0	3
13.02.2019 00:00	1280.0	1280.0	1240.0	1260.0	4
14.02.2019 00:00	1220.0	1260.0	1200.0	1240.0	19
15.02.2019 00:00	1220.0	1240.0	1200.0	1220.0	23
18.02.2019 00:00	1240.0	1240.0	1240.0	1240.0	6
19.02.2019 00:00	1220.0	1240.0	1220.0	1240.0	7
20.02.2019 00:00	1240.0	1300.0	1140.0	1300.0	31
25.02.2019 00:00	1300.0	1320.0	1120.0	1240.0	37
26.02.2019 00:00	1240.0	1240.0	1160.0	1160.0	27
27.02.2019 00:00	1180.0	1200.0	1140.0	1140.0	5
28.02.2019 00:00	1160.0	1220.0	1100.0	1220.0	21
01.03.2019 00:00	1220.0	1220.0	1140.0	1140.0	9
04.03.2019 00:00	1140.0	1200.0	1140.0	1200.0	25
05.03.2019 00:00	1140.0	1140.0	1140.0	1140.0	10
06.03.2019 00:00	1140.0	1140.0	1100.0	1140.0	7
07.03.2019 00:00	1140.0	1180.0	1140.0	1160.0	6
11.03.2019 00:00	1140.0	1140.0	1140.0	1140.0	1
12.03.2019 00:00	1160.0	1200.0	1160.0	1180.0	15
13.03.2019 00:00	1120.0	1220.0	1100.0	1200.0	26
14.03.2019 00:00	1140.0	1240.0	1100.0	1220.0	29
15.03.2019 00:00	1240.0	1280.0	1180.0	1260.0	43
18.03.2019 00:00	1200.0	1260.0	1200.0	1260.0	5
19.03.2019 00:00	1200.0	1280.0	1120.0	1240.0	54
21.03.2019 00:00	1220.0	1660.0	1220.0	1540.0	889
22.03.2019 00:00	1540.0	1940.0	1320.0	1400.0	661
25.03.2019 00:00	1360.0	1380.0	1220.0	1320.0	109
26.03.2019 00:00	1380.0	1840.0	1340.0	1640.0	862
27.03.2019 00:00	1700.0	2280.0	1600.0	2280.0	1057
28.03.2019 00:00	2500.0	3180.0	1960.0	2020.0	1901
29.03.2019 00:00	1880.0	2220.0	1860.0	1900.0	365
01.04.2019 00:00	1980.0	2680.0	1880.0	2680.0	3383
02.04.2019 00:00	2800.0	3240.0	2340.0	2480.0	2860
03.04.2019 00:00	2580.0	2800.0	2100.0	2260.0	817
04.04.2019 00:00	2200.0	2280.0	2100.0	2100.0	312
05.04.2019 00:00	2100.0	2160.0	1980.0	2040.0	477
08.04.2019 00:00	2060.0	2160.0	2040.0	2060.0	412
09.04.2019 00:00	2080.0	2340.0	2080.0	2140.0	385
10.04.2019 00:00	2100.0	2120.0	2000.0	2000.0	161
11.04.2019 00:00	2100.0	2100.0	1660.0	1880.0	114
12.04.2019 00:00	1840.0	1860.0	1600.0	1660.0	257
15.04.2019 00:00	1700.0	2080.0	1680.0	1900.0	598
16.04.2019 00:00	1820.0	2080.0	1740.0	1880.0	188
17.04.2019 00:00	1880.0	1900.0	1760.0	1800.0	53
18.04.2019 00:00	1720.0	1820.0	1680.0	1760.0	16
19.04.2019 00:00	1820.0	1900.0	1740.0	1780.0	148
22.04.2019 00:00	1840.0	2280.0	1820.0	1880.0	718
23.04.2019 00:00	1900.0	2020.0	1800.0	1900.0	195
24.04.2019 00:00	1840.0	1920.0	1840.0	1880.0	31
25.04.2019 00:00	1800.0	1920.0	1800.0	1860.0	62
26.04.2019 00:00	1480.0	1860.0	1480.0	1860.0	49
29.04.2019 00:00	1860.0	1900.0	1860.0	1900.0	69
30.04.2019 00:00	1860.0	1880.0	1820.0	1860.0	14
02.05.2019 00:00	1800.0	1870.0	1800.0	1870.0	3
03.05.2019 00:00	1810.0	1900.0	1710.0	1800.0	54
06.05.2019 00:00	1810.0	1810.0	1720.0	1770.0	84
07.05.2019 00:00	1800.0	1800.0	1750.0	1750.0	18
08.05.2019 00:00	1800.0	1810.0	1720.0	1810.0	24
10.05.2019 00:00	1840.0	1840.0	1750.0	1810.0	18
13.05.2019 00:00	1760.0	1760.0	1640.0	1700.0	95
14.05.2019 00:00	1700.0	1740.0	1630.0	1720.0	53
15.05.2019 00:00	1660.0	1710.0	1540.0	1590.0	98
16.05.2019 00:00	1600.0	1650.0	1570.0	1610.0	61
17.05.2019 00:00	1550.0	1640.0	1550.0	1600.0	18
20.05.2019 00:00	1550.0	1640.0	1500.0	1590.0	26
21.05.2019 00:00	1650.0	1660.0	1560.0	1640.0	54
22.05.2019 00:00	1520.0	1650.0	1520.0	1650.0	12
23.05.2019 00:00	1620.0	1800.0	1510.0	1520.0	59
24.05.2019 00:00	1530.0	1630.0	1530.0	1580.0	40
27.05.2019 00:00	1600.0	1600.0	1540.0	1600.0	9
28.05.2019 00:00	1600.0	1600.0	1500.0	1520.0	34
29.05.2019 00:00	1500.0	1540.0	1400.0	1460.0	139
30.05.2019 00:00	1560.0	1560.0	1300.0	1330.0	720
31.05.2019 00:00	1340.0	1340.0	1270.0	1290.0	134
03.06.2019 00:00	1260.0	1360.0	1190.0	1250.0	217
04.06.2019 00:00	1280.0	1320.0	1210.0	1240.0	77
05.06.2019 00:00	1240.0	1260.0	1120.0	1210.0	97
06.06.2019 00:00	1210.0	1220.0	1110.0	1110.0	204
07.06.2019 00:00	1140.0	1160.0	1110.0	1120.0	113
10.06.2019 00:00	1160.0	1160.0	1130.0	1150.0	62
11.06.2019 00:00	1130.0	1150.0	1130.0	1130.0	66
13.06.2019 00:00	1140.0	1140.0	1110.0	1140.0	82
14.06.2019 00:00	1180.0	1220.0	1140.0	1150.0	222
17.06.2019 00:00	1150.0	1180.0	1150.0	1160.0	42
18.06.2019 00:00	1200.0	1200.0	1150.0	1180.0	19
19.06.2019 00:00	1170.0	1190.0	1170.0	1190.0	41
20.06.2019 00:00	1160.0	1180.0	1150.0	1180.0	135
21.06.2019 00:00	1160.0	1200.0	1160.0	1200.0	19
24.06.2019 00:00	1160.0	1190.0	1160.0	1160.0	19
25.06.2019 00:00	1160.0	1170.0	1130.0	1150.0	76
26.06.2019 00:00	1160.0	1170.0	1140.0	1170.0	99
27.06.2019 00:00	1150.0	1200.0	1150.0	1170.0	171
28.06.2019 00:00	1170.0	1170.0	1170.0	1170.0	2
01.07.2019 00:00	1160.0	1190.0	1150.0	1190.0	127
02.07.2019 00:00	1180.0	1180.0	1160.0	1180.0	37
03.07.2019 00:00	1220.0	1360.0	1180.0	1280.0	383
04.07.2019 00:00	1320.0	1320.0	1260.0	1270.0	48
05.07.2019 00:00	1270.0	1270.0	1230.0	1250.0	36
08.07.2019 00:00	1260.0	1280.0	1230.0	1260.0	52
09.07.2019 00:00	1250.0	1280.0	1220.0	1240.0	40
10.07.2019 00:00	1250.0	1250.0	1230.0	1240.0	13
11.07.2019 00:00	1230.0	1230.0	1180.0	1200.0	40
12.07.2019 00:00	1200.0	1200.0	1180.0	1190.0	22
15.07.2019 00:00	1180.0	1220.0	1170.0	1200.0	78
16.07.2019 00:00	1220.0	1240.0	1200.0	1210.0	36
17.07.2019 00:00	1210.0	1240.0	1200.0	1220.0	44
18.07.2019 00:00	1220.0	1220.0	1220.0	1220.0	8
19.07.2019 00:00	1230.0	1280.0	1220.0	1220.0	102
22.07.2019 00:00	1230.0	1250.0	1200.0	1220.0	40
23.07.2019 00:00	1270.0	1270.0	1210.0	1210.0	105
24.07.2019 00:00	1210.0	1220.0	1190.0	1220.0	25
25.07.2019 00:00	1210.0	1250.0	1180.0	1240.0	91
26.07.2019 00:00	1230.0	1260.0	1220.0	1240.0	146
29.07.2019 00:00	1220.0	1240.0	1220.0	1240.0	5
30.07.2019 00:00	1220.0	1260.0	1220.0	1220.0	31
31.07.2019 00:00	1220.0	1220.0	1160.0	1220.0	173
01.08.2019 00:00	1240.0	1240.0	1200.0	1210.0	15
02.08.2019 00:00	1200.0	1240.0	1200.0	1230.0	27
05.08.2019 00:00	1210.0	1210.0	1190.0	1200.0	81
06.08.2019 00:00	1190.0	1230.0	1190.0	1230.0	37
07.08.2019 00:00	1220.0	1240.0	1180.0	1230.0	83
08.08.2019 00:00	1220.0	1240.0	1220.0	1240.0	5
12.08.2019 00:00	1200.0	1240.0	1200.0	1240.0	14
13.08.2019 00:00	1210.0	1240.0	1130.0	1160.0	165
14.08.2019 00:00	1160.0	1160.0	1120.0	1160.0	9
15.08.2019 00:00	1150.0	1170.0	1150.0	1170.0	6
16.08.2019 00:00	1170.0	1170.0	1150.0	1150.0	2
19.08.2019 00:00	1140.0	1160.0	1130.0	1150.0	10
20.08.2019 00:00	1150.0	1150.0	1140.0	1150.0	8
21.08.2019 00:00	1130.0	1130.0	1130.0	1130.0	6
22.08.2019 00:00	1130.0	1130.0	1130.0	1130.0	1
23.08.2019 00:00	1130.0	1130.0	1120.0	1120.0	7
26.08.2019 00:00	1140.0	1280.0	1130.0	1160.0	112
27.08.2019 00:00	1220.0	1590.0	1220.0	1260.0	1550
28.08.2019 00:00	1240.0	1310.0	1190.0	1200.0	239
29.08.2019 00:00	1210.0	1280.0	1200.0	1200.0	183
30.08.2019 00:00	1210.0	1250.0	1180.0	1220.0	77
02.09.2019 00:00	1240.0	1240.0	1210.0	1230.0	16
03.09.2019 00:00	1230.0	1230.0	1180.0	1200.0	24
04.09.2019 00:00	1220.0	1220.0	1190.0	1190.0	5
05.09.2019 00:00	1190.0	1200.0	1190.0	1200.0	2
06.09.2019 00:00	1190.0	1200.0	1160.0	1200.0	36
09.09.2019 00:00	1200.0	1260.0	1200.0	1250.0	73
10.09.2019 00:00	1190.0	1320.0	1190.0	1320.0	231
11.09.2019 00:00	1340.0	1340.0	1310.0	1310.0	24
12.09.2019 00:00	1240.0	1260.0	1210.0	1260.0	94
13.09.2019 00:00	1250.0	1260.0	1190.0	1260.0	46
16.09.2019 00:00	1260.0	1330.0	1260.0	1330.0	433
17.09.2019 00:00	1300.0	1310.0	1260.0	1280.0	19
19.09.2019 00:00	1300.0	1300.0	1180.0	1280.0	92
20.09.2019 00:00	1270.0	1280.0	1260.0	1280.0	14
23.09.2019 00:00	1280.0	1280.0	1190.0	1260.0	42
24.09.2019 00:00	1230.0	1270.0	1230.0	1260.0	18
25.09.2019 00:00	1240.0	1260.0	1170.0	1250.0	67
26.09.2019 00:00	1220.0	1240.0	1220.0	1240.0	4
30.09.2019 00:00	1230.0	1300.0	1230.0	1290.0	77
01.10.2019 00:00	1240.0	1370.0	1230.0	1310.0	60
02.10.2019 00:00	1360.0	1390.0	1220.0	1270.0	151
03.10.2019 00:00	1260.0	1260.0	1230.0	1260.0	36
04.10.2019 00:00	1230.0	1260.0	1230.0	1260.0	10
07.10.2019 00:00	1220.0	1250.0	1210.0	1250.0	17
08.10.2019 00:00	1240.0	1260.0	1240.0	1260.0	5
09.10.2019 00:00	1240.0	1250.0	1210.0	1230.0	43
10.10.2019 00:00	1230.0	1230.0	1180.0	1210.0	58
11.10.2019 00:00	1190.0	1200.0	1150.0	1190.0	52
14.10.2019 00:00	1160.0	1220.0	1160.0	1190.0	40
15.10.2019 00:00	1230.0	1230.0	1180.0	1200.0	8
16.10.2019 00:00	1190.0	1240.0	1180.0	1230.0	41
17.10.2019 00:00	1210.0	1250.0	1210.0	1230.0	38
18.10.2019 00:00	1210.0	1210.0	1160.0	1200.0	43
21.10.2019 00:00	1190.0	1240.0	1180.0	1200.0	37
22.10.2019 00:00	1210.0	1350.0	1200.0	1220.0	65
23.10.2019 00:00	1200.0	1210.0	1180.0	1210.0	6
24.10.2019 00:00	1200.0	1200.0	1170.0	1200.0	105
25.10.2019 00:00	1170.0	1200.0	1170.0	1190.0	22
28.10.2019 00:00	1180.0	1210.0	1160.0	1210.0	9
29.10.2019 00:00	1190.0	1260.0	1190.0	1230.0	98
30.10.2019 00:00	1270.0	1340.0	1200.0	1250.0	199
31.10.2019 00:00	1220.0	1240.0	1200.0	1220.0	8
01.11.2019 00:00	1230.0	1270.0	1190.0	1260.0	65
05.11.2019 00:00	1240.0	1300.0	1240.0	1270.0	19
07.11.2019 00:00	1310.0	1310.0	1260.0	1260.0	3
08.11.2019 00:00	1210.0	1310.0	1210.0	1310.0	27
11.11.2019 00:00	1310.0	1330.0	1280.0	1320.0	79
12.11.2019 00:00	1330.0	1330.0	1320.0	1320.0	14
13.11.2019 00:00	1330.0	1340.0	1290.0	1310.0	22
14.11.2019 00:00	1330.0	1330.0	1250.0	1290.0	17
15.11.2019 00:00	1290.0	1290.0	1220.0	1260.0	17
18.11.2019 00:00	1270.0	1270.0	1220.0	1220.0	10
19.11.2019 00:00	1270.0	1270.0	1270.0	1270.0	2
20.11.2019 00:00	1250.0	1290.0	1250.0	1260.0	6
21.11.2019 00:00	1260.0	1270.0	1260.0	1270.0	6
22.11.2019 00:00	1260.0	1260.0	1200.0	1230.0	37
25.11.2019 00:00	1210.0	1260.0	1200.0	1230.0	50
26.11.2019 00:00	1230.0	1230.0	1210.0	1220.0	32
27.11.2019 00:00	1220.0	1250.0	1210.0	1210.0	44
28.11.2019 00:00	1220.0	1220.0	1200.0	1210.0	10
29.11.2019 00:00	1200.0	1210.0	1190.0	1200.0	45
02.12.2019 00:00	1190.0	1200.0	1180.0	1190.0	25
03.12.2019 00:00	1200.0	1200.0	1180.0	1190.0	6
04.12.2019 00:00	1190.0	1190.0	1180.0	1190.0	3
05.12.2019 00:00	1190.0	1190.0	1190.0	1190.0	3
06.12.2019 00:00	1200.0	1230.0	1200.0	1230.0	60
09.12.2019 00:00	1230.0	1240.0	1230.0	1240.0	19
10.12.2019 00:00	1220.0	1240.0	1220.0	1240.0	4
11.12.2019 00:00	1240.0	1260.0	1210.0	1250.0	17
12.12.2019 00:00	1240.0	1260.0	1240.0	1260.0	3
13.12.2019 00:00	1270.0	1300.0	1250.0	1280.0	29
16.12.2019 00:00	1270.0	1300.0	1230.0	1300.0	9
17.12.2019 00:00	1230.0	1300.0	1180.0	1280.0	245
18.12.2019 00:00	1230.0	1270.0	1200.0	1230.0	190
23.12.2019 00:00	1230.0	1230.0	1220.0	1230.0	4
24.12.2019 00:00	1220.0	1220.0	1220.0	1220.0	1
25.12.2019 00:00	1220.0	1230.0	1220.0	1230.0	3
26.12.2019 00:00	1210.0	1230.0	1180.0	1230.0	81
27.12.2019 00:00	1220.0	1300.0	1200.0	1300.0	53
30.12.2019 00:00	1430.0	1770.0	1290.0	1490.0	2045
03.01.2020 00:00	1530.0	1610.0	1390.0	1480.0	586
06.01.2020 00:00	1460.0	1590.0	1380.0	1410.0	131
08.01.2020 00:00	1400.0	1400.0	1350.0	1360.0	19
09.01.2020 00:00	1380.0	1470.0	1340.0	1470.0	220
10.01.2020 00:00	1470.0	1470.0	1360.0	1400.0	396
13.01.2020 00:00	1430.0	1480.0	1360.0	1420.0	132
14.01.2020 00:00	1410.0	1460.0	1400.0	1410.0	32
15.01.2020 00:00	1400.0	1450.0	1400.0	1440.0	98
16.01.2020 00:00	1410.0	1450.0	1400.0	1440.0	74
17.01.2020 00:00	1440.0	1440.0	1440.0	1440.0	2
20.01.2020 00:00	1440.0	1450.0	1420.0	1430.0	37
21.01.2020 00:00	1430.0	1430.0	1430.0	1430.0	6
22.01.2020 00:00	1440.0	1440.0	1390.0	1410.0	54
23.01.2020 00:00	1410.0	1420.0	1380.0	1390.0	37
24.01.2020 00:00	1410.0	1450.0	1380.0	1420.0	29
27.01.2020 00:00	1410.0	1420.0	1370.0	1420.0	12
28.01.2020 00:00	1440.0	1440.0	1410.0	1420.0	5
29.01.2020 00:00	1390.0	1440.0	1310.0	1380.0	514
30.01.2020 00:00	1350.0	1370.0	1320.0	1340.0	131
31.01.2020 00:00	1340.0	1350.0	1340.0	1340.0	4
03.02.2020 00:00	1330.0	1330.0	1300.0	1330.0	14
04.02.2020 00:00	1300.0	1330.0	1280.0	1300.0	33
05.02.2020 00:00	1320.0	1340.0	1300.0	1340.0	18
06.02.2020 00:00	1320.0	1350.0	1310.0	1320.0	48
07.02.2020 00:00	1300.0	1300.0	1270.0	1290.0	89
10.02.2020 00:00	1300.0	1330.0	1300.0	1330.0	14
11.02.2020 00:00	1330.0	1370.0	1270.0	1310.0	94
12.02.2020 00:00	1330.0	1470.0	1330.0	1380.0	357
13.02.2020 00:00	1380.0	1400.0	1340.0	1390.0	31
14.02.2020 00:00	1370.0	1370.0	1300.0	1340.0	106
17.02.2020 00:00	1350.0	1390.0	1340.0	1340.0	84
18.02.2020 00:00	1360.0	1360.0	1340.0	1340.0	40
19.02.2020 00:00	1340.0	1340.0	1340.0	1340.0	4
20.02.2020 00:00	1350.0	1370.0	1350.0	1360.0	102
21.02.2020 00:00	1360.0	1370.0	1360.0	1360.0	33
25.02.2020 00:00	1360.0	1370.0	1310.0	1310.0	24
26.02.2020 00:00	1320.0	1320.0	1290.0	1300.0	37
27.02.2020 00:00	1290.0	1290.0	1270.0	1270.0	11
28.02.2020 00:00	1290.0	1290.0	1200.0	1230.0	37
02.03.2020 00:00	1210.0	1250.0	1200.0	1230.0	12
04.03.2020 00:00	1210.0	1220.0	1200.0	1220.0	39
05.03.2020 00:00	1230.0	1230.0	1220.0	1220.0	6
06.03.2020 00:00	1210.0	1210.0	1200.0	1210.0	5
10.03.2020 00:00	1200.0	1200.0	1130.0	1130.0	31
11.03.2020 00:00	1140.0	1150.0	1120.0	1130.0	21
12.03.2020 00:00	1110.0	1110.0	900.0	930.0	60
13.03.2020 00:00	940.0	960.0	930.0	930.0	9
16.03.2020 00:00	920.0	930.0	840.0	930.0	12
17.03.2020 00:00	970.0	990.0	960.0	990.0	82
18.03.2020 00:00	910.0	1060.0	910.0	920.0	63
20.03.2020 00:00	1050.0	1070.0	1050.0	1050.0	54
24.03.2020 00:00	920.0	1050.0	920.0	1030.0	12
25.03.2020 00:00	1050.0	1080.0	1000.0	1000.0	12
26.03.2020 00:00	1090.0	1180.0	1080.0	1180.0	146
27.03.2020 00:00	1180.0	1210.0	1150.0	1200.0	152
30.03.2020 00:00	1240.0	1300.0	1090.0	1260.0	37
31.03.2020 00:00	1300.0	1550.0	1220.0	1350.0	558
01.04.2020 00:00	1300.0	1320.0	1250.0	1270.0	361
02.04.2020 00:00	1300.0	1300.0	1220.0	1230.0	95
03.04.2020 00:00	1200.0	1250.0	1180.0	1210.0	28
06.04.2020 00:00	1230.0	1320.0	1210.0	1240.0	62
07.04.2020 00:00	1200.0	1280.0	1200.0	1250.0	28
08.04.2020 00:00	1200.0	1250.0	1200.0	1230.0	27
09.04.2020 00:00	1270.0	1270.0	1270.0	1270.0	1
10.04.2020 00:00	1240.0	1360.0	1230.0	1240.0	72
13.04.2020 00:00	1240.0	1330.0	1230.0	1260.0	85
14.04.2020 00:00	1230.0	1370.0	1220.0	1310.0	137
15.04.2020 00:00	1270.0	1270.0	1250.0	1250.0	5
16.04.2020 00:00	1300.0	1320.0	1240.0	1240.0	13
17.04.2020 00:00	1350.0	1450.0	1270.0	1300.0	605
20.04.2020 00:00	1260.0	1330.0	1260.0	1330.0	3
21.04.2020 00:00	1310.0	1310.0	1220.0	1250.0	34
22.04.2020 00:00	1230.0	1270.0	1190.0	1260.0	272
23.04.2020 00:00	1220.0	1280.0	1220.0	1280.0	4
24.04.2020 00:00	1260.0	1270.0	1260.0	1270.0	4
27.04.2020 00:00	1270.0	1270.0	1230.0	1260.0	99
28.04.2020 00:00	1230.0	1280.0	1230.0	1260.0	15
29.04.2020 00:00	1280.0	1280.0	1230.0	1260.0	12
30.04.2020 00:00	1230.0	1250.0	1230.0	1230.0	21
04.05.2020 00:00	1210.0	1210.0	1210.0	1210.0	1
05.05.2020 00:00	1230.0	1270.0	1230.0	1270.0	8
06.05.2020 00:00	1250.0	1250.0	1250.0	1250.0	1
07.05.2020 00:00	1270.0	1270.0	1240.0	1250.0	3
08.05.2020 00:00	1230.0	1750.0	1230.0	1400.0	3005
12.05.2020 00:00	1470.0	1600.0	1300.0	1310.0	810
13.05.2020 00:00	1350.0	1370.0	1290.0	1310.0	126
14.05.2020 00:00	1300.0	1330.0	1260.0	1260.0	38
15.05.2020 00:00	1310.0	1390.0	1280.0	1280.0	174
18.05.2020 00:00	1280.0	1360.0	1280.0	1280.0	82
19.05.2020 00:00	1340.0	1340.0	1280.0	1280.0	43
20.05.2020 00:00	1300.0	1330.0	1280.0	1300.0	169
21.05.2020 00:00	1270.0	1290.0	1260.0	1290.0	20
22.05.2020 00:00	1270.0	1290.0	1270.0	1280.0	61
25.05.2020 00:00	1270.0	1320.0	1270.0	1280.0	127
26.05.2020 00:00	1290.0	1310.0	1270.0	1290.0	119
27.05.2020 00:00	1280.0	1290.0	1270.0	1270.0	13
28.05.2020 00:00	1270.0	1270.0	1270.0	1270.0	10
29.05.2020 00:00	1270.0	1290.0	1270.0	1270.0	9
01.06.2020 00:00	1270.0	1270.0	1270.0	1270.0	1
03.06.2020 00:00	1300.0	1300.0	1270.0	1270.0	4
04.06.2020 00:00	1270.0	1270.0	1270.0	1270.0	1
05.06.2020 00:00	1260.0	1300.0	1260.0	1280.0	12
08.06.2020 00:00	1280.0	1290.0	1270.0	1290.0	52
09.06.2020 00:00	1310.0	1320.0	1280.0	1280.0	84
10.06.2020 00:00	1290.0	1400.0	1270.0	1270.0	211
11.06.2020 00:00	1300.0	1660.0	1290.0	1380.0	728
15.06.2020 00:00	1340.0	1370.0	1270.0	1290.0	373
16.06.2020 00:00	1290.0	1360.0	1290.0	1360.0	62
17.06.2020 00:00	1320.0	1400.0	1320.0	1400.0	114
19.06.2020 00:00	1330.0	1400.0	1330.0	1370.0	31
22.06.2020 00:00	1350.0	1390.0	1350.0	1390.0	3
23.06.2020 00:00	1360.0	1400.0	1310.0	1400.0	63
25.06.2020 00:00	1380.0	1500.0	1370.0	1450.0	223
26.06.2020 00:00	1400.0	1400.0	1280.0	1330.0	68
29.06.2020 00:00	1320.0	1470.0	1300.0	1350.0	83
30.06.2020 00:00	1300.0	1590.0	1230.0	1270.0	1640
02.07.2020 00:00	1270.0	1380.0	1260.0	1320.0	474
03.07.2020 00:00	1340.0	1360.0	1300.0	1330.0	82
06.07.2020 00:00	1350.0	1470.0	1300.0	1400.0	478
07.07.2020 00:00	1340.0	1390.0	1320.0	1350.0	184
08.07.2020 00:00	1320.0	1380.0	1300.0	1340.0	103
09.07.2020 00:00	1360.0	1410.0	1320.0	1320.0	25
10.07.2020 00:00	1360.0	1360.0	1320.0	1320.0	13
13.07.2020 00:00	1320.0	1350.0	1310.0	1330.0	49
14.07.2020 00:00	1320.0	1320.0	1310.0	1310.0	23
15.07.2020 00:00	1330.0	1330.0	1320.0	1320.0	3
16.07.2020 00:00	1310.0	1310.0	1310.0	1310.0	1
17.07.2020 00:00	1320.0	1320.0	1320.0	1320.0	6
20.07.2020 00:00	1310.0	1330.0	1310.0	1310.0	7
21.07.2020 00:00	1320.0	1320.0	1310.0	1310.0	25
22.07.2020 00:00	1310.0	1310.0	1310.0	1310.0	2
23.07.2020 00:00	1310.0	1330.0	1300.0	1310.0	90
24.07.2020 00:00	1310.0	1310.0	1300.0	1300.0	12
27.07.2020 00:00	1320.0	1320.0	1310.0	1320.0	19
28.07.2020 00:00	1310.0	1320.0	1310.0	1320.0	4
29.07.2020 00:00	1320.0	1330.0	1310.0	1310.0	14
30.07.2020 00:00	1330.0	1410.0	1320.0	1320.0	187
31.07.2020 00:00	1390.0	1390.0	1310.0	1330.0	27
03.08.2020 00:00	1310.0	1360.0	1310.0	1320.0	27
04.08.2020 00:00	1320.0	1360.0	1320.0	1360.0	17
05.08.2020 00:00	1370.0	1380.0	1340.0	1370.0	37
06.08.2020 00:00	1380.0	1430.0	1350.0	1360.0	237
07.08.2020 00:00	1380.0	1490.0	1370.0	1440.0	219
10.08.2020 00:00	1440.0	1510.0	1410.0	1480.0	165
11.08.2020 00:00	1510.0	1930.0	1510.0	1670.0	1595
12.08.2020 00:00	1740.0	1960.0	1600.0	1620.0	649
13.08.2020 00:00	1620.0	1830.0	1530.0	1560.0	262
14.08.2020 00:00	1600.0	1600.0	1530.0	1560.0	37
17.08.2020 00:00	1570.0	1980.0	1570.0	1680.0	1395
18.08.2020 00:00	1730.0	2230.0	1730.0	1900.0	1443
19.08.2020 00:00	1880.0	1990.0	1720.0	1820.0	678
20.08.2020 00:00	1810.0	1810.0	1760.0	1760.0	27
21.08.2020 00:00	1770.0	1990.0	1770.0	1790.0	273
24.08.2020 00:00	1780.0	1980.0	1770.0	1860.0	425
25.08.2020 00:00	1880.0	1920.0	1820.0	1840.0	101
26.08.2020 00:00	1840.0	1840.0	1790.0	1800.0	22
27.08.2020 00:00	1800.0	1840.0	1800.0	1820.0	279
28.08.2020 00:00	1830.0	2060.0	1820.0	1940.0	1199
31.08.2020 00:00	1940.0	2470.0	1940.0	2030.0	2329
01.09.2020 00:00	2070.0	2110.0	1900.0	1960.0	283
02.09.2020 00:00	2020.0	2150.0	1900.0	1920.0	226
03.09.2020 00:00	1890.0	2170.0	1850.0	1850.0	589
04.09.2020 00:00	1890.0	1930.0	1750.0	1770.0	227
07.09.2020 00:00	1840.0	1840.0	1750.0	1750.0	72
08.09.2020 00:00	1830.0	1830.0	1710.0	1710.0	101
09.09.2020 00:00	1740.0	1930.0	1660.0	1840.0	420
10.09.2020 00:00	1840.0	1840.0	1680.0	1710.0	228
11.09.2020 00:00	1670.0	1960.0	1670.0	1780.0	360
14.09.2020 00:00	1710.0	1810.0	1710.0	1740.0	116
15.09.2020 00:00	1790.0	1830.0	1730.0	1760.0	44
16.09.2020 00:00	1800.0	2200.0	1790.0	1810.0	813
17.09.2020 00:00	1830.0	1880.0	1810.0	1810.0	89
18.09.2020 00:00	1790.0	1860.0	1780.0	1790.0	122
21.09.2020 00:00	1850.0	1850.0	1770.0	1800.0	34
22.09.2020 00:00	1820.0	1830.0	1750.0	1750.0	42
23.09.2020 00:00	1830.0	1830.0	1720.0	1740.0	151
24.09.2020 00:00	1740.0	1740.0	1700.0	1710.0	81
25.09.2020 00:00	1730.0	1770.0	1720.0	1740.0	46
28.09.2020 00:00	1730.0	1760.0	1720.0	1760.0	19
29.09.2020 00:00	1760.0	1760.0	1730.0	1730.0	10
30.09.2020 00:00	1720.0	1750.0	1640.0	1650.0	130
01.10.2020 00:00	1660.0	1660.0	1610.0	1620.0	139
02.10.2020 00:00	1680.0	2270.0	1620.0	2270.0	2039
05.10.2020 00:00	2490.0	2900.0	2010.0	2040.0	3268
06.10.2020 00:00	2100.0	2440.0	2040.0	2250.0	481
07.10.2020 00:00	2140.0	2250.0	2040.0	2070.0	182
08.10.2020 00:00	2150.0	2150.0	1900.0	2000.0	74
09.10.2020 00:00	2030.0	2030.0	1820.0	1910.0	124
12.10.2020 00:00	1910.0	1940.0	1910.0	1940.0	9
13.10.2020 00:00	1980.0	2130.0	1920.0	2050.0	159
14.10.2020 00:00	2050.0	2060.0	1960.0	2030.0	75
15.10.2020 00:00	2120.0	2120.0	2040.0	2040.0	9
16.10.2020 00:00	2010.0	2100.0	2010.0	2100.0	13
19.10.2020 00:00	2090.0	2360.0	2060.0	2100.0	340
20.10.2020 00:00	2140.0	2150.0	2070.0	2130.0	96
21.10.2020 00:00	2170.0	2170.0	2030.0	2060.0	50
22.10.2020 00:00	2150.0	2160.0	2050.0	2050.0	33
23.10.2020 00:00	2110.0	2870.0	2080.0	2870.0	2751
26.10.2020 00:00	2870.0	2910.0	2500.0	2600.0	739
27.10.2020 00:00	2540.0	3070.0	2540.0	2600.0	894
28.10.2020 00:00	2590.0	2830.0	2580.0	2590.0	155
29.10.2020 00:00	2690.0	2730.0	2590.0	2690.0	100
30.10.2020 00:00	2720.0	2720.0	2570.0	2610.0	134
02.11.2020 00:00	2630.0	2730.0	2580.0	2590.0	109
03.11.2020 00:00	2650.0	2650.0	2560.0	2560.0	19
05.11.2020 00:00	2650.0	2650.0	2550.0	2550.0	19
06.11.2020 00:00	2490.0	2740.0	2470.0	2630.0	136
09.11.2020 00:00	2650.0	2650.0	2520.0	2550.0	97
10.11.2020 00:00	2500.0	2740.0	2480.0	2580.0	675
11.11.2020 00:00	2600.0	2680.0	2560.0	2620.0	43
12.11.2020 00:00	2650.0	2660.0	2570.0	2660.0	23
13.11.2020 00:00	2670.0	2690.0	2570.0	2630.0	199
16.11.2020 00:00	2640.0	2650.0	2620.0	2620.0	22
17.11.2020 00:00	2550.0	2640.0	2550.0	2620.0	20
18.11.2020 00:00	2620.0	2620.0	2580.0	2610.0	45
19.11.2020 00:00	2640.0	2670.0	2560.0	2570.0	27
20.11.2020 00:00	2600.0	2600.0	2550.0	2560.0	7
23.11.2020 00:00	2570.0	2620.0	2500.0	2560.0	73
24.11.2020 00:00	2600.0	2630.0	2590.0	2590.0	42
25.11.2020 00:00	2550.0	2740.0	2540.0	2600.0	139
26.11.2020 00:00	2690.0	2690.0	2610.0	2610.0	8
27.11.2020 00:00	2720.0	3260.0	2680.0	2760.0	1806
30.11.2020 00:00	2640.0	2900.0	2580.0	2600.0	612
01.12.2020 00:00	2600.0	2650.0	2540.0	2640.0	166
02.12.2020 00:00	2640.0	2640.0	2600.0	2600.0	16
03.12.2020 00:00	2580.0	2620.0	2550.0	2550.0	222
04.12.2020 00:00	2530.0	2610.0	2530.0	2580.0	161
07.12.2020 00:00	2610.0	2610.0	2530.0	2550.0	76
08.12.2020 00:00	2580.0	2580.0	2540.0	2560.0	9
09.12.2020 00:00	2530.0	2550.0	2530.0	2550.0	4
10.12.2020 00:00	2530.0	2550.0	2530.0	2540.0	7
11.12.2020 00:00	2530.0	2530.0	2520.0	2520.0	6
14.12.2020 00:00	2530.0	2530.0	2520.0	2520.0	13
15.12.2020 00:00	2500.0	2540.0	2330.0	2510.0	32
16.12.2020 00:00	2470.0	2500.0	2470.0	2500.0	7
17.12.2020 00:00	2520.0	2580.0	2460.0	2490.0	22
18.12.2020 00:00	2500.0	2530.0	2420.0	2430.0	62
21.12.2020 00:00	2470.0	2500.0	2380.0	2450.0	148
22.12.2020 00:00	2450.0	2550.0	2430.0	2450.0	105
23.12.2020 00:00	2470.0	2480.0	2390.0	2480.0	16
24.12.2020 00:00	2480.0	2490.0	2440.0	2490.0	8
25.12.2020 00:00	2600.0	2600.0	2460.0	2470.0	62
28.12.2020 00:00	2470.0	2480.0	2450.0	2480.0	9
29.12.2020 00:00	2440.0	2500.0	2440.0	2470.0	38
30.12.2020 00:00	2460.0	2510.0	2450.0	2500.0	14
04.01.2021 00:00	2530.0	2680.0	2450.0	2460.0	99
05.01.2021 00:00	2450.0	2640.0	2440.0	2480.0	126
06.01.2021 00:00	2480.0	2520.0	2460.0	2480.0	28
08.01.2021 00:00	2450.0	2550.0	2450.0	2490.0	66
11.01.2021 00:00	2440.0	2500.0	2440.0	2500.0	24
12.01.2021 00:00	2500.0	2540.0	2460.0	2500.0	122
13.01.2021 00:00	2500.0	2530.0	2460.0	2500.0	26
14.01.2021 00:00	2480.0	2530.0	2480.0	2520.0	31
15.01.2021 00:00	2470.0	2520.0	2470.0	2480.0	61
18.01.2021 00:00	2470.0	2500.0	2460.0	2480.0	44
19.01.2021 00:00	2470.0	2530.0	2450.0	2520.0	171
20.01.2021 00:00	2520.0	2550.0	2480.0	2480.0	112
21.01.2021 00:00	2470.0	2510.0	2450.0	2460.0	53
22.01.2021 00:00	2440.0	2510.0	2400.0	2430.0	110
25.01.2021 00:00	2460.0	2460.0	2410.0	2440.0	32
26.01.2021 00:00	2430.0	2450.0	2430.0	2450.0	2
27.01.2021 00:00	2430.0	2440.0	2410.0	2420.0	48
28.01.2021 00:00	2420.0	2420.0	2420.0	2420.0	1
29.01.2021 00:00	2400.0	2440.0	2400.0	2410.0	17
01.02.2021 00:00	2410.0	2450.0	2410.0	2450.0	18
02.02.2021 00:00	2450.0	2450.0	2400.0	2430.0	51
03.02.2021 00:00	2430.0	2440.0	2400.0	2420.0	48
04.02.2021 00:00	2430.0	2440.0	2350.0	2360.0	140
05.02.2021 00:00	2360.0	2360.0	2330.0	2360.0	32
08.02.2021 00:00	2400.0	2400.0	2340.0	2350.0	10
09.02.2021 00:00	2360.0	2390.0	2360.0	2380.0	11
10.02.2021 00:00	2340.0	2390.0	2330.0	2370.0	32
11.02.2021 00:00	2380.0	2380.0	2340.0	2370.0	13
12.02.2021 00:00	2330.0	2360.0	2330.0	2360.0	15
15.02.2021 00:00	2370.0	2370.0	2370.0	2370.0	22
16.02.2021 00:00	2380.0	2380.0	2330.0	2350.0	48
17.02.2021 00:00	2380.0	2400.0	2340.0	2370.0	52
18.02.2021 00:00	2340.0	2380.0	2270.0	2270.0	130
19.02.2021 00:00	2280.0	2450.0	2250.0	2330.0	178
20.02.2021 00:00	2320.0	2430.0	2280.0	2390.0	47
22.02.2021 00:00	2430.0	2430.0	2350.0	2390.0	73
24.02.2021 00:00	2410.0	2420.0	2350.0	2400.0	91
25.02.2021 00:00	2370.0	2450.0	2360.0	2410.0	135
26.02.2021 00:00	2380.0	2430.0	2370.0	2430.0	47
01.03.2021 00:00	2350.0	2430.0	2350.0	2420.0	57
02.03.2021 00:00	2420.0	2420.0	2300.0	2410.0	128
03.03.2021 00:00	2380.0	2410.0	2370.0	2400.0	6
04.03.2021 00:00	2410.0	3100.0	2320.0	2380.0	1029
05.03.2021 00:00	2400.0	2430.0	2250.0	2340.0	260
09.03.2021 00:00	2350.0	2400.0	2280.0	2350.0	394
10.03.2021 00:00	2330.0	2380.0	2280.0	2300.0	143
11.03.2021 00:00	2310.0	2370.0	2260.0	2330.0	116
12.03.2021 00:00	2360.0	2360.0	2300.0	2330.0	126
15.03.2021 00:00	2350.0	2350.0	2300.0	2330.0	117
16.03.2021 00:00	2330.0	2350.0	2290.0	2310.0	158
17.03.2021 00:00	2310.0	2370.0	2260.0	2370.0	144
18.03.2021 00:00	2320.0	2370.0	2320.0	2350.0	106
19.03.2021 00:00	2310.0	2390.0	2310.0	2380.0	133
22.03.2021 00:00	2320.0	2390.0	2320.0	2390.0	129
23.03.2021 00:00	2410.0	2410.0	2350.0	2390.0	65
24.03.2021 00:00	2350.0	2380.0	2300.0	2320.0	62
25.03.2021 00:00	2320.0	2380.0	2310.0	2370.0	80
26.03.2021 00:00	2390.0	2390.0	2320.0	2340.0	151
29.03.2021 00:00	2320.0	2370.0	2320.0	2370.0	474
30.03.2021 00:00	2320.0	2360.0	2320.0	2320.0	141
31.03.2021 00:00	2320.0	2360.0	2320.0	2350.0	129
01.04.2021 00:00	2320.0	2390.0	2310.0	2340.0	121
02.04.2021 00:00	2360.0	2390.0	2340.0	2390.0	229
05.04.2021 00:00	2390.0	2390.0	2350.0	2370.0	106
06.04.2021 00:00	2360.0	2400.0	2350.0	2370.0	149
07.04.2021 00:00	2390.0	2600.0	2270.0	2300.0	886
08.04.2021 00:00	2340.0	2450.0	2100.0	2230.0	704
09.04.2021 00:00	2180.0	2230.0	2110.0	2160.0	494
12.04.2021 00:00	2160.0	2270.0	2160.0	2250.0	118
13.04.2021 00:00	2260.0	2340.0	2230.0	2330.0	208
14.04.2021 00:00	2340.0	2340.0	2290.0	2320.0	129
15.04.2021 00:00	2280.0	2340.0	2270.0	2330.0	124
16.04.2021 00:00	2340.0	2340.0	2270.0	2320.0	187
19.04.2021 00:00	2320.0	2320.0	2270.0	2300.0	91
20.04.2021 00:00	2310.0	2310.0	2280.0	2300.0	76
21.04.2021 00:00	2220.0	2310.0	2220.0	2280.0	92
22.04.2021 00:00	2190.0	2300.0	2190.0	2240.0	104
23.04.2021 00:00	2300.0	2300.0	2240.0	2250.0	96
26.04.2021 00:00	2270.0	2270.0	2150.0	2170.0	111
27.04.2021 00:00	2260.0	2350.0	2190.0	2210.0	190
28.04.2021 00:00	2320.0	2320.0	2220.0	2260.0	123
29.04.2021 00:00	2230.0	2230.0	2210.0	2230.0	21
30.04.2021 00:00	2300.0	2340.0	2170.0	2190.0	254
04.05.2021 00:00	2170.0	2230.0	2170.0	2200.0	147
05.05.2021 00:00	2280.0	2280.0	2180.0	2210.0	158
06.05.2021 00:00	2190.0	2230.0	2160.0	2190.0	173
07.05.2021 00:00	2270.0	2280.0	2220.0	2240.0	157
10.05.2021 00:00	2260.0	2260.0	2260.0	2260.0	1
11.05.2021 00:00	2180.0	2250.0	2180.0	2200.0	162
12.05.2021 00:00	2290.0	2290.0	2220.0	2290.0	147
13.05.2021 00:00	2260.0	2290.0	2260.0	2290.0	3
14.05.2021 00:00	2260.0	2260.0	2190.0	2190.0	100
17.05.2021 00:00	2180.0	2190.0	2160.0	2170.0	40
18.05.2021 00:00	2180.0	2180.0	2170.0	2180.0	19
19.05.2021 00:00	2160.0	2180.0	2160.0	2160.0	12
20.05.2021 00:00	2160.0	2170.0	2160.0	2160.0	4
21.05.2021 00:00	2150.0	2150.0	2080.0	2080.0	66
24.05.2021 00:00	2070.0	2070.0	2020.0	2050.0	28
25.05.2021 00:00	2130.0	2130.0	2050.0	2130.0	17
26.05.2021 00:00	2170.0	2170.0	2060.0	2130.0	21
27.05.2021 00:00	2140.0	2170.0	2140.0	2160.0	4
28.05.2021 00:00	2170.0	2170.0	2070.0	2150.0	25
31.05.2021 00:00	2100.0	2160.0	2060.0	2070.0	46
01.06.2021 00:00	2070.0	2130.0	2070.0	2130.0	19
02.06.2021 00:00	2130.0	2170.0	2130.0	2170.0	2
03.06.2021 00:00	2170.0	2280.0	2120.0	2160.0	206
04.06.2021 00:00	2130.0	2170.0	2040.0	2140.0	16
07.06.2021 00:00	2050.0	2100.0	2050.0	2090.0	37
08.06.2021 00:00	2160.0	2160.0	2050.0	2110.0	17
09.06.2021 00:00	2120.0	2950.0	2120.0	2950.0	2157
10.06.2021 00:00	3240.0	3240.0	2580.0	2730.0	1083
11.06.2021 00:00	2730.0	2900.0	2380.0	2770.0	699
14.06.2021 00:00	2840.0	2980.0	2600.0	2680.0	531
15.06.2021 00:00	2570.0	2640.0	2570.0	2570.0	71
16.06.2021 00:00	2660.0	2670.0	2560.0	2570.0	32
17.06.2021 00:00	2570.0	3130.0	2410.0	2430.0	1100
18.06.2021 00:00	2410.0	2600.0	2410.0	2430.0	129
21.06.2021 00:00	2390.0	2460.0	2390.0	2440.0	32
22.06.2021 00:00	2490.0	2700.0	2490.0	2530.0	213
23.06.2021 00:00	2640.0	2700.0	2450.0	2460.0	95
24.06.2021 00:00	2600.0	2600.0	2470.0	2580.0	67
25.06.2021 00:00	2490.0	2530.0	2490.0	2520.0	12
28.06.2021 00:00	2600.0	3530.0	2590.0	3530.0	2173
29.06.2021 00:00	3250.0	3450.0	3010.0	3390.0	459
30.06.2021 00:00	3380.0	4200.0	2910.0	3110.0	2677
01.07.2021 00:00	3140.0	3270.0	2820.0	2940.0	727
02.07.2021 00:00	2990.0	3120.0	2900.0	2940.0	322
05.07.2021 00:00	2940.0	3040.0	2920.0	2960.0	136
06.07.2021 00:00	3040.0	3040.0	2890.0	2890.0	107
07.07.2021 00:00	2900.0	2940.0	2820.0	2830.0	36
08.07.2021 00:00	2810.0	2970.0	2770.0	2880.0	80
09.07.2021 00:00	2950.0	3200.0	2820.0	2910.0	241
12.07.2021 00:00	2830.0	2850.0	2780.0	2800.0	20
13.07.2021 00:00	2900.0	2900.0	2790.0	2790.0	10
14.07.2021 00:00	2760.0	2900.0	2760.0	2790.0	23
15.07.2021 00:00	2790.0	2830.0	2630.0	2710.0	46
16.07.2021 00:00	2720.0	2770.0	2700.0	2700.0	21
19.07.2021 00:00	2730.0	2800.0	2640.0	2650.0	18
20.07.2021 00:00	2790.0	2790.0	2270.0	2640.0	709
21.07.2021 00:00	2670.0	2670.0	2530.0	2540.0	9
22.07.2021 00:00	2520.0	2620.0	2510.0	2570.0	18
23.07.2021 00:00	2510.0	3000.0	2410.0	2540.0	640
26.07.2021 00:00	2600.0	2600.0	2490.0	2520.0	33
27.07.2021 00:00	2530.0	2570.0	2520.0	2530.0	34
28.07.2021 00:00	2560.0	2560.0	2550.0	2560.0	6
29.07.2021 00:00	2560.0	2560.0	2490.0	2560.0	12
30.07.2021 00:00	2490.0	2560.0	2490.0	2490.0	21
02.08.2021 00:00	2580.0	2580.0	2510.0	2530.0	47
03.08.2021 00:00	2560.0	2580.0	2550.0	2560.0	27
04.08.2021 00:00	2600.0	2600.0	2550.0	2550.0	8
05.08.2021 00:00	2540.0	2590.0	2530.0	2530.0	7
06.08.2021 00:00	2580.0	2580.0	2500.0	2520.0	23
09.08.2021 00:00	2510.0	2510.0	2470.0	2500.0	26
10.08.2021 00:00	2470.0	2530.0	2420.0	2470.0	118
11.08.2021 00:00	2440.0	2510.0	2390.0	2440.0	179
12.08.2021 00:00	2490.0	2490.0	2410.0	2410.0	41
13.08.2021 00:00	2410.0	2420.0	2340.0	2390.0	38
16.08.2021 00:00	2420.0	2750.0	2420.0	2560.0	413
17.08.2021 00:00	2530.0	2530.0	2430.0	2450.0	69
18.08.2021 00:00	2460.0	3430.0	2420.0	3430.0	1716
19.08.2021 00:00	3420.0	4790.0	3120.0	3190.0	6168
20.08.2021 00:00	3190.0	4250.0	3000.0	3260.0	5332
23.08.2021 00:00	3280.0	4000.0	3100.0	3330.0	1824
24.08.2021 00:00	3390.0	3390.0	3080.0	3170.0	610
25.08.2021 00:00	3300.0	3390.0	2920.0	3020.0	533
26.08.2021 00:00	3080.0	3080.0	2950.0	3000.0	96
27.08.2021 00:00	2970.0	3040.0	2860.0	2920.0	123
30.08.2021 00:00	2860.0	2960.0	2770.0	2820.0	142
31.08.2021 00:00	2770.0	2770.0	2720.0	2750.0	197
01.09.2021 00:00	2900.0	2910.0	2670.0	2730.0	78
02.09.2021 00:00	2650.0	2740.0	2650.0	2700.0	83
03.09.2021 00:00	2730.0	2730.0	2630.0	2630.0	244
06.09.2021 00:00	2730.0	2730.0	2600.0	2610.0	166
07.09.2021 00:00	2610.0	2610.0	2540.0	2550.0	117
08.09.2021 00:00	2530.0	2680.0	2450.0	2450.0	1252
09.09.2021 00:00	2480.0	2480.0	2370.0	2390.0	797
10.09.2021 00:00	2400.0	2730.0	2380.0	2650.0	2643
13.09.2021 00:00	2700.0	2700.0	2550.0	2610.0	284
14.09.2021 00:00	2580.0	2620.0	2530.0	2540.0	124
15.09.2021 00:00	2530.0	2630.0	2400.0	2420.0	501
16.09.2021 00:00	2510.0	2540.0	2390.0	2450.0	364
17.09.2021 00:00	2490.0	2500.0	2430.0	2430.0	64
20.09.2021 00:00	2450.0	2700.0	2380.0	2450.0	1000
21.09.2021 00:00	2480.0	2520.0	2410.0	2450.0	238
22.09.2021 00:00	2510.0	2550.0	2420.0	2480.0	116
23.09.2021 00:00	2550.0	2550.0	2420.0	2500.0	70
24.09.2021 00:00	2510.0	2640.0	2480.0	2560.0	158
27.09.2021 00:00	2520.0	2550.0	2440.0	2510.0	104
28.09.2021 00:00	2480.0	2500.0	2450.0	2490.0	129
29.09.2021 00:00	2520.0	2520.0	2470.0	2480.0	30
30.09.2021 00:00	2480.0	2640.0	2430.0	2470.0	505
01.10.2021 00:00	2450.0	2460.0	2410.0	2460.0	157
04.10.2021 00:00	2450.0	2500.0	2450.0	2500.0	55
05.10.2021 00:00	2460.0	2510.0	2450.0	2490.0	59
06.10.2021 00:00	2480.0	2510.0	2450.0	2470.0	91
07.10.2021 00:00	2520.0	2680.0	2470.0	2590.0	1332
08.10.2021 00:00	2650.0	3490.0	2630.0	2830.0	6863
11.10.2021 00:00	2910.0	2950.0	2600.0	2660.0	840
12.10.2021 00:00	2650.0	2950.0	2550.0	2700.0	906
13.10.2021 00:00	2680.0	3100.0	2630.0	2820.0	1927
14.10.2021 00:00	2820.0	2970.0	2730.0	2830.0	624
15.10.2021 00:00	2890.0	2890.0	2660.0	2700.0	568
18.10.2021 00:00	2820.0	2880.0	2650.0	2710.0	462
19.10.2021 00:00	2750.0	2770.0	2660.0	2700.0	170
20.10.2021 00:00	2710.0	2800.0	2660.0	2720.0	236
21.10.2021 00:00	2720.0	2720.0	2530.0	2620.0	447
22.10.2021 00:00	2650.0	2650.0	2510.0	2560.0	299
25.10.2021 00:00	2570.0	2680.0	2560.0	2640.0	215
26.10.2021 00:00	2610.0	2680.0	2590.0	2590.0	77
27.10.2021 00:00	2580.0	2630.0	2510.0	2600.0	107
28.10.2021 00:00	2560.0	2630.0	2520.0	2570.0	128
29.10.2021 00:00	2560.0	2560.0	2540.0	2550.0	26
01.11.2021 00:00	2580.0	2590.0	2510.0	2540.0	94
02.11.2021 00:00	2520.0	2570.0	2500.0	2550.0	65
03.11.2021 00:00	2520.0	2580.0	2510.0	2540.0	90
05.11.2021 00:00	2530.0	2570.0	2510.0	2540.0	83
08.11.2021 00:00	2540.0	2540.0	2510.0	2530.0	56
09.11.2021 00:00	2530.0	2620.0	2530.0	2580.0	54
10.11.2021 00:00	2590.0	2590.0	2520.0	2550.0	46
11.11.2021 00:00	2530.0	2540.0	2520.0	2540.0	29
12.11.2021 00:00	2520.0	2570.0	2520.0	2560.0	63
15.11.2021 00:00	2550.0	2550.0	2520.0	2550.0	94
16.11.2021 00:00	2520.0	2580.0	2520.0	2520.0	69
17.11.2021 00:00	2520.0	2530.0	2510.0	2510.0	48
18.11.2021 00:00	2510.0	2700.0	2500.0	2510.0	393
19.11.2021 00:00	2540.0	2550.0	2500.0	2500.0	189
22.11.2021 00:00	2510.0	2510.0	2470.0	2470.0	101
23.11.2021 00:00	2420.0	2470.0	2420.0	2460.0	25
24.11.2021 00:00	2510.0	2530.0	2480.0	2520.0	66
25.11.2021 00:00	2490.0	2520.0	2490.0	2510.0	7
26.11.2021 00:00	2530.0	2530.0	2420.0	2420.0	105
29.11.2021 00:00	2440.0	2460.0	2420.0	2440.0	20
30.11.2021 00:00	2420.0	2440.0	2410.0	2410.0	51
01.12.2021 00:00	2410.0	2440.0	2400.0	2420.0	21
02.12.2021 00:00	2420.0	2440.0	2420.0	2420.0	18
03.12.2021 00:00	2440.0	2500.0	2360.0	2400.0	99
06.12.2021 00:00	2370.0	2420.0	2330.0	2340.0	83
07.12.2021 00:00	2340.0	2360.0	2330.0	2340.0	46
08.12.2021 00:00	2350.0	2430.0	2320.0	2350.0	83
09.12.2021 00:00	2380.0	2380.0	2330.0	2350.0	17
10.12.2021 00:00	2350.0	2420.0	2310.0	2310.0	35
13.12.2021 00:00	2330.0	2350.0	2250.0	2280.0	64
14.12.2021 00:00	2280.0	2280.0	2120.0	2190.0	153
15.12.2021 00:00	2250.0	2300.0	2220.0	2230.0	23
16.12.2021 00:00	2300.0	2300.0	2210.0	2220.0	9
17.12.2021 00:00	2310.0	2310.0	2160.0	2200.0	18
20.12.2021 00:00	2180.0	2190.0	2180.0	2190.0	10
21.12.2021 00:00	2190.0	2230.0	2190.0	2220.0	12
22.12.2021 00:00	2220.0	2290.0	2220.0	2250.0	6
23.12.2021 00:00	2290.0	2310.0	2250.0	2300.0	26
24.12.2021 00:00	2280.0	2280.0	2240.0	2240.0	6
27.12.2021 00:00	2240.0	2240.0	2160.0	2160.0	44
28.12.2021 00:00	2200.0	2200.0	2130.0	2130.0	36
29.12.2021 00:00	2140.0	2160.0	2140.0	2150.0	15
30.12.2021 00:00	2170.0	2740.0	2120.0	2160.0	1945
03.01.2022 00:00	2170.0	2230.0	2120.0	2190.0	409
04.01.2022 00:00	2150.0	2210.0	2150.0	2210.0	131
05.01.2022 00:00	2200.0	2210.0	2160.0	2180.0	34
06.01.2022 00:00	2200.0	2200.0	2160.0	2200.0	22
10.01.2022 00:00	2160.0	2210.0	2160.0	2200.0	38
11.01.2022 00:00	2200.0	2200.0	2160.0	2200.0	39
12.01.2022 00:00	2250.0	2250.0	2180.0	2200.0	15
13.01.2022 00:00	2270.0	2270.0	2160.0	2200.0	15
14.01.2022 00:00	2190.0	2200.0	2110.0	2130.0	70
17.01.2022 00:00	2140.0	2190.0	2110.0	2140.0	57
18.01.2022 00:00	2120.0	2130.0	1930.0	1980.0	114
19.01.2022 00:00	1940.0	2040.0	1940.0	1950.0	45
20.01.2022 00:00	2000.0	2010.0	1970.0	1980.0	15
21.01.2022 00:00	1960.0	1980.0	1790.0	1900.0	201
24.01.2022 00:00	1940.0	1950.0	1740.0	1830.0	62
25.01.2022 00:00	1790.0	1900.0	1760.0	1810.0	54
26.01.2022 00:00	1760.0	1880.0	1760.0	1830.0	102
27.01.2022 00:00	1870.0	1880.0	1830.0	1870.0	15
28.01.2022 00:00	1870.0	1870.0	1870.0	1870.0	1
31.01.2022 00:00	1830.0	1880.0	1830.0	1860.0	13
01.02.2022 00:00	1880.0	1900.0	1850.0	1850.0	76
02.02.2022 00:00	1880.0	1890.0	1850.0	1880.0	6
03.02.2022 00:00	1860.0	1860.0	1860.0	1860.0	7
04.02.2022 00:00	1890.0	2100.0	1890.0	1960.0	185
07.02.2022 00:00	1960.0	1960.0	1860.0	1860.0	46
08.02.2022 00:00	1900.0	2150.0	1870.0	1990.0	208
09.02.2022 00:00	2060.0	2110.0	2010.0	2080.0	63
10.02.2022 00:00	2110.0	2110.0	2000.0	2040.0	73
11.02.2022 00:00	2020.0	2030.0	2020.0	2030.0	10
14.02.2022 00:00	2010.0	2010.0	1970.0	1970.0	10
15.02.2022 00:00	1990.0	1990.0	1880.0	1990.0	11
16.02.2022 00:00	2060.0	2100.0	2010.0	2020.0	80
17.02.2022 00:00	2010.0	2020.0	1960.0	2000.0	8
18.02.2022 00:00	2000.0	2020.0	1880.0	1880.0	56
21.02.2022 00:00	1920.0	1920.0	1770.0	1770.0	66
22.02.2022 00:00	1770.0	1880.0	1710.0	1880.0	19
24.02.2022 00:00	1660.0	1660.0	1160.0	1220.0	121
25.02.2022 00:00	1220.0	1480.0	1200.0	1350.0	13
28.03.2022 00:00	1220.0	1700.0	1000.0	1340.0	52
29.03.2022 00:00	1260.0	1700.0	1260.0	1680.0	36
30.03.2022 00:00	1690.0	1700.0	1500.0	1550.0	14
31.03.2022 00:00	1700.0	1760.0	1530.0	1750.0	42
01.04.2022 00:00	1730.0	1760.0	1640.0	1700.0	72
04.04.2022 00:00	1760.0	1780.0	1680.0	1780.0	57
05.04.2022 00:00	1790.0	2070.0	1700.0	1800.0	302
06.04.2022 00:00	1800.0	1850.0	1680.0	1830.0	74
07.04.2022 00:00	1800.0	1850.0	1760.0	1760.0	5
08.04.2022 00:00	1760.0	1840.0	1760.0	1760.0	21
11.04.2022 00:00	1770.0	1770.0	1760.0	1760.0	4
12.04.2022 00:00	1730.0	1760.0	1720.0	1760.0	24
13.04.2022 00:00	1780.0	1800.0	1780.0	1790.0	4
14.04.2022 00:00	1790.0	1790.0	1790.0	1790.0	1
15.04.2022 00:00	1790.0	2430.0	1730.0	1840.0	1170
18.04.2022 00:00	1840.0	1890.0	1600.0	1750.0	269
19.04.2022 00:00	1760.0	2120.0	1730.0	1800.0	594
20.04.2022 00:00	1750.0	1870.0	1720.0	1860.0	90
21.04.2022 00:00	1880.0	1910.0	1760.0	1760.0	70
22.04.2022 00:00	1850.0	1880.0	1760.0	1770.0	61
25.04.2022 00:00	1840.0	2100.0	1760.0	1800.0	412
26.04.2022 00:00	1780.0	1850.0	1770.0	1810.0	68
27.04.2022 00:00	1770.0	1900.0	1770.0	1810.0	62
28.04.2022 00:00	1800.0	1900.0	1800.0	1890.0	41
29.04.2022 00:00	1900.0	1900.0	1800.0	1850.0	8
04.05.2022 00:00	1850.0	1870.0	1780.0	1870.0	29
05.05.2022 00:00	1860.0	1950.0	1800.0	1890.0	34
06.05.2022 00:00	1950.0	1950.0	1810.0	1850.0	54
11.05.2022 00:00	1840.0	1840.0	1800.0	1830.0	21
12.05.2022 00:00	1800.0	1810.0	1730.0	1790.0	55
13.05.2022 00:00	1800.0	1820.0	1800.0	1800.0	9
16.05.2022 00:00	1820.0	1820.0	1750.0	1820.0	14
17.05.2022 00:00	1830.0	1830.0	1750.0	1810.0	31
18.05.2022 00:00	1760.0	1810.0	1750.0	1810.0	14
19.05.2022 00:00	1770.0	1910.0	1750.0	1910.0	75
20.05.2022 00:00	1870.0	1970.0	1770.0	1970.0	143
23.05.2022 00:00	1830.0	2000.0	1830.0	1900.0	123
24.05.2022 00:00	1790.0	2150.0	1750.0	1980.0	490
25.05.2022 00:00	1930.0	1990.0	1870.0	1870.0	31
26.05.2022 00:00	1930.0	1940.0	1850.0	1850.0	15
30.05.2022 00:00	1860.0	1860.0	1850.0	1850.0	2
31.05.2022 00:00	1840.0	1840.0	1770.0	1840.0	58
01.06.2022 00:00	1790.0	1810.0	1770.0	1810.0	54
02.06.2022 00:00	1780.0	2000.0	1750.0	1760.0	371
03.06.2022 00:00	1780.0	1880.0	1780.0	1810.0	53
06.06.2022 00:00	1800.0	1880.0	1800.0	1810.0	6
07.06.2022 00:00	1800.0	1880.0	1800.0	1800.0	11
08.06.2022 00:00	1810.0	1810.0	1810.0	1810.0	18
09.06.2022 00:00	1800.0	1820.0	1750.0	1800.0	49
10.06.2022 00:00	1870.0	1990.0	1840.0	1860.0	159
14.06.2022 00:00	1880.0	1980.0	1820.0	1820.0	39
15.06.2022 00:00	1820.0	1820.0	1820.0	1820.0	20
16.06.2022 00:00	1810.0	1830.0	1800.0	1830.0	18
17.06.2022 00:00	1830.0	1830.0	1820.0	1820.0	2
20.06.2022 00:00	1820.0	1830.0	1820.0	1820.0	11
21.06.2022 00:00	1820.0	1850.0	1810.0	1810.0	30
23.06.2022 00:00	1780.0	1780.0	1780.0	1780.0	1
24.06.2022 00:00	1790.0	1910.0	1790.0	1810.0	21
27.06.2022 00:00	1810.0	1890.0	1800.0	1840.0	37
28.06.2022 00:00	1850.0	1850.0	1780.0	1790.0	63
29.06.2022 00:00	1780.0	1780.0	1770.0	1770.0	17
30.06.2022 00:00	1780.0	1920.0	1660.0	1770.0	467
01.07.2022 00:00	1780.0	1780.0	1780.0	1780.0	1
04.07.2022 00:00	1760.0	1810.0	1680.0	1760.0	12
06.07.2022 00:00	1770.0	1900.0	1760.0	1760.0	87
07.07.2022 00:00	1780.0	1820.0	1780.0	1810.0	8
08.07.2022 00:00	1770.0	1850.0	1770.0	1810.0	3
11.07.2022 00:00	1790.0	1790.0	1790.0	1790.0	1
12.07.2022 00:00	1790.0	1790.0	1790.0	1790.0	4
13.07.2022 00:00	1760.0	1760.0	1700.0	1700.0	28
14.07.2022 00:00	1700.0	1790.0	1700.0	1700.0	5
15.07.2022 00:00	1700.0	1750.0	1670.0	1700.0	24
19.07.2022 00:00	1750.0	1860.0	1720.0	1800.0	50
20.07.2022 00:00	1750.0	1790.0	1730.0	1770.0	20
21.07.2022 00:00	1710.0	1800.0	1710.0	1780.0	78
22.07.2022 00:00	1730.0	1770.0	1730.0	1770.0	3
25.07.2022 00:00	1760.0	1760.0	1760.0	1760.0	1
26.07.2022 00:00	1760.0	1770.0	1760.0	1770.0	2
27.07.2022 00:00	1760.0	1760.0	1760.0	1760.0	3
28.07.2022 00:00	1740.0	1780.0	1730.0	1750.0	13
01.08.2022 00:00	1740.0	1740.0	1690.0	1740.0	32
02.08.2022 00:00	1730.0	1740.0	1730.0	1730.0	42
03.08.2022 00:00	1720.0	1720.0	1720.0	1720.0	6
04.08.2022 00:00	1720.0	1720.0	1650.0	1660.0	48
05.08.2022 00:00	1700.0	1700.0	1700.0	1700.0	18
08.08.2022 00:00	1710.0	1730.0	1710.0	1720.0	10
09.08.2022 00:00	1720.0	1720.0	1660.0	1660.0	15
10.08.2022 00:00	1660.0	1720.0	1660.0	1720.0	12
11.08.2022 00:00	1700.0	1740.0	1670.0	1720.0	7
12.08.2022 00:00	1750.0	1750.0	1740.0	1750.0	4
15.08.2022 00:00	1700.0	1700.0	1700.0	1700.0	1
16.08.2022 00:00	1710.0	1720.0	1650.0	1720.0	14
17.08.2022 00:00	1720.0	1720.0	1660.0	1700.0	20
18.08.2022 00:00	1680.0	1710.0	1660.0	1690.0	13
19.08.2022 00:00	1720.0	1720.0	1720.0	1720.0	2
22.08.2022 00:00	1720.0	1780.0	1720.0	1760.0	40
23.08.2022 00:00	1720.0	1750.0	1720.0	1740.0	7
24.08.2022 00:00	1780.0	1780.0	1700.0	1710.0	38
25.08.2022 00:00	1710.0	1840.0	1710.0	1790.0	106
26.08.2022 00:00	1730.0	1760.0	1730.0	1750.0	24
29.08.2022 00:00	1740.0	1780.0	1740.0	1750.0	24
30.08.2022 00:00	1770.0	1850.0	1760.0	1800.0	171
31.08.2022 00:00	1850.0	1850.0	1810.0	1830.0	34
01.09.2022 00:00	1870.0	1870.0	1790.0	1800.0	22
02.09.2022 00:00	1810.0	1810.0	1790.0	1800.0	4
05.09.2022 00:00	1830.0	1830.0	1810.0	1830.0	6
06.09.2022 00:00	1830.0	1830.0	1790.0	1790.0	26
07.09.2022 00:00	1770.0	1780.0	1760.0	1780.0	12
08.09.2022 00:00	1750.0	1990.0	1710.0	1800.0	131
09.09.2022 00:00	1770.0	1840.0	1770.0	1780.0	25
12.09.2022 00:00	1780.0	2000.0	1770.0	1850.0	253
13.09.2022 00:00	1910.0	2500.0	1890.0	2180.0	3035
14.09.2022 00:00	2400.0	2420.0	1930.0	2070.0	1102
15.09.2022 00:00	2130.0	2130.0	1970.0	2000.0	163
16.09.2022 00:00	2080.0	2080.0	1950.0	2000.0	138
19.09.2022 00:00	1990.0	2030.0	1970.0	2020.0	75
20.09.2022 00:00	1990.0	2000.0	1940.0	1950.0	20
21.09.2022 00:00	1870.0	1870.0	1770.0	1800.0	52
22.09.2022 00:00	1930.0	1930.0	1770.0	1790.0	77
23.09.2022 00:00	1750.0	1760.0	1650.0	1680.0	249
26.09.2022 00:00	1670.0	1670.0	1450.0	1540.0	41
27.09.2022 00:00	1560.0	1720.0	1520.0	1530.0	34
28.09.2022 00:00	1470.0	1610.0	1450.0	1500.0	56
29.09.2022 00:00	1580.0	1580.0	1460.0	1470.0	17
30.09.2022 00:00	1540.0	1560.0	1410.0	1480.0	37
03.10.2022 00:00	1510.0	1620.0	1510.0	1590.0	67
04.10.2022 00:00	1590.0	1590.0	1510.0	1560.0	21
05.10.2022 00:00	1480.0	1660.0	1480.0	1530.0	50
06.10.2022 00:00	1610.0	1610.0	1520.0	1520.0	38
07.10.2022 00:00	1580.0	1580.0	1510.0	1510.0	4
10.10.2022 00:00	1620.0	1700.0	1550.0	1610.0	25
11.10.2022 00:00	1550.0	1590.0	1550.0	1580.0	6
12.10.2022 00:00	1670.0	1750.0	1630.0	1690.0	27
13.10.2022 00:00	1700.0	1700.0	1690.0	1690.0	6
17.10.2022 00:00	1630.0	1690.0	1630.0	1640.0	19
18.10.2022 00:00	1760.0	1760.0	1640.0	1650.0	22
19.10.2022 00:00	1650.0	1650.0	1630.0	1630.0	11
20.10.2022 00:00	1690.0	1710.0	1630.0	1700.0	9
21.10.2022 00:00	1780.0	1800.0	1690.0	1690.0	19
24.10.2022 00:00	1680.0	1740.0	1670.0	1740.0	4
25.10.2022 00:00	1720.0	1730.0	1680.0	1720.0	31
26.10.2022 00:00	1750.0	1750.0	1680.0	1740.0	4
27.10.2022 00:00	1670.0	1750.0	1670.0	1700.0	38
28.10.2022 00:00	1700.0	1700.0	1670.0	1700.0	6
31.10.2022 00:00	1740.0	1750.0	1720.0	1730.0	11
01.11.2022 00:00	1690.0	1830.0	1690.0	1760.0	45
02.11.2022 00:00	1790.0	1790.0	1720.0	1730.0	99
03.11.2022 00:00	1690.0	2100.0	1690.0	1710.0	914
07.11.2022 00:00	1710.0	1790.0	1660.0	1700.0	156
08.11.2022 00:00	1680.0	1710.0	1680.0	1700.0	31
09.11.2022 00:00	1700.0	1720.0	1660.0	1680.0	77
10.11.2022 00:00	1750.0	1750.0	1680.0	1680.0	51
11.11.2022 00:00	1730.0	1920.0	1730.0	1790.0	588
14.11.2022 00:00	1830.0	1860.0	1730.0	1790.0	180
15.11.2022 00:00	1820.0	1820.0	1790.0	1800.0	16
16.11.2022 00:00	1740.0	1810.0	1740.0	1800.0	16
17.11.2022 00:00	1810.0	1810.0	1780.0	1780.0	13
18.11.2022 00:00	1760.0	1780.0	1740.0	1760.0	31
21.11.2022 00:00	1750.0	1850.0	1720.0	1770.0	86
22.11.2022 00:00	1720.0	1750.0	1610.0	1740.0	81
23.11.2022 00:00	1720.0	1800.0	1710.0	1760.0	41
24.11.2022 00:00	1810.0	1820.0	1780.0	1800.0	26
25.11.2022 00:00	1780.0	1810.0	1780.0	1810.0	9
28.11.2022 00:00	1810.0	1870.0	1780.0	1800.0	43
29.11.2022 00:00	1820.0	1830.0	1790.0	1790.0	12
30.11.2022 00:00	1860.0	2450.0	1840.0	1850.0	6748
01.12.2022 00:00	1890.0	1890.0	1760.0	1800.0	492
02.12.2022 00:00	1780.0	1790.0	1760.0	1790.0	15
05.12.2022 00:00	1790.0	1800.0	1760.0	1800.0	88
06.12.2022 00:00	1770.0	1800.0	1770.0	1800.0	24
07.12.2022 00:00	1760.0	1790.0	1760.0	1790.0	45
08.12.2022 00:00	1790.0	1790.0	1740.0	1770.0	12
09.12.2022 00:00	1750.0	1760.0	1740.0	1760.0	34
12.12.2022 00:00	1790.0	1790.0	1770.0	1780.0	13
13.12.2022 00:00	1790.0	1790.0	1700.0	1740.0	245
14.12.2022 00:00	1740.0	1740.0	1700.0	1720.0	52
15.12.2022 00:00	1710.0	1710.0	1670.0	1710.0	122
16.12.2022 00:00	1690.0	1700.0	1670.0	1670.0	105
19.12.2022 00:00	1700.0	1770.0	1650.0	1700.0	123
20.12.2022 00:00	1690.0	1790.0	1690.0	1710.0	172
21.12.2022 00:00	1680.0	1710.0	1670.0	1690.0	27
22.12.2022 00:00	1690.0	1710.0	1670.0	1670.0	30
23.12.2022 00:00	1680.0	1840.0	1680.0	1740.0	413
26.12.2022 00:00	1740.0	1740.0	1700.0	1730.0	17
27.12.2022 00:00	1720.0	1720.0	1710.0	1710.0	14
28.12.2022 00:00	1750.0	1750.0	1700.0	1700.0	20
29.12.2022 00:00	1770.0	1770.0	1730.0	1730.0	31
30.12.2022 00:00	1760.0	1760.0	1700.0	1730.0	99
03.01.2023 00:00	1740.0	1740.0	1730.0	1730.0	4
04.01.2023 00:00	1760.0	1760.0	1720.0	1740.0	42
05.01.2023 00:00	1730.0	1750.0	1710.0	1720.0	107
06.01.2023 00:00	1730.0	1750.0	1730.0	1740.0	41
09.01.2023 00:00	1760.0	1820.0	1750.0	1790.0	135
10.01.2023 00:00	1790.0	1820.0	1770.0	1800.0	146
11.01.2023 00:00	1810.0	1920.0	1810.0	1890.0	288
12.01.2023 00:00	1920.0	2450.0	1880.0	1960.0	4498
13.01.2023 00:00	1960.0	1990.0	1850.0	1880.0	398
16.01.2023 00:00	1850.0	1890.0	1800.0	1830.0	494
17.01.2023 00:00	1880.0	1890.0	1790.0	1860.0	167
18.01.2023 00:00	1860.0	1900.0	1850.0	1850.0	33
19.01.2023 00:00	1880.0	1920.0	1830.0	1830.0	105
20.01.2023 00:00	1830.0	1900.0	1770.0	1890.0	116
23.01.2023 00:00	1870.0	1980.0	1850.0	1890.0	224
24.01.2023 00:00	1860.0	1900.0	1830.0	1880.0	74
25.01.2023 00:00	1950.0	1950.0	1880.0	1880.0	60
26.01.2023 00:00	1880.0	1900.0	1850.0	1900.0	53
27.01.2023 00:00	1880.0	1900.0	1860.0	1900.0	25
30.01.2023 00:00	1900.0	1900.0	1870.0	1880.0	58
31.01.2023 00:00	1890.0	1900.0	1880.0	1880.0	50
01.02.2023 00:00	1890.0	1900.0	1890.0	1900.0	18
02.02.2023 00:00	1900.0	1900.0	1880.0	1900.0	57
03.02.2023 00:00	1910.0	1990.0	1890.0	1900.0	156
06.02.2023 00:00	1970.0	2200.0	1920.0	1940.0	1388
07.02.2023 00:00	1940.0	1990.0	1930.0	1940.0	40
08.02.2023 00:00	1940.0	1960.0	1930.0	1960.0	47
09.02.2023 00:00	1960.0	2030.0	1960.0	2000.0	180
10.02.2023 00:00	1970.0	2020.0	1970.0	2000.0	35
13.02.2023 00:00	2000.0	2030.0	1950.0	2030.0	59
14.02.2023 00:00	2000.0	2400.0	1950.0	2030.0	1433
15.02.2023 00:00	2100.0	2190.0	1960.0	2020.0	380
16.02.2023 00:00	2040.0	2050.0	1980.0	2010.0	92
17.02.2023 00:00	2030.0	2030.0	2010.0	2010.0	19
20.02.2023 00:00	2030.0	2030.0	1920.0	1950.0	77
21.02.2023 00:00	1950.0	2190.0	1950.0	2040.0	284
22.02.2023 00:00	2050.0	2050.0	1990.0	2000.0	37
24.02.2023 00:00	2040.0	2090.0	1950.0	2060.0	58
27.02.2023 00:00	2140.0	2150.0	2030.0	2070.0	128
28.02.2023 00:00	2100.0	2170.0	2060.0	2140.0	264
01.03.2023 00:00	2140.0	2220.0	2130.0	2140.0	97
02.03.2023 00:00	2200.0	2670.0	2180.0	2240.0	7798
03.03.2023 00:00	2280.0	2330.0	2190.0	2260.0	312
06.03.2023 00:00	2240.0	2290.0	2210.0	2250.0	316
07.03.2023 00:00	2290.0	2300.0	2240.0	2250.0	127
09.03.2023 00:00	2250.0	2260.0	2210.0	2210.0	121
10.03.2023 00:00	2210.0	2230.0	2210.0	2210.0	50
13.03.2023 00:00	2220.0	2280.0	2200.0	2220.0	153
14.03.2023 00:00	2230.0	2250.0	2190.0	2200.0	152
15.03.2023 00:00	2190.0	2220.0	2170.0	2190.0	84
16.03.2023 00:00	2190.0	2200.0	2180.0	2190.0	90
17.03.2023 00:00	2180.0	2260.0	2180.0	2200.0	156
20.03.2023 00:00	2220.0	2240.0	2200.0	2220.0	82
21.03.2023 00:00	2210.0	2230.0	2210.0	2220.0	33
22.03.2023 00:00	2220.0	2220.0	2170.0	2200.0	132
23.03.2023 00:00	2240.0	2820.0	2220.0	2480.0	4140
24.03.2023 00:00	2480.0	2500.0	2370.0	2440.0	493
27.03.2023 00:00	2450.0	2450.0	2400.0	2420.0	112
28.03.2023 00:00	2410.0	2410.0	2360.0	2380.0	353
29.03.2023 00:00	2420.0	2440.0	2380.0	2400.0	122
30.03.2023 00:00	2410.0	2420.0	2400.0	2410.0	73
31.03.2023 00:00	2410.0	2410.0	2380.0	2410.0	52
03.04.2023 00:00	2420.0	2430.0	2380.0	2400.0	82
04.04.2023 00:00	2420.0	2460.0	2420.0	2450.0	175
05.04.2023 00:00	2460.0	2460.0	2360.0	2410.0	220
06.04.2023 00:00	2420.0	2740.0	2380.0	2610.0	2197
07.04.2023 00:00	2660.0	2740.0	2440.0	2530.0	1632
10.04.2023 00:00	2590.0	2670.0	2540.0	2540.0	188
11.04.2023 00:00	2540.0	2580.0	2400.0	2490.0	420
12.04.2023 00:00	2450.0	2530.0	2440.0	2530.0	69
13.04.2023 00:00	2530.0	2560.0	2520.0	2560.0	44
14.04.2023 00:00	2560.0	2570.0	2550.0	2550.0	76
17.04.2023 00:00	2580.0	2580.0	2420.0	2540.0	246
18.04.2023 00:00	2550.0	2570.0	2530.0	2540.0	96
19.04.2023 00:00	2570.0	2590.0	2510.0	2540.0	109
20.04.2023 00:00	2530.0	2610.0	2460.0	2510.0	155
21.04.2023 00:00	2500.0	2610.0	2480.0	2550.0	59
24.04.2023 00:00	2540.0	2640.0	2510.0	2630.0	513
25.04.2023 00:00	2620.0	2750.0	2590.0	2740.0	867
26.04.2023 00:00	2760.0	3370.0	2690.0	2930.0	11275
27.04.2023 00:00	2990.0	3090.0	2700.0	2790.0	1821
28.04.2023 00:00	2750.0	3150.0	2700.0	3010.0	1993
02.05.2023 00:00	3100.0	3100.0	2600.0	2690.0	795
03.05.2023 00:00	2730.0	2730.0	2520.0	2540.0	235
04.05.2023 00:00	2400.0	2650.0	2400.0	2490.0	218
05.05.2023 00:00	2530.0	2790.0	2490.0	2580.0	484
08.05.2023 00:00	2560.0	2660.0	2560.0	2570.0	85
10.05.2023 00:00	2560.0	2630.0	2550.0	2630.0	55
11.05.2023 00:00	2700.0	2880.0	2630.0	2750.0	718
12.05.2023 00:00	2650.0	2740.0	2590.0	2650.0	246
15.05.2023 00:00	2690.0	2700.0	2520.0	2580.0	562
16.05.2023 00:00	2600.0	2760.0	2550.0	2730.0	514
17.05.2023 00:00	2740.0	2760.0	2710.0	2720.0	66
18.05.2023 00:00	2780.0	3190.0	2730.0	2940.0	4034
19.05.2023 00:00	2940.0	2970.0	2610.0	2730.0	912
22.05.2023 00:00	2740.0	2780.0	2610.0	2780.0	214
23.05.2023 00:00	2720.0	2750.0	2670.0	2750.0	71
24.05.2023 00:00	2660.0	2920.0	2660.0	2710.0	589
25.05.2023 00:00	2730.0	2780.0	2620.0	2680.0	170
26.05.2023 00:00	2690.0	2740.0	2690.0	2730.0	41
29.05.2023 00:00	2730.0	2850.0	2730.0	2790.0	252
30.05.2023 00:00	2790.0	2840.0	2680.0	2730.0	362
31.05.2023 00:00	2750.0	2790.0	2730.0	2760.0	69
01.06.2023 00:00	2760.0	2780.0	2760.0	2770.0	36
02.06.2023 00:00	2770.0	2790.0	2760.0	2760.0	21
05.06.2023 00:00	2760.0	2800.0	2760.0	2760.0	68
06.06.2023 00:00	2700.0	2880.0	2650.0	2730.0	200
07.06.2023 00:00	2780.0	2780.0	2670.0	2710.0	120
08.06.2023 00:00	2730.0	2780.0	2670.0	2710.0	69
09.06.2023 00:00	2730.0	2750.0	2560.0	2700.0	347
13.06.2023 00:00	2660.0	2710.0	2630.0	2710.0	117
14.06.2023 00:00	2710.0	2760.0	2670.0	2750.0	160
15.06.2023 00:00	2760.0	2880.0	2760.0	2850.0	538
16.06.2023 00:00	2850.0	2900.0	2840.0	2860.0	125
19.06.2023 00:00	2870.0	2960.0	2840.0	2890.0	567
20.06.2023 00:00	2940.0	2950.0	2810.0	2810.0	383
21.06.2023 00:00	3090.0	3670.0	2970.0	2990.0	11270
22.06.2023 00:00	3290.0	3290.0	3020.0	3160.0	1333
23.06.2023 00:00	3100.0	3140.0	3080.0	3100.0	81
26.06.2023 00:00	3120.0	3120.0	2970.0	3060.0	108
27.06.2023 00:00	3060.0	3180.0	2980.0	3180.0	311
28.06.2023 00:00	3190.0	3200.0	3060.0	3110.0	176
29.06.2023 00:00	3170.0	3170.0	3090.0	3120.0	114
30.06.2023 00:00	3120.0	3180.0	3110.0	3140.0	312
03.07.2023 00:00	3130.0	3290.0	3120.0	3170.0	331
04.07.2023 00:00	3150.0	3170.0	3070.0	3100.0	232
05.07.2023 00:00	3260.0	3570.0	3050.0	3150.0	3022
06.07.2023 00:00	3130.0	3160.0	3100.0	3140.0	195
07.07.2023 00:00	3140.0	3160.0	3130.0	3130.0	49
10.07.2023 00:00	3120.0	3170.0	3110.0	3160.0	84
11.07.2023 00:00	3130.0	3400.0	3100.0	3160.0	913
12.07.2023 00:00	3180.0	3200.0	2990.0	3160.0	990
13.07.2023 00:00	3120.0	3170.0	3080.0	3130.0	167
14.07.2023 00:00	3160.0	3170.0	3150.0	3160.0	34
17.07.2023 00:00	3140.0	3250.0	3120.0	3180.0	473
18.07.2023 00:00	3190.0	3190.0	3160.0	3190.0	206
19.07.2023 00:00	3210.0	3480.0	3200.0	3380.0	1947
20.07.2023 00:00	3470.0	3470.0	3200.0	3310.0	480
21.07.2023 00:00	3330.0	3470.0	3270.0	3300.0	502
24.07.2023 00:00	3390.0	3450.0	3320.0	3400.0	348
25.07.2023 00:00	3460.0	3950.0	3410.0	3590.0	1914
26.07.2023 00:00	3600.0	4300.0	3570.0	4170.0	2334
27.07.2023 00:00	4170.0	4180.0	3920.0	4070.0	1245
28.07.2023 00:00	4070.0	4140.0	3780.0	4020.0	838
31.07.2023 00:00	4020.0	4330.0	3910.0	4110.0	1423
01.08.2023 00:00	4160.0	4740.0	4100.0	4470.0	2983
02.08.2023 00:00	4510.0	6000.0	4300.0	5510.0	5935
03.08.2023 00:00	5600.0	6480.0	5190.0	6140.0	3381
04.08.2023 00:00	6590.0	8500.0	6440.0	7530.0	7216
07.08.2023 00:00	7190.0	8270.0	7180.0	8270.0	2794
08.08.2023 00:00	9070.0	9090.0	8100.0	9090.0	2910
09.08.2023 00:00	9600.0	9950.0	9300.0	9740.0	1901
10.08.2023 00:00	9990.0	10220.0	6450.0	7310.0	5375
11.08.2023 00:00	7120.0	8030.0	7020.0	7990.0	1086
14.08.2023 00:00	8020.0	8240.0	7300.0	7790.0	1014
15.08.2023 00:00	7510.0	7870.0	6890.0	7030.0	905
16.08.2023 00:00	7300.0	7730.0	6980.0	7470.0	1333
17.08.2023 00:00	7600.0	7600.0	6520.0	6910.0	1019
18.08.2023 00:00	6910.0	7200.0	6790.0	7010.0	364
21.08.2023 00:00	7170.0	7680.0	6990.0	7680.0	1346
22.08.2023 00:00	8450.0	9990.0	7600.0	8700.0	5394
23.08.2023 00:00	9070.0	9100.0	7500.0	8300.0	2229
24.08.2023 00:00	7940.0	8780.0	7710.0	8520.0	1047
25.08.2023 00:00	8520.0	8650.0	8130.0	8400.0	454
28.08.2023 00:00	8620.0	8880.0	8090.0	8530.0	839
29.08.2023 00:00	8550.0	8660.0	8100.0	8340.0	461
30.08.2023 00:00	8290.0	8390.0	7960.0	8270.0	361
31.08.2023 00:00	8310.0	8440.0	8000.0	8300.0	348
01.09.2023 00:00	8350.0	8350.0	8090.0	8190.0	179
04.09.2023 00:00	8400.0	8400.0	8160.0	8280.0	446
05.09.2023 00:00	8380.0	8380.0	8180.0	8200.0	186
06.09.2023 00:00	8280.0	8290.0	8140.0	8240.0	128
07.09.2023 00:00	8300.0	8300.0	7500.0	7600.0	319
08.09.2023 00:00	7500.0	7990.0	7060.0	7790.0	274
11.09.2023 00:00	8000.0	8000.0	7510.0	7810.0	156
12.09.2023 00:00	7780.0	8000.0	7520.0	7820.0	184
13.09.2023 00:00	8000.0	8000.0	7390.0	7840.0	201
14.09.2023 00:00	7840.0	7840.0	6520.0	6900.0	549
15.09.2023 00:00	6720.0	7570.0	6690.0	7520.0	186
18.09.2023 00:00	7730.0	7730.0	7300.0	7310.0	116
19.09.2023 00:00	7390.0	7390.0	6560.0	6840.0	225
20.09.2023 00:00	6840.0	6840.0	5660.0	6320.0	1183
21.09.2023 00:00	6940.0	7120.0	6010.0	6380.0	417
22.09.2023 00:00	6200.0	6550.0	6110.0	6500.0	105
25.09.2023 00:00	6320.0	7090.0	6320.0	6900.0	137
26.09.2023 00:00	6660.0	6980.0	6550.0	6690.0	128
27.09.2023 00:00	6660.0	6770.0	6470.0	6720.0	73
28.09.2023 00:00	6760.0	6880.0	6620.0	6710.0	80
29.09.2023 00:00	6630.0	6820.0	6630.0	6760.0	71
02.10.2023 00:00	6860.0	6950.0	6720.0	6720.0	106
03.10.2023 00:00	6690.0	6850.0	6550.0	6690.0	78
04.10.2023 00:00	6630.0	6820.0	6490.0	6680.0	172
05.10.2023 00:00	6510.0	6810.0	6510.0	6610.0	52
06.10.2023 00:00	6770.0	6770.0	6510.0	6760.0	186
09.10.2023 00:00	6510.0	6730.0	6510.0	6700.0	33
10.10.2023 00:00	6610.0	6670.0	6400.0	6640.0	68
11.10.2023 00:00	6500.0	7000.0	6310.0	6720.0	141
12.10.2023 00:00	6640.0	6900.0	6640.0	6900.0	61
13.10.2023 00:00	7020.0	7080.0	6800.0	6890.0	161
16.10.2023 00:00	6790.0	7100.0	6610.0	7030.0	384
17.10.2023 00:00	7030.0	7800.0	7030.0	7640.0	1231
18.10.2023 00:00	7730.0	7980.0	7600.0	7710.0	554
19.10.2023 00:00	7820.0	7820.0	7520.0	7720.0	134
20.10.2023 00:00	7530.0	7680.0	6920.0	7000.0	365
23.10.2023 00:00	7010.0	7500.0	6930.0	7320.0	266
24.10.2023 00:00	7590.0	7790.0	7130.0	7280.0	98
25.10.2023 00:00	7330.0	7330.0	7100.0	7210.0	114
26.10.2023 00:00	7210.0	7210.0	7010.0	7010.0	70
27.10.2023 00:00	7040.0	7090.0	6820.0	7090.0	135
30.10.2023 00:00	7100.0	7120.0	6910.0	7050.0	99
31.10.2023 00:00	7000.0	7060.0	7000.0	7000.0	29
01.11.2023 00:00	7000.0	7080.0	7000.0	7080.0	81
02.11.2023 00:00	7110.0	7130.0	6970.0	6980.0	64
03.11.2023 00:00	6920.0	6920.0	6530.0	6910.0	168
06.11.2023 00:00	6910.0	6910.0	6810.0	6910.0	8
07.11.2023 00:00	6900.0	6900.0	6710.0	6840.0	30
08.11.2023 00:00	6690.0	6790.0	6500.0	6670.0	171
09.11.2023 00:00	6670.0	6680.0	6600.0	6610.0	65
10.11.2023 00:00	6600.0	6600.0	6350.0	6590.0	136
13.11.2023 00:00	6540.0	6540.0	5840.0	6270.0	108
14.11.2023 00:00	5980.0	5990.0	5020.0	5060.0	481
15.11.2023 00:00	5080.0	5700.0	5080.0	5400.0	266
16.11.2023 00:00	5690.0	6580.0	5680.0	6580.0	634
17.11.2023 00:00	6580.0	7190.0	5930.0	6280.0	718
20.11.2023 00:00	6280.0	6670.0	6130.0	6230.0	105
21.11.2023 00:00	6670.0	6730.0	5910.0	5980.0	114
22.11.2023 00:00	5910.0	6260.0	5900.0	6100.0	95
23.11.2023 00:00	6100.0	6190.0	5810.0	5810.0	26
24.11.2023 00:00	5750.0	5750.0	4900.0	5030.0	1163
27.11.2023 00:00	5260.0	5260.0	4120.0	4410.0	407
28.11.2023 00:00	4640.0	4840.0	4410.0	4840.0	427
29.11.2023 00:00	5100.0	5320.0	4780.0	4950.0	318
30.11.2023 00:00	4950.0	5290.0	4780.0	4800.0	239
01.12.2023 00:00	4910.0	5040.0	4610.0	4850.0	267
04.12.2023 00:00	4850.0	4850.0	4360.0	4410.0	305
05.12.2023 00:00	4410.0	4410.0	3950.0	4160.0	317
06.12.2023 00:00	4100.0	4180.0	4020.0	4180.0	64
07.12.2023 00:00	4310.0	4350.0	3900.0	4050.0	144
08.12.2023 00:00	4050.0	4200.0	4030.0	4090.0	151
11.12.2023 00:00	4200.0	4350.0	3740.0	3840.0	398
12.12.2023 00:00	3840.0	3870.0	3460.0	3730.0	281
13.12.2023 00:00	3730.0	3870.0	3700.0	3710.0	223
14.12.2023 00:00	3770.0	3930.0	3650.0	3740.0	321
15.12.2023 00:00	3730.0	3930.0	3630.0	3900.0	159
18.12.2023 00:00	3950.0	4190.0	3810.0	4030.0	216
19.12.2023 00:00	4050.0	4400.0	4050.0	4380.0	442
20.12.2023 00:00	4400.0	5000.0	4370.0	4950.0	606
21.12.2023 00:00	5410.0	6030.0	5030.0	5320.0	2006
22.12.2023 00:00	5320.0	5320.0	5040.0	5060.0	615
25.12.2023 00:00	5070.0	5250.0	4720.0	4790.0	370
26.12.2023 00:00	4790.0	4800.0	4620.0	4700.0	82
27.12.2023 00:00	4770.0	5100.0	4670.0	4670.0	226
28.12.2023 00:00	4680.0	4680.0	4500.0	4550.0	84
29.12.2023 00:00	4510.0	4590.0	4460.0	4590.0	58
03.01.2024 00:00	4590.0	4780.0	4590.0	4730.0	163
04.01.2024 00:00	4740.0	4770.0	4740.0	4750.0	69
05.01.2024 00:00	4760.0	5160.0	4760.0	4900.0	494
08.01.2024 00:00	4920.0	5260.0	4920.0	5220.0	328
09.01.2024 00:00	5300.0	6090.0	5290.0	5840.0	1331
10.01.2024 00:00	5850.0	6000.0	5700.0	5790.0	525
11.01.2024 00:00	5800.0	5930.0	5500.0	5750.0	421
12.01.2024 00:00	5900.0	5950.0	5570.0	5760.0	198
15.01.2024 00:00	5780.0	6280.0	5780.0	6000.0	1148
16.01.2024 00:00	6000.0	6000.0	5660.0	5680.0	1337
17.01.2024 00:00	5680.0	5750.0	5510.0	5610.0	548
18.01.2024 00:00	5660.0	6000.0	5620.0	5850.0	810
19.01.2024 00:00	5880.0	5990.0	5700.0	5800.0	484
22.01.2024 00:00	5840.0	5840.0	5700.0	5750.0	201
23.01.2024 00:00	5770.0	5990.0	5730.0	5950.0	513
24.01.2024 00:00	5960.0	6250.0	5950.0	6140.0	1460
25.01.2024 00:00	6200.0	6490.0	5780.0	6020.0	970
26.01.2024 00:00	6050.0	6060.0	5900.0	5960.0	121
29.01.2024 00:00	6050.0	6150.0	5780.0	5830.0	271
30.01.2024 00:00	5930.0	5930.0	5840.0	5880.0	193
31.01.2024 00:00	5880.0	5900.0	5780.0	5880.0	109
01.02.2024 00:00	5860.0	5880.0	5720.0	5740.0	207
02.02.2024 00:00	5810.0	5900.0	5350.0	5900.0	492
05.02.2024 00:00	5880.0	6000.0	5550.0	5800.0	212
06.02.2024 00:00	5780.0	5780.0	5570.0	5720.0	261
07.02.2024 00:00	5730.0	5840.0	5720.0	5740.0	220
08.02.2024 00:00	5740.0	5890.0	5650.0	5700.0	179
09.02.2024 00:00	5690.0	5700.0	5410.0	5520.0	202
12.02.2024 00:00	5560.0	5600.0	5100.0	5500.0	229
13.02.2024 00:00	5490.0	5800.0	5490.0	5790.0	310
14.02.2024 00:00	5790.0	5800.0	5590.0	5600.0	88
15.02.2024 00:00	5600.0	5640.0	5430.0	5590.0	138
16.02.2024 00:00	5590.0	5700.0	5490.0	5570.0	92
19.02.2024 00:00	5540.0	5600.0	5320.0	5380.0	199
20.02.2024 00:00	5410.0	5410.0	5160.0	5160.0	156
21.02.2024 00:00	5160.0	5160.0	4640.0	4870.0	352
22.02.2024 00:00	5040.0	5070.0	4850.0	4960.0	99
26.02.2024 00:00	5060.0	5190.0	5050.0	5170.0	123
27.02.2024 00:00	5180.0	5510.0	5040.0	5220.0	295
28.02.2024 00:00	5190.0	5330.0	5130.0	5170.0	47
29.02.2024 00:00	5160.0	5290.0	5160.0	5290.0	21
01.03.2024 00:00	5280.0	5800.0	5280.0	5410.0	406
04.03.2024 00:00	5490.0	5550.0	5030.0	5220.0	639
05.03.2024 00:00	5220.0	5220.0	5090.0	5090.0	141
06.03.2024 00:00	5130.0	5210.0	5100.0	5130.0	52
07.03.2024 00:00	5160.0	5180.0	5110.0	5120.0	23
11.03.2024 00:00	5110.0	5170.0	4960.0	5050.0	104
12.03.2024 00:00	5080.0	5090.0	4960.0	4960.0	107
13.03.2024 00:00	4960.0	5240.0	4960.0	5190.0	286
14.03.2024 00:00	5190.0	5280.0	4950.0	5010.0	199
15.03.2024 00:00	5020.0	5050.0	4940.0	4970.0	55
18.03.2024 00:00	4980.0	4980.0	4900.0	4960.0	41
19.03.2024 00:00	4980.0	5100.0	4810.0	4840.0	95
20.03.2024 00:00	4880.0	5040.0	4760.0	4900.0	99
21.03.2024 00:00	4910.0	4990.0	4860.0	4950.0	21
22.03.2024 00:00	4950.0	4980.0	4940.0	4950.0	15
25.03.2024 00:00	4940.0	4990.0	4840.0	4880.0	68
26.03.2024 00:00	4940.0	5050.0	4910.0	5000.0	139
27.03.2024 00:00	5040.0	5370.0	5040.0	5220.0	811
28.03.2024 00:00	5210.0	5350.0	5130.0	5130.0	361
29.03.2024 00:00	5180.0	5470.0	5180.0	5390.0	448
01.04.2024 00:00	5360.0	5490.0	5280.0	5390.0	205
02.04.2024 00:00	5430.0	6140.0	5430.0	5580.0	2638
03.04.2024 00:00	5800.0	5810.0	5300.0	5350.0	673
04.04.2024 00:00	5340.0	5740.0	5180.0	5280.0	524
05.04.2024 00:00	5320.0	5340.0	5250.0	5280.0	36
08.04.2024 00:00	5250.0	5390.0	5220.0	5250.0	188
09.04.2024 00:00	5230.0	5370.0	5080.0	5190.0	243
10.04.2024 00:00	5190.0	5220.0	5190.0	5210.0	29
11.04.2024 00:00	5210.0	5230.0	5000.0	5070.0	306
12.04.2024 00:00	5120.0	5180.0	5030.0	5120.0	81
15.04.2024 00:00	5090.0	5330.0	5010.0	5160.0	391
16.04.2024 00:00	5150.0	5200.0	5120.0	5120.0	36
17.04.2024 00:00	5120.0	5320.0	5120.0	5130.0	179
18.04.2024 00:00	5180.0	5180.0	5120.0	5150.0	30
19.04.2024 00:00	5130.0	5320.0	5130.0	5200.0	152
22.04.2024 00:00	5230.0	5310.0	5180.0	5300.0	134
23.04.2024 00:00	5320.0	5790.0	5290.0	5300.0	1026
24.04.2024 00:00	5280.0	5280.0	5260.0	5260.0	63
25.04.2024 00:00	5280.0	5280.0	5160.0	5200.0	56
26.04.2024 00:00	5200.0	5220.0	5130.0	5220.0	45
27.04.2024 00:00	5220.0	5380.0	5200.0	5210.0	123
29.04.2024 00:00	5250.0	5290.0	5220.0	5280.0	15
30.04.2024 00:00	5250.0	5300.0	5200.0	5300.0	31
02.05.2024 00:00	5300.0	5320.0	5210.0	5210.0	36
03.05.2024 00:00	5230.0	5230.0	5030.0	5180.0	186
06.05.2024 00:00	5190.0	5220.0	5140.0	5140.0	49
07.05.2024 00:00	5140.0	5700.0	5140.0	5150.0	664
08.05.2024 00:00	5080.0	5150.0	5080.0	5110.0	69
10.05.2024 00:00	5110.0	5120.0	5060.0	5120.0	32
13.05.2024 00:00	5120.0	5140.0	5050.0	5080.0	60
14.05.2024 00:00	5080.0	5080.0	5010.0	5040.0	70
15.05.2024 00:00	5050.0	5050.0	4970.0	4990.0	54
16.05.2024 00:00	4990.0	5000.0	4900.0	4940.0	44
17.05.2024 00:00	4920.0	4920.0	4850.0	4860.0	53
20.05.2024 00:00	4880.0	5070.0	4880.0	5030.0	238
21.05.2024 00:00	5040.0	5040.0	4770.0	4800.0	84
22.05.2024 00:00	4900.0	5110.0	4860.0	4950.0	61
23.05.2024 00:00	5080.0	5090.0	4910.0	4910.0	64
24.05.2024 00:00	4910.0	4950.0	4900.0	4950.0	37
27.05.2024 00:00	4900.0	4990.0	4630.0	4710.0	87
28.05.2024 00:00	4690.0	4930.0	4390.0	4720.0	271
29.05.2024 00:00	4690.0	4700.0	4500.0	4520.0	80
30.05.2024 00:00	4540.0	4580.0	4500.0	4510.0	38
31.05.2024 00:00	4460.0	4470.0	4190.0	4290.0	114
03.06.2024 00:00	4300.0	4320.0	4080.0	4110.0	64
04.06.2024 00:00	4350.0	5000.0	4350.0	5000.0	1004
05.06.2024 00:00	4990.0	5210.0	4790.0	4840.0	413
06.06.2024 00:00	4840.0	4840.0	4520.0	4630.0	124
07.06.2024 00:00	4630.0	4810.0	4540.0	4650.0	143
10.06.2024 00:00	4850.0	4850.0	4580.0	4590.0	68
11.06.2024 00:00	4640.0	5040.0	4640.0	4820.0	451
13.06.2024 00:00	4650.0	4870.0	4370.0	4760.0	51
14.06.2024 00:00	4870.0	4870.0	4760.0	4780.0	12
17.06.2024 00:00	4830.0	4830.0	4680.0	4680.0	116
18.06.2024 00:00	4750.0	4750.0	4680.0	4680.0	148
19.06.2024 00:00	4690.0	4990.0	4680.0	4680.0	131
20.06.2024 00:00	4680.0	4840.0	4680.0	4700.0	278
21.06.2024 00:00	4900.0	4900.0	4680.0	4680.0	90
24.06.2024 00:00	4710.0	4710.0	4680.0	4680.0	14
25.06.2024 00:00	4690.0	4740.0	4680.0	4740.0	91
26.06.2024 00:00	4710.0	4760.0	4680.0	4730.0	52
27.06.2024 00:00	4760.0	4860.0	4580.0	4660.0	163
28.06.2024 00:00	4670.0	4980.0	4660.0	4780.0	501
01.07.2024 00:00	4770.0	5190.0	4690.0	4800.0	107
02.07.2024 00:00	4760.0	5040.0	4760.0	4880.0	31
03.07.2024 00:00	4830.0	4960.0	4830.0	4890.0	15
04.07.2024 00:00	4850.0	4880.0	4800.0	4830.0	18
05.07.2024 00:00	4790.0	5070.0	4790.0	4940.0	205
08.07.2024 00:00	5080.0	5100.0	4960.0	5030.0	127
09.07.2024 00:00	5040.0	5040.0	4700.0	4730.0	116
10.07.2024 00:00	4730.0	4730.0	4570.0	4570.0	15
11.07.2024 00:00	4700.0	4910.0	4560.0	4730.0	67
12.07.2024 00:00	4740.0	4740.0	4650.0	4740.0	5
15.07.2024 00:00	4800.0	4800.0	4660.0	4680.0	11
16.07.2024 00:00	4680.0	4680.0	4610.0	4640.0	13
17.07.2024 00:00	4630.0	4630.0	4630.0	4630.0	34
18.07.2024 00:00	4650.0	4700.0	4620.0	4700.0	5
19.07.2024 00:00	4690.0	5710.0	4540.0	4750.0	956
22.07.2024 00:00	4920.0	4920.0	4550.0	4670.0	145
23.07.2024 00:00	4690.0	4690.0	4590.0	4640.0	45
24.07.2024 00:00	4680.0	4690.0	4660.0	4690.0	13
25.07.2024 00:00	4670.0	4770.0	4670.0	4670.0	43
26.07.2024 00:00	4670.0	4700.0	4570.0	4570.0	64
29.07.2024 00:00	4540.0	4660.0	4350.0	4460.0	76
30.07.2024 00:00	4460.0	4490.0	4370.0	4450.0	43
31.07.2024 00:00	4450.0	4480.0	4430.0	4470.0	8
01.08.2024 00:00	4510.0	4580.0	4510.0	4560.0	16
02.08.2024 00:00	4530.0	4550.0	4460.0	4540.0	13
05.08.2024 00:00	4480.0	4540.0	4400.0	4400.0	59
06.08.2024 00:00	4440.0	4450.0	4400.0	4420.0	14
07.08.2024 00:00	4440.0	4440.0	4420.0	4420.0	4
08.08.2024 00:00	4470.0	4510.0	4340.0	4390.0	49
09.08.2024 00:00	4410.0	4410.0	4380.0	4400.0	6
12.08.2024 00:00	4360.0	4370.0	4360.0	4370.0	2
13.08.2024 00:00	4390.0	4750.0	4390.0	4710.0	118
14.08.2024 00:00	4800.0	5080.0	4590.0	4610.0	156
15.08.2024 00:00	4740.0	4920.0	4670.0	4690.0	101
16.08.2024 00:00	4690.0	4690.0	4450.0	4510.0	79
19.08.2024 00:00	4490.0	4510.0	4400.0	4430.0	53
20.08.2024 00:00	4440.0	4650.0	4440.0	4450.0	43
21.08.2024 00:00	4520.0	4520.0	4450.0	4450.0	9
22.08.2024 00:00	4410.0	4450.0	4120.0	4160.0	90
23.08.2024 00:00	4160.0	4210.0	3940.0	3980.0	56
26.08.2024 00:00	4100.0	4200.0	4100.0	4150.0	6
27.08.2024 00:00	4150.0	4200.0	4120.0	4120.0	15
28.08.2024 00:00	4130.0	4200.0	4040.0	4040.0	25
29.08.2024 00:00	4000.0	4040.0	3940.0	3940.0	16
30.08.2024 00:00	3900.0	3960.0	3870.0	3960.0	19
02.09.2024 00:00	3880.0	3880.0	3530.0	3750.0	59
03.09.2024 00:00	3800.0	3870.0	3530.0	3820.0	25
04.09.2024 00:00	3810.0	4380.0	3810.0	3940.0	298
05.09.2024 00:00	3940.0	4370.0	3800.0	4180.0	138
06.09.2024 00:00	4060.0	4300.0	4060.0	4250.0	10
09.09.2024 00:00	4280.0	4320.0	4160.0	4270.0	100
10.09.2024 00:00	4250.0	4260.0	4250.0	4260.0	9
11.09.2024 00:00	4300.0	4380.0	4210.0	4360.0	23
12.09.2024 00:00	4380.0	4690.0	4140.0	4500.0	215
13.09.2024 00:00	4500.0	4920.0	4330.0	4610.0	139
16.09.2024 00:00	4880.0	4880.0	4500.0	4790.0	177
17.09.2024 00:00	4790.0	4790.0	4640.0	4790.0	16
18.09.2024 00:00	4790.0	4950.0	4620.0	4950.0	99
19.09.2024 00:00	4870.0	5100.0	4790.0	4900.0	75
20.09.2024 00:00	5050.0	5050.0	4940.0	5020.0	16
23.09.2024 00:00	5030.0	5030.0	4820.0	5030.0	87
24.09.2024 00:00	5020.0	5020.0	4760.0	5000.0	122
25.09.2024 00:00	5000.0	5160.0	4890.0	5050.0	117
26.09.2024 00:00	5100.0	5100.0	4810.0	5030.0	70
27.09.2024 00:00	5040.0	5040.0	4930.0	5020.0	29
30.09.2024 00:00	5010.0	5010.0	4900.0	4980.0	17
01.10.2024 00:00	4910.0	4970.0	4760.0	4970.0	67
02.10.2024 00:00	4970.0	4970.0	4870.0	4960.0	12
03.10.2024 00:00	4880.0	4880.0	4710.0	4880.0	20
04.10.2024 00:00	4880.0	4880.0	4760.0	4760.0	13
07.10.2024 00:00	4770.0	4820.0	4770.0	4800.0	11
09.10.2024 00:00	4760.0	4800.0	4760.0	4800.0	2
10.10.2024 00:00	4750.0	4960.0	4690.0	4930.0	92
11.10.2024 00:00	4780.0	4780.0	4640.0	4710.0	56
14.10.2024 00:00	4680.0	4760.0	4620.0	4710.0	26
15.10.2024 00:00	4700.0	4720.0	4700.0	4720.0	3
16.10.2024 00:00	4830.0	4850.0	4700.0	4720.0	43
17.10.2024 00:00	4760.0	4760.0	4690.0	4690.0	9
18.10.2024 00:00	4600.0	4620.0	4210.0	4360.0	210
21.10.2024 00:00	4360.0	4400.0	4190.0	4280.0	129
22.10.2024 00:00	4230.0	4230.0	4170.0	4170.0	19
23.10.2024 00:00	4110.0	4160.0	3850.0	3970.0	34
24.10.2024 00:00	3870.0	3890.0	3760.0	3850.0	40
25.10.2024 00:00	3880.0	3880.0	3650.0	3710.0	51
28.10.2024 00:00	3640.0	3640.0	3450.0	3500.0	49
29.10.2024 00:00	3530.0	3920.0	3500.0	3920.0	110
30.10.2024 00:00	3930.0	4760.0	3930.0	4280.0	1765
31.10.2024 00:00	4210.0	4220.0	3960.0	3990.0	310
01.11.2024 00:00	3980.0	3980.0	3740.0	3860.0	106
02.11.2024 00:00	3930.0	3930.0	3760.0	3760.0	18
05.11.2024 00:00	3700.0	4080.0	3700.0	3880.0	159
06.11.2024 00:00	3930.0	3990.0	3900.0	3930.0	10
07.11.2024 00:00	3990.0	3990.0	3900.0	3900.0	16
08.11.2024 00:00	3960.0	3960.0	3800.0	3800.0	14
11.11.2024 00:00	3800.0	3910.0	3800.0	3890.0	62
12.11.2024 00:00	3830.0	4740.0	3820.0	4360.0	963
13.11.2024 00:00	4300.0	4680.0	4230.0	4420.0	190
14.11.2024 00:00	4260.0	4800.0	4160.0	4400.0	491
15.11.2024 00:00	4430.0	4440.0	4000.0	4200.0	220
18.11.2024 00:00	4170.0	4170.0	3930.0	3960.0	206
19.11.2024 00:00	4000.0	4060.0	3810.0	3900.0	50
20.11.2024 00:00	3880.0	3990.0	3820.0	3820.0	31
21.11.2024 00:00	3880.0	3990.0	3650.0	3700.0	420
22.11.2024 00:00	3700.0	3730.0	3600.0	3660.0	218
25.11.2024 00:00	3540.0	3660.0	3480.0	3480.0	72
26.11.2024 00:00	3480.0	3560.0	2720.0	3370.0	444
27.11.2024 00:00	3310.0	3310.0	3010.0	3140.0	230
28.11.2024 00:00	3150.0	3580.0	3150.0	3230.0	132
29.11.2024 00:00	3230.0	3820.0	3150.0	3290.0	409
02.12.2024 00:00	3290.0	3400.0	3240.0	3390.0	65
03.12.2024 00:00	3290.0	3370.0	3230.0	3240.0	44
04.12.2024 00:00	3350.0	3550.0	3290.0	3350.0	85
05.12.2024 00:00	3370.0	3400.0	3300.0	3320.0	21
06.12.2024 00:00	3400.0	3400.0	3300.0	3300.0	27
09.12.2024 00:00	3350.0	3400.0	3250.0	3400.0	86
10.12.2024 00:00	3350.0	3350.0	3270.0	3290.0	17
11.12.2024 00:00	3280.0	3280.0	3260.0	3260.0	9
12.12.2024 00:00	3330.0	3330.0	3190.0	3210.0	16
13.12.2024 00:00	3280.0	3290.0	3280.0	3280.0	4
16.12.2024 00:00	3250.0	3290.0	3160.0	3170.0	38
17.12.2024 00:00	3170.0	3200.0	3120.0	3200.0	13
18.12.2024 00:00	3080.0	3290.0	3080.0	3200.0	16
19.12.2024 00:00	3300.0	3500.0	3300.0	3300.0	34
20.12.2024 00:00	3310.0	3460.0	3250.0	3380.0	258
23.12.2024 00:00	3450.0	3520.0	3410.0	3440.0	69
24.12.2024 00:00	3440.0	3460.0	3300.0	3370.0	51
25.12.2024 00:00	3320.0	3400.0	3300.0	3400.0	20
26.12.2024 00:00	3400.0	3400.0	3330.0	3400.0	9
27.12.2024 00:00	3330.0	3360.0	3250.0	3300.0	57
28.12.2024 00:00	3310.0	3380.0	3310.0	3310.0	62
30.12.2024 00:00	3410.0	3440.0	3390.0	3430.0	26
03.01.2025 00:00	3450.0	3510.0	3450.0	3460.0	40
06.01.2025 00:00	3460.0	3470.0	3450.0	3450.0	8
08.01.2025 00:00	3490.0	3500.0	3360.0	3480.0	99
09.01.2025 00:00	3480.0	3530.0	3410.0	3420.0	43
10.01.2025 00:00	3460.0	3890.0	3400.0	3550.0	347
13.01.2025 00:00	3550.0	3740.0	3550.0	3730.0	138
14.01.2025 00:00	3720.0	4150.0	3680.0	4010.0	951
15.01.2025 00:00	4090.0	4120.0	3830.0	3880.0	177
16.01.2025 00:00	3940.0	3980.0	3800.0	3910.0	160
17.01.2025 00:00	3780.0	4150.0	3750.0	4090.0	489
20.01.2025 00:00	4200.0	4200.0	3950.0	4110.0	305
21.01.2025 00:00	4070.0	4300.0	4040.0	4290.0	733
22.01.2025 00:00	4290.0	5020.0	4240.0	4940.0	2091
23.01.2025 00:00	4940.0	5020.0	4320.0	4410.0	1981
24.01.2025 00:00	4400.0	4600.0	4070.0	4380.0	653
27.01.2025 00:00	4370.0	4400.0	4150.0	4210.0	198
28.01.2025 00:00	4240.0	4300.0	4210.0	4300.0	92
29.01.2025 00:00	4290.0	4350.0	4240.0	4340.0	40
30.01.2025 00:00	4380.0	4380.0	4220.0	4240.0	43
31.01.2025 00:00	4300.0	4320.0	4250.0	4250.0	62
03.02.2025 00:00	4250.0	4250.0	4170.0	4170.0	54
04.02.2025 00:00	4150.0	4250.0	4050.0	4180.0	53
05.02.2025 00:00	4200.0	4200.0	4110.0	4150.0	53
06.02.2025 00:00	4110.0	4310.0	4110.0	4240.0	71
07.02.2025 00:00	4210.0	4280.0	4120.0	4120.0	53
10.02.2025 00:00	4210.0	4300.0	4030.0	4200.0	192
11.02.2025 00:00	4220.0	4300.0	4210.0	4240.0	65
12.02.2025 00:00	4270.0	4350.0	4210.0	4220.0	209
13.02.2025 00:00	4380.0	4530.0	4230.0	4240.0	73
14.02.2025 00:00	4290.0	4330.0	4240.0	4240.0	72
17.02.2025 00:00	4250.0	4330.0	4250.0	4320.0	24
18.02.2025 00:00	4320.0	4320.0	4270.0	4290.0	11
19.02.2025 00:00	4280.0	4330.0	4250.0	4280.0	72
20.02.2025 00:00	4270.0	4280.0	4260.0	4260.0	11
21.02.2025 00:00	4230.0	4280.0	4200.0	4280.0	57
24.02.2025 00:00	4270.0	4400.0	4240.0	4310.0	140
25.02.2025 00:00	4350.0	4350.0	4150.0	4240.0	205
26.02.2025 00:00	4220.0	4320.0	4200.0	4260.0	54
27.02.2025 00:00	4220.0	4220.0	4090.0	4130.0	46
28.02.2025 00:00	4170.0	4230.0	4140.0	4230.0	37
03.03.2025 00:00	4240.0	4240.0	4150.0	4150.0	20
04.03.2025 00:00	4200.0	4240.0	4150.0	4150.0	38
05.03.2025 00:00	4160.0	4170.0	4150.0	4150.0	17
06.03.2025 00:00	4140.0	4140.0	4060.0	4100.0	27
07.03.2025 00:00	4090.0	4100.0	3900.0	3980.0	141
10.03.2025 00:00	4040.0	4040.0	3920.0	3920.0	35
11.03.2025 00:00	3920.0	4110.0	3900.0	4010.0	32
12.03.2025 00:00	4000.0	4000.0	3900.0	3950.0	41
13.03.2025 00:00	3950.0	4000.0	3890.0	3910.0	28
14.03.2025 00:00	3880.0	4000.0	3810.0	3920.0	126
17.03.2025 00:00	3960.0	4040.0	3890.0	4040.0	18
18.03.2025 00:00	4040.0	4050.0	3950.0	4020.0	29
19.03.2025 00:00	3960.0	4020.0	3950.0	4010.0	15
20.03.2025 00:00	4010.0	4020.0	3970.0	3970.0	24
21.03.2025 00:00	3970.0	4020.0	3970.0	3970.0	7
24.03.2025 00:00	3970.0	3970.0	3960.0	3960.0	4
25.03.2025 00:00	3950.0	3950.0	3930.0	3930.0	5
26.03.2025 00:00	4000.0	4000.0	3910.0	3960.0	17
27.03.2025 00:00	3900.0	3970.0	3860.0	3860.0	21
28.03.2025 00:00	3860.0	3860.0	3770.0	3820.0	31
31.03.2025 00:00	3770.0	3770.0	3680.0	3680.0	33
01.04.2025 00:00	3740.0	4010.0	3740.0	3860.0	101
02.04.2025 00:00	3850.0	3860.0	3680.0	3790.0	73
03.04.2025 00:00	3720.0	3780.0	3680.0	3700.0	59
04.04.2025 00:00	3700.0	3750.0	3550.0	3570.0	76
07.04.2025 00:00	3520.0	3530.0	3360.0	3430.0	42
08.04.2025 00:00	3490.0	3530.0	3440.0	3530.0	31
09.04.2025 00:00	3480.0	3550.0	3310.0	3440.0	63
10.04.2025 00:00	3500.0	3650.0	3420.0	3500.0	86
11.04.2025 00:00	3570.0	3580.0	3570.0	3580.0	11
14.04.2025 00:00	3560.0	3640.0	3460.0	3640.0	56
15.04.2025 00:00	3560.0	3830.0	3560.0	3610.0	101
16.04.2025 00:00	3670.0	3840.0	3670.0	3840.0	41
17.04.2025 00:00	3850.0	3960.0	3700.0	3790.0	47
18.04.2025 00:00	3710.0	3740.0	3520.0	3690.0	87
21.04.2025 00:00	3690.0	3700.0	3660.0	3700.0	17
23.04.2025 00:00	3660.0	3660.0	3660.0	3660.0	5
24.04.2025 00:00	3710.0	3740.0	3710.0	3740.0	7
25.04.2025 00:00	3600.0	3870.0	3570.0	3730.0	71
28.04.2025 00:00	3800.0	3800.0	3690.0	3770.0	7
29.04.2025 00:00	3700.0	3700.0	3630.0	3700.0	10
30.04.2025 00:00	3700.0	3700.0	3580.0	3600.0	37
02.05.2025 00:00	3580.0	3580.0	3460.0	3510.0	36
05.05.2025 00:00	3560.0	3560.0	3450.0	3460.0	31
06.05.2025 00:00	3470.0	3540.0	3460.0	3530.0	12
12.05.2025 00:00	3540.0	3680.0	3530.0	3660.0	35
13.05.2025 00:00	3600.0	3670.0	3600.0	3600.0	16
14.05.2025 00:00	3530.0	3570.0	3530.0	3570.0	5
15.05.2025 00:00	3520.0	3600.0	3520.0	3600.0	6
16.05.2025 00:00	3530.0	3580.0	3530.0	3580.0	6
19.05.2025 00:00	3520.0	3560.0	3460.0	3560.0	24
21.05.2025 00:00	3560.0	3850.0	3560.0	3650.0	102
22.05.2025 00:00	3600.0	3640.0	3500.0	3500.0	35
