datetime	open	high	low	close	volume
13.03.2018 00:00	0.28	0.28	0.28	0.28	190
14.03.2018 00:00	0.28	0.28	0.28	0.28	70
15.03.2018 00:00	0.28	0.28	0.275	0.28	30
21.03.2018 00:00	0.28	0.28	0.28	0.28	10
23.03.2018 00:00	0.28	0.28	0.28	0.28	10
26.03.2018 00:00	0.28500000000000003	0.28500000000000003	0.28500000000000003	0.28500000000000003	40
27.03.2018 00:00	0.275	0.3	0.275	0.28500000000000003	230
28.03.2018 00:00	0.28500000000000003	0.41000000000000003	0.28	0.28	310
29.03.2018 00:00	0.29	0.47000000000000003	0.28	0.365	3520
30.03.2018 00:00	0.365	0.47000000000000003	0.365	0.4	6710
02.04.2018 00:00	0.365	0.4	0.34500000000000003	0.36	170
03.04.2018 00:00	0.355	0.375	0.34	0.375	1560
04.04.2018 00:00	0.39	0.39	0.34	0.355	230
05.04.2018 00:00	0.35000000000000003	0.355	0.34	0.355	100
06.04.2018 00:00	0.35000000000000003	0.35000000000000003	0.335	0.335	90
09.04.2018 00:00	0.34	0.34	0.3	0.3	410
10.04.2018 00:00	0.33	0.34	0.295	0.305	50
11.04.2018 00:00	0.295	0.355	0.295	0.33	80
12.04.2018 00:00	0.33	0.355	0.33	0.355	30
13.04.2018 00:00	0.355	0.355	0.295	0.335	150
17.04.2018 00:00	0.335	0.335	0.335	0.335	4450
19.04.2018 00:00	0.355	0.365	0.355	0.355	10
20.04.2018 00:00	0.365	0.365	0.34	0.365	40
24.04.2018 00:00	0.33	0.34	0.31	0.31	40
25.04.2018 00:00	0.34	0.34500000000000003	0.34	0.34	40
26.04.2018 00:00	0.34	0.34500000000000003	0.32	0.34500000000000003	350
27.04.2018 00:00	0.33	0.33	0.33	0.33	160
28.04.2018 00:00	0.33	0.33	0.33	0.33	390
02.05.2018 00:00	0.33	0.33	0.325	0.325	240
07.05.2018 00:00	0.355	0.355	0.355	0.355	20
10.05.2018 00:00	0.35000000000000003	0.35000000000000003	0.33	0.35000000000000003	20
11.05.2018 00:00	0.325	0.325	0.325	0.325	50
16.05.2018 00:00	0.325	0.325	0.325	0.325	10
17.05.2018 00:00	0.325	0.325	0.325	0.325	10
18.05.2018 00:00	0.325	0.325	0.295	0.325	260
21.05.2018 00:00	0.325	0.34	0.325	0.325	20
23.05.2018 00:00	0.335	0.34	0.32	0.34	40
24.05.2018 00:00	0.32	0.32	0.32	0.32	40
25.05.2018 00:00	0.32	0.32	0.32	0.32	20
29.05.2018 00:00	0.33	0.33	0.33	0.33	20
31.05.2018 00:00	0.32	0.32	0.32	0.32	30
06.06.2018 00:00	0.34	0.34	0.32	0.325	390
07.06.2018 00:00	0.33	0.36	0.33	0.34	60
09.06.2018 00:00	0.335	0.335	0.335	0.335	10
15.06.2018 00:00	0.32	0.335	0.32	0.335	50
18.06.2018 00:00	0.32	0.325	0.32	0.325	50
21.06.2018 00:00	0.32	0.32	0.32	0.32	60
28.06.2018 00:00	0.33	0.33	0.33	0.33	890
02.07.2018 00:00	0.32	0.32	0.31	0.31	1140
05.07.2018 00:00	0.31	0.31	0.31	0.31	5000
16.07.2018 00:00	0.31	0.31	0.31	0.31	40
17.07.2018 00:00	0.31	0.31	0.31	0.31	10
18.07.2018 00:00	0.33	0.33	0.325	0.33	50
19.07.2018 00:00	0.31	0.31	0.31	0.31	260
24.07.2018 00:00	0.31	0.31	0.31	0.31	10
26.07.2018 00:00	0.34	0.34	0.33	0.33	20
31.07.2018 00:00	0.305	0.305	0.305	0.305	10
01.08.2018 00:00	0.31	0.32	0.31	0.32	20
09.08.2018 00:00	0.31	0.31	0.31	0.31	10
10.08.2018 00:00	0.32	0.32	0.32	0.32	10
13.08.2018 00:00	0.305	0.305	0.305	0.305	100
15.08.2018 00:00	0.305	0.305	0.305	0.305	30
16.08.2018 00:00	0.32	0.34	0.32	0.34	70
17.08.2018 00:00	0.34	0.34	0.335	0.335	20
23.08.2018 00:00	0.335	0.34	0.33	0.34	30
27.08.2018 00:00	0.335	0.335	0.335	0.335	50
29.08.2018 00:00	0.305	0.32	0.295	0.32	280
30.08.2018 00:00	0.33	0.33	0.33	0.33	20
31.08.2018 00:00	0.3	0.31	0.295	0.305	460
03.09.2018 00:00	0.32	0.32	0.305	0.305	120
05.09.2018 00:00	0.32	0.33	0.305	0.305	220
11.09.2018 00:00	0.32	0.32	0.32	0.32	10
13.09.2018 00:00	0.31	0.31	0.295	0.305	180
17.09.2018 00:00	0.305	0.305	0.305	0.305	10
18.09.2018 00:00	0.295	0.305	0.295	0.305	230
19.09.2018 00:00	0.305	0.305	0.305	0.305	10
21.09.2018 00:00	0.3	0.3	0.3	0.3	90
24.09.2018 00:00	0.305	0.305	0.305	0.305	10
25.09.2018 00:00	0.3	0.3	0.3	0.3	10
26.09.2018 00:00	0.295	0.3	0.295	0.3	380
27.09.2018 00:00	0.305	0.305	0.305	0.305	10
28.09.2018 00:00	0.3	0.305	0.3	0.305	80
01.10.2018 00:00	0.3	0.3	0.295	0.295	100
02.10.2018 00:00	0.3	0.305	0.3	0.305	200
03.10.2018 00:00	0.3	0.3	0.3	0.3	230
04.10.2018 00:00	0.305	0.305	0.305	0.305	240
11.10.2018 00:00	0.305	0.305	0.305	0.305	210
16.10.2018 00:00	0.305	0.305	0.305	0.305	100
17.10.2018 00:00	0.3	0.3	0.3	0.3	10
19.10.2018 00:00	0.305	0.305	0.305	0.305	660
23.10.2018 00:00	0.305	0.305	0.305	0.305	50
26.10.2018 00:00	0.305	0.305	0.305	0.305	20
29.10.2018 00:00	0.305	0.305	0.305	0.305	10
31.10.2018 00:00	0.32	0.32	0.32	0.32	20
12.11.2018 00:00	0.3	0.3	0.3	0.3	30
14.11.2018 00:00	0.3	0.305	0.3	0.305	830
15.11.2018 00:00	0.32	0.325	0.32	0.325	40
16.11.2018 00:00	0.32	0.34	0.32	0.33	70
19.11.2018 00:00	0.34	0.34	0.34	0.34	10
20.11.2018 00:00	0.34500000000000003	0.34500000000000003	0.34500000000000003	0.34500000000000003	10
21.11.2018 00:00	0.34	0.355	0.34	0.355	140
26.11.2018 00:00	0.32	0.34500000000000003	0.32	0.34	30
27.11.2018 00:00	0.34500000000000003	0.34500000000000003	0.34500000000000003	0.34500000000000003	20
28.11.2018 00:00	0.33	0.34	0.33	0.34	30
29.11.2018 00:00	0.325	0.325	0.325	0.325	10
03.12.2018 00:00	0.395	0.395	0.34	0.37	120
04.12.2018 00:00	0.34	0.39	0.34	0.39	30
05.12.2018 00:00	0.325	0.395	0.325	0.395	20
11.12.2018 00:00	0.34	0.34500000000000003	0.32	0.32	180
12.12.2018 00:00	0.325	0.325	0.32	0.32	60
13.12.2018 00:00	0.32	0.32	0.32	0.32	50
17.12.2018 00:00	0.375	0.385	0.325	0.33	100
18.12.2018 00:00	0.325	0.325	0.325	0.325	10
19.12.2018 00:00	0.325	0.33	0.325	0.33	260
20.12.2018 00:00	0.325	0.325	0.325	0.325	10
24.12.2018 00:00	0.32	0.32	0.32	0.32	230
25.12.2018 00:00	0.31	0.34500000000000003	0.305	0.305	270
26.12.2018 00:00	0.31	0.32	0.31	0.32	20
27.12.2018 00:00	0.32	0.37	0.32	0.34	110
28.12.2018 00:00	0.33	0.34500000000000003	0.33	0.34500000000000003	70
29.12.2018 00:00	0.34	0.34	0.34	0.34	20
04.01.2019 00:00	0.35000000000000003	0.35000000000000003	0.35000000000000003	0.35000000000000003	10
09.01.2019 00:00	0.35000000000000003	0.45	0.34	0.375	550
10.01.2019 00:00	0.34500000000000003	0.355	0.34	0.355	380
14.01.2019 00:00	0.34500000000000003	0.34500000000000003	0.34	0.34	40
16.01.2019 00:00	0.395	0.395	0.34	0.34	140
17.01.2019 00:00	0.365	0.385	0.365	0.365	170
18.01.2019 00:00	0.34	0.385	0.34	0.385	40
21.01.2019 00:00	0.34500000000000003	0.37	0.34500000000000003	0.37	130
22.01.2019 00:00	0.37	0.37	0.37	0.37	50
23.01.2019 00:00	0.375	0.4	0.37	0.395	100
24.01.2019 00:00	0.405	0.405	0.365	0.365	80
25.01.2019 00:00	0.375	0.375	0.365	0.365	50
28.01.2019 00:00	0.365	0.365	0.365	0.365	20
29.01.2019 00:00	0.395	0.395	0.355	0.365	60
30.01.2019 00:00	0.355	0.355	0.355	0.355	20
31.01.2019 00:00	0.36	0.36	0.36	0.36	50
05.02.2019 00:00	0.34500000000000003	0.34500000000000003	0.34500000000000003	0.34500000000000003	40
06.02.2019 00:00	0.35000000000000003	0.35000000000000003	0.35000000000000003	0.35000000000000003	10
07.02.2019 00:00	0.34500000000000003	0.34500000000000003	0.34500000000000003	0.34500000000000003	30
08.02.2019 00:00	0.37	0.37	0.37	0.37	10
11.02.2019 00:00	0.365	0.365	0.34	0.34500000000000003	60
12.02.2019 00:00	0.37	0.37	0.365	0.365	60
15.02.2019 00:00	0.34	0.355	0.34	0.34500000000000003	30
25.02.2019 00:00	0.39	0.39	0.39	0.39	10
26.02.2019 00:00	0.39	0.39	0.375	0.39	310
27.02.2019 00:00	0.34	0.365	0.34	0.365	20
28.02.2019 00:00	0.385	0.385	0.325	0.34	1520
01.03.2019 00:00	0.34	0.355	0.34	0.34500000000000003	120
04.03.2019 00:00	0.35000000000000003	0.365	0.34	0.355	540
05.03.2019 00:00	0.34500000000000003	0.39	0.34	0.355	340
06.03.2019 00:00	0.34	0.35000000000000003	0.34	0.35000000000000003	60
07.03.2019 00:00	0.34	0.35000000000000003	0.34	0.35000000000000003	40
12.03.2019 00:00	0.385	0.39	0.34500000000000003	0.34500000000000003	120
15.03.2019 00:00	0.34500000000000003	0.34500000000000003	0.34500000000000003	0.34500000000000003	20
18.03.2019 00:00	0.34	0.37	0.34	0.34500000000000003	80
19.03.2019 00:00	0.35000000000000003	0.35000000000000003	0.35000000000000003	0.35000000000000003	10
21.03.2019 00:00	0.35000000000000003	0.355	0.35000000000000003	0.355	40
22.03.2019 00:00	0.355	0.355	0.34500000000000003	0.34500000000000003	40
26.03.2019 00:00	0.35000000000000003	0.355	0.34500000000000003	0.34500000000000003	30
27.03.2019 00:00	0.34500000000000003	0.34500000000000003	0.34500000000000003	0.34500000000000003	30
02.04.2019 00:00	0.355	0.355	0.355	0.355	10
03.04.2019 00:00	0.34	0.34500000000000003	0.34	0.34500000000000003	90
05.04.2019 00:00	0.385	0.47500000000000003	0.355	0.4	7850
08.04.2019 00:00	0.405	0.41000000000000003	0.365	0.375	1570
09.04.2019 00:00	0.385	0.385	0.385	0.385	50
10.04.2019 00:00	0.375	0.375	0.375	0.375	100
11.04.2019 00:00	0.375	0.39	0.365	0.37	120
12.04.2019 00:00	0.365	0.365	0.355	0.365	110
15.04.2019 00:00	0.39	0.39	0.375	0.375	50
16.04.2019 00:00	0.355	0.385	0.355	0.375	160
17.04.2019 00:00	0.355	0.37	0.355	0.37	170
18.04.2019 00:00	0.39	0.39	0.375	0.385	150
22.04.2019 00:00	0.4	0.4	0.385	0.39	310
23.04.2019 00:00	0.39	0.39	0.39	0.39	10
25.04.2019 00:00	0.39	0.39	0.305	0.34	2660
26.04.2019 00:00	0.34500000000000003	0.34500000000000003	0.33	0.335	1760
29.04.2019 00:00	0.34	0.34	0.32	0.33	780
30.04.2019 00:00	0.32	0.34	0.32	0.32	2460
02.05.2019 00:00	0.335	0.34500000000000003	0.335	0.335	410
03.05.2019 00:00	0.335	0.335	0.335	0.335	10
06.05.2019 00:00	0.34	0.34	0.33	0.33	40
07.05.2019 00:00	0.34	0.34	0.34	0.34	580
08.05.2019 00:00	0.34	0.34	0.34	0.34	20
10.05.2019 00:00	0.325	0.34	0.325	0.34	250
13.05.2019 00:00	0.34500000000000003	0.34500000000000003	0.31	0.31	1980
14.05.2019 00:00	0.32	0.32	0.305	0.305	1280
15.05.2019 00:00	0.295	0.31	0.295	0.31	50
16.05.2019 00:00	0.32	0.32	0.31	0.31	60
17.05.2019 00:00	0.32	0.32	0.305	0.32	560
20.05.2019 00:00	0.305	0.32	0.305	0.305	5690
21.05.2019 00:00	0.32	0.32	0.32	0.32	40
22.05.2019 00:00	0.325	0.33	0.325	0.33	200
24.05.2019 00:00	0.31	0.32	0.31	0.32	50
27.05.2019 00:00	0.32	0.32	0.295	0.305	850
28.05.2019 00:00	0.305	0.305	0.3	0.3	80
29.05.2019 00:00	0.3	0.3	0.3	0.3	60
30.05.2019 00:00	0.3	0.34	0.3	0.34	230
31.05.2019 00:00	0.335	0.335	0.335	0.335	20
03.06.2019 00:00	0.335	0.335	0.325	0.33	330
04.06.2019 00:00	0.335	0.335	0.32	0.325	40
05.06.2019 00:00	0.32	0.33	0.32	0.325	100
06.06.2019 00:00	0.31	0.33	0.31	0.33	60
07.06.2019 00:00	0.32	0.325	0.31	0.325	70
10.06.2019 00:00	0.335	0.335	0.32	0.32	20
11.06.2019 00:00	0.3	0.34	0.3	0.335	180
14.06.2019 00:00	0.33	0.33	0.33	0.33	30
17.06.2019 00:00	0.33	0.33	0.32	0.32	50
18.06.2019 00:00	0.325	0.325	0.325	0.325	20
19.06.2019 00:00	0.325	0.325	0.325	0.325	10
20.06.2019 00:00	0.325	0.325	0.325	0.325	40
21.06.2019 00:00	0.34	0.34	0.335	0.335	90
25.06.2019 00:00	0.33	0.33	0.325	0.325	30
26.06.2019 00:00	0.33	0.34	0.33	0.335	220
27.06.2019 00:00	0.34	0.34	0.34	0.34	20
28.06.2019 00:00	0.31	0.335	0.31	0.33	50
02.07.2019 00:00	0.325	0.325	0.325	0.325	10
03.07.2019 00:00	0.34	0.34	0.325	0.33	120
04.07.2019 00:00	0.34	0.34	0.335	0.34	830
05.07.2019 00:00	0.34	0.34	0.34	0.34	10
08.07.2019 00:00	0.33	0.34	0.325	0.34	770
09.07.2019 00:00	0.33	0.34500000000000003	0.33	0.34500000000000003	80
11.07.2019 00:00	0.34	0.34	0.34	0.34	10
15.07.2019 00:00	0.34	0.34500000000000003	0.34	0.34500000000000003	150
16.07.2019 00:00	0.34	0.34	0.33	0.33	210
17.07.2019 00:00	0.325	0.33	0.325	0.33	30
18.07.2019 00:00	0.335	0.335	0.325	0.325	120
19.07.2019 00:00	0.33	0.335	0.33	0.335	20
23.07.2019 00:00	0.335	0.335	0.335	0.335	50
24.07.2019 00:00	0.33	0.33	0.32	0.32	180
25.07.2019 00:00	0.33	0.33	0.33	0.33	20
29.07.2019 00:00	0.335	0.335	0.33	0.33	210
30.07.2019 00:00	0.335	0.34	0.335	0.34	100
01.08.2019 00:00	0.33	0.33	0.33	0.33	80
02.08.2019 00:00	0.33	0.33	0.33	0.33	20
05.08.2019 00:00	0.33	0.33	0.33	0.33	10
06.08.2019 00:00	0.335	0.34	0.335	0.34	170
12.08.2019 00:00	0.34	0.34	0.34	0.34	10
13.08.2019 00:00	0.34	0.34500000000000003	0.34	0.34	170
14.08.2019 00:00	0.34	0.34	0.34	0.34	60
15.08.2019 00:00	0.325	0.34	0.32	0.34	560
20.08.2019 00:00	0.34	0.34	0.33	0.33	20
26.08.2019 00:00	0.34	0.34	0.34	0.34	10
27.08.2019 00:00	0.33	0.335	0.33	0.335	260
29.08.2019 00:00	0.34	0.34	0.34	0.34	20
02.09.2019 00:00	0.355	0.355	0.34500000000000003	0.34500000000000003	280
03.09.2019 00:00	0.355	0.355	0.355	0.355	10
04.09.2019 00:00	0.35000000000000003	0.36	0.35000000000000003	0.355	200
05.09.2019 00:00	0.365	0.365	0.34500000000000003	0.34500000000000003	30
10.09.2019 00:00	0.35000000000000003	0.35000000000000003	0.35000000000000003	0.35000000000000003	10
11.09.2019 00:00	0.34	0.34500000000000003	0.34	0.34500000000000003	240
13.09.2019 00:00	0.35000000000000003	0.365	0.35000000000000003	0.365	130
17.09.2019 00:00	0.365	0.365	0.36	0.36	110
18.09.2019 00:00	0.355	0.355	0.355	0.355	20
19.09.2019 00:00	0.385	0.4	0.34	0.35000000000000003	830
20.09.2019 00:00	0.355	0.37	0.355	0.365	220
23.09.2019 00:00	0.365	0.365	0.365	0.365	100
24.09.2019 00:00	0.355	0.355	0.35000000000000003	0.35000000000000003	100
25.09.2019 00:00	0.34500000000000003	0.34500000000000003	0.34	0.34500000000000003	70
26.09.2019 00:00	0.34500000000000003	0.34500000000000003	0.34	0.34	20
27.09.2019 00:00	0.365	0.365	0.355	0.355	20
30.09.2019 00:00	0.355	0.355	0.35000000000000003	0.35000000000000003	40
02.10.2019 00:00	0.355	0.355	0.34500000000000003	0.34500000000000003	50
03.10.2019 00:00	0.35000000000000003	0.35000000000000003	0.34	0.34	80
04.10.2019 00:00	0.34	0.34500000000000003	0.34	0.34500000000000003	80
07.10.2019 00:00	0.355	0.355	0.355	0.355	40
08.10.2019 00:00	0.34	0.355	0.34	0.35000000000000003	320
09.10.2019 00:00	0.35000000000000003	0.355	0.35000000000000003	0.355	60
10.10.2019 00:00	0.355	0.355	0.34500000000000003	0.355	80
11.10.2019 00:00	0.355	0.355	0.34500000000000003	0.34500000000000003	60
14.10.2019 00:00	0.34500000000000003	0.355	0.34500000000000003	0.34500000000000003	30
15.10.2019 00:00	0.355	0.355	0.34500000000000003	0.355	180
18.10.2019 00:00	0.355	0.365	0.355	0.365	110
21.10.2019 00:00	0.37	0.37	0.355	0.365	40
23.10.2019 00:00	0.37	0.375	0.36	0.365	70
24.10.2019 00:00	0.355	0.365	0.355	0.365	20
25.10.2019 00:00	0.355	0.355	0.355	0.355	50
29.10.2019 00:00	0.385	0.385	0.365	0.365	50
30.10.2019 00:00	0.365	0.39	0.365	0.385	60
31.10.2019 00:00	0.365	0.385	0.36	0.375	150
01.11.2019 00:00	0.36	0.375	0.36	0.37	210
05.11.2019 00:00	0.36	0.375	0.36	0.365	70
06.11.2019 00:00	0.365	0.365	0.36	0.36	70
07.11.2019 00:00	0.355	0.4	0.355	0.365	210
11.11.2019 00:00	0.35000000000000003	0.375	0.35000000000000003	0.375	60
12.11.2019 00:00	0.355	0.355	0.355	0.355	10
14.11.2019 00:00	0.365	0.37	0.365	0.365	50
15.11.2019 00:00	0.365	0.485	0.365	0.365	680
18.11.2019 00:00	0.37	0.37	0.37	0.37	30
20.11.2019 00:00	0.36	0.39	0.36	0.37	230
21.11.2019 00:00	0.37	0.37	0.365	0.365	40
22.11.2019 00:00	0.375	0.375	0.365	0.365	20
25.11.2019 00:00	0.365	0.365	0.35000000000000003	0.36	520
26.11.2019 00:00	0.36	0.36	0.36	0.36	50
27.11.2019 00:00	0.365	0.365	0.365	0.365	20
28.11.2019 00:00	0.355	0.365	0.355	0.36	70
29.11.2019 00:00	0.37	0.385	0.37	0.375	460
02.12.2019 00:00	0.355	0.375	0.355	0.37	120
03.12.2019 00:00	0.355	0.375	0.355	0.375	110
05.12.2019 00:00	0.37	0.385	0.37	0.375	120
06.12.2019 00:00	0.37	0.37	0.37	0.37	10
09.12.2019 00:00	0.37	0.37	0.37	0.37	90
10.12.2019 00:00	0.365	0.365	0.365	0.365	40
11.12.2019 00:00	0.365	0.375	0.355	0.375	150
12.12.2019 00:00	0.365	0.365	0.36	0.365	130
13.12.2019 00:00	0.365	0.365	0.365	0.365	20
16.12.2019 00:00	0.36	0.36	0.34500000000000003	0.355	440
17.12.2019 00:00	0.36	0.365	0.36	0.365	200
18.12.2019 00:00	0.355	0.355	0.355	0.355	10
19.12.2019 00:00	0.355	0.36	0.355	0.36	20
20.12.2019 00:00	0.355	0.36	0.355	0.355	40
23.12.2019 00:00	0.365	0.365	0.36	0.36	150
24.12.2019 00:00	0.365	0.365	0.365	0.365	10
25.12.2019 00:00	0.36	0.36	0.355	0.36	80
26.12.2019 00:00	0.355	0.365	0.355	0.365	20
27.12.2019 00:00	0.365	0.37	0.365	0.37	220
30.12.2019 00:00	0.37	0.375	0.365	0.365	40
03.01.2020 00:00	0.385	0.385	0.37	0.37	80
06.01.2020 00:00	0.375	0.375	0.375	0.375	30
08.01.2020 00:00	0.385	0.39	0.385	0.39	190
09.01.2020 00:00	0.39	0.405	0.39	0.405	250
10.01.2020 00:00	0.41500000000000004	0.43	0.405	0.43	120
13.01.2020 00:00	0.405	0.43	0.405	0.41500000000000004	550
14.01.2020 00:00	0.41500000000000004	0.43	0.41500000000000004	0.425	120
15.01.2020 00:00	0.405	0.425	0.405	0.41000000000000003	100
16.01.2020 00:00	0.41500000000000004	0.41500000000000004	0.41500000000000004	0.41500000000000004	10
17.01.2020 00:00	0.425	0.425	0.41500000000000004	0.41500000000000004	200
20.01.2020 00:00	0.425	0.425	0.395	0.41000000000000003	390
21.01.2020 00:00	0.41500000000000004	0.44	0.405	0.425	320
22.01.2020 00:00	0.42	0.43	0.405	0.43	110
23.01.2020 00:00	0.435	0.455	0.425	0.435	620
24.01.2020 00:00	0.41000000000000003	0.46	0.41000000000000003	0.46	460
27.01.2020 00:00	0.465	0.485	0.45	0.45	650
28.01.2020 00:00	0.465	0.465	0.425	0.46	320
29.01.2020 00:00	0.47000000000000003	0.47500000000000003	0.45	0.45	280
30.01.2020 00:00	0.46	0.47500000000000003	0.45	0.46	350
31.01.2020 00:00	0.45	0.455	0.385	0.45	200
04.02.2020 00:00	0.435	0.45	0.435	0.45	60
05.02.2020 00:00	0.45	0.45	0.45	0.45	930
07.02.2020 00:00	0.45	0.45	0.43	0.43	50
10.02.2020 00:00	0.44	0.44	0.44	0.44	30
11.02.2020 00:00	0.44	0.44	0.41500000000000004	0.425	150
12.02.2020 00:00	0.435	0.45	0.4	0.42	660
13.02.2020 00:00	0.425	0.45	0.425	0.435	250
14.02.2020 00:00	0.435	0.435	0.41000000000000003	0.42	450
17.02.2020 00:00	0.41500000000000004	0.47000000000000003	0.41500000000000004	0.435	940
18.02.2020 00:00	0.44	0.45	0.435	0.435	210
19.02.2020 00:00	0.45	0.45	0.435	0.435	110
20.02.2020 00:00	0.435	0.45	0.435	0.45	130
21.02.2020 00:00	0.45	0.47500000000000003	0.435	0.435	900
25.02.2020 00:00	0.44	0.44	0.41500000000000004	0.42	250
26.02.2020 00:00	0.41000000000000003	0.425	0.405	0.425	90
27.02.2020 00:00	0.425	0.425	0.4	0.4	240
28.02.2020 00:00	0.405	0.405	0.375	0.39	320
02.03.2020 00:00	0.385	0.405	0.385	0.395	110
03.03.2020 00:00	0.405	0.405	0.4	0.405	70
04.03.2020 00:00	0.405	0.405	0.405	0.405	40
05.03.2020 00:00	0.405	0.41000000000000003	0.405	0.41000000000000003	50
06.03.2020 00:00	0.41000000000000003	0.41000000000000003	0.41000000000000003	0.41000000000000003	10
10.03.2020 00:00	0.375	0.395	0.36	0.395	160
11.03.2020 00:00	0.395	0.4	0.36	0.375	180
12.03.2020 00:00	0.365	0.375	0.31	0.35000000000000003	560
13.03.2020 00:00	0.37	0.39	0.34500000000000003	0.355	200
16.03.2020 00:00	0.34500000000000003	0.355	0.34500000000000003	0.34500000000000003	410
17.03.2020 00:00	0.34	0.34	0.34	0.34	20
18.03.2020 00:00	0.35000000000000003	0.35000000000000003	0.295	0.35000000000000003	1360
19.03.2020 00:00	0.325	0.47500000000000003	0.325	0.34500000000000003	700
20.03.2020 00:00	0.375	0.39	0.35000000000000003	0.35000000000000003	220
23.03.2020 00:00	0.365	0.375	0.365	0.375	1100
24.03.2020 00:00	0.39	0.39	0.365	0.375	50
25.03.2020 00:00	0.375	0.375	0.35000000000000003	0.375	220
26.03.2020 00:00	0.355	0.375	0.355	0.365	160
30.03.2020 00:00	0.35000000000000003	0.35000000000000003	0.35000000000000003	0.35000000000000003	10
31.03.2020 00:00	0.365	0.37	0.365	0.37	30
01.04.2020 00:00	0.365	0.37	0.365	0.37	50
02.04.2020 00:00	0.375	0.375	0.365	0.365	40
03.04.2020 00:00	0.355	0.395	0.355	0.375	60
06.04.2020 00:00	0.375	0.375	0.375	0.375	140
07.04.2020 00:00	0.41000000000000003	0.41000000000000003	0.4	0.4	170
08.04.2020 00:00	0.4	0.4	0.375	0.385	1380
09.04.2020 00:00	0.4	0.4	0.375	0.39	420
10.04.2020 00:00	0.39	0.39	0.385	0.385	20
13.04.2020 00:00	0.375	0.385	0.34500000000000003	0.385	400
14.04.2020 00:00	0.375	0.39	0.375	0.39	150
15.04.2020 00:00	0.375	0.375	0.36	0.365	50
16.04.2020 00:00	0.37	0.39	0.37	0.385	80
17.04.2020 00:00	0.385	0.39	0.375	0.375	80
20.04.2020 00:00	0.37	0.385	0.37	0.375	210
21.04.2020 00:00	0.375	0.375	0.375	0.375	10
22.04.2020 00:00	0.37	0.37	0.37	0.37	10
23.04.2020 00:00	0.385	0.385	0.37	0.375	80
24.04.2020 00:00	0.385	0.385	0.385	0.385	20
27.04.2020 00:00	0.385	0.4	0.385	0.39	340
28.04.2020 00:00	0.39	0.405	0.39	0.395	260
29.04.2020 00:00	0.4	0.405	0.4	0.405	50
30.04.2020 00:00	0.395	0.405	0.395	0.405	40
04.05.2020 00:00	0.4	0.405	0.395	0.395	40
05.05.2020 00:00	0.395	0.4	0.395	0.4	30
06.05.2020 00:00	0.4	0.405	0.395	0.395	30
07.05.2020 00:00	0.395	0.405	0.39	0.4	270
08.05.2020 00:00	0.4	0.4	0.4	0.4	20
12.05.2020 00:00	0.405	0.405	0.4	0.4	80
13.05.2020 00:00	0.395	0.4	0.395	0.4	60
14.05.2020 00:00	0.4	0.4	0.365	0.39	1660
15.05.2020 00:00	0.39	0.39	0.385	0.39	1860
18.05.2020 00:00	0.39	0.39	0.375	0.39	200
19.05.2020 00:00	0.39	0.39	0.385	0.39	660
20.05.2020 00:00	0.385	0.4	0.375	0.385	280
21.05.2020 00:00	0.4	0.4	0.385	0.39	100
22.05.2020 00:00	0.405	0.405	0.39	0.39	3680
25.05.2020 00:00	0.405	0.405	0.39	0.4	860
26.05.2020 00:00	0.405	0.405	0.395	0.405	370
27.05.2020 00:00	0.405	0.425	0.4	0.405	820
28.05.2020 00:00	0.41000000000000003	0.41000000000000003	0.39	0.405	380
29.05.2020 00:00	0.4	0.41000000000000003	0.4	0.405	260
01.06.2020 00:00	0.4	0.405	0.39	0.39	490
02.06.2020 00:00	0.395	0.405	0.395	0.405	250
03.06.2020 00:00	0.405	0.42	0.4	0.405	670
04.06.2020 00:00	0.405	0.41000000000000003	0.4	0.4	780
05.06.2020 00:00	0.4	0.405	0.395	0.4	830
08.06.2020 00:00	0.4	0.4	0.395	0.4	230
09.06.2020 00:00	0.395	0.4	0.39	0.395	420
10.06.2020 00:00	0.4	0.405	0.4	0.405	270
11.06.2020 00:00	0.405	0.405	0.4	0.4	200
15.06.2020 00:00	0.4	0.405	0.395	0.405	370
16.06.2020 00:00	0.4	0.405	0.4	0.4	720
17.06.2020 00:00	0.41500000000000004	0.42	0.405	0.405	760
18.06.2020 00:00	0.42	0.425	0.405	0.42	980
19.06.2020 00:00	0.41500000000000004	0.42	0.405	0.41500000000000004	240
22.06.2020 00:00	0.41500000000000004	0.425	0.41500000000000004	0.41500000000000004	70
23.06.2020 00:00	0.42	0.425	0.41500000000000004	0.42	170
25.06.2020 00:00	0.41500000000000004	0.425	0.41000000000000003	0.42	220
26.06.2020 00:00	0.41500000000000004	0.41500000000000004	0.405	0.41000000000000003	300
29.06.2020 00:00	0.41500000000000004	0.435	0.41500000000000004	0.435	410
30.06.2020 00:00	0.41500000000000004	0.42	0.41000000000000003	0.41500000000000004	390
02.07.2020 00:00	0.41500000000000004	0.435	0.41500000000000004	0.435	170
03.07.2020 00:00	0.42	0.43	0.42	0.43	250
06.07.2020 00:00	0.425	0.45	0.425	0.425	460
07.07.2020 00:00	0.425	0.45	0.41000000000000003	0.425	300
08.07.2020 00:00	0.45	0.45	0.42	0.435	230
09.07.2020 00:00	0.45	0.45	0.42	0.42	630
10.07.2020 00:00	0.43	0.43	0.42	0.425	240
13.07.2020 00:00	0.43	0.43	0.43	0.43	140
14.07.2020 00:00	0.425	0.425	0.41500000000000004	0.425	240
15.07.2020 00:00	0.41500000000000004	0.585	0.41500000000000004	0.505	14380
16.07.2020 00:00	0.5	0.5	0.46	0.47000000000000003	3720
17.07.2020 00:00	0.505	0.5700000000000001	0.45	0.48	900
20.07.2020 00:00	0.53	0.54	0.465	0.47500000000000003	1750
21.07.2020 00:00	0.47500000000000003	0.48	0.465	0.47000000000000003	710
22.07.2020 00:00	0.465	0.47500000000000003	0.465	0.465	420
23.07.2020 00:00	0.46	0.47000000000000003	0.45	0.46	870
24.07.2020 00:00	0.46	0.46	0.455	0.46	140
27.07.2020 00:00	0.46	0.46	0.45	0.46	570
28.07.2020 00:00	0.465	0.465	0.465	0.465	90
29.07.2020 00:00	0.46	0.46	0.455	0.455	90
30.07.2020 00:00	0.45	0.465	0.45	0.45	450
31.07.2020 00:00	0.455	0.465	0.455	0.46	190
03.08.2020 00:00	0.45	0.465	0.45	0.465	200
04.08.2020 00:00	0.465	0.465	0.465	0.465	370
05.08.2020 00:00	0.465	0.47500000000000003	0.465	0.465	930
06.08.2020 00:00	0.47500000000000003	0.485	0.45	0.46	2660
07.08.2020 00:00	0.46	0.47000000000000003	0.46	0.465	1150
10.08.2020 00:00	0.47500000000000003	0.48	0.465	0.465	900
11.08.2020 00:00	0.465	0.485	0.45	0.46	4070
12.08.2020 00:00	0.455	0.47000000000000003	0.45	0.45	4100
13.08.2020 00:00	0.455	0.455	0.44	0.45	640
14.08.2020 00:00	0.45	0.48	0.45	0.465	4490
17.08.2020 00:00	0.465	0.48	0.46	0.47000000000000003	1640
18.08.2020 00:00	0.465	0.505	0.465	0.47000000000000003	4800
19.08.2020 00:00	0.47500000000000003	0.47500000000000003	0.45	0.46	4390
20.08.2020 00:00	0.46	0.465	0.46	0.465	490
21.08.2020 00:00	0.46	0.46	0.455	0.46	270
24.08.2020 00:00	0.46	0.465	0.46	0.465	760
25.08.2020 00:00	0.465	0.465	0.46	0.46	550
26.08.2020 00:00	0.465	0.485	0.465	0.47000000000000003	3200
27.08.2020 00:00	0.47000000000000003	0.495	0.46	0.47500000000000003	1540
28.08.2020 00:00	0.48	0.485	0.48	0.485	460
31.08.2020 00:00	0.485	0.495	0.47500000000000003	0.485	1060
01.09.2020 00:00	0.48	0.485	0.48	0.48	300
02.09.2020 00:00	0.485	0.485	0.48	0.48	350
03.09.2020 00:00	0.48	0.485	0.47500000000000003	0.47500000000000003	380
04.09.2020 00:00	0.47500000000000003	0.485	0.47500000000000003	0.47500000000000003	430
07.09.2020 00:00	0.47000000000000003	0.675	0.47000000000000003	0.675	41420
08.09.2020 00:00	0.715	0.78	0.585	0.595	23390
09.09.2020 00:00	0.605	0.605	0.56	0.5750000000000001	3150
10.09.2020 00:00	0.5650000000000001	0.585	0.5650000000000001	0.5650000000000001	1170
11.09.2020 00:00	0.56	0.58	0.56	0.5650000000000001	620
14.09.2020 00:00	0.56	0.64	0.56	0.585	4140
15.09.2020 00:00	0.59	0.62	0.585	0.62	1040
16.09.2020 00:00	0.625	0.65	0.595	0.615	2020
17.09.2020 00:00	0.62	0.63	0.585	0.615	740
18.09.2020 00:00	0.605	0.62	0.595	0.615	580
21.09.2020 00:00	0.595	0.61	0.5750000000000001	0.5750000000000001	970
22.09.2020 00:00	0.5750000000000001	0.58	0.5650000000000001	0.58	550
23.09.2020 00:00	0.5750000000000001	0.605	0.5700000000000001	0.59	980
24.09.2020 00:00	0.595	0.605	0.585	0.595	140
25.09.2020 00:00	0.585	0.59	0.5750000000000001	0.5750000000000001	140
28.09.2020 00:00	0.595	0.595	0.5700000000000001	0.5750000000000001	290
29.09.2020 00:00	0.5750000000000001	0.58	0.5650000000000001	0.5700000000000001	230
30.09.2020 00:00	0.5700000000000001	0.6	0.55	0.56	2370
01.10.2020 00:00	0.56	0.595	0.555	0.56	1710
02.10.2020 00:00	0.56	0.66	0.56	0.615	3030
05.10.2020 00:00	0.615	0.64	0.605	0.615	950
06.10.2020 00:00	0.615	0.64	0.605	0.615	1310
07.10.2020 00:00	0.62	0.65	0.61	0.61	320
08.10.2020 00:00	0.61	0.61	0.5650000000000001	0.59	1140
09.10.2020 00:00	0.595	0.595	0.5650000000000001	0.585	290
12.10.2020 00:00	0.5750000000000001	0.59	0.5750000000000001	0.5750000000000001	460
13.10.2020 00:00	0.58	0.605	0.5750000000000001	0.5750000000000001	360
14.10.2020 00:00	0.5750000000000001	0.5750000000000001	0.56	0.5650000000000001	580
15.10.2020 00:00	0.56	0.5650000000000001	0.56	0.56	330
16.10.2020 00:00	0.5650000000000001	0.5750000000000001	0.56	0.5650000000000001	210
19.10.2020 00:00	0.5650000000000001	0.5750000000000001	0.5650000000000001	0.5650000000000001	130
20.10.2020 00:00	0.5700000000000001	0.5750000000000001	0.5650000000000001	0.5650000000000001	240
21.10.2020 00:00	0.5650000000000001	0.5650000000000001	0.56	0.5650000000000001	40
22.10.2020 00:00	0.56	0.5650000000000001	0.55	0.56	740
23.10.2020 00:00	0.56	0.56	0.56	0.56	20
26.10.2020 00:00	0.56	0.56	0.535	0.55	710
27.10.2020 00:00	0.54	0.55	0.53	0.55	120
28.10.2020 00:00	0.54	0.64	0.5	0.505	2300
29.10.2020 00:00	0.515	0.525	0.5	0.52	200
30.10.2020 00:00	0.525	0.525	0.505	0.52	50
02.11.2020 00:00	0.52	0.555	0.52	0.55	240
03.11.2020 00:00	0.55	0.5650000000000001	0.55	0.56	770
05.11.2020 00:00	0.56	0.56	0.54	0.56	480
06.11.2020 00:00	0.55	0.585	0.55	0.5650000000000001	390
09.11.2020 00:00	0.56	0.5650000000000001	0.555	0.56	390
10.11.2020 00:00	0.555	0.555	0.555	0.555	60
11.11.2020 00:00	0.56	0.5650000000000001	0.56	0.56	410
12.11.2020 00:00	0.56	0.56	0.555	0.555	320
13.11.2020 00:00	0.55	0.5650000000000001	0.55	0.555	180
16.11.2020 00:00	0.5650000000000001	0.58	0.56	0.56	390
17.11.2020 00:00	0.5650000000000001	0.5750000000000001	0.56	0.56	340
18.11.2020 00:00	0.5650000000000001	0.5700000000000001	0.555	0.5700000000000001	520
19.11.2020 00:00	0.5700000000000001	0.5750000000000001	0.56	0.5650000000000001	80
20.11.2020 00:00	0.5700000000000001	0.5750000000000001	0.56	0.56	100
23.11.2020 00:00	0.56	0.5700000000000001	0.56	0.56	190
24.11.2020 00:00	0.5650000000000001	0.5650000000000001	0.56	0.56	100
25.11.2020 00:00	0.5650000000000001	0.5650000000000001	0.55	0.5650000000000001	370
26.11.2020 00:00	0.5700000000000001	0.5700000000000001	0.56	0.5700000000000001	230
27.11.2020 00:00	0.56	0.5700000000000001	0.56	0.5650000000000001	180
30.11.2020 00:00	0.5650000000000001	0.605	0.56	0.5750000000000001	480
01.12.2020 00:00	0.5750000000000001	0.5750000000000001	0.5650000000000001	0.5650000000000001	150
02.12.2020 00:00	0.5700000000000001	0.5700000000000001	0.56	0.5650000000000001	320
03.12.2020 00:00	0.56	0.5700000000000001	0.56	0.5700000000000001	220
04.12.2020 00:00	0.5650000000000001	0.5700000000000001	0.56	0.56	240
07.12.2020 00:00	0.5650000000000001	0.5650000000000001	0.56	0.5650000000000001	350
08.12.2020 00:00	0.56	0.56	0.555	0.56	100
09.12.2020 00:00	0.56	0.56	0.555	0.555	260
10.12.2020 00:00	0.555	0.555	0.54	0.55	240
11.12.2020 00:00	0.555	0.555	0.54	0.54	390
14.12.2020 00:00	0.55	0.55	0.545	0.545	310
15.12.2020 00:00	0.55	0.55	0.55	0.55	120
16.12.2020 00:00	0.55	0.55	0.545	0.55	1390
17.12.2020 00:00	0.555	0.5700000000000001	0.555	0.56	460
18.12.2020 00:00	0.56	0.56	0.54	0.555	680
21.12.2020 00:00	0.555	0.56	0.55	0.55	150
22.12.2020 00:00	0.545	0.56	0.545	0.55	110
23.12.2020 00:00	0.545	0.5650000000000001	0.545	0.5650000000000001	160
24.12.2020 00:00	0.555	0.5650000000000001	0.555	0.5650000000000001	290
25.12.2020 00:00	0.56	0.5700000000000001	0.555	0.56	100
28.12.2020 00:00	0.5700000000000001	0.5700000000000001	0.5650000000000001	0.5700000000000001	180
29.12.2020 00:00	0.61	0.61	0.5700000000000001	0.5750000000000001	330
30.12.2020 00:00	0.58	0.585	0.5750000000000001	0.585	610
04.01.2021 00:00	0.585	0.595	0.58	0.595	440
05.01.2021 00:00	0.595	0.595	0.5750000000000001	0.5750000000000001	290
06.01.2021 00:00	0.58	0.595	0.58	0.59	310
08.01.2021 00:00	0.5750000000000001	0.595	0.5750000000000001	0.5750000000000001	120
11.01.2021 00:00	0.5750000000000001	0.595	0.5750000000000001	0.595	350
12.01.2021 00:00	0.595	0.595	0.58	0.58	310
13.01.2021 00:00	0.58	0.58	0.58	0.58	70
14.01.2021 00:00	0.58	0.615	0.5750000000000001	0.595	1030
15.01.2021 00:00	0.595	0.595	0.585	0.585	560
18.01.2021 00:00	0.58	0.58	0.5750000000000001	0.5750000000000001	470
19.01.2021 00:00	0.58	0.59	0.5700000000000001	0.58	500
20.01.2021 00:00	0.5750000000000001	0.58	0.5750000000000001	0.5750000000000001	630
21.01.2021 00:00	0.5750000000000001	0.5750000000000001	0.5750000000000001	0.5750000000000001	120
22.01.2021 00:00	0.5700000000000001	0.58	0.5700000000000001	0.58	210
25.01.2021 00:00	0.595	0.605	0.5750000000000001	0.58	90
26.01.2021 00:00	0.58	0.59	0.5750000000000001	0.585	170
27.01.2021 00:00	0.585	0.585	0.5750000000000001	0.5750000000000001	50
28.01.2021 00:00	0.585	0.585	0.5650000000000001	0.5650000000000001	330
29.01.2021 00:00	0.5750000000000001	0.615	0.5750000000000001	0.6	1940
01.02.2021 00:00	0.585	0.605	0.585	0.595	280
02.02.2021 00:00	0.59	0.59	0.585	0.585	120
03.02.2021 00:00	0.58	0.585	0.5750000000000001	0.58	310
04.02.2021 00:00	0.58	0.58	0.5750000000000001	0.5750000000000001	320
05.02.2021 00:00	0.61	0.61	0.5750000000000001	0.5750000000000001	360
08.02.2021 00:00	0.59	0.595	0.58	0.585	140
09.02.2021 00:00	0.595	0.595	0.52	0.5750000000000001	1040
10.02.2021 00:00	0.5750000000000001	0.585	0.5700000000000001	0.5750000000000001	440
11.02.2021 00:00	0.58	0.58	0.58	0.58	40
12.02.2021 00:00	0.5750000000000001	0.585	0.5700000000000001	0.58	400
15.02.2021 00:00	0.585	0.59	0.5750000000000001	0.59	380
16.02.2021 00:00	0.58	0.595	0.58	0.585	190
17.02.2021 00:00	0.585	0.585	0.5700000000000001	0.58	890
18.02.2021 00:00	0.5700000000000001	0.58	0.5700000000000001	0.5750000000000001	350
19.02.2021 00:00	0.5750000000000001	0.5750000000000001	0.5700000000000001	0.5700000000000001	240
20.02.2021 00:00	0.5700000000000001	0.5750000000000001	0.5700000000000001	0.5750000000000001	90
22.02.2021 00:00	0.5750000000000001	0.5750000000000001	0.5650000000000001	0.5650000000000001	110
24.02.2021 00:00	0.5650000000000001	0.5750000000000001	0.5650000000000001	0.5650000000000001	150
25.02.2021 00:00	0.5650000000000001	0.5750000000000001	0.5650000000000001	0.5650000000000001	70
26.02.2021 00:00	0.5750000000000001	0.58	0.5650000000000001	0.58	820
01.03.2021 00:00	0.5650000000000001	0.5750000000000001	0.56	0.5700000000000001	226
02.03.2021 00:00	0.5700000000000001	0.5700000000000001	0.5650000000000001	0.5650000000000001	123
03.03.2021 00:00	0.5700000000000001	0.5750000000000001	0.56	0.5650000000000001	176
04.03.2021 00:00	0.56	0.56	0.56	0.56	3
05.03.2021 00:00	0.56	0.5700000000000001	0.56	0.5650000000000001	54
09.03.2021 00:00	0.5650000000000001	0.5650000000000001	0.56	0.5650000000000001	113
10.03.2021 00:00	0.5650000000000001	0.5700000000000001	0.555	0.5700000000000001	226
11.03.2021 00:00	0.5700000000000001	0.5700000000000001	0.56	0.56	80
12.03.2021 00:00	0.56	0.5650000000000001	0.56	0.56	375
15.03.2021 00:00	0.56	0.5750000000000001	0.56	0.5650000000000001	174
16.03.2021 00:00	0.5650000000000001	0.5650000000000001	0.56	0.56	58
17.03.2021 00:00	0.56	0.5700000000000001	0.56	0.5700000000000001	80
18.03.2021 00:00	0.5650000000000001	0.58	0.5650000000000001	0.5650000000000001	23
19.03.2021 00:00	0.56	0.5750000000000001	0.56	0.5750000000000001	9
22.03.2021 00:00	0.5750000000000001	0.5750000000000001	0.5650000000000001	0.5650000000000001	127
23.03.2021 00:00	0.5650000000000001	0.5750000000000001	0.56	0.5650000000000001	144
24.03.2021 00:00	0.5650000000000001	0.5700000000000001	0.56	0.5650000000000001	390
25.03.2021 00:00	0.5650000000000001	0.5650000000000001	0.56	0.5650000000000001	161
26.03.2021 00:00	0.5650000000000001	0.5650000000000001	0.5650000000000001	0.5650000000000001	60
29.03.2021 00:00	0.5650000000000001	0.5650000000000001	0.5650000000000001	0.5650000000000001	38
30.03.2021 00:00	0.5650000000000001	0.5650000000000001	0.56	0.5650000000000001	59
31.03.2021 00:00	0.56	0.5650000000000001	0.56	0.56	115
01.04.2021 00:00	0.56	0.56	0.56	0.56	153
02.04.2021 00:00	0.56	0.5650000000000001	0.56	0.56	100
05.04.2021 00:00	0.56	0.5650000000000001	0.56	0.5650000000000001	75
06.04.2021 00:00	0.5650000000000001	0.625	0.555	0.56	4104
07.04.2021 00:00	0.5650000000000001	0.715	0.56	0.585	5816
08.04.2021 00:00	0.62	0.715	0.585	0.605	7014
09.04.2021 00:00	0.605	0.62	0.585	0.59	588
12.04.2021 00:00	0.595	0.625	0.585	0.595	780
13.04.2021 00:00	0.595	0.625	0.595	0.605	370
14.04.2021 00:00	0.6	0.625	0.59	0.62	632
15.04.2021 00:00	0.62	0.62	0.595	0.605	347
16.04.2021 00:00	0.605	0.61	0.595	0.605	561
19.04.2021 00:00	0.6	0.62	0.595	0.615	430
20.04.2021 00:00	0.6	0.615	0.6	0.605	187
21.04.2021 00:00	0.605	0.77	0.605	0.655	10810
22.04.2021 00:00	0.64	0.745	0.625	0.67	5127
23.04.2021 00:00	0.66	0.675	0.65	0.65	926
26.04.2021 00:00	0.65	0.66	0.605	0.64	956
27.04.2021 00:00	0.615	0.64	0.605	0.625	443
28.04.2021 00:00	0.64	0.64	0.615	0.64	194
29.04.2021 00:00	0.645	0.645	0.595	0.61	1073
30.04.2021 00:00	0.605	0.675	0.595	0.62	1338
04.05.2021 00:00	0.62	0.625	0.605	0.615	272
05.05.2021 00:00	0.625	0.63	0.615	0.63	93
06.05.2021 00:00	0.615	0.63	0.615	0.625	56
07.05.2021 00:00	0.625	0.625	0.615	0.625	116
10.05.2021 00:00	0.64	0.64	0.62	0.63	76
11.05.2021 00:00	0.615	0.625	0.615	0.615	85
12.05.2021 00:00	0.61	0.62	0.61	0.62	63
13.05.2021 00:00	0.61	0.615	0.61	0.615	23
14.05.2021 00:00	0.615	0.615	0.61	0.615	59
17.05.2021 00:00	0.62	0.625	0.61	0.625	143
18.05.2021 00:00	0.63	0.63	0.605	0.62	306
19.05.2021 00:00	0.615	0.63	0.615	0.625	277
20.05.2021 00:00	0.625	0.66	0.625	0.64	275
21.05.2021 00:00	0.625	0.625	0.6	0.61	1888
24.05.2021 00:00	0.605	0.645	0.605	0.625	492
25.05.2021 00:00	0.63	0.63	0.605	0.615	133
26.05.2021 00:00	0.62	0.64	0.62	0.64	108
27.05.2021 00:00	0.62	0.625	0.615	0.625	82
28.05.2021 00:00	0.615	0.62	0.615	0.62	17
31.05.2021 00:00	0.615	0.625	0.605	0.61	232
01.06.2021 00:00	0.61	0.63	0.605	0.615	317
02.06.2021 00:00	0.61	0.64	0.61	0.615	152
03.06.2021 00:00	0.64	0.64	0.62	0.62	39
04.06.2021 00:00	0.63	0.63	0.62	0.625	32
07.06.2021 00:00	0.63	0.64	0.615	0.64	192
08.06.2021 00:00	0.625	0.625	0.61	0.615	436
09.06.2021 00:00	0.615	0.62	0.615	0.62	112
10.06.2021 00:00	0.62	0.625	0.62	0.625	93
11.06.2021 00:00	0.62	0.62	0.615	0.615	53
14.06.2021 00:00	0.615	0.62	0.615	0.615	103
15.06.2021 00:00	0.615	0.71	0.615	0.65	1780
16.06.2021 00:00	0.685	0.685	0.615	0.625	516
17.06.2021 00:00	0.625	0.715	0.625	0.68	5739
18.06.2021 00:00	0.685	0.745	0.64	0.68	4467
21.06.2021 00:00	0.67	0.68	0.645	0.67	1107
22.06.2021 00:00	0.65	0.745	0.645	0.725	3655
23.06.2021 00:00	0.725	0.79	0.66	0.685	4983
24.06.2021 00:00	0.705	0.735	0.66	0.675	704
25.06.2021 00:00	0.685	0.685	0.64	0.65	1028
28.06.2021 00:00	0.65	0.71	0.645	0.66	1211
29.06.2021 00:00	0.66	0.685	0.62	0.64	3258
30.06.2021 00:00	0.655	0.66	0.605	0.625	533
01.07.2021 00:00	0.645	0.645	0.585	0.615	1374
02.07.2021 00:00	0.62	0.62	0.595	0.615	438
05.07.2021 00:00	0.62	0.62	0.6	0.615	499
06.07.2021 00:00	0.62	0.65	0.615	0.64	548
07.07.2021 00:00	0.625	0.645	0.625	0.645	388
08.07.2021 00:00	0.64	0.645	0.625	0.63	346
09.07.2021 00:00	0.63	0.645	0.625	0.625	208
12.07.2021 00:00	0.61	0.67	0.61	0.64	566
13.07.2021 00:00	0.625	0.68	0.625	0.655	851
14.07.2021 00:00	0.67	0.68	0.65	0.66	449
15.07.2021 00:00	0.66	0.67	0.64	0.67	389
16.07.2021 00:00	0.65	0.685	0.65	0.67	247
19.07.2021 00:00	0.665	0.685	0.625	0.64	342
20.07.2021 00:00	0.64	0.64	0.64	0.64	67
21.07.2021 00:00	0.63	0.64	0.615	0.64	1686
22.07.2021 00:00	0.64	0.64	0.63	0.64	88
23.07.2021 00:00	0.63	0.66	0.615	0.655	387
26.07.2021 00:00	0.65	0.65	0.64	0.64	29
27.07.2021 00:00	0.64	0.71	0.625	0.66	2854
28.07.2021 00:00	0.66	0.66	0.64	0.655	152
29.07.2021 00:00	0.65	0.675	0.625	0.665	575
30.07.2021 00:00	0.67	0.67	0.64	0.665	2890
02.08.2021 00:00	0.66	0.675	0.65	0.67	334
03.08.2021 00:00	0.65	0.68	0.65	0.67	128
04.08.2021 00:00	0.65	0.6900000000000001	0.65	0.675	1249
05.08.2021 00:00	0.685	0.705	0.67	0.685	4397
06.08.2021 00:00	0.6950000000000001	0.6950000000000001	0.685	0.685	493
09.08.2021 00:00	0.685	0.7000000000000001	0.685	0.6950000000000001	162
10.08.2021 00:00	0.685	0.6950000000000001	0.685	0.685	76
11.08.2021 00:00	0.7000000000000001	0.7000000000000001	0.685	0.6950000000000001	33
12.08.2021 00:00	0.6950000000000001	0.6950000000000001	0.685	0.6900000000000001	270
13.08.2021 00:00	0.68	0.6950000000000001	0.68	0.685	48
16.08.2021 00:00	0.685	0.685	0.675	0.685	110
17.08.2021 00:00	0.685	0.6950000000000001	0.68	0.6900000000000001	115
18.08.2021 00:00	0.685	0.685	0.68	0.685	110
19.08.2021 00:00	0.68	0.685	0.675	0.68	147
20.08.2021 00:00	0.68	0.68	0.66	0.67	109
23.08.2021 00:00	0.67	0.67	0.67	0.67	24
24.08.2021 00:00	0.67	0.675	0.665	0.67	41
25.08.2021 00:00	0.67	0.6950000000000001	0.67	0.6950000000000001	73
26.08.2021 00:00	0.6950000000000001	0.715	0.67	0.6950000000000001	2001
27.08.2021 00:00	0.6900000000000001	0.6900000000000001	0.685	0.685	177
30.08.2021 00:00	0.685	0.6900000000000001	0.685	0.685	153
31.08.2021 00:00	0.68	0.705	0.68	0.685	108
01.09.2021 00:00	0.705	0.705	0.68	0.685	144
02.09.2021 00:00	0.685	0.685	0.675	0.685	118
03.09.2021 00:00	0.68	0.685	0.675	0.685	40
06.09.2021 00:00	0.685	0.685	0.68	0.685	39
07.09.2021 00:00	0.685	0.685	0.675	0.685	19
08.09.2021 00:00	0.685	0.6900000000000001	0.68	0.685	262
09.09.2021 00:00	0.685	0.6950000000000001	0.67	0.685	228
10.09.2021 00:00	0.68	0.6900000000000001	0.68	0.6900000000000001	320
13.09.2021 00:00	0.705	0.845	0.68	0.735	5306
14.09.2021 00:00	0.74	0.8250000000000001	0.685	0.705	5692
15.09.2021 00:00	0.705	0.73	0.685	0.71	341
16.09.2021 00:00	0.685	0.73	0.685	0.72	363
17.09.2021 00:00	0.685	0.735	0.685	0.71	132
20.09.2021 00:00	0.71	0.755	0.705	0.725	334
21.09.2021 00:00	0.71	0.755	0.705	0.735	185
22.09.2021 00:00	0.73	0.77	0.73	0.755	507
23.09.2021 00:00	0.77	0.81	0.735	0.79	1253
24.09.2021 00:00	0.785	0.785	0.76	0.78	198
27.09.2021 00:00	0.8	0.8	0.75	0.78	241
28.09.2021 00:00	0.775	0.775	0.755	0.77	184
29.09.2021 00:00	0.77	0.785	0.745	0.755	301
30.09.2021 00:00	0.75	0.755	0.725	0.735	320
01.10.2021 00:00	0.74	0.755	0.73	0.74	191
04.10.2021 00:00	0.745	0.76	0.74	0.755	237
05.10.2021 00:00	0.745	0.76	0.705	0.76	294
06.10.2021 00:00	0.77	0.77	0.745	0.77	128
07.10.2021 00:00	0.77	0.78	0.745	0.78	523
08.10.2021 00:00	0.78	0.9	0.78	0.8250000000000001	4208
11.10.2021 00:00	0.845	0.855	0.79	0.81	1816
12.10.2021 00:00	0.81	0.835	0.8	0.8200000000000001	719
13.10.2021 00:00	0.835	0.9550000000000001	0.8250000000000001	0.925	5895
14.10.2021 00:00	0.935	1.11	0.885	0.93	5231
15.10.2021 00:00	0.935	0.9550000000000001	0.9	0.93	910
18.10.2021 00:00	0.9550000000000001	0.9550000000000001	0.905	0.92	865
19.10.2021 00:00	0.89	0.9550000000000001	0.885	0.92	824
20.10.2021 00:00	0.93	0.935	0.885	0.93	299
21.10.2021 00:00	0.925	0.935	0.91	0.925	182
22.10.2021 00:00	0.905	0.93	0.905	0.92	95
25.10.2021 00:00	0.935	1.09	0.91	0.965	4403
26.10.2021 00:00	0.965	1.205	0.965	1.12	6653
27.10.2021 00:00	1.225	1.425	1.12	1.155	13987
28.10.2021 00:00	1.165	1.35	0.985	1.05	5649
29.10.2021 00:00	1.08	1.08	0.985	1.06	1141
01.11.2021 00:00	1.06	1.375	1.06	1.215	10558
02.11.2021 00:00	1.215	1.25	1.12	1.175	1554
03.11.2021 00:00	1.1400000000000001	1.225	1.11	1.155	715
05.11.2021 00:00	1.125	1.175	1.1	1.165	1601
08.11.2021 00:00	1.175	1.29	1.12	1.145	1887
09.11.2021 00:00	1.12	1.155	1.12	1.125	161
10.11.2021 00:00	1.1300000000000001	1.225	1.07	1.125	1758
11.11.2021 00:00	1.11	1.215	1.1	1.155	1176
12.11.2021 00:00	1.155	1.175	1.1400000000000001	1.145	68
15.11.2021 00:00	1.145	1.215	1.11	1.175	636
16.11.2021 00:00	1.175	1.23	1.155	1.155	377
17.11.2021 00:00	1.155	1.175	1.1300000000000001	1.1400000000000001	243
18.11.2021 00:00	1.12	1.235	1.1	1.185	911
19.11.2021 00:00	1.195	1.235	1.12	1.155	982
22.11.2021 00:00	1.155	1.205	1.1400000000000001	1.175	350
23.11.2021 00:00	1.145	1.175	1.145	1.155	389
24.11.2021 00:00	1.155	1.175	1.145	1.145	169
25.11.2021 00:00	1.175	1.175	1.145	1.175	699
26.11.2021 00:00	1.195	1.195	1.1400000000000001	1.175	232
29.11.2021 00:00	1.1400000000000001	1.205	1.1400000000000001	1.165	155
30.11.2021 00:00	1.1400000000000001	1.215	1.1400000000000001	1.175	3514
01.12.2021 00:00	1.185	1.245	1.145	1.165	606
02.12.2021 00:00	1.185	1.195	1.125	1.165	582
03.12.2021 00:00	1.185	1.185	1.1400000000000001	1.145	328
06.12.2021 00:00	1.1400000000000001	1.155	1.1300000000000001	1.145	176
07.12.2021 00:00	1.155	1.175	1.145	1.155	59
08.12.2021 00:00	1.185	1.195	1.12	1.155	388
09.12.2021 00:00	1.155	1.175	1.1400000000000001	1.165	74
10.12.2021 00:00	1.125	1.28	1.12	1.145	683
13.12.2021 00:00	1.165	1.185	1.145	1.165	223
14.12.2021 00:00	1.195	1.215	1.12	1.165	226
15.12.2021 00:00	1.175	1.175	1.12	1.155	126
16.12.2021 00:00	1.1300000000000001	1.165	1.1300000000000001	1.165	98
17.12.2021 00:00	1.1400000000000001	1.155	1.1400000000000001	1.155	33
20.12.2021 00:00	1.145	1.175	1.12	1.155	341
21.12.2021 00:00	1.1300000000000001	1.175	1.125	1.145	131
22.12.2021 00:00	1.125	1.165	1.125	1.155	220
23.12.2021 00:00	1.185	1.185	1.1400000000000001	1.155	58
24.12.2021 00:00	1.1400000000000001	1.165	1.1400000000000001	1.165	73
27.12.2021 00:00	1.155	1.175	1.1400000000000001	1.175	33
28.12.2021 00:00	1.155	1.155	1.1300000000000001	1.155	217
29.12.2021 00:00	1.125	1.155	1.125	1.155	203
30.12.2021 00:00	1.1400000000000001	1.165	1.1300000000000001	1.165	316
03.01.2022 00:00	1.165	1.175	1.145	1.145	87
04.01.2022 00:00	1.1400000000000001	1.175	1.1400000000000001	1.155	292
05.01.2022 00:00	1.145	1.155	1.145	1.155	34
06.01.2022 00:00	1.145	1.165	1.145	1.165	84
10.01.2022 00:00	1.205	1.205	1.145	1.185	57
11.01.2022 00:00	1.195	1.195	1.145	1.165	111
12.01.2022 00:00	1.165	1.165	1.155	1.165	235
13.01.2022 00:00	1.165	1.235	1.165	1.175	80
14.01.2022 00:00	1.2650000000000001	1.29	1.145	1.165	466
17.01.2022 00:00	1.145	1.155	1.125	1.145	339
18.01.2022 00:00	1.11	1.155	1.09	1.155	1790
19.01.2022 00:00	1.155	1.175	1.145	1.155	49
20.01.2022 00:00	1.175	1.175	1.145	1.155	215
21.01.2022 00:00	1.155	1.155	1.155	1.155	99
24.01.2022 00:00	1.155	1.155	1.11	1.155	1747
25.01.2022 00:00	1.155	1.155	1.145	1.145	131
26.01.2022 00:00	1.1400000000000001	1.165	1.1400000000000001	1.155	139
27.01.2022 00:00	1.165	1.165	1.145	1.165	81
28.01.2022 00:00	1.175	1.235	1.165	1.175	130
31.01.2022 00:00	1.175	1.175	1.155	1.175	42
01.02.2022 00:00	1.165	1.195	1.165	1.185	23
02.02.2022 00:00	1.195	1.5250000000000001	1.195	1.2550000000000001	3977
03.02.2022 00:00	1.245	1.59	1.205	1.415	4222
04.02.2022 00:00	1.415	1.445	1.28	1.355	1296
07.02.2022 00:00	1.37	1.37	1.245	1.28	931
08.02.2022 00:00	1.25	1.3	1.205	1.245	535
09.02.2022 00:00	1.215	1.29	1.195	1.215	553
10.02.2022 00:00	1.185	1.245	1.185	1.215	165
11.02.2022 00:00	1.185	1.215	1.175	1.195	156
14.02.2022 00:00	1.195	1.195	1.155	1.155	113
15.02.2022 00:00	1.155	1.195	1.155	1.155	463
16.02.2022 00:00	1.165	1.235	1.165	1.23	535
17.02.2022 00:00	1.23	1.5150000000000001	1.215	1.29	1122
18.02.2022 00:00	1.37	1.495	1.29	1.445	1802
21.02.2022 00:00	1.455	1.495	1.195	1.235	508
22.02.2022 00:00	1.375	1.375	1.155	1.3	360
24.02.2022 00:00	1.165	1.28	0.8	1.1400000000000001	11910
25.02.2022 00:00	1.28	1.28	0.995	1.11	570
28.03.2022 00:00	0.8150000000000001	1.165	0.8150000000000001	1.04	453
29.03.2022 00:00	1.05	1.1400000000000001	1.05	1.05	29
30.03.2022 00:00	1.155	1.195	0.925	1.02	233
31.03.2022 00:00	1.09	1.205	1.06	1.165	418
01.04.2022 00:00	1.11	1.3800000000000001	1.11	1.195	320
04.04.2022 00:00	1.3900000000000001	1.395	1.185	1.225	567
05.04.2022 00:00	1.2650000000000001	1.2650000000000001	1.145	1.185	226
06.04.2022 00:00	1.245	1.245	1.145	1.175	181
07.04.2022 00:00	1.1300000000000001	1.245	1.12	1.215	186
08.04.2022 00:00	1.245	1.245	1.175	1.195	295
11.04.2022 00:00	1.23	1.28	1.175	1.245	141
12.04.2022 00:00	1.205	1.235	1.175	1.175	144
13.04.2022 00:00	1.165	1.205	1.145	1.195	20
14.04.2022 00:00	1.165	1.195	1.155	1.165	75
15.04.2022 00:00	1.1400000000000001	1.195	1.12	1.1400000000000001	55
18.04.2022 00:00	1.205	1.405	1.1400000000000001	1.165	171
19.04.2022 00:00	1.235	1.485	1.195	1.395	2204
20.04.2022 00:00	1.3	1.35	1.08	1.35	270
21.04.2022 00:00	1.28	1.395	1.28	1.33	82
22.04.2022 00:00	1.3	1.3900000000000001	1.3	1.3	10
25.04.2022 00:00	1.405	1.425	1.3	1.36	364
26.04.2022 00:00	1.34	1.405	1.33	1.34	48
27.04.2022 00:00	1.425	1.61	1.375	1.4000000000000001	1102
28.04.2022 00:00	1.3800000000000001	1.3900000000000001	1.2650000000000001	1.3900000000000001	379
29.04.2022 00:00	1.37	1.37	1.28	1.34	634
04.05.2022 00:00	1.31	1.355	1.2650000000000001	1.33	227
05.05.2022 00:00	1.355	1.355	1.3	1.32	56
06.05.2022 00:00	1.3	1.31	1.29	1.3	16
11.05.2022 00:00	1.29	1.3	1.1400000000000001	1.3	692
12.05.2022 00:00	1.3	1.31	1.2550000000000001	1.2550000000000001	91
13.05.2022 00:00	1.2550000000000001	1.2650000000000001	1.2550000000000001	1.2650000000000001	6
16.05.2022 00:00	1.2650000000000001	1.2650000000000001	1.225	1.2550000000000001	152
17.05.2022 00:00	1.245	1.28	1.235	1.245	63
18.05.2022 00:00	1.245	1.2550000000000001	1.245	1.245	13
19.05.2022 00:00	1.245	1.2550000000000001	1.245	1.2550000000000001	17
20.05.2022 00:00	1.2650000000000001	1.28	1.25	1.2550000000000001	161
23.05.2022 00:00	1.27	1.3	1.2550000000000001	1.3	157
24.05.2022 00:00	1.28	1.28	1.215	1.245	82
25.05.2022 00:00	1.235	1.2550000000000001	1.195	1.235	4849
26.05.2022 00:00	1.2550000000000001	1.2650000000000001	1.235	1.235	48
27.05.2022 00:00	1.23	1.23	1.195	1.205	129
30.05.2022 00:00	1.205	1.23	1.195	1.205	46
31.05.2022 00:00	1.205	1.205	1.195	1.195	17
01.06.2022 00:00	1.195	1.205	1.185	1.205	22
02.06.2022 00:00	1.205	1.205	1.185	1.205	21
03.06.2022 00:00	1.195	1.195	1.185	1.195	15
06.06.2022 00:00	1.195	1.215	1.185	1.215	60
07.06.2022 00:00	1.215	1.425	1.215	1.235	1321
08.06.2022 00:00	1.2650000000000001	1.27	1.165	1.205	439
09.06.2022 00:00	1.205	1.3	1.205	1.23	188
10.06.2022 00:00	1.2650000000000001	1.2650000000000001	1.195	1.205	135
14.06.2022 00:00	1.205	1.245	1.205	1.225	16
15.06.2022 00:00	1.235	1.245	1.215	1.215	19
16.06.2022 00:00	1.205	1.245	1.175	1.235	92
17.06.2022 00:00	1.205	1.235	1.195	1.215	65
20.06.2022 00:00	1.215	1.215	1.205	1.205	52
21.06.2022 00:00	1.205	1.245	1.195	1.215	142
22.06.2022 00:00	1.205	1.205	1.195	1.205	37
23.06.2022 00:00	1.215	1.215	1.205	1.205	19
24.06.2022 00:00	1.205	1.215	1.205	1.215	25
27.06.2022 00:00	1.205	1.215	1.205	1.205	7
28.06.2022 00:00	1.215	1.245	1.215	1.245	68
29.06.2022 00:00	1.25	1.2650000000000001	1.225	1.25	28
30.06.2022 00:00	1.27	1.27	1.215	1.225	656
01.07.2022 00:00	1.225	1.225	1.205	1.215	78
04.07.2022 00:00	1.205	1.205	1.185	1.205	22
05.07.2022 00:00	1.205	1.29	1.185	1.215	79
06.07.2022 00:00	1.205	1.215	1.195	1.195	15
07.07.2022 00:00	1.195	1.205	1.195	1.195	92
08.07.2022 00:00	1.195	1.215	1.195	1.205	5743
11.07.2022 00:00	1.215	1.215	1.205	1.215	16
12.07.2022 00:00	1.215	1.3900000000000001	1.195	1.235	4773
13.07.2022 00:00	1.245	1.28	1.235	1.235	121
14.07.2022 00:00	1.215	1.225	1.165	1.175	220
15.07.2022 00:00	1.185	1.195	1.165	1.175	102
18.07.2022 00:00	1.165	1.28	1.165	1.185	570
19.07.2022 00:00	1.175	1.225	1.1400000000000001	1.175	171
20.07.2022 00:00	1.165	1.165	1.09	1.125	193
21.07.2022 00:00	1.125	1.1400000000000001	1.07	1.12	169
22.07.2022 00:00	1.11	1.12	1.1	1.12	25
25.07.2022 00:00	1.12	1.12	1.11	1.11	5
26.07.2022 00:00	1.11	1.11	1.06	1.1	84
27.07.2022 00:00	1.1	1.11	1.09	1.11	76
28.07.2022 00:00	1.1	1.125	1.09	1.125	41
29.07.2022 00:00	1.12	1.125	1.11	1.125	11
01.08.2022 00:00	1.1	1.12	1.1	1.1	20
02.08.2022 00:00	1.1	1.12	1.1	1.12	8
03.08.2022 00:00	1.1	1.1	1.1	1.1	1
04.08.2022 00:00	1.12	1.1400000000000001	1.11	1.125	31
05.08.2022 00:00	1.125	1.1400000000000001	1.1	1.11	33
08.08.2022 00:00	1.11	1.125	1.09	1.12	53
09.08.2022 00:00	1.12	1.155	1.1	1.145	57
10.08.2022 00:00	1.1	1.225	1.1	1.155	4703
11.08.2022 00:00	1.1400000000000001	1.145	1.125	1.1400000000000001	545
12.08.2022 00:00	1.1300000000000001	1.1400000000000001	1.1300000000000001	1.1400000000000001	7
15.08.2022 00:00	1.145	1.175	1.145	1.175	30
16.08.2022 00:00	1.195	1.195	1.185	1.195	4
17.08.2022 00:00	1.175	1.195	1.175	1.185	15
18.08.2022 00:00	1.165	1.195	1.165	1.195	10
19.08.2022 00:00	1.185	1.195	1.165	1.165	7
22.08.2022 00:00	1.195	1.215	1.195	1.195	19
23.08.2022 00:00	1.215	1.245	1.195	1.225	115
24.08.2022 00:00	1.175	1.225	1.175	1.225	22
25.08.2022 00:00	1.235	1.245	1.215	1.225	24
26.08.2022 00:00	1.205	1.23	1.195	1.205	126
29.08.2022 00:00	1.215	1.215	1.185	1.215	37
30.08.2022 00:00	1.185	1.215	1.1400000000000001	1.185	166
31.08.2022 00:00	1.1400000000000001	1.195	1.1400000000000001	1.185	31
01.09.2022 00:00	1.185	1.195	1.155	1.195	17
02.09.2022 00:00	1.195	1.195	1.185	1.195	5
05.09.2022 00:00	1.175	1.225	1.145	1.205	232
06.09.2022 00:00	1.125	1.185	1.125	1.175	166
07.09.2022 00:00	1.175	1.215	1.175	1.195	48
08.09.2022 00:00	1.195	1.205	1.165	1.185	57
09.09.2022 00:00	1.175	1.205	1.165	1.205	20
12.09.2022 00:00	1.205	1.205	1.195	1.205	6
13.09.2022 00:00	1.205	1.205	1.185	1.195	16
14.09.2022 00:00	1.185	1.205	1.185	1.205	71
15.09.2022 00:00	1.185	1.215	1.185	1.215	83
16.09.2022 00:00	1.215	1.3900000000000001	1.205	1.225	2728
19.09.2022 00:00	1.195	1.23	1.195	1.215	268
20.09.2022 00:00	1.215	1.23	1.175	1.185	245
21.09.2022 00:00	1.155	1.185	1.125	1.125	83
22.09.2022 00:00	1.175	1.175	1.175	1.175	76
23.09.2022 00:00	1.175	1.175	1.1	1.155	47
26.09.2022 00:00	1.155	1.155	0.995	1.09	156
27.09.2022 00:00	1.145	1.145	1.04	1.05	966
28.09.2022 00:00	1.01	1.1	1.0050000000000001	1.05	130
29.09.2022 00:00	1.04	1.07	1.04	1.04	8
30.09.2022 00:00	1.05	1.09	1.0	1.02	78
03.10.2022 00:00	1.1	1.1	1.03	1.08	24
04.10.2022 00:00	1.125	1.1400000000000001	1.05	1.12	34
05.10.2022 00:00	1.08	1.1300000000000001	1.07	1.1300000000000001	53
06.10.2022 00:00	1.125	1.125	1.07	1.09	39
07.10.2022 00:00	1.07	1.07	1.05	1.07	16
10.10.2022 00:00	1.07	1.165	1.05	1.155	196
11.10.2022 00:00	1.1	1.215	1.09	1.145	48
12.10.2022 00:00	1.12	1.185	1.12	1.125	36
13.10.2022 00:00	1.155	1.175	1.155	1.155	94
14.10.2022 00:00	1.1300000000000001	1.155	1.12	1.145	81
17.10.2022 00:00	1.145	1.165	1.1400000000000001	1.165	22
18.10.2022 00:00	1.145	1.165	1.145	1.165	48
19.10.2022 00:00	1.1400000000000001	1.165	1.1400000000000001	1.155	12
20.10.2022 00:00	1.165	1.175	1.165	1.175	6
21.10.2022 00:00	1.185	1.195	1.165	1.195	237
24.10.2022 00:00	1.195	1.31	1.185	1.195	967
25.10.2022 00:00	1.205	1.225	1.185	1.215	47
26.10.2022 00:00	1.185	1.27	1.175	1.225	384
27.10.2022 00:00	1.2650000000000001	1.29	1.185	1.225	202
28.10.2022 00:00	1.215	1.225	1.215	1.225	74
31.10.2022 00:00	1.235	1.27	1.205	1.235	134
01.11.2022 00:00	1.235	1.235	1.225	1.225	14
02.11.2022 00:00	1.245	1.245	1.225	1.225	7
03.11.2022 00:00	1.225	1.225	1.215	1.225	15
07.11.2022 00:00	1.225	1.235	1.225	1.235	29
08.11.2022 00:00	1.23	1.2650000000000001	1.205	1.215	296
09.11.2022 00:00	1.225	1.225	1.215	1.215	35
10.11.2022 00:00	1.27	1.475	1.245	1.2650000000000001	1658
11.11.2022 00:00	1.2650000000000001	1.29	1.205	1.225	178
14.11.2022 00:00	1.235	1.235	1.215	1.23	44
15.11.2022 00:00	1.235	1.235	1.235	1.235	1
16.11.2022 00:00	1.225	1.225	1.195	1.225	110
17.11.2022 00:00	1.215	1.23	1.205	1.23	11
18.11.2022 00:00	1.215	1.23	1.205	1.215	286
21.11.2022 00:00	1.185	1.2650000000000001	1.185	1.215	34
22.11.2022 00:00	1.215	1.235	1.195	1.235	33
23.11.2022 00:00	1.215	1.225	1.205	1.215	218
24.11.2022 00:00	1.205	1.225	1.205	1.225	7
25.11.2022 00:00	1.205	1.225	1.185	1.225	447
28.11.2022 00:00	1.225	1.25	1.185	1.205	239
29.11.2022 00:00	1.205	1.215	1.195	1.195	125
30.11.2022 00:00	1.225	1.23	1.195	1.195	63
01.12.2022 00:00	1.2650000000000001	1.27	1.165	1.195	313
02.12.2022 00:00	1.215	1.28	1.195	1.205	228
05.12.2022 00:00	1.195	1.225	1.195	1.205	16
06.12.2022 00:00	1.195	1.205	1.185	1.185	57
07.12.2022 00:00	1.185	1.195	1.185	1.195	21
08.12.2022 00:00	1.185	1.195	1.175	1.175	11
09.12.2022 00:00	1.195	1.195	1.195	1.195	13
12.12.2022 00:00	1.225	1.225	1.175	1.175	12
13.12.2022 00:00	1.245	1.245	1.175	1.175	100
14.12.2022 00:00	1.235	1.235	1.185	1.195	16
15.12.2022 00:00	1.215	1.215	1.155	1.155	61
16.12.2022 00:00	1.215	1.215	1.145	1.155	62
19.12.2022 00:00	1.165	1.23	1.165	1.215	112
20.12.2022 00:00	1.225	1.225	1.185	1.205	22
21.12.2022 00:00	1.185	1.205	1.155	1.185	109
22.12.2022 00:00	1.165	1.205	1.155	1.195	81
23.12.2022 00:00	1.195	1.195	1.195	1.195	19
26.12.2022 00:00	1.225	1.225	1.195	1.195	24
27.12.2022 00:00	1.195	1.205	1.195	1.205	16
28.12.2022 00:00	1.205	1.205	1.205	1.205	1
29.12.2022 00:00	1.205	1.23	1.195	1.215	41
30.12.2022 00:00	1.195	1.225	1.165	1.205	33
03.01.2023 00:00	1.195	1.225	1.185	1.225	57
04.01.2023 00:00	1.195	1.235	1.195	1.205	93
05.01.2023 00:00	1.23	1.23	1.195	1.215	27
06.01.2023 00:00	1.205	1.235	1.195	1.225	165
09.01.2023 00:00	1.245	1.2650000000000001	1.205	1.225	141
10.01.2023 00:00	1.2650000000000001	1.2650000000000001	1.225	1.23	24
11.01.2023 00:00	1.225	1.29	1.205	1.25	159
12.01.2023 00:00	1.235	1.29	1.235	1.25	91
13.01.2023 00:00	1.2550000000000001	1.29	1.25	1.2550000000000001	71
16.01.2023 00:00	1.2650000000000001	1.32	1.2650000000000001	1.28	110
17.01.2023 00:00	1.29	1.3	1.2650000000000001	1.2650000000000001	177
18.01.2023 00:00	1.2650000000000001	1.28	1.195	1.2550000000000001	343
19.01.2023 00:00	1.235	1.495	1.225	1.23	2047
20.01.2023 00:00	1.23	1.34	1.225	1.245	710
23.01.2023 00:00	1.245	1.33	1.23	1.2650000000000001	313
24.01.2023 00:00	1.31	1.435	1.2650000000000001	1.3	1066
25.01.2023 00:00	1.29	1.29	1.2650000000000001	1.27	37
26.01.2023 00:00	1.27	1.3	1.2650000000000001	1.3	59
27.01.2023 00:00	1.27	1.31	1.2550000000000001	1.28	225
30.01.2023 00:00	1.28	1.28	1.25	1.28	28
31.01.2023 00:00	1.2550000000000001	1.29	1.235	1.29	239
01.02.2023 00:00	1.27	1.29	1.2650000000000001	1.2650000000000001	24
02.02.2023 00:00	1.27	1.29	1.2650000000000001	1.29	61
03.02.2023 00:00	1.2650000000000001	1.28	1.25	1.27	246
06.02.2023 00:00	1.28	1.28	1.2650000000000001	1.28	47
07.02.2023 00:00	1.28	1.31	1.2650000000000001	1.3	73
08.02.2023 00:00	1.31	1.35	1.2650000000000001	1.28	195
09.02.2023 00:00	1.28	1.3	1.2650000000000001	1.3	118
10.02.2023 00:00	1.3	1.3	1.245	1.3	170
13.02.2023 00:00	1.3	1.31	1.29	1.29	71
14.02.2023 00:00	1.31	1.31	1.2650000000000001	1.27	223
15.02.2023 00:00	1.27	1.6	1.27	1.31	2335
16.02.2023 00:00	1.31	1.405	1.2550000000000001	1.3	679
17.02.2023 00:00	1.29	1.31	1.28	1.29	67
20.02.2023 00:00	1.29	1.3	1.245	1.28	329
21.02.2023 00:00	1.28	1.3	1.2550000000000001	1.27	122
22.02.2023 00:00	1.28	1.35	1.28	1.3	174
24.02.2023 00:00	1.33	1.33	1.29	1.29	48
27.02.2023 00:00	1.31	1.31	1.28	1.3	18
28.02.2023 00:00	1.3	1.35	1.2650000000000001	1.29	210
01.03.2023 00:00	1.31	1.34	1.3	1.31	102
02.03.2023 00:00	1.32	1.32	1.3	1.32	74
03.03.2023 00:00	1.31	1.415	1.31	1.33	1038
06.03.2023 00:00	1.35	1.695	1.35	1.495	7574
07.03.2023 00:00	1.58	1.58	1.395	1.455	751
09.03.2023 00:00	1.465	1.465	1.415	1.445	425
10.03.2023 00:00	1.425	1.435	1.405	1.415	239
13.03.2023 00:00	1.435	1.445	1.395	1.415	123
14.03.2023 00:00	1.435	1.435	1.4000000000000001	1.4000000000000001	59
15.03.2023 00:00	1.435	1.435	1.37	1.3800000000000001	175
16.03.2023 00:00	1.3900000000000001	1.425	1.37	1.3800000000000001	143
17.03.2023 00:00	1.3800000000000001	1.395	1.37	1.375	106
20.03.2023 00:00	1.37	1.395	1.37	1.3900000000000001	53
21.03.2023 00:00	1.415	1.415	1.375	1.3800000000000001	188
22.03.2023 00:00	1.3800000000000001	1.3900000000000001	1.375	1.3800000000000001	59
23.03.2023 00:00	1.395	1.415	1.3900000000000001	1.415	176
24.03.2023 00:00	1.425	1.485	1.4000000000000001	1.445	212
27.03.2023 00:00	1.485	1.495	1.445	1.455	591
28.03.2023 00:00	1.495	1.58	1.455	1.5050000000000001	1249
29.03.2023 00:00	1.5050000000000001	1.54	1.485	1.485	210
30.03.2023 00:00	1.475	1.5150000000000001	1.475	1.475	150
31.03.2023 00:00	1.485	1.485	1.425	1.445	210
03.04.2023 00:00	1.445	1.5350000000000001	1.445	1.495	191
04.04.2023 00:00	1.5050000000000001	1.5250000000000001	1.5	1.5150000000000001	25
05.04.2023 00:00	1.5150000000000001	1.5350000000000001	1.495	1.5150000000000001	56
06.04.2023 00:00	1.5050000000000001	1.55	1.485	1.5050000000000001	258
07.04.2023 00:00	1.5050000000000001	1.55	1.485	1.495	267
10.04.2023 00:00	1.5050000000000001	1.645	1.495	1.54	1833
11.04.2023 00:00	1.55	1.68	1.54	1.54	1701
12.04.2023 00:00	1.55	1.585	1.54	1.56	92
13.04.2023 00:00	1.58	1.6	1.54	1.56	83
14.04.2023 00:00	1.56	1.665	1.495	1.54	235
17.04.2023 00:00	1.5050000000000001	1.6	1.5050000000000001	1.58	338
18.04.2023 00:00	1.58	1.6	1.54	1.56	157
19.04.2023 00:00	1.555	1.62	1.5150000000000001	1.54	529
20.04.2023 00:00	1.54	1.83	1.54	1.6300000000000001	9651
21.04.2023 00:00	1.68	1.725	1.58	1.605	2253
24.04.2023 00:00	1.605	2.25	1.56	2.25	15604
25.04.2023 00:00	2.25	2.895	2.125	2.24	16312
26.04.2023 00:00	2.355	2.45	2.1	2.145	2835
27.04.2023 00:00	2.14	2.64	2.1	2.395	9886
28.04.2023 00:00	2.395	2.475	2.16	2.285	1033
02.05.2023 00:00	2.295	2.295	2.02	2.2	1129
03.05.2023 00:00	2.1	2.41	2.065	2.085	2186
04.05.2023 00:00	2.16	2.16	2.085	2.1	187
05.05.2023 00:00	2.1	2.395	2.1	2.115	3341
08.05.2023 00:00	2.185	2.22	2.025	2.115	505
10.05.2023 00:00	2.085	2.22	2.085	2.18	821
11.05.2023 00:00	2.2	2.255	2.125	2.24	488
12.05.2023 00:00	2.24	2.265	2.145	2.2	586
15.05.2023 00:00	2.225	2.24	2.2	2.24	194
16.05.2023 00:00	2.24	2.245	2.14	2.185	627
17.05.2023 00:00	2.185	3.06	2.185	3.06	11352
18.05.2023 00:00	3.37	4.125	3.025	3.125	18927
19.05.2023 00:00	3.265	3.59	2.41	2.64	14164
22.05.2023 00:00	2.66	2.745	2.495	2.535	1443
23.05.2023 00:00	2.54	2.585	2.435	2.495	1640
24.05.2023 00:00	2.545	2.68	2.43	2.535	932
25.05.2023 00:00	2.54	2.625	2.5	2.59	855
26.05.2023 00:00	2.59	2.645	2.565	2.615	531
29.05.2023 00:00	2.615	2.645	2.565	2.6	466
30.05.2023 00:00	2.565	2.73	2.565	2.62	1421
31.05.2023 00:00	2.605	2.84	2.58	2.645	2323
01.06.2023 00:00	2.625	3.04	2.62	2.855	8188
02.06.2023 00:00	2.95	2.95	2.74	2.805	1944
05.06.2023 00:00	2.7800000000000002	2.83	2.62	2.71	1414
06.06.2023 00:00	2.715	2.725	2.495	2.725	1001
07.06.2023 00:00	2.715	2.765	2.66	2.7	258
08.06.2023 00:00	2.68	2.715	2.6	2.67	528
09.06.2023 00:00	2.68	2.74	2.6	2.66	318
13.06.2023 00:00	2.715	2.745	2.665	2.7	363
14.06.2023 00:00	2.745	2.99	2.745	2.87	5991
15.06.2023 00:00	2.895	2.93	2.795	2.83	872
16.06.2023 00:00	2.835	3.08	2.765	2.83	2821
19.06.2023 00:00	2.93	2.93	2.7800000000000002	2.875	1431
20.06.2023 00:00	2.875	2.93	2.745	2.855	1284
21.06.2023 00:00	2.89	2.89	2.83	2.83	859
22.06.2023 00:00	2.89	2.895	2.715	2.835	875
23.06.2023 00:00	2.745	2.835	2.745	2.795	328
26.06.2023 00:00	2.715	2.795	2.715	2.795	729
27.06.2023 00:00	2.81	2.915	2.795	2.895	1055
28.06.2023 00:00	2.915	2.935	2.83	2.85	604
29.06.2023 00:00	2.85	2.85	2.825	2.84	115
30.06.2023 00:00	2.85	2.85	2.805	2.85	708
03.07.2023 00:00	2.85	3.1	2.805	2.93	5160
04.07.2023 00:00	2.955	3.16	2.6	2.9050000000000002	5280
05.07.2023 00:00	2.94	2.94	2.805	2.83	1349
06.07.2023 00:00	2.745	2.91	2.71	2.805	1265
07.07.2023 00:00	2.715	2.93	2.715	2.835	1575
10.07.2023 00:00	2.89	2.975	2.87	2.91	832
11.07.2023 00:00	2.875	2.99	2.87	2.975	1018
12.07.2023 00:00	2.98	3.08	2.91	3.065	1995
13.07.2023 00:00	3.065	3.105	2.93	3.065	2655
14.07.2023 00:00	3.065	3.4050000000000002	3.035	3.125	9656
17.07.2023 00:00	2.895	3.14	2.895	3.08	2316
18.07.2023 00:00	3.08	3.145	3.06	3.12	891
19.07.2023 00:00	3.185	3.185	3.06	3.18	988
20.07.2023 00:00	3.205	3.45	3.14	3.2800000000000002	4574
21.07.2023 00:00	3.38	3.41	3.145	3.265	1847
24.07.2023 00:00	3.22	3.295	3.2	3.295	1263
25.07.2023 00:00	3.295	3.295	3.24	3.2800000000000002	959
26.07.2023 00:00	3.2800000000000002	3.2800000000000002	3.205	3.255	849
27.07.2023 00:00	3.245	3.37	3.245	3.315	1733
28.07.2023 00:00	3.35	3.37	3.295	3.33	697
31.07.2023 00:00	3.335	3.475	3.295	3.395	1667
01.08.2023 00:00	3.45	3.575	3.41	3.495	3558
02.08.2023 00:00	3.58	3.58	3.38	3.45	2253
03.08.2023 00:00	3.45	3.59	3.45	3.585	1822
04.08.2023 00:00	3.58	3.6	3.17	3.395	3488
07.08.2023 00:00	3.495	3.74	3.295	3.68	5069
08.08.2023 00:00	3.7	4.745	3.455	4.465	12426
09.08.2023 00:00	4.61	5.945	4.48	5.38	18524
10.08.2023 00:00	5.705	5.745	3.615	4.19	13970
11.08.2023 00:00	3.98	4.4	3.7800000000000002	4.245	2059
14.08.2023 00:00	4.245	4.375	3.995	4.15	2084
15.08.2023 00:00	4.345	4.62	3.995	4.17	4611
16.08.2023 00:00	4.17	4.23	3.6	3.795	2188
17.08.2023 00:00	3.935	3.995	3.62	3.74	1060
18.08.2023 00:00	3.795	3.895	3.625	3.895	1001
21.08.2023 00:00	3.935	4.215	3.93	4.18	1983
22.08.2023 00:00	4.285	4.505	4.125	4.47	3545
23.08.2023 00:00	4.515	4.545	4.265	4.375	1463
24.08.2023 00:00	4.33	4.345	4.095	4.335	1023
25.08.2023 00:00	4.4	4.7	4.32	4.47	2834
28.08.2023 00:00	4.55	4.9	4.47	4.835	3883
29.08.2023 00:00	4.995	4.995	4.62	4.78	1540
30.08.2023 00:00	4.78	4.835	4.545	4.695	1088
31.08.2023 00:00	4.795	4.795	4.4	4.595	1123
01.09.2023 00:00	4.65	4.745	4.505	4.73	776
04.09.2023 00:00	4.745	4.82	4.585	4.745	2298
05.09.2023 00:00	4.795	5.45	4.73	5.325	11505
06.09.2023 00:00	5.325	5.4	4.845	5.115	4872
07.09.2023 00:00	5.115	5.36	3.895	4.74	4557
08.09.2023 00:00	4.915	5.095	4.345	4.595	1564
11.09.2023 00:00	4.675	4.845	4.47	4.665	796
12.09.2023 00:00	4.785	4.785	4.525	4.745	629
13.09.2023 00:00	4.745	4.955	4.45	4.62	1022
14.09.2023 00:00	4.73	4.73	3.79	4.075	1949
15.09.2023 00:00	4.105	4.965	3.995	4.455	2795
18.09.2023 00:00	4.65	4.65	4.295	4.345	916
19.09.2023 00:00	4.595	4.595	4.095	4.175	864
20.09.2023 00:00	4.175	4.175	3.555	3.975	1541
21.09.2023 00:00	3.725	4.035	3.66	3.89	560
22.09.2023 00:00	3.995	4.295	3.62	4.055	1902
25.09.2023 00:00	4.065	4.075	3.915	4.015	518
26.09.2023 00:00	4.015	4.16	3.795	3.895	604
27.09.2023 00:00	3.93	4.115	3.765	3.99	1527
28.09.2023 00:00	4.105	4.11	3.895	4.015	323
29.09.2023 00:00	3.95	4.045	3.835	3.935	478
02.10.2023 00:00	3.975	3.99	3.93	3.99	637
03.10.2023 00:00	3.99	4.005	3.9050000000000002	3.995	291
04.10.2023 00:00	3.895	4.045	3.895	4.03	295
05.10.2023 00:00	4.035	4.18	3.91	4.15	519
06.10.2023 00:00	4.15	4.19	3.895	4.125	519
09.10.2023 00:00	4.095	4.165	3.995	4.08	238
10.10.2023 00:00	4.03	4.13	4.03	4.12	269
11.10.2023 00:00	4.13	4.285	4.11	4.15	786
12.10.2023 00:00	4.15	4.24	3.995	4.16	861
13.10.2023 00:00	4.165	4.295	4.165	4.265	765
16.10.2023 00:00	4.32	4.445	4.265	4.37	484
17.10.2023 00:00	4.37	4.495	4.37	4.465	422
18.10.2023 00:00	4.465	4.53	4.405	4.495	519
19.10.2023 00:00	4.51	4.51	4.295	4.4	309
20.10.2023 00:00	4.375	4.425	3.95	4.07	738
23.10.2023 00:00	4.085	4.34	4.005	4.095	902
24.10.2023 00:00	4.115	4.245	4.07	4.18	275
25.10.2023 00:00	4.085	4.37	4.055	4.2	697
26.10.2023 00:00	4.2	4.33	4.005	4.14	405
27.10.2023 00:00	4.095	4.135	4.015	4.11	315
30.10.2023 00:00	4.035	4.285	4.015	4.165	1835
31.10.2023 00:00	4.125	4.165	4.04	4.11	347
01.11.2023 00:00	4.075	4.15	3.95	4.075	399
02.11.2023 00:00	4.05	4.09	3.995	4.075	133
03.11.2023 00:00	4.07	4.295	4.0	4.085	1024
06.11.2023 00:00	4.015	4.11	4.015	4.065	165
07.11.2023 00:00	4.075	4.135	4.03	4.105	496
08.11.2023 00:00	4.14	4.15	4.03	4.03	211
09.11.2023 00:00	4.05	4.08	3.7	3.765	405
10.11.2023 00:00	3.875	4.125	3.725	3.725	1572
13.11.2023 00:00	3.84	4.345	3.395	3.67	3563
14.11.2023 00:00	3.66	3.7	2.855	3.1	2638
15.11.2023 00:00	3.1	3.575	3.1	3.39	1440
16.11.2023 00:00	3.475	3.64	3.37	3.5	1084
17.11.2023 00:00	3.49	3.645	3.49	3.6	738
20.11.2023 00:00	3.66	3.68	3.5	3.515	160
21.11.2023 00:00	3.505	3.505	3.265	3.42	342
22.11.2023 00:00	3.4050000000000002	3.43	3.265	3.37	1812
23.11.2023 00:00	3.395	3.475	3.16	3.18	992
24.11.2023 00:00	3.18	3.29	3.14	3.16	259
27.11.2023 00:00	3.19	3.19	2.89	2.995	2184
28.11.2023 00:00	2.93	3.2800000000000002	2.91	3.255	1096
29.11.2023 00:00	3.255	3.375	3.245	3.315	692
30.11.2023 00:00	3.255	3.395	3.255	3.31	203
01.12.2023 00:00	3.33	3.39	3.115	3.19	470
04.12.2023 00:00	3.14	3.295	3.005	3.02	912
05.12.2023 00:00	3.015	3.1	3.0	3.0	378
06.12.2023 00:00	3.055	3.185	3.045	3.055	245
07.12.2023 00:00	3.055	3.065	2.94	2.99	260
08.12.2023 00:00	3.005	3.18	2.975	3.065	529
11.12.2023 00:00	3.055	3.055	2.91	2.91	456
12.12.2023 00:00	2.935	3.095	2.85	2.98	833
13.12.2023 00:00	2.995	3.205	2.99	3.0	781
14.12.2023 00:00	3.015	3.085	2.93	2.93	637
15.12.2023 00:00	2.975	3.04	2.89	3.04	346
18.12.2023 00:00	2.99	3.165	2.99	3.065	296
19.12.2023 00:00	3.13	3.16	3.095	3.145	74
20.12.2023 00:00	3.145	3.29	3.095	3.225	408
21.12.2023 00:00	3.24	3.33	3.095	3.145	558
22.12.2023 00:00	3.21	3.21	3.1	3.125	398
25.12.2023 00:00	3.1	3.205	3.005	3.1	732
26.12.2023 00:00	3.115	3.145	3.0	3.0	183
27.12.2023 00:00	3.015	3.035	2.99	2.995	168
28.12.2023 00:00	2.995	3.035	2.965	2.99	187
29.12.2023 00:00	2.99	3.04	2.95	3.015	295
03.01.2024 00:00	3.015	3.015	3.005	3.015	842
04.01.2024 00:00	3.015	3.12	3.005	3.095	554
05.01.2024 00:00	3.085	3.27	3.025	3.125	1256
08.01.2024 00:00	3.16	3.2800000000000002	3.115	3.23	432
09.01.2024 00:00	3.245	3.6550000000000002	3.18	3.555	4127
10.01.2024 00:00	3.79	4.03	3.495	3.745	3725
11.01.2024 00:00	3.79	3.84	3.41	3.63	2367
12.01.2024 00:00	3.64	3.7	3.52	3.545	639
15.01.2024 00:00	3.625	3.85	3.545	3.62	1535
16.01.2024 00:00	3.62	3.62	3.45	3.535	1308
17.01.2024 00:00	3.535	3.66	3.495	3.515	1142
18.01.2024 00:00	3.505	3.62	3.37	3.585	1020
19.01.2024 00:00	3.615	3.67	3.43	3.605	1129
22.01.2024 00:00	3.64	3.66	3.535	3.615	445
23.01.2024 00:00	3.605	3.94	3.605	3.785	1474
24.01.2024 00:00	3.935	3.99	3.7	3.83	1911
25.01.2024 00:00	3.83	3.83	3.685	3.755	660
26.01.2024 00:00	3.77	4.01	3.77	3.87	1955
29.01.2024 00:00	3.99	4.095	3.895	3.975	1603
30.01.2024 00:00	3.93	4.03	3.805	3.85	921
31.01.2024 00:00	3.835	3.94	3.7	3.795	1494
01.02.2024 00:00	3.815	3.995	3.77	3.795	759
02.02.2024 00:00	3.785	3.87	3.745	3.745	231
05.02.2024 00:00	3.745	3.94	3.715	3.745	874
06.02.2024 00:00	3.71	3.785	3.605	3.71	1020
07.02.2024 00:00	3.725	3.83	3.665	3.68	940
08.02.2024 00:00	3.795	3.825	3.59	3.63	847
09.02.2024 00:00	3.68	3.685	3.515	3.555	589
12.02.2024 00:00	3.515	3.585	3.41	3.5	593
13.02.2024 00:00	3.5	3.6	3.495	3.565	204
14.02.2024 00:00	3.58	3.62	3.42	3.505	456
15.02.2024 00:00	3.515	3.535	3.45	3.475	608
16.02.2024 00:00	3.495	3.565	3.44	3.48	334
19.02.2024 00:00	3.48	3.585	3.455	3.46	583
20.02.2024 00:00	3.475	3.475	3.355	3.45	651
21.02.2024 00:00	3.45	3.45	3.295	3.4050000000000002	547
22.02.2024 00:00	3.37	3.44	3.335	3.35	74
26.02.2024 00:00	3.44	3.48	3.43	3.455	199
27.02.2024 00:00	3.495	3.495	3.34	3.45	309
28.02.2024 00:00	3.43	3.49	3.365	3.45	541
29.02.2024 00:00	3.45	3.49	3.35	3.4050000000000002	196
01.03.2024 00:00	3.41	3.52	3.41	3.475	175
04.03.2024 00:00	3.505	3.56	3.43	3.5	363
05.03.2024 00:00	3.5	3.535	3.43	3.495	265
06.03.2024 00:00	3.495	3.645	3.43	3.46	657
07.03.2024 00:00	3.475	3.545	3.355	3.415	462
11.03.2024 00:00	3.39	3.43	3.355	3.41	296
12.03.2024 00:00	3.41	3.475	3.295	3.465	476
13.03.2024 00:00	3.46	3.6	3.4050000000000002	3.475	958
14.03.2024 00:00	3.43	3.5	3.375	3.39	454
15.03.2024 00:00	3.42	3.44	3.395	3.395	139
18.03.2024 00:00	3.45	3.45	3.33	3.38	461
19.03.2024 00:00	3.37	3.495	3.37	3.37	373
20.03.2024 00:00	3.45	3.45	3.37	3.37	124
21.03.2024 00:00	3.375	3.41	3.37	3.4050000000000002	44
22.03.2024 00:00	3.43	3.43	3.355	3.37	161
25.03.2024 00:00	3.355	3.37	3.225	3.295	925
26.03.2024 00:00	3.285	3.67	3.285	3.475	2222
27.03.2024 00:00	3.465	3.5300000000000002	3.43	3.495	420
28.03.2024 00:00	3.5300000000000002	3.77	3.5	3.64	2431
29.03.2024 00:00	3.7	4.135	3.7	3.825	8131
01.04.2024 00:00	3.835	3.95	3.68	3.71	1649
02.04.2024 00:00	3.71	3.795	3.6	3.67	1437
03.04.2024 00:00	3.7	4.44	3.665	4.245	11315
04.04.2024 00:00	4.305	4.62	4.025	4.235	6215
05.04.2024 00:00	4.36	4.46	4.18	4.285	1235
08.04.2024 00:00	4.285	4.59	4.285	4.415	1827
09.04.2024 00:00	4.415	4.495	4.16	4.2	1180
10.04.2024 00:00	4.265	4.36	4.215	4.305	738
11.04.2024 00:00	4.33	4.485	4.315	4.4	615
12.04.2024 00:00	4.47	4.47	4.4	4.4	710
15.04.2024 00:00	4.41	4.7	4.215	4.5	2108
16.04.2024 00:00	4.5	5.07	4.24	4.76	16125
17.04.2024 00:00	4.785	4.9	4.515	4.65	2399
18.04.2024 00:00	4.65	4.83	4.43	4.525	1110
19.04.2024 00:00	4.525	4.595	4.34	4.48	1106
22.04.2024 00:00	4.54	5.45	4.515	4.9350000000000005	15447
23.04.2024 00:00	4.995	5.075	4.65	4.915	2388
24.04.2024 00:00	4.825	4.955	4.76	4.79	641
25.04.2024 00:00	4.9	5.2	4.6850000000000005	4.72	4417
26.04.2024 00:00	4.945	4.99	4.7	4.89	1438
27.04.2024 00:00	4.945	4.965	4.295	4.36	7264
29.04.2024 00:00	4.365	4.45	4.105	4.285	2896
30.04.2024 00:00	4.295	4.295	4.11	4.14	924
02.05.2024 00:00	4.155	4.2	3.995	4.11	1023
03.05.2024 00:00	4.11	4.255	4.035	4.2	1587
06.05.2024 00:00	4.2	4.245	4.035	4.13	803
07.05.2024 00:00	4.19	4.19	3.955	4.04	1055
08.05.2024 00:00	4.035	4.105	3.9650000000000003	4.04	581
10.05.2024 00:00	4.085	4.085	4.07	4.085	159
13.05.2024 00:00	4.045	4.17	4.045	4.08	625
14.05.2024 00:00	4.08	4.175	4.07	4.095	404
15.05.2024 00:00	4.135	4.16	3.9650000000000003	4.055	809
16.05.2024 00:00	4.09	4.135	3.95	4.065	787
17.05.2024 00:00	4.125	4.135	3.955	4.0	224
20.05.2024 00:00	4.0	4.075	3.855	3.89	609
21.05.2024 00:00	3.89	3.95	3.705	3.81	1327
22.05.2024 00:00	3.835	3.96	3.815	3.95	591
23.05.2024 00:00	3.95	3.99	3.805	3.875	562
24.05.2024 00:00	3.875	3.875	3.7	3.71	325
27.05.2024 00:00	3.71	3.71	3.605	3.625	545
28.05.2024 00:00	3.62	4.105	3.62	3.7800000000000002	761
29.05.2024 00:00	3.795	3.87	3.79	3.79	587
30.05.2024 00:00	3.805	3.805	3.625	3.715	246
31.05.2024 00:00	3.715	3.715	3.435	3.505	645
03.06.2024 00:00	3.575	3.66	3.33	3.45	748
04.06.2024 00:00	3.495	3.77	3.495	3.69	716
05.06.2024 00:00	3.75	3.93	3.75	3.89	770
06.06.2024 00:00	3.94	4.04	3.74	3.745	1280
07.06.2024 00:00	3.795	3.85	3.755	3.805	256
10.06.2024 00:00	3.785	3.995	3.785	3.855	472
11.06.2024 00:00	3.865	3.94	3.825	3.835	683
13.06.2024 00:00	3.79	3.79	3.48	3.715	577
14.06.2024 00:00	3.715	3.84	3.505	3.64	2191
17.06.2024 00:00	3.64	3.755	3.285	3.465	3621
18.06.2024 00:00	3.335	3.41	3.29	3.335	1299
19.06.2024 00:00	3.375	3.375	3.285	3.285	503
20.06.2024 00:00	3.285	3.39	3.145	3.245	1032
21.06.2024 00:00	3.25	3.29	3.225	3.265	175
24.06.2024 00:00	3.27	3.2800000000000002	3.205	3.27	198
25.06.2024 00:00	3.27	3.27	3.16	3.205	169
26.06.2024 00:00	3.245	3.25	3.17	3.19	318
27.06.2024 00:00	3.19	3.285	3.19	3.265	347
28.06.2024 00:00	3.255	3.265	3.225	3.265	118
01.07.2024 00:00	3.265	3.285	3.22	3.225	208
02.07.2024 00:00	3.225	3.305	3.225	3.265	605
03.07.2024 00:00	3.27	3.465	3.265	3.41	1660
04.07.2024 00:00	3.455	3.575	3.33	3.45	972
05.07.2024 00:00	3.535	3.535	3.34	3.475	681
08.07.2024 00:00	3.435	3.515	3.395	3.41	121
09.07.2024 00:00	3.455	3.495	3.185	3.305	576
10.07.2024 00:00	3.225	3.29	3.18	3.18	1272
11.07.2024 00:00	3.18	3.295	3.18	3.185	282
12.07.2024 00:00	3.495	3.665	3.1	3.2	1571
15.07.2024 00:00	3.15	3.285	3.035	3.2	542
16.07.2024 00:00	3.12	3.145	3.1	3.1	145
17.07.2024 00:00	3.17	3.17	3.125	3.145	38
18.07.2024 00:00	3.165	3.31	3.165	3.21	165
19.07.2024 00:00	3.24	3.295	3.14	3.265	495
22.07.2024 00:00	3.34	3.34	3.12	3.225	373
23.07.2024 00:00	3.205	3.265	3.205	3.265	125
24.07.2024 00:00	3.27	3.325	3.23	3.23	105
25.07.2024 00:00	3.205	3.265	3.205	3.22	73
26.07.2024 00:00	3.22	3.2800000000000002	3.205	3.265	176
29.07.2024 00:00	3.265	3.265	3.18	3.205	43
30.07.2024 00:00	3.25	3.285	3.21	3.21	72
31.07.2024 00:00	3.245	3.305	3.12	3.265	542
01.08.2024 00:00	3.265	3.43	3.24	3.25	703
02.08.2024 00:00	3.245	3.295	3.15	3.24	678
05.08.2024 00:00	3.23	3.23	3.005	3.1	1825
06.08.2024 00:00	3.065	3.12	3.025	3.1	478
07.08.2024 00:00	3.115	3.115	3.035	3.055	184
08.08.2024 00:00	3.105	3.12	3.075	3.075	35
09.08.2024 00:00	3.095	3.14	3.035	3.08	299
12.08.2024 00:00	3.035	3.1	3.035	3.1	141
13.08.2024 00:00	3.1	3.39	3.1	3.295	1404
14.08.2024 00:00	3.33	3.415	3.225	3.24	305
15.08.2024 00:00	3.315	3.39	3.23	3.245	265
16.08.2024 00:00	3.285	3.39	3.255	3.34	299
19.08.2024 00:00	3.335	3.34	3.04	3.045	450
20.08.2024 00:00	3.08	3.19	3.045	3.095	296
21.08.2024 00:00	3.065	3.14	3.055	3.14	466
22.08.2024 00:00	3.17	3.17	3.045	3.055	335
23.08.2024 00:00	3.055	3.075	3.0	3.005	172
26.08.2024 00:00	3.06	3.145	3.02	3.055	107
27.08.2024 00:00	3.075	3.21	3.065	3.065	221
28.08.2024 00:00	3.075	3.125	3.025	3.1	124
29.08.2024 00:00	3.1	3.12	3.035	3.065	25
30.08.2024 00:00	3.075	3.105	2.96	3.015	197
02.09.2024 00:00	3.005	3.015	2.73	2.855	404
03.09.2024 00:00	2.875	2.91	2.83	2.875	78
04.09.2024 00:00	2.9050000000000002	2.975	2.85	2.975	78
05.09.2024 00:00	2.975	2.995	2.95	2.995	59
06.09.2024 00:00	2.965	2.975	2.92	2.93	63
09.09.2024 00:00	2.95	3.045	2.9050000000000002	3.025	348
10.09.2024 00:00	2.99	3.17	2.825	3.08	970
11.09.2024 00:00	3.085	3.205	3.08	3.08	311
12.09.2024 00:00	3.08	3.105	3.015	3.015	68
13.09.2024 00:00	3.045	3.095	2.77	2.975	1101
16.09.2024 00:00	2.99	3.085	2.975	2.995	207
17.09.2024 00:00	3.08	3.08	2.955	3.025	328
18.09.2024 00:00	3.035	3.06	2.975	3.035	158
19.09.2024 00:00	3.035	3.045	2.96	2.995	243
20.09.2024 00:00	2.975	3.055	2.965	3.0	327
23.09.2024 00:00	3.035	3.035	2.935	3.025	327
24.09.2024 00:00	3.025	3.08	3.025	3.045	118
25.09.2024 00:00	3.075	3.075	3.025	3.055	98
26.09.2024 00:00	3.035	3.055	2.9050000000000002	3.025	437
27.09.2024 00:00	3.0	3.045	2.995	3.035	130
30.09.2024 00:00	3.02	3.04	2.975	2.98	88
01.10.2024 00:00	2.965	2.995	2.805	2.83	2255
02.10.2024 00:00	2.835	2.99	2.835	2.85	941
03.10.2024 00:00	2.855	2.89	2.83	2.835	176
04.10.2024 00:00	2.835	2.88	2.83	2.875	55
07.10.2024 00:00	2.875	2.89	2.83	2.855	209
08.10.2024 00:00	2.89	3.0	2.83	2.89	370
09.10.2024 00:00	2.89	2.895	2.855	2.855	57
10.10.2024 00:00	2.89	2.895	2.87	2.87	37
11.10.2024 00:00	2.89	2.9050000000000002	2.805	2.815	161
14.10.2024 00:00	2.815	2.83	2.795	2.83	125
15.10.2024 00:00	2.83	2.895	2.83	2.85	91
16.10.2024 00:00	2.84	2.89	2.805	2.84	240
17.10.2024 00:00	2.85	2.875	2.81	2.85	141
18.10.2024 00:00	2.85	2.85	2.83	2.83	31
21.10.2024 00:00	2.83	2.965	2.815	2.855	242
22.10.2024 00:00	2.89	2.895	2.84	2.865	158
23.10.2024 00:00	2.85	2.87	2.785	2.84	296
24.10.2024 00:00	2.855	2.95	2.85	2.85	215
25.10.2024 00:00	2.865	2.865	2.7800000000000002	2.785	172
28.10.2024 00:00	2.785	2.815	2.765	2.765	190
29.10.2024 00:00	2.745	2.815	2.68	2.745	241
30.10.2024 00:00	2.74	2.89	2.74	2.825	187
31.10.2024 00:00	2.815	2.815	2.71	2.71	235
01.11.2024 00:00	2.745	2.765	2.665	2.74	116
02.11.2024 00:00	2.75	2.7800000000000002	2.705	2.745	47
05.11.2024 00:00	2.755	2.785	2.755	2.7800000000000002	45
06.11.2024 00:00	2.805	2.805	2.745	2.745	78
07.11.2024 00:00	2.7800000000000002	3.04	2.7800000000000002	2.975	2715
08.11.2024 00:00	2.995	3.015	2.975	2.99	266
11.11.2024 00:00	3.005	3.1	2.865	3.0	772
12.11.2024 00:00	2.995	3.0	2.91	2.99	318
13.11.2024 00:00	2.975	3.015	2.965	3.015	152
14.11.2024 00:00	3.015	3.035	2.98	3.015	237
15.11.2024 00:00	3.045	3.225	2.95	3.0	592
18.11.2024 00:00	2.995	2.995	2.895	2.94	366
19.11.2024 00:00	2.965	2.975	2.85	2.88	555
20.11.2024 00:00	2.93	2.995	2.895	2.92	177
21.11.2024 00:00	2.94	2.975	2.88	2.9050000000000002	100
22.11.2024 00:00	2.89	2.92	2.81	2.89	154
25.11.2024 00:00	2.895	2.915	2.85	2.87	65
26.11.2024 00:00	2.855	2.95	2.725	2.785	650
27.11.2024 00:00	2.785	2.825	2.645	2.81	393
28.11.2024 00:00	2.84	2.87	2.805	2.85	104
29.11.2024 00:00	2.87	2.895	2.805	2.825	100
02.12.2024 00:00	2.83	2.95	2.815	2.865	203
03.12.2024 00:00	2.87	2.87	2.785	2.85	138
04.12.2024 00:00	2.84	2.895	2.725	2.85	128
05.12.2024 00:00	2.77	2.85	2.765	2.83	44
06.12.2024 00:00	2.84	2.84	2.81	2.815	36
09.12.2024 00:00	2.85	2.85	2.825	2.825	23
10.12.2024 00:00	2.785	2.855	2.785	2.84	28
11.12.2024 00:00	2.79	2.795	2.79	2.795	22
12.12.2024 00:00	2.755	2.835	2.745	2.805	49
13.12.2024 00:00	2.7800000000000002	2.785	2.74	2.74	100
16.12.2024 00:00	2.7800000000000002	2.7800000000000002	2.67	2.7	357
17.12.2024 00:00	2.75	2.75	2.645	2.685	266
18.12.2024 00:00	2.7	2.705	2.67	2.68	39
19.12.2024 00:00	2.68	2.855	2.665	2.685	528
20.12.2024 00:00	2.705	2.84	2.705	2.725	453
23.12.2024 00:00	2.84	2.84	2.74	2.805	204
24.12.2024 00:00	2.805	2.83	2.745	2.795	148
25.12.2024 00:00	2.785	3.185	2.785	2.96	1965
26.12.2024 00:00	3.005	3.145	2.91	2.93	482
27.12.2024 00:00	3.08	3.1	2.87	2.955	511
28.12.2024 00:00	3.045	3.045	2.935	2.94	298
30.12.2024 00:00	2.955	3.105	2.87	3.045	784
03.01.2025 00:00	2.995	3.015	2.95	3.015	134
06.01.2025 00:00	2.955	2.995	2.89	2.995	65
08.01.2025 00:00	2.995	3.14	2.955	3.085	651
09.01.2025 00:00	3.085	3.12	2.975	2.995	445
10.01.2025 00:00	3.015	3.065	2.975	2.995	300
13.01.2025 00:00	3.055	3.125	2.995	3.085	777
14.01.2025 00:00	3.08	3.12	3.08	3.105	172
15.01.2025 00:00	3.105	3.12	3.08	3.08	116
16.01.2025 00:00	3.12	3.12	3.005	3.065	540
17.01.2025 00:00	3.015	3.1	2.935	3.095	928
20.01.2025 00:00	3.095	3.12	3.035	3.035	538
21.01.2025 00:00	3.095	3.105	3.015	3.035	290
22.01.2025 00:00	3.1	3.1	3.035	3.085	293
23.01.2025 00:00	3.105	3.45	3.045	3.205	5902
24.01.2025 00:00	3.205	3.35	3.035	3.095	1639
27.01.2025 00:00	3.14	3.2800000000000002	3.045	3.045	1049
28.01.2025 00:00	3.045	3.13	2.93	3.1	1218
29.01.2025 00:00	3.14	3.165	3.025	3.095	494
30.01.2025 00:00	3.125	3.125	3.025	3.08	115
31.01.2025 00:00	3.065	3.225	3.025	3.14	857
03.02.2025 00:00	3.165	3.185	2.98	3.085	670
04.02.2025 00:00	3.095	3.095	2.995	3.055	264
05.02.2025 00:00	3.015	3.08	2.955	3.08	331
06.02.2025 00:00	3.08	3.085	3.02	3.055	169
07.02.2025 00:00	3.065	3.065	2.96	3.04	306
10.02.2025 00:00	3.04	3.04	2.995	3.0	171
11.02.2025 00:00	3.005	3.055	3.0	3.04	124
12.02.2025 00:00	3.055	3.055	2.99	3.005	342
13.02.2025 00:00	3.085	3.1	2.965	3.005	548
14.02.2025 00:00	3.015	3.095	2.995	3.02	512
17.02.2025 00:00	3.035	3.055	3.035	3.04	130
18.02.2025 00:00	3.035	3.13	2.995	3.025	398
19.02.2025 00:00	3.04	3.04	3.015	3.025	37
20.02.2025 00:00	3.015	3.145	3.015	3.1	1086
21.02.2025 00:00	3.12	3.14	3.035	3.055	584
24.02.2025 00:00	3.1	3.12	3.055	3.075	429
25.02.2025 00:00	3.08	3.225	3.08	3.145	1667
26.02.2025 00:00	3.2	3.22	3.095	3.12	748
27.02.2025 00:00	3.125	3.125	3.08	3.12	219
28.02.2025 00:00	3.12	3.165	3.095	3.16	323
03.03.2025 00:00	3.16	3.16	3.1	3.12	214
04.03.2025 00:00	3.14	3.2	3.13	3.2	355
05.03.2025 00:00	3.2	3.245	3.18	3.23	465
06.03.2025 00:00	3.265	3.35	3.12	3.225	1427
07.03.2025 00:00	3.24	3.295	3.14	3.16	279
10.03.2025 00:00	3.165	3.2	3.145	3.18	42
11.03.2025 00:00	3.16	3.19	3.14	3.18	96
12.03.2025 00:00	3.15	3.16	3.13	3.16	86
13.03.2025 00:00	3.13	3.13	3.035	3.045	380
14.03.2025 00:00	3.06	3.1	3.055	3.06	150
17.03.2025 00:00	3.085	3.18	3.085	3.14	205
18.03.2025 00:00	3.12	3.15	3.12	3.14	211
19.03.2025 00:00	3.145	3.145	3.125	3.125	36
20.03.2025 00:00	3.14	3.18	3.13	3.15	162
21.03.2025 00:00	3.16	3.16	3.055	3.055	104
24.03.2025 00:00	3.075	3.08	3.035	3.045	130
25.03.2025 00:00	3.065	3.075	3.0	3.055	120
26.03.2025 00:00	3.035	3.065	3.035	3.045	24
27.03.2025 00:00	3.04	3.045	2.995	3.0	207
28.03.2025 00:00	2.995	2.995	2.89	2.99	322
31.03.2025 00:00	2.99	2.995	2.935	2.96	45
01.04.2025 00:00	2.98	2.98	2.94	2.94	141
02.04.2025 00:00	2.93	2.965	2.915	2.96	71
03.04.2025 00:00	2.935	3.025	2.915	2.915	198
04.04.2025 00:00	2.92	2.94	2.875	2.93	179
07.04.2025 00:00	2.795	2.865	2.62	2.685	1279
08.04.2025 00:00	2.785	2.855	2.725	2.815	210
09.04.2025 00:00	2.745	2.95	2.62	2.64	380
10.04.2025 00:00	2.725	2.85	2.705	2.785	79
11.04.2025 00:00	2.805	2.895	2.745	2.84	236
14.04.2025 00:00	2.83	2.865	2.805	2.865	43
15.04.2025 00:00	2.855	2.865	2.795	2.795	71
16.04.2025 00:00	2.805	2.81	2.785	2.81	44
17.04.2025 00:00	2.815	2.84	2.795	2.805	64
18.04.2025 00:00	2.805	2.815	2.785	2.815	19
21.04.2025 00:00	2.795	2.895	2.785	2.83	233
22.04.2025 00:00	2.855	2.875	2.83	2.865	158
23.04.2025 00:00	2.85	2.98	2.83	2.84	247
24.04.2025 00:00	2.875	2.93	2.85	2.855	124
25.04.2025 00:00	2.865	2.91	2.855	2.89	63
28.04.2025 00:00	2.915	2.93	2.85	2.93	193
29.04.2025 00:00	2.93	2.98	2.815	2.815	200
30.04.2025 00:00	2.815	2.84	2.795	2.795	85
02.05.2025 00:00	2.815	2.85	2.81	2.815	52
05.05.2025 00:00	2.84	2.875	2.785	2.785	151
06.05.2025 00:00	2.825	2.85	2.795	2.795	88
07.05.2025 00:00	2.805	2.955	2.7	2.715	882
08.05.2025 00:00	2.745	2.83	2.745	2.7800000000000002	82
12.05.2025 00:00	2.795	2.835	2.765	2.785	293
13.05.2025 00:00	2.805	2.875	2.785	2.875	266
14.05.2025 00:00	2.85	2.87	2.81	2.83	61
15.05.2025 00:00	2.835	2.835	2.7800000000000002	2.805	193
16.05.2025 00:00	2.805	2.83	2.785	2.83	68
19.05.2025 00:00	2.83	2.83	2.725	2.74	280
20.05.2025 00:00	2.745	2.745	2.7	2.715	80
21.05.2025 00:00	2.74	2.74	2.475	2.56	1246
22.05.2025 00:00	2.56	2.64	2.49	2.52	512
