datetime	open	high	low	close	volume
07.03.2018 00:00	154.4	154.4	145.4	154.4	1
12.03.2018 00:00	145.4	145.4	145.4	145.4	1
13.03.2018 00:00	146.8	146.8	143.8	144.8	3
19.03.2018 00:00	143.4	143.4	143.4	143.4	1
21.03.2018 00:00	143.4	143.4	143.4	143.4	1
22.03.2018 00:00	150.8	150.8	143.8	143.8	3
23.03.2018 00:00	140.4	144.8	140.4	144.8	2
26.03.2018 00:00	140.8	153.4	140.8	140.8	1
27.03.2018 00:00	153.4	153.4	153.4	153.4	1
02.04.2018 00:00	141.8	144.8	141.8	144.8	8
03.04.2018 00:00	141.8	150.8	141.8	147.8	7
04.04.2018 00:00	148.8	153.4	148.8	153.4	3
09.04.2018 00:00	140.4	149.8	137.8	140.4	4
10.04.2018 00:00	140.4	140.4	139.8	139.8	3
13.04.2018 00:00	143.4	143.4	143.4	143.4	1
17.04.2018 00:00	143.4	143.4	143.4	143.4	1
19.04.2018 00:00	143.4	143.4	143.4	143.4	1
20.04.2018 00:00	143.4	149.8	125.4	144.4	5
26.04.2018 00:00	147.4	147.4	147.4	147.4	1
04.05.2018 00:00	143.8	148.4	143.8	148.4	3
07.05.2018 00:00	138.8	138.8	138.8	138.8	1
14.05.2018 00:00	141.8	142.8	141.8	142.4	3
16.05.2018 00:00	143.4	143.4	143.4	143.4	1
22.05.2018 00:00	138.4	146.8	138.4	146.8	3
24.05.2018 00:00	139.4	146.4	139.4	139.8	9
25.05.2018 00:00	139.8	148.4	139.8	148.4	6
28.05.2018 00:00	140.4	140.4	139.8	139.8	5
30.05.2018 00:00	139.4	139.4	139.4	139.4	1
31.05.2018 00:00	137.8	137.8	137.8	137.8	1
05.06.2018 00:00	135.4	135.4	133.8	133.8	9
07.06.2018 00:00	138.8	138.8	137.8	137.8	2
09.06.2018 00:00	138.4	188.8	138.4	157.8	59
11.06.2018 00:00	149.4	154.8	149.4	154.8	9
13.06.2018 00:00	146.8	152.8	143.8	143.8	18
15.06.2018 00:00	140.4	150.8	140.4	150.8	4
18.06.2018 00:00	152.8	152.8	149.8	149.8	3
20.06.2018 00:00	149.8	149.8	148.4	148.4	2
22.06.2018 00:00	149.8	149.8	146.8	146.8	7
03.07.2018 00:00	148.8	148.8	148.4	148.8	8
04.07.2018 00:00	148.8	148.8	148.8	148.8	2
05.07.2018 00:00	149.4	149.4	149.4	149.4	1
06.07.2018 00:00	144.8	144.8	144.8	144.8	3
09.07.2018 00:00	146.4	147.8	144.8	146.4	23
10.07.2018 00:00	144.4	144.4	144.4	144.4	1
11.07.2018 00:00	141.8	141.8	141.8	141.8	1
12.07.2018 00:00	140.4	140.4	140.4	140.4	1
16.07.2018 00:00	139.8	139.8	139.8	139.8	5
19.07.2018 00:00	130.4	146.4	130.4	139.8	4
20.07.2018 00:00	146.4	146.4	146.4	146.4	1
24.07.2018 00:00	139.8	143.4	139.4	143.4	15
25.07.2018 00:00	145.8	145.8	145.8	145.8	1
08.08.2018 00:00	139.8	139.8	139.8	139.8	2
09.08.2018 00:00	134.8	134.8	134.8	134.8	1
10.08.2018 00:00	133.8	134.8	133.8	134.8	2
14.08.2018 00:00	143.8	143.8	138.8	139.8	3
16.08.2018 00:00	137.8	137.8	137.8	137.8	2
23.08.2018 00:00	134.8	134.8	134.8	134.8	2
24.08.2018 00:00	133.8	133.8	133.8	133.8	1
27.08.2018 00:00	137.8	139.8	137.8	138.8	3
29.08.2018 00:00	136.8	139.8	133.8	139.8	4
30.08.2018 00:00	140.8	140.8	140.8	140.8	1
31.08.2018 00:00	138.8	140.8	138.8	140.8	2
03.09.2018 00:00	140.8	140.8	140.8	140.8	1
13.09.2018 00:00	134.8	134.8	132.8	132.8	5
14.09.2018 00:00	133.8	133.8	133.8	133.8	1
17.09.2018 00:00	132.8	133.8	132.8	133.8	2
18.09.2018 00:00	133.8	133.8	133.8	133.8	1
19.09.2018 00:00	134.8	134.8	133.8	133.8	27
20.09.2018 00:00	132.8	133.8	132.8	133.8	3
25.09.2018 00:00	138.8	139.8	138.8	139.8	3
26.09.2018 00:00	139.8	139.8	139.8	139.8	3
27.09.2018 00:00	140.8	140.8	140.8	140.8	3
28.09.2018 00:00	145.8	149.8	144.8	149.8	11
08.10.2018 00:00	149.8	153.8	139.8	144.8	13
10.10.2018 00:00	139.8	139.8	139.8	139.8	1
11.10.2018 00:00	139.8	139.8	139.8	139.8	3
15.10.2018 00:00	139.8	140.8	139.8	139.8	5
19.10.2018 00:00	140.8	140.8	140.8	140.8	4
22.10.2018 00:00	139.8	139.8	139.8	139.8	10
23.10.2018 00:00	137.8	137.8	136.8	136.8	4
24.10.2018 00:00	136.8	136.8	136.8	136.8	2
31.10.2018 00:00	138.8	138.8	138.8	138.8	2
01.11.2018 00:00	133.8	133.8	133.8	133.8	1
06.11.2018 00:00	140.8	140.8	135.8	138.8	5
07.11.2018 00:00	140.8	140.8	140.8	140.8	9
08.11.2018 00:00	140.8	141.8	135.8	135.8	7
09.11.2018 00:00	141.8	141.8	140.8	140.8	2
12.11.2018 00:00	141.8	142.8	141.8	142.8	48
13.11.2018 00:00	144.8	144.8	139.8	143.8	4
19.11.2018 00:00	145.8	145.8	142.8	142.8	8
20.11.2018 00:00	146.8	146.8	142.8	142.8	5
21.11.2018 00:00	143.8	143.8	143.8	143.8	1
22.11.2018 00:00	143.8	143.8	143.8	143.8	4
23.11.2018 00:00	142.8	142.8	142.8	142.8	10
27.11.2018 00:00	141.8	144.8	141.8	144.8	2
28.11.2018 00:00	146.8	146.8	143.8	143.8	5
29.11.2018 00:00	143.8	143.8	142.8	142.8	3
30.11.2018 00:00	148.8	148.8	136.8	145.8	12
03.12.2018 00:00	143.8	149.8	138.8	144.8	154
04.12.2018 00:00	148.8	149.8	138.8	143.8	174
05.12.2018 00:00	146.8	148.8	139.8	145.8	66
06.12.2018 00:00	139.8	148.8	139.8	145.8	68
07.12.2018 00:00	144.8	148.8	143.8	144.8	57
10.12.2018 00:00	143.8	147.8	132.8	140.8	358
11.12.2018 00:00	143.8	143.8	136.8	139.8	227
12.12.2018 00:00	140.8	141.8	137.8	139.8	56
13.12.2018 00:00	139.8	141.8	137.8	138.8	22
14.12.2018 00:00	136.8	141.8	135.8	140.8	158
17.12.2018 00:00	142.8	145.8	139.8	139.8	147
18.12.2018 00:00	144.8	144.8	137.8	139.8	94
19.12.2018 00:00	138.8	143.8	138.8	142.8	51
20.12.2018 00:00	138.8	141.8	138.8	140.8	111
21.12.2018 00:00	143.8	143.8	137.8	139.8	216
24.12.2018 00:00	143.8	143.8	138.8	139.8	49
25.12.2018 00:00	142.8	142.8	137.8	137.8	81
26.12.2018 00:00	140.8	140.8	138.8	140.8	58
27.12.2018 00:00	139.8	141.8	139.8	140.8	60
28.12.2018 00:00	141.8	141.8	137.8	139.8	101
29.12.2018 00:00	141.8	142.8	135.8	142.8	52
03.01.2019 00:00	139.8	142.8	139.8	141.8	35
04.01.2019 00:00	140.8	141.8	138.8	140.8	24
08.01.2019 00:00	140.8	141.8	138.8	139.8	30
09.01.2019 00:00	140.8	141.8	138.8	140.8	50
10.01.2019 00:00	139.8	141.8	139.8	139.8	76
11.01.2019 00:00	140.8	140.8	136.8	139.8	280
14.01.2019 00:00	140.8	140.8	137.8	139.8	62
15.01.2019 00:00	139.8	144.8	139.8	143.8	480
16.01.2019 00:00	143.8	144.8	142.8	144.8	109
17.01.2019 00:00	147.8	147.8	140.8	143.8	144
18.01.2019 00:00	140.8	143.8	119.80000000000001	141.8	342
21.01.2019 00:00	141.8	143.8	139.8	141.8	345
22.01.2019 00:00	141.8	141.8	138.8	140.8	171
23.01.2019 00:00	140.8	141.8	138.8	140.8	216
24.01.2019 00:00	127.80000000000001	145.8	127.80000000000001	140.8	308
25.01.2019 00:00	139.8	140.8	137.8	139.8	28
28.01.2019 00:00	140.8	140.8	137.8	139.8	86
29.01.2019 00:00	139.8	141.8	137.8	140.8	188
30.01.2019 00:00	140.8	141.8	138.8	139.8	149
31.01.2019 00:00	138.8	139.8	137.8	139.8	27
01.02.2019 00:00	138.8	140.8	138.8	139.4	47
04.02.2019 00:00	141.8	147.8	139.8	140.8	122
05.02.2019 00:00	140.4	140.4	137.8	138.8	404
06.02.2019 00:00	138.8	140.4	136.4	138.8	291
07.02.2019 00:00	138.4	139.4	137.8	138.8	51
08.02.2019 00:00	138.8	139.4	137.8	138.4	21
11.02.2019 00:00	138.8	139.8	137.8	137.8	56
12.02.2019 00:00	136.4	139.8	136.4	137.8	68
13.02.2019 00:00	139.8	140.4	137.4	139.4	93
14.02.2019 00:00	138.4	139.8	137.8	139.8	34
15.02.2019 00:00	137.8	139.8	137.8	138.4	18
18.02.2019 00:00	138.4	140.4	138.4	138.4	50
19.02.2019 00:00	138.8	139.4	137.8	137.8	9
20.02.2019 00:00	139.4	139.4	137.8	137.8	17
21.02.2019 00:00	138.8	139.8	138.4	138.8	35
22.02.2019 00:00	139.4	140.8	137.8	137.8	16
25.02.2019 00:00	139.8	139.8	137.8	137.8	42
26.02.2019 00:00	139.4	139.4	137.4	137.8	16
27.02.2019 00:00	137.8	138.8	136.4	137.4	21
28.02.2019 00:00	137.4	138.8	137.4	138.8	8
01.03.2019 00:00	136.8	138.8	136.8	138.8	37
04.03.2019 00:00	138.8	138.8	137.4	138.8	31
05.03.2019 00:00	137.8	138.8	137.8	138.8	5
06.03.2019 00:00	138.8	139.4	138.4	139.4	16
07.03.2019 00:00	138.8	139.4	138.4	138.4	5
11.03.2019 00:00	136.8	138.8	131.4	138.8	99
12.03.2019 00:00	138.8	138.8	137.4	138.4	12
13.03.2019 00:00	138.8	138.8	137.4	138.4	42
14.03.2019 00:00	138.4	138.8	136.8	137.4	42
15.03.2019 00:00	138.8	148.8	134.8	137.4	524
18.03.2019 00:00	138.8	138.8	136.8	137.8	91
19.03.2019 00:00	136.8	140.8	135.4	137.4	332
20.03.2019 00:00	138.4	138.8	136.4	138.8	224
21.03.2019 00:00	137.4	138.4	136.8	137.4	31
22.03.2019 00:00	136.8	137.8	135.8	137.4	64
25.03.2019 00:00	137.8	138.4	134.8	136.8	118
26.03.2019 00:00	137.8	138.4	135.8	137.8	82
27.03.2019 00:00	137.4	138.8	136.8	137.8	37
28.03.2019 00:00	136.4	137.8	135.8	136.8	12
29.03.2019 00:00	137.8	137.8	135.8	137.8	41
01.04.2019 00:00	136.8	137.8	136.8	137.4	20
02.04.2019 00:00	136.8	137.8	136.8	136.8	20
03.04.2019 00:00	137.8	138.4	136.8	136.8	193
04.04.2019 00:00	137.4	137.4	136.8	137.4	12
05.04.2019 00:00	137.4	137.4	136.4	136.4	74
08.04.2019 00:00	137.4	137.8	135.8	136.4	27
09.04.2019 00:00	135.8	137.4	133.8	135.8	101
10.04.2019 00:00	135.8	136.8	135.8	136.8	44
11.04.2019 00:00	137.4	137.4	135.8	136.8	12
12.04.2019 00:00	136.8	137.4	135.8	136.4	24
15.04.2019 00:00	135.8	136.8	135.4	136.8	23
16.04.2019 00:00	135.8	136.8	135.4	136.8	24
17.04.2019 00:00	136.8	136.8	135.8	136.4	8
18.04.2019 00:00	136.8	141.8	136.4	140.8	315
19.04.2019 00:00	142.8	144.4	135.8	140.4	194
22.04.2019 00:00	136.4	142.4	135.8	138.4	39
23.04.2019 00:00	141.8	141.8	137.8	138.8	112
24.04.2019 00:00	143.4	143.4	139.4	139.4	47
25.04.2019 00:00	139.4	143.8	137.8	139.4	23
26.04.2019 00:00	140.4	143.8	138.4	139.8	31
29.04.2019 00:00	138.4	140.4	138.4	139.8	105
30.04.2019 00:00	137.8	141.8	137.8	139.8	67
02.05.2019 00:00	138.8	141.4	138.8	139.4	33
03.05.2019 00:00	138.4	139.4	138.4	139.4	33
06.05.2019 00:00	140.4	140.4	138.4	138.4	54
07.05.2019 00:00	138.8	141.4	138.4	139.4	23
08.05.2019 00:00	140.8	140.8	138.4	139.4	31
10.05.2019 00:00	141.8	141.8	139.4	139.4	8
13.05.2019 00:00	139.8	139.8	137.8	137.8	49
14.05.2019 00:00	139.8	139.8	137.4	137.4	22
15.05.2019 00:00	136.8	141.4	136.4	139.4	95
16.05.2019 00:00	137.4	139.8	128.8	138.8	98
17.05.2019 00:00	138.4	138.8	137.4	137.8	39
20.05.2019 00:00	137.8	138.8	136.8	138.8	30
21.05.2019 00:00	139.4	139.4	137.4	138.4	40
22.05.2019 00:00	138.8	139.8	137.4	139.4	47
23.05.2019 00:00	139.8	139.8	133.8	136.4	249
24.05.2019 00:00	136.4	138.4	133.8	133.8	103
27.05.2019 00:00	135.4	141.8	123.4	133.8	606
28.05.2019 00:00	135.8	137.8	129.8	133.8	224
29.05.2019 00:00	136.8	137.8	134.4	136.8	71
30.05.2019 00:00	136.8	137.4	135.8	136.8	24
31.05.2019 00:00	135.8	136.4	134.8	135.4	59
03.06.2019 00:00	135.4	136.8	134.4	134.8	74
04.06.2019 00:00	135.4	138.8	135.4	137.4	119
05.06.2019 00:00	135.4	136.8	135.4	135.8	34
06.06.2019 00:00	135.8	137.4	135.4	136.8	68
07.06.2019 00:00	137.4	137.8	135.8	137.4	23
10.06.2019 00:00	134.8	138.8	134.8	138.4	82
11.06.2019 00:00	135.8	137.8	135.8	135.8	55
13.06.2019 00:00	135.8	138.4	135.4	136.4	86
14.06.2019 00:00	137.8	137.8	135.8	135.8	83
17.06.2019 00:00	135.8	137.8	135.8	137.4	75
18.06.2019 00:00	137.4	137.4	136.4	137.4	26
19.06.2019 00:00	135.4	137.8	135.4	137.4	99
20.06.2019 00:00	137.4	137.8	136.4	137.8	104
21.06.2019 00:00	137.8	146.8	136.4	137.8	180
24.06.2019 00:00	136.8	139.8	136.4	136.4	57
25.06.2019 00:00	137.4	139.8	136.4	139.4	90
26.06.2019 00:00	139.4	140.4	136.8	138.8	71
27.06.2019 00:00	138.8	139.4	136.8	137.8	63
28.06.2019 00:00	139.8	139.8	136.8	138.8	105
01.07.2019 00:00	140.4	146.8	138.8	141.4	332
02.07.2019 00:00	154.4	154.8	138.8	139.8	273
03.07.2019 00:00	140.8	141.4	137.8	139.4	176
04.07.2019 00:00	140.4	145.8	137.4	143.8	582
05.07.2019 00:00	144.8	148.8	139.8	143.8	595
08.07.2019 00:00	145.8	145.8	139.8	141.8	418
09.07.2019 00:00	141.8	143.8	139.4	141.8	631
10.07.2019 00:00	140.4	142.4	139.4	140.4	224
11.07.2019 00:00	143.4	143.4	139.4	139.4	176
12.07.2019 00:00	137.8	143.8	137.8	139.4	273
15.07.2019 00:00	138.8	141.8	135.4	140.4	138
16.07.2019 00:00	142.4	142.4	139.4	139.8	122
17.07.2019 00:00	139.4	141.8	138.8	139.8	212
18.07.2019 00:00	139.4	140.4	138.8	139.4	577
19.07.2019 00:00	139.8	139.8	138.8	139.8	37
22.07.2019 00:00	138.4	140.4	137.8	138.8	57
23.07.2019 00:00	138.4	140.8	136.4	137.8	161
24.07.2019 00:00	137.4	139.8	135.8	136.4	210
25.07.2019 00:00	136.4	138.8	135.8	137.8	278
26.07.2019 00:00	138.4	139.4	137.4	137.8	32
29.07.2019 00:00	137.4	140.8	137.4	137.8	156
30.07.2019 00:00	139.4	139.4	136.8	138.4	177
31.07.2019 00:00	137.8	138.4	137.4	138.4	16
01.08.2019 00:00	138.8	140.8	136.4	138.4	45
02.08.2019 00:00	137.4	138.4	136.4	137.4	100
05.08.2019 00:00	137.4	137.4	134.8	135.4	65
06.08.2019 00:00	136.4	137.8	135.8	136.4	79
07.08.2019 00:00	137.4	137.8	130.4	135.4	334
08.08.2019 00:00	136.4	137.4	135.4	136.8	74
09.08.2019 00:00	137.8	137.8	135.4	135.8	202
12.08.2019 00:00	136.8	137.4	135.8	136.8	381
13.08.2019 00:00	135.4	136.8	135.4	136.4	54
14.08.2019 00:00	136.8	136.8	135.4	135.8	234
15.08.2019 00:00	136.4	136.8	135.4	135.8	98
16.08.2019 00:00	136.4	136.8	135.4	136.4	34
19.08.2019 00:00	135.4	136.8	134.8	135.4	407
20.08.2019 00:00	136.4	137.4	133.8	136.4	344
21.08.2019 00:00	136.4	136.4	135.4	135.8	184
22.08.2019 00:00	135.4	136.4	134.8	135.4	50
23.08.2019 00:00	136.4	136.4	134.8	135.4	46
26.08.2019 00:00	134.8	136.4	134.4	134.8	108
27.08.2019 00:00	133.8	134.8	133.8	134.8	91
28.08.2019 00:00	134.8	136.4	134.4	135.8	169
29.08.2019 00:00	134.8	136.4	134.4	135.8	90
30.08.2019 00:00	134.8	136.4	134.8	135.8	127
02.09.2019 00:00	134.4	137.4	134.4	136.4	115
03.09.2019 00:00	135.8	136.4	135.4	135.8	118
04.09.2019 00:00	135.4	136.4	134.8	136.4	21
05.09.2019 00:00	135.4	137.4	131.8	136.4	428
06.09.2019 00:00	134.8	137.8	134.8	136.4	53
09.09.2019 00:00	136.8	136.8	135.4	135.8	136
10.09.2019 00:00	136.8	136.8	136.4	136.4	168
11.09.2019 00:00	135.8	136.4	134.8	136.4	180
12.09.2019 00:00	135.8	135.8	135.8	135.8	94
13.09.2019 00:00	136.4	136.4	136.4	136.4	37
16.09.2019 00:00	135.8	136.4	135.8	136.4	255
17.09.2019 00:00	136.4	136.8	135.4	136.4	218
18.09.2019 00:00	137.8	137.8	135.4	135.8	267
19.09.2019 00:00	135.8	136.4	134.8	135.8	244
20.09.2019 00:00	134.8	136.4	134.8	136.4	75
23.09.2019 00:00	136.4	136.4	135.4	135.4	119
24.09.2019 00:00	135.8	136.8	135.4	136.4	55
25.09.2019 00:00	135.4	136.4	133.8	135.8	110
26.09.2019 00:00	134.8	135.8	134.8	135.4	74
27.09.2019 00:00	135.8	135.8	134.4	135.4	134
30.09.2019 00:00	133.8	135.8	130.8	134.8	290
01.10.2019 00:00	135.8	135.8	133.8	135.8	223
02.10.2019 00:00	134.8	135.4	132.8	134.4	134
03.10.2019 00:00	133.8	135.4	133.4	133.8	162
04.10.2019 00:00	134.8	135.4	131.4	134.4	116
07.10.2019 00:00	131.4	135.4	131.4	134.8	64
08.10.2019 00:00	135.4	135.4	132.8	133.8	233
09.10.2019 00:00	135.4	135.4	132.4	133.8	82
10.10.2019 00:00	132.8	134.8	132.8	134.8	63
11.10.2019 00:00	134.8	135.4	133.4	134.8	139
14.10.2019 00:00	134.8	135.4	133.4	133.8	323
15.10.2019 00:00	134.8	135.4	133.4	134.8	113
16.10.2019 00:00	134.8	135.4	133.4	135.4	110
17.10.2019 00:00	135.4	136.8	133.8	136.4	208
18.10.2019 00:00	135.4	139.4	134.4	135.4	151
21.10.2019 00:00	136.4	136.4	134.8	136.4	157
22.10.2019 00:00	136.8	138.4	135.4	136.4	99
23.10.2019 00:00	137.4	138.4	135.4	138.4	111
24.10.2019 00:00	138.8	140.4	136.4	137.4	236
25.10.2019 00:00	136.4	138.4	135.8	135.8	144
28.10.2019 00:00	135.4	139.4	135.4	136.8	231
29.10.2019 00:00	135.4	137.8	135.4	136.8	74
30.10.2019 00:00	137.8	140.4	135.8	137.4	210
31.10.2019 00:00	137.8	138.8	137.4	137.8	219
01.11.2019 00:00	137.4	138.8	136.4	137.4	86
05.11.2019 00:00	135.8	137.8	135.8	136.8	96
06.11.2019 00:00	136.4	139.8	135.8	136.8	145
07.11.2019 00:00	138.4	138.4	135.8	137.4	135
08.11.2019 00:00	137.4	137.8	136.4	137.4	108
11.11.2019 00:00	137.4	139.4	135.8	137.8	175
12.11.2019 00:00	137.4	138.4	136.8	137.4	151
13.11.2019 00:00	136.8	139.8	136.4	137.8	337
14.11.2019 00:00	138.4	138.4	132.8	137.4	400
15.11.2019 00:00	135.8	137.4	133.4	136.8	699
18.11.2019 00:00	137.4	137.4	135.8	136.8	258
19.11.2019 00:00	136.4	137.4	135.4	136.8	310
20.11.2019 00:00	136.4	136.8	135.4	136.8	140
21.11.2019 00:00	136.8	136.8	135.4	136.8	295
22.11.2019 00:00	136.8	136.8	135.4	136.4	382
25.11.2019 00:00	135.8	135.8	134.8	135.4	144
26.11.2019 00:00	136.4	136.4	135.4	136.4	302
27.11.2019 00:00	136.4	136.8	135.8	136.8	188
28.11.2019 00:00	136.8	136.8	135.8	135.8	72
29.11.2019 00:00	136.8	136.8	135.8	136.4	71
02.12.2019 00:00	136.8	188.8	135.4	139.8	1931
03.12.2019 00:00	141.4	141.4	134.4	136.4	562
04.12.2019 00:00	136.4	137.8	135.8	137.4	158
05.12.2019 00:00	137.4	137.4	135.8	136.4	142
06.12.2019 00:00	135.8	136.4	135.4	135.8	177
09.12.2019 00:00	136.4	137.4	135.4	136.8	241
10.12.2019 00:00	135.8	137.8	135.8	137.4	126
11.12.2019 00:00	136.8	138.8	135.8	137.4	725
12.12.2019 00:00	137.8	137.8	135.4	136.8	306
13.12.2019 00:00	138.4	138.4	135.8	137.4	277
16.12.2019 00:00	137.4	137.8	136.8	137.8	137
17.12.2019 00:00	137.8	138.8	136.4	136.8	218
18.12.2019 00:00	137.8	138.8	136.4	136.8	517
19.12.2019 00:00	137.8	138.8	136.4	137.4	407
20.12.2019 00:00	136.8	139.8	136.8	138.4	412
23.12.2019 00:00	137.8	139.8	136.8	139.4	183
24.12.2019 00:00	139.4	139.8	136.8	138.4	241
25.12.2019 00:00	138.8	157.8	137.4	138.8	459
26.12.2019 00:00	138.8	138.8	136.4	136.8	518
27.12.2019 00:00	138.4	138.8	136.8	137.8	225
30.12.2019 00:00	136.8	138.8	136.8	138.8	447
03.01.2020 00:00	138.8	138.8	137.4	138.4	250
06.01.2020 00:00	139.4	139.4	137.4	137.8	248
08.01.2020 00:00	137.8	138.4	136.8	137.4	229
09.01.2020 00:00	137.4	138.4	136.8	138.4	263
10.01.2020 00:00	138.4	138.4	137.4	137.8	247
13.01.2020 00:00	138.8	138.8	136.8	137.4	744
14.01.2020 00:00	137.8	137.8	137.4	137.8	317
15.01.2020 00:00	137.8	137.8	137.4	137.8	241
16.01.2020 00:00	137.8	138.4	137.4	137.8	160
17.01.2020 00:00	138.4	138.4	137.4	137.8	186
20.01.2020 00:00	138.4	138.8	135.4	137.8	1574
21.01.2020 00:00	136.8	137.8	135.8	136.4	1050
22.01.2020 00:00	136.4	137.4	136.4	137.4	188
23.01.2020 00:00	137.4	137.4	135.8	136.8	408
24.01.2020 00:00	136.4	136.8	135.8	136.4	442
27.01.2020 00:00	135.8	136.8	133.8	135.4	527
28.01.2020 00:00	136.4	136.4	134.8	136.4	302
29.01.2020 00:00	135.8	136.4	134.4	134.8	291
30.01.2020 00:00	134.8	135.8	134.4	135.8	135
31.01.2020 00:00	135.8	135.8	134.8	135.4	124
03.02.2020 00:00	133.4	135.8	133.4	134.4	243
04.02.2020 00:00	135.8	135.8	134.4	134.8	215
05.02.2020 00:00	135.8	135.8	134.8	134.8	196
06.02.2020 00:00	135.8	135.8	134.4	134.8	127
07.02.2020 00:00	134.8	136.8	134.8	136.4	465
10.02.2020 00:00	136.8	136.8	135.4	136.4	142
11.02.2020 00:00	135.4	136.8	134.8	136.4	470
12.02.2020 00:00	134.8	136.8	134.8	135.8	119
13.02.2020 00:00	136.8	136.8	135.8	136.8	281
14.02.2020 00:00	136.8	136.8	135.8	135.8	151
17.02.2020 00:00	135.8	136.8	135.8	136.4	204
18.02.2020 00:00	136.8	136.8	135.8	136.4	60
19.02.2020 00:00	136.8	136.8	135.4	136.4	411
20.02.2020 00:00	135.4	136.8	135.4	136.4	294
21.02.2020 00:00	135.8	136.4	135.4	135.4	98
25.02.2020 00:00	135.8	135.8	133.4	134.8	358
26.02.2020 00:00	134.4	135.4	132.8	134.4	388
27.02.2020 00:00	133.8	133.8	126.4	132.8	367
28.02.2020 00:00	132.4	132.4	124.80000000000001	128.8	469
02.03.2020 00:00	129.4	133.8	126.4	132.8	260
03.03.2020 00:00	130.4	133.4	130.4	131.8	117
04.03.2020 00:00	131.8	132.8	129.8	130.4	120
05.03.2020 00:00	130.4	132.4	130.4	131.8	30
06.03.2020 00:00	129.4	131.4	127.4	129.8	163
10.03.2020 00:00	125.80000000000001	132.4	119.4	130.4	363
11.03.2020 00:00	131.4	131.8	128.4	128.8	145
12.03.2020 00:00	127.80000000000001	129.8	122.80000000000001	123.4	192
13.03.2020 00:00	126.80000000000001	129.8	124.80000000000001	128.8	179
16.03.2020 00:00	123.4	128.4	123.4	125.4	348
17.03.2020 00:00	123.80000000000001	126.4	121.80000000000001	122.4	225
18.03.2020 00:00	121.80000000000001	122.80000000000001	114.80000000000001	116.4	174
19.03.2020 00:00	119.4	128.4	115.4	126.4	225
20.03.2020 00:00	120.4	129.4	116.4	125.4	383
23.03.2020 00:00	124.80000000000001	128.8	121.4	127.80000000000001	189
24.03.2020 00:00	126.4	133.4	119.80000000000001	127.4	940
25.03.2020 00:00	126.4	133.8	115.80000000000001	127.4	610
26.03.2020 00:00	130.4	132.8	123.4	130.4	406
27.03.2020 00:00	132.8	132.8	127.80000000000001	131.4	321
30.03.2020 00:00	127.80000000000001	134.8	127.80000000000001	132.8	334
31.03.2020 00:00	132.8	134.8	129.4	133.8	362
01.04.2020 00:00	134.8	134.8	132.4	133.8	272
02.04.2020 00:00	134.8	134.8	132.8	133.4	259
03.04.2020 00:00	133.4	134.4	132.4	132.8	100
06.04.2020 00:00	134.4	135.4	131.8	133.4	242
07.04.2020 00:00	133.8	135.8	133.4	133.4	354
08.04.2020 00:00	134.4	135.4	131.8	134.4	374
09.04.2020 00:00	134.4	135.8	133.4	134.8	598
10.04.2020 00:00	134.4	135.4	133.8	134.8	228
13.04.2020 00:00	133.8	135.4	133.4	134.8	139
14.04.2020 00:00	135.4	135.8	133.8	134.4	307
15.04.2020 00:00	135.4	136.4	133.4	134.4	544
16.04.2020 00:00	134.4	134.8	132.8	133.4	270
17.04.2020 00:00	134.4	134.4	133.4	133.8	117
20.04.2020 00:00	134.4	135.8	133.4	134.4	415
21.04.2020 00:00	133.4	134.4	121.80000000000001	133.4	181
22.04.2020 00:00	133.4	134.4	133.4	133.4	130
23.04.2020 00:00	132.8	133.8	131.8	132.8	203
24.04.2020 00:00	133.8	133.8	132.8	133.8	80
27.04.2020 00:00	133.4	133.8	131.8	132.8	658
28.04.2020 00:00	132.4	132.4	131.4	131.8	1201
29.04.2020 00:00	132.4	132.4	129.8	131.4	540
30.04.2020 00:00	129.8	131.8	129.8	131.4	249
04.05.2020 00:00	130.4	131.8	129.8	131.4	190
05.05.2020 00:00	131.4	132.8	130.4	131.8	308
06.05.2020 00:00	131.8	131.8	130.4	131.4	250
07.05.2020 00:00	131.8	131.8	129.8	131.4	546
08.05.2020 00:00	130.8	131.8	130.4	130.8	119
12.05.2020 00:00	130.8	131.4	129.4	130.4	193
13.05.2020 00:00	129.8	131.8	129.8	130.4	120
14.05.2020 00:00	130.4	131.4	129.8	130.8	135
15.05.2020 00:00	130.4	131.8	129.8	130.8	131
18.05.2020 00:00	130.4	131.8	130.4	131.4	249
19.05.2020 00:00	130.8	131.8	130.4	131.4	269
20.05.2020 00:00	130.4	132.4	130.4	131.8	333
21.05.2020 00:00	131.8	131.8	130.8	130.8	155
22.05.2020 00:00	130.8	131.8	130.8	131.8	104
25.05.2020 00:00	130.8	133.8	130.8	132.4	309
26.05.2020 00:00	132.4	132.8	131.4	132.4	388
27.05.2020 00:00	131.8	132.4	131.4	131.8	675
28.05.2020 00:00	131.4	131.8	130.8	131.4	96
29.05.2020 00:00	131.4	131.8	130.4	131.4	324
01.06.2020 00:00	131.4	131.8	130.8	131.4	107
02.06.2020 00:00	130.4	131.8	130.4	131.8	144
03.06.2020 00:00	131.8	131.8	129.8	131.4	1296
04.06.2020 00:00	131.4	131.8	129.8	130.8	821
05.06.2020 00:00	131.4	131.4	128.8	130.4	1056
08.06.2020 00:00	129.8	130.8	129.8	130.8	221
09.06.2020 00:00	129.8	130.8	129.8	130.4	257
10.06.2020 00:00	129.4	130.8	129.4	130.4	260
11.06.2020 00:00	129.4	130.4	129.4	129.8	230
15.06.2020 00:00	129.8	130.4	127.80000000000001	129.8	155
16.06.2020 00:00	129.8	130.8	129.4	130.8	235
17.06.2020 00:00	129.8	130.8	129.8	129.8	260
18.06.2020 00:00	130.4	130.8	129.8	130.4	99
19.06.2020 00:00	129.8	130.8	129.4	129.8	349
22.06.2020 00:00	129.8	130.8	129.4	129.8	117
23.06.2020 00:00	130.4	130.4	129.4	129.4	208
25.06.2020 00:00	129.4	130.4	128.4	129.4	231
26.06.2020 00:00	130.4	130.8	129.4	129.8	783
29.06.2020 00:00	130.8	130.8	129.8	130.4	453
30.06.2020 00:00	130.8	130.8	129.4	130.4	212
02.07.2020 00:00	129.4	130.8	129.4	130.4	460
03.07.2020 00:00	130.4	130.4	129.4	130.4	373
06.07.2020 00:00	130.4	130.8	129.4	129.8	440
07.07.2020 00:00	129.4	130.8	129.4	129.8	262
08.07.2020 00:00	129.4	130.4	128.8	128.8	545
09.07.2020 00:00	129.8	129.8	128.8	129.4	97
10.07.2020 00:00	128.8	130.4	128.8	129.8	470
13.07.2020 00:00	129.4	130.4	128.8	128.8	415
14.07.2020 00:00	129.4	129.8	128.8	128.8	134
15.07.2020 00:00	129.8	129.8	128.8	129.8	135
16.07.2020 00:00	129.8	129.8	128.8	128.8	103
17.07.2020 00:00	129.8	129.8	128.8	129.4	227
20.07.2020 00:00	129.8	129.8	128.8	129.4	305
21.07.2020 00:00	129.8	129.8	128.8	129.4	307
22.07.2020 00:00	129.4	129.8	128.8	129.4	248
23.07.2020 00:00	129.8	129.8	128.8	128.8	407
24.07.2020 00:00	128.8	129.8	128.8	129.4	477
27.07.2020 00:00	129.8	129.8	128.8	129.8	204
28.07.2020 00:00	128.8	129.8	128.8	129.8	217
29.07.2020 00:00	128.8	130.4	128.8	129.8	417
30.07.2020 00:00	129.4	130.4	129.4	129.8	123
31.07.2020 00:00	129.8	130.8	129.4	129.4	330
03.08.2020 00:00	130.8	130.8	129.4	130.4	929
04.08.2020 00:00	129.4	130.4	129.4	129.8	110
05.08.2020 00:00	130.8	182.4	130.8	182.4	18350
06.08.2020 00:00	200.4	254.8	200.4	254.8	50843
07.08.2020 00:00	267.8	279.8	259.8	279.8	25654
10.08.2020 00:00	292.8	294.8	227.8	262.6	19582
11.08.2020 00:00	268.8	269.8	211.4	224.4	10117
12.08.2020 00:00	223.4	244.4	220.4	233.8	5619
13.08.2020 00:00	229.4	239.8	229.4	233.4	3478
14.08.2020 00:00	235.4	236.4	221.8	229.4	3815
17.08.2020 00:00	230.8	230.8	221.8	221.8	1578
18.08.2020 00:00	222.8	222.8	215.4	217.8	1395
19.08.2020 00:00	217.8	219.8	205.4	206.4	1851
20.08.2020 00:00	208.8	238.4	203.4	206.8	9206
21.08.2020 00:00	211.8	216.8	197.8	203.8	2645
24.08.2020 00:00	206.4	211.8	202.8	206.8	1590
25.08.2020 00:00	208.8	209.8	193.8	199.8	1125
26.08.2020 00:00	201.4	206.4	192.8	205.4	1575
27.08.2020 00:00	207.8	207.8	201.8	201.8	774
28.08.2020 00:00	206.4	208.4	201.8	203.4	518
31.08.2020 00:00	201.8	206.4	200.4	201.4	747
01.09.2020 00:00	203.8	218.8	200.8	214.4	5832
02.09.2020 00:00	215.4	217.4	204.4	207.8	2517
03.09.2020 00:00	207.8	212.8	201.4	205.4	1617
04.09.2020 00:00	211.8	211.8	202.8	205.8	972
07.09.2020 00:00	204.4	211.8	204.4	206.8	1834
08.09.2020 00:00	207.8	207.8	201.4	204.8	975
09.09.2020 00:00	205.8	205.8	196.8	203.4	898
10.09.2020 00:00	205.8	205.8	202.8	204.4	537
11.09.2020 00:00	204.4	206.4	199.8	203.4	994
14.09.2020 00:00	204.4	204.4	200.8	202.4	580
15.09.2020 00:00	204.4	204.4	201.8	202.8	703
16.09.2020 00:00	201.8	211.8	201.8	203.8	1854
17.09.2020 00:00	202.4	204.8	202.4	202.8	349
18.09.2020 00:00	203.4	204.8	202.4	204.4	546
21.09.2020 00:00	204.8	204.8	201.8	203.4	570
22.09.2020 00:00	203.8	203.8	201.8	202.8	271
23.09.2020 00:00	202.4	204.4	202.4	202.4	443
24.09.2020 00:00	203.8	203.8	200.8	201.4	643
25.09.2020 00:00	200.8	202.4	197.8	199.4	871
28.09.2020 00:00	199.8	201.4	194.8	197.8	905
29.09.2020 00:00	197.8	198.8	194.8	195.8	855
30.09.2020 00:00	194.4	195.4	192.8	193.8	361
01.10.2020 00:00	193.8	194.4	185.8	190.4	930
02.10.2020 00:00	194.4	196.4	187.4	192.8	459
05.10.2020 00:00	193.8	193.8	189.8	191.8	333
06.10.2020 00:00	187.8	204.4	187.8	193.8	2121
07.10.2020 00:00	196.8	204.4	193.4	195.8	1015
08.10.2020 00:00	195.4	202.4	194.8	198.4	1262
09.10.2020 00:00	194.8	202.8	194.8	198.4	1049
12.10.2020 00:00	201.8	203.4	198.4	203.4	1287
13.10.2020 00:00	203.8	203.8	199.8	201.4	1154
14.10.2020 00:00	200.4	211.4	200.4	204.8	3579
15.10.2020 00:00	204.8	216.4	202.8	207.4	2896
16.10.2020 00:00	206.8	206.8	197.8	200.4	1713
19.10.2020 00:00	202.4	203.8	196.8	197.4	857
20.10.2020 00:00	196.8	200.8	193.4	197.8	1258
21.10.2020 00:00	199.8	199.8	186.4	196.4	983
22.10.2020 00:00	193.8	196.4	193.4	193.8	298
23.10.2020 00:00	194.4	194.4	191.8	192.8	422
26.10.2020 00:00	191.8	195.8	190.4	193.8	551
27.10.2020 00:00	191.4	194.4	190.8	192.4	329
28.10.2020 00:00	191.4	192.8	187.8	188.8	516
29.10.2020 00:00	191.8	191.8	187.4	187.8	355
30.10.2020 00:00	191.4	191.4	187.8	190.4	331
02.11.2020 00:00	190.8	190.8	187.8	189.8	264
03.11.2020 00:00	189.8	191.4	188.4	190.4	436
05.11.2020 00:00	199.8	199.8	188.8	190.4	571
06.11.2020 00:00	190.4	193.8	189.8	192.4	408
09.11.2020 00:00	192.8	194.8	191.4	193.8	733
10.11.2020 00:00	192.4	195.8	192.4	195.4	465
11.11.2020 00:00	193.8	196.8	193.8	195.8	332
12.11.2020 00:00	195.8	198.4	195.4	197.4	501
13.11.2020 00:00	198.8	199.4	195.4	197.4	699
16.11.2020 00:00	197.8	202.8	196.4	200.8	1211
17.11.2020 00:00	201.4	205.8	197.4	198.8	1097
18.11.2020 00:00	200.8	202.8	194.4	202.4	632
19.11.2020 00:00	202.8	202.8	199.4	200.8	550
20.11.2020 00:00	201.8	202.8	199.8	201.8	244
23.11.2020 00:00	202.8	203.8	199.8	201.8	527
24.11.2020 00:00	200.8	204.4	199.8	201.8	728
25.11.2020 00:00	202.8	205.8	200.4	202.4	743
26.11.2020 00:00	202.8	215.8	202.8	214.4	3761
27.11.2020 00:00	211.4	217.8	204.4	207.4	7739
30.11.2020 00:00	205.4	211.8	205.4	208.4	1754
01.12.2020 00:00	207.4	210.8	206.8	209.4	2273
02.12.2020 00:00	208.8	212.8	208.8	210.4	847
03.12.2020 00:00	213.4	213.4	208.4	210.8	1812
04.12.2020 00:00	208.4	210.4	208.4	209.4	556
07.12.2020 00:00	208.4	209.8	201.4	207.8	1486
08.12.2020 00:00	206.8	209.4	200.8	206.4	1058
09.12.2020 00:00	207.8	208.8	203.4	205.4	595
10.12.2020 00:00	205.8	207.8	202.4	203.8	793
11.12.2020 00:00	203.4	203.4	199.8	202.8	963
14.12.2020 00:00	199.8	203.8	199.8	200.8	766
15.12.2020 00:00	199.8	202.8	199.8	201.8	607
16.12.2020 00:00	201.8	203.8	201.8	202.8	429
17.12.2020 00:00	204.4	206.8	200.8	204.4	877
18.12.2020 00:00	207.8	208.8	202.8	204.4	1407
21.12.2020 00:00	206.4	206.4	200.8	205.4	814
22.12.2020 00:00	201.4	207.4	201.4	202.4	316
23.12.2020 00:00	201.8	207.4	197.4	202.4	1068
24.12.2020 00:00	201.8	204.4	200.4	202.4	759
25.12.2020 00:00	203.4	203.8	201.4	202.4	382
28.12.2020 00:00	202.8	202.8	200.4	200.4	694
29.12.2020 00:00	201.8	201.8	197.4	199.8	1241
30.12.2020 00:00	201.8	201.8	198.4	199.8	736
04.01.2021 00:00	197.4	201.8	197.4	199.8	434
05.01.2021 00:00	199.4	202.8	198.8	200.4	708
06.01.2021 00:00	201.8	208.4	200.4	201.4	1390
08.01.2021 00:00	205.4	205.4	199.4	201.4	1101
11.01.2021 00:00	200.8	201.4	199.4	199.8	675
12.01.2021 00:00	203.4	203.4	199.8	199.8	507
13.01.2021 00:00	199.8	201.8	199.8	201.4	975
14.01.2021 00:00	200.8	203.4	199.8	199.8	432
15.01.2021 00:00	199.8	201.4	199.4	199.4	502
18.01.2021 00:00	199.4	200.8	198.8	199.4	466
19.01.2021 00:00	198.8	200.4	198.8	199.4	424
20.01.2021 00:00	198.8	199.8	197.8	199.4	457
21.01.2021 00:00	200.8	200.8	197.8	199.4	678
22.01.2021 00:00	197.8	199.4	197.4	198.4	519
25.01.2021 00:00	197.8	219.8	197.8	200.8	10536
26.01.2021 00:00	207.8	213.8	197.8	200.8	5992
27.01.2021 00:00	199.4	203.8	194.8	196.8	2540
28.01.2021 00:00	195.4	199.4	195.4	197.8	758
29.01.2021 00:00	198.4	200.8	197.8	198.8	1553
01.02.2021 00:00	199.8	202.8	196.8	199.8	666
02.02.2021 00:00	197.4	200.8	197.4	199.4	328
03.02.2021 00:00	202.8	208.8	198.8	200.4	367
04.02.2021 00:00	198.8	200.4	197.8	197.8	879
05.02.2021 00:00	199.4	199.8	197.8	198.4	441
08.02.2021 00:00	197.8	199.4	192.4	197.8	643
09.02.2021 00:00	198.8	198.8	195.8	196.8	1356
10.02.2021 00:00	196.4	197.8	196.4	196.4	504
11.02.2021 00:00	195.8	197.8	195.8	196.8	921
12.02.2021 00:00	197.8	197.8	195.4	196.4	816
15.02.2021 00:00	195.8	198.8	195.8	197.8	745
16.02.2021 00:00	198.4	199.4	196.8	198.4	708
17.02.2021 00:00	199.4	267.6	197.8	200.8	149148
18.02.2021 00:00	205.8	280.8	202.4	280.8	466079
19.02.2021 00:00	308.8	369.8	216.8	230.8	512734
20.02.2021 00:00	239.8	246.8	211.8	218.8	63547
22.02.2021 00:00	216.8	225.4	204.4	205.8	29457
24.02.2021 00:00	204.8	218.4	203.8	210.4	32386
25.02.2021 00:00	210.8	213.4	207.4	209.4	9868
26.02.2021 00:00	208.4	208.4	201.8	202.8	7951
01.03.2021 00:00	206.4	219.4	203.4	217.4	22889
02.03.2021 00:00	219.8	243.8	217.8	234.8	91052
03.03.2021 00:00	234.8	241.8	212.8	219.8	35805
04.03.2021 00:00	219.8	221.8	206.4	211.4	13895
05.03.2021 00:00	211.8	217.8	208.4	210.8	9345
09.03.2021 00:00	211.8	213.4	205.4	206.8	8577
10.03.2021 00:00	208.8	208.8	203.8	205.8	6385
11.03.2021 00:00	205.4	215.8	203.4	209.4	11934
12.03.2021 00:00	210.8	213.8	203.8	206.4	8831
15.03.2021 00:00	206.4	208.4	205.4	206.4	3822
16.03.2021 00:00	206.8	235.8	204.8	228.8	86654
17.03.2021 00:00	231.8	237.4	211.8	212.8	66548
18.03.2021 00:00	214.8	217.4	211.8	213.8	10122
19.03.2021 00:00	214.8	216.4	210.4	214.8	7172
22.03.2021 00:00	218.8	221.4	213.4	214.4	4510
23.03.2021 00:00	214.4	214.4	210.8	211.4	2942
24.03.2021 00:00	211.4	221.8	211.4	217.8	22877
25.03.2021 00:00	219.4	220.8	213.4	214.8	4512
26.03.2021 00:00	214.8	216.8	214.8	215.4	3006
29.03.2021 00:00	215.8	219.4	212.8	214.8	2960
30.03.2021 00:00	215.4	216.8	211.8	212.8	3310
31.03.2021 00:00	213.8	214.8	210.8	211.4	5041
01.04.2021 00:00	212.8	213.4	209.8	211.8	8588
02.04.2021 00:00	213.8	214.4	210.4	211.4	5659
05.04.2021 00:00	212.8	212.8	210.8	211.4	3414
06.04.2021 00:00	211.4	212.4	209.8	210.4	3994
07.04.2021 00:00	209.4	210.8	207.8	207.8	4185
08.04.2021 00:00	209.4	209.8	206.8	207.8	3342
09.04.2021 00:00	208.8	208.8	205.8	207.8	2921
12.04.2021 00:00	208.4	212.4	205.8	208.8	5682
13.04.2021 00:00	209.4	209.8	206.8	207.4	1829
14.04.2021 00:00	207.4	210.8	206.8	207.8	2930
15.04.2021 00:00	207.4	209.8	206.8	207.8	2138
16.04.2021 00:00	208.4	209.4	206.8	209.4	2057
19.04.2021 00:00	209.8	209.8	207.8	208.4	1522
20.04.2021 00:00	208.4	208.8	203.4	204.4	3570
21.04.2021 00:00	206.8	206.8	203.8	205.8	2148
22.04.2021 00:00	205.8	207.4	204.4	205.4	1258
23.04.2021 00:00	205.8	206.4	204.4	204.8	1506
26.04.2021 00:00	205.8	205.8	203.8	204.8	2162
27.04.2021 00:00	205.4	205.8	203.8	203.8	1762
28.04.2021 00:00	203.8	204.4	201.4	201.8	2565
29.04.2021 00:00	202.8	203.8	200.8	201.8	2531
30.04.2021 00:00	202.4	202.4	200.8	201.8	1296
04.05.2021 00:00	201.8	201.8	200.4	201.4	1541
05.05.2021 00:00	201.4	202.4	199.8	201.4	2161
06.05.2021 00:00	203.8	204.4	199.8	199.8	2042
07.05.2021 00:00	201.4	201.8	199.8	201.4	1389
10.05.2021 00:00	201.8	202.4	199.8	200.8	1433
11.05.2021 00:00	201.4	201.4	199.4	199.8	1343
12.05.2021 00:00	199.4	200.8	198.8	198.8	1405
13.05.2021 00:00	199.8	199.8	191.8	195.4	3251
14.05.2021 00:00	194.8	197.4	193.8	196.8	1074
17.05.2021 00:00	196.8	198.8	194.8	196.4	942
18.05.2021 00:00	198.4	198.4	196.4	197.8	1060
19.05.2021 00:00	198.8	198.8	194.8	195.4	1833
20.05.2021 00:00	195.4	196.8	193.8	195.8	1340
21.05.2021 00:00	196.4	196.4	193.4	193.8	1321
24.05.2021 00:00	196.4	209.8	193.4	207.4	11729
25.05.2021 00:00	208.4	219.4	201.8	202.4	13438
26.05.2021 00:00	203.4	203.4	196.8	198.4	3531
27.05.2021 00:00	196.8	198.8	195.8	197.4	1780
28.05.2021 00:00	197.8	200.8	196.8	200.8	962
31.05.2021 00:00	197.8	203.4	197.8	199.4	2273
01.06.2021 00:00	198.8	201.4	198.8	199.4	1491
02.06.2021 00:00	201.8	201.8	198.8	199.4	932
03.06.2021 00:00	199.4	201.8	198.8	200.4	1481
04.06.2021 00:00	199.8	200.8	198.4	199.8	1014
07.06.2021 00:00	198.4	200.8	198.4	198.8	1119
08.06.2021 00:00	199.8	200.4	198.4	198.8	1338
09.06.2021 00:00	198.8	199.8	197.8	198.4	1692
10.06.2021 00:00	197.8	199.8	197.8	198.4	1210
11.06.2021 00:00	199.4	199.4	197.4	198.4	1022
14.06.2021 00:00	198.8	199.8	197.4	198.8	833
15.06.2021 00:00	198.8	199.4	197.8	198.4	1003
16.06.2021 00:00	198.8	199.4	197.4	198.4	973
17.06.2021 00:00	198.4	211.8	197.8	207.4	21170
18.06.2021 00:00	207.8	209.4	200.4	200.8	4883
21.06.2021 00:00	202.4	203.4	197.8	200.4	3510
22.06.2021 00:00	203.8	203.8	197.8	200.8	2731
23.06.2021 00:00	201.4	202.4	199.8	200.8	961
24.06.2021 00:00	200.4	203.8	199.8	200.8	1267
25.06.2021 00:00	200.8	201.8	198.4	199.8	1066
28.06.2021 00:00	199.8	200.8	198.8	199.8	911
29.06.2021 00:00	200.8	201.4	198.8	201.4	1021
30.06.2021 00:00	200.4	202.4	199.4	199.8	1049
01.07.2021 00:00	199.8	200.4	199.4	199.4	1542
02.07.2021 00:00	199.8	199.8	198.8	199.4	1080
05.07.2021 00:00	203.4	214.8	203.4	207.8	34552
06.07.2021 00:00	210.8	216.8	207.8	209.4	15334
07.07.2021 00:00	209.4	210.8	201.4	203.8	6332
08.07.2021 00:00	202.8	206.8	200.4	202.8	6254
09.07.2021 00:00	202.4	202.8	200.4	201.8	1868
12.07.2021 00:00	202.4	202.8	199.8	201.4	2518
13.07.2021 00:00	201.4	202.4	199.8	200.8	1289
14.07.2021 00:00	200.8	201.4	199.4	199.8	1816
15.07.2021 00:00	199.8	199.8	196.4	198.4	3641
16.07.2021 00:00	199.4	199.4	196.8	197.4	1018
19.07.2021 00:00	197.4	199.4	187.4	193.8	4764
20.07.2021 00:00	193.8	197.4	190.8	194.4	1684
21.07.2021 00:00	195.4	198.4	193.4	194.4	1845
22.07.2021 00:00	193.4	196.8	192.4	195.8	776
23.07.2021 00:00	196.8	197.4	192.8	193.4	1110
26.07.2021 00:00	192.8	195.8	191.8	194.8	1685
27.07.2021 00:00	195.8	196.8	192.8	194.8	1296
28.07.2021 00:00	194.8	197.4	194.4	195.4	1408
29.07.2021 00:00	195.8	195.8	193.4	194.8	756
30.07.2021 00:00	194.4	196.8	193.4	194.8	1710
02.08.2021 00:00	193.4	195.8	190.4	194.4	1404
03.08.2021 00:00	195.8	195.8	193.4	194.4	811
04.08.2021 00:00	195.4	195.8	193.4	194.8	538
05.08.2021 00:00	194.4	195.8	193.8	194.4	619
06.08.2021 00:00	195.4	195.8	193.4	193.8	1379
09.08.2021 00:00	194.4	195.8	193.4	194.4	1640
10.08.2021 00:00	195.4	195.4	193.4	194.4	853
11.08.2021 00:00	193.8	195.4	193.8	194.4	1288
12.08.2021 00:00	194.8	201.8	192.8	198.4	6396
13.08.2021 00:00	199.4	201.4	195.4	195.8	3000
16.08.2021 00:00	196.4	197.8	194.8	195.8	899
17.08.2021 00:00	195.4	196.8	194.4	194.8	801
18.08.2021 00:00	195.4	195.8	193.8	194.4	1151
19.08.2021 00:00	193.8	194.8	192.4	193.4	1930
20.08.2021 00:00	192.4	194.8	192.4	192.8	841
23.08.2021 00:00	193.8	194.8	192.8	193.4	1290
24.08.2021 00:00	193.8	194.4	192.8	193.4	922
25.08.2021 00:00	193.8	196.8	192.8	193.8	1476
26.08.2021 00:00	194.8	195.4	193.4	193.4	1587
27.08.2021 00:00	193.4	195.4	193.4	195.4	1101
30.08.2021 00:00	195.8	195.8	193.8	194.8	2066
31.08.2021 00:00	193.8	196.4	193.8	194.8	1496
01.09.2021 00:00	194.8	196.4	193.8	195.4	980
02.09.2021 00:00	194.4	197.4	193.8	195.8	1856
03.09.2021 00:00	196.4	196.8	194.4	195.4	1009
06.09.2021 00:00	195.8	196.4	193.4	193.8	2372
07.09.2021 00:00	193.4	194.8	192.8	193.4	1449
08.09.2021 00:00	193.4	194.4	192.8	193.4	1790
09.09.2021 00:00	193.8	194.8	192.4	193.4	1324
10.09.2021 00:00	192.8	193.8	192.4	192.8	598
13.09.2021 00:00	192.8	194.4	192.4	192.8	763
14.09.2021 00:00	193.4	198.8	192.8	193.8	2119
15.09.2021 00:00	194.8	194.8	192.8	193.4	1136
16.09.2021 00:00	193.8	194.4	191.4	192.8	1434
17.09.2021 00:00	192.8	193.4	192.4	192.8	572
20.09.2021 00:00	191.8	193.8	191.4	191.8	733
21.09.2021 00:00	191.8	193.4	190.8	191.8	930
22.09.2021 00:00	191.4	193.8	191.4	192.4	675
23.09.2021 00:00	192.4	192.8	191.4	192.4	627
24.09.2021 00:00	191.8	192.4	191.4	192.4	526
27.09.2021 00:00	192.4	198.4	191.4	195.8	4191
28.09.2021 00:00	195.8	197.8	192.4	193.4	2095
29.09.2021 00:00	193.4	194.4	192.4	193.8	640
30.09.2021 00:00	197.4	197.4	191.8	192.4	1426
01.10.2021 00:00	191.8	194.8	191.8	192.8	1350
04.10.2021 00:00	192.8	194.4	191.8	192.4	866
05.10.2021 00:00	192.8	193.4	191.4	192.4	1865
06.10.2021 00:00	192.8	195.8	191.8	195.4	4852
07.10.2021 00:00	194.4	195.4	192.8	192.8	1614
08.10.2021 00:00	194.4	195.4	192.8	194.4	1377
11.10.2021 00:00	194.4	207.8	194.4	200.8	11938
12.10.2021 00:00	202.4	204.8	194.8	196.8	3369
13.10.2021 00:00	198.4	202.4	194.8	196.4	3147
14.10.2021 00:00	196.4	200.8	194.8	196.8	2388
15.10.2021 00:00	196.4	200.4	195.4	196.4	1684
18.10.2021 00:00	198.8	200.8	195.8	197.8	1717
19.10.2021 00:00	196.4	204.8	196.4	198.4	5768
20.10.2021 00:00	199.8	208.8	198.4	204.8	4486
21.10.2021 00:00	204.8	271.8	204.8	268.8	374294
22.10.2021 00:00	271.6	273.8	211.8	212.4	186618
25.10.2021 00:00	217.4	221.8	200.8	205.4	63491
26.10.2021 00:00	205.4	208.8	199.4	200.4	20701
27.10.2021 00:00	200.8	216.8	196.8	200.8	50331
28.10.2021 00:00	201.4	208.8	201.4	204.4	14431
29.10.2021 00:00	204.4	207.8	200.4	203.4	9734
01.11.2021 00:00	203.4	206.8	201.4	202.8	5147
02.11.2021 00:00	203.8	205.4	201.8	202.4	5350
03.11.2021 00:00	201.8	204.4	201.4	202.4	5357
05.11.2021 00:00	202.8	203.8	199.8	200.8	6145
08.11.2021 00:00	200.8	207.8	199.8	203.4	8255
09.11.2021 00:00	203.4	203.4	200.8	201.4	4875
10.11.2021 00:00	202.4	203.4	199.4	200.4	5517
11.11.2021 00:00	200.8	200.8	199.4	199.8	4616
12.11.2021 00:00	199.4	200.8	195.4	199.8	7239
15.11.2021 00:00	200.8	201.4	197.8	198.4	5183
16.11.2021 00:00	199.4	200.8	197.4	198.4	2550
17.11.2021 00:00	198.4	199.8	197.4	198.4	3798
18.11.2021 00:00	198.4	199.8	196.8	197.4	3271
19.11.2021 00:00	197.4	197.8	195.8	196.8	3140
22.11.2021 00:00	196.8	197.8	194.8	195.8	3238
23.11.2021 00:00	195.4	197.8	193.8	196.8	2507
24.11.2021 00:00	196.8	212.8	196.8	203.8	28462
25.11.2021 00:00	203.8	206.4	199.8	201.8	4496
26.11.2021 00:00	201.8	202.4	196.8	197.8	6882
29.11.2021 00:00	197.8	199.8	196.8	197.8	3111
30.11.2021 00:00	196.8	198.8	196.4	198.8	1792
01.12.2021 00:00	198.8	199.4	196.4	196.8	5221
02.12.2021 00:00	196.8	197.8	194.8	195.8	4897
03.12.2021 00:00	195.4	198.8	194.8	195.4	3881
06.12.2021 00:00	196.8	197.4	194.8	195.4	3448
07.12.2021 00:00	195.4	196.4	194.8	195.8	1894
08.12.2021 00:00	195.8	196.4	194.8	194.8	1643
09.12.2021 00:00	195.8	195.8	194.4	195.4	1643
10.12.2021 00:00	196.4	196.4	193.4	194.8	2374
13.12.2021 00:00	195.8	195.8	191.8	191.8	2928
14.12.2021 00:00	192.8	192.8	187.8	191.4	3426
15.12.2021 00:00	192.8	208.8	190.8	191.8	12635
16.12.2021 00:00	193.4	199.4	192.8	194.4	4329
17.12.2021 00:00	195.4	195.4	192.8	193.8	799
20.12.2021 00:00	194.8	194.8	191.8	192.8	2852
21.12.2021 00:00	192.8	199.8	192.8	195.8	4894
22.12.2021 00:00	198.4	201.8	194.4	195.4	2838
23.12.2021 00:00	195.8	199.8	193.8	195.4	4681
24.12.2021 00:00	195.4	197.8	192.4	195.4	3958
27.12.2021 00:00	195.8	197.8	192.4	193.8	5216
28.12.2021 00:00	195.4	198.4	192.8	193.8	6250
29.12.2021 00:00	194.4	194.8	192.8	193.4	1587
30.12.2021 00:00	193.8	194.4	191.8	193.4	2470
03.01.2022 00:00	193.8	195.4	193.4	194.8	1914
04.01.2022 00:00	194.8	194.8	193.8	194.8	2015
05.01.2022 00:00	194.4	195.4	193.4	194.4	1316
06.01.2022 00:00	193.8	194.4	191.8	192.8	3961
10.01.2022 00:00	193.4	194.4	192.4	192.4	3077
11.01.2022 00:00	192.4	193.8	191.8	193.4	2425
12.01.2022 00:00	192.4	194.4	192.4	193.8	1595
13.01.2022 00:00	193.8	203.8	190.8	191.8	16220
14.01.2022 00:00	192.8	192.8	189.4	191.4	3342
17.01.2022 00:00	190.4	192.4	189.8	190.8	1409
18.01.2022 00:00	190.8	191.8	178.4	181.8	5324
19.01.2022 00:00	184.4	186.8	178.8	185.4	1450
20.01.2022 00:00	186.8	194.8	180.8	188.8	6172
21.01.2022 00:00	187.8	190.4	180.8	181.8	4758
24.01.2022 00:00	182.4	182.8	136.8	165.4	23807
25.01.2022 00:00	166.8	173.8	155.8	162.4	5242
26.01.2022 00:00	164.4	169.8	162.4	166.8	1945
27.01.2022 00:00	170.4	171.8	165.8	169.4	1430
28.01.2022 00:00	169.4	173.8	169.4	171.8	1040
31.01.2022 00:00	174.4	179.8	172.8	177.4	1864
01.02.2022 00:00	178.4	180.8	173.8	176.4	1804
02.02.2022 00:00	175.8	178.4	174.8	175.8	1120
03.02.2022 00:00	173.8	173.8	165.8	171.4	1331
04.02.2022 00:00	173.4	175.8	171.4	171.4	952
07.02.2022 00:00	172.4	180.8	164.8	168.8	3426
08.02.2022 00:00	169.8	169.8	166.8	169.4	1014
09.02.2022 00:00	171.4	175.4	171.4	174.4	2112
10.02.2022 00:00	175.4	176.8	170.4	171.8	1387
11.02.2022 00:00	171.8	173.4	169.4	170.4	789
14.02.2022 00:00	169.4	169.8	164.4	167.4	1436
15.02.2022 00:00	168.8	171.8	163.8	167.4	2982
16.02.2022 00:00	168.8	170.8	168.4	169.4	1258
17.02.2022 00:00	170.4	170.4	165.8	167.8	1101
18.02.2022 00:00	169.4	169.4	161.4	162.8	1220
21.02.2022 00:00	164.8	164.8	139.8	146.4	5227
22.02.2022 00:00	148.8	154.8	126.80000000000001	147.8	6094
24.02.2022 00:00	133.4	133.8	88.80000000000001	113.80000000000001	9644
25.02.2022 00:00	118.4	144.8	116.80000000000001	133.4	6315
28.03.2022 00:00	146.8	183.8	139.8	165.4	19596
29.03.2022 00:00	181.8	189.8	166.4	173.8	18483
30.03.2022 00:00	175.8	184.4	167.8	174.8	4914
31.03.2022 00:00	169.8	182.8	169.8	178.4	7630
01.04.2022 00:00	178.8	190.8	176.4	183.4	10927
04.04.2022 00:00	188.4	189.4	176.8	183.4	3965
05.04.2022 00:00	186.8	186.8	170.4	172.8	3354
06.04.2022 00:00	173.4	185.4	162.8	177.4	9159
07.04.2022 00:00	181.8	188.4	177.8	183.4	12306
08.04.2022 00:00	184.8	184.8	176.8	179.8	2107
11.04.2022 00:00	179.8	180.8	177.4	177.8	1361
12.04.2022 00:00	179.4	179.8	172.4	175.4	1762
13.04.2022 00:00	174.8	180.8	174.8	177.4	3130
14.04.2022 00:00	178.4	179.8	172.8	175.4	1466
15.04.2022 00:00	175.4	175.4	172.4	172.8	777
18.04.2022 00:00	172.8	175.8	167.8	168.4	1772
19.04.2022 00:00	166.8	171.8	160.4	165.8	2679
20.04.2022 00:00	169.4	172.4	161.8	169.4	2127
21.04.2022 00:00	168.8	205.8	168.8	178.4	38150
22.04.2022 00:00	187.4	193.8	168.4	170.8	25802
25.04.2022 00:00	170.8	170.8	162.8	168.8	4119
26.04.2022 00:00	169.8	179.8	167.8	172.4	6578
27.04.2022 00:00	173.8	179.4	170.4	176.8	6844
28.04.2022 00:00	179.8	189.8	174.8	178.8	25498
29.04.2022 00:00	184.4	185.4	172.8	178.4	7624
04.05.2022 00:00	178.8	181.4	174.8	175.4	3270
05.05.2022 00:00	175.4	182.4	174.8	176.4	5453
06.05.2022 00:00	176.8	177.8	174.8	175.4	2552
11.05.2022 00:00	174.4	178.4	174.4	175.8	2476
12.05.2022 00:00	176.4	177.4	172.8	173.8	1936
13.05.2022 00:00	174.4	175.4	172.4	172.8	1347
16.05.2022 00:00	172.8	177.8	172.8	175.8	1783
17.05.2022 00:00	176.4	185.4	175.4	179.4	11663
18.05.2022 00:00	183.8	183.8	179.4	179.8	2019
19.05.2022 00:00	181.4	182.4	177.8	178.8	2865
20.05.2022 00:00	179.8	179.8	174.8	176.4	2110
23.05.2022 00:00	176.8	178.4	170.8	171.8	3050
24.05.2022 00:00	172.8	174.8	168.8	172.8	2364
25.05.2022 00:00	172.8	174.4	170.4	173.4	1360
26.05.2022 00:00	173.4	174.4	171.4	172.8	1796
27.05.2022 00:00	171.8	175.4	170.8	172.4	3491
30.05.2022 00:00	172.8	175.8	172.4	173.4	2038
31.05.2022 00:00	172.8	173.8	171.8	172.4	1456
01.06.2022 00:00	172.8	172.8	170.4	171.8	1328
02.06.2022 00:00	171.4	172.4	169.8	169.8	2122
03.06.2022 00:00	169.8	171.4	168.4	168.4	1576
06.06.2022 00:00	168.4	170.8	167.8	169.8	1249
07.06.2022 00:00	169.8	169.8	167.8	169.8	2941
08.06.2022 00:00	169.8	170.4	167.8	167.8	1856
09.06.2022 00:00	167.8	168.4	166.8	167.4	1094
10.06.2022 00:00	167.8	168.4	167.4	167.8	1144
14.06.2022 00:00	168.4	171.4	166.8	169.4	3353
15.06.2022 00:00	169.8	170.8	167.8	169.8	1176
16.06.2022 00:00	171.4	172.8	170.4	171.4	2160
17.06.2022 00:00	171.8	171.8	168.4	169.4	2106
20.06.2022 00:00	168.8	178.8	168.8	173.8	7827
21.06.2022 00:00	173.8	186.8	171.8	177.4	20210
22.06.2022 00:00	177.4	177.4	172.8	174.4	2594
23.06.2022 00:00	172.8	176.8	172.4	174.4	2259
24.06.2022 00:00	175.4	182.4	172.8	173.4	3929
27.06.2022 00:00	174.8	178.4	172.8	175.4	2573
28.06.2022 00:00	175.8	177.4	173.8	174.8	3221
29.06.2022 00:00	174.8	176.8	173.4	174.8	1839
30.06.2022 00:00	175.8	175.8	170.4	171.8	3240
01.07.2022 00:00	170.4	173.4	169.4	171.4	1971
04.07.2022 00:00	172.4	174.4	171.4	172.8	1812
05.07.2022 00:00	172.8	173.8	170.8	172.4	1728
06.07.2022 00:00	172.8	174.4	170.4	171.8	2907
07.07.2022 00:00	170.8	178.4	169.8	172.4	3122
08.07.2022 00:00	172.4	176.4	171.8	174.8	1949
11.07.2022 00:00	174.4	177.4	171.4	172.4	1883
12.07.2022 00:00	172.8	173.8	170.8	172.4	1177
13.07.2022 00:00	171.4	184.4	171.4	173.4	13843
14.07.2022 00:00	173.4	175.8	172.4	173.8	1057
15.07.2022 00:00	174.8	175.4	172.4	173.4	1633
18.07.2022 00:00	173.8	175.8	173.4	173.8	661
19.07.2022 00:00	175.8	176.4	172.4	173.8	1746
20.07.2022 00:00	174.4	174.8	172.8	173.8	1280
21.07.2022 00:00	173.4	174.4	171.8	172.8	1442
22.07.2022 00:00	172.8	173.4	171.4	171.8	2889
25.07.2022 00:00	172.4	173.8	171.8	172.8	2087
26.07.2022 00:00	173.4	173.8	172.4	172.4	1797
27.07.2022 00:00	173.4	175.8	172.4	173.4	1526
28.07.2022 00:00	173.4	173.8	172.4	172.8	1076
29.07.2022 00:00	172.4	173.8	172.4	173.4	862
01.08.2022 00:00	172.4	175.8	172.4	172.8	2189
02.08.2022 00:00	172.8	179.4	172.4	173.4	7243
03.08.2022 00:00	173.4	174.8	172.8	173.8	2214
04.08.2022 00:00	173.8	174.4	172.8	172.8	1308
05.08.2022 00:00	172.8	173.8	171.8	171.8	3143
08.08.2022 00:00	173.4	173.4	171.8	172.8	1876
09.08.2022 00:00	172.8	173.8	171.8	172.8	2046
10.08.2022 00:00	172.8	173.8	172.4	173.4	825
11.08.2022 00:00	173.4	173.8	172.4	173.4	886
12.08.2022 00:00	172.8	173.8	172.8	173.4	1593
15.08.2022 00:00	172.8	177.4	172.8	175.8	4129
16.08.2022 00:00	176.4	190.4	175.4	178.4	17178
17.08.2022 00:00	184.4	188.8	181.4	184.8	10897
18.08.2022 00:00	187.8	189.8	182.8	182.8	5271
19.08.2022 00:00	182.4	183.4	172.8	181.8	3709
22.08.2022 00:00	181.8	181.8	177.8	179.8	1736
23.08.2022 00:00	181.8	181.8	179.8	180.8	1241
24.08.2022 00:00	181.4	183.8	179.8	180.8	1275
25.08.2022 00:00	182.4	185.8	180.8	182.4	2427
26.08.2022 00:00	181.4	184.4	180.8	181.8	1679
29.08.2022 00:00	191.4	198.4	184.8	194.4	21013
30.08.2022 00:00	194.8	195.4	188.8	192.4	5144
31.08.2022 00:00	189.8	193.4	189.4	190.4	2585
01.09.2022 00:00	189.8	194.8	189.8	192.4	2228
02.09.2022 00:00	194.8	194.8	191.4	194.4	2447
05.09.2022 00:00	194.8	197.8	190.4	192.8	8726
06.09.2022 00:00	194.8	194.8	188.8	188.8	4446
07.09.2022 00:00	189.4	192.4	188.8	191.8	2681
08.09.2022 00:00	192.8	195.4	189.8	192.8	4190
09.09.2022 00:00	193.8	195.8	191.4	192.4	3134
12.09.2022 00:00	192.4	194.4	190.8	192.4	2113
13.09.2022 00:00	192.8	193.4	190.8	190.8	2384
14.09.2022 00:00	192.4	192.8	184.8	187.8	6025
15.09.2022 00:00	188.8	194.8	187.4	191.8	7105
16.09.2022 00:00	193.4	199.4	188.8	191.4	16790
19.09.2022 00:00	192.8	194.8	191.8	192.4	3973
20.09.2022 00:00	193.8	214.8	170.4	177.8	46928
21.09.2022 00:00	169.4	186.8	151.4	177.8	11751
22.09.2022 00:00	178.4	183.8	175.8	178.4	4570
23.09.2022 00:00	176.8	178.8	156.4	166.8	15840
26.09.2022 00:00	167.8	169.4	149.8	158.4	9195
27.09.2022 00:00	158.8	176.8	156.8	165.4	10798
28.09.2022 00:00	166.8	174.8	162.8	164.8	8171
29.09.2022 00:00	165.8	169.4	156.8	157.4	4387
30.09.2022 00:00	155.4	163.4	154.8	162.4	6815
03.10.2022 00:00	165.8	168.8	162.8	166.8	4414
04.10.2022 00:00	168.4	173.8	165.8	170.4	5178
05.10.2022 00:00	170.4	176.4	162.4	169.4	6283
06.10.2022 00:00	170.8	173.8	168.4	169.4	4671
07.10.2022 00:00	171.8	171.8	164.8	166.4	2633
10.10.2022 00:00	161.8	169.8	161.4	168.4	2523
11.10.2022 00:00	165.8	171.8	165.8	170.8	3013
12.10.2022 00:00	171.4	177.4	168.4	169.8	5566
13.10.2022 00:00	171.8	177.4	169.8	170.8	2551
14.10.2022 00:00	171.4	173.8	168.8	172.4	4848
17.10.2022 00:00	173.4	179.8	171.8	177.8	8097
18.10.2022 00:00	174.8	179.8	174.4	178.4	5083
19.10.2022 00:00	178.4	179.8	173.4	176.8	4499
20.10.2022 00:00	176.8	185.8	173.8	179.8	8317
21.10.2022 00:00	181.4	181.8	177.4	179.8	1717
24.10.2022 00:00	180.4	183.8	178.8	179.4	3658
25.10.2022 00:00	183.4	183.4	179.4	180.8	1912
26.10.2022 00:00	180.8	182.4	178.8	179.8	4024
27.10.2022 00:00	181.8	182.8	180.4	181.4	3479
28.10.2022 00:00	181.8	182.4	175.8	179.8	3269
31.10.2022 00:00	179.8	180.8	177.8	180.8	1412
01.11.2022 00:00	181.8	181.8	179.8	181.4	1726
02.11.2022 00:00	181.8	181.8	179.8	180.8	1030
03.11.2022 00:00	180.4	180.8	177.8	178.8	1554
07.11.2022 00:00	180.8	180.8	179.4	180.8	1461
08.11.2022 00:00	180.8	181.4	179.4	180.4	1217
09.11.2022 00:00	180.4	184.8	177.4	177.8	6381
10.11.2022 00:00	177.8	180.4	176.8	178.8	2733
11.11.2022 00:00	180.8	181.4	179.4	179.8	3041
14.11.2022 00:00	180.8	184.8	179.8	182.8	6982
15.11.2022 00:00	183.8	184.4	181.8	182.8	3162
16.11.2022 00:00	179.8	183.4	179.8	182.4	1542
17.11.2022 00:00	182.8	185.8	181.4	181.4	3752
18.11.2022 00:00	182.4	182.4	179.8	180.4	1296
21.11.2022 00:00	180.4	181.8	178.4	179.4	1641
22.11.2022 00:00	178.8	180.8	178.8	179.4	1237
23.11.2022 00:00	179.4	180.4	178.8	179.8	1944
24.11.2022 00:00	179.8	181.8	179.8	179.8	3873
25.11.2022 00:00	180.4	181.8	179.4	179.4	3676
28.11.2022 00:00	179.8	181.8	178.8	179.8	2605
29.11.2022 00:00	180.8	217.8	179.8	200.8	116958
30.11.2022 00:00	202.8	211.8	184.8	185.4	74780
01.12.2022 00:00	187.8	193.4	183.4	186.4	18246
02.12.2022 00:00	187.4	197.8	186.4	187.4	28580
05.12.2022 00:00	191.4	197.8	189.4	191.8	23647
06.12.2022 00:00	193.4	195.8	189.8	191.8	11020
07.12.2022 00:00	191.8	196.4	191.8	192.8	12018
08.12.2022 00:00	194.4	194.8	189.8	190.4	6539
09.12.2022 00:00	190.4	190.8	184.8	187.4	5953
12.12.2022 00:00	188.4	189.8	185.8	186.8	3135
13.12.2022 00:00	186.8	193.8	186.4	188.4	10349
14.12.2022 00:00	188.8	189.4	185.8	186.4	3056
15.12.2022 00:00	186.4	187.8	182.8	183.8	9950
16.12.2022 00:00	182.8	188.8	181.4	184.8	7639
19.12.2022 00:00	185.4	190.8	182.4	188.8	11628
20.12.2022 00:00	189.8	194.8	188.8	191.4	9788
21.12.2022 00:00	192.8	194.4	186.8	189.8	4673
22.12.2022 00:00	190.4	196.8	190.4	192.8	11135
23.12.2022 00:00	190.4	206.8	189.8	191.4	48944
26.12.2022 00:00	191.8	199.4	188.8	192.8	19610
27.12.2022 00:00	194.8	204.8	192.8	199.8	60964
28.12.2022 00:00	200.8	204.4	192.4	195.8	20795
29.12.2022 00:00	197.8	197.8	192.4	193.4	12214
30.12.2022 00:00	194.4	194.4	189.8	189.8	9503
03.01.2023 00:00	191.4	194.4	189.8	192.8	8498
04.01.2023 00:00	192.4	193.8	191.8	193.4	2644
05.01.2023 00:00	193.4	193.4	190.4	190.8	4052
06.01.2023 00:00	191.4	196.8	189.8	191.8	16982
09.01.2023 00:00	192.8	194.8	192.4	194.4	3994
10.01.2023 00:00	194.4	194.4	191.8	192.8	3838
11.01.2023 00:00	192.8	194.8	192.8	194.4	5836
12.01.2023 00:00	193.8	204.8	193.8	196.4	40565
13.01.2023 00:00	196.8	197.4	194.4	195.4	5689
16.01.2023 00:00	196.4	204.8	195.8	202.4	42464
17.01.2023 00:00	202.4	205.4	197.8	199.8	19367
18.01.2023 00:00	199.8	202.4	197.8	198.4	6979
19.01.2023 00:00	202.8	202.8	196.8	197.8	9046
20.01.2023 00:00	197.8	200.8	188.8	194.8	19240
23.01.2023 00:00	195.4	198.4	191.8	197.4	9826
24.01.2023 00:00	198.4	198.4	194.8	195.4	5156
25.01.2023 00:00	194.8	199.4	193.8	197.4	12171
26.01.2023 00:00	198.4	198.4	196.4	196.8	7066
27.01.2023 00:00	198.4	198.4	194.8	195.8	7284
30.01.2023 00:00	195.8	197.8	195.8	196.8	2499
31.01.2023 00:00	197.4	203.8	196.8	200.8	23394
01.02.2023 00:00	201.4	218.8	198.4	199.4	135691
02.02.2023 00:00	200.4	205.4	199.8	201.8	34111
03.02.2023 00:00	203.8	203.8	199.4	201.4	15964
06.02.2023 00:00	201.4	206.8	200.8	205.4	40632
07.02.2023 00:00	206.4	206.8	202.8	203.8	15888
08.02.2023 00:00	204.8	205.4	199.8	202.8	26658
09.02.2023 00:00	202.8	211.8	200.8	205.8	107052
10.02.2023 00:00	207.4	212.8	201.8	204.4	88221
13.02.2023 00:00	205.8	208.8	201.8	203.8	31013
14.02.2023 00:00	203.8	205.4	199.8	200.4	20227
15.02.2023 00:00	199.8	200.8	194.8	196.8	27932
16.02.2023 00:00	196.8	200.4	196.8	197.8	11468
17.02.2023 00:00	198.8	199.8	194.8	194.8	16196
20.02.2023 00:00	195.4	215.8	194.4	202.4	180890
21.02.2023 00:00	204.8	209.4	199.8	201.4	34827
22.02.2023 00:00	202.8	203.4	197.8	198.8	14627
24.02.2023 00:00	199.8	204.4	199.4	200.8	17332
27.02.2023 00:00	200.8	203.4	200.4	202.4	8922
28.02.2023 00:00	202.8	204.8	201.8	203.8	13101
01.03.2023 00:00	204.4	206.8	203.8	204.8	25655
02.03.2023 00:00	205.4	206.8	197.8	201.4	24844
03.03.2023 00:00	201.8	204.8	200.8	202.4	14975
06.03.2023 00:00	204.4	207.4	203.4	205.4	32063
07.03.2023 00:00	205.4	206.4	204.4	205.4	17461
09.03.2023 00:00	205.8	211.8	204.8	207.4	53083
10.03.2023 00:00	208.4	210.4	203.4	204.8	29096
13.03.2023 00:00	207.8	210.8	205.4	206.8	22246
14.03.2023 00:00	207.4	209.8	205.8	208.4	14534
15.03.2023 00:00	208.8	209.4	205.4	205.4	9867
16.03.2023 00:00	206.8	206.8	203.8	204.8	6662
17.03.2023 00:00	205.8	207.8	204.4	205.4	8524
20.03.2023 00:00	205.8	206.8	203.4	203.8	12488
21.03.2023 00:00	203.8	205.4	203.4	203.8	6402
22.03.2023 00:00	204.4	206.8	203.8	204.8	6245
23.03.2023 00:00	205.8	209.8	205.4	206.4	23190
24.03.2023 00:00	206.8	207.4	204.4	206.4	7854
27.03.2023 00:00	206.8	226.4	205.4	212.8	203814
28.03.2023 00:00	213.8	221.8	211.8	217.8	84551
29.03.2023 00:00	218.4	219.8	214.8	215.4	28154
30.03.2023 00:00	215.8	216.4	212.4	215.8	15447
31.03.2023 00:00	216.4	216.8	210.4	214.4	23690
03.04.2023 00:00	215.8	226.4	211.4	216.8	95738
04.04.2023 00:00	217.4	230.8	216.8	220.8	122640
05.04.2023 00:00	221.8	262.8	215.8	251.8	446281
06.04.2023 00:00	268.8	284.6	254.4	255.8	369087
07.04.2023 00:00	258.8	271.6	251.8	255.4	101488
10.04.2023 00:00	259.6	268.8	256.6	266.8	93686
11.04.2023 00:00	271.6	282.6	243.8	259.8	475753
12.04.2023 00:00	259.8	264.6	253.4	258.8	50312
13.04.2023 00:00	258.8	259.8	247.8	249.8	28707
14.04.2023 00:00	250.8	266.6	248.4	252.8	85775
17.04.2023 00:00	254.4	261.8	252.8	259.6	49569
18.04.2023 00:00	260.6	264.6	256.6	258.6	44906
19.04.2023 00:00	258.6	260.8	249.8	254.4	23592
20.04.2023 00:00	255.8	255.8	247.8	251.4	22070
21.04.2023 00:00	255.4	261.8	252.8	255.4	55876
24.04.2023 00:00	257.6	257.6	252.8	253.8	14125
25.04.2023 00:00	254.8	265.8	254.8	258.6	49342
26.04.2023 00:00	258.8	267.8	257.8	263.6	54913
27.04.2023 00:00	263.8	263.8	257.8	259.6	15238
28.04.2023 00:00	261.8	261.8	253.8	256.8	11707
02.05.2023 00:00	260.6	260.6	235.8	242.4	24516
03.05.2023 00:00	241.8	253.4	237.4	241.4	24145
04.05.2023 00:00	248.4	257.6	241.8	250.8	42396
05.05.2023 00:00	254.8	254.8	245.4	249.8	17831
08.05.2023 00:00	252.4	252.4	245.8	246.8	3094
10.05.2023 00:00	250.8	257.8	247.8	256.6	17821
11.05.2023 00:00	259.8	264.8	257.6	261.6	33456
12.05.2023 00:00	261.6	264.8	254.8	259.6	22315
15.05.2023 00:00	263.6	264.8	257.8	260.8	14723
16.05.2023 00:00	261.8	275.6	259.0	269.8	125114
17.05.2023 00:00	273.6	294.6	270.0	284.0	270494
18.05.2023 00:00	285.0	285.6	269.8	270.6	77648
19.05.2023 00:00	270.8	276.0	262.8	273.6	45473
22.05.2023 00:00	277.6	277.8	268.2	268.8	14331
23.05.2023 00:00	271.2	272.6	263.8	271.2	12567
24.05.2023 00:00	272.8	283.8	268.2	283.8	64184
25.05.2023 00:00	284.2	285.8	272.0	278.2	24575
26.05.2023 00:00	281.6	284.8	269.8	276.0	55568
29.05.2023 00:00	278.2	284.8	274.8	278.2	44958
30.05.2023 00:00	275.8	284.8	271.8	280.6	39878
31.05.2023 00:00	282.8	289.8	275.8	282.8	77725
01.06.2023 00:00	285.6	288.8	280.2	284.8	52558
02.06.2023 00:00	285.2	287.6	279.8	280.2	22996
05.06.2023 00:00	280.6	284.8	269.8	272.2	28218
06.06.2023 00:00	271.8	276.6	267.8	274.6	23589
07.06.2023 00:00	276.8	286.6	275.6	281.0	32509
08.06.2023 00:00	281.0	283.8	276.6	279.2	10866
09.06.2023 00:00	281.2	282.6	274.8	275.8	11274
13.06.2023 00:00	279.8	285.6	277.2	284.8	24098
14.06.2023 00:00	286.8	291.6	282.8	287.6	53064
15.06.2023 00:00	288.2	288.2	283.6	285.2	12038
16.06.2023 00:00	286.2	286.2	279.8	282.8	10215
19.06.2023 00:00	285.0	291.8	282.8	287.6	39759
20.06.2023 00:00	288.6	305.8	287.8	297.0	162475
21.06.2023 00:00	298.6	352.8	296.0	325.8	401307
22.06.2023 00:00	329.0	367.20000000000005	327.6	349.8	418951
23.06.2023 00:00	354.20000000000005	368.8	329.8	331.0	180244
26.06.2023 00:00	332.8	348.6	312.0	329.20000000000005	96781
27.06.2023 00:00	334.6	341.20000000000005	330.0	331.20000000000005	51191
28.06.2023 00:00	331.8	332.8	322.0	324.8	23880
29.06.2023 00:00	324.8	348.0	324.8	337.8	171179
30.06.2023 00:00	340.8	347.8	329.8	333.8	42595
03.07.2023 00:00	335.8	342.6	332.8	333.6	18526
04.07.2023 00:00	338.8	338.8	325.0	330.20000000000005	15443
05.07.2023 00:00	330.20000000000005	337.6	326.6	327.8	33226
06.07.2023 00:00	328.8	337.6	328.20000000000005	334.0	23847
07.07.2023 00:00	336.8	339.8	334.20000000000005	335.6	15804
10.07.2023 00:00	337.8	342.8	335.8	338.20000000000005	18519
11.07.2023 00:00	339.6	341.6	337.0	337.6	18556
12.07.2023 00:00	339.20000000000005	341.8	335.20000000000005	337.8	39983
13.07.2023 00:00	337.8	339.0	331.8	338.6	32860
14.07.2023 00:00	333.6	335.6	331.6	333.20000000000005	23954
17.07.2023 00:00	329.8	335.8	327.0	333.8	19918
18.07.2023 00:00	334.20000000000005	339.6	334.20000000000005	339.0	24198
19.07.2023 00:00	340.20000000000005	344.8	330.6	335.6	34557
20.07.2023 00:00	337.8	337.8	331.6	333.6	13491
21.07.2023 00:00	334.8	344.8	330.6	342.6	52584
24.07.2023 00:00	343.8	358.6	340.8	356.20000000000005	91698
25.07.2023 00:00	359.8	361.6	352.8	356.6	48929
26.07.2023 00:00	357.8	360.6	352.8	354.20000000000005	28865
27.07.2023 00:00	354.8	357.20000000000005	343.6	349.6	37938
28.07.2023 00:00	349.8	349.8	340.6	344.20000000000005	28224
31.07.2023 00:00	348.20000000000005	349.8	344.8	345.20000000000005	17247
01.08.2023 00:00	348.8	367.8	345.6	360.8	157573
02.08.2023 00:00	362.0	366.8	350.8	355.6	38878
03.08.2023 00:00	360.6	374.6	356.0	366.6	170541
04.08.2023 00:00	369.8	381.8	318.6	352.8	194620
07.08.2023 00:00	354.8	362.20000000000005	349.8	351.8	42334
08.08.2023 00:00	349.8	351.20000000000005	335.6	347.8	32022
09.08.2023 00:00	349.0	356.8	347.0	349.0	24411
10.08.2023 00:00	349.0	353.8	348.8	349.0	15742
11.08.2023 00:00	351.8	353.8	349.8	350.6	14260
14.08.2023 00:00	351.6	359.8	340.0	345.20000000000005	68554
15.08.2023 00:00	342.6	349.20000000000005	330.0	343.8	22844
16.08.2023 00:00	347.20000000000005	349.0	319.8	332.20000000000005	45197
17.08.2023 00:00	335.6	336.8	326.20000000000005	334.8	17203
18.08.2023 00:00	336.8	338.0	329.20000000000005	337.8	10732
21.08.2023 00:00	339.8	344.8	338.8	341.6	12284
22.08.2023 00:00	341.6	347.8	339.8	343.20000000000005	17802
23.08.2023 00:00	346.20000000000005	346.20000000000005	338.0	340.6	10001
24.08.2023 00:00	339.0	342.6	329.8	337.20000000000005	13696
25.08.2023 00:00	338.8	342.8	337.8	339.0	10297
28.08.2023 00:00	341.6	343.20000000000005	338.6	342.8	15072
29.08.2023 00:00	343.6	346.20000000000005	335.0	339.0	30505
30.08.2023 00:00	343.0	352.0	339.20000000000005	350.20000000000005	50204
31.08.2023 00:00	351.6	357.8	343.20000000000005	349.6	55933
01.09.2023 00:00	351.8	352.20000000000005	345.6	347.0	21516
04.09.2023 00:00	348.6	357.6	348.20000000000005	354.6	77820
05.09.2023 00:00	355.8	357.20000000000005	345.6	350.8	49553
06.09.2023 00:00	352.6	352.6	342.0	348.20000000000005	19189
07.09.2023 00:00	348.20000000000005	350.6	327.8	332.8	43701
08.09.2023 00:00	332.8	339.6	322.0	337.6	22755
11.09.2023 00:00	338.0	356.8	330.8	332.0	103021
12.09.2023 00:00	333.6	341.6	332.8	336.6	23255
13.09.2023 00:00	337.0	339.8	329.0	333.8	21162
14.09.2023 00:00	330.0	338.6	282.8	327.20000000000005	91788
15.09.2023 00:00	328.0	335.8	321.6	335.6	19082
18.09.2023 00:00	334.6	339.6	315.0	319.6	57253
19.09.2023 00:00	319.8	323.6	307.8	313.20000000000005	29825
20.09.2023 00:00	310.8	317.8	300.2	313.8	46056
21.09.2023 00:00	315.8	316.0	302.8	308.6	22502
22.09.2023 00:00	306.6	322.20000000000005	300.8	312.8	22350
25.09.2023 00:00	314.8	316.8	308.6	312.6	12913
26.09.2023 00:00	314.8	314.8	307.20000000000005	312.0	6375
27.09.2023 00:00	313.20000000000005	319.6	311.0	319.6	19145
28.09.2023 00:00	319.6	322.6	316.6	320.8	17415
29.09.2023 00:00	321.8	324.6	316.6	324.6	27130
02.10.2023 00:00	325.20000000000005	333.8	321.8	322.20000000000005	28984
03.10.2023 00:00	320.8	321.6	313.8	317.8	20114
04.10.2023 00:00	318.20000000000005	319.6	314.20000000000005	314.20000000000005	10259
05.10.2023 00:00	316.8	316.8	308.0	310.20000000000005	13871
06.10.2023 00:00	310.8	311.8	306.8	308.20000000000005	7820
09.10.2023 00:00	309.8	312.0	304.8	305.0	19928
10.10.2023 00:00	305.8	307.20000000000005	297.8	303.8	43237
11.10.2023 00:00	304.6	304.6	296.8	298.0	26720
12.10.2023 00:00	295.8	297.6	290.6	292.6	24314
13.10.2023 00:00	293.8	301.8	293.8	298.0	47992
16.10.2023 00:00	299.8	305.6	298.8	304.6	42160
17.10.2023 00:00	305.8	305.8	297.0	299.8	26630
18.10.2023 00:00	300.0	304.6	295.6	299.6	21830
19.10.2023 00:00	299.6	300.6	296.6	296.8	14603
20.10.2023 00:00	298.8	299.6	288.8	292.6	24084
23.10.2023 00:00	293.6	297.8	290.0	293.0	20082
24.10.2023 00:00	294.0	294.6	291.6	292.8	9027
25.10.2023 00:00	291.8	293.8	289.6	290.8	13345
26.10.2023 00:00	291.0	296.8	287.6	288.6	16675
27.10.2023 00:00	290.8	291.6	285.8	288.8	12501
30.10.2023 00:00	291.6	295.8	288.0	293.2	12407
31.10.2023 00:00	293.6	295.2	286.6	291.0	12195
01.11.2023 00:00	292.6	292.6	288.6	291.0	4291
02.11.2023 00:00	291.8	299.8	291.0	291.0	36798
03.11.2023 00:00	291.8	295.6	290.8	293.2	10989
06.11.2023 00:00	295.8	297.6	294.2	296.6	9013
07.11.2023 00:00	295.8	301.8	295.8	300.2	19967
08.11.2023 00:00	301.6	304.6	300.6	301.2	18495
09.11.2023 00:00	301.8	301.8	291.6	300.6	30347
10.11.2023 00:00	300.6	300.6	293.6	294.0	11764
13.11.2023 00:00	294.2	296.6	289.8	290.2	11152
14.11.2023 00:00	287.8	290.2	262.6	271.6	48861
15.11.2023 00:00	271.6	297.8	262.6	291.2	61490
16.11.2023 00:00	291.6	306.6	282.8	300.6	104285
17.11.2023 00:00	297.8	302.2	288.8	296.8	36964
20.11.2023 00:00	296.8	304.2	296.8	299.6	18467
21.11.2023 00:00	299.6	302.2	291.6	293.6	16081
22.11.2023 00:00	293.6	297.6	293.6	294.8	7593
23.11.2023 00:00	294.8	299.8	287.6	288.8	17373
24.11.2023 00:00	289.8	291.8	286.2	288.6	8525
27.11.2023 00:00	288.6	291.8	273.0	286.6	45800
28.11.2023 00:00	285.8	286.2	276.8	281.6	17437
29.11.2023 00:00	281.8	287.8	281.8	284.2	14420
30.11.2023 00:00	284.6	285.0	274.0	276.2	14980
01.12.2023 00:00	278.6	280.6	270.2	274.8	14407
04.12.2023 00:00	274.6	275.6	255.8	259.6	41602
05.12.2023 00:00	255.0	261.6	246.20000000000002	251.8	39632
06.12.2023 00:00	252.8	259.0	238.60000000000002	238.60000000000002	37924
07.12.2023 00:00	235.4	240.8	227.8	237.8	61386
08.12.2023 00:00	237.60000000000002	248.8	235.0	242.20000000000002	27779
11.12.2023 00:00	242.0	245.0	236.8	240.60000000000002	12212
12.12.2023 00:00	241.8	245.8	239.8	242.0	18617
13.12.2023 00:00	241.8	256.6	240.0	253.20000000000002	36260
14.12.2023 00:00	254.8	257.8	245.0	246.8	19807
15.12.2023 00:00	246.8	253.60000000000002	237.20000000000002	252.4	26013
18.12.2023 00:00	257.6	263.6	251.60000000000002	263.6	26728
19.12.2023 00:00	264.6	266.6	255.4	256.2	25229
20.12.2023 00:00	260.2	270.8	256.8	268.0	42173
21.12.2023 00:00	267.8	274.6	262.8	271.8	16202
22.12.2023 00:00	267.8	284.8	265.2	281.0	42928
25.12.2023 00:00	282.0	292.6	282.0	287.6	43215
26.12.2023 00:00	287.8	290.8	279.8	283.6	21121
27.12.2023 00:00	281.8	283.8	270.6	270.8	41036
28.12.2023 00:00	269.8	272.8	260.8	262.0	23528
29.12.2023 00:00	262.2	267.6	262.0	263.2	14595
03.01.2024 00:00	264.8	276.8	263.6	272.0	10456
04.01.2024 00:00	274.8	275.8	269.0	269.6	7761
05.01.2024 00:00	269.6	271.8	263.8	267.2	13171
08.01.2024 00:00	267.8	271.6	267.2	270.8	7364
09.01.2024 00:00	271.2	275.8	269.8	273.0	10382
10.01.2024 00:00	273.0	279.6	273.0	276.6	23043
11.01.2024 00:00	278.0	278.0	271.8	274.6	9100
12.01.2024 00:00	277.2	277.8	273.0	274.0	11370
15.01.2024 00:00	274.0	277.6	272.0	273.8	6896
16.01.2024 00:00	273.8	279.6	269.8	275.2	23292
17.01.2024 00:00	273.8	277.6	273.8	275.6	4263
18.01.2024 00:00	275.8	281.0	271.8	275.6	17008
19.01.2024 00:00	275.2	275.2	271.8	272.6	6095
22.01.2024 00:00	273.8	275.2	270.8	273.6	6131
23.01.2024 00:00	271.8	276.6	271.8	274.8	4070
24.01.2024 00:00	275.2	279.6	274.2	276.6	11164
25.01.2024 00:00	277.8	278.6	273.6	274.0	10645
26.01.2024 00:00	275.0	277.6	273.8	274.2	5739
29.01.2024 00:00	277.8	282.2	272.0	277.8	36739
30.01.2024 00:00	279.6	288.8	277.8	288.6	56222
31.01.2024 00:00	288.6	289.8	285.0	288.6	16621
01.02.2024 00:00	288.8	288.8	281.0	282.0	15026
02.02.2024 00:00	282.6	283.6	279.8	281.6	8139
05.02.2024 00:00	281.6	284.2	281.2	283.0	5228
06.02.2024 00:00	283.8	284.0	280.2	280.8	5116
07.02.2024 00:00	280.8	288.8	279.8	284.0	13005
08.02.2024 00:00	284.0	284.6	277.2	278.6	14167
09.02.2024 00:00	279.2	279.2	275.0	275.6	6332
12.02.2024 00:00	274.8	274.8	254.0	267.2	35867
13.02.2024 00:00	267.6	271.0	266.8	268.6	6901
14.02.2024 00:00	270.0	272.6	268.6	269.6	6649
15.02.2024 00:00	269.6	278.0	268.0	276.6	11300
16.02.2024 00:00	276.6	278.2	269.8	270.8	8743
19.02.2024 00:00	273.6	274.2	269.8	270.8	4504
20.02.2024 00:00	270.8	272.2	263.2	264.6	9242
21.02.2024 00:00	260.8	264.2	250.20000000000002	253.8	20472
22.02.2024 00:00	254.20000000000002	259.0	252.0	255.20000000000002	6129
26.02.2024 00:00	260.8	263.2	259.2	261.6	6205
27.02.2024 00:00	261.8	266.6	261.8	265.8	7268
28.02.2024 00:00	266.0	273.6	264.8	270.8	12129
29.02.2024 00:00	270.8	273.0	263.6	264.2	16151
01.03.2024 00:00	265.2	265.8	259.0	259.8	10279
04.03.2024 00:00	260.8	264.0	254.20000000000002	255.8	29017
05.03.2024 00:00	256.0	259.8	254.20000000000002	257.2	11556
06.03.2024 00:00	258.2	265.6	255.20000000000002	260.2	23650
07.03.2024 00:00	262.6	263.0	259.8	259.8	5141
11.03.2024 00:00	261.8	263.6	258.8	260.0	5599
12.03.2024 00:00	260.6	260.6	257.0	259.6	5627
13.03.2024 00:00	259.8	262.6	257.8	258.8	5516
14.03.2024 00:00	259.6	259.6	251.60000000000002	255.20000000000002	10630
15.03.2024 00:00	253.8	257.8	252.0	255.4	5599
18.03.2024 00:00	256.6	257.8	254.8	254.8	4152
19.03.2024 00:00	255.0	262.8	255.0	257.0	16874
20.03.2024 00:00	256.8	262.8	255.8	256.8	6978
21.03.2024 00:00	258.8	262.6	257.6	258.8	3688
22.03.2024 00:00	260.6	260.6	252.4	253.8	9098
25.03.2024 00:00	253.8	255.60000000000002	251.0	254.0	5943
26.03.2024 00:00	255.8	255.8	254.0	255.8	5184
27.03.2024 00:00	256.0	258.6	253.8	255.60000000000002	5490
28.03.2024 00:00	257.0	257.6	253.8	254.60000000000002	3334
29.03.2024 00:00	255.4	256.2	253.60000000000002	254.0	4148
01.04.2024 00:00	254.0	279.0	254.0	279.0	57605
02.04.2024 00:00	282.8	291.0	276.0	278.6	190304
03.04.2024 00:00	277.8	288.8	272.2	279.6	63464
04.04.2024 00:00	279.8	285.2	279.8	280.8	16514
05.04.2024 00:00	278.8	283.6	274.6	278.6	23227
08.04.2024 00:00	279.0	289.8	279.0	283.0	23779
09.04.2024 00:00	286.8	286.8	279.8	280.6	18078
10.04.2024 00:00	282.6	299.2	280.6	297.6	166066
11.04.2024 00:00	300.8	304.6	290.0	294.0	170441
12.04.2024 00:00	294.0	297.6	290.0	290.0	16180
15.04.2024 00:00	294.8	304.0	293.6	300.2	71307
16.04.2024 00:00	300.2	304.8	293.0	295.6	30114
17.04.2024 00:00	296.6	300.6	294.0	296.2	15059
18.04.2024 00:00	296.2	297.6	290.6	293.6	11037
19.04.2024 00:00	293.8	294.8	288.8	290.6	13173
22.04.2024 00:00	290.0	301.6	290.0	299.6	25721
23.04.2024 00:00	299.8	309.0	299.8	300.0	68249
24.04.2024 00:00	300.6	304.6	295.8	300.6	17756
25.04.2024 00:00	300.6	301.8	287.8	293.6	20017
26.04.2024 00:00	295.8	300.8	292.2	297.0	16639
27.04.2024 00:00	298.8	300.6	295.6	297.2	9462
29.04.2024 00:00	297.2	297.8	293.8	296.0	6002
30.04.2024 00:00	297.0	297.6	293.8	296.0	5778
02.05.2024 00:00	294.8	299.6	290.2	293.0	24805
03.05.2024 00:00	293.2	296.0	291.2	292.8	6561
06.05.2024 00:00	293.6	303.8	291.8	301.0	52481
07.05.2024 00:00	303.6	306.6	293.8	296.0	27668
08.05.2024 00:00	297.8	298.6	295.8	295.8	6921
10.05.2024 00:00	295.6	302.0	295.6	298.8	8195
13.05.2024 00:00	299.2	307.8	299.2	304.0	22956
14.05.2024 00:00	309.8	312.8	306.6	308.0	55502
15.05.2024 00:00	309.8	313.6	308.6	312.6	20776
16.05.2024 00:00	312.8	314.8	304.8	306.8	21298
17.05.2024 00:00	307.20000000000005	308.6	301.0	302.8	12604
20.05.2024 00:00	303.2	304.8	296.2	297.8	20680
21.05.2024 00:00	298.8	299.6	291.0	294.0	14338
22.05.2024 00:00	294.0	299.0	292.2	296.2	7108
23.05.2024 00:00	297.6	299.6	289.6	291.6	11931
24.05.2024 00:00	294.6	294.6	277.8	285.8	22566
27.05.2024 00:00	286.0	287.6	270.0	273.0	25333
28.05.2024 00:00	273.6	280.8	272.6	276.6	9471
29.05.2024 00:00	277.8	277.8	266.6	267.2	18329
30.05.2024 00:00	267.8	275.8	264.8	270.0	13195
31.05.2024 00:00	269.6	269.8	259.0	262.2	14887
03.06.2024 00:00	263.8	267.6	243.4	258.8	36812
04.06.2024 00:00	258.8	279.6	256.0	271.0	18115
05.06.2024 00:00	268.0	278.8	265.0	268.8	13829
06.06.2024 00:00	268.8	274.6	266.0	269.6	7489
07.06.2024 00:00	269.8	278.6	269.8	276.8	10474
10.06.2024 00:00	279.6	287.8	276.8	278.8	18256
11.06.2024 00:00	279.8	279.8	265.2	275.2	21566
13.06.2024 00:00	254.8	273.6	254.8	269.0	9009
14.06.2024 00:00	269.0	277.6	268.8	274.6	9304
17.06.2024 00:00	280.8	282.6	271.8	272.6	8127
18.06.2024 00:00	273.2	276.0	265.8	266.0	6434
19.06.2024 00:00	264.8	267.6	249.8	256.8	13270
20.06.2024 00:00	254.20000000000002	266.6	254.0	263.2	12318
21.06.2024 00:00	263.2	266.6	258.0	262.0	2770
24.06.2024 00:00	262.8	271.2	262.8	266.6	12435
25.06.2024 00:00	264.8	267.6	261.2	263.6	6434
26.06.2024 00:00	263.8	274.8	263.8	269.6	15183
27.06.2024 00:00	269.6	272.0	267.6	268.6	5382
28.06.2024 00:00	268.6	270.6	262.6	265.6	7792
01.07.2024 00:00	265.8	272.6	265.8	266.0	4744
02.07.2024 00:00	266.6	271.6	265.8	267.2	10608
03.07.2024 00:00	268.2	270.6	265.6	266.6	3618
04.07.2024 00:00	265.8	265.8	252.8	259.6	10992
05.07.2024 00:00	255.0	261.6	254.0	258.2	6073
08.07.2024 00:00	259.6	259.8	252.0	252.8	14973
09.07.2024 00:00	253.8	253.8	232.8	236.4	32127
10.07.2024 00:00	235.8	236.4	219.8	220.0	31977
11.07.2024 00:00	220.0	234.8	215.8	232.20000000000002	14482
12.07.2024 00:00	234.4	238.60000000000002	224.20000000000002	226.4	6662
15.07.2024 00:00	218.60000000000002	222.8	215.8	219.0	32817
16.07.2024 00:00	217.8	220.8	215.0	219.8	13215
17.07.2024 00:00	217.20000000000002	219.20000000000002	212.0	216.4	18161
18.07.2024 00:00	217.0	221.8	216.8	220.4	9090
19.07.2024 00:00	222.60000000000002	229.8	222.60000000000002	226.8	16675
22.07.2024 00:00	227.8	229.8	226.60000000000002	227.60000000000002	8795
23.07.2024 00:00	228.20000000000002	238.60000000000002	227.4	236.60000000000002	19789
24.07.2024 00:00	238.0	244.60000000000002	236.8	242.0	12609
25.07.2024 00:00	242.0	243.20000000000002	232.4	238.60000000000002	15022
26.07.2024 00:00	238.60000000000002	241.60000000000002	223.20000000000002	232.0	18127
29.07.2024 00:00	225.60000000000002	228.4	221.8	222.60000000000002	11885
30.07.2024 00:00	223.20000000000002	226.60000000000002	222.0	225.0	4253
31.07.2024 00:00	225.8	231.8	225.8	230.20000000000002	7889
01.08.2024 00:00	229.8	232.60000000000002	227.20000000000002	230.0	3717
02.08.2024 00:00	229.8	229.8	221.8	226.20000000000002	5992
05.08.2024 00:00	219.8	222.20000000000002	210.8	221.8	13337
06.08.2024 00:00	222.20000000000002	227.8	217.20000000000002	219.4	9891
07.08.2024 00:00	221.0	224.20000000000002	217.20000000000002	223.0	14736
08.08.2024 00:00	222.8	224.60000000000002	220.0	221.0	4677
09.08.2024 00:00	220.8	223.4	219.8	221.0	3890
12.08.2024 00:00	221.4	229.8	214.4	220.60000000000002	8696
13.08.2024 00:00	222.4	237.0	221.0	230.8	42176
14.08.2024 00:00	231.4	234.4	225.0	226.4	11313
15.08.2024 00:00	226.4	229.0	225.0	226.8	3424
16.08.2024 00:00	226.4	230.60000000000002	224.4	224.60000000000002	3535
19.08.2024 00:00	229.60000000000002	229.60000000000002	219.20000000000002	219.8	5998
20.08.2024 00:00	220.20000000000002	225.60000000000002	216.8	218.8	6531
21.08.2024 00:00	218.8	222.0	217.0	218.0	6688
22.08.2024 00:00	218.20000000000002	222.20000000000002	215.4	215.4	7177
23.08.2024 00:00	214.8	222.4	200.8	203.4	30758
26.08.2024 00:00	213.8	216.4	206.20000000000002	211.0	10946
27.08.2024 00:00	212.20000000000002	213.60000000000002	204.8	205.60000000000002	5808
28.08.2024 00:00	205.4	206.0	199.8	202.8	11778
29.08.2024 00:00	202.8	204.8	200.8	202.4	4676
30.08.2024 00:00	202.8	204.8	198.4	200.8	6441
02.09.2024 00:00	197.4	203.8	186.20000000000002	190.4	14800
03.09.2024 00:00	194.8	194.8	187.8	190.8	6615
04.09.2024 00:00	193.4	196.8	189.8	196.8	6201
05.09.2024 00:00	199.4	201.4	194.8	195.8	5075
06.09.2024 00:00	194.20000000000002	203.8	192.8	198.8	5487
09.09.2024 00:00	200.4	206.60000000000002	200.4	203.20000000000002	10785
10.09.2024 00:00	207.8	210.4	200.20000000000002	203.4	9732
11.09.2024 00:00	203.20000000000002	205.4	199.0	202.8	5058
12.09.2024 00:00	201.20000000000002	203.8	197.4	201.8	8186
13.09.2024 00:00	201.8	202.8	197.20000000000002	202.8	7604
16.09.2024 00:00	205.20000000000002	210.60000000000002	203.4	209.20000000000002	7410
17.09.2024 00:00	209.20000000000002	211.60000000000002	206.8	210.8	7898
18.09.2024 00:00	211.60000000000002	211.60000000000002	206.20000000000002	208.4	3104
19.09.2024 00:00	206.8	208.8	201.8	205.8	5953
20.09.2024 00:00	205.60000000000002	215.4	204.8	209.60000000000002	14910
23.09.2024 00:00	210.8	214.4	205.20000000000002	210.8	11999
24.09.2024 00:00	213.20000000000002	214.4	209.8	211.20000000000002	6013
25.09.2024 00:00	211.4	224.4	206.8	208.60000000000002	30700
26.09.2024 00:00	209.20000000000002	215.8	205.0	210.0	7910
27.09.2024 00:00	211.20000000000002	213.60000000000002	208.4	212.0	3920
30.09.2024 00:00	213.60000000000002	217.8	211.0	211.8	6528
01.10.2024 00:00	211.60000000000002	211.8	206.8	208.8	4230
02.10.2024 00:00	208.8	213.4	207.8	208.8	6537
03.10.2024 00:00	207.8	208.8	204.0	208.0	4644
04.10.2024 00:00	207.60000000000002	210.8	204.8	206.20000000000002	6439
07.10.2024 00:00	207.60000000000002	207.60000000000002	204.8	205.4	3375
08.10.2024 00:00	205.60000000000002	205.60000000000002	201.4	203.8	5232
09.10.2024 00:00	203.4	206.4	201.8	203.8	3683
10.10.2024 00:00	202.0	204.8	201.8	203.8	3686
11.10.2024 00:00	203.20000000000002	203.8	201.4	202.0	1525
14.10.2024 00:00	202.20000000000002	204.8	200.4	204.8	6204
15.10.2024 00:00	205.0	208.4	203.4	205.20000000000002	9045
16.10.2024 00:00	207.4	207.4	203.8	204.20000000000002	8156
17.10.2024 00:00	205.4	206.4	201.8	202.0	6354
18.10.2024 00:00	202.8	204.4	201.4	201.8	1951
21.10.2024 00:00	202.0	204.8	201.4	202.0	4774
22.10.2024 00:00	202.0	202.8	199.8	199.8	3905
23.10.2024 00:00	199.8	200.4	195.20000000000002	198.8	3575
24.10.2024 00:00	197.8	198.8	196.20000000000002	197.20000000000002	2675
25.10.2024 00:00	198.0	201.4	189.8	191.4	8890
28.10.2024 00:00	187.8	190.8	181.8	185.0	9554
29.10.2024 00:00	185.0	187.8	181.8	186.8	5672
30.10.2024 00:00	187.8	192.8	187.0	188.20000000000002	3193
31.10.2024 00:00	187.8	188.8	184.8	186.4	3348
01.11.2024 00:00	184.0	189.8	184.0	187.8	2078
02.11.2024 00:00	188.0	189.0	187.20000000000002	187.8	705
05.11.2024 00:00	188.20000000000002	191.4	188.0	190.0	2658
06.11.2024 00:00	194.4	199.4	191.8	198.20000000000002	9671
07.11.2024 00:00	198.20000000000002	203.8	194.4	198.8	12681
08.11.2024 00:00	201.0	204.0	200.0	201.0	7189
11.11.2024 00:00	202.4	208.20000000000002	202.4	207.60000000000002	9995
12.11.2024 00:00	208.20000000000002	208.20000000000002	202.8	203.0	4984
13.11.2024 00:00	202.4	205.4	202.4	203.20000000000002	3746
14.11.2024 00:00	202.8	206.20000000000002	199.0	200.8	6693
15.11.2024 00:00	200.8	203.0	183.4	190.8	67822
18.11.2024 00:00	185.8	191.4	184.4	189.8	19128
19.11.2024 00:00	187.8	189.20000000000002	186.0	186.8	7177
20.11.2024 00:00	186.4	193.4	186.4	191.20000000000002	4682
21.11.2024 00:00	189.0	190.8	185.8	186.0	3071
22.11.2024 00:00	188.4	189.0	180.4	183.8	8069
25.11.2024 00:00	182.8	182.8	175.4	176.4	6750
26.11.2024 00:00	176.4	176.4	157.4	163.8	28915
27.11.2024 00:00	163.8	163.8	149.8	159.8	21888
28.11.2024 00:00	161.8	163.8	159.8	160.8	3491
29.11.2024 00:00	162.8	168.20000000000002	160.4	166.0	7050
02.12.2024 00:00	167.8	174.8	166.4	173.8	6385
03.12.2024 00:00	173.8	175.20000000000002	168.0	169.8	5876
04.12.2024 00:00	171.8	174.4	168.0	168.8	2963
05.12.2024 00:00	168.8	171.0	165.0	169.8	5866
06.12.2024 00:00	171.8	171.8	168.0	170.8	1747
09.12.2024 00:00	172.4	177.4	170.8	174.8	3907
10.12.2024 00:00	174.8	176.20000000000002	167.8	167.8	3155
11.12.2024 00:00	168.8	169.8	165.8	165.8	4364
12.12.2024 00:00	167.8	167.8	162.8	164.8	2699
13.12.2024 00:00	164.0	166.4	164.0	164.8	1699
16.12.2024 00:00	164.20000000000002	166.20000000000002	162.0	163.20000000000002	3655
17.12.2024 00:00	162.8	167.8	162.4	162.8	4375
18.12.2024 00:00	161.8	162.8	156.4	159.4	9198
19.12.2024 00:00	160.8	161.8	157.8	159.8	5850
20.12.2024 00:00	159.8	171.8	151.0	170.20000000000002	44266
23.12.2024 00:00	171.8	176.0	167.8	170.8	15771
24.12.2024 00:00	171.8	188.20000000000002	170.20000000000002	177.0	18785
25.12.2024 00:00	176.8	178.0	172.20000000000002	175.8	7758
26.12.2024 00:00	176.8	178.4	166.8	171.20000000000002	23797
27.12.2024 00:00	174.20000000000002	174.20000000000002	170.0	171.8	10292
28.12.2024 00:00	171.20000000000002	174.0	169.8	171.20000000000002	7760
30.12.2024 00:00	174.20000000000002	175.8	172.8	174.20000000000002	7511
03.01.2025 00:00	175.0	181.20000000000002	174.20000000000002	176.20000000000002	8358
06.01.2025 00:00	175.8	176.20000000000002	172.8	174.20000000000002	2826
08.01.2025 00:00	175.8	186.8	174.8	183.8	20284
09.01.2025 00:00	183.8	186.4	175.20000000000002	177.8	17681
10.01.2025 00:00	178.20000000000002	184.0	177.8	181.0	7088
13.01.2025 00:00	184.8	185.20000000000002	179.8	182.8	6340
14.01.2025 00:00	181.8	187.8	180.20000000000002	184.8	14967
15.01.2025 00:00	184.20000000000002	184.20000000000002	178.8	180.8	7367
16.01.2025 00:00	184.0	188.8	183.0	184.8	10173
17.01.2025 00:00	184.0	191.0	182.8	188.8	17270
20.01.2025 00:00	194.8	200.8	183.8	190.8	20495
21.01.2025 00:00	190.8	192.8	184.8	186.0	6427
22.01.2025 00:00	187.8	198.20000000000002	185.8	198.20000000000002	13147
23.01.2025 00:00	196.8	207.60000000000002	191.8	200.20000000000002	26443
24.01.2025 00:00	200.20000000000002	201.8	190.20000000000002	192.20000000000002	30567
27.01.2025 00:00	194.0	194.0	185.8	186.0	9068
28.01.2025 00:00	185.8	191.8	184.4	189.20000000000002	6617
29.01.2025 00:00	190.4	193.20000000000002	189.8	190.20000000000002	5794
30.01.2025 00:00	190.8	192.8	190.0	192.0	3952
31.01.2025 00:00	192.0	193.8	190.0	191.0	5008
03.02.2025 00:00	190.8	191.0	186.8	187.8	4006
04.02.2025 00:00	188.8	192.8	184.8	186.8	4868
05.02.2025 00:00	186.8	186.8	182.20000000000002	185.20000000000002	5230
06.02.2025 00:00	186.8	187.0	175.8	178.8	30226
07.02.2025 00:00	177.8	183.8	177.20000000000002	179.8	9457
10.02.2025 00:00	182.8	185.4	180.0	184.20000000000002	8390
11.02.2025 00:00	184.0	186.20000000000002	183.8	184.4	4136
12.02.2025 00:00	186.4	187.4	184.4	185.0	7263
13.02.2025 00:00	188.8	194.8	186.8	189.0	9521
14.02.2025 00:00	191.8	196.0	186.4	187.4	9948
17.02.2025 00:00	189.4	191.8	187.20000000000002	190.0	10785
18.02.2025 00:00	191.8	191.8	185.0	187.0	6180
19.02.2025 00:00	188.8	189.20000000000002	185.8	187.0	3919
20.02.2025 00:00	187.0	189.8	185.8	187.8	3733
21.02.2025 00:00	187.8	190.8	186.20000000000002	186.8	6380
24.02.2025 00:00	189.20000000000002	190.4	186.8	189.8	9250
25.02.2025 00:00	192.20000000000002	193.8	188.0	190.0	12748
26.02.2025 00:00	192.8	210.4	190.8	197.4	106596
27.02.2025 00:00	194.8	196.8	190.0	192.8	10019
28.02.2025 00:00	192.8	201.8	186.8	197.4	18969
03.03.2025 00:00	197.0	199.4	191.20000000000002	192.8	6624
04.03.2025 00:00	235.20000000000002	235.20000000000002	222.8	235.20000000000002	362220
05.03.2025 00:00	233.60000000000002	233.60000000000002	219.20000000000002	222.8	133277
06.03.2025 00:00	222.0	222.0	207.20000000000002	210.8	55214
07.03.2025 00:00	213.60000000000002	225.8	209.0	209.60000000000002	76397
10.03.2025 00:00	212.8	217.60000000000002	210.20000000000002	214.20000000000002	17501
11.03.2025 00:00	211.0	215.60000000000002	209.20000000000002	210.0	15400
12.03.2025 00:00	210.0	211.20000000000002	207.0	210.20000000000002	8155
13.03.2025 00:00	206.60000000000002	209.20000000000002	201.8	202.8	14020
14.03.2025 00:00	205.8	207.20000000000002	202.4	206.20000000000002	11076
17.03.2025 00:00	208.60000000000002	216.60000000000002	206.8	213.60000000000002	30907
18.03.2025 00:00	216.8	219.4	212.60000000000002	213.20000000000002	17519
19.03.2025 00:00	212.60000000000002	216.8	210.0	214.8	9272
20.03.2025 00:00	216.8	217.8	208.8	211.60000000000002	16557
21.03.2025 00:00	211.8	213.20000000000002	208.8	209.8	6728
24.03.2025 00:00	210.8	210.8	208.0	208.0	3629
25.03.2025 00:00	208.0	210.4	207.8	208.4	6987
26.03.2025 00:00	209.0	211.60000000000002	206.8	207.0	5913
27.03.2025 00:00	205.60000000000002	208.8	199.8	200.8	10690
28.03.2025 00:00	199.8	202.4	195.20000000000002	195.20000000000002	7071
31.03.2025 00:00	195.4	211.0	193.0	207.4	13692
01.04.2025 00:00	209.8	212.20000000000002	201.0	203.4	7452
02.04.2025 00:00	202.4	203.8	199.0	199.8	3498
03.04.2025 00:00	200.20000000000002	201.4	193.4	193.4	6883
04.04.2025 00:00	195.8	203.8	180.8	180.8	21602
07.04.2025 00:00	176.8	180.8	174.8	177.20000000000002	12584
08.04.2025 00:00	182.0	186.8	179.8	183.4	6040
09.04.2025 00:00	178.8	183.0	172.8	175.8	6825
10.04.2025 00:00	183.0	185.4	178.4	181.20000000000002	5220
11.04.2025 00:00	183.8	185.20000000000002	178.8	182.8	6717
14.04.2025 00:00	183.0	184.4	182.8	183.20000000000002	2854
15.04.2025 00:00	183.20000000000002	187.8	183.20000000000002	185.4	5168
16.04.2025 00:00	184.4	188.4	184.0	187.4	3037
17.04.2025 00:00	187.8	188.8	185.8	186.8	2911
18.04.2025 00:00	186.0	187.4	182.8	183.8	2988
21.04.2025 00:00	184.8	185.4	183.0	185.20000000000002	2286
22.04.2025 00:00	185.8	188.20000000000002	185.4	186.8	3175
23.04.2025 00:00	186.8	187.8	184.8	186.8	2660
24.04.2025 00:00	186.8	188.8	184.8	185.8	3120
25.04.2025 00:00	186.4	187.8	184.8	185.20000000000002	3957
28.04.2025 00:00	186.20000000000002	192.8	186.0	191.8	10798
29.04.2025 00:00	190.0	191.4	186.8	187.20000000000002	2995
30.04.2025 00:00	187.0	189.8	185.20000000000002	185.4	2503
02.05.2025 00:00	187.0	187.0	179.8	179.8	3438
05.05.2025 00:00	181.0	181.0	172.4	172.4	4032
06.05.2025 00:00	175.8	181.4	174.8	179.8	4333
07.05.2025 00:00	180.20000000000002	183.20000000000002	177.8	181.4	2109
08.05.2025 00:00	181.8	184.4	180.4	182.8	1437
12.05.2025 00:00	188.20000000000002	192.20000000000002	186.0	190.8	9995
13.05.2025 00:00	190.8	193.0	187.8	188.4	4178
14.05.2025 00:00	190.20000000000002	190.4	187.4	187.8	2067
15.05.2025 00:00	186.8	193.8	182.8	187.0	9508
16.05.2025 00:00	188.8	192.20000000000002	184.0	192.20000000000002	9606
19.05.2025 00:00	194.4	201.8	191.0	194.0	42015
20.05.2025 00:00	192.8	192.8	187.8	189.0	8309
21.05.2025 00:00	188.20000000000002	194.8	187.8	188.4	3252
22.05.2025 00:00	187.8	188.4	184.8	186.20000000000002	4548
