datetime	open	high	low	close	volume
19.03.2018 00:00	19.0	19.5	19.0	19.5	20
20.03.2018 00:00	20.0	20.0	19.5	20.0	60
21.03.2018 00:00	19.5	19.5	18.5	19.0	150
22.03.2018 00:00	19.0	20.0	19.0	19.0	120
23.03.2018 00:00	18.5	18.5	18.0	18.0	270
27.03.2018 00:00	21.0	29.5	19.5	23.5	2400
28.03.2018 00:00	23.0	35.0	20.5	24.5	1170
29.03.2018 00:00	27.0	35.0	25.0	35.0	1870
30.03.2018 00:00	31.0	31.0	26.0	27.5	210
02.04.2018 00:00	28.0	28.0	24.0	25.0	190
03.04.2018 00:00	25.0	25.0	25.0	25.0	10
06.04.2018 00:00	23.0	25.0	23.0	25.0	40
10.04.2018 00:00	23.0	23.0	20.0	21.0	370
11.04.2018 00:00	21.0	23.0	20.5	21.0	280
12.04.2018 00:00	20.0	20.0	20.0	20.0	40
13.04.2018 00:00	20.0	20.0	20.0	20.0	10
17.04.2018 00:00	22.0	22.0	20.0	20.0	260
18.04.2018 00:00	20.5	20.5	20.5	20.5	10
24.04.2018 00:00	20.0	20.0	19.5	19.5	290
25.04.2018 00:00	19.5	19.5	19.5	19.5	100
27.04.2018 00:00	19.5	21.5	19.5	19.5	200
28.04.2018 00:00	19.5	21.5	19.5	19.5	540
07.05.2018 00:00	21.0	21.0	19.0	21.0	20
08.05.2018 00:00	19.5	19.5	19.0	19.0	2020
11.05.2018 00:00	19.5	19.5	19.5	19.5	20
14.05.2018 00:00	19.0	19.0	19.0	19.0	80
15.05.2018 00:00	19.5	19.5	19.5	19.5	10
06.06.2018 00:00	19.5	19.5	19.5	19.5	20
09.06.2018 00:00	20.0	20.5	20.0	20.0	120
13.06.2018 00:00	20.5	20.5	20.5	20.5	140
14.06.2018 00:00	21.0	22.5	21.0	22.5	750
15.06.2018 00:00	20.5	22.0	19.0	21.5	80
19.06.2018 00:00	20.5	20.5	20.5	20.5	40
22.06.2018 00:00	19.5	20.0	19.5	20.0	90
25.06.2018 00:00	19.0	19.0	19.0	19.0	150
28.06.2018 00:00	19.5	19.5	19.5	19.5	70
03.07.2018 00:00	20.0	20.0	20.0	20.0	60
05.07.2018 00:00	19.5	19.5	19.5	19.5	10
31.07.2018 00:00	17.5	19.0	17.5	19.0	30
02.08.2018 00:00	19.0	19.0	19.0	19.0	10
07.08.2018 00:00	20.5	20.5	20.5	20.5	50
10.08.2018 00:00	20.0	20.0	20.0	20.0	10
13.08.2018 00:00	20.0	20.0	20.0	20.0	290
17.08.2018 00:00	20.0	20.0	20.0	20.0	30
28.08.2018 00:00	20.0	20.0	20.0	20.0	50
29.08.2018 00:00	20.0	20.0	20.0	20.0	10
30.08.2018 00:00	20.5	20.5	20.5	20.5	60
12.09.2018 00:00	21.5	21.5	20.0	20.0	70
14.09.2018 00:00	20.0	20.0	20.0	20.0	20
21.09.2018 00:00	20.5	20.5	20.5	20.5	10
25.09.2018 00:00	20.5	20.5	20.5	20.5	20
27.09.2018 00:00	20.5	20.5	20.0	20.0	150
03.10.2018 00:00	20.5	21.0	20.5	21.0	290
04.10.2018 00:00	20.5	20.5	20.5	20.5	20
05.10.2018 00:00	20.5	20.5	20.5	20.5	20
09.10.2018 00:00	20.5	20.5	20.5	20.5	110
10.10.2018 00:00	20.5	20.5	20.5	20.5	10
11.10.2018 00:00	20.5	21.0	20.5	21.0	140
16.10.2018 00:00	21.0	22.0	21.0	22.0	60
17.10.2018 00:00	21.0	21.0	21.0	21.0	40
26.10.2018 00:00	22.0	22.0	22.0	22.0	50
31.10.2018 00:00	22.0	23.0	22.0	23.0	110
20.11.2018 00:00	23.0	23.0	23.0	23.0	10
05.12.2018 00:00	21.0	21.0	21.0	21.0	50
07.12.2018 00:00	21.0	21.0	19.0	19.0	20
14.12.2018 00:00	19.5	20.5	19.5	20.5	30
19.12.2018 00:00	20.5	20.5	20.5	20.5	20
24.12.2018 00:00	18.0	19.0	18.0	19.0	30
28.12.2018 00:00	24.0	24.0	17.5	19.5	80
29.12.2018 00:00	21.0	24.5	21.0	21.0	50
18.01.2019 00:00	21.0	21.0	21.0	21.0	10
04.02.2019 00:00	21.0	21.0	21.0	21.0	10
06.02.2019 00:00	24.0	24.5	22.0	23.0	580
07.02.2019 00:00	28.0	28.0	21.0	22.0	160
08.02.2019 00:00	23.0	23.0	23.0	23.0	10
11.02.2019 00:00	22.0	22.0	22.0	22.0	40
14.02.2019 00:00	25.0	25.0	20.0	21.5	80
20.02.2019 00:00	23.0	23.0	20.5	22.5	50
26.02.2019 00:00	22.5	22.5	20.0	21.0	50
27.02.2019 00:00	20.5	20.5	20.5	20.5	10
04.03.2019 00:00	20.5	23.0	20.5	22.0	70
05.03.2019 00:00	21.0	21.0	21.0	21.0	10
06.03.2019 00:00	20.5	23.0	20.5	21.0	50
07.03.2019 00:00	21.0	21.0	21.0	21.0	30
11.03.2019 00:00	22.5	22.5	21.0	21.0	20
15.03.2019 00:00	22.5	26.5	21.0	21.0	850
19.03.2019 00:00	21.0	21.0	21.0	21.0	10
20.03.2019 00:00	22.0	22.0	22.0	22.0	30
21.03.2019 00:00	21.5	21.5	21.0	21.0	200
22.03.2019 00:00	22.5	28.0	22.5	26.5	3390
25.03.2019 00:00	29.0	29.0	23.0	24.0	2120
26.03.2019 00:00	23.5	24.5	23.0	23.5	420
27.03.2019 00:00	23.0	23.0	22.0	22.0	550
28.03.2019 00:00	22.0	29.0	22.0	23.5	3700
29.03.2019 00:00	24.5	26.5	23.0	23.5	1370
01.04.2019 00:00	25.0	27.0	23.5	24.0	440
02.04.2019 00:00	25.5	26.0	24.5	24.5	200
03.04.2019 00:00	24.0	25.0	24.0	24.0	140
04.04.2019 00:00	24.0	24.0	22.5	23.5	260
05.04.2019 00:00	23.0	23.5	23.0	23.5	60
08.04.2019 00:00	23.5	33.0	23.5	33.0	10860
09.04.2019 00:00	33.0	46.0	26.5	32.5	18480
10.04.2019 00:00	36.0	45.5	34.0	39.0	7120
11.04.2019 00:00	40.0	54.0	35.0	36.0	10700
12.04.2019 00:00	38.5	43.0	34.0	35.0	4040
15.04.2019 00:00	35.0	38.5	30.5	35.0	2710
16.04.2019 00:00	36.0	41.0	32.0	33.0	9780
17.04.2019 00:00	34.0	36.0	32.5	34.0	2860
18.04.2019 00:00	34.5	34.5	33.0	33.5	330
19.04.2019 00:00	33.0	33.0	31.5	33.0	690
22.04.2019 00:00	32.0	41.0	31.0	40.0	4710
23.04.2019 00:00	39.0	53.0	35.5	39.5	12800
24.04.2019 00:00	39.5	39.5	35.0	37.5	2810
25.04.2019 00:00	37.5	37.5	36.0	37.0	420
26.04.2019 00:00	35.0	48.5	34.0	38.5	7300
29.04.2019 00:00	37.0	39.0	37.0	39.0	390
30.04.2019 00:00	38.0	40.0	38.0	40.0	90
02.05.2019 00:00	37.5	47.5	37.5	45.0	1650
03.05.2019 00:00	47.0	49.0	40.0	41.0	2190
06.05.2019 00:00	40.0	40.0	38.0	38.5	500
07.05.2019 00:00	39.0	39.0	38.5	38.5	100
08.05.2019 00:00	39.0	39.5	38.5	39.0	120
10.05.2019 00:00	38.5	38.5	38.0	38.0	90
13.05.2019 00:00	37.5	38.5	36.0	38.0	80
14.05.2019 00:00	37.0	38.0	36.0	36.0	270
15.05.2019 00:00	37.0	37.0	35.0	37.0	300
16.05.2019 00:00	37.0	37.0	36.0	36.0	360
17.05.2019 00:00	37.5	39.0	36.0	38.5	440
20.05.2019 00:00	38.0	41.0	38.0	41.0	540
21.05.2019 00:00	41.0	42.0	39.0	42.0	200
22.05.2019 00:00	42.0	43.0	40.0	42.0	280
23.05.2019 00:00	40.0	42.0	38.0	40.5	150
24.05.2019 00:00	40.0	40.0	39.0	39.5	80
27.05.2019 00:00	43.0	43.0	41.0	42.5	200
28.05.2019 00:00	41.5	41.5	39.5	40.0	270
29.05.2019 00:00	40.0	40.0	36.0	38.5	350
30.05.2019 00:00	38.5	39.5	38.5	38.5	100
31.05.2019 00:00	38.5	38.5	36.5	37.5	220
03.06.2019 00:00	37.0	37.0	36.0	36.0	70
04.06.2019 00:00	36.5	37.0	36.5	37.0	60
05.06.2019 00:00	37.5	39.0	37.5	39.0	160
06.06.2019 00:00	37.0	38.5	37.0	37.0	140
07.06.2019 00:00	36.5	37.0	36.5	37.0	30
11.06.2019 00:00	37.5	40.0	37.0	38.0	70
13.06.2019 00:00	39.0	39.0	39.0	39.0	30
14.06.2019 00:00	38.0	40.0	38.0	39.0	50
17.06.2019 00:00	40.0	40.0	36.0	39.5	240
18.06.2019 00:00	39.0	40.0	39.0	39.0	230
19.06.2019 00:00	39.0	39.0	39.0	39.0	10
20.06.2019 00:00	38.5	39.0	38.0	38.0	50
21.06.2019 00:00	36.0	39.5	36.0	39.5	20
25.06.2019 00:00	37.0	39.0	36.5	36.5	140
26.06.2019 00:00	37.0	37.5	37.0	37.5	20
28.06.2019 00:00	35.0	36.0	34.5	36.0	200
01.07.2019 00:00	37.0	50.0	37.0	50.0	8030
02.07.2019 00:00	50.0	62.5	40.5	41.5	22790
03.07.2019 00:00	42.0	42.0	38.0	39.0	2680
04.07.2019 00:00	38.5	48.0	37.5	39.0	11080
05.07.2019 00:00	39.0	39.0	38.5	38.5	220
08.07.2019 00:00	39.0	40.5	38.0	40.0	1440
09.07.2019 00:00	39.0	39.5	38.5	38.5	410
10.07.2019 00:00	39.0	40.5	37.0	39.0	730
11.07.2019 00:00	39.0	39.0	37.0	37.0	860
12.07.2019 00:00	38.0	38.0	36.0	36.5	1100
15.07.2019 00:00	37.5	38.0	36.5	37.0	460
16.07.2019 00:00	36.5	38.5	36.5	37.0	450
17.07.2019 00:00	38.0	43.0	37.0	39.0	2880
18.07.2019 00:00	39.5	52.5	38.5	45.0	16770
19.07.2019 00:00	45.0	49.0	43.5	45.0	2920
22.07.2019 00:00	45.5	49.0	42.0	47.0	6080
23.07.2019 00:00	47.0	47.0	45.0	45.0	1400
24.07.2019 00:00	47.0	47.0	44.0	45.0	410
25.07.2019 00:00	44.0	47.0	44.0	44.0	1170
26.07.2019 00:00	44.0	44.5	39.5	41.0	1510
29.07.2019 00:00	41.0	46.5	40.5	43.0	5000
30.07.2019 00:00	42.5	45.0	41.5	44.0	1620
31.07.2019 00:00	45.0	45.0	42.5	43.0	370
01.08.2019 00:00	43.0	44.0	42.5	43.5	150
02.08.2019 00:00	42.5	42.5	42.0	42.0	80
05.08.2019 00:00	42.0	42.0	42.0	42.0	30
06.08.2019 00:00	42.0	55.0	42.0	45.0	8140
07.08.2019 00:00	44.0	50.0	43.0	47.5	2110
08.08.2019 00:00	47.0	48.0	46.5	46.5	550
09.08.2019 00:00	46.0	46.5	45.0	46.0	280
12.08.2019 00:00	46.0	48.5	45.0	45.5	510
13.08.2019 00:00	45.5	49.5	45.5	49.0	570
14.08.2019 00:00	47.0	47.5	45.5	46.0	1260
15.08.2019 00:00	45.5	47.0	45.5	46.5	180
16.08.2019 00:00	45.5	46.0	45.5	46.0	510
19.08.2019 00:00	46.0	51.0	46.0	47.0	2400
20.08.2019 00:00	46.5	48.0	45.0	46.0	2210
21.08.2019 00:00	46.0	46.5	44.0	45.5	410
22.08.2019 00:00	46.0	47.5	44.5	45.5	1150
23.08.2019 00:00	46.0	46.0	45.5	45.5	80
26.08.2019 00:00	46.0	63.5	45.0	63.0	7010
27.08.2019 00:00	63.5	88.5	63.5	88.5	9270
28.08.2019 00:00	89.0	89.0	55.5	57.0	13730
29.08.2019 00:00	55.0	62.0	52.0	55.5	8630
30.08.2019 00:00	56.5	60.0	55.0	58.0	3130
02.09.2019 00:00	60.0	63.5	58.5	62.5	2500
03.09.2019 00:00	61.5	68.5	61.0	66.0	4250
04.09.2019 00:00	67.0	68.0	61.5	63.0	2630
05.09.2019 00:00	65.0	66.5	64.0	66.0	920
06.09.2019 00:00	66.0	68.0	64.0	67.0	410
09.09.2019 00:00	68.0	68.0	64.0	66.0	2030
10.09.2019 00:00	66.0	66.0	65.5	65.5	810
11.09.2019 00:00	65.0	66.5	65.0	66.5	1030
12.09.2019 00:00	68.0	68.0	67.5	67.5	1180
13.09.2019 00:00	66.0	66.0	66.0	66.0	910
16.09.2019 00:00	64.5	66.5	64.5	66.5	980
17.09.2019 00:00	66.5	66.5	65.0	65.0	610
18.09.2019 00:00	65.0	75.5	65.0	69.0	1230
19.09.2019 00:00	70.0	70.0	66.0	67.5	1100
20.09.2019 00:00	66.5	67.0	63.0	65.5	1970
23.09.2019 00:00	65.5	66.0	65.0	66.0	320
24.09.2019 00:00	63.0	65.5	63.0	65.5	360
25.09.2019 00:00	65.5	65.5	62.5	63.5	460
26.09.2019 00:00	64.0	64.0	57.5	58.5	1690
27.09.2019 00:00	59.0	59.0	52.5	53.5	2290
30.09.2019 00:00	55.0	55.0	49.0	49.0	2190
01.10.2019 00:00	49.0	49.5	48.5	49.5	1330
02.10.2019 00:00	50.0	52.0	49.0	51.0	730
03.10.2019 00:00	51.0	55.5	49.0	51.0	3660
04.10.2019 00:00	51.0	54.0	51.0	51.5	990
07.10.2019 00:00	52.5	53.5	51.0	52.5	1010
08.10.2019 00:00	52.0	52.5	51.0	52.0	210
09.10.2019 00:00	52.0	52.5	51.5	52.5	120
10.10.2019 00:00	52.5	52.5	51.5	52.5	300
11.10.2019 00:00	51.5	52.0	51.0	52.0	410
14.10.2019 00:00	51.0	52.0	48.0	49.5	860
15.10.2019 00:00	50.0	50.0	48.5	49.0	350
16.10.2019 00:00	49.5	50.0	49.0	49.0	130
17.10.2019 00:00	49.5	50.0	48.5	49.5	480
18.10.2019 00:00	49.5	50.0	48.0	49.0	720
21.10.2019 00:00	49.5	49.5	48.5	49.0	120
22.10.2019 00:00	48.5	50.0	48.5	50.0	460
23.10.2019 00:00	49.0	49.5	48.0	49.5	380
24.10.2019 00:00	48.5	49.5	48.0	49.0	510
25.10.2019 00:00	48.0	49.0	46.0	49.0	300
28.10.2019 00:00	48.0	49.0	48.0	48.5	360
29.10.2019 00:00	47.5	48.5	47.5	48.5	340
30.10.2019 00:00	47.5	48.5	47.5	47.5	390
31.10.2019 00:00	48.0	48.0	47.0	47.5	210
01.11.2019 00:00	48.0	48.0	47.0	47.5	90
05.11.2019 00:00	47.5	47.5	47.5	47.5	20
06.11.2019 00:00	48.0	48.0	47.0	47.5	180
07.11.2019 00:00	47.0	48.5	47.0	48.0	540
08.11.2019 00:00	48.0	48.0	47.5	48.0	160
11.11.2019 00:00	47.0	48.0	47.0	47.0	160
12.11.2019 00:00	47.5	47.5	46.5	47.0	530
13.11.2019 00:00	46.5	46.5	45.0	46.5	510
14.11.2019 00:00	46.5	47.0	45.5	46.5	180
15.11.2019 00:00	45.0	47.0	44.5	45.5	390
18.11.2019 00:00	46.0	46.0	44.5	45.0	150
19.11.2019 00:00	46.0	46.0	44.5	45.5	260
20.11.2019 00:00	45.0	46.0	44.0	44.0	200
21.11.2019 00:00	45.5	45.5	44.0	45.5	200
22.11.2019 00:00	44.0	46.0	43.0	44.0	830
25.11.2019 00:00	44.0	46.0	44.0	45.0	200
26.11.2019 00:00	46.0	49.5	45.0	48.0	1670
27.11.2019 00:00	46.5	48.0	45.5	46.5	420
28.11.2019 00:00	45.5	47.0	45.5	46.5	90
29.11.2019 00:00	45.0	46.5	45.0	45.0	450
02.12.2019 00:00	45.0	47.0	45.0	45.0	370
04.12.2019 00:00	45.5	45.5	45.0	45.5	30
05.12.2019 00:00	45.5	45.5	45.5	45.5	10
06.12.2019 00:00	45.0	46.5	45.0	46.5	30
09.12.2019 00:00	46.5	46.5	45.5	46.5	130
11.12.2019 00:00	45.5	46.0	45.0	46.0	80
12.12.2019 00:00	46.0	46.5	46.0	46.5	40
13.12.2019 00:00	45.0	46.0	45.0	46.0	60
16.12.2019 00:00	46.0	47.0	46.0	47.0	50
17.12.2019 00:00	47.0	47.0	46.0	46.0	60
18.12.2019 00:00	46.0	47.0	45.5	46.5	250
19.12.2019 00:00	45.0	47.0	45.0	45.5	230
20.12.2019 00:00	46.0	47.0	46.0	47.0	30
23.12.2019 00:00	47.0	47.0	45.5	46.0	110
24.12.2019 00:00	46.0	47.0	45.0	46.5	70
25.12.2019 00:00	47.0	47.0	45.5	47.0	330
26.12.2019 00:00	46.0	46.5	45.5	46.5	140
27.12.2019 00:00	45.5	50.0	45.0	49.0	1100
30.12.2019 00:00	53.0	54.0	48.0	48.0	2450
03.01.2020 00:00	50.0	50.0	48.0	48.0	40
06.01.2020 00:00	47.5	47.5	47.5	47.5	90
08.01.2020 00:00	48.5	48.5	48.0	48.0	50
09.01.2020 00:00	49.0	49.0	47.5	48.0	50
10.01.2020 00:00	49.0	49.0	48.0	48.5	90
13.01.2020 00:00	50.0	50.0	47.5	48.0	270
14.01.2020 00:00	49.0	49.0	48.0	48.0	140
15.01.2020 00:00	47.5	53.5	47.5	50.0	4460
16.01.2020 00:00	51.0	52.5	50.0	50.0	640
17.01.2020 00:00	49.5	52.0	49.5	50.0	360
20.01.2020 00:00	50.0	53.0	49.0	52.5	700
21.01.2020 00:00	51.0	52.5	50.0	52.0	250
22.01.2020 00:00	52.0	53.0	51.0	51.5	140
23.01.2020 00:00	52.5	52.5	50.0	51.5	370
24.01.2020 00:00	50.0	51.5	50.0	50.5	150
27.01.2020 00:00	51.5	52.0	50.5	51.0	500
28.01.2020 00:00	50.5	50.5	48.5	50.5	1260
29.01.2020 00:00	50.0	50.0	49.0	50.0	180
30.01.2020 00:00	49.0	49.0	49.0	49.0	40
31.01.2020 00:00	50.0	51.0	49.0	49.5	280
03.02.2020 00:00	50.0	50.5	49.0	50.5	190
04.02.2020 00:00	50.5	51.0	49.0	49.5	120
05.02.2020 00:00	50.0	50.0	50.0	50.0	30
06.02.2020 00:00	49.0	50.5	49.0	50.5	30
07.02.2020 00:00	50.5	50.5	49.0	50.0	140
10.02.2020 00:00	49.0	51.0	49.0	49.5	170
11.02.2020 00:00	50.0	50.0	50.0	50.0	150
12.02.2020 00:00	51.0	52.0	49.5	50.0	690
13.02.2020 00:00	50.0	51.0	48.5	50.0	590
14.02.2020 00:00	49.0	51.0	49.0	49.5	220
17.02.2020 00:00	49.5	52.0	49.0	49.5	1140
18.02.2020 00:00	51.0	51.5	49.5	50.0	230
19.02.2020 00:00	51.0	52.0	50.0	51.0	420
20.02.2020 00:00	51.5	52.0	50.0	51.5	1060
21.02.2020 00:00	52.0	52.0	51.0	51.5	540
25.02.2020 00:00	52.0	52.0	49.0	50.0	380
26.02.2020 00:00	51.5	51.5	49.0	50.0	300
27.02.2020 00:00	50.0	50.0	47.5	47.5	430
28.02.2020 00:00	46.5	47.5	33.0	44.0	450
02.03.2020 00:00	44.5	52.0	44.5	46.0	340
03.03.2020 00:00	49.5	49.5	46.0	48.0	180
04.03.2020 00:00	48.0	48.0	48.0	48.0	60
05.03.2020 00:00	45.0	47.5	45.0	47.0	170
06.03.2020 00:00	45.0	46.0	44.0	44.5	100
10.03.2020 00:00	46.5	46.5	46.0	46.5	50
11.03.2020 00:00	44.5	47.0	44.5	45.0	140
12.03.2020 00:00	44.0	48.0	41.5	41.5	590
13.03.2020 00:00	39.0	46.0	38.0	41.0	390
16.03.2020 00:00	39.5	40.0	37.0	37.0	420
17.03.2020 00:00	35.0	37.5	35.0	35.5	190
18.03.2020 00:00	42.0	42.0	37.5	41.0	320
19.03.2020 00:00	41.5	42.0	38.5	41.5	240
20.03.2020 00:00	41.5	45.5	40.0	41.5	720
23.03.2020 00:00	38.0	42.5	38.0	42.0	60
24.03.2020 00:00	42.0	45.0	42.0	45.0	30
25.03.2020 00:00	39.5	45.5	39.5	44.5	110
26.03.2020 00:00	39.0	47.0	39.0	44.5	540
27.03.2020 00:00	49.5	49.5	41.0	43.5	330
30.03.2020 00:00	46.5	46.5	40.0	43.5	450
31.03.2020 00:00	45.5	51.0	45.0	46.5	2240
01.04.2020 00:00	47.5	53.0	46.0	49.5	5670
02.04.2020 00:00	52.0	52.5	47.0	48.0	1800
03.04.2020 00:00	51.0	51.0	45.0	48.0	1310
06.04.2020 00:00	48.0	49.0	47.5	49.0	650
07.04.2020 00:00	47.5	49.0	47.5	48.0	750
08.04.2020 00:00	48.0	49.0	47.0	48.0	760
09.04.2020 00:00	48.0	48.0	47.5	48.0	260
10.04.2020 00:00	48.0	48.0	47.0	47.0	330
13.04.2020 00:00	47.0	48.0	47.0	47.0	130
14.04.2020 00:00	48.0	49.0	47.0	48.0	440
15.04.2020 00:00	48.0	48.0	47.0	47.0	90
16.04.2020 00:00	47.0	47.5	47.0	47.5	150
17.04.2020 00:00	47.0	49.5	47.0	47.5	1410
20.04.2020 00:00	48.0	49.5	46.5	47.5	470
21.04.2020 00:00	48.5	49.0	47.0	47.5	130
22.04.2020 00:00	47.5	50.5	47.5	48.5	1750
23.04.2020 00:00	49.0	49.0	47.0	48.0	420
24.04.2020 00:00	45.5	48.0	45.5	47.0	480
27.04.2020 00:00	48.0	48.0	47.0	47.5	150
28.04.2020 00:00	48.0	50.0	47.0	47.5	990
29.04.2020 00:00	47.0	49.0	47.0	48.0	170
30.04.2020 00:00	48.0	55.0	47.5	49.0	7960
04.05.2020 00:00	52.0	57.5	50.0	51.0	5910
05.05.2020 00:00	50.0	50.0	48.0	50.0	1310
06.05.2020 00:00	49.0	49.0	48.0	49.0	460
07.05.2020 00:00	48.5	49.5	48.5	48.5	130
08.05.2020 00:00	49.5	49.5	48.0	48.0	470
12.05.2020 00:00	49.5	49.5	48.0	48.0	80
13.05.2020 00:00	47.5	51.0	47.5	49.0	720
14.05.2020 00:00	50.0	50.0	47.0	48.0	300
15.05.2020 00:00	47.5	48.5	47.5	48.5	70
18.05.2020 00:00	48.5	49.0	47.5	48.5	270
19.05.2020 00:00	48.0	48.0	47.5	48.0	150
20.05.2020 00:00	47.0	48.0	47.0	47.5	360
21.05.2020 00:00	47.0	47.5	47.0	47.0	150
22.05.2020 00:00	47.0	48.0	47.0	47.5	140
25.05.2020 00:00	47.5	47.5	47.5	47.5	30
26.05.2020 00:00	48.0	48.0	47.0	47.5	160
27.05.2020 00:00	48.5	48.5	47.0	47.5	100
28.05.2020 00:00	48.0	48.0	47.5	47.5	50
29.05.2020 00:00	48.0	48.0	48.0	48.0	130
01.06.2020 00:00	50.0	50.0	47.0	48.0	130
02.06.2020 00:00	48.0	48.0	47.0	48.0	310
03.06.2020 00:00	47.5	48.0	47.5	48.0	70
04.06.2020 00:00	46.5	48.5	46.5	47.5	70
05.06.2020 00:00	48.0	48.0	47.0	48.0	200
08.06.2020 00:00	47.5	48.0	47.0	48.0	190
09.06.2020 00:00	47.5	47.5	47.0	47.5	250
10.06.2020 00:00	47.0	48.0	47.0	47.5	150
11.06.2020 00:00	46.0	47.5	46.0	47.0	160
15.06.2020 00:00	46.0	48.0	45.5	46.5	310
16.06.2020 00:00	47.5	47.5	47.0	47.5	70
17.06.2020 00:00	48.0	48.0	47.0	47.0	250
18.06.2020 00:00	47.0	47.0	47.0	47.0	10
19.06.2020 00:00	47.5	47.5	47.5	47.5	10
23.06.2020 00:00	48.0	53.0	45.5	49.0	9050
25.06.2020 00:00	50.0	64.5	49.0	60.5	29890
26.06.2020 00:00	63.0	65.0	51.0	51.5	7540
29.06.2020 00:00	51.0	54.0	48.5	48.5	2970
30.06.2020 00:00	50.0	51.0	46.0	47.0	3650
02.07.2020 00:00	47.0	53.5	47.0	50.0	7770
03.07.2020 00:00	50.5	60.0	48.0	58.0	14040
06.07.2020 00:00	58.0	60.5	53.0	54.5	5700
07.07.2020 00:00	55.0	55.0	53.0	53.0	250
08.07.2020 00:00	55.0	55.0	53.5	55.0	390
09.07.2020 00:00	53.0	54.0	51.0	52.0	680
10.07.2020 00:00	52.0	54.0	49.5	51.5	1520
13.07.2020 00:00	53.0	54.5	50.5	51.5	790
14.07.2020 00:00	50.5	51.5	50.5	51.0	80
15.07.2020 00:00	50.5	51.0	50.0	50.5	130
16.07.2020 00:00	52.0	52.0	50.5	51.0	110
17.07.2020 00:00	52.0	52.0	50.5	50.5	140
20.07.2020 00:00	52.0	57.0	51.0	52.0	3040
21.07.2020 00:00	51.0	53.5	51.0	52.5	510
22.07.2020 00:00	52.0	53.0	52.0	53.0	80
23.07.2020 00:00	52.0	52.0	51.0	52.0	840
24.07.2020 00:00	52.0	52.5	52.0	52.0	40
27.07.2020 00:00	53.0	55.0	51.0	54.0	1590
28.07.2020 00:00	55.0	55.0	52.5	54.0	520
29.07.2020 00:00	55.5	55.5	53.0	55.0	320
30.07.2020 00:00	55.0	56.0	54.0	54.5	670
31.07.2020 00:00	53.5	55.5	53.0	54.5	740
03.08.2020 00:00	55.0	55.0	54.0	54.5	240
04.08.2020 00:00	55.0	55.0	54.0	54.5	590
05.08.2020 00:00	55.0	55.0	53.0	54.0	850
06.08.2020 00:00	52.0	55.0	52.0	54.0	550
07.08.2020 00:00	55.0	75.5	52.0	73.5	33240
10.08.2020 00:00	69.0	74.5	64.5	67.0	7560
11.08.2020 00:00	69.5	71.5	64.5	66.5	8600
12.08.2020 00:00	68.0	71.5	63.0	67.0	2010
13.08.2020 00:00	68.5	93.0	64.0	93.0	63330
14.08.2020 00:00	93.5	127.0	88.0	96.5	75020
17.08.2020 00:00	95.0	100.0	86.0	92.0	11540
18.08.2020 00:00	88.0	95.0	88.0	89.0	1950
19.08.2020 00:00	90.5	106.0	87.0	92.5	11530
20.08.2020 00:00	95.0	105.0	90.0	96.0	6280
21.08.2020 00:00	99.0	100.0	90.0	90.0	2240
24.08.2020 00:00	89.0	90.0	81.5	87.0	1770
25.08.2020 00:00	86.5	88.5	83.5	85.0	700
26.08.2020 00:00	82.5	85.0	80.0	81.0	1790
27.08.2020 00:00	80.0	81.0	78.0	79.0	830
28.08.2020 00:00	79.0	90.0	78.5	85.0	5580
31.08.2020 00:00	89.0	89.0	80.5	82.0	2150
01.09.2020 00:00	84.0	90.0	80.0	81.5	2040
02.09.2020 00:00	82.0	84.0	80.5	81.0	560
03.09.2020 00:00	79.5	81.5	78.0	78.5	840
04.09.2020 00:00	79.0	79.5	72.5	73.5	1010
07.09.2020 00:00	74.0	76.0	70.5	76.0	620
08.09.2020 00:00	73.5	83.0	73.5	79.5	1350
09.09.2020 00:00	82.5	95.0	77.0	80.5	13080
10.09.2020 00:00	78.0	82.5	78.0	81.0	1450
11.09.2020 00:00	81.0	82.0	78.0	79.0	680
14.09.2020 00:00	78.5	82.0	78.0	82.0	580
15.09.2020 00:00	85.5	85.5	78.0	78.5	1110
16.09.2020 00:00	79.0	84.0	78.5	80.5	1370
17.09.2020 00:00	79.5	81.0	77.5	79.0	700
18.09.2020 00:00	79.5	80.0	78.0	79.5	230
21.09.2020 00:00	78.0	80.0	76.0	77.0	870
22.09.2020 00:00	74.5	79.5	72.0	76.0	870
23.09.2020 00:00	74.0	79.0	74.0	74.5	1050
24.09.2020 00:00	75.5	77.0	74.0	76.0	430
25.09.2020 00:00	74.0	76.0	71.0	73.0	1700
28.09.2020 00:00	73.0	73.0	71.0	72.0	1000
29.09.2020 00:00	73.0	73.5	70.0	71.0	1280
30.09.2020 00:00	69.5	71.5	69.0	71.0	390
01.10.2020 00:00	70.5	71.5	65.5	69.0	990
02.10.2020 00:00	64.0	80.0	64.0	70.0	5750
05.10.2020 00:00	69.0	75.0	68.0	72.0	1980
06.10.2020 00:00	69.0	74.0	69.0	69.0	1130
07.10.2020 00:00	69.5	70.0	68.5	68.5	660
08.10.2020 00:00	68.5	70.0	68.0	68.5	200
09.10.2020 00:00	69.5	70.0	67.5	67.5	320
12.10.2020 00:00	67.5	69.5	66.5	69.5	330
13.10.2020 00:00	68.0	69.0	64.0	67.0	410
14.10.2020 00:00	67.0	67.0	66.5	67.0	140
15.10.2020 00:00	67.0	67.0	66.0	66.0	60
16.10.2020 00:00	67.5	69.5	67.0	69.0	490
19.10.2020 00:00	67.0	69.0	66.5	68.0	280
20.10.2020 00:00	68.0	68.5	66.5	67.5	240
21.10.2020 00:00	69.5	69.5	67.0	68.0	430
22.10.2020 00:00	67.5	68.5	67.0	68.5	190
23.10.2020 00:00	68.0	77.0	67.5	70.0	5730
26.10.2020 00:00	70.0	71.0	67.5	68.5	600
27.10.2020 00:00	70.5	70.5	68.0	68.5	390
28.10.2020 00:00	70.5	77.0	65.0	67.0	2760
29.10.2020 00:00	65.0	68.0	64.5	67.0	400
30.10.2020 00:00	67.0	67.0	65.0	65.5	410
02.11.2020 00:00	64.5	66.0	63.0	64.0	510
03.11.2020 00:00	63.0	66.0	63.0	65.0	250
05.11.2020 00:00	68.0	68.0	64.5	65.0	370
06.11.2020 00:00	68.0	72.5	62.5	70.0	5420
09.11.2020 00:00	72.0	78.5	68.0	69.0	5230
10.11.2020 00:00	70.0	70.0	67.0	68.5	770
11.11.2020 00:00	69.0	70.0	67.0	69.0	850
12.11.2020 00:00	69.0	75.0	66.5	68.0	1840
13.11.2020 00:00	68.0	69.0	67.0	67.0	150
16.11.2020 00:00	69.0	69.5	66.5	69.0	660
17.11.2020 00:00	70.0	70.0	67.5	68.5	520
18.11.2020 00:00	67.5	71.0	67.5	68.5	1280
19.11.2020 00:00	68.5	69.0	68.0	69.0	50
20.11.2020 00:00	68.5	69.0	67.0	68.0	460
23.11.2020 00:00	68.5	68.5	67.0	68.0	150
24.11.2020 00:00	68.0	68.0	66.0	67.5	430
25.11.2020 00:00	65.5	68.0	65.5	67.5	680
26.11.2020 00:00	67.0	67.5	66.5	67.5	100
27.11.2020 00:00	68.0	70.0	67.0	67.5	1620
30.11.2020 00:00	68.0	68.0	67.0	68.0	660
01.12.2020 00:00	69.0	69.0	67.0	67.5	360
02.12.2020 00:00	67.0	68.0	65.0	67.5	600
03.12.2020 00:00	68.0	68.0	66.0	67.0	470
04.12.2020 00:00	66.0	67.0	66.0	67.0	300
07.12.2020 00:00	66.0	67.0	66.0	67.0	200
08.12.2020 00:00	68.0	68.0	65.0	66.5	470
09.12.2020 00:00	68.0	68.0	66.5	66.5	50
10.12.2020 00:00	66.0	67.5	65.5	66.5	580
11.12.2020 00:00	66.5	67.0	66.0	66.5	70
14.12.2020 00:00	66.0	66.5	64.5	66.5	310
15.12.2020 00:00	66.0	66.5	65.0	66.5	340
16.12.2020 00:00	66.5	67.0	65.5	66.5	60
17.12.2020 00:00	66.0	67.0	65.5	66.5	470
18.12.2020 00:00	66.0	67.0	66.0	66.0	190
21.12.2020 00:00	66.0	67.0	65.0	66.0	130
22.12.2020 00:00	64.0	67.0	64.0	67.0	130
23.12.2020 00:00	67.0	68.0	66.5	67.5	320
24.12.2020 00:00	68.0	68.0	64.5	66.0	1650
25.12.2020 00:00	66.0	68.0	66.0	68.0	480
28.12.2020 00:00	66.5	68.5	66.5	67.0	300
29.12.2020 00:00	68.0	68.0	66.0	66.0	290
30.12.2020 00:00	67.0	75.0	66.0	67.0	6210
04.01.2021 00:00	67.0	67.0	66.0	66.5	670
05.01.2021 00:00	66.0	67.0	66.0	66.5	380
06.01.2021 00:00	66.5	67.0	66.0	67.0	210
08.01.2021 00:00	66.0	67.0	65.5	67.0	340
11.01.2021 00:00	66.0	68.5	66.0	67.5	810
12.01.2021 00:00	68.0	71.5	67.5	68.5	2480
13.01.2021 00:00	71.0	71.0	67.5	69.0	530
14.01.2021 00:00	68.5	70.5	68.5	70.5	1970
15.01.2021 00:00	70.5	70.5	69.0	69.5	510
18.01.2021 00:00	71.0	71.0	69.0	69.5	440
19.01.2021 00:00	67.5	73.0	67.5	72.0	3110
20.01.2021 00:00	74.0	78.0	71.0	72.0	7390
21.01.2021 00:00	72.5	72.5	69.5	71.0	1190
22.01.2021 00:00	69.5	71.0	69.5	70.0	450
25.01.2021 00:00	70.5	71.5	70.0	71.5	210
26.01.2021 00:00	72.0	72.0	71.0	72.0	350
27.01.2021 00:00	71.0	72.5	70.5	71.0	220
28.01.2021 00:00	72.5	72.5	70.5	71.0	220
29.01.2021 00:00	70.5	76.0	70.0	70.5	1710
01.02.2021 00:00	71.5	71.5	68.5	69.5	640
02.02.2021 00:00	70.0	71.0	69.0	69.5	590
03.02.2021 00:00	69.0	73.0	69.0	70.0	220
04.02.2021 00:00	69.0	70.0	69.0	69.0	650
05.02.2021 00:00	70.0	70.0	69.5	70.0	250
08.02.2021 00:00	69.5	69.5	69.0	69.5	360
09.02.2021 00:00	69.5	69.5	67.5	68.0	720
10.02.2021 00:00	68.0	69.0	67.0	68.0	340
11.02.2021 00:00	68.5	68.5	67.0	68.0	280
12.02.2021 00:00	67.5	68.5	67.0	68.0	570
15.02.2021 00:00	66.5	68.5	66.5	68.5	340
16.02.2021 00:00	69.0	69.0	67.0	68.5	380
17.02.2021 00:00	68.0	71.0	68.0	69.0	780
18.02.2021 00:00	68.0	71.0	68.0	69.0	800
19.02.2021 00:00	68.0	88.0	67.0	67.0	7760
20.02.2021 00:00	68.0	90.0	67.5	72.5	30090
22.02.2021 00:00	71.5	76.0	69.0	70.0	4130
24.02.2021 00:00	69.5	71.0	69.0	70.5	920
25.02.2021 00:00	71.0	71.0	69.0	69.5	460
26.02.2021 00:00	69.0	69.0	67.0	68.0	890
01.03.2021 00:00	67.0	68.0	65.0	67.5	537
02.03.2021 00:00	68.0	70.0	67.0	68.0	882
03.03.2021 00:00	68.5	68.5	67.0	67.5	804
04.03.2021 00:00	67.5	68.0	67.0	67.5	417
05.03.2021 00:00	67.5	68.0	67.0	67.5	456
09.03.2021 00:00	67.5	68.0	67.0	67.5	243
10.03.2021 00:00	67.0	67.5	66.5	67.0	297
11.03.2021 00:00	67.0	67.5	66.5	67.5	481
12.03.2021 00:00	67.0	68.0	66.5	67.0	583
15.03.2021 00:00	66.5	67.5	66.5	67.0	465
16.03.2021 00:00	67.0	68.0	66.5	67.0	414
17.03.2021 00:00	66.5	67.0	66.5	66.5	425
18.03.2021 00:00	66.5	67.0	66.5	67.0	375
19.03.2021 00:00	67.0	67.0	66.5	67.0	211
22.03.2021 00:00	66.5	67.0	66.5	67.0	462
23.03.2021 00:00	67.0	70.0	66.5	67.0	3303
24.03.2021 00:00	67.0	67.0	65.5	66.0	744
25.03.2021 00:00	67.0	67.0	65.5	66.0	279
26.03.2021 00:00	66.0	66.0	65.0	65.5	338
29.03.2021 00:00	65.5	65.5	63.0	65.0	536
30.03.2021 00:00	65.0	65.5	65.0	65.0	409
31.03.2021 00:00	65.5	66.0	64.5	65.0	488
01.04.2021 00:00	65.0	65.5	65.0	65.0	231
02.04.2021 00:00	65.0	67.0	65.0	67.0	336
05.04.2021 00:00	67.0	68.5	65.5	66.5	508
06.04.2021 00:00	66.5	67.0	66.0	66.5	264
07.04.2021 00:00	67.0	67.0	66.0	67.0	394
08.04.2021 00:00	66.5	67.5	66.0	67.0	316
09.04.2021 00:00	68.0	68.0	66.5	67.0	116
12.04.2021 00:00	68.5	68.5	66.5	66.5	246
13.04.2021 00:00	68.5	68.5	66.5	67.0	194
14.04.2021 00:00	67.5	67.5	66.0	67.0	172
15.04.2021 00:00	66.5	67.0	66.0	67.0	193
16.04.2021 00:00	66.5	67.0	66.0	66.5	189
19.04.2021 00:00	66.0	67.5	66.0	66.5	260
20.04.2021 00:00	66.0	67.0	66.0	66.0	247
21.04.2021 00:00	66.0	67.0	66.0	67.0	177
22.04.2021 00:00	66.5	67.0	66.0	66.5	157
23.04.2021 00:00	66.5	67.0	66.0	66.5	94
26.04.2021 00:00	66.0	67.0	66.0	67.0	131
27.04.2021 00:00	67.0	71.0	66.5	68.5	886
28.04.2021 00:00	69.0	69.0	67.5	68.5	192
29.04.2021 00:00	69.0	69.0	66.0	67.5	454
30.04.2021 00:00	67.5	69.0	67.0	68.0	296
04.05.2021 00:00	67.5	68.5	67.0	67.5	45
05.05.2021 00:00	67.5	68.5	67.0	68.0	99
06.05.2021 00:00	68.0	68.0	67.0	67.5	83
07.05.2021 00:00	68.0	68.0	67.0	67.5	48
10.05.2021 00:00	68.0	68.0	67.0	67.5	58
11.05.2021 00:00	67.0	68.0	66.5	66.5	165
12.05.2021 00:00	67.5	68.0	66.5	68.0	164
13.05.2021 00:00	68.0	70.5	67.0	68.5	397
14.05.2021 00:00	68.0	68.5	67.5	68.5	211
17.05.2021 00:00	68.5	72.0	67.5	69.5	1647
18.05.2021 00:00	68.0	69.0	66.0	68.0	1204
19.05.2021 00:00	69.0	69.0	66.5	68.0	239
20.05.2021 00:00	67.5	69.5	67.0	68.0	456
21.05.2021 00:00	68.0	68.0	67.0	67.5	430
24.05.2021 00:00	68.0	68.0	67.0	67.5	235
25.05.2021 00:00	67.5	67.5	66.5	67.5	395
26.05.2021 00:00	67.0	68.0	66.5	68.0	171
27.05.2021 00:00	68.0	68.0	67.0	67.5	117
28.05.2021 00:00	68.0	68.0	67.0	68.0	234
31.05.2021 00:00	67.0	68.0	67.0	68.0	207
01.06.2021 00:00	68.0	68.0	67.0	67.5	119
02.06.2021 00:00	67.0	67.5	66.5	67.5	438
03.06.2021 00:00	67.0	67.5	67.0	67.5	112
04.06.2021 00:00	67.0	67.5	66.5	67.0	178
07.06.2021 00:00	67.0	70.0	67.0	67.5	660
08.06.2021 00:00	67.0	70.0	66.5	67.0	1054
09.06.2021 00:00	67.5	67.5	66.5	67.5	135
10.06.2021 00:00	67.0	74.0	67.0	69.0	4330
11.06.2021 00:00	69.0	70.0	68.0	69.0	796
14.06.2021 00:00	68.5	70.0	68.0	69.5	259
15.06.2021 00:00	69.5	70.0	68.5	69.0	212
16.06.2021 00:00	68.5	71.0	68.0	69.5	639
17.06.2021 00:00	69.0	69.5	68.5	69.5	157
18.06.2021 00:00	69.0	69.5	68.0	69.0	228
21.06.2021 00:00	69.0	69.0	68.0	68.5	99
22.06.2021 00:00	68.0	69.5	68.0	69.0	150
23.06.2021 00:00	69.0	69.5	68.0	68.5	375
24.06.2021 00:00	68.5	68.5	67.5	68.0	111
25.06.2021 00:00	68.0	69.0	68.0	68.0	131
28.06.2021 00:00	68.0	69.5	68.0	69.0	407
29.06.2021 00:00	69.0	69.5	68.5	68.5	96
30.06.2021 00:00	68.5	69.0	67.5	68.0	137
01.07.2021 00:00	68.0	68.0	67.5	68.0	76
02.07.2021 00:00	68.0	69.0	67.5	68.5	154
05.07.2021 00:00	69.0	69.5	67.5	68.5	337
06.07.2021 00:00	68.0	68.0	67.5	67.5	246
07.07.2021 00:00	67.5	67.5	67.0	67.0	212
08.07.2021 00:00	67.0	67.0	66.0	67.0	149
09.07.2021 00:00	67.0	67.5	66.0	67.5	93
12.07.2021 00:00	66.5	67.0	66.5	67.0	94
13.07.2021 00:00	67.5	68.0	66.5	68.0	125
14.07.2021 00:00	68.0	68.0	67.0	67.0	147
15.07.2021 00:00	68.0	70.5	66.5	68.0	580
16.07.2021 00:00	68.0	68.0	67.0	68.0	37
19.07.2021 00:00	66.5	69.0	66.5	69.0	154
20.07.2021 00:00	69.0	70.0	67.5	69.0	132
21.07.2021 00:00	69.5	69.5	67.5	69.0	111
22.07.2021 00:00	69.0	69.0	67.5	68.5	59
23.07.2021 00:00	68.0	70.5	68.0	69.5	474
26.07.2021 00:00	69.5	69.5	68.0	69.5	271
27.07.2021 00:00	68.5	69.0	68.0	69.0	250
28.07.2021 00:00	68.0	69.0	68.0	69.0	79
29.07.2021 00:00	68.5	69.0	68.0	69.0	127
30.07.2021 00:00	69.0	72.0	68.0	71.0	2213
02.08.2021 00:00	71.5	72.5	68.5	71.0	1740
03.08.2021 00:00	71.0	72.0	69.0	71.0	461
04.08.2021 00:00	69.5	73.5	69.5	72.0	771
05.08.2021 00:00	73.0	73.5	69.0	71.5	1117
06.08.2021 00:00	72.0	72.0	70.0	70.0	887
09.08.2021 00:00	70.5	70.5	69.0	70.0	291
10.08.2021 00:00	69.5	70.0	69.0	70.0	198
11.08.2021 00:00	69.5	70.0	68.5	69.0	461
12.08.2021 00:00	68.5	70.0	68.5	69.5	117
13.08.2021 00:00	69.5	70.0	68.5	69.0	131
16.08.2021 00:00	70.0	70.0	69.0	69.0	84
17.08.2021 00:00	70.0	70.0	69.0	69.5	95
18.08.2021 00:00	69.5	76.0	69.0	71.0	6926
19.08.2021 00:00	71.5	73.0	67.5	69.0	2123
20.08.2021 00:00	69.0	69.0	66.0	68.0	2036
23.08.2021 00:00	68.0	69.0	68.0	68.5	404
24.08.2021 00:00	68.0	68.5	67.5	67.5	602
25.08.2021 00:00	68.0	68.5	68.0	68.5	252
26.08.2021 00:00	68.0	71.0	68.0	68.5	723
27.08.2021 00:00	69.0	70.0	69.0	69.5	333
30.08.2021 00:00	68.5	69.0	68.0	69.0	244
31.08.2021 00:00	69.0	69.0	68.0	68.5	92
01.09.2021 00:00	69.0	69.0	67.5	68.5	83
02.09.2021 00:00	69.0	69.0	68.0	68.0	231
03.09.2021 00:00	68.0	69.0	68.0	69.0	324
06.09.2021 00:00	68.0	69.0	68.0	69.0	195
07.09.2021 00:00	69.0	69.0	68.0	68.0	276
08.09.2021 00:00	68.0	68.5	68.0	68.5	75
09.09.2021 00:00	68.0	68.5	68.0	68.5	63
10.09.2021 00:00	68.5	68.5	68.0	68.5	136
13.09.2021 00:00	68.0	80.0	67.5	69.0	8906
14.09.2021 00:00	69.0	70.0	68.0	69.0	503
15.09.2021 00:00	68.5	69.0	68.0	68.5	683
16.09.2021 00:00	68.5	68.5	68.0	68.0	163
17.09.2021 00:00	68.0	68.5	68.0	68.0	59
20.09.2021 00:00	67.5	95.0	66.5	74.5	44186
21.09.2021 00:00	74.5	76.5	68.0	69.5	7128
22.09.2021 00:00	69.0	74.0	69.0	71.0	3071
23.09.2021 00:00	70.0	73.0	69.0	70.0	3141
24.09.2021 00:00	71.0	71.5	70.0	71.0	1640
27.09.2021 00:00	71.0	72.0	70.0	70.5	935
28.09.2021 00:00	70.5	71.0	70.0	70.0	548
29.09.2021 00:00	70.0	70.0	68.0	68.5	886
30.09.2021 00:00	68.0	69.5	68.0	68.0	551
01.10.2021 00:00	68.0	68.5	68.0	68.0	363
04.10.2021 00:00	68.0	69.0	67.5	68.5	357
05.10.2021 00:00	68.5	70.0	67.5	68.5	817
06.10.2021 00:00	68.0	71.0	67.5	70.5	652
07.10.2021 00:00	71.0	99.0	70.0	99.0	53848
08.10.2021 00:00	108.5	138.0	102.0	104.0	63993
11.10.2021 00:00	106.0	135.0	105.5	127.5	50776
12.10.2021 00:00	129.0	178.5	129.0	178.5	71620
13.10.2021 00:00	187.5	196.0	187.5	196.0	14317
14.10.2021 00:00	215.5	215.5	210.0	215.5	4822
15.10.2021 00:00	236.5	236.5	155.0	174.0	44006
18.10.2021 00:00	184.5	191.5	160.5	191.5	5217
19.10.2021 00:00	209.0	210.5	196.0	210.5	4623
20.10.2021 00:00	229.0	231.0	220.0	231.0	3397
21.10.2021 00:00	249.0	254.0	239.5	254.0	2460
22.10.2021 00:00	278.5	279.5	210.5	270.0	43306
25.10.2021 00:00	270.0	289.0	251.0	289.0	5433
26.10.2021 00:00	318.0	318.0	300.0	318.0	1174
27.10.2021 00:00	349.5	349.5	349.5	349.5	882
28.10.2021 00:00	382.0	384.0	214.5	230.0	63685
29.10.2021 00:00	221.0	252.5	202.0	252.5	21047
01.11.2021 00:00	277.5	277.5	260.0	277.5	4328
02.11.2021 00:00	303.5	305.0	294.0	305.0	4430
03.11.2021 00:00	333.5	335.5	265.0	335.0	68030
05.11.2021 00:00	302.0	367.5	284.0	338.0	39959
08.11.2021 00:00	340.0	359.0	311.0	324.0	19690
09.11.2021 00:00	324.0	344.5	290.0	300.0	12658
10.11.2021 00:00	309.0	312.0	279.0	288.5	7509
11.11.2021 00:00	276.0	282.0	250.0	258.0	5064
12.11.2021 00:00	245.0	283.5	242.0	283.5	2974
15.11.2021 00:00	311.5	311.5	299.5	311.5	1301
16.11.2021 00:00	342.0	342.0	280.5	303.0	14533
17.11.2021 00:00	305.5	310.0	289.0	295.0	4392
18.11.2021 00:00	293.0	297.5	276.0	287.5	2560
19.11.2021 00:00	290.0	293.5	261.0	276.5	4099
22.11.2021 00:00	285.0	304.0	269.0	280.0	7369
23.11.2021 00:00	275.0	294.0	266.5	272.0	4380
24.11.2021 00:00	272.0	279.0	265.0	268.0	1861
25.11.2021 00:00	272.5	275.0	264.0	273.5	1780
26.11.2021 00:00	277.0	277.0	255.0	266.5	1377
29.11.2021 00:00	274.0	277.5	257.0	266.5	1619
30.11.2021 00:00	270.0	290.0	259.0	260.5	1644
01.12.2021 00:00	256.0	269.0	245.0	250.0	2836
02.12.2021 00:00	258.0	258.0	239.0	240.0	879
03.12.2021 00:00	240.5	253.0	219.5	222.0	3022
06.12.2021 00:00	222.0	229.0	161.0	172.0	6741
07.12.2021 00:00	179.0	235.0	179.0	208.0	29592
08.12.2021 00:00	208.5	269.0	208.0	268.0	24265
09.12.2021 00:00	272.0	298.0	235.0	238.0	16365
10.12.2021 00:00	249.0	249.0	216.0	219.5	4194
13.12.2021 00:00	223.5	243.0	220.0	225.0	3011
14.12.2021 00:00	211.0	240.0	205.0	216.5	2492
15.12.2021 00:00	226.0	226.0	210.0	213.0	1311
16.12.2021 00:00	223.5	223.5	201.0	204.5	1938
17.12.2021 00:00	204.5	204.5	196.0	202.0	831
20.12.2021 00:00	205.0	205.0	186.0	193.0	974
21.12.2021 00:00	193.0	201.5	189.0	192.5	451
22.12.2021 00:00	190.0	194.5	190.0	190.5	426
23.12.2021 00:00	195.0	262.0	192.0	253.0	39051
24.12.2021 00:00	252.0	265.0	221.5	223.0	17967
27.12.2021 00:00	222.0	243.0	218.0	218.5	7485
28.12.2021 00:00	220.0	237.0	219.5	222.0	2834
29.12.2021 00:00	223.5	230.0	207.5	214.5	3111
30.12.2021 00:00	219.0	228.0	214.5	215.5	1852
03.01.2022 00:00	218.0	235.0	216.0	228.0	4325
04.01.2022 00:00	233.0	233.0	223.0	225.0	2315
05.01.2022 00:00	223.5	229.0	216.5	220.5	1458
06.01.2022 00:00	225.5	225.5	214.5	217.0	709
10.01.2022 00:00	224.0	224.0	217.0	217.5	764
11.01.2022 00:00	214.5	221.5	210.0	218.0	668
12.01.2022 00:00	221.0	223.0	212.0	216.0	602
13.01.2022 00:00	220.0	223.0	210.0	213.5	730
14.01.2022 00:00	215.5	215.5	185.0	201.0	1790
17.01.2022 00:00	198.0	203.0	191.5	197.0	539
18.01.2022 00:00	203.0	204.0	175.0	183.0	1036
19.01.2022 00:00	175.0	190.5	175.0	179.0	1965
20.01.2022 00:00	187.0	204.0	181.0	201.5	3158
21.01.2022 00:00	201.5	205.0	180.5	191.0	787
24.01.2022 00:00	193.0	193.0	170.0	174.5	1539
25.01.2022 00:00	193.0	209.0	176.0	194.0	5280
26.01.2022 00:00	201.0	209.0	181.0	188.0	3053
27.01.2022 00:00	192.0	199.5	188.0	193.5	1100
28.01.2022 00:00	188.0	197.0	187.5	191.5	493
31.01.2022 00:00	198.0	198.0	182.0	189.5	582
01.02.2022 00:00	192.0	195.0	182.0	186.5	689
02.02.2022 00:00	182.0	190.0	180.0	182.5	577
03.02.2022 00:00	182.0	183.0	180.0	181.0	324
04.02.2022 00:00	179.0	190.0	179.0	183.0	545
07.02.2022 00:00	184.0	185.0	180.0	182.0	480
08.02.2022 00:00	181.0	184.0	180.0	181.0	1519
09.02.2022 00:00	185.0	185.0	181.0	183.0	957
10.02.2022 00:00	189.0	203.0	178.0	187.0	4040
11.02.2022 00:00	186.0	194.5	182.0	184.5	709
14.02.2022 00:00	184.0	184.5	175.0	180.5	906
15.02.2022 00:00	181.0	186.0	177.0	182.5	770
16.02.2022 00:00	189.0	189.0	181.0	182.0	673
17.02.2022 00:00	184.5	184.5	176.5	178.0	389
18.02.2022 00:00	178.0	183.0	170.5	172.0	615
21.02.2022 00:00	181.5	181.5	130.0	155.0	2156
22.02.2022 00:00	155.0	169.5	123.0	161.0	1308
24.02.2022 00:00	142.0	150.0	97.0	114.0	1113
25.02.2022 00:00	114.0	155.0	110.0	135.0	1124
28.03.2022 00:00	135.0	151.5	105.0	120.0	1060
29.03.2022 00:00	115.0	145.0	111.0	133.0	1395
30.03.2022 00:00	133.5	145.0	133.5	135.0	821
31.03.2022 00:00	135.0	168.0	135.0	155.0	4431
01.04.2022 00:00	156.0	165.0	141.0	152.5	1747
04.04.2022 00:00	163.0	213.0	145.0	200.5	37603
05.04.2022 00:00	206.0	209.0	179.0	185.5	11776
06.04.2022 00:00	194.0	198.0	179.5	182.0	2629
07.04.2022 00:00	178.5	185.0	175.0	178.0	1488
08.04.2022 00:00	181.0	182.0	171.0	176.0	805
11.04.2022 00:00	174.0	182.0	169.0	177.0	1254
12.04.2022 00:00	182.0	182.0	172.0	174.0	425
13.04.2022 00:00	172.0	176.0	172.0	175.0	347
14.04.2022 00:00	175.0	179.0	171.0	171.0	302
15.04.2022 00:00	174.0	174.0	158.0	168.0	581
18.04.2022 00:00	165.5	217.5	163.0	190.0	17724
19.04.2022 00:00	188.0	215.0	167.5	177.0	12141
20.04.2022 00:00	181.0	194.0	169.5	175.5	2551
21.04.2022 00:00	176.0	177.0	170.0	171.0	633
22.04.2022 00:00	172.0	174.5	169.5	172.0	479
25.04.2022 00:00	171.0	177.0	169.5	171.0	376
26.04.2022 00:00	171.0	172.5	165.0	171.5	422
27.04.2022 00:00	170.0	173.5	165.5	170.0	561
28.04.2022 00:00	169.0	175.0	168.0	170.0	1213
29.04.2022 00:00	168.5	188.0	167.0	168.5	6636
04.05.2022 00:00	171.0	174.5	168.0	170.0	1030
05.05.2022 00:00	170.5	174.5	166.5	171.5	761
06.05.2022 00:00	170.0	171.5	168.0	168.0	248
11.05.2022 00:00	172.0	172.0	162.0	168.0	549
12.05.2022 00:00	165.5	170.5	162.5	164.5	657
13.05.2022 00:00	166.0	169.0	162.0	163.0	349
16.05.2022 00:00	165.0	166.0	162.0	164.0	191
17.05.2022 00:00	165.5	165.5	163.0	164.5	936
18.05.2022 00:00	156.5	166.5	156.5	163.5	770
19.05.2022 00:00	163.0	172.0	161.0	164.0	3300
20.05.2022 00:00	164.0	171.5	163.0	164.0	1384
23.05.2022 00:00	165.5	196.0	165.0	179.5	28118
24.05.2022 00:00	182.0	200.5	173.5	175.0	17351
25.05.2022 00:00	173.5	185.0	163.0	164.5	4809
26.05.2022 00:00	164.0	173.0	164.0	166.5	1850
27.05.2022 00:00	166.0	171.0	165.0	165.0	1138
30.05.2022 00:00	169.0	169.0	165.0	165.5	1089
31.05.2022 00:00	167.5	167.5	162.0	164.0	860
01.06.2022 00:00	165.0	185.0	165.0	167.0	8115
02.06.2022 00:00	168.5	179.0	166.5	167.5	5111
03.06.2022 00:00	171.0	171.0	165.5	166.5	775
06.06.2022 00:00	168.5	170.5	166.5	167.0	970
07.06.2022 00:00	169.5	169.5	165.0	165.5	946
08.06.2022 00:00	167.0	169.0	165.0	165.0	816
09.06.2022 00:00	167.0	167.0	163.0	165.0	494
10.06.2022 00:00	164.0	165.5	163.0	164.0	263
14.06.2022 00:00	165.5	165.5	158.0	161.0	742
15.06.2022 00:00	158.5	160.5	157.5	159.5	843
16.06.2022 00:00	160.0	161.0	154.0	160.0	759
17.06.2022 00:00	161.0	165.5	159.0	160.0	1204
20.06.2022 00:00	160.5	164.0	156.5	162.0	510
21.06.2022 00:00	162.0	162.5	160.5	161.0	406
22.06.2022 00:00	161.0	164.0	160.0	160.0	325
23.06.2022 00:00	162.0	173.0	160.0	162.5	3842
24.06.2022 00:00	160.0	164.0	160.0	163.0	185
27.06.2022 00:00	166.0	166.0	161.0	162.0	515
28.06.2022 00:00	161.0	163.0	160.0	163.0	589
29.06.2022 00:00	162.0	169.0	161.5	165.0	1657
30.06.2022 00:00	164.0	167.5	156.5	162.0	1263
01.07.2022 00:00	164.0	165.5	162.0	163.0	1083
04.07.2022 00:00	164.0	166.0	162.0	164.0	912
05.07.2022 00:00	163.5	166.0	162.0	163.0	1039
06.07.2022 00:00	164.5	167.0	164.5	164.5	991
07.07.2022 00:00	166.0	167.0	163.5	165.0	870
08.07.2022 00:00	170.5	173.0	163.0	166.0	2499
11.07.2022 00:00	167.5	179.5	166.0	178.0	7080
12.07.2022 00:00	173.0	178.5	164.0	167.0	3487
13.07.2022 00:00	156.0	161.5	154.5	155.5	3448
14.07.2022 00:00	154.5	157.5	150.0	151.0	1463
15.07.2022 00:00	150.0	150.5	145.5	150.0	1493
18.07.2022 00:00	150.5	155.0	150.0	151.0	790
19.07.2022 00:00	152.0	154.0	150.0	151.0	393
20.07.2022 00:00	154.0	154.0	150.0	152.0	338
21.07.2022 00:00	151.5	153.5	150.5	151.5	137
22.07.2022 00:00	150.5	153.0	150.5	152.0	159
25.07.2022 00:00	150.0	152.0	150.0	151.5	925
26.07.2022 00:00	150.0	151.5	150.0	151.5	234
27.07.2022 00:00	152.0	153.5	150.5	152.0	274
28.07.2022 00:00	152.0	152.0	151.0	151.0	146
29.07.2022 00:00	152.0	159.0	151.5	151.5	1818
01.08.2022 00:00	152.5	156.0	152.0	153.0	477
02.08.2022 00:00	155.0	155.0	151.5	151.5	349
03.08.2022 00:00	154.5	154.5	150.0	150.5	206
04.08.2022 00:00	152.5	152.5	150.0	150.0	499
05.08.2022 00:00	150.0	150.5	146.0	147.0	275
08.08.2022 00:00	146.0	152.0	146.0	149.5	115
09.08.2022 00:00	149.5	150.5	147.5	150.0	35
10.08.2022 00:00	147.5	150.0	143.5	148.5	371
11.08.2022 00:00	149.5	150.0	147.0	150.0	197
12.08.2022 00:00	150.0	150.0	147.5	148.0	134
15.08.2022 00:00	147.5	149.5	147.0	148.0	356
16.08.2022 00:00	149.0	149.0	147.5	147.5	134
17.08.2022 00:00	150.0	150.0	147.0	147.5	458
18.08.2022 00:00	147.5	150.0	147.5	148.5	261
19.08.2022 00:00	148.0	149.0	147.0	148.0	242
22.08.2022 00:00	149.0	150.0	148.0	150.0	223
23.08.2022 00:00	151.0	151.0	143.5	148.0	632
24.08.2022 00:00	149.0	150.0	147.0	148.0	191
25.08.2022 00:00	150.5	151.0	148.0	148.0	373
26.08.2022 00:00	147.0	149.0	147.0	148.5	156
29.08.2022 00:00	147.5	149.5	147.0	148.5	216
30.08.2022 00:00	148.5	155.5	148.0	150.0	1275
31.08.2022 00:00	149.0	150.0	145.0	149.0	164
01.09.2022 00:00	149.0	151.0	147.5	148.5	447
02.09.2022 00:00	147.5	150.0	147.5	148.0	352
05.09.2022 00:00	149.0	151.0	149.0	149.5	239
06.09.2022 00:00	150.0	153.0	148.0	149.5	397
07.09.2022 00:00	149.0	151.0	149.0	150.0	219
08.09.2022 00:00	150.5	151.0	149.0	149.0	268
09.09.2022 00:00	148.5	150.5	148.5	149.0	135
12.09.2022 00:00	149.0	162.5	148.5	150.0	4185
13.09.2022 00:00	150.0	160.0	150.0	152.5	2988
14.09.2022 00:00	154.0	158.0	151.5	155.0	2549
15.09.2022 00:00	156.0	160.0	154.5	156.5	2110
16.09.2022 00:00	159.0	169.0	155.0	157.0	8688
19.09.2022 00:00	156.5	163.0	152.5	155.0	1700
20.09.2022 00:00	159.5	159.5	148.0	148.0	2405
21.09.2022 00:00	148.0	148.0	120.0	140.0	911
22.09.2022 00:00	138.5	147.5	138.5	144.5	364
23.09.2022 00:00	144.0	144.0	130.0	134.0	411
26.09.2022 00:00	134.0	140.0	108.0	116.0	1436
27.09.2022 00:00	121.5	144.5	116.5	124.0	4167
28.09.2022 00:00	127.0	136.0	123.0	126.5	983
29.09.2022 00:00	130.0	130.5	120.0	122.5	528
30.09.2022 00:00	120.0	121.0	109.0	118.0	1348
03.10.2022 00:00	122.5	129.0	118.5	125.0	804
04.10.2022 00:00	127.0	127.0	121.5	121.5	332
05.10.2022 00:00	122.0	123.0	115.5	119.5	565
06.10.2022 00:00	121.0	123.5	117.0	121.0	488
07.10.2022 00:00	123.5	123.5	115.0	118.0	255
10.10.2022 00:00	115.0	120.0	112.5	117.5	206
11.10.2022 00:00	119.5	122.0	117.5	119.0	318
12.10.2022 00:00	121.0	135.0	121.0	124.0	2527
13.10.2022 00:00	126.0	126.0	123.0	124.0	155
14.10.2022 00:00	122.0	126.0	120.0	122.5	199
17.10.2022 00:00	125.0	127.0	123.5	124.0	244
18.10.2022 00:00	125.0	125.0	122.0	123.0	107
19.10.2022 00:00	123.0	123.0	121.0	122.0	278
20.10.2022 00:00	124.5	124.5	122.0	123.0	165
21.10.2022 00:00	122.0	126.0	121.0	122.0	610
24.10.2022 00:00	123.0	123.5	121.0	123.0	184
25.10.2022 00:00	123.0	126.0	121.5	123.5	432
26.10.2022 00:00	123.0	124.0	122.5	124.0	145
27.10.2022 00:00	124.5	127.0	123.0	125.0	1200
28.10.2022 00:00	129.0	146.0	129.0	132.0	5917
31.10.2022 00:00	132.0	133.0	128.5	130.0	583
01.11.2022 00:00	130.0	135.5	129.5	133.0	899
02.11.2022 00:00	132.0	135.0	130.0	132.0	1267
03.11.2022 00:00	130.5	133.0	130.5	130.5	535
07.11.2022 00:00	134.0	134.0	130.0	131.5	241
08.11.2022 00:00	131.0	132.0	130.0	131.0	277
09.11.2022 00:00	131.5	132.0	130.5	130.5	178
10.11.2022 00:00	130.0	132.0	129.5	131.0	436
11.11.2022 00:00	131.5	132.0	130.0	131.0	197
14.11.2022 00:00	129.0	132.0	129.0	131.5	278
15.11.2022 00:00	132.5	132.5	130.0	131.5	204
16.11.2022 00:00	131.0	131.5	130.0	130.5	439
17.11.2022 00:00	130.5	131.0	130.5	130.5	93
18.11.2022 00:00	130.0	130.5	130.0	130.5	40
21.11.2022 00:00	130.5	130.5	124.0	127.5	763
22.11.2022 00:00	129.0	130.0	127.0	128.0	221
23.11.2022 00:00	129.0	136.5	128.5	129.5	1460
24.11.2022 00:00	129.0	132.0	129.0	130.0	263
25.11.2022 00:00	129.5	132.0	129.0	131.0	356
28.11.2022 00:00	132.0	133.5	127.0	130.0	706
29.11.2022 00:00	130.0	136.0	130.0	132.0	1354
30.11.2022 00:00	133.5	145.0	132.0	133.0	3672
01.12.2022 00:00	134.0	134.0	130.0	132.0	608
02.12.2022 00:00	133.0	133.0	131.0	131.5	140
05.12.2022 00:00	130.5	131.5	130.0	130.5	338
06.12.2022 00:00	132.0	133.0	128.0	130.0	516
07.12.2022 00:00	128.5	131.5	128.0	130.0	258
08.12.2022 00:00	129.0	130.0	129.0	130.0	174
09.12.2022 00:00	130.0	141.0	128.0	128.5	3302
12.12.2022 00:00	131.5	131.5	128.0	129.5	622
13.12.2022 00:00	129.5	130.0	128.5	129.5	189
14.12.2022 00:00	130.0	130.0	128.5	128.5	189
15.12.2022 00:00	128.5	132.5	128.0	131.0	1180
16.12.2022 00:00	129.5	138.0	128.5	132.0	2872
19.12.2022 00:00	134.0	139.0	129.0	130.5	976
20.12.2022 00:00	128.5	157.0	128.5	136.0	18915
21.12.2022 00:00	136.5	138.5	131.5	134.0	1819
22.12.2022 00:00	139.0	139.0	132.0	138.0	1413
23.12.2022 00:00	140.0	189.0	139.0	143.5	65041
26.12.2022 00:00	146.5	165.0	136.0	146.5	16371
27.12.2022 00:00	150.0	150.0	138.5	142.0	4218
28.12.2022 00:00	143.0	143.0	137.0	137.0	1425
29.12.2022 00:00	137.0	149.5	137.0	137.5	5724
30.12.2022 00:00	140.0	166.5	138.0	138.5	38394
03.01.2023 00:00	146.0	146.0	137.0	141.0	2821
04.01.2023 00:00	141.0	143.0	140.0	141.5	1265
05.01.2023 00:00	141.0	154.5	141.0	144.0	4875
06.01.2023 00:00	144.0	151.0	144.0	146.5	3058
09.01.2023 00:00	149.0	158.5	144.5	152.0	10990
10.01.2023 00:00	152.0	171.0	150.5	169.0	26448
11.01.2023 00:00	170.0	235.5	170.0	235.5	142467
12.01.2023 00:00	223.0	228.0	191.0	197.0	41161
13.01.2023 00:00	204.0	207.5	192.0	195.0	6643
16.01.2023 00:00	200.0	205.0	194.0	198.0	4940
17.01.2023 00:00	203.0	203.0	186.5	187.5	5017
18.01.2023 00:00	189.5	222.0	188.0	198.0	44477
19.01.2023 00:00	199.5	204.0	186.0	189.5	5201
20.01.2023 00:00	189.5	195.0	185.0	191.5	3677
23.01.2023 00:00	191.5	204.0	187.5	194.0	5834
24.01.2023 00:00	197.0	212.0	191.0	200.0	28049
25.01.2023 00:00	201.5	206.0	195.0	198.0	2966
26.01.2023 00:00	198.5	198.5	189.0	194.0	2723
27.01.2023 00:00	197.5	201.0	190.0	193.0	3651
30.01.2023 00:00	194.0	202.0	192.0	194.5	6826
31.01.2023 00:00	197.0	234.0	195.0	203.0	57027
01.02.2023 00:00	205.0	205.0	197.0	199.0	3770
02.02.2023 00:00	199.0	215.0	195.0	200.0	8765
03.02.2023 00:00	201.5	206.0	198.0	200.5	4462
06.02.2023 00:00	200.0	204.5	194.5	202.0	2362
07.02.2023 00:00	202.5	207.0	200.0	203.0	4031
08.02.2023 00:00	203.0	205.5	199.0	203.0	5782
09.02.2023 00:00	206.0	272.5	203.5	220.5	155092
10.02.2023 00:00	221.0	221.0	205.0	211.0	8793
13.02.2023 00:00	214.5	216.5	209.5	211.5	2743
14.02.2023 00:00	214.0	264.0	210.0	219.5	113879
15.02.2023 00:00	226.0	304.5	222.5	260.0	253516
16.02.2023 00:00	261.0	277.5	230.0	234.5	28701
17.02.2023 00:00	234.0	301.0	234.0	253.0	101370
20.02.2023 00:00	261.0	316.0	257.5	285.0	113981
21.02.2023 00:00	273.0	307.0	262.0	275.5	39725
22.02.2023 00:00	276.0	281.0	265.0	267.0	8350
24.02.2023 00:00	267.0	285.0	267.0	273.5	28875
27.02.2023 00:00	281.0	281.0	267.0	272.0	4546
28.02.2023 00:00	274.0	293.5	271.0	278.5	41057
01.03.2023 00:00	279.0	283.5	275.5	278.0	5444
02.03.2023 00:00	282.0	282.0	248.0	265.5	9388
03.03.2023 00:00	269.0	287.0	267.0	276.0	18863
06.03.2023 00:00	278.0	278.0	273.0	275.0	2448
07.03.2023 00:00	278.0	285.0	274.0	277.5	9076
09.03.2023 00:00	279.0	314.0	278.0	292.0	118178
10.03.2023 00:00	292.0	302.0	282.0	290.0	7396
13.03.2023 00:00	299.5	300.0	290.0	290.5	2899
14.03.2023 00:00	290.5	293.0	285.5	289.0	2063
15.03.2023 00:00	290.0	290.0	282.0	284.0	1478
16.03.2023 00:00	283.5	296.0	275.0	278.0	5336
17.03.2023 00:00	280.5	293.0	280.0	282.5	4508
20.03.2023 00:00	285.0	288.0	278.0	281.0	1982
21.03.2023 00:00	282.0	282.5	276.0	279.0	1869
22.03.2023 00:00	280.0	293.0	277.0	285.0	10120
23.03.2023 00:00	293.0	293.0	284.5	287.0	1385
24.03.2023 00:00	288.5	289.5	281.5	284.5	1329
27.03.2023 00:00	286.0	291.0	282.0	289.0	2502
28.03.2023 00:00	292.0	292.0	284.0	286.5	1050
29.03.2023 00:00	288.0	288.0	284.0	285.5	1155
30.03.2023 00:00	287.0	293.5	284.0	288.5	5603
31.03.2023 00:00	291.0	292.0	280.0	281.5	2191
03.04.2023 00:00	287.5	295.0	283.5	288.0	5434
04.04.2023 00:00	288.5	317.0	288.0	303.0	38003
05.04.2023 00:00	302.0	340.0	296.5	332.0	31661
06.04.2023 00:00	352.5	426.0	342.0	391.0	177753
07.04.2023 00:00	391.0	399.0	330.0	341.5	40627
10.04.2023 00:00	341.5	353.0	330.0	349.0	10743
11.04.2023 00:00	352.5	362.0	322.0	336.0	13416
12.04.2023 00:00	340.0	384.0	340.0	358.5	29836
13.04.2023 00:00	359.0	383.5	359.0	370.5	23325
14.04.2023 00:00	374.0	374.0	353.5	362.5	5789
17.04.2023 00:00	364.0	366.5	350.0	362.0	3727
18.04.2023 00:00	364.5	390.0	359.5	368.0	22883
19.04.2023 00:00	372.0	372.0	360.0	366.5	2396
20.04.2023 00:00	370.0	370.0	354.0	361.0	2002
21.04.2023 00:00	358.5	380.0	358.5	364.0	3998
24.04.2023 00:00	364.0	367.0	355.0	364.5	1571
25.04.2023 00:00	364.0	377.5	364.0	367.0	3379
26.04.2023 00:00	371.0	371.0	358.0	366.0	2960
27.04.2023 00:00	368.0	368.5	363.0	365.0	1178
28.04.2023 00:00	366.5	377.0	356.0	365.5	4628
02.05.2023 00:00	376.0	393.5	322.5	342.5	23882
03.05.2023 00:00	342.5	364.0	314.5	330.0	9470
04.05.2023 00:00	330.0	358.5	330.0	337.5	5361
05.05.2023 00:00	338.5	360.0	338.0	340.0	3588
08.05.2023 00:00	349.0	349.0	339.0	340.0	751
10.05.2023 00:00	345.0	355.0	337.0	351.0	1902
11.05.2023 00:00	360.0	360.0	348.5	355.5	1957
12.05.2023 00:00	355.5	356.0	346.5	349.0	1093
15.05.2023 00:00	352.0	357.0	341.5	352.5	5426
16.05.2023 00:00	353.0	365.0	345.5	354.5	6666
17.05.2023 00:00	351.0	358.0	348.0	351.0	2157
18.05.2023 00:00	348.5	352.0	336.5	340.0	2648
19.05.2023 00:00	341.0	341.0	320.0	322.0	2680
22.05.2023 00:00	327.0	414.5	323.5	352.0	136686
23.05.2023 00:00	352.0	394.0	352.0	359.5	31282
24.05.2023 00:00	365.0	365.0	342.0	353.5	4154
25.05.2023 00:00	356.0	356.5	344.5	351.0	2346
26.05.2023 00:00	356.0	356.0	348.0	349.5	936
29.05.2023 00:00	356.0	359.0	350.0	351.0	1794
30.05.2023 00:00	350.5	351.0	343.5	349.0	2707
31.05.2023 00:00	353.0	369.0	345.0	349.5	7543
01.06.2023 00:00	352.0	365.0	343.0	354.0	7709
02.06.2023 00:00	357.5	358.5	350.0	351.0	2007
05.06.2023 00:00	351.5	352.5	347.0	348.0	981
06.06.2023 00:00	347.0	350.0	330.0	349.5	1962
07.06.2023 00:00	348.0	349.5	345.0	345.5	1042
08.06.2023 00:00	350.0	354.5	345.0	347.0	1214
09.06.2023 00:00	349.5	350.5	345.0	347.0	567
13.06.2023 00:00	347.0	349.5	343.0	345.0	1219
14.06.2023 00:00	345.5	346.0	341.0	345.0	1559
15.06.2023 00:00	345.5	351.0	343.0	344.5	2193
16.06.2023 00:00	346.5	347.0	332.5	340.5	3386
19.06.2023 00:00	346.0	346.0	341.0	344.0	1354
20.06.2023 00:00	344.0	345.0	333.0	343.0	1778
21.06.2023 00:00	343.0	355.0	343.0	346.5	4888
22.06.2023 00:00	346.0	352.0	337.0	345.0	2452
23.06.2023 00:00	345.0	370.0	340.0	349.0	16195
26.06.2023 00:00	343.0	348.5	340.0	345.0	1496
27.06.2023 00:00	345.5	354.5	345.0	348.0	3545
28.06.2023 00:00	351.5	364.0	347.5	352.5	4725
29.06.2023 00:00	356.0	360.5	350.0	353.0	3012
30.06.2023 00:00	359.0	359.0	352.0	353.5	1637
03.07.2023 00:00	353.5	353.5	349.5	350.0	1284
04.07.2023 00:00	348.5	352.5	341.5	348.0	1597
05.07.2023 00:00	348.5	356.0	345.0	351.5	2162
06.07.2023 00:00	355.0	359.0	349.0	354.0	3599
07.07.2023 00:00	358.0	369.5	352.5	363.0	8673
10.07.2023 00:00	365.0	380.0	354.0	359.0	8381
11.07.2023 00:00	359.5	360.5	355.0	356.0	1142
12.07.2023 00:00	361.0	362.0	356.5	357.0	833
13.07.2023 00:00	359.0	360.0	352.0	356.0	1244
14.07.2023 00:00	356.0	364.5	354.0	354.5	1582
17.07.2023 00:00	354.0	375.0	354.0	363.5	10931
18.07.2023 00:00	367.0	453.0	364.5	448.0	98435
19.07.2023 00:00	490.0	625.0	470.5	559.0	164467
20.07.2023 00:00	540.0	549.0	480.0	500.0	26746
21.07.2023 00:00	500.0	533.0	484.5	502.5	23391
24.07.2023 00:00	509.0	529.0	494.5	525.0	9112
25.07.2023 00:00	527.5	530.0	510.5	525.0	6777
26.07.2023 00:00	533.0	533.0	515.0	522.5	3718
27.07.2023 00:00	523.5	533.0	517.0	526.0	4104
28.07.2023 00:00	529.0	559.5	518.5	527.0	19579
31.07.2023 00:00	579.0	579.0	554.0	577.0	22821
01.08.2023 00:00	590.5	594.5	564.0	581.5	10332
02.08.2023 00:00	581.5	617.0	574.0	588.0	18033
03.08.2023 00:00	589.0	647.0	582.0	647.0	36858
04.08.2023 00:00	649.0	709.5	588.0	657.0	34985
07.08.2023 00:00	700.0	725.0	680.0	725.0	21360
08.08.2023 00:00	760.0	797.0	738.5	797.0	21221
09.08.2023 00:00	859.5	876.5	813.5	876.5	12506
10.08.2023 00:00	940.0	963.5	742.5	793.0	48813
11.08.2023 00:00	810.0	810.0	725.0	781.5	11966
14.08.2023 00:00	800.0	800.0	757.0	763.0	4448
15.08.2023 00:00	758.0	770.0	705.5	756.0	3986
16.08.2023 00:00	800.0	904.0	756.0	847.0	43485
17.08.2023 00:00	848.0	870.0	815.0	834.0	6305
18.08.2023 00:00	850.0	850.0	800.0	818.0	2723
21.08.2023 00:00	818.5	863.0	808.0	849.0	7082
22.08.2023 00:00	863.0	963.0	828.5	929.5	42235
23.08.2023 00:00	929.5	940.0	880.0	910.5	8603
24.08.2023 00:00	920.0	920.0	881.0	897.5	3418
25.08.2023 00:00	896.0	908.0	888.0	899.0	1546
28.08.2023 00:00	904.0	924.0	890.5	894.0	5513
29.08.2023 00:00	903.5	920.0	861.5	889.0	10312
30.08.2023 00:00	900.0	945.0	883.0	893.5	12058
31.08.2023 00:00	900.5	915.5	875.0	891.0	3598
01.09.2023 00:00	905.0	908.0	870.0	888.0	2213
04.09.2023 00:00	896.0	925.0	880.0	912.0	12164
05.09.2023 00:00	924.0	924.0	892.0	907.0	4693
06.09.2023 00:00	915.0	915.0	892.0	905.0	2177
07.09.2023 00:00	914.0	995.5	820.0	884.0	40739
08.09.2023 00:00	892.5	913.0	825.0	864.0	4773
11.09.2023 00:00	866.5	925.0	840.0	864.0	9600
12.09.2023 00:00	873.5	910.0	855.0	894.5	9437
13.09.2023 00:00	894.5	915.5	851.0	868.0	4980
14.09.2023 00:00	874.0	874.0	621.0	772.5	10138
15.09.2023 00:00	795.0	838.0	742.5	808.0	5293
18.09.2023 00:00	809.0	880.0	808.0	832.0	14405
19.09.2023 00:00	850.0	860.0	762.0	773.5	4942
20.09.2023 00:00	760.0	850.0	665.5	760.0	16236
21.09.2023 00:00	760.0	829.0	700.0	737.0	8572
22.09.2023 00:00	737.0	810.0	732.0	748.0	4289
25.09.2023 00:00	765.0	803.0	741.0	762.0	4857
26.09.2023 00:00	770.0	780.0	740.0	750.5	3621
27.09.2023 00:00	750.5	785.0	741.5	768.5	6300
28.09.2023 00:00	789.5	805.0	758.5	768.5	3904
29.09.2023 00:00	772.0	776.0	750.0	764.0	1389
02.10.2023 00:00	764.0	772.0	745.0	748.5	1910
03.10.2023 00:00	749.0	775.0	726.0	740.5	3074
04.10.2023 00:00	730.0	768.0	730.0	745.5	3227
05.10.2023 00:00	743.0	755.0	732.0	732.5	1246
06.10.2023 00:00	733.0	740.0	699.0	711.0	1961
09.10.2023 00:00	716.5	725.0	702.5	720.0	1349
10.10.2023 00:00	721.0	730.0	705.0	718.5	1946
11.10.2023 00:00	720.5	742.5	712.0	727.0	2512
12.10.2023 00:00	700.0	719.5	677.0	705.0	2488
13.10.2023 00:00	706.0	713.0	700.0	704.0	970
16.10.2023 00:00	706.5	720.0	700.0	710.5	1469
17.10.2023 00:00	714.0	757.0	710.5	755.0	8527
18.10.2023 00:00	755.0	840.0	752.5	840.0	20384
19.10.2023 00:00	832.0	832.0	790.5	800.0	6559
20.10.2023 00:00	775.0	800.0	755.0	765.0	2838
23.10.2023 00:00	765.0	820.0	757.0	804.0	5437
24.10.2023 00:00	797.0	803.0	777.0	785.0	2246
25.10.2023 00:00	791.5	791.5	755.0	770.0	2605
26.10.2023 00:00	770.0	778.0	729.0	732.5	1883
27.10.2023 00:00	732.5	780.0	720.0	760.0	4622
30.10.2023 00:00	760.0	797.5	754.0	772.5	4511
31.10.2023 00:00	774.0	781.0	741.5	756.0	1758
01.11.2023 00:00	756.0	774.0	751.0	756.5	761
02.11.2023 00:00	754.5	764.5	753.5	753.5	471
03.11.2023 00:00	760.0	760.0	735.0	745.0	885
06.11.2023 00:00	747.0	747.0	722.5	740.0	808
07.11.2023 00:00	735.0	758.0	717.5	741.5	3385
08.11.2023 00:00	743.0	746.5	725.5	736.0	1057
09.11.2023 00:00	736.0	739.0	721.0	721.0	882
10.11.2023 00:00	720.0	724.5	674.5	679.0	1711
13.11.2023 00:00	679.5	755.5	589.0	643.5	5573
14.11.2023 00:00	643.0	643.0	500.0	538.5	9183
15.11.2023 00:00	535.0	638.0	505.0	577.5	7346
16.11.2023 00:00	594.0	700.0	586.0	685.0	12867
17.11.2023 00:00	687.0	690.0	646.0	650.5	2598
20.11.2023 00:00	658.5	658.5	619.0	625.0	2518
21.11.2023 00:00	630.0	650.0	608.0	624.5	2282
22.11.2023 00:00	649.5	649.5	626.5	632.0	1851
23.11.2023 00:00	638.0	638.0	536.0	536.0	7957
24.11.2023 00:00	525.0	525.5	453.0	476.0	14387
27.11.2023 00:00	476.0	476.0	425.5	448.0	9202
28.11.2023 00:00	448.0	492.0	431.0	492.0	8217
29.11.2023 00:00	492.0	540.5	474.5	540.5	7440
30.11.2023 00:00	560.0	568.0	470.0	489.0	9359
01.12.2023 00:00	515.0	519.0	469.0	477.0	3546
04.12.2023 00:00	476.5	476.5	441.0	455.5	1740
05.12.2023 00:00	455.5	469.0	434.0	445.0	2477
06.12.2023 00:00	453.5	480.0	435.0	437.0	5417
07.12.2023 00:00	469.0	499.0	450.0	461.5	9286
08.12.2023 00:00	461.5	480.0	445.0	455.0	2413
11.12.2023 00:00	455.0	455.0	431.0	436.0	1465
12.12.2023 00:00	433.0	451.5	423.0	440.5	2042
13.12.2023 00:00	435.5	463.0	424.5	439.5	3692
14.12.2023 00:00	439.5	465.5	437.5	444.5	2803
15.12.2023 00:00	443.5	456.0	430.5	451.0	1664
18.12.2023 00:00	456.0	477.0	448.5	477.0	2807
19.12.2023 00:00	477.0	530.0	470.5	507.0	11931
20.12.2023 00:00	520.0	545.0	503.0	530.0	7352
21.12.2023 00:00	530.5	615.0	516.0	563.0	22304
22.12.2023 00:00	566.0	586.0	540.0	558.0	6456
25.12.2023 00:00	561.0	580.0	545.0	555.0	3234
26.12.2023 00:00	545.0	577.0	545.0	554.0	3723
27.12.2023 00:00	569.5	575.5	556.5	565.5	3383
28.12.2023 00:00	561.0	569.0	511.0	526.0	4914
29.12.2023 00:00	526.0	526.0	507.0	511.0	4073
03.01.2024 00:00	520.0	546.0	511.0	536.0	3803
04.01.2024 00:00	545.5	590.0	530.0	578.0	9246
05.01.2024 00:00	582.0	603.0	562.0	580.0	4904
08.01.2024 00:00	580.0	600.0	572.0	581.5	2966
09.01.2024 00:00	584.5	656.5	581.5	639.5	26978
10.01.2024 00:00	640.0	672.0	628.0	645.0	11606
11.01.2024 00:00	646.0	660.0	621.0	631.0	4193
12.01.2024 00:00	636.0	653.5	629.5	638.0	2665
15.01.2024 00:00	638.0	669.0	637.5	648.0	7454
16.01.2024 00:00	652.0	660.0	628.0	637.0	2547
17.01.2024 00:00	637.0	664.0	610.0	647.5	4517
18.01.2024 00:00	651.5	674.5	638.0	645.0	6038
19.01.2024 00:00	645.0	686.5	644.5	651.5	9783
22.01.2024 00:00	670.0	689.0	655.0	673.0	4959
23.01.2024 00:00	674.5	691.0	673.5	678.0	4021
24.01.2024 00:00	684.0	798.0	673.0	759.0	23089
25.01.2024 00:00	762.0	779.5	705.0	725.5	22858
26.01.2024 00:00	738.5	760.0	713.0	735.0	9761
29.01.2024 00:00	735.0	762.0	730.0	735.5	5772
30.01.2024 00:00	736.0	779.0	736.0	751.5	10761
31.01.2024 00:00	757.0	759.0	733.5	742.0	2781
01.02.2024 00:00	737.5	750.0	705.5	712.0	5525
02.02.2024 00:00	713.0	724.0	690.0	703.0	3318
05.02.2024 00:00	709.0	723.5	700.0	709.0	2489
06.02.2024 00:00	712.5	741.5	712.5	730.0	4565
07.02.2024 00:00	735.5	745.0	717.0	727.0	3328
08.02.2024 00:00	730.0	743.5	712.5	719.5	3379
09.02.2024 00:00	725.5	728.5	677.5	703.0	2941
12.02.2024 00:00	706.0	711.5	678.0	680.5	2642
13.02.2024 00:00	681.0	727.5	681.0	720.0	6732
14.02.2024 00:00	726.5	748.0	697.5	705.0	2238
15.02.2024 00:00	706.5	718.0	690.0	703.5	1601
16.02.2024 00:00	710.0	732.0	687.0	699.0	2961
19.02.2024 00:00	699.0	716.0	695.5	698.5	960
20.02.2024 00:00	698.0	700.0	655.0	661.0	2558
21.02.2024 00:00	660.5	660.5	598.5	633.5	5194
22.02.2024 00:00	632.5	670.0	630.0	654.5	2173
26.02.2024 00:00	656.0	684.5	656.0	676.0	1873
27.02.2024 00:00	677.0	699.0	669.0	679.5	3844
28.02.2024 00:00	680.5	699.0	661.0	662.0	1346
29.02.2024 00:00	671.5	693.0	650.0	669.5	2006
01.03.2024 00:00	670.0	692.0	650.0	657.5	3112
04.03.2024 00:00	658.0	667.5	650.0	657.5	986
05.03.2024 00:00	666.5	675.0	654.0	670.5	1837
06.03.2024 00:00	667.0	671.5	651.5	658.5	1268
07.03.2024 00:00	660.0	685.0	660.0	662.0	4541
11.03.2024 00:00	662.0	689.0	662.0	666.0	3692
12.03.2024 00:00	667.0	700.0	665.0	672.0	4215
13.03.2024 00:00	672.0	709.5	672.0	685.5	10730
14.03.2024 00:00	691.0	691.0	666.0	668.5	2415
15.03.2024 00:00	673.0	677.0	655.5	666.5	2014
18.03.2024 00:00	672.0	673.5	656.0	670.5	1215
19.03.2024 00:00	670.0	682.0	654.0	660.0	822
20.03.2024 00:00	663.0	670.0	634.0	641.5	1322
21.03.2024 00:00	651.0	664.0	644.5	652.0	770
22.03.2024 00:00	645.0	658.0	645.0	648.0	423
25.03.2024 00:00	640.5	670.0	632.5	645.0	1937
26.03.2024 00:00	652.0	688.0	645.0	658.0	5025
27.03.2024 00:00	674.5	693.5	658.5	670.0	6579
28.03.2024 00:00	670.0	690.0	667.0	668.0	1522
29.03.2024 00:00	681.5	681.5	655.0	660.0	1055
01.04.2024 00:00	667.0	673.5	657.5	673.0	1155
02.04.2024 00:00	675.0	749.0	670.0	677.0	21257
03.04.2024 00:00	678.0	681.5	670.0	675.0	1854
04.04.2024 00:00	670.0	674.0	660.5	666.5	2090
05.04.2024 00:00	670.5	695.0	662.0	678.0	3444
08.04.2024 00:00	681.5	690.0	673.5	679.0	1073
09.04.2024 00:00	681.0	682.0	668.0	670.5	1232
10.04.2024 00:00	669.5	675.0	660.5	670.5	857
11.04.2024 00:00	670.5	693.5	666.0	668.5	2688
12.04.2024 00:00	669.0	670.5	663.0	665.5	704
15.04.2024 00:00	671.0	671.0	661.5	664.0	661
16.04.2024 00:00	662.0	679.5	662.0	668.5	1157
17.04.2024 00:00	675.0	683.0	670.0	673.5	1960
18.04.2024 00:00	679.0	682.5	667.0	672.5	984
19.04.2024 00:00	677.5	677.5	650.0	661.0	1639
22.04.2024 00:00	662.5	666.5	652.0	660.0	997
23.04.2024 00:00	661.5	699.0	652.5	665.0	13994
24.04.2024 00:00	663.5	669.5	658.0	659.0	664
25.04.2024 00:00	663.5	663.5	640.5	650.5	1073
26.04.2024 00:00	650.5	658.5	644.5	647.0	535
27.04.2024 00:00	643.0	655.0	643.0	646.5	803
29.04.2024 00:00	646.5	653.5	643.5	648.5	448
30.04.2024 00:00	649.0	679.0	645.5	652.0	4040
02.05.2024 00:00	660.0	683.0	649.5	662.0	7429
03.05.2024 00:00	669.0	680.0	650.0	670.0	2447
06.05.2024 00:00	697.0	700.0	675.0	690.0	6697
07.05.2024 00:00	690.0	696.5	662.5	669.5	2973
08.05.2024 00:00	679.5	679.5	663.5	668.5	1032
10.05.2024 00:00	659.0	665.0	650.0	657.0	988
13.05.2024 00:00	652.0	675.0	652.0	669.5	1754
14.05.2024 00:00	675.5	675.5	660.0	663.0	676
15.05.2024 00:00	660.5	662.5	651.0	655.0	927
16.05.2024 00:00	657.5	657.5	641.0	646.0	1246
17.05.2024 00:00	642.0	668.5	642.0	653.5	1446
20.05.2024 00:00	650.5	658.0	645.0	649.5	568
21.05.2024 00:00	646.0	646.5	610.5	623.0	1547
22.05.2024 00:00	626.5	639.0	624.0	628.0	892
23.05.2024 00:00	630.0	655.0	629.0	637.5	2636
24.05.2024 00:00	638.0	647.0	586.5	617.0	2991
27.05.2024 00:00	609.0	624.0	564.0	566.0	2283
28.05.2024 00:00	574.5	584.0	550.5	573.0	1644
29.05.2024 00:00	565.0	579.5	552.0	579.5	1551
30.05.2024 00:00	579.5	596.5	555.0	557.0	1954
31.05.2024 00:00	550.0	551.0	511.0	515.5	1673
03.06.2024 00:00	512.5	528.0	473.5	507.0	1480
04.06.2024 00:00	511.5	557.0	511.5	550.0	2215
05.06.2024 00:00	567.5	589.0	551.5	573.5	2573
06.06.2024 00:00	590.0	623.5	560.0	591.5	5839
07.06.2024 00:00	591.5	599.5	582.0	589.0	2175
10.06.2024 00:00	590.5	599.0	573.5	589.0	2156
11.06.2024 00:00	589.0	595.5	561.0	565.0	1414
13.06.2024 00:00	558.5	595.0	484.0	562.5	1897
14.06.2024 00:00	564.5	593.0	553.0	580.0	3249
17.06.2024 00:00	575.0	587.0	560.0	563.5	712
18.06.2024 00:00	568.0	585.0	552.0	558.5	746
19.06.2024 00:00	552.5	565.0	517.5	519.0	920
20.06.2024 00:00	517.0	560.0	510.5	529.5	2219
21.06.2024 00:00	538.5	543.0	518.0	529.5	637
24.06.2024 00:00	533.0	537.0	520.0	521.0	235
25.06.2024 00:00	520.0	548.5	512.5	529.0	890
26.06.2024 00:00	537.5	545.0	536.0	539.5	419
27.06.2024 00:00	535.0	557.5	535.0	542.0	424
28.06.2024 00:00	541.5	579.0	537.0	543.0	3616
01.07.2024 00:00	540.0	547.5	537.5	544.5	454
02.07.2024 00:00	541.0	556.0	541.0	541.0	1161
03.07.2024 00:00	540.5	569.5	540.0	546.5	1885
04.07.2024 00:00	540.5	544.0	519.5	526.5	996
05.07.2024 00:00	516.5	550.0	516.5	539.5	1353
08.07.2024 00:00	539.5	567.5	536.5	547.5	2542
09.07.2024 00:00	551.0	551.5	500.0	507.5	2274
10.07.2024 00:00	507.5	508.5	442.5	453.5	2441
11.07.2024 00:00	444.5	481.5	440.0	481.5	757
12.07.2024 00:00	494.5	494.5	470.0	473.0	577
15.07.2024 00:00	472.5	478.0	463.5	463.5	486
16.07.2024 00:00	473.5	521.0	465.5	482.0	2755
17.07.2024 00:00	483.0	519.0	479.0	498.5	2118
18.07.2024 00:00	483.5	503.5	483.5	498.0	542
19.07.2024 00:00	492.0	513.5	490.5	499.5	1533
22.07.2024 00:00	500.0	510.0	499.0	503.5	706
23.07.2024 00:00	501.0	535.0	498.0	526.0	5227
24.07.2024 00:00	535.0	538.0	509.0	519.0	2089
25.07.2024 00:00	518.0	522.5	510.0	517.0	573
26.07.2024 00:00	516.5	535.5	505.5	515.5	651
29.07.2024 00:00	509.5	512.5	490.5	494.5	535
30.07.2024 00:00	504.5	533.5	495.5	506.5	976
31.07.2024 00:00	504.0	514.5	498.5	504.5	406
01.08.2024 00:00	504.0	520.0	504.0	513.5	713
02.08.2024 00:00	510.5	515.0	491.5	494.0	683
05.08.2024 00:00	494.0	525.0	480.0	500.0	2408
06.08.2024 00:00	500.0	508.0	495.0	496.0	440
07.08.2024 00:00	501.0	502.0	481.5	496.5	748
08.08.2024 00:00	495.5	520.0	495.5	508.0	2145
09.08.2024 00:00	503.0	513.5	501.0	507.0	992
12.08.2024 00:00	501.0	513.5	500.0	502.0	1065
13.08.2024 00:00	506.5	611.5	506.5	609.0	23878
14.08.2024 00:00	602.5	603.0	555.0	567.0	6547
15.08.2024 00:00	565.0	584.5	561.5	571.0	2257
16.08.2024 00:00	560.0	570.0	536.5	542.5	3555
19.08.2024 00:00	542.5	542.5	505.5	515.5	3253
20.08.2024 00:00	507.5	533.5	496.0	513.5	2327
21.08.2024 00:00	517.5	539.5	512.0	520.5	3299
22.08.2024 00:00	519.0	526.0	500.0	505.5	2343
23.08.2024 00:00	506.0	514.0	471.0	473.5	2437
26.08.2024 00:00	495.0	519.0	491.5	508.0	2461
27.08.2024 00:00	511.0	521.0	494.5	496.5	2050
28.08.2024 00:00	494.5	507.0	472.0	492.0	1785
29.08.2024 00:00	493.0	493.0	475.0	480.5	1011
30.08.2024 00:00	479.5	502.5	475.5	482.5	3591
02.09.2024 00:00	480.0	492.5	444.0	452.5	2854
03.09.2024 00:00	456.5	463.5	441.5	445.5	1522
04.09.2024 00:00	448.5	463.5	441.0	458.0	1787
05.09.2024 00:00	461.0	470.0	458.0	467.0	1637
06.09.2024 00:00	468.0	475.0	457.0	466.0	1788
09.09.2024 00:00	466.5	478.0	466.5	473.0	971
10.09.2024 00:00	480.0	480.5	455.0	470.0	646
11.09.2024 00:00	465.0	471.5	459.0	467.0	499
12.09.2024 00:00	458.5	476.0	455.5	462.0	1467
13.09.2024 00:00	465.0	465.0	456.0	462.5	546
16.09.2024 00:00	463.0	480.0	463.0	475.5	1390
17.09.2024 00:00	479.0	500.0	470.0	492.0	3018
18.09.2024 00:00	486.5	496.0	481.0	487.0	1046
19.09.2024 00:00	485.0	487.0	482.0	483.0	227
20.09.2024 00:00	486.0	512.0	486.0	494.5	4000
23.09.2024 00:00	499.0	520.0	495.0	507.5	4386
24.09.2024 00:00	513.5	514.0	499.5	505.5	1312
25.09.2024 00:00	505.0	530.0	505.0	508.0	3586
26.09.2024 00:00	499.5	525.0	494.5	503.0	2654
27.09.2024 00:00	505.0	520.0	496.0	500.5	3166
30.09.2024 00:00	506.5	514.0	503.0	505.5	1988
01.10.2024 00:00	505.0	505.0	492.0	495.0	1233
02.10.2024 00:00	494.5	514.5	492.5	495.0	2216
03.10.2024 00:00	500.5	502.0	485.5	492.0	831
04.10.2024 00:00	499.0	499.5	490.0	491.0	271
07.10.2024 00:00	497.5	510.0	493.5	499.0	1268
08.10.2024 00:00	495.5	501.5	493.0	494.5	366
09.10.2024 00:00	494.5	496.0	478.0	483.0	653
10.10.2024 00:00	497.5	512.5	490.5	498.5	3866
11.10.2024 00:00	499.0	501.5	493.0	495.5	328
14.10.2024 00:00	494.0	498.5	489.0	494.5	718
15.10.2024 00:00	494.0	507.5	492.5	499.5	1376
16.10.2024 00:00	501.5	519.5	500.0	505.0	5114
17.10.2024 00:00	503.0	513.5	503.0	504.5	1540
18.10.2024 00:00	504.5	506.0	483.0	497.0	1269
21.10.2024 00:00	491.0	499.0	489.0	494.0	389
22.10.2024 00:00	493.0	500.0	492.0	492.0	637
23.10.2024 00:00	490.0	492.5	477.0	486.0	760
24.10.2024 00:00	478.0	497.5	471.0	480.0	2024
25.10.2024 00:00	481.0	486.0	459.5	462.5	995
28.10.2024 00:00	455.5	470.0	440.0	440.5	2380
29.10.2024 00:00	431.0	455.0	429.0	455.0	1900
30.10.2024 00:00	455.5	469.0	449.5	452.5	648
31.10.2024 00:00	442.0	450.5	435.0	438.0	506
01.11.2024 00:00	432.5	455.0	432.0	436.5	1390
02.11.2024 00:00	443.0	443.5	430.5	431.5	513
05.11.2024 00:00	430.0	437.5	421.5	437.0	738
06.11.2024 00:00	440.0	445.0	434.5	435.0	988
07.11.2024 00:00	435.0	470.0	425.0	440.0	2015
08.11.2024 00:00	450.0	455.0	442.0	442.5	479
11.11.2024 00:00	451.0	470.0	446.5	464.0	2542
12.11.2024 00:00	464.0	484.0	460.0	474.0	2257
13.11.2024 00:00	471.5	485.0	471.5	478.5	1836
14.11.2024 00:00	472.0	481.5	462.5	464.5	1109
15.11.2024 00:00	462.5	469.5	458.0	466.5	854
18.11.2024 00:00	457.0	462.0	445.5	457.0	744
19.11.2024 00:00	454.0	458.0	435.0	437.5	828
20.11.2024 00:00	438.0	467.5	436.5	445.0	4365
21.11.2024 00:00	445.5	454.0	427.5	435.5	4218
22.11.2024 00:00	441.5	441.5	414.5	421.5	1142
25.11.2024 00:00	420.5	433.0	393.5	405.0	1961
26.11.2024 00:00	397.5	404.0	359.5	378.5	1584
27.11.2024 00:00	377.0	377.0	327.0	347.5	2295
28.11.2024 00:00	351.5	380.0	349.5	358.5	1664
29.11.2024 00:00	357.0	370.0	356.5	362.5	813
02.12.2024 00:00	364.0	386.0	364.0	374.0	1061
03.12.2024 00:00	373.0	385.0	354.0	359.5	1105
04.12.2024 00:00	353.5	370.0	353.0	356.0	1333
05.12.2024 00:00	352.0	362.0	346.5	352.0	738
06.12.2024 00:00	355.5	377.0	355.5	362.5	833
09.12.2024 00:00	361.0	367.5	361.0	367.5	298
10.12.2024 00:00	367.5	367.5	357.0	359.0	271
11.12.2024 00:00	359.0	360.0	351.5	353.0	348
12.12.2024 00:00	355.5	358.0	350.0	350.0	138
13.12.2024 00:00	347.0	347.0	337.0	342.0	370
16.12.2024 00:00	338.5	344.0	331.0	336.5	285
17.12.2024 00:00	337.0	352.5	331.0	333.0	970
18.12.2024 00:00	333.5	344.0	332.0	344.0	668
19.12.2024 00:00	343.0	369.0	343.0	353.0	1890
20.12.2024 00:00	353.5	397.0	351.0	382.0	4666
23.12.2024 00:00	388.5	399.0	369.0	381.5	3015
24.12.2024 00:00	380.5	395.0	373.0	375.5	1324
25.12.2024 00:00	385.5	392.5	381.5	388.0	1611
26.12.2024 00:00	390.5	398.5	377.0	386.5	1324
27.12.2024 00:00	381.0	382.5	377.0	378.5	447
28.12.2024 00:00	379.0	385.0	376.5	382.0	381
30.12.2024 00:00	384.5	403.5	382.0	391.5	3709
03.01.2025 00:00	403.0	404.0	384.0	388.5	745
06.01.2025 00:00	387.0	415.0	387.0	411.5	3554
08.01.2025 00:00	410.5	425.0	401.5	407.5	4122
09.01.2025 00:00	411.0	418.5	392.0	404.0	2177
10.01.2025 00:00	400.0	416.0	393.5	409.0	2524
13.01.2025 00:00	413.0	425.0	404.5	417.5	3810
14.01.2025 00:00	417.5	429.5	413.5	428.5	2000
15.01.2025 00:00	445.0	450.0	420.0	443.0	4075
16.01.2025 00:00	449.5	459.5	430.0	439.0	2088
17.01.2025 00:00	438.0	471.0	435.5	454.5	5333
20.01.2025 00:00	456.5	506.0	440.0	466.0	10320
21.01.2025 00:00	462.5	487.0	449.0	479.0	3522
22.01.2025 00:00	479.5	527.5	479.5	507.5	10089
23.01.2025 00:00	520.0	533.0	495.5	500.0	5791
24.01.2025 00:00	512.0	519.5	500.5	503.0	1677
27.01.2025 00:00	510.0	510.5	484.0	491.0	1525
28.01.2025 00:00	473.0	500.0	469.0	493.0	1812
29.01.2025 00:00	494.5	509.0	493.0	502.5	1861
30.01.2025 00:00	502.0	505.0	493.5	500.5	1073
31.01.2025 00:00	500.5	500.5	485.0	489.0	1364
03.02.2025 00:00	484.5	486.0	472.0	479.5	1246
04.02.2025 00:00	478.5	490.0	477.0	483.5	530
05.02.2025 00:00	481.5	484.0	472.0	480.0	532
06.02.2025 00:00	483.5	490.5	478.0	482.0	630
07.02.2025 00:00	481.5	481.5	477.0	477.0	285
10.02.2025 00:00	480.0	491.0	478.0	481.5	1042
11.02.2025 00:00	480.0	492.0	478.0	488.0	2126
12.02.2025 00:00	490.5	499.5	482.0	484.5	1204
13.02.2025 00:00	508.0	508.0	485.0	492.0	711
14.02.2025 00:00	494.5	498.5	485.0	485.0	676
17.02.2025 00:00	497.5	497.5	485.0	493.5	808
18.02.2025 00:00	494.0	495.5	477.5	485.5	627
19.02.2025 00:00	483.0	512.0	483.0	505.0	5101
20.02.2025 00:00	505.0	514.5	499.5	505.0	1933
21.02.2025 00:00	505.0	508.0	502.5	504.5	480
24.02.2025 00:00	511.0	513.5	502.0	504.0	2046
25.02.2025 00:00	508.0	521.0	505.0	507.5	4755
26.02.2025 00:00	517.0	519.5	488.0	504.5	3137
27.02.2025 00:00	490.0	512.0	480.0	483.5	1955
28.02.2025 00:00	488.0	499.5	468.0	472.0	1862
03.03.2025 00:00	479.0	502.5	471.5	476.0	2435
04.03.2025 00:00	485.0	498.5	482.0	486.5	1117
05.03.2025 00:00	486.5	499.0	482.5	484.0	674
06.03.2025 00:00	484.5	487.0	477.0	478.5	473
07.03.2025 00:00	482.0	503.0	476.0	479.0	3281
10.03.2025 00:00	483.0	493.0	480.5	482.0	596
11.03.2025 00:00	479.0	491.5	475.0	479.5	702
12.03.2025 00:00	480.5	483.0	475.0	478.5	215
13.03.2025 00:00	474.0	489.0	458.0	458.5	739
14.03.2025 00:00	468.0	483.5	467.0	473.5	848
17.03.2025 00:00	483.5	490.0	476.5	476.5	724
18.03.2025 00:00	479.0	492.5	473.0	473.5	1886
19.03.2025 00:00	473.5	484.5	466.0	477.0	630
20.03.2025 00:00	484.5	484.5	475.5	475.5	309
21.03.2025 00:00	479.0	489.0	473.0	473.0	480
24.03.2025 00:00	474.0	475.0	470.0	471.5	251
25.03.2025 00:00	474.0	482.5	465.5	468.5	501
26.03.2025 00:00	469.5	485.0	469.5	471.5	1907
27.03.2025 00:00	470.0	470.0	460.0	460.0	379
28.03.2025 00:00	452.0	471.5	428.5	444.5	892
31.03.2025 00:00	440.0	445.5	428.5	435.0	436
01.04.2025 00:00	439.5	445.5	426.5	439.5	703
02.04.2025 00:00	432.0	459.5	428.5	430.5	636
03.04.2025 00:00	433.0	454.0	413.0	420.5	1630
04.04.2025 00:00	421.0	429.0	406.5	408.5	352
07.04.2025 00:00	398.0	398.0	365.5	383.5	1090
08.04.2025 00:00	390.5	400.0	386.0	389.0	657
09.04.2025 00:00	386.5	388.5	371.0	374.0	438
10.04.2025 00:00	393.5	405.5	381.0	385.5	767
11.04.2025 00:00	393.0	402.0	388.0	392.5	535
14.04.2025 00:00	396.5	398.5	384.5	388.0	296
15.04.2025 00:00	386.5	388.5	383.5	385.0	268
16.04.2025 00:00	383.5	389.0	382.0	388.0	129
17.04.2025 00:00	390.0	400.5	383.5	383.5	478
18.04.2025 00:00	387.0	387.5	382.0	385.5	174
21.04.2025 00:00	388.0	397.5	381.0	388.0	505
22.04.2025 00:00	389.5	392.0	386.5	388.5	216
23.04.2025 00:00	389.0	397.5	383.0	383.0	467
24.04.2025 00:00	386.0	389.5	383.5	389.5	131
25.04.2025 00:00	387.5	424.5	387.5	402.0	3400
28.04.2025 00:00	413.0	413.0	395.0	398.0	580
29.04.2025 00:00	401.5	406.0	393.0	397.0	232
30.04.2025 00:00	392.0	394.0	382.0	391.0	260
02.05.2025 00:00	391.0	393.5	383.0	383.0	130
05.05.2025 00:00	390.0	398.0	375.0	376.5	583
06.05.2025 00:00	382.5	398.0	380.5	395.0	903
07.05.2025 00:00	393.5	393.5	383.0	385.0	242
08.05.2025 00:00	391.0	391.0	385.0	385.0	47
12.05.2025 00:00	390.5	400.0	388.0	391.0	495
13.05.2025 00:00	392.5	393.5	389.0	391.0	197
14.05.2025 00:00	393.0	425.0	392.5	405.0	4693
15.05.2025 00:00	397.5	397.5	384.5	386.5	1248
16.05.2025 00:00	392.5	392.5	373.0	378.0	886
19.05.2025 00:00	382.5	385.5	377.0	377.0	253
20.05.2025 00:00	377.5	379.5	376.0	379.0	98
21.05.2025 00:00	379.0	409.0	379.0	381.0	2363
22.05.2025 00:00	381.5	381.5	370.0	373.5	513
