datetime	open	high	low	close	volume
07.03.2018 00:00	13.3	13.3	13.08	13.3	2
09.03.2018 00:00	13.24	13.56	13.24	13.46	16
12.03.2018 00:00	13.4	13.74	13.4	13.64	29
13.03.2018 00:00	13.58	13.74	13.58	13.58	55
14.03.2018 00:00	13.68	13.68	12.8	13.48	204
15.03.2018 00:00	13.3	13.3	12.98	13.24	1048
16.03.2018 00:00	13.3	13.3	12.14	12.8	723
19.03.2018 00:00	12.98	13.9	12.98	13.58	367
20.03.2018 00:00	13.74	13.74	13.4	13.46	346
21.03.2018 00:00	13.4	13.8	12.56	13.3	335
22.03.2018 00:00	13.46	13.46	12.56	12.84	1215
23.03.2018 00:00	12.9	12.9	12.46	12.8	220
26.03.2018 00:00	12.58	12.96	12.46	12.96	81
27.03.2018 00:00	12.74	12.96	12.58	12.74	284
28.03.2018 00:00	12.96	12.96	12.48	12.8	69
29.03.2018 00:00	12.58	12.74	12.18	12.74	276
30.03.2018 00:00	12.68	12.84	12.34	12.58	420
02.04.2018 00:00	12.24	12.68	12.18	12.58	38
03.04.2018 00:00	12.64	12.8	12.48	12.8	26
04.04.2018 00:00	12.48	12.98	12.48	12.9	143
05.04.2018 00:00	12.96	13.18	12.56	12.98	424
06.04.2018 00:00	12.98	12.98	12.48	12.8	110
09.04.2018 00:00	12.3	12.64	10.98	11.48	1383
10.04.2018 00:00	11.84	12.34	10.98	12.06	350
11.04.2018 00:00	11.68	12.34	11.68	11.8	404
12.04.2018 00:00	11.8	11.98	11.8	11.96	97
13.04.2018 00:00	11.98	12.06	10.98	11.64	743
16.04.2018 00:00	11.56	11.9	11.56	11.9	29
17.04.2018 00:00	11.4	12.14	11.4	12.08	59
18.04.2018 00:00	11.8	12.18	11.8	12.14	10
19.04.2018 00:00	12.14	12.24	11.98	12.14	203
20.04.2018 00:00	12.14	12.34	11.96	12.08	164
23.04.2018 00:00	11.98	11.98	11.3	11.98	6
24.04.2018 00:00	11.68	11.98	11.34	11.58	302
25.04.2018 00:00	11.96	12.06	11.48	11.9	74
26.04.2018 00:00	11.58	12.06	11.58	11.8	421
27.04.2018 00:00	11.96	12.06	11.4	11.8	363
28.04.2018 00:00	11.8	11.96	11.58	11.74	173
30.04.2018 00:00	11.84	12.14	11.74	11.74	33
02.05.2018 00:00	11.9	11.9	11.8	11.84	31
03.05.2018 00:00	11.84	11.9	11.8	11.9	64
04.05.2018 00:00	11.8	11.98	11.8	11.9	50
07.05.2018 00:00	12.06	12.24	11.8	12.08	120
08.05.2018 00:00	12.06	12.08	11.9	11.98	135
10.05.2018 00:00	12.08	12.08	11.4	11.8	145
11.05.2018 00:00	11.9	11.96	11.9	11.96	12
14.05.2018 00:00	11.9	11.9	11.48	11.48	111
15.05.2018 00:00	11.68	11.9	11.56	11.56	359
16.05.2018 00:00	11.68	11.9	11.56	11.84	217
17.05.2018 00:00	11.9	11.9	11.56	11.68	40
18.05.2018 00:00	11.56	11.68	11.06	11.58	69
21.05.2018 00:00	11.34	11.96	11.3	11.64	39
22.05.2018 00:00	11.46	11.68	11.14	11.48	76
23.05.2018 00:00	11.48	11.68	11.14	11.46	412
24.05.2018 00:00	11.56	11.56	11.3	11.3	139
25.05.2018 00:00	11.4	11.56	11.06	11.18	116
28.05.2018 00:00	11.4	11.46	11.4	11.46	22
29.05.2018 00:00	11.46	11.46	10.96	11.18	61
30.05.2018 00:00	10.98	11.08	10.8	11.08	563
31.05.2018 00:00	11.08	11.08	10.68	10.68	252
01.06.2018 00:00	10.74	10.98	10.74	10.8	149
04.06.2018 00:00	10.74	10.84	10.56	10.64	145
05.06.2018 00:00	10.74	10.74	10.64	10.64	10
06.06.2018 00:00	10.8	12.98	10.8	11.24	1007
07.06.2018 00:00	11.06	12.98	11.06	12.46	3541
08.06.2018 00:00	12.68	12.68	11.74	11.74	429
09.06.2018 00:00	11.74	11.98	11.74	11.9	184
11.06.2018 00:00	12.08	12.48	11.96	11.96	191
13.06.2018 00:00	12.18	12.3	11.48	11.68	417
14.06.2018 00:00	11.68	12.14	11.68	11.98	135
15.06.2018 00:00	12.18	12.18	11.74	11.84	90
18.06.2018 00:00	11.74	11.96	11.64	11.64	211
19.06.2018 00:00	11.56	11.68	11.14	11.64	382
20.06.2018 00:00	11.96	12.24	11.64	11.74	927
21.06.2018 00:00	11.74	11.74	11.68	11.68	54
22.06.2018 00:00	11.64	11.68	11.4	11.64	418
25.06.2018 00:00	11.64	11.64	11.56	11.58	112
26.06.2018 00:00	11.46	11.64	11.46	11.48	55
27.06.2018 00:00	11.4	11.58	11.3	11.58	240
28.06.2018 00:00	11.48	11.58	11.34	11.58	325
29.06.2018 00:00	11.48	11.58	11.24	11.58	163
02.07.2018 00:00	11.96	11.96	11.48	11.48	227
03.07.2018 00:00	11.58	11.74	11.58	11.68	124
04.07.2018 00:00	11.96	12.06	11.58	11.9	122
05.07.2018 00:00	12.06	12.06	11.74	11.74	28
06.07.2018 00:00	12.06	12.18	11.64	11.64	225
09.07.2018 00:00	11.68	12.06	11.68	11.98	65
10.07.2018 00:00	11.96	11.98	11.8	11.98	94
11.07.2018 00:00	11.98	12.3	11.8	11.84	115
12.07.2018 00:00	11.84	11.9	11.84	11.9	40
13.07.2018 00:00	11.98	12.08	11.64	11.9	228
16.07.2018 00:00	11.74	12.46	11.74	12.3	349
17.07.2018 00:00	12.68	12.68	12.08	12.3	92
18.07.2018 00:00	12.34	12.34	12.08	12.14	98
19.07.2018 00:00	12.4	12.48	12.14	12.18	876
20.07.2018 00:00	12.06	12.34	12.06	12.34	96
23.07.2018 00:00	12.64	12.64	12.14	12.14	49
24.07.2018 00:00	12.3	12.3	12.3	12.3	11
25.07.2018 00:00	12.4	12.58	12.18	12.56	48
26.07.2018 00:00	12.48	12.48	12.48	12.48	18
30.07.2018 00:00	12.24	12.46	12.24	12.46	21
31.07.2018 00:00	12.3	12.56	12.3	12.48	50
01.08.2018 00:00	12.48	12.64	12.48	12.48	155
02.08.2018 00:00	12.58	12.58	11.96	11.98	944
03.08.2018 00:00	11.98	12.3	11.74	11.98	212
06.08.2018 00:00	12.18	12.18	11.34	11.68	995
07.08.2018 00:00	11.68	11.96	11.68	11.68	412
08.08.2018 00:00	11.84	11.84	11.46	11.46	97
09.08.2018 00:00	11.46	11.46	10.96	11.34	353
10.08.2018 00:00	11.68	11.74	10.96	11.24	131
13.08.2018 00:00	11.06	11.3	10.96	11.18	224
14.08.2018 00:00	12.3	14.8	11.68	12.48	4161
15.08.2018 00:00	12.9	12.9	11.8	12.3	400
16.08.2018 00:00	12.74	12.74	11.96	12.14	98
17.08.2018 00:00	11.9	12.24	11.8	12.24	70
20.08.2018 00:00	11.96	11.98	11.84	11.98	7
21.08.2018 00:00	11.84	12.3	11.84	12.18	38
22.08.2018 00:00	12.3	12.3	11.96	11.96	34
23.08.2018 00:00	13.14	14.46	12.74	13.18	6341
24.08.2018 00:00	13.24	13.48	12.68	13.08	383
27.08.2018 00:00	13.14	13.46	12.56	12.68	719
28.08.2018 00:00	12.96	12.98	12.68	12.96	179
29.08.2018 00:00	12.84	13.18	12.84	12.9	229
30.08.2018 00:00	11.98	13.14	11.98	12.96	634
31.08.2018 00:00	12.84	12.98	12.8	12.8	64
03.09.2018 00:00	12.8	13.24	12.8	12.9	93
04.09.2018 00:00	13.18	13.18	12.74	12.84	194
05.09.2018 00:00	12.98	13.08	12.68	13.06	157
06.09.2018 00:00	12.68	12.96	12.3	12.3	1232
07.09.2018 00:00	12.56	12.58	12.24	12.46	286
10.09.2018 00:00	12.46	12.8	11.98	12.24	687
11.09.2018 00:00	12.14	12.46	11.98	12.18	189
12.09.2018 00:00	12.14	12.58	12.14	12.18	132
13.09.2018 00:00	12.08	12.8	12.08	12.74	342
14.09.2018 00:00	12.48	12.9	12.48	12.56	416
17.09.2018 00:00	12.58	12.9	12.56	12.9	193
18.09.2018 00:00	12.8	12.8	12.48	12.8	464
19.09.2018 00:00	12.98	13.24	12.8	12.96	1362
20.09.2018 00:00	12.9	12.9	12.9	12.9	1
21.09.2018 00:00	12.8	12.8	12.08	12.48	442
24.09.2018 00:00	13.34	13.34	12.46	12.58	164
25.09.2018 00:00	12.58	12.64	12.4	12.56	120
26.09.2018 00:00	12.98	12.98	12.48	12.68	160
27.09.2018 00:00	12.68	12.68	12.48	12.68	78
28.09.2018 00:00	12.48	12.48	12.48	12.48	8
01.10.2018 00:00	12.68	12.74	12.68	12.74	26
02.10.2018 00:00	12.58	12.98	12.4	12.74	74
03.10.2018 00:00	13.06	13.14	12.48	12.84	183
04.10.2018 00:00	13.3	14.34	12.56	12.58	2713
05.10.2018 00:00	12.58	12.98	12.34	12.58	927
08.10.2018 00:00	12.9	12.9	12.4	12.68	470
09.10.2018 00:00	12.8	12.8	12.4	12.56	436
10.10.2018 00:00	12.56	12.56	12.24	12.56	439
11.10.2018 00:00	12.3	12.3	11.9	12.06	1020
12.10.2018 00:00	12.14	12.3	12.14	12.3	145
15.10.2018 00:00	12.08	12.3	11.98	12.3	324
16.10.2018 00:00	12.24	12.24	12.18	12.18	203
17.10.2018 00:00	12.24	12.4	12.18	12.34	139
18.10.2018 00:00	12.4	12.48	12.18	12.46	370
19.10.2018 00:00	12.46	12.64	12.34	12.46	154
22.10.2018 00:00	12.48	12.64	12.48	12.48	299
23.10.2018 00:00	12.34	12.34	12.18	12.3	125
24.10.2018 00:00	12.3	12.64	12.3	12.58	85
25.10.2018 00:00	12.48	12.64	12.34	12.34	336
26.10.2018 00:00	12.56	12.64	12.18	12.18	206
29.10.2018 00:00	12.24	12.48	12.24	12.3	127
30.10.2018 00:00	12.46	12.48	12.24	12.46	40
31.10.2018 00:00	12.46	12.48	12.24	12.24	71
01.11.2018 00:00	12.4	12.46	12.08	12.4	301
02.11.2018 00:00	12.32	12.4	12.3	12.4	111
06.11.2018 00:00	12.48	12.68	12.26	12.64	296
07.11.2018 00:00	12.64	12.8	12.48	12.48	363
08.11.2018 00:00	12.56	12.72	12.4	12.66	123
09.11.2018 00:00	12.4	12.56	12.32	12.56	16
12.11.2018 00:00	12.56	12.56	11.98	12.08	1373
13.11.2018 00:00	12.18	12.38	11.98	12.18	489
14.11.2018 00:00	12.1	12.18	11.88	12.18	435
15.11.2018 00:00	12.24	12.4	11.98	12.18	286
16.11.2018 00:00	12.16	12.3	11.98	12.14	298
19.11.2018 00:00	12.14	12.14	11.9	12.06	546
20.11.2018 00:00	11.96	12.02	11.48	11.98	171
21.11.2018 00:00	11.84	11.98	11.76	11.98	104
22.11.2018 00:00	11.82	12.08	11.82	12.08	51
23.11.2018 00:00	12.08	12.08	11.88	11.9	10
26.11.2018 00:00	11.74	12.06	11.72	11.88	107
27.11.2018 00:00	12.06	12.06	11.58	11.9	260
28.11.2018 00:00	11.9	11.98	11.72	11.98	323
29.11.2018 00:00	11.98	11.98	11.68	11.9	265
30.11.2018 00:00	11.74	11.82	11.66	11.66	170
03.12.2018 00:00	11.88	11.88	11.58	11.76	352
04.12.2018 00:00	11.8	11.84	11.68	11.68	66
05.12.2018 00:00	11.74	11.76	11.74	11.76	52
06.12.2018 00:00	11.82	11.82	11.74	11.8	24
07.12.2018 00:00	11.64	11.8	11.58	11.58	35
10.12.2018 00:00	11.68	11.72	11.32	11.64	324
11.12.2018 00:00	11.48	11.56	11.48	11.56	187
12.12.2018 00:00	11.68	11.68	11.34	11.66	65
14.12.2018 00:00	11.58	11.6	11.42	11.6	88
17.12.2018 00:00	11.6	11.6	11.26	11.26	83
18.12.2018 00:00	11.22	11.3	11.0	11.16	342
19.12.2018 00:00	11.16	13.48	11.0	12.68	4644
20.12.2018 00:00	12.82	12.9	12.14	12.58	1261
21.12.2018 00:00	12.74	12.74	12.22	12.3	223
24.12.2018 00:00	12.5	12.98	12.3	12.52	331
25.12.2018 00:00	12.46	12.46	12.06	12.06	405
26.12.2018 00:00	12.14	12.64	12.08	12.4	76
27.12.2018 00:00	12.42	12.8	12.42	12.56	134
28.12.2018 00:00	12.48	12.72	12.02	12.4	603
29.12.2018 00:00	12.32	12.48	12.32	12.48	2
03.01.2019 00:00	12.56	12.56	12.3	12.3	12
04.01.2019 00:00	12.46	12.48	12.4	12.4	28
08.01.2019 00:00	12.6	12.6	12.38	12.5	12
09.01.2019 00:00	12.68	12.68	12.26	12.32	215
10.01.2019 00:00	12.22	12.3	12.22	12.26	129
11.01.2019 00:00	12.32	12.74	12.24	12.64	127
14.01.2019 00:00	12.26	12.68	12.18	12.66	340
15.01.2019 00:00	12.8	12.98	12.4	12.74	211
16.01.2019 00:00	12.84	12.84	12.4	12.52	62
17.01.2019 00:00	12.64	12.72	12.48	12.48	193
18.01.2019 00:00	12.76	12.92	12.56	12.66	447
21.01.2019 00:00	12.9	12.9	12.72	12.82	1263
22.01.2019 00:00	12.48	13.14	12.48	12.9	170
23.01.2019 00:00	12.8	13.02	12.68	12.9	146
24.01.2019 00:00	12.82	13.24	12.82	12.98	191
25.01.2019 00:00	12.8	13.02	12.8	13.0	28
28.01.2019 00:00	13.18	13.18	12.84	12.98	498
29.01.2019 00:00	12.92	12.92	12.68	12.82	318
30.01.2019 00:00	12.76	12.8	12.58	12.6	161
31.01.2019 00:00	12.58	12.9	12.58	12.64	131
01.02.2019 00:00	12.72	12.72	12.64	12.64	110
04.02.2019 00:00	12.96	12.96	12.56	12.72	317
05.02.2019 00:00	12.48	12.56	12.4	12.56	1346
06.02.2019 00:00	12.56	12.56	12.48	12.52	645
07.02.2019 00:00	12.42	12.48	12.16	12.4	3247
08.02.2019 00:00	12.4	12.4	12.14	12.22	154
11.02.2019 00:00	12.3	12.38	12.14	12.38	81
12.02.2019 00:00	12.22	12.4	12.22	12.4	58
13.02.2019 00:00	12.18	12.66	12.18	12.4	381
14.02.2019 00:00	12.32	12.56	12.0	12.56	1012
15.02.2019 00:00	12.3	12.56	12.3	12.5	263
18.02.2019 00:00	12.56	12.8	12.18	12.18	626
19.02.2019 00:00	12.26	12.4	12.22	12.38	119
20.02.2019 00:00	12.22	12.64	12.16	12.18	882
21.02.2019 00:00	12.26	12.42	12.08	12.42	347
22.02.2019 00:00	12.48	12.68	12.4	12.48	725
25.02.2019 00:00	12.34	12.66	12.34	12.66	74
26.02.2019 00:00	12.58	12.66	12.48	12.66	95
27.02.2019 00:00	12.68	12.82	10.98	11.9	6315
28.02.2019 00:00	11.82	11.82	11.58	11.68	793
01.03.2019 00:00	11.48	11.68	11.22	11.52	1031
04.03.2019 00:00	11.72	11.88	11.4	11.8	1181
05.03.2019 00:00	11.8	11.8	11.58	11.64	302
06.03.2019 00:00	11.52	11.66	11.46	11.56	131
07.03.2019 00:00	11.58	11.76	11.5	11.72	175
11.03.2019 00:00	11.74	11.82	11.52	11.72	311
12.03.2019 00:00	11.72	11.72	11.48	11.66	211
13.03.2019 00:00	11.68	11.82	11.48	11.72	1332
14.03.2019 00:00	11.8	11.98	11.58	11.72	467
15.03.2019 00:00	11.98	12.16	11.82	11.82	416
18.03.2019 00:00	11.64	11.98	11.6	11.92	164
19.03.2019 00:00	11.92	11.98	11.92	11.98	55
20.03.2019 00:00	11.74	11.98	11.72	11.9	344
21.03.2019 00:00	11.9	11.9	11.72	11.88	1853
22.03.2019 00:00	11.98	11.98	11.98	11.98	1
25.03.2019 00:00	11.96	11.96	11.88	11.88	21
26.03.2019 00:00	11.88	12.02	11.74	11.9	537
27.03.2019 00:00	11.9	11.9	11.76	11.88	20
28.03.2019 00:00	11.48	11.48	10.52	10.82	7378
29.03.2019 00:00	11.08	11.14	10.9	10.98	492
01.04.2019 00:00	11.06	11.06	10.9	10.98	87
02.04.2019 00:00	10.92	11.0	10.84	10.92	886
03.04.2019 00:00	10.84	10.9	10.72	10.9	296
04.04.2019 00:00	10.98	10.98	10.74	10.74	166
05.04.2019 00:00	10.9	11.14	10.8	10.9	1791
08.04.2019 00:00	10.76	11.0	10.76	10.9	303
09.04.2019 00:00	10.96	10.98	10.9	10.92	65
10.04.2019 00:00	10.98	10.98	10.9	10.9	27
11.04.2019 00:00	10.92	11.08	10.9	10.9	369
12.04.2019 00:00	10.96	11.38	10.9	11.06	941
15.04.2019 00:00	11.26	11.32	11.06	11.16	243
16.04.2019 00:00	11.14	11.24	11.02	11.14	177
17.04.2019 00:00	11.08	11.24	11.08	11.1	168
18.04.2019 00:00	11.14	11.4	11.14	11.4	408
19.04.2019 00:00	11.1	11.46	11.02	11.46	341
22.04.2019 00:00	11.18	11.56	11.18	11.56	679
23.04.2019 00:00	11.52	11.64	11.48	11.48	86
24.04.2019 00:00	11.64	11.84	11.46	11.6	263
25.04.2019 00:00	11.42	11.82	11.42	11.82	192
26.04.2019 00:00	11.6	16.48	11.56	16.48	13048
29.04.2019 00:00	21.0	22.96	17.62	18.18	50164
30.04.2019 00:00	18.2	18.54	17.78	18.02	5125
02.05.2019 00:00	18.12	18.18	17.76	17.94	2627
03.05.2019 00:00	17.88	18.04	17.64	17.88	2332
06.05.2019 00:00	17.94	19.48	17.84	19.04	16601
07.05.2019 00:00	19.22	19.48	18.48	18.78	6231
08.05.2019 00:00	18.66	18.94	18.48	18.8	3794
10.05.2019 00:00	18.88	18.88	18.5	18.5	1482
13.05.2019 00:00	18.56	18.56	17.8	18.18	7002
14.05.2019 00:00	18.3	18.3	17.36	17.64	7040
15.05.2019 00:00	17.66	17.98	17.22	17.68	3038
16.05.2019 00:00	17.86	18.0	17.64	17.8	2493
17.05.2019 00:00	17.72	17.86	17.54	17.72	1880
20.05.2019 00:00	17.82	17.98	17.42	17.48	3417
21.05.2019 00:00	17.56	17.98	17.44	17.62	7698
22.05.2019 00:00	17.68	17.84	17.48	17.66	9514
23.05.2019 00:00	17.66	17.7	17.46	17.56	6844
24.05.2019 00:00	17.64	17.68	17.5	17.64	3145
27.05.2019 00:00	17.68	17.88	17.64	17.8	3429
28.05.2019 00:00	17.82	18.18	17.82	18.06	4752
29.05.2019 00:00	17.98	18.12	17.88	17.98	3229
30.05.2019 00:00	18.1	18.1	17.92	18.0	2182
31.05.2019 00:00	18.1	18.1	17.8	17.98	4108
03.06.2019 00:00	18.06	18.06	17.8	17.98	4489
04.06.2019 00:00	18.02	18.84	17.78	17.98	3915
05.06.2019 00:00	17.98	18.18	17.86	17.98	9274
06.06.2019 00:00	18.86	19.88	18.3	19.7	26252
07.06.2019 00:00	19.88	21.7	19.68	21.14	43262
10.06.2019 00:00	21.16	22.04	21.14	21.76	26065
11.06.2019 00:00	21.78	21.96	21.14	21.6	15219
13.06.2019 00:00	21.62	21.8	20.04	20.8	16890
14.06.2019 00:00	20.96	21.8	20.54	20.72	17009
17.06.2019 00:00	20.82	20.96	19.12	19.38	40871
18.06.2019 00:00	17.46	17.46	12.02	12.52	26568
19.06.2019 00:00	12.5	13.38	12.5	13.0	15809
20.06.2019 00:00	13.06	13.08	12.82	12.98	5592
21.06.2019 00:00	12.98	13.08	12.84	13.0	4788
24.06.2019 00:00	12.98	13.02	12.8	12.98	4131
25.06.2019 00:00	12.98	18.14	12.98	14.06	26845
26.06.2019 00:00	14.08	14.42	13.8	13.98	5381
27.06.2019 00:00	13.92	14.06	13.72	13.74	3288
28.06.2019 00:00	13.72	14.06	13.68	13.72	2170
01.07.2019 00:00	13.72	13.98	13.68	13.9	1318
02.07.2019 00:00	13.88	14.06	13.8	14.02	2427
03.07.2019 00:00	14.0	14.0	13.82	13.9	2282
04.07.2019 00:00	13.98	14.4	13.9	14.22	4301
05.07.2019 00:00	14.22	14.92	14.1	14.68	6073
08.07.2019 00:00	14.72	16.0	14.72	15.68	12169
09.07.2019 00:00	15.84	17.32	15.84	17.26	14919
10.07.2019 00:00	17.32	17.44	15.8	16.88	10394
11.07.2019 00:00	16.7	17.14	16.42	16.64	3101
12.07.2019 00:00	16.68	16.72	15.96	16.3	3775
15.07.2019 00:00	16.34	16.52	15.6	15.72	6059
16.07.2019 00:00	15.48	15.68	15.34	15.48	3271
17.07.2019 00:00	15.56	16.36	15.48	15.98	5328
18.07.2019 00:00	16.1	16.16	15.9	15.98	1133
19.07.2019 00:00	16.0	16.36	16.0	16.3	3578
22.07.2019 00:00	16.68	16.88	16.42	16.46	4916
23.07.2019 00:00	16.64	16.64	16.18	16.32	997
24.07.2019 00:00	16.3	16.46	16.14	16.18	1937
25.07.2019 00:00	16.18	16.48	16.18	16.3	1285
26.07.2019 00:00	16.3	16.48	16.3	16.36	1014
29.07.2019 00:00	16.44	16.52	16.14	16.2	2264
30.07.2019 00:00	16.3	16.5	16.18	16.38	1787
31.07.2019 00:00	16.48	16.7	16.3	16.52	2409
01.08.2019 00:00	16.46	17.14	16.46	17.0	6326
02.08.2019 00:00	16.98	17.26	16.7	16.96	5304
05.08.2019 00:00	16.84	16.98	16.76	16.88	1265
06.08.2019 00:00	16.8	17.02	16.8	17.0	1905
07.08.2019 00:00	16.98	17.14	16.88	17.04	2115
08.08.2019 00:00	16.98	17.14	16.98	17.14	1097
09.08.2019 00:00	17.14	17.14	16.98	17.0	1323
12.08.2019 00:00	17.0	17.44	17.0	17.32	3260
13.08.2019 00:00	17.36	17.8	17.32	17.64	3787
14.08.2019 00:00	17.6	17.64	17.02	17.1	4501
15.08.2019 00:00	17.06	17.26	16.64	16.94	3607
16.08.2019 00:00	16.86	16.98	16.76	16.82	709
19.08.2019 00:00	16.8	17.04	16.7	16.96	1347
20.08.2019 00:00	16.88	17.14	16.86	17.1	1355
21.08.2019 00:00	17.26	17.26	16.98	17.1	918
22.08.2019 00:00	17.16	17.26	17.06	17.14	846
23.08.2019 00:00	17.16	17.18	16.98	17.04	1744
26.08.2019 00:00	16.98	17.14	16.86	16.98	1820
27.08.2019 00:00	17.1	17.14	16.94	16.96	645
28.08.2019 00:00	16.96	17.14	16.96	17.06	1633
29.08.2019 00:00	17.02	17.22	16.98	17.16	989
30.08.2019 00:00	17.16	17.16	16.96	17.1	1703
02.09.2019 00:00	17.14	17.22	17.0	17.06	948
03.09.2019 00:00	17.06	17.18	16.98	17.06	2538
04.09.2019 00:00	17.0	17.56	17.0	17.56	4593
05.09.2019 00:00	17.6	17.7	17.3	17.5	2305
06.09.2019 00:00	17.5	17.84	17.42	17.68	3113
09.09.2019 00:00	17.84	18.96	14.98	15.8	44156
10.09.2019 00:00	15.76	15.76	15.68	15.68	8244
11.09.2019 00:00	15.92	16.12	15.92	16.12	15453
12.09.2019 00:00	16.18	16.18	15.76	15.76	5860
13.09.2019 00:00	15.9	16.1	15.64	15.64	2529
16.09.2019 00:00	15.6	15.6	15.5	15.5	3007
17.09.2019 00:00	15.38	15.46	15.22	15.3	3515
18.09.2019 00:00	15.22	15.4	15.16	15.24	1751
19.09.2019 00:00	15.16	15.24	14.98	15.06	2775
20.09.2019 00:00	14.98	15.14	14.92	15.0	593
23.09.2019 00:00	15.1	15.1	14.72	14.88	1561
24.09.2019 00:00	14.76	14.98	14.72	14.84	1090
25.09.2019 00:00	14.98	14.98	14.74	14.9	436
26.09.2019 00:00	14.8	14.96	14.8	14.9	432
27.09.2019 00:00	14.8	14.98	14.8	14.98	6759
30.09.2019 00:00	14.96	15.06	14.82	15.02	997
01.10.2019 00:00	15.06	15.1	14.96	14.98	775
02.10.2019 00:00	15.06	15.08	14.88	14.96	836
03.10.2019 00:00	14.92	15.08	14.84	14.9	1089
04.10.2019 00:00	15.06	15.08	14.9	14.98	639
07.10.2019 00:00	14.9	15.08	14.9	15.0	279
08.10.2019 00:00	15.06	15.08	14.9	14.98	534
09.10.2019 00:00	15.02	15.06	14.9	15.06	576
10.10.2019 00:00	14.98	15.14	14.98	15.1	881
11.10.2019 00:00	15.16	15.98	14.92	14.96	1718
14.10.2019 00:00	15.24	15.24	14.92	15.08	405
15.10.2019 00:00	15.08	15.22	14.98	14.98	645
16.10.2019 00:00	15.08	15.22	15.0	15.06	484
17.10.2019 00:00	15.14	15.4	15.0	15.26	1831
18.10.2019 00:00	15.38	15.4	15.06	15.22	682
21.10.2019 00:00	15.24	15.32	15.06	15.16	596
22.10.2019 00:00	15.22	15.38	15.16	15.24	700
23.10.2019 00:00	15.24	15.4	15.24	15.32	1005
24.10.2019 00:00	15.06	15.38	15.06	15.26	724
25.10.2019 00:00	15.1	15.22	15.06	15.14	641
28.10.2019 00:00	15.06	15.26	15.02	15.1	625
29.10.2019 00:00	15.1	15.1	14.98	15.02	1067
30.10.2019 00:00	14.96	15.06	14.74	14.82	2617
31.10.2019 00:00	14.84	14.84	14.14	14.38	2954
01.11.2019 00:00	14.32	14.68	14.32	14.6	1119
05.11.2019 00:00	14.34	14.8	13.8	14.26	3784
06.11.2019 00:00	14.24	14.42	13.9	14.14	2169
07.11.2019 00:00	14.22	14.22	14.02	14.22	1238
08.11.2019 00:00	14.22	14.3	14.14	14.18	959
11.11.2019 00:00	14.22	14.22	14.14	14.22	1134
12.11.2019 00:00	14.18	14.26	14.14	14.22	392
13.11.2019 00:00	14.22	14.24	14.1	14.14	1111
14.11.2019 00:00	14.14	14.24	14.1	14.18	336
15.11.2019 00:00	14.22	14.22	14.0	14.18	770
18.11.2019 00:00	14.1	14.22	14.02	14.06	700
19.11.2019 00:00	14.08	14.14	13.98	14.1	1070
20.11.2019 00:00	14.26	14.38	14.0	14.14	1595
21.11.2019 00:00	14.22	14.26	14.06	14.14	308
22.11.2019 00:00	14.08	14.26	14.08	14.26	456
25.11.2019 00:00	14.22	14.3	14.14	14.24	541
26.11.2019 00:00	14.3	14.32	14.16	14.24	796
27.11.2019 00:00	14.18	14.3	14.16	14.22	420
28.11.2019 00:00	14.22	14.3	14.16	14.22	548
29.11.2019 00:00	14.22	14.26	14.14	14.18	381
02.12.2019 00:00	14.3	14.3	14.0	14.18	1565
03.12.2019 00:00	14.18	14.24	14.0	14.14	1258
04.12.2019 00:00	14.22	14.24	14.02	14.14	220
05.12.2019 00:00	14.08	14.16	13.8	14.1	1943
06.12.2019 00:00	14.06	14.14	13.98	14.14	507
09.12.2019 00:00	14.02	14.18	13.98	14.16	633
10.12.2019 00:00	14.18	14.18	14.06	14.16	930
11.12.2019 00:00	14.08	14.22	14.06	14.18	845
12.12.2019 00:00	14.22	14.22	14.1	14.18	349
13.12.2019 00:00	14.18	14.22	14.08	14.16	850
16.12.2019 00:00	14.22	14.34	14.1	14.18	2094
17.12.2019 00:00	14.14	14.24	14.14	14.22	734
18.12.2019 00:00	14.22	14.3	14.16	14.24	853
19.12.2019 00:00	14.3	14.38	14.18	14.38	1309
20.12.2019 00:00	14.22	14.48	14.22	14.48	1497
23.12.2019 00:00	14.26	14.42	14.26	14.34	820
24.12.2019 00:00	14.38	14.42	14.3	14.3	877
25.12.2019 00:00	14.4	14.4	14.16	14.24	1404
26.12.2019 00:00	14.32	14.38	14.22	14.24	631
27.12.2019 00:00	14.24	14.42	14.22	14.38	432
30.12.2019 00:00	14.3	14.42	14.3	14.34	536
03.01.2020 00:00	14.3	14.96	14.3	14.8	2038
06.01.2020 00:00	14.88	14.96	14.68	14.92	2021
08.01.2020 00:00	14.68	14.98	14.68	14.82	1286
09.01.2020 00:00	14.9	14.92	14.8	14.84	798
10.01.2020 00:00	14.9	16.28	14.8	15.9	8706
13.01.2020 00:00	15.98	16.68	15.9	16.34	5267
14.01.2020 00:00	16.1	16.32	14.82	15.8	4756
15.01.2020 00:00	15.8	15.9	15.6	15.68	922
16.01.2020 00:00	15.84	15.96	15.74	15.82	2420
17.01.2020 00:00	15.92	16.18	15.84	16.04	1754
20.01.2020 00:00	16.12	16.2	15.9	16.14	1371
21.01.2020 00:00	16.04	16.14	15.8	15.84	1734
22.01.2020 00:00	15.96	16.0	15.8	15.8	954
23.01.2020 00:00	15.8	15.8	15.4	15.48	1270
24.01.2020 00:00	15.56	15.76	15.46	15.5	886
27.01.2020 00:00	15.48	15.8	15.14	15.3	897
28.01.2020 00:00	15.48	15.72	15.3	15.6	1377
29.01.2020 00:00	15.58	15.76	15.48	15.56	860
30.01.2020 00:00	15.58	15.66	15.52	15.56	295
31.01.2020 00:00	15.58	15.66	15.46	15.48	539
03.02.2020 00:00	15.46	15.64	15.24	15.48	980
04.02.2020 00:00	15.42	15.6	15.4	15.6	412
05.02.2020 00:00	15.66	15.74	15.56	15.72	1629
06.02.2020 00:00	15.72	15.88	15.5	15.76	3523
07.02.2020 00:00	15.74	15.82	15.64	15.66	780
10.02.2020 00:00	15.68	15.76	15.64	15.72	770
11.02.2020 00:00	15.74	15.76	15.64	15.74	734
12.02.2020 00:00	15.66	15.8	15.64	15.74	735
13.02.2020 00:00	15.74	15.84	15.64	15.8	618
14.02.2020 00:00	15.8	16.48	15.74	16.18	4253
17.02.2020 00:00	16.38	16.64	16.1	16.2	2854
18.02.2020 00:00	16.42	18.86	16.14	18.82	48928
19.02.2020 00:00	19.32	19.98	16.7	16.86	53656
20.02.2020 00:00	16.68	17.98	16.64	16.82	10538
21.02.2020 00:00	16.84	17.54	16.3	16.76	17003
25.02.2020 00:00	16.68	16.92	16.28	16.38	4888
26.02.2020 00:00	16.38	16.38	15.18	15.98	8311
27.02.2020 00:00	15.98	16.34	15.48	15.9	3977
28.02.2020 00:00	15.6	15.72	14.48	15.4	4986
02.03.2020 00:00	15.98	16.56	15.56	16.04	2801
03.03.2020 00:00	16.54	16.56	15.8	16.0	1528
04.03.2020 00:00	15.68	16.04	15.68	15.98	641
05.03.2020 00:00	16.3	16.3	15.9	15.92	508
06.03.2020 00:00	15.74	16.56	15.16	16.22	3613
10.03.2020 00:00	14.64	15.92	14.6	15.52	3203
11.03.2020 00:00	15.68	15.92	15.52	15.58	1425
12.03.2020 00:00	15.58	15.72	14.48	14.56	4288
13.03.2020 00:00	14.14	15.06	14.14	14.66	3487
16.03.2020 00:00	14.56	14.9	14.06	14.46	2105
17.03.2020 00:00	14.48	14.72	13.98	14.5	2067
18.03.2020 00:00	14.4	14.64	14.0	14.06	2944
19.03.2020 00:00	13.98	14.64	13.96	14.58	1576
20.03.2020 00:00	14.72	15.24	14.0	14.96	3146
23.03.2020 00:00	14.76	14.8	14.3	14.4	1630
24.03.2020 00:00	14.9	15.22	14.6	14.98	1267
25.03.2020 00:00	15.0	15.98	14.98	15.68	7396
26.03.2020 00:00	15.72	15.96	15.48	15.66	1087
27.03.2020 00:00	15.58	15.9	15.42	15.46	1275
30.03.2020 00:00	15.32	15.76	15.32	15.66	916
31.03.2020 00:00	15.64	15.9	15.58	15.88	888
01.04.2020 00:00	15.88	16.64	15.8	16.62	3414
02.04.2020 00:00	16.88	16.88	16.0	16.12	1824
03.04.2020 00:00	16.12	16.66	16.12	16.3	672
06.04.2020 00:00	16.32	16.56	16.26	16.34	383
07.04.2020 00:00	16.42	16.5	15.9	16.14	5661
08.04.2020 00:00	16.18	16.3	16.14	16.18	434
09.04.2020 00:00	16.28	16.44	16.18	16.36	935
10.04.2020 00:00	16.3	18.1	16.14	17.98	15879
13.04.2020 00:00	18.3	18.8	17.22	17.88	8777
14.04.2020 00:00	17.6	18.8	17.42	18.02	6121
15.04.2020 00:00	17.98	18.18	17.48	17.5	3570
16.04.2020 00:00	17.48	18.3	17.48	18.02	1968
17.04.2020 00:00	17.88	18.38	17.84	18.22	1717
20.04.2020 00:00	18.28	18.68	18.2	18.38	2478
21.04.2020 00:00	18.22	18.32	17.48	17.68	3173
22.04.2020 00:00	17.68	18.0	17.12	17.98	2350
23.04.2020 00:00	17.8	18.44	17.66	18.3	1323
24.04.2020 00:00	18.32	19.3	17.98	18.8	5602
27.04.2020 00:00	18.44	19.22	18.38	18.98	2967
28.04.2020 00:00	18.8	18.98	18.42	18.7	2049
29.04.2020 00:00	18.48	18.52	18.12	18.44	2876
30.04.2020 00:00	18.32	18.48	18.14	18.26	2181
04.05.2020 00:00	18.14	18.42	18.0	18.16	846
05.05.2020 00:00	18.06	18.32	17.98	18.12	992
06.05.2020 00:00	17.98	18.38	17.98	18.3	801
07.05.2020 00:00	18.04	18.3	17.98	18.3	749
08.05.2020 00:00	18.18	18.3	18.1	18.22	788
12.05.2020 00:00	18.14	18.66	18.06	18.48	2516
13.05.2020 00:00	18.42	18.8	18.3	18.44	1730
14.05.2020 00:00	18.3	18.6	18.2	18.3	889
15.05.2020 00:00	18.26	18.54	18.16	18.46	1693
18.05.2020 00:00	18.3	18.3	16.8	18.18	8677
19.05.2020 00:00	17.7	18.38	17.7	17.86	947
20.05.2020 00:00	17.78	18.02	17.76	17.92	965
21.05.2020 00:00	17.82	18.0	17.8	17.86	358
22.05.2020 00:00	17.82	17.94	17.6	17.64	1092
25.05.2020 00:00	17.54	17.8	17.38	17.48	1400
26.05.2020 00:00	17.5	17.52	17.14	17.22	1723
27.05.2020 00:00	17.12	17.48	17.12	17.18	1067
28.05.2020 00:00	17.28	17.28	16.92	17.06	1149
29.05.2020 00:00	17.14	17.48	16.98	17.16	709
01.06.2020 00:00	17.14	17.5	16.98	17.38	1648
02.06.2020 00:00	17.48	17.64	17.44	17.6	1829
03.06.2020 00:00	17.64	17.88	17.48	17.76	881
04.06.2020 00:00	17.52	17.8	17.38	17.46	751
05.06.2020 00:00	17.42	17.46	17.18	17.26	909
08.06.2020 00:00	17.54	17.54	17.04	17.46	1365
09.06.2020 00:00	17.38	17.44	17.2	17.28	288
10.06.2020 00:00	17.34	17.34	17.1	17.3	415
11.06.2020 00:00	17.14	17.36	16.98	17.12	819
15.06.2020 00:00	17.02	17.02	16.82	16.96	562
16.06.2020 00:00	16.96	18.38	16.96	17.82	4697
17.06.2020 00:00	17.7	17.94	17.6	17.72	610
18.06.2020 00:00	17.88	17.94	17.3	17.36	1114
19.06.2020 00:00	17.3	17.6	17.14	17.56	765
22.06.2020 00:00	17.56	17.62	17.28	17.34	705
23.06.2020 00:00	17.3	17.6	17.3	17.48	540
25.06.2020 00:00	17.34	17.48	17.18	17.3	422
26.06.2020 00:00	17.3	18.8	17.18	18.78	3727
29.06.2020 00:00	20.64	26.22	20.64	26.22	128459
30.06.2020 00:00	28.84	33.96	28.84	29.18	200718
02.07.2020 00:00	29.88	29.94	26.48	27.34	38168
03.07.2020 00:00	27.36	28.28	27.12	27.7	17839
06.07.2020 00:00	27.94	27.96	27.14	27.32	20970
07.07.2020 00:00	27.0	27.8	26.18	27.28	13225
08.07.2020 00:00	26.98	27.68	26.92	27.3	21572
09.07.2020 00:00	27.38	27.48	27.04	27.3	15384
10.07.2020 00:00	27.3	27.46	26.48	26.88	19309
13.07.2020 00:00	26.8	27.14	26.6	26.84	16511
14.07.2020 00:00	26.86	26.98	26.48	26.62	8252
15.07.2020 00:00	26.62	27.1	26.6	26.88	8720
16.07.2020 00:00	26.96	27.38	26.46	26.68	16761
17.07.2020 00:00	26.7	26.96	26.18	26.6	16918
20.07.2020 00:00	26.78	27.18	26.48	26.98	14779
21.07.2020 00:00	27.2	27.48	26.98	27.18	10507
22.07.2020 00:00	27.1	27.22	26.92	27.0	7121
23.07.2020 00:00	27.1	27.14	26.96	26.98	6234
24.07.2020 00:00	26.94	27.14	26.92	26.98	7322
27.07.2020 00:00	27.0	28.48	26.92	28.3	32770
28.07.2020 00:00	28.48	29.96	28.42	29.16	37646
29.07.2020 00:00	29.76	29.84	27.88	28.6	28463
30.07.2020 00:00	28.86	28.88	27.98	28.38	16348
31.07.2020 00:00	28.62	29.1	28.38	28.78	16845
03.08.2020 00:00	28.88	29.88	28.8	29.8	48781
04.08.2020 00:00	29.84	29.92	28.5	28.96	44468
05.08.2020 00:00	29.02	29.18	28.2	28.48	41107
06.08.2020 00:00	28.5	28.62	27.96	28.2	55916
07.08.2020 00:00	25.38	25.38	16.82	17.84	144326
10.08.2020 00:00	17.84	18.04	16.84	17.06	41214
11.08.2020 00:00	17.0	17.18	16.84	17.1	20049
12.08.2020 00:00	16.98	17.64	16.98	17.44	16776
13.08.2020 00:00	17.54	17.6	17.2	17.26	6318
14.08.2020 00:00	17.26	17.3	16.98	17.26	6605
17.08.2020 00:00	17.2	17.38	16.92	17.02	10281
18.08.2020 00:00	16.98	16.98	16.84	16.86	5529
19.08.2020 00:00	16.98	16.98	16.84	16.96	4182
20.08.2020 00:00	16.96	16.96	16.62	16.62	5408
21.08.2020 00:00	16.62	16.66	15.98	16.02	10782
24.08.2020 00:00	16.0	16.36	15.9	16.04	5380
25.08.2020 00:00	16.04	16.96	16.02	16.48	8651
26.08.2020 00:00	16.68	16.8	16.12	16.2	7372
27.08.2020 00:00	16.48	16.48	16.1	16.2	2652
28.08.2020 00:00	16.34	16.44	16.1	16.32	3619
31.08.2020 00:00	16.32	16.46	16.1	16.12	3208
01.09.2020 00:00	16.1	16.16	15.48	15.66	15270
02.09.2020 00:00	15.82	15.82	15.26	15.32	8104
03.09.2020 00:00	15.56	15.56	14.98	15.02	5554
04.09.2020 00:00	15.0	15.16	14.5	14.56	7993
07.09.2020 00:00	14.64	14.64	14.06	14.38	12394
08.09.2020 00:00	14.4	14.48	14.1	14.46	4500
09.09.2020 00:00	14.38	14.5	14.18	14.3	2783
10.09.2020 00:00	14.4	14.4	14.16	14.34	3396
11.09.2020 00:00	14.3	16.06	14.18	15.0	12068
14.09.2020 00:00	15.02	15.72	14.92	15.26	4084
15.09.2020 00:00	15.26	15.48	14.84	15.14	5493
16.09.2020 00:00	15.26	15.38	14.9	15.02	3691
17.09.2020 00:00	15.08	15.08	14.84	15.02	1473
18.09.2020 00:00	14.98	15.08	14.9	14.96	1641
21.09.2020 00:00	14.96	14.98	14.22	14.38	3596
22.09.2020 00:00	14.56	14.9	14.4	14.58	1669
23.09.2020 00:00	14.58	14.64	14.06	14.4	4094
24.09.2020 00:00	14.4	14.52	14.32	14.48	2689
25.09.2020 00:00	14.48	14.48	14.3	14.4	2112
28.09.2020 00:00	14.4	14.5	14.3	14.34	2491
29.09.2020 00:00	14.46	14.46	14.26	14.34	1432
30.09.2020 00:00	14.26	14.4	14.14	14.26	2022
01.10.2020 00:00	14.3	14.4	14.24	14.26	1878
02.10.2020 00:00	14.26	14.46	14.1	14.22	2743
05.10.2020 00:00	14.26	14.38	14.14	14.26	3054
06.10.2020 00:00	14.34	14.38	14.14	14.22	3924
07.10.2020 00:00	14.26	14.26	14.14	14.16	1420
08.10.2020 00:00	14.14	14.22	14.14	14.16	1218
09.10.2020 00:00	14.18	14.18	14.06	14.1	1803
12.10.2020 00:00	14.14	14.22	14.06	14.14	2066
13.10.2020 00:00	14.06	14.18	13.98	14.0	3033
14.10.2020 00:00	14.02	14.06	13.9	13.9	2204
15.10.2020 00:00	13.96	13.98	13.9	13.92	1553
16.10.2020 00:00	13.9	13.98	13.48	13.56	4014
19.10.2020 00:00	13.72	13.72	13.22	13.26	2114
20.10.2020 00:00	13.3	13.3	13.0	13.16	2885
21.10.2020 00:00	13.08	13.58	13.06	13.3	2325
22.10.2020 00:00	13.34	13.34	13.1	13.1	1790
23.10.2020 00:00	13.16	13.26	13.06	13.14	2669
26.10.2020 00:00	13.18	13.18	13.06	13.08	1449
27.10.2020 00:00	13.06	13.14	13.0	13.0	945
28.10.2020 00:00	13.0	13.1	12.48	12.52	6575
29.10.2020 00:00	12.48	13.08	12.48	12.98	2643
30.10.2020 00:00	12.98	13.02	12.68	12.96	999
02.11.2020 00:00	12.96	13.9	12.74	13.46	3782
03.11.2020 00:00	13.58	13.9	13.26	13.74	2727
05.11.2020 00:00	13.88	13.98	13.74	13.76	2002
06.11.2020 00:00	13.68	14.16	13.58	13.92	1690
09.11.2020 00:00	13.92	14.16	13.4	14.0	3258
10.11.2020 00:00	13.98	14.14	13.6	13.8	3726
11.11.2020 00:00	13.8	14.0	13.72	13.8	1826
12.11.2020 00:00	13.92	13.92	13.72	13.84	1398
13.11.2020 00:00	13.8	13.92	13.74	13.88	983
16.11.2020 00:00	13.9	14.26	13.68	13.8	4446
17.11.2020 00:00	13.9	13.9	13.66	13.8	2605
18.11.2020 00:00	13.82	13.82	13.68	13.76	3095
19.11.2020 00:00	13.74	13.8	13.5	13.68	1935
20.11.2020 00:00	13.6	13.76	13.6	13.72	1264
23.11.2020 00:00	13.6	13.8	13.48	13.66	2422
24.11.2020 00:00	13.72	13.72	13.58	13.64	1547
25.11.2020 00:00	13.64	13.66	13.48	13.52	2924
26.11.2020 00:00	13.64	13.64	13.52	13.58	1174
27.11.2020 00:00	13.56	14.08	13.18	13.58	8520
30.11.2020 00:00	13.66	13.72	13.48	13.56	1555
01.12.2020 00:00	13.5	13.58	13.48	13.56	1854
02.12.2020 00:00	13.58	13.58	13.48	13.56	2179
03.12.2020 00:00	13.5	13.68	13.5	13.58	2088
04.12.2020 00:00	13.56	13.66	13.32	13.48	7929
07.12.2020 00:00	13.46	13.58	13.18	13.26	7832
08.12.2020 00:00	13.24	13.3	13.14	13.22	2814
09.12.2020 00:00	13.22	13.26	13.08	13.26	2441
10.12.2020 00:00	13.22	13.32	13.22	13.26	1578
11.12.2020 00:00	13.32	13.32	13.06	13.14	5684
14.12.2020 00:00	13.06	13.16	13.0	13.06	6294
15.12.2020 00:00	13.1	13.14	12.98	13.08	4181
16.12.2020 00:00	13.06	13.1	12.98	13.06	3235
17.12.2020 00:00	13.06	13.14	13.0	13.06	2850
18.12.2020 00:00	13.1	13.1	12.96	13.02	3680
21.12.2020 00:00	13.06	13.08	12.9	12.98	2397
22.12.2020 00:00	13.02	13.02	12.9	12.98	2427
23.12.2020 00:00	12.98	13.02	12.9	12.92	3739
24.12.2020 00:00	12.98	13.0	12.84	12.84	4909
25.12.2020 00:00	12.82	12.98	12.8	12.9	6202
28.12.2020 00:00	12.92	12.92	12.74	12.82	9663
29.12.2020 00:00	12.8	12.84	12.72	12.84	2397
30.12.2020 00:00	12.82	13.1	12.82	13.08	5742
04.01.2021 00:00	13.14	13.42	12.98	13.3	4015
05.01.2021 00:00	13.24	13.64	13.24	13.56	4606
06.01.2021 00:00	13.74	13.92	13.56	13.82	4858
08.01.2021 00:00	13.9	14.14	13.8	14.08	4750
11.01.2021 00:00	14.02	14.1	13.98	14.02	3895
12.01.2021 00:00	14.0	14.26	14.0	14.14	4971
13.01.2021 00:00	14.16	14.5	14.08	14.46	5070
14.01.2021 00:00	14.4	14.58	14.0	14.48	6583
15.01.2021 00:00	14.56	15.68	14.5	15.3	21567
18.01.2021 00:00	15.42	17.94	15.4	17.6	49082
19.01.2021 00:00	18.48	18.48	16.0	16.14	43801
20.01.2021 00:00	16.48	16.48	15.42	15.58	13053
21.01.2021 00:00	15.52	16.38	15.22	15.74	8061
22.01.2021 00:00	15.68	15.92	14.9	15.18	5960
25.01.2021 00:00	15.1	15.58	15.1	15.32	3285
26.01.2021 00:00	15.22	15.48	15.22	15.34	2145
27.01.2021 00:00	15.46	15.46	15.14	15.14	2774
28.01.2021 00:00	15.08	15.08	14.68	14.9	4740
29.01.2021 00:00	14.9	15.02	14.76	14.9	2217
01.02.2021 00:00	14.72	15.48	14.68	15.18	3475
02.02.2021 00:00	15.24	15.34	15.06	15.14	2060
03.02.2021 00:00	15.16	15.24	15.08	15.22	1689
04.02.2021 00:00	15.18	15.22	15.1	15.16	1637
05.02.2021 00:00	15.16	15.3	14.98	15.22	2130
08.02.2021 00:00	15.22	15.42	15.22	15.3	2629
09.02.2021 00:00	15.3	16.3	15.24	16.14	6781
10.02.2021 00:00	16.2	16.8	15.64	16.04	5961
11.02.2021 00:00	15.98	16.04	15.56	15.8	2635
12.02.2021 00:00	15.66	16.06	15.56	15.8	2399
15.02.2021 00:00	15.98	16.62	15.98	16.22	9001
16.02.2021 00:00	16.48	16.48	16.12	16.28	2904
17.02.2021 00:00	16.16	16.34	16.12	16.2	1499
18.02.2021 00:00	16.06	16.3	15.8	15.8	4754
19.02.2021 00:00	15.98	16.56	15.74	15.9	4298
20.02.2021 00:00	16.3	16.64	15.98	16.14	3384
22.02.2021 00:00	16.64	16.64	16.16	16.22	2435
24.02.2021 00:00	16.12	16.38	15.9	15.92	2766
25.02.2021 00:00	15.92	16.6	15.92	16.46	11031
26.02.2021 00:00	16.36	16.36	16.0	16.06	3802
01.03.2021 00:00	16.18	16.3	16.02	16.2	2604
02.03.2021 00:00	16.16	16.16	15.92	16.1	1252
03.03.2021 00:00	16.04	16.28	15.96	16.1	1590
04.03.2021 00:00	15.98	16.06	15.92	16.0	1611
05.03.2021 00:00	16.0	16.06	15.4	15.8	3464
09.03.2021 00:00	15.56	15.96	15.56	15.8	2075
10.03.2021 00:00	15.76	16.04	15.56	15.84	2222
11.03.2021 00:00	15.96	15.96	15.48	15.84	1467
12.03.2021 00:00	15.8	15.9	15.68	15.88	926
15.03.2021 00:00	15.9	16.02	15.72	15.98	1642
16.03.2021 00:00	15.84	15.98	15.82	15.96	690
17.03.2021 00:00	15.82	15.98	15.82	15.9	1059
18.03.2021 00:00	15.9	15.96	15.84	15.92	1395
19.03.2021 00:00	15.98	15.98	15.84	15.96	1055
22.03.2021 00:00	15.96	15.96	15.82	15.9	999
23.03.2021 00:00	15.9	15.9	15.5	15.66	1461
24.03.2021 00:00	15.72	15.74	15.6	15.66	750
25.03.2021 00:00	15.6	15.72	15.42	15.52	2496
26.03.2021 00:00	15.58	15.58	15.32	15.48	1434
29.03.2021 00:00	15.48	15.98	15.48	15.5	1340
30.03.2021 00:00	15.48	15.72	15.48	15.5	868
31.03.2021 00:00	15.56	15.56	15.4	15.48	1715
01.04.2021 00:00	15.42	15.58	15.4	15.48	2937
02.04.2021 00:00	15.42	15.5	14.74	15.14	7819
05.04.2021 00:00	15.18	15.24	15.0	15.02	2500
06.04.2021 00:00	15.06	15.14	14.98	15.08	3266
07.04.2021 00:00	15.1	15.1	14.88	14.98	2444
08.04.2021 00:00	14.96	14.98	14.8	14.92	1915
09.04.2021 00:00	14.96	14.98	14.84	14.96	1380
12.04.2021 00:00	14.92	14.98	14.68	14.96	1413
13.04.2021 00:00	14.98	14.98	14.72	14.9	1549
14.04.2021 00:00	14.84	14.98	14.72	14.8	1720
15.04.2021 00:00	14.76	14.9	14.64	14.72	2778
16.04.2021 00:00	14.72	14.76	14.58	14.72	1695
19.04.2021 00:00	14.68	14.72	13.92	14.22	9513
20.04.2021 00:00	14.18	14.32	14.14	14.26	2161
21.04.2021 00:00	14.14	14.22	14.06	14.14	1422
22.04.2021 00:00	14.02	14.1	13.48	13.76	7411
23.04.2021 00:00	13.76	13.9	13.64	13.8	1898
26.04.2021 00:00	13.8	14.56	13.76	14.24	4142
27.04.2021 00:00	14.26	14.32	14.08	14.16	1265
28.04.2021 00:00	14.06	14.26	14.0	14.14	1429
29.04.2021 00:00	14.22	14.34	14.06	14.3	2366
30.04.2021 00:00	14.16	14.32	13.48	13.58	9609
04.05.2021 00:00	13.46	13.46	12.96	13.06	13267
05.05.2021 00:00	13.06	13.24	12.92	12.98	5592
06.05.2021 00:00	12.96	13.02	12.96	12.98	4491
07.05.2021 00:00	13.0	13.02	12.9	12.96	4718
10.05.2021 00:00	12.9	13.02	12.9	12.98	2251
11.05.2021 00:00	12.96	12.98	12.9	12.98	1098
12.05.2021 00:00	12.98	12.98	12.84	12.98	2042
13.05.2021 00:00	12.98	12.98	12.68	12.9	3593
14.05.2021 00:00	12.8	12.98	12.8	12.84	1515
17.05.2021 00:00	12.9	12.9	12.66	12.68	1866
18.05.2021 00:00	12.74	12.74	12.56	12.66	2690
19.05.2021 00:00	12.6	12.68	12.48	12.56	1506
20.05.2021 00:00	12.56	12.58	12.4	12.5	2427
21.05.2021 00:00	12.48	12.52	12.4	12.5	3154
24.05.2021 00:00	12.56	13.06	12.52	13.02	3827
25.05.2021 00:00	12.98	13.5	12.9	13.06	6996
26.05.2021 00:00	13.18	13.18	12.02	13.02	2349
27.05.2021 00:00	13.0	13.42	12.6	13.24	9501
28.05.2021 00:00	13.4	13.8	13.08	13.32	4008
31.05.2021 00:00	13.32	13.46	13.0	13.14	2216
01.06.2021 00:00	13.14	13.32	12.98	13.02	2658
02.06.2021 00:00	13.06	13.22	13.0	13.06	809
03.06.2021 00:00	13.06	13.14	12.98	13.06	735
04.06.2021 00:00	13.06	13.08	12.9	12.98	1197
07.06.2021 00:00	12.92	13.16	12.58	12.9	3974
08.06.2021 00:00	12.8	12.98	12.8	12.82	1374
09.06.2021 00:00	12.82	12.9	12.64	12.72	2599
10.06.2021 00:00	12.72	12.8	12.58	12.64	2342
11.06.2021 00:00	12.66	12.76	12.58	12.64	3133
14.06.2021 00:00	12.68	12.72	12.02	12.56	4688
15.06.2021 00:00	12.56	12.64	12.38	12.4	6482
16.06.2021 00:00	12.4	12.98	12.32	12.4	10113
17.06.2021 00:00	12.38	12.38	12.02	12.08	5793
18.06.2021 00:00	12.06	12.32	11.82	12.02	7180
21.06.2021 00:00	11.9	12.0	11.68	11.82	3147
22.06.2021 00:00	11.82	11.82	11.64	11.66	1554
23.06.2021 00:00	11.68	11.72	11.6	11.64	1496
24.06.2021 00:00	11.6	11.72	11.6	11.72	918
25.06.2021 00:00	11.72	11.76	11.58	11.64	1541
28.06.2021 00:00	11.68	12.14	11.58	11.66	4429
29.06.2021 00:00	11.64	11.8	11.56	11.6	1457
30.06.2021 00:00	11.66	11.66	11.48	11.56	1728
01.07.2021 00:00	11.56	11.58	11.38	11.42	1769
02.07.2021 00:00	11.48	11.5	11.22	11.32	3935
05.07.2021 00:00	11.48	11.48	11.18	11.24	1371
06.07.2021 00:00	11.32	11.32	10.98	11.1	3629
07.07.2021 00:00	11.14	11.14	10.98	11.02	3382
08.07.2021 00:00	11.0	11.02	10.82	10.82	1858
09.07.2021 00:00	10.82	10.84	10.58	10.72	3199
12.07.2021 00:00	10.74	10.82	10.32	10.52	2673
13.07.2021 00:00	10.48	10.64	10.48	10.56	1035
14.07.2021 00:00	10.64	10.64	10.4	10.42	1392
15.07.2021 00:00	10.46	10.52	10.4	10.4	626
16.07.2021 00:00	10.4	10.48	10.24	10.24	1754
19.07.2021 00:00	10.24	10.32	10.22	10.3	2330
20.07.2021 00:00	10.3	10.32	10.24	10.24	1159
21.07.2021 00:00	10.3	10.4	10.24	10.32	690
22.07.2021 00:00	10.5	10.88	10.3	10.58	1166
23.07.2021 00:00	10.5	10.76	10.5	10.58	392
26.07.2021 00:00	10.58	10.76	10.46	10.48	543
27.07.2021 00:00	10.56	10.56	10.4	10.48	647
28.07.2021 00:00	10.52	10.52	10.32	10.4	805
29.07.2021 00:00	10.42	10.46	10.3	10.32	579
30.07.2021 00:00	10.38	10.4	10.24	10.32	794
02.08.2021 00:00	10.32	10.38	10.24	10.32	1701
03.08.2021 00:00	10.4	10.4	10.24	10.38	907
04.08.2021 00:00	10.4	10.4	10.24	10.3	1609
05.08.2021 00:00	10.32	10.38	10.24	10.34	1835
06.08.2021 00:00	10.4	10.4	10.24	10.3	1024
09.08.2021 00:00	10.32	10.38	10.32	10.34	751
10.08.2021 00:00	10.4	10.4	10.26	10.34	1249
11.08.2021 00:00	10.4	10.4	10.24	10.32	2207
12.08.2021 00:00	10.32	10.4	10.3	10.34	1922
13.08.2021 00:00	10.32	10.64	10.32	10.46	1939
16.08.2021 00:00	10.48	10.74	10.32	10.4	1557
17.08.2021 00:00	10.48	10.52	10.34	10.42	988
18.08.2021 00:00	10.48	10.48	10.24	10.3	2007
19.08.2021 00:00	10.3	10.3	10.22	10.24	1639
20.08.2021 00:00	10.24	10.34	10.24	10.32	547
23.08.2021 00:00	10.32	10.32	10.26	10.32	1237
24.08.2021 00:00	10.32	10.38	10.24	10.32	1445
25.08.2021 00:00	10.32	10.42	10.26	10.32	1563
26.08.2021 00:00	10.32	10.4	10.3	10.32	740
27.08.2021 00:00	10.32	10.34	10.3	10.32	692
30.08.2021 00:00	10.34	10.4	10.3	10.32	1440
31.08.2021 00:00	10.34	10.4	10.3	10.34	1980
01.09.2021 00:00	10.38	10.4	10.32	10.38	1210
02.09.2021 00:00	10.34	10.4	10.3	10.38	1952
03.09.2021 00:00	10.4	10.4	10.3	10.4	1250
06.09.2021 00:00	10.4	10.4	10.34	10.38	595
07.09.2021 00:00	10.4	10.4	10.32	10.32	993
08.09.2021 00:00	10.34	10.4	10.3	10.32	1777
09.09.2021 00:00	10.34	10.34	10.26	10.32	911
10.09.2021 00:00	10.3	10.32	10.22	10.3	1933
13.09.2021 00:00	10.32	10.32	10.16	10.22	2457
14.09.2021 00:00	10.24	10.24	9.98	10.14	3406
15.09.2021 00:00	10.16	10.16	10.02	10.1	3530
16.09.2021 00:00	10.14	10.14	9.98	10.06	3369
17.09.2021 00:00	10.08	10.08	9.98	10.02	1626
20.09.2021 00:00	10.02	10.02	9.88	9.96	1746
21.09.2021 00:00	9.9	9.98	9.76	9.8	1408
22.09.2021 00:00	9.8	9.82	9.48	9.56	8013
23.09.2021 00:00	9.64	9.98	9.48	9.8	4257
24.09.2021 00:00	9.8	9.98	9.56	9.9	1160
27.09.2021 00:00	9.96	9.98	9.82	9.84	741
28.09.2021 00:00	9.88	9.9	9.52	9.66	2185
29.09.2021 00:00	9.64	9.68	9.56	9.6	823
30.09.2021 00:00	9.64	9.68	9.4	9.56	2982
01.10.2021 00:00	9.48	9.82	9.48	9.66	2522
04.10.2021 00:00	9.66	9.76	9.48	9.52	941
05.10.2021 00:00	9.52	9.6	9.48	9.52	1579
06.10.2021 00:00	9.58	9.58	9.48	9.48	1827
07.10.2021 00:00	9.48	9.56	9.32	9.56	2003
08.10.2021 00:00	9.56	9.64	9.52	9.58	825
11.10.2021 00:00	9.56	9.82	9.56	9.76	1118
12.10.2021 00:00	9.72	9.8	9.72	9.8	322
13.10.2021 00:00	9.8	9.9	9.76	9.82	663
14.10.2021 00:00	10.1	10.14	9.82	9.98	1655
15.10.2021 00:00	9.96	9.98	9.48	9.64	2557
18.10.2021 00:00	9.82	9.84	9.64	9.8	1057
19.10.2021 00:00	9.8	10.02	9.74	9.96	2094
20.10.2021 00:00	10.0	10.66	9.92	10.14	9717
21.10.2021 00:00	10.3	10.56	10.18	10.24	5818
22.10.2021 00:00	10.24	10.4	9.9	10.1	1797
25.10.2021 00:00	10.02	10.18	9.98	10.06	1454
26.10.2021 00:00	10.08	10.16	9.98	10.0	571
27.10.2021 00:00	10.02	10.06	9.9	9.98	472
28.10.2021 00:00	9.9	9.98	9.76	9.82	721
29.10.2021 00:00	9.84	9.84	9.64	9.68	1096
01.11.2021 00:00	9.74	9.84	9.74	9.74	472
02.11.2021 00:00	9.9	9.9	9.68	9.74	423
03.11.2021 00:00	9.84	9.84	9.48	9.74	733
05.11.2021 00:00	9.74	9.8	9.68	9.72	515
08.11.2021 00:00	9.74	9.74	9.5	9.66	1051
09.11.2021 00:00	9.64	9.72	9.56	9.68	556
10.11.2021 00:00	9.66	9.66	9.58	9.64	679
11.11.2021 00:00	9.6	9.66	9.52	9.64	778
12.11.2021 00:00	9.64	9.68	9.58	9.66	696
15.11.2021 00:00	9.6	9.68	9.58	9.64	454
16.11.2021 00:00	9.72	9.72	9.64	9.68	870
17.11.2021 00:00	9.64	9.64	9.58	9.6	731
18.11.2021 00:00	9.58	9.64	9.52	9.52	575
19.11.2021 00:00	9.56	9.56	9.46	9.48	990
22.11.2021 00:00	9.56	9.56	9.24	9.32	1524
23.11.2021 00:00	9.22	9.38	9.0	9.38	1109
24.11.2021 00:00	9.48	9.52	9.34	9.46	623
25.11.2021 00:00	9.26	9.48	9.24	9.4	817
26.11.2021 00:00	9.38	9.38	8.98	9.14	2341
29.11.2021 00:00	9.38	9.4	9.06	9.16	539
30.11.2021 00:00	9.14	9.14	8.98	8.98	862
01.12.2021 00:00	9.0	9.06	9.0	9.06	488
02.12.2021 00:00	9.0	9.06	8.98	9.06	494
03.12.2021 00:00	9.0	9.08	9.0	9.02	1208
06.12.2021 00:00	9.06	9.08	8.98	9.02	859
07.12.2021 00:00	8.98	9.02	8.98	9.02	724
08.12.2021 00:00	9.02	9.06	8.98	9.0	406
09.12.2021 00:00	9.0	9.06	8.92	8.98	565
10.12.2021 00:00	8.96	8.96	8.48	8.66	4213
13.12.2021 00:00	8.68	8.68	8.14	8.14	1791
14.12.2021 00:00	8.0	8.16	7.5600000000000005	7.5600000000000005	3245
15.12.2021 00:00	7.7	8.58	7.5600000000000005	7.58	2894
16.12.2021 00:00	7.78	8.0	7.7	7.86	1097
17.12.2021 00:00	7.86	7.86	7.62	7.74	878
20.12.2021 00:00	7.640000000000001	7.640000000000001	7.48	7.5	1283
21.12.2021 00:00	7.62	7.82	7.5	7.640000000000001	1113
22.12.2021 00:00	7.58	7.74	7.58	7.66	949
23.12.2021 00:00	7.78	7.78	7.6000000000000005	7.640000000000001	1034
24.12.2021 00:00	7.6000000000000005	7.640000000000001	7.2	7.4	3696
27.12.2021 00:00	7.36	7.5600000000000005	7.2	7.36	4781
28.12.2021 00:00	7.36	7.48	7.0200000000000005	7.04	5657
29.12.2021 00:00	7.04	9.72	7.04	8.14	42491
30.12.2021 00:00	8.3	9.26	8.0	8.06	10508
03.01.2022 00:00	8.26	8.26	7.98	8.14	2331
04.01.2022 00:00	8.24	8.24	7.98	8.14	837
05.01.2022 00:00	8.08	8.14	8.02	8.14	864
06.01.2022 00:00	8.1	9.32	7.98	8.74	20966
10.01.2022 00:00	8.74	8.84	8.14	8.22	4302
11.01.2022 00:00	8.48	8.74	8.18	8.18	3801
12.01.2022 00:00	8.38	8.38	8.14	8.18	3848
13.01.2022 00:00	8.22	8.32	8.14	8.14	1613
14.01.2022 00:00	8.1	8.22	7.9	7.98	1663
17.01.2022 00:00	7.98	8.1	7.74	7.86	1499
18.01.2022 00:00	7.78	7.92	7.48	7.5	2146
19.01.2022 00:00	7.44	7.78	7.4	7.5600000000000005	1064
20.01.2022 00:00	7.5600000000000005	8.4	7.5600000000000005	7.92	1558
21.01.2022 00:00	7.86	7.86	7.5200000000000005	7.5200000000000005	1806
24.01.2022 00:00	7.62	7.78	7.12	7.2	1607
25.01.2022 00:00	7.24	7.24	7.08	7.140000000000001	678
26.01.2022 00:00	7.16	7.7	7.1000000000000005	7.44	1049
27.01.2022 00:00	7.48	7.48	7.2	7.44	1474
28.01.2022 00:00	7.44	7.5	7.24	7.36	698
31.01.2022 00:00	7.28	8.9	7.24	8.22	14610
01.02.2022 00:00	8.24	8.24	7.74	7.94	3409
02.02.2022 00:00	7.94	8.06	7.82	7.9	1161
03.02.2022 00:00	7.86	7.9	7.7	7.86	974
04.02.2022 00:00	7.62	8.02	7.58	7.98	1360
07.02.2022 00:00	8.0	8.58	7.9	8.0	1954
08.02.2022 00:00	8.38	8.38	7.94	8.14	529
09.02.2022 00:00	8.18	8.18	7.94	8.06	537
10.02.2022 00:00	8.02	8.06	7.7	7.9	1661
11.02.2022 00:00	7.98	7.98	7.86	7.9	491
14.02.2022 00:00	7.86	7.9	7.74	7.9	409
15.02.2022 00:00	7.9	8.06	7.82	7.86	654
16.02.2022 00:00	7.92	8.58	7.92	8.16	2598
17.02.2022 00:00	8.14	8.18	8.02	8.14	572
18.02.2022 00:00	8.14	8.42	7.6000000000000005	7.62	2447
21.02.2022 00:00	7.78	7.98	6.82	6.82	5240
22.02.2022 00:00	6.82	6.82	5.86	6.74	9178
24.02.2022 00:00	6.24	6.58	4.04	5.24	8282
25.02.2022 00:00	5.0	6.36	5.0	6.12	1794
28.03.2022 00:00	5.66	5.98	5.24	5.66	1896
29.03.2022 00:00	5.66	6.08	5.32	5.78	2385
30.03.2022 00:00	5.82	6.4	5.58	6.0200000000000005	1911
31.03.2022 00:00	6.0	6.98	6.0	6.5600000000000005	3074
01.04.2022 00:00	6.5600000000000005	7.2	6.5600000000000005	7.0	3010
04.04.2022 00:00	7.0200000000000005	7.0600000000000005	6.9	6.98	1120
05.04.2022 00:00	6.94	7.0200000000000005	6.78	6.86	2699
06.04.2022 00:00	6.78	7.04	6.7	6.94	1876
07.04.2022 00:00	6.94	6.98	6.7	6.82	925
08.04.2022 00:00	6.82	8.9	6.74	7.36	37932
11.04.2022 00:00	7.82	7.82	6.5600000000000005	6.9	13856
12.04.2022 00:00	6.82	6.9	6.4	6.78	4279
13.04.2022 00:00	6.78	6.86	6.48	6.7	2436
14.04.2022 00:00	6.86	6.86	6.48	6.6000000000000005	3823
15.04.2022 00:00	6.62	6.66	6.44	6.5	1275
18.04.2022 00:00	6.48	6.58	6.4	6.44	1126
19.04.2022 00:00	6.48	6.48	6.08	6.36	1881
20.04.2022 00:00	6.4	7.28	6.24	6.36	6008
21.04.2022 00:00	6.36	6.48	6.2	6.36	1771
22.04.2022 00:00	6.36	6.6000000000000005	6.28	6.36	1777
25.04.2022 00:00	6.36	6.62	6.1000000000000005	6.28	2468
26.04.2022 00:00	6.32	6.32	6.2	6.24	1072
27.04.2022 00:00	6.28	6.48	6.24	6.44	1471
28.04.2022 00:00	6.4	6.5600000000000005	6.32	6.32	832
29.04.2022 00:00	6.5600000000000005	6.5600000000000005	6.36	6.4	548
04.05.2022 00:00	6.58	6.58	6.28	6.36	418
05.05.2022 00:00	6.36	6.4	6.2	6.32	536
06.05.2022 00:00	6.28	6.28	6.16	6.2	930
11.05.2022 00:00	6.24	6.24	6.16	6.2	529
12.05.2022 00:00	6.2	6.2	6.0	6.08	505
13.05.2022 00:00	6.1000000000000005	6.32	5.98	6.04	1338
16.05.2022 00:00	6.1000000000000005	6.16	5.9	6.12	1004
17.05.2022 00:00	6.2	6.32	6.0	6.2	1971
18.05.2022 00:00	6.2	6.28	5.98	6.16	1377
19.05.2022 00:00	6.16	6.48	5.98	6.0600000000000005	1825
20.05.2022 00:00	6.08	6.32	6.0	6.08	710
23.05.2022 00:00	6.0200000000000005	6.08	5.98	6.0200000000000005	503
24.05.2022 00:00	6.04	6.0600000000000005	5.9	5.94	425
25.05.2022 00:00	5.9	5.98	5.9	5.94	1022
26.05.2022 00:00	5.98	5.98	5.9	5.98	1011
27.05.2022 00:00	5.98	6.16	5.92	6.0	2437
30.05.2022 00:00	6.0200000000000005	6.08	5.9	5.98	429
31.05.2022 00:00	5.98	8.38	5.9	8.14	62636
01.06.2022 00:00	7.78	7.94	7.1000000000000005	7.24	15643
02.06.2022 00:00	7.5600000000000005	9.26	7.4	8.72	86254
03.06.2022 00:00	9.02	9.18	8.56	8.82	29933
06.06.2022 00:00	8.92	9.06	8.68	8.8	5193
07.06.2022 00:00	8.8	8.9	8.56	8.8	4552
08.06.2022 00:00	8.74	9.1	8.74	9.06	5151
09.06.2022 00:00	9.08	9.26	8.58	8.9	5344
10.06.2022 00:00	9.02	9.02	8.74	8.9	2134
14.06.2022 00:00	8.88	9.06	8.76	8.98	5050
15.06.2022 00:00	8.98	9.16	8.98	9.14	5935
16.06.2022 00:00	9.14	9.98	9.08	9.48	19908
17.06.2022 00:00	9.58	9.96	9.42	9.82	12895
20.06.2022 00:00	9.88	10.3	9.88	10.1	15983
21.06.2022 00:00	10.18	10.96	10.18	10.72	23122
22.06.2022 00:00	10.8	10.9	9.8	10.24	13330
23.06.2022 00:00	10.26	10.34	9.72	10.0	12780
24.06.2022 00:00	9.98	10.42	9.98	10.22	10026
27.06.2022 00:00	10.48	10.56	10.22	10.4	9152
28.06.2022 00:00	10.46	10.48	10.0	10.22	4541
29.06.2022 00:00	10.22	10.76	10.02	10.6	17146
30.06.2022 00:00	10.14	10.56	9.06	10.22	20168
01.07.2022 00:00	9.18	9.18	7.98	8.08	34044
04.07.2022 00:00	7.98	8.1	7.28	7.44	15212
05.07.2022 00:00	7.44	7.5200000000000005	7.0200000000000005	7.36	10594
06.07.2022 00:00	7.5200000000000005	7.5200000000000005	6.94	7.16	8986
07.07.2022 00:00	7.2	7.2	6.98	7.04	4720
08.07.2022 00:00	7.08	7.140000000000001	6.82	6.9	4554
11.07.2022 00:00	6.9	6.9	6.62	6.74	3038
12.07.2022 00:00	6.74	6.74	6.4	6.6000000000000005	3691
13.07.2022 00:00	6.6000000000000005	6.66	6.36	6.4	1750
14.07.2022 00:00	6.4	6.48	6.36	6.4	1103
15.07.2022 00:00	6.48	6.48	6.32	6.36	1759
18.07.2022 00:00	6.36	6.44	5.9	6.2	10008
19.07.2022 00:00	6.2	7.36	6.0	6.5200000000000005	26786
20.07.2022 00:00	6.5600000000000005	6.98	6.4	6.66	6143
21.07.2022 00:00	6.74	6.74	6.5600000000000005	6.6000000000000005	2698
22.07.2022 00:00	6.66	6.78	6.4	6.44	4759
25.07.2022 00:00	6.4	6.48	6.32	6.44	1896
26.07.2022 00:00	6.48	6.5200000000000005	6.36	6.5	1232
27.07.2022 00:00	6.5200000000000005	7.48	6.5	7.0600000000000005	16364
28.07.2022 00:00	7.2	7.44	7.1000000000000005	7.24	12139
29.07.2022 00:00	7.2	7.48	7.0200000000000005	7.1000000000000005	4864
01.08.2022 00:00	7.140000000000001	7.32	6.98	7.140000000000001	3071
02.08.2022 00:00	7.140000000000001	7.2	7.0600000000000005	7.08	707
03.08.2022 00:00	7.0600000000000005	7.1000000000000005	6.86	6.94	1455
04.08.2022 00:00	6.98	7.04	6.86	6.9	648
05.08.2022 00:00	6.86	6.92	6.2	6.5600000000000005	7754
08.08.2022 00:00	6.58	6.78	6.5600000000000005	6.66	1322
09.08.2022 00:00	6.62	6.66	6.4	6.58	2215
10.08.2022 00:00	6.6000000000000005	6.7	6.58	6.6000000000000005	983
11.08.2022 00:00	6.5600000000000005	6.66	6.5600000000000005	6.5600000000000005	1609
12.08.2022 00:00	6.5	6.66	6.4	6.5600000000000005	1391
15.08.2022 00:00	6.5600000000000005	7.1000000000000005	6.5600000000000005	6.74	3879
16.08.2022 00:00	6.86	6.86	6.6000000000000005	6.74	2373
17.08.2022 00:00	6.74	6.78	6.62	6.7	1561
18.08.2022 00:00	6.7	6.74	6.7	6.74	546
19.08.2022 00:00	6.74	6.74	6.58	6.74	1183
22.08.2022 00:00	6.78	6.78	6.66	6.74	1230
23.08.2022 00:00	6.74	6.78	6.66	6.7	1969
24.08.2022 00:00	6.74	6.74	6.66	6.74	693
25.08.2022 00:00	6.7	6.78	6.7	6.74	1102
26.08.2022 00:00	6.74	6.74	6.7	6.74	867
29.08.2022 00:00	6.74	6.94	6.66	6.82	4103
30.08.2022 00:00	6.86	7.0	6.74	6.78	2351
31.08.2022 00:00	6.74	6.82	6.7	6.74	1767
01.09.2022 00:00	6.66	6.98	6.62	6.9	3227
02.09.2022 00:00	6.9	7.0	6.82	6.9	2213
05.09.2022 00:00	6.92	7.98	6.86	7.44	17896
06.09.2022 00:00	7.44	7.48	6.94	7.2	6642
07.09.2022 00:00	7.12	7.36	7.04	7.2	1857
08.09.2022 00:00	7.12	7.48	7.04	7.1000000000000005	2193
09.09.2022 00:00	7.16	7.6000000000000005	7.08	7.2	6072
12.09.2022 00:00	7.24	7.28	7.0200000000000005	7.2	2071
13.09.2022 00:00	7.24	7.9	7.08	7.2	18196
14.09.2022 00:00	7.2	7.32	7.04	7.140000000000001	3724
15.09.2022 00:00	7.44	7.44	7.140000000000001	7.2	749
16.09.2022 00:00	7.24	7.36	7.16	7.16	2146
19.09.2022 00:00	7.16	7.48	7.08	7.48	4577
20.09.2022 00:00	7.48	7.48	7.08	7.08	6627
21.09.2022 00:00	6.98	7.0600000000000005	6.48	6.7	4972
22.09.2022 00:00	6.74	6.9	6.5600000000000005	6.86	1528
23.09.2022 00:00	6.78	6.9	6.4	6.5600000000000005	1812
26.09.2022 00:00	5.9	6.5600000000000005	5.58	5.98	8818
27.09.2022 00:00	6.0	6.2	5.9	6.0	1441
28.09.2022 00:00	6.0200000000000005	6.16	6.0200000000000005	6.0200000000000005	1013
29.09.2022 00:00	6.04	6.12	5.86	5.86	1089
30.09.2022 00:00	5.92	6.0200000000000005	5.58	5.82	2969
03.10.2022 00:00	5.94	6.0600000000000005	5.74	6.04	3436
04.10.2022 00:00	6.0200000000000005	6.16	5.9	5.98	1686
05.10.2022 00:00	5.98	6.16	5.78	5.9	1462
06.10.2022 00:00	5.9	5.98	5.86	5.94	551
07.10.2022 00:00	5.94	5.98	5.78	5.78	2077
10.10.2022 00:00	5.78	5.9	5.7	5.86	1472
11.10.2022 00:00	5.82	6.16	5.74	5.86	3491
12.10.2022 00:00	5.86	5.98	5.82	5.9	1319
13.10.2022 00:00	5.98	5.98	5.86	5.92	1570
14.10.2022 00:00	5.92	6.08	5.92	6.0	2725
17.10.2022 00:00	6.04	6.2	5.98	6.16	3838
18.10.2022 00:00	6.2	6.2	5.98	6.08	2780
19.10.2022 00:00	6.0600000000000005	6.0600000000000005	5.98	6.0	606
20.10.2022 00:00	6.0200000000000005	6.0600000000000005	6.0	6.04	694
21.10.2022 00:00	6.0	6.0600000000000005	5.98	6.04	239
24.10.2022 00:00	6.04	6.16	6.0200000000000005	6.16	1469
25.10.2022 00:00	6.16	6.4	6.12	6.32	2483
26.10.2022 00:00	6.32	6.48	6.28	6.4	1286
27.10.2022 00:00	6.48	6.5600000000000005	6.44	6.5200000000000005	1652
28.10.2022 00:00	6.5600000000000005	6.58	6.4	6.5	1538
31.10.2022 00:00	6.5600000000000005	6.5600000000000005	6.36	6.44	925
01.11.2022 00:00	6.44	6.44	6.32	6.36	826
02.11.2022 00:00	6.44	6.44	6.28	6.36	555
03.11.2022 00:00	6.32	6.6000000000000005	6.28	6.4	1828
07.11.2022 00:00	6.44	6.44	6.36	6.44	696
08.11.2022 00:00	6.44	6.44	6.36	6.4	736
09.11.2022 00:00	6.44	6.44	6.32	6.32	373
10.11.2022 00:00	6.32	6.4	6.32	6.4	418
11.11.2022 00:00	6.4	6.48	6.4	6.44	930
14.11.2022 00:00	6.48	6.58	6.36	6.5	1362
15.11.2022 00:00	6.7	6.7	6.32	6.4	2158
16.11.2022 00:00	6.4	6.44	6.36	6.44	790
17.11.2022 00:00	6.44	6.7	6.4	6.48	3967
18.11.2022 00:00	6.44	6.5	6.24	6.4	4075
21.11.2022 00:00	6.36	6.44	6.28	6.36	1628
22.11.2022 00:00	6.32	6.36	6.28	6.36	307
23.11.2022 00:00	6.36	6.44	6.28	6.4	1052
24.11.2022 00:00	6.4	7.6000000000000005	6.36	6.98	70440
25.11.2022 00:00	7.0	7.36	6.48	6.82	17065
28.11.2022 00:00	6.9	6.9	6.48	6.5600000000000005	5781
29.11.2022 00:00	6.5600000000000005	6.78	6.5600000000000005	6.66	7358
30.11.2022 00:00	6.78	6.82	6.44	6.58	4194
01.12.2022 00:00	6.58	6.86	6.5200000000000005	6.58	5397
02.12.2022 00:00	6.6000000000000005	7.16	6.5600000000000005	6.9	22238
05.12.2022 00:00	6.82	7.12	6.5600000000000005	6.82	8418
06.12.2022 00:00	6.78	6.86	6.7	6.74	2606
07.12.2022 00:00	6.74	6.82	6.5	6.62	3991
08.12.2022 00:00	6.66	6.7	6.4	6.5	5405
09.12.2022 00:00	6.48	6.5	6.4	6.44	1945
12.12.2022 00:00	6.48	6.7	6.4	6.5	4179
13.12.2022 00:00	6.5600000000000005	6.7	6.32	6.48	5252
14.12.2022 00:00	6.48	6.5600000000000005	6.4	6.48	1709
15.12.2022 00:00	6.48	6.7	6.36	6.4	3890
16.12.2022 00:00	6.4	6.6000000000000005	6.36	6.44	3385
19.12.2022 00:00	6.44	6.6000000000000005	6.36	6.44	5037
20.12.2022 00:00	6.48	8.98	6.48	8.98	177394
21.12.2022 00:00	9.9	11.48	9.14	9.32	314096
22.12.2022 00:00	9.32	9.64	7.44	7.7	139089
23.12.2022 00:00	7.7	8.14	7.28	7.44	34334
26.12.2022 00:00	7.48	8.3	7.36	7.58	94935
27.12.2022 00:00	7.58	7.82	7.4	7.48	15886
28.12.2022 00:00	7.5200000000000005	7.5600000000000005	7.08	7.12	15160
29.12.2022 00:00	7.140000000000001	7.5600000000000005	7.0200000000000005	7.32	18691
30.12.2022 00:00	7.32	7.36	7.12	7.24	6122
03.01.2023 00:00	7.28	7.74	7.2	7.36	20803
04.01.2023 00:00	7.48	8.14	7.36	7.5600000000000005	49691
05.01.2023 00:00	7.58	7.66	7.36	7.44	7177
06.01.2023 00:00	7.4	7.62	7.24	7.44	8398
09.01.2023 00:00	7.48	7.86	7.32	7.6000000000000005	27164
10.01.2023 00:00	7.62	9.82	7.48	8.82	175016
11.01.2023 00:00	8.82	9.06	7.94	8.3	54351
12.01.2023 00:00	8.48	8.48	8.18	8.38	13475
13.01.2023 00:00	8.4	8.68	8.3	8.4	12283
16.01.2023 00:00	8.64	8.64	8.34	8.4	6566
17.01.2023 00:00	8.4	8.56	8.1	8.22	17234
18.01.2023 00:00	8.22	8.38	8.1	8.3	9002
19.01.2023 00:00	8.3	8.4	8.24	8.32	6083
20.01.2023 00:00	8.32	8.48	8.24	8.26	2724
23.01.2023 00:00	8.34	8.92	8.24	8.4	39677
24.01.2023 00:00	8.48	8.56	8.14	8.4	7221
25.01.2023 00:00	8.46	8.98	8.38	8.64	30332
26.01.2023 00:00	8.66	8.8	8.32	8.48	10631
27.01.2023 00:00	8.4	8.64	8.32	8.4	9111
30.01.2023 00:00	8.34	8.56	8.34	8.42	6011
31.01.2023 00:00	8.46	8.64	8.42	8.5	7948
01.02.2023 00:00	8.58	9.16	8.48	8.72	50893
02.02.2023 00:00	8.74	8.9	8.48	8.56	16980
03.02.2023 00:00	8.6	10.76	8.56	9.92	484068
06.02.2023 00:00	10.48	10.98	9.88	10.14	213796
07.02.2023 00:00	10.22	10.24	9.76	9.98	32741
08.02.2023 00:00	9.98	10.14	9.74	9.88	18758
09.02.2023 00:00	9.9	9.9	9.18	9.5	24871
10.02.2023 00:00	9.52	9.56	9.24	9.38	9668
13.02.2023 00:00	9.38	9.9	9.32	9.6	23501
14.02.2023 00:00	9.8	9.82	9.4	9.48	6493
15.02.2023 00:00	9.4	10.3	9.14	9.52	50120
16.02.2023 00:00	9.74	9.82	8.74	9.0	39592
17.02.2023 00:00	9.06	9.48	8.6	9.0	28266
20.02.2023 00:00	8.98	11.16	8.98	9.48	553211
21.02.2023 00:00	9.48	11.82	9.48	11.26	968059
22.02.2023 00:00	11.32	11.38	10.26	10.32	184895
24.02.2023 00:00	10.46	12.66	10.42	11.46	990371
27.02.2023 00:00	11.64	13.48	11.56	13.46	764486
28.02.2023 00:00	14.64	16.2	13.8	15.42	1132991
01.03.2023 00:00	15.68	15.72	14.32	14.56	269640
02.03.2023 00:00	14.48	14.48	13.18	13.88	202078
03.03.2023 00:00	13.9	13.9	13.34	13.48	78892
06.03.2023 00:00	13.58	13.64	13.06	13.4	40072
07.03.2023 00:00	13.48	14.6	13.08	13.8	405594
09.03.2023 00:00	14.0	14.06	13.56	13.72	33831
10.03.2023 00:00	13.6	14.08	13.4	13.58	42310
13.03.2023 00:00	13.88	13.9	13.3	13.42	26214
14.03.2023 00:00	13.48	13.58	12.88	13.06	54483
15.03.2023 00:00	13.14	13.42	12.92	12.98	30153
16.03.2023 00:00	13.02	13.02	12.68	12.82	10672
17.03.2023 00:00	12.92	13.56	12.68	12.9	74102
20.03.2023 00:00	12.68	12.92	12.68	12.82	11894
21.03.2023 00:00	12.9	13.14	12.68	12.92	24056
22.03.2023 00:00	13.18	13.34	12.82	13.06	40879
23.03.2023 00:00	13.1	15.1	13.1	14.64	501427
24.03.2023 00:00	14.4	15.06	13.9	14.22	91132
27.03.2023 00:00	14.64	14.9	14.26	14.58	62314
28.03.2023 00:00	14.9	14.9	14.24	14.48	24500
29.03.2023 00:00	14.56	14.56	14.06	14.24	52013
30.03.2023 00:00	14.42	14.46	13.98	14.18	45036
31.03.2023 00:00	14.24	14.3	13.9	14.0	26098
03.04.2023 00:00	14.34	14.68	13.9	14.68	64210
04.04.2023 00:00	14.98	15.06	14.3	14.34	83653
05.04.2023 00:00	14.5	15.48	14.38	14.56	306860
06.04.2023 00:00	14.56	14.72	14.22	14.4	58803
07.04.2023 00:00	14.64	15.52	14.32	14.48	300432
10.04.2023 00:00	14.96	15.18	14.6	14.96	133812
11.04.2023 00:00	15.0	15.14	14.0	14.5	70673
12.04.2023 00:00	14.56	14.72	14.3	14.6	17684
13.04.2023 00:00	14.6	15.06	14.48	14.56	44841
14.04.2023 00:00	14.56	14.76	14.52	14.58	12656
17.04.2023 00:00	14.72	14.72	14.52	14.64	14009
18.04.2023 00:00	14.64	14.9	14.56	14.72	39662
19.04.2023 00:00	14.74	14.88	14.0	14.4	24944
20.04.2023 00:00	14.48	14.56	14.08	14.3	14352
21.04.2023 00:00	14.42	14.64	14.08	14.22	25511
24.04.2023 00:00	14.3	14.46	14.1	14.26	14808
25.04.2023 00:00	14.4	14.4	14.08	14.16	10527
26.04.2023 00:00	14.1	14.4	13.98	14.22	19727
27.04.2023 00:00	14.26	14.26	13.98	14.06	14656
28.04.2023 00:00	14.14	14.26	13.72	13.9	24941
02.05.2023 00:00	13.84	13.92	11.5	12.6	46928
03.05.2023 00:00	12.8	12.9	11.58	11.98	43946
04.05.2023 00:00	11.96	13.76	11.8	12.66	98531
05.05.2023 00:00	12.72	13.9	12.72	12.96	105766
08.05.2023 00:00	13.14	13.22	12.52	12.6	9710
10.05.2023 00:00	12.74	13.8	12.66	13.42	61160
11.05.2023 00:00	13.42	13.9	13.32	13.46	24324
12.05.2023 00:00	13.3	13.5	13.08	13.14	11634
15.05.2023 00:00	13.16	13.56	13.14	13.32	15546
16.05.2023 00:00	13.22	13.64	12.92	13.34	33924
17.05.2023 00:00	13.24	13.8	13.24	13.52	53728
18.05.2023 00:00	13.56	13.64	13.3	13.48	10578
19.05.2023 00:00	13.32	13.56	13.24	13.32	7438
22.05.2023 00:00	13.42	13.42	13.1	13.16	3341
23.05.2023 00:00	13.22	13.22	12.42	12.96	17206
24.05.2023 00:00	12.96	13.58	12.82	13.38	33811
25.05.2023 00:00	13.4	13.4	12.98	13.08	5115
26.05.2023 00:00	13.1	13.48	13.06	13.24	16648
29.05.2023 00:00	13.34	13.48	13.1	13.16	17793
30.05.2023 00:00	13.16	13.24	12.8	12.9	13804
31.05.2023 00:00	12.96	12.96	12.56	12.76	6791
01.06.2023 00:00	12.76	12.9	12.68	12.9	7887
02.06.2023 00:00	12.68	12.9	12.52	12.76	7847
05.06.2023 00:00	12.76	12.8	12.52	12.72	5894
06.06.2023 00:00	12.8	12.82	12.56	12.66	5301
07.06.2023 00:00	12.72	12.8	12.6	12.72	2217
08.06.2023 00:00	12.72	12.74	12.48	12.72	8490
09.06.2023 00:00	12.72	12.76	12.52	12.64	5799
13.06.2023 00:00	12.56	12.82	12.56	12.72	5160
14.06.2023 00:00	12.82	12.82	12.66	12.72	8148
15.06.2023 00:00	12.72	13.48	12.68	12.9	50883
16.06.2023 00:00	12.84	13.02	12.6	12.76	16348
19.06.2023 00:00	12.76	12.82	12.64	12.72	9827
20.06.2023 00:00	12.74	12.74	12.58	12.64	9589
21.06.2023 00:00	12.68	12.92	12.6	12.64	10263
22.06.2023 00:00	12.68	12.9	12.66	12.72	11146
23.06.2023 00:00	12.72	12.74	12.48	12.6	8593
26.06.2023 00:00	12.3	12.66	12.3	12.42	10260
27.06.2023 00:00	12.5	12.8	12.38	12.58	13761
28.06.2023 00:00	12.74	12.74	12.48	12.56	8538
29.06.2023 00:00	12.52	12.58	12.42	12.48	3905
30.06.2023 00:00	12.48	12.48	12.32	12.32	6455
03.07.2023 00:00	12.32	12.38	12.06	12.14	7499
04.07.2023 00:00	12.14	12.26	12.06	12.08	3834
05.07.2023 00:00	12.06	12.3	11.98	12.18	7268
06.07.2023 00:00	12.22	12.24	12.06	12.1	3679
07.07.2023 00:00	12.14	12.4	12.1	12.18	6816
10.07.2023 00:00	12.18	12.3	12.08	12.16	4660
11.07.2023 00:00	12.24	12.24	12.14	12.16	2825
12.07.2023 00:00	12.22	12.32	12.16	12.22	5432
13.07.2023 00:00	12.22	12.3	12.02	12.16	6053
14.07.2023 00:00	12.26	12.38	12.1	12.22	7656
17.07.2023 00:00	12.22	12.5	12.14	12.32	10518
18.07.2023 00:00	12.4	12.46	12.22	12.4	12957
19.07.2023 00:00	12.46	13.42	12.24	13.18	75532
20.07.2023 00:00	13.22	13.4	12.5	12.74	38363
21.07.2023 00:00	12.52	12.82	12.48	12.68	10954
24.07.2023 00:00	12.98	14.6	12.96	13.48	427652
25.07.2023 00:00	13.72	13.72	13.06	13.32	59981
26.07.2023 00:00	13.34	13.58	13.14	13.4	33076
27.07.2023 00:00	13.48	13.72	13.18	13.32	41108
28.07.2023 00:00	13.32	13.34	13.18	13.24	11325
31.07.2023 00:00	13.3	13.66	13.24	13.48	39566
01.08.2023 00:00	13.58	13.74	13.4	13.46	23600
02.08.2023 00:00	13.5	13.56	13.32	13.4	16067
03.08.2023 00:00	13.46	13.48	13.26	13.4	12460
04.08.2023 00:00	13.48	13.9	13.22	13.32	48810
07.08.2023 00:00	13.32	14.08	13.32	13.64	66152
08.08.2023 00:00	13.64	13.68	13.4	13.56	16435
09.08.2023 00:00	13.56	14.18	13.56	13.9	50281
10.08.2023 00:00	14.48	15.74	14.1	14.82	312523
11.08.2023 00:00	15.26	16.54	14.98	15.88	300542
14.08.2023 00:00	15.96	16.56	15.0	15.1	121144
15.08.2023 00:00	14.9	15.24	13.48	14.72	139489
16.08.2023 00:00	15.48	15.48	13.72	14.26	66219
17.08.2023 00:00	14.3	15.96	14.3	15.72	221566
18.08.2023 00:00	15.58	15.64	14.74	14.96	43274
21.08.2023 00:00	15.58	15.8	14.58	15.32	92057
22.08.2023 00:00	15.4	15.46	14.98	15.08	18437
23.08.2023 00:00	15.1	15.3	14.52	14.76	34942
24.08.2023 00:00	14.72	15.0	14.6	14.74	9060
25.08.2023 00:00	14.96	14.98	14.74	14.8	8338
28.08.2023 00:00	14.96	15.58	14.8	15.46	54383
29.08.2023 00:00	15.58	15.8	15.0	15.18	44606
30.08.2023 00:00	15.16	15.56	14.98	15.06	25934
31.08.2023 00:00	15.18	15.6	14.98	15.18	45422
01.09.2023 00:00	15.3	15.3	15.0	15.14	14307
04.09.2023 00:00	15.14	17.26	15.0	16.84	490247
05.09.2023 00:00	16.92	17.48	15.68	16.64	153793
06.09.2023 00:00	16.68	16.82	15.72	16.14	44127
07.09.2023 00:00	16.02	16.78	14.98	15.4	106752
08.09.2023 00:00	15.58	15.8	14.68	15.18	47931
11.09.2023 00:00	15.3	16.3	14.72	15.18	29336
12.09.2023 00:00	15.3	16.66	15.06	16.02	98784
13.09.2023 00:00	16.04	16.36	15.38	15.46	25864
14.09.2023 00:00	15.6	15.68	12.16	13.92	82998
15.09.2023 00:00	13.92	14.88	13.32	14.64	47405
18.09.2023 00:00	14.88	15.16	14.22	14.46	21096
19.09.2023 00:00	14.5	15.46	13.72	14.06	66110
20.09.2023 00:00	13.84	14.06	12.34	13.22	52969
21.09.2023 00:00	12.98	14.4	12.98	13.8	140646
22.09.2023 00:00	13.9	14.08	13.22	13.96	18602
25.09.2023 00:00	13.98	14.5	13.76	13.9	48184
26.09.2023 00:00	13.82	14.18	13.68	13.96	17787
27.09.2023 00:00	13.98	14.5	13.9	14.18	27362
28.09.2023 00:00	14.22	14.84	14.08	14.56	83256
29.09.2023 00:00	14.68	14.74	14.14	14.24	15488
02.10.2023 00:00	14.42	14.42	14.06	14.08	6903
03.10.2023 00:00	14.08	14.08	13.48	13.84	16066
04.10.2023 00:00	13.9	13.98	13.8	13.84	6135
05.10.2023 00:00	13.8	14.14	13.76	13.8	11402
06.10.2023 00:00	13.84	13.88	13.52	13.6	6400
09.10.2023 00:00	13.68	13.84	13.6	13.74	5841
10.10.2023 00:00	13.72	14.02	13.68	13.76	11695
11.10.2023 00:00	13.66	14.22	13.66	13.96	26075
12.10.2023 00:00	13.52	13.82	13.22	13.6	11534
13.10.2023 00:00	13.6	13.72	13.48	13.56	4700
16.10.2023 00:00	13.46	13.98	13.46	13.68	16358
17.10.2023 00:00	13.6	13.96	13.58	13.72	24115
18.10.2023 00:00	13.58	13.8	13.58	13.6	6323
19.10.2023 00:00	13.58	13.72	13.48	13.58	6048
20.10.2023 00:00	13.64	13.64	13.46	13.46	4426
23.10.2023 00:00	13.46	13.64	13.46	13.48	4585
24.10.2023 00:00	13.56	13.64	13.4	13.48	4283
25.10.2023 00:00	13.66	14.02	13.46	13.8	31631
26.10.2023 00:00	13.82	13.82	13.52	13.56	5773
27.10.2023 00:00	13.64	13.64	12.98	13.4	15941
30.10.2023 00:00	13.4	13.5	13.32	13.32	5410
31.10.2023 00:00	13.4	13.4	13.1	13.16	5472
01.11.2023 00:00	13.22	13.3	13.02	13.22	2580
02.11.2023 00:00	13.3	13.34	13.18	13.18	3053
03.11.2023 00:00	13.26	13.3	13.1	13.1	2914
06.11.2023 00:00	13.1	13.38	13.1	13.18	1270
07.11.2023 00:00	13.18	13.4	13.14	13.18	8083
08.11.2023 00:00	13.24	13.3	13.16	13.18	3285
09.11.2023 00:00	13.22	13.3	13.08	13.08	4041
10.11.2023 00:00	12.98	13.16	12.4	12.68	11096
13.11.2023 00:00	12.66	12.68	12.0	12.06	15564
14.11.2023 00:00	12.02	12.08	10.58	11.22	24969
15.11.2023 00:00	11.1	12.16	10.84	11.9	18513
16.11.2023 00:00	11.84	12.16	11.8	12.06	15229
17.11.2023 00:00	12.02	12.06	11.64	11.9	3890
20.11.2023 00:00	11.9	12.38	11.82	12.3	12357
21.11.2023 00:00	12.4	12.56	11.92	11.98	14466
22.11.2023 00:00	12.16	12.98	11.96	12.56	46710
23.11.2023 00:00	12.88	13.56	12.08	12.8	36475
24.11.2023 00:00	13.18	13.32	12.58	12.72	21430
27.11.2023 00:00	12.9	13.1	12.16	12.32	18160
28.11.2023 00:00	12.46	12.46	11.4	11.88	46437
29.11.2023 00:00	11.9	12.42	11.72	11.9	19614
30.11.2023 00:00	12.06	12.16	11.46	11.56	7826
01.12.2023 00:00	11.56	11.72	11.08	11.08	7712
04.12.2023 00:00	11.02	11.08	10.66	10.74	8513
05.12.2023 00:00	10.72	10.9	9.88	10.68	22602
06.12.2023 00:00	10.56	10.84	10.18	10.3	8730
07.12.2023 00:00	10.3	10.32	9.74	10.06	6409
08.12.2023 00:00	10.06	10.46	10.0	10.1	5640
11.12.2023 00:00	10.08	10.4	9.96	10.3	8875
12.12.2023 00:00	10.26	10.56	10.14	10.34	8594
13.12.2023 00:00	10.4	11.14	10.26	10.74	19212
14.12.2023 00:00	10.8	11.06	10.4	10.46	4955
15.12.2023 00:00	10.48	11.14	10.02	10.84	17000
18.12.2023 00:00	10.98	11.38	10.8	11.32	13146
19.12.2023 00:00	11.32	11.64	10.98	11.14	19383
20.12.2023 00:00	11.4	11.4	11.08	11.24	7403
21.12.2023 00:00	11.3	11.64	10.98	11.16	15555
22.12.2023 00:00	11.16	11.48	11.0	11.02	11164
25.12.2023 00:00	11.14	11.32	10.98	11.06	6194
26.12.2023 00:00	11.06	11.22	10.82	10.9	10508
27.12.2023 00:00	11.0	11.48	10.88	11.18	35657
28.12.2023 00:00	11.02	11.32	10.98	11.02	9097
29.12.2023 00:00	11.02	11.3	10.66	10.68	23039
03.01.2024 00:00	10.82	12.82	10.82	12.64	169035
04.01.2024 00:00	12.68	12.76	12.02	12.08	84495
05.01.2024 00:00	12.18	12.18	11.84	11.9	16012
08.01.2024 00:00	11.9	12.34	11.9	12.06	22364
09.01.2024 00:00	12.08	12.14	11.92	12.08	8794
10.01.2024 00:00	12.06	12.66	12.02	12.4	31150
11.01.2024 00:00	12.5	12.5	12.08	12.24	12915
12.01.2024 00:00	12.24	12.58	12.22	12.3	14433
15.01.2024 00:00	12.32	13.16	12.32	12.6	83251
16.01.2024 00:00	12.64	12.68	12.3	12.32	18639
17.01.2024 00:00	12.4	13.06	12.32	12.82	63492
18.01.2024 00:00	12.92	12.98	12.56	12.76	11760
19.01.2024 00:00	12.76	12.82	12.4	12.56	9340
22.01.2024 00:00	12.58	13.08	12.56	12.72	22829
23.01.2024 00:00	12.72	12.84	12.66	12.74	6071
24.01.2024 00:00	12.98	13.3	12.74	13.0	53745
25.01.2024 00:00	13.14	13.18	12.64	12.88	16177
26.01.2024 00:00	12.88	12.9	12.64	12.72	7687
29.01.2024 00:00	12.82	12.96	12.72	12.76	4868
30.01.2024 00:00	12.8	12.92	12.64	12.68	4228
31.01.2024 00:00	12.68	12.74	12.48	12.56	5265
01.02.2024 00:00	12.58	13.18	12.32	12.68	38733
02.02.2024 00:00	12.72	12.72	12.5	12.56	6444
05.02.2024 00:00	12.58	12.76	12.46	12.64	6043
06.02.2024 00:00	12.64	12.88	12.64	12.72	7636
07.02.2024 00:00	12.72	12.98	12.68	12.88	18414
08.02.2024 00:00	12.82	12.88	12.58	12.6	8171
09.02.2024 00:00	13.02	13.4	12.68	12.68	76281
12.02.2024 00:00	12.68	12.8	12.26	12.5	17806
13.02.2024 00:00	12.5	12.66	12.24	12.34	11741
14.02.2024 00:00	12.34	12.5	12.26	12.32	11638
15.02.2024 00:00	12.46	12.6	12.32	12.38	13357
16.02.2024 00:00	12.48	12.66	12.3	12.32	14449
19.02.2024 00:00	12.08	12.3	12.06	12.1	8285
20.02.2024 00:00	12.22	12.22	11.66	11.96	14754
21.02.2024 00:00	11.96	11.96	11.06	11.24	13869
22.02.2024 00:00	11.4	11.64	11.3	11.4	5914
26.02.2024 00:00	11.72	12.1	11.42	11.9	17217
27.02.2024 00:00	11.98	12.32	11.88	11.98	16564
28.02.2024 00:00	11.9	12.06	11.64	11.82	5606
29.02.2024 00:00	11.8	11.92	11.64	11.72	4797
01.03.2024 00:00	11.82	12.18	11.72	11.8	11183
04.03.2024 00:00	11.88	12.38	11.68	11.82	18358
05.03.2024 00:00	11.64	11.9	11.64	11.8	2696
06.03.2024 00:00	11.84	12.18	11.76	11.98	9973
07.03.2024 00:00	12.1	12.1	11.82	11.82	2483
11.03.2024 00:00	11.82	12.0	11.82	11.9	1522
12.03.2024 00:00	11.9	12.3	11.82	11.9	30863
13.03.2024 00:00	11.96	12.08	11.82	11.88	8423
14.03.2024 00:00	11.9	12.14	11.72	11.82	15670
15.03.2024 00:00	11.8	11.9	11.76	11.8	2487
18.03.2024 00:00	11.82	11.9	11.5	11.72	5785
19.03.2024 00:00	11.6	11.72	11.4	11.48	5199
20.03.2024 00:00	11.52	11.66	11.3	11.4	9070
21.03.2024 00:00	11.46	11.96	11.38	11.52	6495
22.03.2024 00:00	11.48	11.64	11.46	11.5	2060
25.03.2024 00:00	11.48	11.56	11.32	11.5	2079
26.03.2024 00:00	11.48	11.82	11.48	11.72	7573
27.03.2024 00:00	11.8	11.9	11.56	11.64	2756
28.03.2024 00:00	11.64	11.74	11.4	11.48	5271
29.03.2024 00:00	11.46	11.56	11.4	11.52	2955
01.04.2024 00:00	11.6	11.72	11.52	11.68	5530
02.04.2024 00:00	11.72	11.76	11.58	11.64	3263
03.04.2024 00:00	11.66	11.8	11.64	11.72	4517
04.04.2024 00:00	11.8	11.8	11.64	11.72	2140
05.04.2024 00:00	11.72	11.88	11.6	11.76	5067
08.04.2024 00:00	11.8	11.92	11.72	11.88	7951
09.04.2024 00:00	11.88	12.14	11.8	11.88	13301
10.04.2024 00:00	11.88	11.92	11.72	11.82	3000
11.04.2024 00:00	11.72	11.88	11.58	11.68	5057
12.04.2024 00:00	11.68	11.72	11.56	11.6	6999
15.04.2024 00:00	11.6	11.96	11.56	11.74	11491
16.04.2024 00:00	11.72	11.76	11.64	11.64	3088
17.04.2024 00:00	11.64	11.64	11.26	11.5	8921
18.04.2024 00:00	11.56	11.64	11.48	11.52	3017
19.04.2024 00:00	11.56	11.64	11.5	11.52	3459
22.04.2024 00:00	11.58	11.98	11.58	11.74	8751
23.04.2024 00:00	11.8	12.18	11.64	11.66	38685
24.04.2024 00:00	11.66	11.9	11.6	11.68	6493
25.04.2024 00:00	11.82	11.82	11.48	11.64	7524
26.04.2024 00:00	11.52	11.72	11.48	11.56	3021
27.04.2024 00:00	11.5	11.68	11.5	11.56	1165
29.04.2024 00:00	11.64	11.76	11.56	11.72	1321
30.04.2024 00:00	11.66	11.72	11.5	11.66	1865
02.05.2024 00:00	11.64	11.98	11.6	11.68	13059
03.05.2024 00:00	11.68	11.76	11.66	11.74	1658
06.05.2024 00:00	11.84	11.9	11.58	11.64	2779
07.05.2024 00:00	11.72	11.72	11.56	11.64	1797
08.05.2024 00:00	11.72	11.72	11.56	11.6	1394
10.05.2024 00:00	11.64	11.96	11.64	11.72	4693
13.05.2024 00:00	11.74	11.9	11.64	11.64	3000
14.05.2024 00:00	11.68	11.76	11.64	11.72	1724
15.05.2024 00:00	11.68	11.72	11.58	11.6	3019
16.05.2024 00:00	11.64	11.66	11.52	11.66	2271
17.05.2024 00:00	11.66	11.84	11.52	11.56	6415
20.05.2024 00:00	11.6	11.68	11.4	11.5	6686
21.05.2024 00:00	11.56	11.58	11.14	11.24	5783
22.05.2024 00:00	11.24	11.56	11.24	11.46	6600
23.05.2024 00:00	11.48	11.72	10.98	11.14	12000
24.05.2024 00:00	11.02	11.4	11.0	11.06	10665
27.05.2024 00:00	11.22	11.64	10.98	11.02	16220
28.05.2024 00:00	11.06	11.24	10.66	11.06	5708
29.05.2024 00:00	11.14	11.14	10.72	10.82	3490
30.05.2024 00:00	10.84	10.96	10.8	10.82	1497
31.05.2024 00:00	10.68	10.82	10.24	10.32	4656
03.06.2024 00:00	10.4	10.48	9.38	9.88	7339
04.06.2024 00:00	9.98	10.32	9.98	10.32	3593
05.06.2024 00:00	10.24	10.68	10.16	10.38	2953
06.06.2024 00:00	10.34	10.38	10.16	10.18	799
07.06.2024 00:00	10.22	10.64	10.22	10.46	3170
10.06.2024 00:00	10.52	11.26	10.46	10.56	10996
11.06.2024 00:00	10.68	10.72	10.24	10.32	3072
13.06.2024 00:00	10.32	11.48	9.64	11.08	57854
14.06.2024 00:00	11.18	11.4	10.58	10.8	14018
17.06.2024 00:00	10.9	11.0	10.4	10.56	8991
18.06.2024 00:00	10.56	10.56	9.98	10.06	8738
19.06.2024 00:00	10.24	10.3	9.82	9.84	4422
20.06.2024 00:00	9.96	10.1	9.82	9.98	4239
21.06.2024 00:00	10.0	10.14	9.9	9.92	1784
24.06.2024 00:00	9.98	10.0	9.8	9.9	1477
25.06.2024 00:00	9.84	10.14	9.84	9.96	5554
26.06.2024 00:00	9.98	10.4	9.96	10.14	4485
27.06.2024 00:00	10.18	10.3	9.96	10.08	2798
28.06.2024 00:00	10.18	10.4	9.96	10.24	4227
01.07.2024 00:00	10.06	10.24	10.02	10.1	4446
02.07.2024 00:00	10.06	10.26	10.02	10.14	3940
03.07.2024 00:00	10.08	10.14	9.98	10.02	2379
04.07.2024 00:00	10.02	10.06	9.72	9.82	4323
05.07.2024 00:00	9.88	9.88	9.6	9.76	1382
08.07.2024 00:00	9.68	9.9	9.68	9.68	1059
09.07.2024 00:00	9.8	9.84	9.16	9.24	6709
10.07.2024 00:00	9.16	9.16	8.46	8.46	8040
11.07.2024 00:00	8.4	9.24	8.4	8.82	6419
12.07.2024 00:00	8.98	8.98	8.82	8.84	2088
15.07.2024 00:00	8.9	9.02	8.76	8.8	867
16.07.2024 00:00	8.76	8.9	8.46	8.72	3964
17.07.2024 00:00	8.88	9.1	8.6	8.98	4263
18.07.2024 00:00	9.02	9.14	8.88	9.06	2285
19.07.2024 00:00	9.14	9.38	9.06	9.14	5874
22.07.2024 00:00	9.32	9.38	9.14	9.14	2153
23.07.2024 00:00	9.24	9.52	9.14	9.34	6323
24.07.2024 00:00	9.46	9.74	9.4	9.58	6254
25.07.2024 00:00	9.58	9.6	9.3	9.42	3358
26.07.2024 00:00	9.4	9.6	9.06	9.34	5419
29.07.2024 00:00	9.24	9.4	8.98	9.06	2639
30.07.2024 00:00	9.08	9.26	8.98	9.08	3204
31.07.2024 00:00	9.14	9.24	9.06	9.14	1495
01.08.2024 00:00	9.14	9.22	9.06	9.06	1723
02.08.2024 00:00	9.06	9.16	8.82	8.98	4390
05.08.2024 00:00	8.84	8.88	8.72	8.84	2472
06.08.2024 00:00	8.9	9.06	8.76	8.82	1184
07.08.2024 00:00	8.84	8.92	8.72	8.92	2497
08.08.2024 00:00	9.06	9.16	8.64	8.9	3314
09.08.2024 00:00	8.84	8.88	8.72	8.74	1534
12.08.2024 00:00	8.74	8.9	8.64	8.84	2117
13.08.2024 00:00	8.84	9.4	8.84	9.08	15774
14.08.2024 00:00	9.08	9.24	8.92	8.92	3754
15.08.2024 00:00	8.98	9.0	8.82	8.88	2958
16.08.2024 00:00	8.92	9.24	8.82	8.92	6945
19.08.2024 00:00	8.9	9.08	8.8	8.82	2157
20.08.2024 00:00	8.98	9.5	8.9	9.02	17878
21.08.2024 00:00	9.06	9.08	8.84	8.88	2576
22.08.2024 00:00	8.98	9.02	8.74	8.8	2455
23.08.2024 00:00	8.74	8.76	8.48	8.5	3433
26.08.2024 00:00	8.68	8.9	8.68	8.74	2962
27.08.2024 00:00	8.84	9.0	8.72	8.76	2671
28.08.2024 00:00	8.74	8.82	8.64	8.66	1492
29.08.2024 00:00	8.52	8.68	8.52	8.6	438
30.08.2024 00:00	8.58	8.66	8.38	8.4	2325
02.09.2024 00:00	8.38	8.48	7.48	7.78	11001
03.09.2024 00:00	7.74	7.94	7.5600000000000005	7.7	5306
04.09.2024 00:00	7.82	7.92	7.6000000000000005	7.9	2853
05.09.2024 00:00	7.94	8.02	7.74	7.9	6178
06.09.2024 00:00	7.94	8.1	7.74	7.98	4491
09.09.2024 00:00	8.06	8.16	7.98	8.08	3928
10.09.2024 00:00	8.14	8.16	7.98	8.06	2607
11.09.2024 00:00	7.98	8.24	7.9	8.14	4604
12.09.2024 00:00	7.98	8.0	7.9	7.94	1711
13.09.2024 00:00	7.9	7.98	7.82	7.94	3202
16.09.2024 00:00	7.78	8.56	7.78	8.32	16430
17.09.2024 00:00	8.32	9.1	8.3	8.52	19542
18.09.2024 00:00	8.56	8.64	8.24	8.26	5725
19.09.2024 00:00	8.32	8.34	8.18	8.32	2174
20.09.2024 00:00	8.18	8.38	8.14	8.24	6549
23.09.2024 00:00	8.26	8.32	8.24	8.3	3715
24.09.2024 00:00	8.32	8.98	8.32	8.58	10352
25.09.2024 00:00	8.56	8.66	8.32	8.4	2645
26.09.2024 00:00	8.42	8.48	8.32	8.34	790
27.09.2024 00:00	8.4	8.74	8.34	8.56	2970
30.09.2024 00:00	8.52	8.64	8.48	8.56	1203
01.10.2024 00:00	8.58	8.6	8.18	8.48	5614
02.10.2024 00:00	8.42	8.68	8.42	8.48	2788
03.10.2024 00:00	8.56	8.56	8.32	8.46	1078
04.10.2024 00:00	8.46	8.56	8.3	8.4	2573
07.10.2024 00:00	8.42	8.42	8.32	8.34	626
08.10.2024 00:00	8.34	8.34	8.32	8.34	403
09.10.2024 00:00	8.34	8.38	8.3	8.32	838
10.10.2024 00:00	8.34	8.4	8.32	8.32	545
11.10.2024 00:00	8.4	8.58	8.32	8.4	1514
14.10.2024 00:00	8.4	8.48	8.34	8.4	1308
15.10.2024 00:00	8.4	8.88	8.32	8.42	16829
16.10.2024 00:00	8.48	8.48	8.24	8.32	3730
17.10.2024 00:00	8.38	8.4	8.26	8.32	2193
18.10.2024 00:00	8.34	8.34	7.98	8.14	3857
21.10.2024 00:00	8.16	8.16	7.98	8.08	2232
22.10.2024 00:00	8.14	8.22	8.1	8.16	1840
23.10.2024 00:00	8.18	8.18	7.86	8.0	3735
24.10.2024 00:00	7.98	8.14	7.9	7.98	2788
25.10.2024 00:00	7.94	8.06	7.82	7.9	3201
28.10.2024 00:00	7.78	7.9	7.5200000000000005	7.58	3072
29.10.2024 00:00	7.6000000000000005	7.62	7.48	7.5600000000000005	1878
30.10.2024 00:00	7.62	7.98	7.6000000000000005	7.78	2396
31.10.2024 00:00	7.78	7.78	7.5	7.58	2020
01.11.2024 00:00	7.6000000000000005	7.66	7.48	7.6000000000000005	2640
02.11.2024 00:00	7.82	7.82	7.58	7.62	652
05.11.2024 00:00	7.62	7.74	7.32	7.58	7499
06.11.2024 00:00	7.7	8.3	7.7	7.94	5413
07.11.2024 00:00	8.32	8.32	7.58	7.78	6759
08.11.2024 00:00	7.86	7.94	7.78	7.86	3134
11.11.2024 00:00	7.92	8.48	7.86	8.26	11286
12.11.2024 00:00	8.16	8.3	8.06	8.08	8278
13.11.2024 00:00	8.06	8.14	7.94	8.02	2543
14.11.2024 00:00	7.98	8.06	7.82	7.9	2018
15.11.2024 00:00	7.98	7.98	7.82	7.98	1252
18.11.2024 00:00	7.82	7.92	7.82	7.86	1272
19.11.2024 00:00	7.86	7.86	7.32	7.5600000000000005	13616
20.11.2024 00:00	7.58	7.640000000000001	7.44	7.44	2835
21.11.2024 00:00	7.48	7.5200000000000005	7.2	7.28	2683
22.11.2024 00:00	7.32	7.640000000000001	7.32	7.4	2705
25.11.2024 00:00	7.4	7.78	6.78	6.94	9903
26.11.2024 00:00	6.98	7.08	6.28	6.5600000000000005	7236
27.11.2024 00:00	6.48	6.48	5.98	6.32	6857
28.11.2024 00:00	6.62	6.98	6.5	6.7	4066
29.11.2024 00:00	6.7	7.0600000000000005	6.66	6.82	3113
02.12.2024 00:00	6.82	7.0	6.7	6.78	2266
03.12.2024 00:00	6.7	6.78	6.66	6.74	625
04.12.2024 00:00	6.7	6.92	6.62	6.7	1036
05.12.2024 00:00	6.7	6.82	6.66	6.7	1359
06.12.2024 00:00	6.74	6.86	6.6000000000000005	6.74	840
09.12.2024 00:00	6.74	6.86	6.74	6.86	1006
10.12.2024 00:00	6.78	6.82	6.62	6.7	891
11.12.2024 00:00	6.62	6.7	6.62	6.7	682
12.12.2024 00:00	6.7	6.74	6.48	6.5600000000000005	1903
13.12.2024 00:00	6.6000000000000005	6.86	6.5600000000000005	6.6000000000000005	1739
16.12.2024 00:00	6.66	6.66	6.4	6.48	1112
17.12.2024 00:00	6.48	6.5600000000000005	6.28	6.32	1853
18.12.2024 00:00	6.36	6.7	6.36	6.5	2236
19.12.2024 00:00	6.62	6.78	6.5200000000000005	6.62	1750
20.12.2024 00:00	6.62	7.04	6.5600000000000005	6.94	6536
23.12.2024 00:00	7.04	7.12	6.86	6.94	4600
24.12.2024 00:00	6.98	6.98	6.9	6.98	1665
25.12.2024 00:00	6.98	7.0200000000000005	6.9	6.92	1569
26.12.2024 00:00	6.94	7.0200000000000005	6.9	6.98	2894
27.12.2024 00:00	6.98	7.0600000000000005	6.9	6.94	2799
28.12.2024 00:00	7.0600000000000005	7.5	7.0	7.28	10730
30.12.2024 00:00	7.4	7.48	7.28	7.36	4995
03.01.2025 00:00	7.5	7.6000000000000005	7.32	7.44	3227
06.01.2025 00:00	7.44	7.7	7.36	7.6000000000000005	4155
08.01.2025 00:00	7.6000000000000005	7.82	7.58	7.7	4229
09.01.2025 00:00	7.7	7.74	7.1000000000000005	7.12	7538
10.01.2025 00:00	7.24	7.48	7.140000000000001	7.24	9177
13.01.2025 00:00	7.6000000000000005	7.66	7.28	7.4	7219
14.01.2025 00:00	7.44	7.48	7.2	7.32	5272
15.01.2025 00:00	7.4	7.5600000000000005	7.32	7.48	4442
16.01.2025 00:00	7.48	7.9	7.44	7.7	12555
17.01.2025 00:00	7.66	8.14	7.58	7.86	26047
20.01.2025 00:00	7.92	8.1	7.74	7.9	10030
21.01.2025 00:00	7.82	7.86	7.7	7.82	2161
22.01.2025 00:00	7.78	7.9	7.74	7.86	1384
23.01.2025 00:00	7.86	7.86	7.74	7.86	1620
24.01.2025 00:00	7.9	7.94	7.74	7.82	2693
27.01.2025 00:00	7.78	7.82	7.62	7.62	1717
28.01.2025 00:00	7.5600000000000005	7.74	7.4	7.5600000000000005	3768
29.01.2025 00:00	7.7	8.06	7.5600000000000005	7.58	6244
30.01.2025 00:00	7.66	7.74	7.58	7.7	2058
31.01.2025 00:00	7.58	7.92	7.58	7.62	4876
03.02.2025 00:00	7.6000000000000005	7.62	7.48	7.5200000000000005	1367
04.02.2025 00:00	7.5600000000000005	7.7	7.5600000000000005	7.58	842
05.02.2025 00:00	7.5	8.16	7.32	7.7	29885
06.02.2025 00:00	7.78	7.86	7.62	7.7	2615
07.02.2025 00:00	7.82	7.82	7.48	7.58	3229
10.02.2025 00:00	7.58	7.9	7.5600000000000005	7.82	3207
11.02.2025 00:00	7.82	7.94	7.66	7.74	3214
12.02.2025 00:00	7.74	7.82	7.7	7.74	2741
13.02.2025 00:00	7.9	7.98	7.74	7.82	11343
14.02.2025 00:00	7.92	8.08	7.78	7.82	8979
17.02.2025 00:00	7.86	8.1	7.86	8.1	6216
18.02.2025 00:00	8.06	8.06	7.9	7.92	4820
19.02.2025 00:00	7.94	8.0	7.86	7.94	3105
20.02.2025 00:00	7.9	8.52	7.9	8.1	28422
21.02.2025 00:00	8.22	8.22	7.98	8.08	5495
24.02.2025 00:00	8.18	8.24	7.98	8.0	6091
25.02.2025 00:00	8.08	8.14	8.02	8.06	3999
26.02.2025 00:00	8.14	8.38	7.92	8.06	13489
27.02.2025 00:00	8.0	8.16	7.74	7.9	5723
28.02.2025 00:00	7.86	7.9	7.6000000000000005	7.82	4283
03.03.2025 00:00	7.86	7.9	7.74	7.86	1110
04.03.2025 00:00	7.9	8.06	7.82	7.98	1729
05.03.2025 00:00	7.94	8.08	7.9	8.06	3430
06.03.2025 00:00	7.98	8.02	7.82	7.9	1956
07.03.2025 00:00	7.94	8.06	7.78	7.78	2288
10.03.2025 00:00	7.92	8.02	7.86	7.92	862
11.03.2025 00:00	7.9	7.94	7.86	7.9	529
12.03.2025 00:00	7.86	7.86	7.82	7.86	593
13.03.2025 00:00	7.82	7.82	7.58	7.62	2820
14.03.2025 00:00	7.7	7.82	7.66	7.78	1696
17.03.2025 00:00	7.9	8.02	7.9	7.98	2175
18.03.2025 00:00	7.98	8.0	7.9	7.9	3288
19.03.2025 00:00	7.9	7.98	7.82	7.92	3033
20.03.2025 00:00	7.98	8.06	7.86	7.92	1643
21.03.2025 00:00	7.94	7.94	7.9	7.92	866
24.03.2025 00:00	7.92	7.98	7.9	7.9	850
25.03.2025 00:00	7.9	7.9	7.82	7.82	1518
26.03.2025 00:00	7.9	7.9	7.7	7.74	1652
27.03.2025 00:00	7.74	7.74	7.62	7.640000000000001	1613
28.03.2025 00:00	7.62	7.7	7.58	7.58	2817
31.03.2025 00:00	7.48	7.640000000000001	7.36	7.4	3063
01.04.2025 00:00	7.5200000000000005	7.62	7.4	7.5	2131
02.04.2025 00:00	7.44	7.5	7.32	7.48	987
03.04.2025 00:00	7.5	7.5600000000000005	7.28	7.32	1044
04.04.2025 00:00	7.4	7.44	7.1000000000000005	7.2	3542
07.04.2025 00:00	7.0600000000000005	7.140000000000001	6.5200000000000005	6.86	4919
08.04.2025 00:00	6.94	7.32	6.92	7.32	3403
09.04.2025 00:00	7.32	7.32	6.7	6.9	3184
10.04.2025 00:00	7.5	7.5	7.140000000000001	7.28	2943
11.04.2025 00:00	7.4	7.4	7.28	7.36	1662
14.04.2025 00:00	7.4	7.5200000000000005	7.36	7.44	2443
15.04.2025 00:00	7.5200000000000005	7.5200000000000005	7.4	7.44	1752
16.04.2025 00:00	7.5	7.58	7.44	7.5600000000000005	1824
17.04.2025 00:00	7.62	7.66	7.58	7.62	1392
18.04.2025 00:00	7.66	7.7	7.5200000000000005	7.5200000000000005	2211
21.04.2025 00:00	7.48	7.58	7.36	7.48	6278
22.04.2025 00:00	7.5600000000000005	7.6000000000000005	7.4	7.5	2196
23.04.2025 00:00	7.5600000000000005	7.5600000000000005	7.28	7.48	2845
24.04.2025 00:00	7.48	7.5600000000000005	7.4	7.5	1142
25.04.2025 00:00	7.5	7.5	7.44	7.48	2886
28.04.2025 00:00	7.5200000000000005	7.62	7.28	7.4	7640
29.04.2025 00:00	7.44	7.74	7.36	7.44	6407
30.04.2025 00:00	7.48	7.48	7.32	7.32	1320
02.05.2025 00:00	7.32	7.66	7.28	7.36	5266
05.05.2025 00:00	7.4	7.4	7.1000000000000005	7.16	1250
06.05.2025 00:00	7.12	7.28	7.12	7.28	1055
07.05.2025 00:00	7.2	7.48	7.2	7.36	886
08.05.2025 00:00	7.4	7.5	7.4	7.44	802
12.05.2025 00:00	7.5600000000000005	7.6000000000000005	7.48	7.5	1142
13.05.2025 00:00	7.48	7.48	7.32	7.36	2206
14.05.2025 00:00	7.44	7.5200000000000005	7.36	7.48	1330
15.05.2025 00:00	7.5600000000000005	7.5600000000000005	7.36	7.48	1699
16.05.2025 00:00	7.5	7.5600000000000005	7.44	7.48	739
19.05.2025 00:00	7.5200000000000005	7.5600000000000005	7.48	7.48	2093
20.05.2025 00:00	7.44	7.5200000000000005	7.32	7.4	4118
21.05.2025 00:00	7.44	7.44	7.0200000000000005	7.0600000000000005	4798
22.05.2025 00:00	7.08	7.28	7.0200000000000005	7.2	2212
