datetime	open	high	low	close	volume
07.03.2018 00:00	420.0	438.0	417.0	438.0	15
09.03.2018 00:00	434.0	434.0	431.0	431.0	2
12.03.2018 00:00	421.0	438.0	418.0	434.0	7
13.03.2018 00:00	419.0	435.0	418.0	435.0	15
14.03.2018 00:00	426.0	433.0	420.0	433.0	12
15.03.2018 00:00	426.0	430.0	410.0	430.0	21
19.03.2018 00:00	415.0	428.0	409.0	417.0	13
20.03.2018 00:00	408.0	426.0	405.0	426.0	30
21.03.2018 00:00	416.0	424.0	408.0	424.0	27
22.03.2018 00:00	414.0	415.0	400.0	400.0	88
23.03.2018 00:00	400.0	420.0	400.0	409.0	212
26.03.2018 00:00	443.0	443.0	414.0	427.0	50
27.03.2018 00:00	422.0	424.0	416.0	424.0	26
28.03.2018 00:00	414.0	423.0	413.0	423.0	22
29.03.2018 00:00	414.0	420.0	409.0	417.0	26
30.03.2018 00:00	417.0	419.0	417.0	418.0	13
02.04.2018 00:00	415.0	415.0	410.0	410.0	4
03.04.2018 00:00	407.0	414.0	403.0	403.0	17
04.04.2018 00:00	406.0	409.0	400.0	405.0	13
05.04.2018 00:00	409.0	409.0	405.0	409.0	2
06.04.2018 00:00	406.0	406.0	400.0	401.0	7
09.04.2018 00:00	402.0	402.0	400.0	400.0	9
10.04.2018 00:00	400.0	421.0	400.0	400.0	1
11.04.2018 00:00	421.0	421.0	409.0	409.0	7
13.04.2018 00:00	411.0	411.0	411.0	411.0	4
17.04.2018 00:00	356.0	389.0	355.0	363.0	12
18.04.2018 00:00	368.0	397.0	353.0	379.0	21
19.04.2018 00:00	388.0	389.0	387.0	389.0	5
20.04.2018 00:00	397.0	397.0	390.0	390.0	2
24.04.2018 00:00	393.0	394.0	393.0	394.0	5
27.04.2018 00:00	367.0	396.0	367.0	367.0	2
28.04.2018 00:00	375.0	375.0	375.0	375.0	1
02.05.2018 00:00	369.0	398.0	369.0	370.0	4
03.05.2018 00:00	397.0	398.0	359.0	398.0	5
04.05.2018 00:00	366.0	390.0	359.0	359.0	19
07.05.2018 00:00	361.0	390.0	358.0	378.0	9
08.05.2018 00:00	361.0	429.0	360.0	380.0	50
11.05.2018 00:00	389.0	417.0	380.0	417.0	5
14.05.2018 00:00	376.0	427.0	375.0	398.0	22
15.05.2018 00:00	377.0	404.0	377.0	395.0	224
16.05.2018 00:00	391.0	414.0	391.0	403.0	4
17.05.2018 00:00	414.0	414.0	397.0	410.0	3
18.05.2018 00:00	409.0	412.0	400.0	412.0	12
21.05.2018 00:00	381.0	409.0	381.0	388.0	4
22.05.2018 00:00	378.0	408.0	378.0	408.0	94
23.05.2018 00:00	385.0	410.0	380.0	402.0	10
24.05.2018 00:00	390.0	401.0	390.0	400.0	8
25.05.2018 00:00	401.0	401.0	400.0	400.0	15
28.05.2018 00:00	400.0	400.0	400.0	400.0	37
30.05.2018 00:00	400.0	408.0	395.0	395.0	9
31.05.2018 00:00	391.0	408.0	391.0	408.0	53
01.06.2018 00:00	395.0	396.0	393.0	393.0	4
06.06.2018 00:00	397.0	397.0	397.0	397.0	1
07.06.2018 00:00	408.0	414.0	408.0	414.0	3
08.06.2018 00:00	398.0	398.0	387.0	387.0	44
09.06.2018 00:00	397.0	397.0	397.0	397.0	1
11.06.2018 00:00	409.0	409.0	409.0	409.0	2
13.06.2018 00:00	408.0	417.0	408.0	410.0	3
14.06.2018 00:00	410.0	410.0	387.0	394.0	12
15.06.2018 00:00	394.0	394.0	394.0	394.0	2
20.06.2018 00:00	382.0	382.0	382.0	382.0	1
21.06.2018 00:00	392.0	392.0	392.0	392.0	1
22.06.2018 00:00	370.0	418.0	370.0	418.0	7
25.06.2018 00:00	419.0	419.0	419.0	419.0	3
28.06.2018 00:00	406.0	406.0	400.0	400.0	2
29.06.2018 00:00	400.0	400.0	400.0	400.0	3
02.07.2018 00:00	400.0	404.0	400.0	404.0	2
03.07.2018 00:00	399.0	400.0	397.0	400.0	5
04.07.2018 00:00	399.0	405.0	399.0	405.0	2
05.07.2018 00:00	400.0	401.0	397.0	398.0	5
06.07.2018 00:00	403.0	403.0	403.0	403.0	1
09.07.2018 00:00	407.0	407.0	407.0	407.0	2
10.07.2018 00:00	407.0	407.0	402.0	402.0	12
11.07.2018 00:00	390.0	390.0	376.0	376.0	14
12.07.2018 00:00	399.0	399.0	381.0	396.0	5
13.07.2018 00:00	398.0	398.0	375.0	382.0	24
16.07.2018 00:00	375.0	377.0	370.0	376.0	34
17.07.2018 00:00	370.0	373.0	370.0	373.0	10
18.07.2018 00:00	389.0	389.0	367.0	379.0	35
19.07.2018 00:00	385.0	385.0	370.0	377.0	25
20.07.2018 00:00	370.0	370.0	360.0	360.0	29
23.07.2018 00:00	361.0	361.0	361.0	361.0	2
24.07.2018 00:00	364.0	364.0	356.0	356.0	56
25.07.2018 00:00	358.0	358.0	357.0	357.0	3
27.07.2018 00:00	370.0	376.0	355.0	355.0	9
30.07.2018 00:00	365.0	365.0	365.0	365.0	2
01.08.2018 00:00	356.0	372.0	356.0	370.0	3
02.08.2018 00:00	353.0	370.0	353.0	356.0	6
03.08.2018 00:00	355.0	366.0	354.0	355.0	9
06.08.2018 00:00	355.0	355.0	354.0	354.0	2
07.08.2018 00:00	353.0	353.0	353.0	353.0	1
08.08.2018 00:00	358.0	358.0	353.0	355.0	39
09.08.2018 00:00	355.0	376.0	351.0	362.0	106
10.08.2018 00:00	354.0	354.0	352.0	352.0	13
13.08.2018 00:00	355.0	355.0	354.0	354.0	2
14.08.2018 00:00	351.0	354.0	351.0	354.0	4
15.08.2018 00:00	351.0	354.0	351.0	353.0	7
16.08.2018 00:00	354.0	355.0	354.0	355.0	3
17.08.2018 00:00	354.0	354.0	354.0	354.0	2
20.08.2018 00:00	354.0	354.0	350.0	350.0	2
21.08.2018 00:00	348.0	348.0	348.0	348.0	1
23.08.2018 00:00	355.0	355.0	355.0	355.0	1
24.08.2018 00:00	347.0	353.0	345.0	351.0	38
29.08.2018 00:00	355.0	355.0	345.0	345.0	4
30.08.2018 00:00	345.0	345.0	345.0	345.0	2
31.08.2018 00:00	346.0	346.0	341.0	345.0	5
03.09.2018 00:00	345.0	345.0	341.0	341.0	14
05.09.2018 00:00	344.0	345.0	344.0	345.0	3
06.09.2018 00:00	345.0	345.0	345.0	345.0	1
07.09.2018 00:00	341.0	342.0	340.0	340.0	4
10.09.2018 00:00	337.0	351.0	335.0	351.0	9
11.09.2018 00:00	352.0	356.0	352.0	355.0	54
12.09.2018 00:00	350.0	353.0	350.0	353.0	4
13.09.2018 00:00	355.0	360.0	352.0	360.0	28
14.09.2018 00:00	359.0	359.0	330.0	352.0	19
17.09.2018 00:00	352.0	352.0	352.0	352.0	4
18.09.2018 00:00	345.0	345.0	345.0	345.0	2
19.09.2018 00:00	345.0	353.0	345.0	353.0	3
20.09.2018 00:00	354.0	354.0	343.0	343.0	2
21.09.2018 00:00	350.0	350.0	350.0	350.0	3
24.09.2018 00:00	342.0	346.0	342.0	345.0	30
25.09.2018 00:00	340.0	343.0	309.0	331.0	50
26.09.2018 00:00	343.0	343.0	340.0	340.0	8
27.09.2018 00:00	345.0	475.0	345.0	437.0	693
28.09.2018 00:00	453.0	597.0	436.0	520.0	915
01.10.2018 00:00	520.0	520.0	401.0	423.0	355
02.10.2018 00:00	414.0	428.0	401.0	401.0	79
03.10.2018 00:00	406.0	406.0	406.0	406.0	18
04.10.2018 00:00	410.0	415.0	404.0	415.0	11
05.10.2018 00:00	418.0	443.0	417.0	419.0	6
08.10.2018 00:00	413.0	448.0	394.0	429.0	94
09.10.2018 00:00	415.0	425.0	409.0	410.0	12
10.10.2018 00:00	420.0	420.0	411.0	413.0	6
11.10.2018 00:00	408.0	420.0	400.0	420.0	34
12.10.2018 00:00	407.0	412.0	407.0	412.0	2
15.10.2018 00:00	406.0	427.0	344.0	414.0	35
16.10.2018 00:00	444.0	444.0	410.0	414.0	11
17.10.2018 00:00	435.0	435.0	420.0	420.0	11
18.10.2018 00:00	417.0	418.0	400.0	418.0	60
19.10.2018 00:00	404.0	404.0	380.0	391.0	50
22.10.2018 00:00	399.0	399.0	380.0	380.0	16
23.10.2018 00:00	373.0	373.0	340.0	349.0	124
24.10.2018 00:00	363.0	363.0	348.0	356.0	40
25.10.2018 00:00	349.0	353.0	343.0	353.0	77
26.10.2018 00:00	350.0	350.0	349.0	350.0	11
29.10.2018 00:00	357.0	375.0	353.0	360.0	44
30.10.2018 00:00	357.0	373.0	357.0	373.0	3
31.10.2018 00:00	371.0	371.0	371.0	371.0	1
01.11.2018 00:00	370.0	376.0	370.0	370.0	13
02.11.2018 00:00	380.0	382.0	378.0	381.0	5
06.11.2018 00:00	369.0	381.0	364.0	376.0	13
07.11.2018 00:00	375.0	375.0	349.0	370.0	55
08.11.2018 00:00	356.0	372.0	356.0	365.0	23
09.11.2018 00:00	356.0	360.0	354.0	360.0	22
12.11.2018 00:00	364.0	364.0	355.0	358.0	12
13.11.2018 00:00	353.0	359.0	347.0	357.0	32
14.11.2018 00:00	352.0	357.0	346.0	350.0	47
15.11.2018 00:00	344.0	348.0	340.0	345.0	54
16.11.2018 00:00	351.0	372.0	341.0	341.0	91
19.11.2018 00:00	353.0	353.0	343.0	349.0	60
20.11.2018 00:00	352.0	352.0	352.0	352.0	2
21.11.2018 00:00	352.0	353.0	345.0	347.0	20
22.11.2018 00:00	344.0	352.0	340.0	352.0	45
23.11.2018 00:00	351.0	351.0	351.0	351.0	2
26.11.2018 00:00	345.0	345.0	344.0	344.0	8
27.11.2018 00:00	348.0	361.0	341.0	342.0	81
28.11.2018 00:00	347.0	416.0	335.0	342.0	448
29.11.2018 00:00	340.0	347.0	325.0	331.0	149
30.11.2018 00:00	331.0	332.0	325.0	327.0	44
03.12.2018 00:00	327.0	330.0	320.0	330.0	33
04.12.2018 00:00	331.0	331.0	330.0	330.0	5
05.12.2018 00:00	320.0	324.0	320.0	322.0	5
06.12.2018 00:00	320.0	326.0	320.0	326.0	10
07.12.2018 00:00	321.0	327.0	321.0	327.0	3
10.12.2018 00:00	319.0	323.0	303.0	321.0	19
11.12.2018 00:00	323.0	330.0	323.0	330.0	8
12.12.2018 00:00	321.0	325.0	321.0	321.0	9
13.12.2018 00:00	329.0	329.0	321.0	323.0	5
14.12.2018 00:00	324.0	326.0	324.0	326.0	3
17.12.2018 00:00	329.0	329.0	319.0	319.0	6
18.12.2018 00:00	319.0	319.0	306.0	315.0	29
19.12.2018 00:00	320.0	320.0	312.0	312.0	3
20.12.2018 00:00	311.0	311.0	311.0	311.0	2
21.12.2018 00:00	320.0	320.0	312.0	320.0	5
25.12.2018 00:00	308.0	316.0	308.0	316.0	5
26.12.2018 00:00	306.0	306.0	306.0	306.0	1
27.12.2018 00:00	317.0	317.0	317.0	317.0	3
28.12.2018 00:00	307.0	310.0	305.0	310.0	28
29.12.2018 00:00	307.0	319.0	307.0	319.0	2
03.01.2019 00:00	321.0	321.0	321.0	321.0	1
04.01.2019 00:00	313.0	313.0	313.0	313.0	1
08.01.2019 00:00	320.0	392.0	320.0	367.0	168
09.01.2019 00:00	367.0	377.0	344.0	356.0	111
10.01.2019 00:00	353.0	367.0	343.0	343.0	240
11.01.2019 00:00	340.0	340.0	325.0	329.0	77
14.01.2019 00:00	324.0	328.0	317.0	324.0	130
15.01.2019 00:00	324.0	324.0	315.0	323.0	31
16.01.2019 00:00	322.0	323.0	316.0	323.0	29
17.01.2019 00:00	322.0	322.0	312.0	321.0	45
18.01.2019 00:00	320.0	323.0	320.0	322.0	9
21.01.2019 00:00	321.0	323.0	320.0	321.0	19
22.01.2019 00:00	320.0	321.0	319.0	321.0	4
23.01.2019 00:00	320.0	347.0	320.0	320.0	111
24.01.2019 00:00	321.0	322.0	318.0	319.0	53
25.01.2019 00:00	322.0	322.0	319.0	321.0	17
28.01.2019 00:00	321.0	323.0	319.0	319.0	33
29.01.2019 00:00	321.0	322.0	315.0	315.0	116
30.01.2019 00:00	322.0	322.0	285.0	290.0	1561
31.01.2019 00:00	284.0	289.0	270.0	282.0	935
01.02.2019 00:00	275.0	275.0	250.0	251.0	1593
04.02.2019 00:00	250.0	259.0	236.0	237.0	590
05.02.2019 00:00	238.0	283.0	216.0	219.0	6024
06.02.2019 00:00	219.0	219.0	201.0	202.0	3827
07.02.2019 00:00	200.0	206.0	190.0	191.0	2822
08.02.2019 00:00	190.0	191.0	181.0	182.0	3446
11.02.2019 00:00	189.0	189.0	175.0	176.0	3998
12.02.2019 00:00	176.0	246.0	171.0	246.0	16042
13.02.2019 00:00	271.0	306.0	234.0	270.0	20202
14.02.2019 00:00	271.0	271.0	245.0	250.0	2293
15.02.2019 00:00	252.0	280.0	230.0	248.0	5090
18.02.2019 00:00	247.0	248.0	231.0	239.0	1316
19.02.2019 00:00	239.0	239.0	218.0	219.0	1657
20.02.2019 00:00	223.0	237.0	220.0	224.0	1020
21.02.2019 00:00	222.0	230.0	219.0	225.0	474
22.02.2019 00:00	220.0	225.0	220.0	222.0	248
25.02.2019 00:00	222.0	230.0	213.0	220.0	552
26.02.2019 00:00	221.0	260.0	221.0	235.0	3948
27.02.2019 00:00	237.0	238.0	230.0	231.0	420
28.02.2019 00:00	231.0	231.0	227.0	229.0	104
01.03.2019 00:00	230.0	231.0	222.0	229.0	224
04.03.2019 00:00	228.0	228.0	224.0	227.0	74
05.03.2019 00:00	227.0	227.0	212.0	223.0	688
06.03.2019 00:00	223.0	224.0	218.0	219.0	309
07.03.2019 00:00	219.0	220.0	214.0	218.0	166
11.03.2019 00:00	218.0	225.0	216.0	221.0	244
12.03.2019 00:00	221.0	225.0	218.0	220.0	127
13.03.2019 00:00	220.0	224.0	220.0	223.0	66
14.03.2019 00:00	223.0	224.0	219.0	222.0	59
15.03.2019 00:00	221.0	222.0	217.0	221.0	67
18.03.2019 00:00	220.0	222.0	217.0	220.0	224
19.03.2019 00:00	221.0	221.0	217.0	217.0	99
20.03.2019 00:00	221.0	221.0	216.0	219.0	170
21.03.2019 00:00	219.0	222.0	217.0	217.0	51
22.03.2019 00:00	217.0	224.0	216.0	218.0	210
25.03.2019 00:00	216.0	218.0	209.0	216.0	493
26.03.2019 00:00	212.0	217.0	212.0	216.0	116
27.03.2019 00:00	214.0	216.0	208.0	211.0	257
28.03.2019 00:00	211.0	211.0	209.0	210.0	87
29.03.2019 00:00	209.0	209.0	205.0	207.0	169
01.04.2019 00:00	207.0	207.0	200.0	204.0	332
02.04.2019 00:00	204.0	204.0	198.0	200.0	250
03.04.2019 00:00	202.0	206.0	199.0	203.0	139
04.04.2019 00:00	205.0	245.0	202.0	217.0	1873
05.04.2019 00:00	214.0	216.0	202.0	205.0	381
08.04.2019 00:00	205.0	206.0	199.0	203.0	509
09.04.2019 00:00	203.0	207.0	202.0	204.0	240
10.04.2019 00:00	203.0	203.0	199.0	200.0	365
11.04.2019 00:00	201.0	202.0	196.0	199.0	218
12.04.2019 00:00	199.0	199.0	196.0	199.0	103
15.04.2019 00:00	199.0	205.0	199.0	200.0	211
16.04.2019 00:00	200.0	202.0	199.0	201.0	84
17.04.2019 00:00	201.0	202.0	200.0	200.0	30
18.04.2019 00:00	199.0	202.0	199.0	200.0	25
19.04.2019 00:00	202.0	203.0	199.0	200.0	57
22.04.2019 00:00	201.0	202.0	199.0	199.0	33
23.04.2019 00:00	201.0	202.0	200.0	200.0	22
24.04.2019 00:00	201.0	201.0	199.0	200.0	30
25.04.2019 00:00	199.0	201.0	198.0	199.0	61
26.04.2019 00:00	201.0	201.0	198.0	200.0	92
29.04.2019 00:00	201.0	202.0	199.0	199.0	33
30.04.2019 00:00	200.0	211.0	191.0	198.0	730
02.05.2019 00:00	198.0	198.0	194.0	196.0	48
03.05.2019 00:00	195.5	198.0	195.5	197.0	31
06.05.2019 00:00	195.5	198.5	193.5	197.0	154
07.05.2019 00:00	194.0	197.0	194.0	196.5	39
08.05.2019 00:00	194.0	197.0	194.0	196.5	18
10.05.2019 00:00	196.0	196.5	194.0	194.0	30
13.05.2019 00:00	195.0	195.0	191.0	194.0	42
14.05.2019 00:00	191.0	197.0	191.0	193.0	67
15.05.2019 00:00	194.5	194.5	188.0	190.0	102
16.05.2019 00:00	191.0	191.0	185.0	190.5	59
17.05.2019 00:00	188.5	189.5	185.0	189.5	44
20.05.2019 00:00	187.0	192.0	187.0	191.0	27
21.05.2019 00:00	192.0	193.0	188.5	189.0	26
22.05.2019 00:00	189.0	191.0	188.5	190.0	34
23.05.2019 00:00	189.0	189.0	187.0	187.0	33
24.05.2019 00:00	194.0	194.0	184.0	187.0	178
27.05.2019 00:00	188.0	188.0	185.5	187.5	50
28.05.2019 00:00	186.0	190.0	184.0	186.0	148
29.05.2019 00:00	187.5	187.5	185.0	186.0	12
30.05.2019 00:00	186.0	187.0	180.0	185.5	240
31.05.2019 00:00	185.0	186.0	181.0	186.0	23
03.06.2019 00:00	183.0	184.0	179.0	182.0	192
04.06.2019 00:00	180.0	180.0	175.0	180.0	316
05.06.2019 00:00	177.5	177.5	150.0	175.0	396
06.06.2019 00:00	176.0	177.5	174.0	174.0	93
07.06.2019 00:00	173.5	181.0	171.5	180.0	89
10.06.2019 00:00	180.0	181.0	178.5	181.0	52
11.06.2019 00:00	181.0	181.0	176.0	177.0	7
13.06.2019 00:00	181.0	181.0	175.0	179.0	47
14.06.2019 00:00	180.5	181.0	178.5	178.5	56
17.06.2019 00:00	182.5	183.0	176.0	181.0	47
18.06.2019 00:00	180.0	180.0	178.0	178.0	18
19.06.2019 00:00	178.5	181.5	178.5	179.0	85
20.06.2019 00:00	180.0	180.5	179.5	180.0	108
21.06.2019 00:00	180.5	180.5	180.0	180.0	21
24.06.2019 00:00	180.5	181.0	179.5	181.0	37
25.06.2019 00:00	180.0	181.5	180.0	181.5	61
26.06.2019 00:00	183.0	215.0	183.0	199.0	1761
27.06.2019 00:00	205.0	205.0	189.5	192.5	295
28.06.2019 00:00	192.5	192.5	187.0	189.0	155
01.07.2019 00:00	189.5	191.0	186.0	190.0	87
02.07.2019 00:00	188.5	190.0	184.0	189.5	211
03.07.2019 00:00	191.0	191.0	188.5	189.5	140
04.07.2019 00:00	189.0	198.0	187.0	192.5	212
05.07.2019 00:00	192.0	227.5	192.0	217.0	3595
08.07.2019 00:00	221.5	221.5	210.0	211.0	429
09.07.2019 00:00	214.0	219.0	210.5	211.0	131
10.07.2019 00:00	211.5	217.0	207.5	211.5	288
11.07.2019 00:00	209.0	222.0	205.5	211.0	286
12.07.2019 00:00	211.0	215.5	209.0	210.0	71
15.07.2019 00:00	201.0	212.0	200.5	210.0	405
16.07.2019 00:00	211.0	212.0	206.5	210.5	277
17.07.2019 00:00	206.5	210.0	205.5	210.0	92
18.07.2019 00:00	212.0	212.0	204.0	204.0	29
19.07.2019 00:00	208.0	208.5	203.5	205.0	70
22.07.2019 00:00	206.5	210.0	206.0	210.0	116
23.07.2019 00:00	211.0	213.5	206.0	208.0	158
24.07.2019 00:00	208.5	212.0	204.0	204.0	60
25.07.2019 00:00	205.0	206.0	204.0	205.0	44
26.07.2019 00:00	205.0	206.5	202.5	205.0	82
29.07.2019 00:00	206.5	206.5	203.5	205.0	48
30.07.2019 00:00	209.0	209.0	205.0	207.0	99
31.07.2019 00:00	205.0	208.0	204.0	206.5	53
01.08.2019 00:00	206.5	207.0	203.0	205.0	78
02.08.2019 00:00	204.5	204.5	202.5	204.0	55
05.08.2019 00:00	205.0	205.0	199.0	199.0	104
06.08.2019 00:00	197.5	203.0	197.5	200.0	124
07.08.2019 00:00	201.0	201.0	187.5	195.0	198
08.08.2019 00:00	199.0	199.0	188.0	192.0	223
09.08.2019 00:00	191.5	193.0	188.0	189.0	48
12.08.2019 00:00	189.0	191.0	189.0	189.0	41
13.08.2019 00:00	192.0	205.5	187.0	193.0	996
14.08.2019 00:00	194.0	194.0	184.0	184.0	244
15.08.2019 00:00	184.0	189.5	184.0	185.0	139
16.08.2019 00:00	184.5	194.0	180.0	183.5	189
19.08.2019 00:00	185.5	200.0	185.0	194.0	154
20.08.2019 00:00	189.0	199.5	189.0	197.0	150
21.08.2019 00:00	196.5	198.5	191.0	194.0	106
22.08.2019 00:00	194.0	195.0	192.0	194.0	20
23.08.2019 00:00	192.0	194.5	171.0	190.0	210
26.08.2019 00:00	193.0	193.0	186.0	189.5	116
27.08.2019 00:00	189.5	194.0	180.0	190.0	252
28.08.2019 00:00	190.5	191.0	182.0	187.5	80
29.08.2019 00:00	189.5	189.5	180.0	183.5	379
30.08.2019 00:00	182.5	186.0	182.5	186.0	37
02.09.2019 00:00	186.0	188.5	185.0	186.0	49
03.09.2019 00:00	187.5	189.0	186.0	188.0	52
04.09.2019 00:00	189.0	194.5	187.5	192.0	261
05.09.2019 00:00	193.5	195.0	187.0	191.5	191
06.09.2019 00:00	192.5	193.0	190.0	191.5	54
09.09.2019 00:00	190.0	196.0	184.5	195.0	433
10.09.2019 00:00	195.0	196.0	194.0	194.0	98
11.09.2019 00:00	191.0	191.0	188.0	188.0	316
12.09.2019 00:00	188.0	188.0	187.0	187.0	153
13.09.2019 00:00	189.0	189.0	186.0	186.0	337
16.09.2019 00:00	189.0	189.0	185.0	185.0	283
17.09.2019 00:00	186.0	187.0	182.0	185.5	187
18.09.2019 00:00	185.0	186.0	184.5	185.0	56
19.09.2019 00:00	186.0	200.0	186.0	188.0	1158
20.09.2019 00:00	190.0	205.0	189.5	194.0	1019
23.09.2019 00:00	196.5	197.0	189.5	192.5	264
24.09.2019 00:00	192.5	195.0	187.5	189.0	133
25.09.2019 00:00	189.5	194.5	183.0	194.0	636
26.09.2019 00:00	192.5	199.5	188.0	191.5	736
27.09.2019 00:00	191.5	192.0	190.5	192.0	41
30.09.2019 00:00	190.0	192.5	187.0	192.0	246
01.10.2019 00:00	191.5	195.0	188.0	190.0	649
02.10.2019 00:00	189.5	190.5	185.0	186.0	315
03.10.2019 00:00	189.0	189.0	186.0	187.5	73
04.10.2019 00:00	188.0	188.0	183.5	185.0	172
07.10.2019 00:00	187.0	190.0	185.5	186.0	102
08.10.2019 00:00	185.5	192.0	185.5	186.0	292
09.10.2019 00:00	186.5	189.0	184.5	184.5	167
10.10.2019 00:00	186.0	189.0	186.0	188.5	44
11.10.2019 00:00	187.5	189.0	183.0	184.0	134
14.10.2019 00:00	187.5	187.5	185.0	185.0	12
15.10.2019 00:00	186.0	188.0	183.0	185.0	157
16.10.2019 00:00	182.5	187.0	182.0	186.0	111
17.10.2019 00:00	185.5	188.0	184.0	187.0	88
18.10.2019 00:00	187.5	190.0	184.5	188.5	190
21.10.2019 00:00	190.0	192.0	185.0	187.0	425
22.10.2019 00:00	187.5	190.0	185.0	187.5	361
23.10.2019 00:00	189.0	189.5	185.0	187.0	242
24.10.2019 00:00	186.5	186.5	181.5	186.5	207
25.10.2019 00:00	186.5	188.0	184.0	185.0	46
28.10.2019 00:00	185.0	190.0	185.0	189.0	94
29.10.2019 00:00	186.5	189.0	186.0	188.0	190
30.10.2019 00:00	189.5	189.5	186.0	187.0	143
31.10.2019 00:00	187.0	188.5	186.5	188.0	34
01.11.2019 00:00	188.0	188.0	186.0	188.0	22
05.11.2019 00:00	187.5	190.0	187.0	188.0	185
06.11.2019 00:00	188.0	189.0	186.0	187.5	313
07.11.2019 00:00	187.5	188.5	185.0	186.0	372
08.11.2019 00:00	187.0	188.0	186.0	187.5	152
11.11.2019 00:00	188.0	189.5	186.0	189.0	668
12.11.2019 00:00	187.0	187.5	185.5	187.0	138
13.11.2019 00:00	187.0	188.0	186.5	187.5	162
14.11.2019 00:00	187.0	187.5	186.0	186.5	283
15.11.2019 00:00	187.0	187.0	185.5	187.0	48
18.11.2019 00:00	186.5	187.0	185.0	186.0	185
19.11.2019 00:00	185.0	186.5	185.0	186.0	51
20.11.2019 00:00	186.0	187.0	185.0	185.5	168
21.11.2019 00:00	186.5	186.5	181.0	184.5	664
22.11.2019 00:00	185.0	185.0	182.0	184.0	166
25.11.2019 00:00	183.5	185.0	182.0	184.0	162
26.11.2019 00:00	183.0	184.0	182.0	183.0	289
27.11.2019 00:00	182.5	185.0	182.0	183.0	279
28.11.2019 00:00	182.5	183.5	182.0	183.5	70
29.11.2019 00:00	183.0	184.5	182.5	183.0	54
02.12.2019 00:00	182.5	185.0	172.0	180.5	809
03.12.2019 00:00	180.5	182.5	180.0	181.0	109
04.12.2019 00:00	182.0	190.0	180.0	182.0	506
05.12.2019 00:00	182.5	182.5	180.0	180.0	355
06.12.2019 00:00	181.0	181.0	180.0	180.0	389
09.12.2019 00:00	180.0	182.0	180.0	181.0	88
10.12.2019 00:00	181.0	183.0	180.5	183.0	182
11.12.2019 00:00	182.0	183.5	182.0	183.0	59
12.12.2019 00:00	183.0	193.0	181.5	182.0	1146
13.12.2019 00:00	181.5	193.5	181.5	185.0	848
16.12.2019 00:00	189.5	190.0	182.0	184.0	653
17.12.2019 00:00	183.0	188.5	183.0	188.5	71
18.12.2019 00:00	188.5	188.5	184.0	184.0	215
19.12.2019 00:00	186.0	187.5	184.0	186.5	305
20.12.2019 00:00	186.5	190.0	185.5	190.0	216
23.12.2019 00:00	186.5	190.5	186.5	189.0	178
24.12.2019 00:00	189.5	189.5	185.0	188.0	231
25.12.2019 00:00	186.0	190.0	184.0	189.5	773
26.12.2019 00:00	190.5	193.0	185.5	191.0	851
27.12.2019 00:00	194.0	194.0	189.5	191.5	307
30.12.2019 00:00	193.0	193.0	190.0	190.5	275
03.01.2020 00:00	189.0	194.0	189.0	193.5	95
06.01.2020 00:00	194.0	196.5	193.5	194.5	389
08.01.2020 00:00	194.0	195.5	191.5	192.5	375
09.01.2020 00:00	193.0	195.0	191.5	192.5	355
10.01.2020 00:00	192.0	198.0	192.0	195.5	264
13.01.2020 00:00	196.0	199.0	194.0	196.0	385
14.01.2020 00:00	195.5	213.5	195.5	211.0	1399
15.01.2020 00:00	210.0	230.0	207.5	215.0	3024
16.01.2020 00:00	217.5	219.0	200.0	207.5	1742
17.01.2020 00:00	209.5	215.0	203.0	209.0	490
20.01.2020 00:00	208.5	212.5	207.0	210.0	444
21.01.2020 00:00	211.0	228.0	204.0	223.5	767
22.01.2020 00:00	224.0	226.0	212.0	215.5	564
23.01.2020 00:00	220.0	220.0	209.0	212.0	94
24.01.2020 00:00	216.5	217.0	212.5	214.0	108
27.01.2020 00:00	220.0	226.0	207.0	211.5	289
28.01.2020 00:00	209.5	213.0	206.0	209.0	207
29.01.2020 00:00	212.5	223.0	206.0	212.0	874
30.01.2020 00:00	212.5	219.5	205.0	209.0	760
31.01.2020 00:00	208.0	210.5	200.0	203.5	695
03.02.2020 00:00	202.5	203.0	198.0	201.0	312
04.02.2020 00:00	201.0	203.5	197.5	199.0	345
05.02.2020 00:00	200.5	203.0	197.0	200.5	338
06.02.2020 00:00	200.5	202.5	200.0	200.0	134
07.02.2020 00:00	200.0	203.5	200.0	201.5	281
10.02.2020 00:00	202.0	203.0	200.0	201.5	68
11.02.2020 00:00	202.5	202.5	201.0	202.0	84
12.02.2020 00:00	202.0	202.0	198.5	200.5	302
13.02.2020 00:00	201.0	202.0	199.5	201.0	110
14.02.2020 00:00	200.5	211.0	199.0	204.5	604
17.02.2020 00:00	202.5	213.5	202.5	207.0	422
18.02.2020 00:00	213.0	213.0	205.5	206.5	381
19.02.2020 00:00	210.0	210.0	206.0	209.5	150
20.02.2020 00:00	209.0	211.5	207.0	207.0	273
21.02.2020 00:00	207.5	209.5	207.5	208.0	281
25.02.2020 00:00	205.0	206.5	200.0	202.0	376
26.02.2020 00:00	200.0	200.0	193.0	197.0	708
27.02.2020 00:00	195.0	198.0	186.0	189.0	396
28.02.2020 00:00	184.5	187.5	170.5	183.0	586
02.03.2020 00:00	186.0	190.0	184.0	184.0	203
03.03.2020 00:00	187.5	189.0	184.0	185.0	144
04.03.2020 00:00	184.0	192.5	184.0	186.0	180
05.03.2020 00:00	188.0	189.0	187.0	188.0	34
06.03.2020 00:00	190.0	190.0	176.5	183.5	85
10.03.2020 00:00	170.0	178.0	147.0	171.5	539
11.03.2020 00:00	173.0	176.5	158.0	169.5	319
12.03.2020 00:00	166.5	167.5	135.5	145.0	929
13.03.2020 00:00	143.5	150.0	143.0	147.0	278
16.03.2020 00:00	139.0	161.0	136.0	140.0	334
17.03.2020 00:00	141.0	144.5	138.0	143.0	65
18.03.2020 00:00	136.5	141.0	136.5	139.5	53
19.03.2020 00:00	139.0	144.5	139.0	142.0	80
20.03.2020 00:00	146.5	149.5	144.0	148.0	107
23.03.2020 00:00	157.0	157.0	148.0	148.0	156
24.03.2020 00:00	150.0	154.0	150.0	151.5	145
25.03.2020 00:00	155.0	158.5	151.0	154.5	152
26.03.2020 00:00	155.0	161.0	152.0	152.0	84
27.03.2020 00:00	161.0	161.0	150.0	152.0	257
30.03.2020 00:00	150.0	154.5	150.0	154.0	57
31.03.2020 00:00	155.0	160.0	155.0	159.0	114
01.04.2020 00:00	159.0	161.5	155.0	159.5	85
02.04.2020 00:00	156.5	161.5	156.5	157.5	161
03.04.2020 00:00	160.5	162.5	158.0	160.5	162
06.04.2020 00:00	159.5	166.5	159.0	165.0	120
07.04.2020 00:00	165.0	188.0	165.0	178.0	692
08.04.2020 00:00	185.0	188.0	171.5	173.5	725
09.04.2020 00:00	173.5	178.5	173.5	176.0	345
10.04.2020 00:00	177.0	181.5	173.0	174.0	282
13.04.2020 00:00	175.0	178.0	170.0	174.0	174
14.04.2020 00:00	170.5	177.5	170.5	174.5	242
15.04.2020 00:00	172.5	173.0	168.5	170.0	131
16.04.2020 00:00	170.0	176.5	168.5	174.0	182
17.04.2020 00:00	173.0	174.0	169.0	174.0	116
20.04.2020 00:00	173.5	174.0	170.0	170.0	131
21.04.2020 00:00	168.5	171.0	161.0	167.0	400
22.04.2020 00:00	162.0	169.5	161.5	169.0	129
23.04.2020 00:00	162.5	167.5	162.5	167.0	121
24.04.2020 00:00	165.5	171.5	165.0	167.0	244
27.04.2020 00:00	168.0	168.0	167.5	167.5	115
28.04.2020 00:00	168.0	180.0	167.0	172.5	352
29.04.2020 00:00	171.0	177.0	171.0	172.5	101
30.04.2020 00:00	171.0	178.0	168.0	169.0	168
04.05.2020 00:00	170.0	175.0	170.0	173.5	56
05.05.2020 00:00	173.5	178.5	172.5	176.0	69
06.05.2020 00:00	173.0	176.0	173.0	174.5	44
07.05.2020 00:00	179.0	179.0	173.0	175.5	40
08.05.2020 00:00	176.0	176.0	171.0	175.0	31
12.05.2020 00:00	173.0	175.0	172.5	174.5	73
13.05.2020 00:00	175.0	175.0	171.0	174.5	78
14.05.2020 00:00	174.0	175.5	169.5	173.5	123
15.05.2020 00:00	175.5	175.5	169.0	172.5	233
18.05.2020 00:00	170.0	175.5	169.0	174.0	238
19.05.2020 00:00	171.5	174.0	171.0	174.0	99
20.05.2020 00:00	173.0	174.5	172.5	174.0	45
21.05.2020 00:00	173.0	176.0	173.0	175.0	40
22.05.2020 00:00	175.0	176.5	173.0	174.0	133
25.05.2020 00:00	176.0	176.0	173.0	174.5	88
26.05.2020 00:00	170.5	175.5	170.5	173.0	130
27.05.2020 00:00	176.0	176.0	173.5	175.5	51
28.05.2020 00:00	176.0	185.0	173.5	183.0	575
29.05.2020 00:00	185.5	185.5	178.0	182.5	149
01.06.2020 00:00	181.0	185.5	180.0	184.0	218
02.06.2020 00:00	185.5	185.5	181.0	184.0	179
03.06.2020 00:00	184.5	185.5	180.0	182.5	182
04.06.2020 00:00	180.5	183.0	179.0	180.5	540
05.06.2020 00:00	178.5	180.5	177.0	179.5	213
08.06.2020 00:00	181.5	185.0	178.5	181.5	286
09.06.2020 00:00	181.5	181.5	179.0	180.5	189
10.06.2020 00:00	180.0	183.0	180.0	183.0	117
11.06.2020 00:00	182.0	182.0	178.5	180.0	49
15.06.2020 00:00	183.5	184.0	176.0	180.0	253
16.06.2020 00:00	180.0	182.0	176.0	181.0	126
17.06.2020 00:00	179.0	182.0	179.0	182.0	23
18.06.2020 00:00	181.0	182.0	179.0	181.0	31
19.06.2020 00:00	179.5	181.5	179.5	181.5	62
22.06.2020 00:00	180.0	180.0	178.0	180.0	53
23.06.2020 00:00	178.5	179.5	178.0	179.0	60
25.06.2020 00:00	179.5	179.5	178.0	179.0	35
26.06.2020 00:00	179.5	180.0	178.0	178.5	71
29.06.2020 00:00	179.0	180.0	177.0	178.5	61
30.06.2020 00:00	178.0	179.0	177.0	179.0	55
02.07.2020 00:00	178.0	200.0	178.0	184.0	1177
03.07.2020 00:00	182.0	185.5	180.0	185.0	269
06.07.2020 00:00	183.5	184.0	180.5	183.5	38
07.07.2020 00:00	181.0	188.5	177.0	184.0	391
08.07.2020 00:00	182.0	184.0	180.0	183.0	88
09.07.2020 00:00	183.5	184.0	180.0	180.5	72
10.07.2020 00:00	181.0	184.5	165.0	181.0	601
13.07.2020 00:00	180.5	181.0	178.0	179.5	136
14.07.2020 00:00	179.5	182.0	179.5	182.0	97
15.07.2020 00:00	180.0	183.0	176.0	182.0	296
16.07.2020 00:00	180.0	185.0	180.0	183.5	126
17.07.2020 00:00	184.0	185.0	181.0	185.0	64
20.07.2020 00:00	181.5	185.0	181.0	184.5	43
21.07.2020 00:00	184.0	185.0	181.0	184.5	73
22.07.2020 00:00	185.0	190.0	174.0	181.0	771
23.07.2020 00:00	182.0	184.5	180.0	182.0	128
24.07.2020 00:00	182.0	183.0	178.0	181.0	144
27.07.2020 00:00	179.0	181.0	178.0	180.5	249
28.07.2020 00:00	181.0	181.0	178.5	181.0	499
29.07.2020 00:00	181.0	219.5	180.0	196.0	7487
30.07.2020 00:00	202.5	254.0	195.0	219.0	41261
31.07.2020 00:00	230.0	230.0	195.0	202.5	8106
03.08.2020 00:00	205.0	208.5	197.0	201.0	1650
04.08.2020 00:00	201.0	205.0	198.0	200.5	918
05.08.2020 00:00	200.5	200.5	195.0	198.0	1079
06.08.2020 00:00	198.0	198.0	191.0	192.5	787
07.08.2020 00:00	192.0	223.5	191.0	204.5	11023
10.08.2020 00:00	206.0	210.5	201.0	210.5	1831
11.08.2020 00:00	214.0	214.0	201.0	202.0	1310
12.08.2020 00:00	202.5	206.5	201.0	205.0	503
13.08.2020 00:00	202.0	203.5	199.5	202.5	937
14.08.2020 00:00	201.5	207.0	201.5	205.0	607
17.08.2020 00:00	207.0	210.5	203.5	208.0	637
18.08.2020 00:00	207.0	208.5	204.0	206.0	237
19.08.2020 00:00	206.5	211.0	206.0	208.0	207
20.08.2020 00:00	206.0	208.5	201.0	205.0	333
21.08.2020 00:00	203.0	204.5	202.0	204.5	111
24.08.2020 00:00	205.0	208.0	201.0	205.0	446
25.08.2020 00:00	207.0	209.0	202.0	206.0	288
26.08.2020 00:00	203.5	205.5	202.0	204.0	168
27.08.2020 00:00	206.0	228.5	204.5	212.0	3566
28.08.2020 00:00	212.0	219.0	208.0	210.5	600
31.08.2020 00:00	210.5	217.0	207.5	212.0	792
01.09.2020 00:00	209.0	216.0	208.0	210.0	352
02.09.2020 00:00	211.0	213.5	206.0	208.5	335
03.09.2020 00:00	205.5	213.0	205.0	205.5	265
04.09.2020 00:00	205.0	205.5	202.0	202.0	362
07.09.2020 00:00	202.0	207.5	201.0	202.0	369
08.09.2020 00:00	202.0	204.0	200.5	201.0	193
09.09.2020 00:00	201.0	202.5	200.0	200.5	71
10.09.2020 00:00	200.0	201.0	193.0	197.0	525
11.09.2020 00:00	195.0	199.5	193.0	199.5	340
14.09.2020 00:00	196.5	201.0	196.5	197.0	96
15.09.2020 00:00	200.5	200.5	197.0	199.5	121
16.09.2020 00:00	199.0	201.0	199.0	201.0	218
17.09.2020 00:00	202.0	202.5	198.0	200.0	301
18.09.2020 00:00	198.5	213.0	194.0	201.0	775
21.09.2020 00:00	203.5	203.5	196.0	196.5	165
22.09.2020 00:00	197.0	203.5	197.0	199.5	233
23.09.2020 00:00	199.0	200.5	196.0	200.5	130
24.09.2020 00:00	198.5	202.5	198.0	199.0	52
25.09.2020 00:00	201.0	207.0	199.5	202.0	487
28.09.2020 00:00	201.0	201.0	199.0	200.0	24
29.09.2020 00:00	201.0	206.5	199.0	200.5	207
30.09.2020 00:00	203.5	203.5	200.0	200.0	14
01.10.2020 00:00	200.0	200.5	198.0	199.0	71
02.10.2020 00:00	198.5	201.0	197.5	201.0	72
05.10.2020 00:00	201.0	202.0	199.0	202.0	143
06.10.2020 00:00	200.0	203.5	200.0	202.0	42
07.10.2020 00:00	201.0	203.5	197.5	199.5	68
08.10.2020 00:00	199.5	200.5	196.0	196.0	150
09.10.2020 00:00	197.5	198.0	193.0	194.0	306
12.10.2020 00:00	195.0	196.5	195.0	195.5	62
13.10.2020 00:00	196.0	196.5	195.0	195.0	29
14.10.2020 00:00	195.0	195.0	190.5	194.0	185
15.10.2020 00:00	194.0	204.0	192.0	198.0	493
16.10.2020 00:00	197.0	197.5	193.0	195.0	193
19.10.2020 00:00	195.0	195.0	193.5	194.0	38
20.10.2020 00:00	197.5	197.5	191.0	193.0	113
21.10.2020 00:00	193.0	193.0	192.0	192.0	33
22.10.2020 00:00	191.5	193.0	191.0	193.0	122
23.10.2020 00:00	193.0	193.0	193.0	193.0	13
26.10.2020 00:00	193.5	196.0	193.0	194.5	52
27.10.2020 00:00	196.0	196.0	193.0	193.0	19
28.10.2020 00:00	192.5	192.5	180.0	183.0	374
29.10.2020 00:00	182.0	183.5	182.0	183.0	41
30.10.2020 00:00	182.5	183.5	182.5	183.0	50
02.11.2020 00:00	182.0	188.0	177.0	188.0	185
03.11.2020 00:00	183.0	190.0	180.0	188.0	70
05.11.2020 00:00	185.0	193.0	185.0	190.0	155
06.11.2020 00:00	190.0	192.5	189.5	191.5	37
09.11.2020 00:00	192.0	193.0	188.0	193.0	205
10.11.2020 00:00	191.0	193.0	190.5	192.0	75
11.11.2020 00:00	192.0	193.0	191.0	191.5	36
12.11.2020 00:00	193.5	193.5	192.0	193.5	41
13.11.2020 00:00	193.0	194.0	192.0	193.5	24
16.11.2020 00:00	192.0	197.0	192.0	196.0	137
17.11.2020 00:00	194.0	195.0	192.0	194.0	196
18.11.2020 00:00	195.5	195.5	193.5	194.0	41
19.11.2020 00:00	193.0	194.5	193.0	193.0	10
20.11.2020 00:00	193.5	196.0	192.0	194.0	36
23.11.2020 00:00	197.0	200.5	190.0	198.0	324
24.11.2020 00:00	195.5	198.5	193.0	196.5	137
25.11.2020 00:00	195.0	197.5	193.5	195.5	101
26.11.2020 00:00	194.0	200.5	193.5	196.0	212
27.11.2020 00:00	197.5	198.5	194.0	196.0	141
30.11.2020 00:00	196.5	197.0	194.0	195.5	149
01.12.2020 00:00	194.0	200.5	193.0	195.5	170
02.12.2020 00:00	195.0	198.5	195.0	197.5	236
03.12.2020 00:00	196.5	203.0	196.5	199.0	141
04.12.2020 00:00	200.0	204.0	197.0	199.5	296
07.12.2020 00:00	197.0	201.0	195.0	196.5	231
08.12.2020 00:00	197.0	198.0	196.0	196.5	178
09.12.2020 00:00	197.0	203.0	197.0	201.5	344
10.12.2020 00:00	198.5	199.0	197.5	197.5	172
11.12.2020 00:00	197.0	200.5	197.0	198.5	305
14.12.2020 00:00	197.5	198.5	197.0	197.0	125
15.12.2020 00:00	199.0	199.0	196.0	197.0	53
16.12.2020 00:00	198.0	200.0	198.0	198.0	31
17.12.2020 00:00	198.0	198.5	195.0	196.0	290
18.12.2020 00:00	196.0	197.0	196.0	196.0	225
21.12.2020 00:00	196.5	196.5	188.0	191.0	462
22.12.2020 00:00	190.0	196.0	188.0	195.5	422
23.12.2020 00:00	195.0	202.0	194.0	195.5	526
24.12.2020 00:00	196.5	202.5	196.0	202.5	440
25.12.2020 00:00	203.0	220.0	200.0	206.0	3402
28.12.2020 00:00	206.0	207.0	200.5	201.0	333
29.12.2020 00:00	203.0	204.5	195.5	197.0	649
30.12.2020 00:00	198.0	199.0	196.0	196.5	368
04.01.2021 00:00	199.5	199.5	197.5	199.5	113
05.01.2021 00:00	197.5	203.0	197.5	201.0	101
06.01.2021 00:00	200.0	204.0	199.0	203.0	170
08.01.2021 00:00	203.0	207.0	203.0	206.0	404
11.01.2021 00:00	206.0	206.0	201.5	205.0	188
12.01.2021 00:00	201.0	206.5	201.0	203.5	104
13.01.2021 00:00	202.5	205.0	202.5	205.0	164
14.01.2021 00:00	205.0	205.5	202.0	202.5	105
15.01.2021 00:00	202.0	205.0	201.0	204.5	175
18.01.2021 00:00	205.5	205.5	200.0	202.0	240
19.01.2021 00:00	205.0	205.0	199.5	201.0	300
20.01.2021 00:00	200.0	201.5	198.5	200.0	219
21.01.2021 00:00	202.5	204.0	196.0	199.5	293
22.01.2021 00:00	195.5	200.5	195.5	200.0	137
25.01.2021 00:00	201.0	203.0	200.0	200.0	266
26.01.2021 00:00	200.0	201.5	199.5	199.5	56
27.01.2021 00:00	199.5	202.0	199.0	200.0	278
28.01.2021 00:00	200.0	202.5	198.0	198.5	294
29.01.2021 00:00	198.0	202.0	197.0	197.5	100
01.02.2021 00:00	199.0	201.0	197.5	198.0	365
02.02.2021 00:00	199.5	200.5	198.0	198.5	197
03.02.2021 00:00	202.0	202.0	199.0	202.0	173
04.02.2021 00:00	198.0	202.5	198.0	202.0	192
05.02.2021 00:00	199.0	205.0	198.5	200.5	571
08.02.2021 00:00	200.5	205.0	200.5	202.0	161
09.02.2021 00:00	205.0	205.0	201.5	202.0	47
10.02.2021 00:00	204.5	204.5	200.5	202.0	111
11.02.2021 00:00	203.0	203.0	200.5	202.0	123
12.02.2021 00:00	202.0	205.5	200.5	205.0	274
15.02.2021 00:00	204.0	204.5	202.0	203.5	50
16.02.2021 00:00	204.0	205.0	201.0	203.0	75
17.02.2021 00:00	204.5	204.5	200.5	201.0	125
18.02.2021 00:00	200.5	268.0	200.5	258.5	24552
19.02.2021 00:00	270.0	310.0	217.0	224.0	25660
20.02.2021 00:00	234.5	234.5	208.0	211.0	1956
22.02.2021 00:00	208.0	208.5	204.0	208.5	1103
24.02.2021 00:00	208.0	217.0	207.0	211.0	633
25.02.2021 00:00	208.0	225.0	208.0	219.0	717
26.02.2021 00:00	220.0	241.0	209.0	211.5	3175
01.03.2021 00:00	219.0	219.0	205.0	213.0	687
02.03.2021 00:00	216.0	217.0	209.5	212.5	336
03.03.2021 00:00	217.0	217.0	209.0	212.5	454
04.03.2021 00:00	215.5	215.5	201.0	204.5	667
05.03.2021 00:00	199.0	209.0	199.0	209.0	518
09.03.2021 00:00	209.0	209.0	201.5	205.0	352
10.03.2021 00:00	203.0	209.5	203.0	205.0	346
11.03.2021 00:00	203.0	205.0	201.5	204.5	429
12.03.2021 00:00	205.5	206.0	202.0	205.0	179
15.03.2021 00:00	206.0	210.0	203.0	203.5	272
16.03.2021 00:00	204.5	207.0	202.0	207.0	360
17.03.2021 00:00	206.5	220.5	205.0	207.5	2332
18.03.2021 00:00	207.0	213.5	203.5	205.0	830
19.03.2021 00:00	206.0	207.5	203.0	207.5	237
22.03.2021 00:00	205.0	207.5	205.0	207.5	95
23.03.2021 00:00	204.5	209.5	202.0	205.0	548
24.03.2021 00:00	204.0	206.0	202.5	206.0	207
25.03.2021 00:00	203.0	206.0	202.5	203.0	139
26.03.2021 00:00	204.0	205.0	200.0	203.5	214
29.03.2021 00:00	205.0	206.0	202.5	203.0	65
30.03.2021 00:00	205.5	211.0	203.0	206.0	263
31.03.2021 00:00	206.0	206.0	203.0	204.5	70
01.04.2021 00:00	205.5	209.5	204.5	205.5	159
02.04.2021 00:00	210.0	210.0	202.0	205.0	368
05.04.2021 00:00	208.5	208.5	204.0	205.0	40
06.04.2021 00:00	209.0	209.0	204.0	206.0	68
07.04.2021 00:00	207.0	208.0	204.0	205.0	127
08.04.2021 00:00	204.5	208.0	202.5	203.0	224
09.04.2021 00:00	205.5	205.5	203.0	205.0	243
12.04.2021 00:00	206.5	207.0	203.0	204.5	281
13.04.2021 00:00	203.5	205.0	203.5	204.5	43
14.04.2021 00:00	205.0	206.0	203.0	204.5	138
15.04.2021 00:00	204.0	205.0	203.0	203.5	56
16.04.2021 00:00	206.0	206.0	203.5	204.5	79
19.04.2021 00:00	206.5	206.5	203.5	204.0	121
20.04.2021 00:00	203.0	208.5	203.0	204.0	511
21.04.2021 00:00	205.0	205.5	203.0	204.5	141
22.04.2021 00:00	203.5	205.0	202.5	204.5	111
23.04.2021 00:00	203.5	205.0	201.0	204.5	260
26.04.2021 00:00	202.0	205.0	202.0	203.0	41
27.04.2021 00:00	203.0	204.0	202.0	203.5	206
28.04.2021 00:00	203.0	203.0	201.0	202.0	68
29.04.2021 00:00	203.0	203.5	201.0	201.0	135
30.04.2021 00:00	200.5	202.5	200.5	201.5	56
04.05.2021 00:00	200.5	202.0	198.0	199.0	320
05.05.2021 00:00	199.0	202.0	194.0	197.5	338
06.05.2021 00:00	197.0	198.5	196.0	196.0	103
07.05.2021 00:00	198.5	198.5	195.0	196.5	138
10.05.2021 00:00	198.0	199.5	196.5	199.0	42
11.05.2021 00:00	197.0	199.5	196.5	197.0	76
12.05.2021 00:00	196.5	198.0	196.0	198.0	37
13.05.2021 00:00	198.5	198.5	196.0	197.0	52
14.05.2021 00:00	198.5	199.5	195.5	196.5	172
17.05.2021 00:00	200.0	207.5	198.0	202.0	800
18.05.2021 00:00	203.0	204.0	200.0	201.5	278
19.05.2021 00:00	204.0	204.0	200.0	202.0	24
20.05.2021 00:00	200.0	204.0	200.0	203.0	87
21.05.2021 00:00	201.5	204.0	201.0	201.0	56
24.05.2021 00:00	202.5	203.5	200.5	202.0	29
25.05.2021 00:00	202.0	204.5	195.0	197.0	646
26.05.2021 00:00	199.0	199.5	197.0	199.0	88
27.05.2021 00:00	197.0	200.0	196.0	199.0	159
28.05.2021 00:00	200.0	200.0	198.0	199.5	43
31.05.2021 00:00	201.0	201.0	199.5	200.5	50
01.06.2021 00:00	202.0	202.0	198.5	201.0	78
02.06.2021 00:00	199.0	210.0	199.0	205.0	1178
03.06.2021 00:00	205.5	205.5	202.5	205.0	55
04.06.2021 00:00	206.0	209.0	198.0	201.5	180
07.06.2021 00:00	201.0	202.5	201.0	202.0	29
08.06.2021 00:00	202.5	203.5	202.0	202.0	44
09.06.2021 00:00	203.5	205.0	201.0	202.0	59
10.06.2021 00:00	204.0	204.0	202.0	202.0	38
11.06.2021 00:00	201.0	204.0	200.0	201.0	122
14.06.2021 00:00	202.0	202.0	199.0	201.0	48
15.06.2021 00:00	200.0	202.0	200.0	202.0	26
16.06.2021 00:00	201.5	207.0	198.0	204.0	328
17.06.2021 00:00	205.0	205.0	201.0	205.0	81
18.06.2021 00:00	203.0	221.0	202.5	208.0	1331
21.06.2021 00:00	205.0	221.0	204.5	205.5	2700
22.06.2021 00:00	205.5	214.5	204.0	206.0	1189
23.06.2021 00:00	205.0	213.0	201.0	208.0	937
24.06.2021 00:00	212.0	214.0	205.0	207.5	345
25.06.2021 00:00	208.0	210.0	205.0	205.5	69
28.06.2021 00:00	206.0	206.0	203.0	205.5	209
29.06.2021 00:00	204.5	205.0	203.5	203.5	20
30.06.2021 00:00	205.0	205.0	203.0	204.0	30
01.07.2021 00:00	204.0	204.5	202.5	202.5	28
02.07.2021 00:00	202.5	207.0	202.5	205.5	71
05.07.2021 00:00	207.0	207.0	204.0	206.5	55
06.07.2021 00:00	204.5	207.0	204.5	205.0	51
07.07.2021 00:00	205.0	209.5	203.5	205.0	147
08.07.2021 00:00	205.0	205.5	201.5	202.0	220
09.07.2021 00:00	202.5	202.5	196.0	199.0	292
12.07.2021 00:00	200.0	205.0	198.0	204.5	207
13.07.2021 00:00	201.0	203.0	200.0	202.0	260
14.07.2021 00:00	200.0	207.0	200.0	203.0	204
15.07.2021 00:00	201.5	203.0	201.5	202.0	18
16.07.2021 00:00	202.5	203.0	200.0	200.5	75
19.07.2021 00:00	200.0	200.0	198.0	199.0	194
20.07.2021 00:00	198.5	198.5	195.0	195.5	230
21.07.2021 00:00	195.5	204.0	195.5	199.0	115
22.07.2021 00:00	199.5	199.5	197.5	199.5	24
23.07.2021 00:00	200.0	200.0	197.5	197.5	31
26.07.2021 00:00	197.0	201.0	197.0	201.0	57
27.07.2021 00:00	201.0	201.0	199.0	200.0	38
28.07.2021 00:00	199.0	201.5	199.0	199.5	37
29.07.2021 00:00	200.5	201.5	200.0	201.5	17
30.07.2021 00:00	202.5	203.0	200.5	202.5	16
02.08.2021 00:00	204.0	204.0	199.5	203.0	48
03.08.2021 00:00	200.5	201.5	198.0	199.5	181
04.08.2021 00:00	200.0	203.5	200.0	203.0	132
05.08.2021 00:00	200.5	202.0	197.0	200.0	269
06.08.2021 00:00	200.0	201.0	200.0	200.5	15
09.08.2021 00:00	200.0	201.0	198.5	201.0	36
10.08.2021 00:00	201.0	201.0	199.0	200.0	31
11.08.2021 00:00	201.0	205.0	201.0	203.0	144
12.08.2021 00:00	205.0	207.0	203.0	205.5	252
13.08.2021 00:00	205.5	209.0	202.0	209.0	423
16.08.2021 00:00	209.5	219.0	206.0	210.0	1098
17.08.2021 00:00	209.5	215.5	206.0	209.0	327
18.08.2021 00:00	208.0	211.0	206.5	209.0	206
19.08.2021 00:00	207.5	216.0	206.0	216.0	172
20.08.2021 00:00	210.0	215.0	207.5	215.0	236
23.08.2021 00:00	215.0	215.0	209.0	214.0	236
24.08.2021 00:00	209.0	213.0	209.0	213.0	77
25.08.2021 00:00	210.0	211.5	209.5	211.5	26
26.08.2021 00:00	209.5	213.0	208.5	213.0	46
27.08.2021 00:00	209.5	219.0	208.0	217.5	342
30.08.2021 00:00	211.0	214.0	210.0	212.5	334
31.08.2021 00:00	211.0	239.0	211.0	233.0	2364
01.09.2021 00:00	235.0	241.0	218.0	228.0	841
02.09.2021 00:00	226.0	230.0	221.5	222.0	177
03.09.2021 00:00	230.5	230.5	219.0	220.0	161
06.09.2021 00:00	229.0	237.0	216.0	225.0	740
07.09.2021 00:00	219.0	220.5	208.5	212.0	919
08.09.2021 00:00	214.0	214.5	206.5	210.0	718
09.09.2021 00:00	210.0	210.0	204.0	209.5	677
10.09.2021 00:00	207.5	215.0	206.0	210.0	474
13.09.2021 00:00	207.5	214.0	207.5	211.0	328
14.09.2021 00:00	209.5	238.5	209.5	213.0	4422
15.09.2021 00:00	214.0	220.0	208.0	208.5	1234
16.09.2021 00:00	210.0	229.0	210.0	211.0	688
17.09.2021 00:00	213.5	227.0	212.0	216.0	1112
20.09.2021 00:00	220.0	226.0	207.0	211.0	798
21.09.2021 00:00	209.5	212.0	205.0	208.0	682
22.09.2021 00:00	208.0	208.0	205.0	207.0	158
23.09.2021 00:00	208.0	208.0	205.5	207.0	168
24.09.2021 00:00	206.5	210.0	205.0	209.0	260
27.09.2021 00:00	207.0	217.5	206.0	217.5	352
28.09.2021 00:00	210.0	217.0	210.0	217.0	69
29.09.2021 00:00	217.0	217.0	212.5	214.0	109
30.09.2021 00:00	214.0	215.0	212.5	215.0	31
01.10.2021 00:00	215.0	215.0	210.0	212.0	76
04.10.2021 00:00	212.5	215.0	211.0	213.0	122
05.10.2021 00:00	212.5	216.0	203.5	209.0	685
06.10.2021 00:00	208.0	213.5	206.0	207.0	105
07.10.2021 00:00	209.0	214.0	208.5	210.5	150
08.10.2021 00:00	208.5	211.5	208.0	208.0	189
11.10.2021 00:00	211.0	212.0	206.0	211.0	120
12.10.2021 00:00	210.5	221.0	209.0	211.0	402
13.10.2021 00:00	210.5	213.5	210.0	213.5	145
14.10.2021 00:00	211.5	220.0	211.5	220.0	175
15.10.2021 00:00	220.0	224.0	214.0	218.0	319
18.10.2021 00:00	215.0	218.0	214.0	214.0	46
19.10.2021 00:00	218.0	234.0	212.0	213.0	1901
20.10.2021 00:00	212.0	215.0	197.0	208.0	1558
21.10.2021 00:00	208.5	211.0	203.0	204.0	859
22.10.2021 00:00	206.0	207.5	203.5	206.0	123
25.10.2021 00:00	205.5	211.0	203.0	208.0	719
26.10.2021 00:00	207.0	222.0	205.0	208.0	1532
27.10.2021 00:00	206.0	210.0	201.0	204.5	496
28.10.2021 00:00	204.5	205.5	202.0	203.5	164
29.10.2021 00:00	204.0	205.0	200.5	203.5	190
01.11.2021 00:00	203.5	206.5	200.0	205.5	370
02.11.2021 00:00	206.5	207.5	202.5	204.0	82
03.11.2021 00:00	202.0	203.5	202.0	202.0	38
05.11.2021 00:00	203.0	203.0	202.0	202.0	23
08.11.2021 00:00	202.0	204.5	201.0	203.0	148
09.11.2021 00:00	203.0	203.0	201.0	203.0	77
10.11.2021 00:00	201.5	203.0	200.0	202.5	97
11.11.2021 00:00	200.5	208.0	200.0	205.0	275
12.11.2021 00:00	203.0	206.5	203.0	204.0	22
15.11.2021 00:00	204.5	204.5	201.5	201.5	61
16.11.2021 00:00	201.0	202.0	201.0	201.5	52
17.11.2021 00:00	201.0	202.0	199.5	200.0	150
18.11.2021 00:00	200.0	203.0	199.0	200.5	173
19.11.2021 00:00	199.0	202.0	196.5	199.5	158
22.11.2021 00:00	197.0	198.0	195.5	198.0	104
23.11.2021 00:00	195.0	198.0	193.5	196.5	230
24.11.2021 00:00	196.0	198.0	196.0	197.0	25
25.11.2021 00:00	195.0	198.5	195.0	198.0	21
26.11.2021 00:00	196.0	198.0	194.5	197.0	90
29.11.2021 00:00	197.0	197.0	195.0	196.0	49
30.11.2021 00:00	195.0	200.0	194.0	199.0	171
01.12.2021 00:00	196.0	199.0	196.0	197.0	18
02.12.2021 00:00	197.5	197.5	196.5	197.0	22
03.12.2021 00:00	196.0	200.0	196.0	196.0	74
06.12.2021 00:00	196.0	196.0	195.0	195.0	54
07.12.2021 00:00	195.5	196.5	195.0	196.5	87
08.12.2021 00:00	197.0	199.0	196.0	196.0	50
09.12.2021 00:00	198.0	198.0	196.0	196.5	16
10.12.2021 00:00	196.0	197.0	196.0	197.0	5
13.12.2021 00:00	195.5	195.5	188.0	188.0	262
14.12.2021 00:00	185.0	193.0	185.0	188.0	51
15.12.2021 00:00	191.0	191.0	188.0	188.5	18
16.12.2021 00:00	188.0	199.0	188.0	191.5	94
17.12.2021 00:00	195.0	196.0	189.5	190.5	58
20.12.2021 00:00	194.0	194.0	189.0	189.5	30
21.12.2021 00:00	189.5	189.5	184.5	185.0	252
22.12.2021 00:00	185.0	190.5	184.0	187.0	167
23.12.2021 00:00	186.0	187.5	184.0	187.0	73
24.12.2021 00:00	185.0	187.5	184.0	187.5	48
27.12.2021 00:00	185.5	188.0	180.0	186.0	267
28.12.2021 00:00	184.0	186.0	183.0	184.5	132
29.12.2021 00:00	185.0	185.0	182.0	183.0	152
30.12.2021 00:00	182.0	183.0	180.0	183.0	232
03.01.2022 00:00	182.0	186.0	182.0	185.5	39
04.01.2022 00:00	186.0	188.5	184.5	186.0	67
05.01.2022 00:00	186.5	188.0	186.0	186.5	19
06.01.2022 00:00	187.0	187.0	183.5	185.5	58
10.01.2022 00:00	186.0	187.5	181.5	184.5	122
11.01.2022 00:00	184.5	187.0	183.0	184.0	70
12.01.2022 00:00	186.5	187.5	185.0	185.0	97
13.01.2022 00:00	187.0	187.0	183.5	186.5	40
14.01.2022 00:00	185.0	185.0	179.0	179.0	524
17.01.2022 00:00	178.0	183.0	177.0	183.0	226
18.01.2022 00:00	178.0	184.5	174.0	177.0	123
19.01.2022 00:00	171.0	184.5	171.0	178.0	145
20.01.2022 00:00	179.0	183.0	176.0	183.0	30
21.01.2022 00:00	178.0	181.0	174.0	177.0	153
24.01.2022 00:00	177.0	177.0	160.0	166.0	469
25.01.2022 00:00	173.5	173.5	169.0	170.0	13
26.01.2022 00:00	169.0	170.0	165.0	170.0	63
27.01.2022 00:00	170.0	174.5	167.5	174.0	85
28.01.2022 00:00	170.0	171.0	160.5	168.5	463
31.01.2022 00:00	169.0	174.0	169.0	174.0	74
01.02.2022 00:00	173.5	175.0	170.0	171.0	65
02.02.2022 00:00	174.0	180.0	170.0	171.5	219
03.02.2022 00:00	170.0	170.0	160.0	167.0	218
04.02.2022 00:00	168.0	168.0	166.0	166.5	12
07.02.2022 00:00	167.0	168.0	165.5	167.0	32
08.02.2022 00:00	166.0	169.0	166.0	169.0	10
09.02.2022 00:00	169.0	174.0	169.0	169.0	43
10.02.2022 00:00	169.0	171.0	169.0	170.0	17
11.02.2022 00:00	171.5	171.5	170.0	170.5	7
14.02.2022 00:00	169.0	172.0	162.0	168.0	214
15.02.2022 00:00	166.0	170.0	166.0	168.0	148
16.02.2022 00:00	170.0	173.5	166.5	173.0	1995
17.02.2022 00:00	174.0	174.0	168.5	172.0	59
18.02.2022 00:00	170.0	172.5	166.0	172.0	116
21.02.2022 00:00	171.5	171.5	150.0	152.5	521
22.02.2022 00:00	150.0	160.0	136.0	160.0	358
24.02.2022 00:00	144.0	152.5	95.0	110.5	1203
25.02.2022 00:00	110.0	154.0	110.0	154.0	354
28.03.2022 00:00	154.0	200.0	130.0	160.0	279
29.03.2022 00:00	165.0	168.0	151.0	167.0	187
30.03.2022 00:00	167.0	175.0	150.0	166.5	255
31.03.2022 00:00	157.5	209.5	151.5	204.0	2138
01.04.2022 00:00	204.0	204.0	183.0	189.0	578
04.04.2022 00:00	189.5	190.0	180.0	187.5	175
05.04.2022 00:00	173.0	189.0	173.0	184.0	177
06.04.2022 00:00	183.0	187.5	180.5	185.5	80
07.04.2022 00:00	187.5	189.0	187.0	188.0	218
08.04.2022 00:00	189.0	220.0	180.0	183.5	3312
11.04.2022 00:00	184.5	184.5	179.0	184.0	136
12.04.2022 00:00	183.0	183.5	168.0	176.0	910
13.04.2022 00:00	175.5	195.0	169.0	177.5	398
14.04.2022 00:00	178.0	191.0	177.0	178.0	218
15.04.2022 00:00	178.0	189.0	172.0	178.0	121
18.04.2022 00:00	177.5	182.5	175.0	182.5	131
19.04.2022 00:00	176.5	181.0	173.5	179.5	206
20.04.2022 00:00	176.0	178.0	173.0	175.0	133
21.04.2022 00:00	173.0	175.0	170.5	175.0	83
22.04.2022 00:00	174.0	174.0	170.0	172.0	42
25.04.2022 00:00	171.0	172.0	162.0	165.0	173
26.04.2022 00:00	164.5	170.0	156.0	165.5	714
27.04.2022 00:00	164.0	169.5	162.5	166.5	150
28.04.2022 00:00	166.5	170.5	166.0	170.0	164
29.04.2022 00:00	170.0	172.0	169.0	172.0	88
04.05.2022 00:00	172.0	175.0	165.0	172.0	86
05.05.2022 00:00	172.0	178.0	170.0	173.0	85
06.05.2022 00:00	172.0	178.5	169.0	178.5	59
11.05.2022 00:00	178.5	178.5	170.0	172.0	68
12.05.2022 00:00	172.5	175.0	170.5	175.0	44
13.05.2022 00:00	177.5	177.5	170.0	174.0	38
16.05.2022 00:00	174.0	185.0	171.5	179.0	466
17.05.2022 00:00	179.0	179.0	175.5	178.5	95
18.05.2022 00:00	178.5	178.5	169.5	174.0	433
19.05.2022 00:00	172.0	173.5	171.0	173.0	35
20.05.2022 00:00	173.0	173.5	170.5	172.0	157
23.05.2022 00:00	172.0	173.5	171.0	171.5	108
24.05.2022 00:00	171.5	172.0	169.5	169.5	62
25.05.2022 00:00	169.5	169.5	166.0	166.5	278
26.05.2022 00:00	166.5	168.5	166.5	168.0	21
27.05.2022 00:00	168.0	179.0	166.0	170.0	405
30.05.2022 00:00	172.5	173.5	171.0	171.0	14
31.05.2022 00:00	172.5	172.5	167.5	168.5	83
01.06.2022 00:00	170.0	170.0	167.0	168.0	83
02.06.2022 00:00	171.0	171.0	167.0	168.5	125
03.06.2022 00:00	169.0	170.5	167.0	167.5	102
06.06.2022 00:00	167.5	170.0	167.0	170.0	21
07.06.2022 00:00	170.0	172.0	167.0	170.5	192
08.06.2022 00:00	171.5	172.0	168.5	172.0	16
09.06.2022 00:00	172.0	172.0	170.0	170.0	12
10.06.2022 00:00	170.0	170.5	168.0	169.0	39
14.06.2022 00:00	171.0	171.0	165.5	167.0	335
15.06.2022 00:00	166.5	173.0	166.0	169.5	210
16.06.2022 00:00	170.0	173.5	169.0	173.0	141
17.06.2022 00:00	172.5	174.0	171.0	172.0	155
20.06.2022 00:00	171.5	176.0	171.5	174.0	58
21.06.2022 00:00	176.0	176.0	172.0	176.0	56
22.06.2022 00:00	177.0	177.0	170.5	173.0	92
23.06.2022 00:00	173.0	174.0	171.0	171.5	215
24.06.2022 00:00	172.5	174.0	172.0	173.0	59
27.06.2022 00:00	174.0	178.0	173.0	173.0	322
28.06.2022 00:00	176.0	176.5	174.0	176.5	101
29.06.2022 00:00	178.0	178.0	173.0	175.5	70
30.06.2022 00:00	174.0	175.5	166.0	170.0	428
01.07.2022 00:00	170.0	177.5	166.5	177.5	256
04.07.2022 00:00	174.0	179.0	174.0	178.0	94
05.07.2022 00:00	178.0	180.0	175.5	176.5	61
06.07.2022 00:00	175.5	179.5	175.5	179.0	55
07.07.2022 00:00	175.0	179.0	175.0	177.0	74
08.07.2022 00:00	177.5	178.0	175.5	176.5	23
11.07.2022 00:00	178.0	179.0	177.0	179.0	361
12.07.2022 00:00	179.0	179.0	174.5	176.5	210
13.07.2022 00:00	177.0	178.0	174.0	175.0	118
14.07.2022 00:00	175.0	176.5	174.5	175.0	137
15.07.2022 00:00	175.5	176.5	175.0	175.5	46
18.07.2022 00:00	176.0	179.5	175.0	175.0	48
19.07.2022 00:00	174.5	179.0	174.5	175.0	227
20.07.2022 00:00	177.5	179.0	175.5	176.5	112
21.07.2022 00:00	177.5	178.0	176.5	178.0	23
22.07.2022 00:00	178.5	179.0	178.0	179.0	15
25.07.2022 00:00	179.0	179.0	178.0	179.0	28
26.07.2022 00:00	177.0	179.0	177.0	179.0	31
27.07.2022 00:00	175.5	179.5	175.5	178.5	30
28.07.2022 00:00	178.5	179.0	178.5	178.5	21
29.07.2022 00:00	179.5	179.5	179.0	179.0	9
01.08.2022 00:00	179.0	179.5	178.5	179.0	60
02.08.2022 00:00	180.0	180.0	178.5	178.5	8
03.08.2022 00:00	179.0	179.0	178.0	178.0	21
04.08.2022 00:00	178.0	178.0	177.5	177.5	14
05.08.2022 00:00	178.0	178.0	172.0	174.0	52
08.08.2022 00:00	174.0	178.0	174.0	178.0	20
09.08.2022 00:00	178.0	178.0	178.0	178.0	38
10.08.2022 00:00	178.0	179.0	177.5	179.0	42
11.08.2022 00:00	177.5	180.0	177.0	178.0	230
12.08.2022 00:00	179.0	188.0	179.0	188.0	150
15.08.2022 00:00	189.0	200.0	187.5	190.5	323
16.08.2022 00:00	192.0	211.0	191.0	194.5	946
17.08.2022 00:00	194.5	196.0	189.0	189.0	116
18.08.2022 00:00	191.0	198.5	187.0	193.5	197
19.08.2022 00:00	195.0	195.0	188.5	188.5	102
22.08.2022 00:00	187.5	190.0	180.0	189.5	356
23.08.2022 00:00	190.5	198.0	187.0	189.5	131
24.08.2022 00:00	189.0	193.0	187.0	190.0	68
25.08.2022 00:00	188.0	190.0	187.0	188.0	78
26.08.2022 00:00	188.0	190.0	187.5	190.0	47
29.08.2022 00:00	190.0	197.5	190.0	194.0	198
30.08.2022 00:00	193.0	197.0	190.5	192.5	230
31.08.2022 00:00	189.0	193.5	188.5	190.0	209
01.09.2022 00:00	188.5	194.0	188.5	192.0	204
02.09.2022 00:00	191.5	193.0	189.0	190.0	163
05.09.2022 00:00	190.0	194.0	187.0	190.0	333
06.09.2022 00:00	191.0	200.0	189.0	192.5	616
07.09.2022 00:00	199.0	205.0	190.0	205.0	568
08.09.2022 00:00	195.0	206.0	195.0	199.0	279
09.09.2022 00:00	205.5	206.0	196.5	200.0	241
12.09.2022 00:00	201.0	203.0	199.0	202.0	140
13.09.2022 00:00	202.5	204.0	197.0	200.5	251
14.09.2022 00:00	203.0	220.0	203.0	206.0	1341
15.09.2022 00:00	208.5	218.5	206.0	216.0	402
16.09.2022 00:00	218.0	218.0	204.0	208.0	565
19.09.2022 00:00	214.0	214.0	202.0	204.0	331
20.09.2022 00:00	203.5	213.0	188.0	190.0	1057
21.09.2022 00:00	190.0	190.0	164.0	188.0	1134
22.09.2022 00:00	190.0	203.0	177.0	200.5	541
23.09.2022 00:00	201.0	203.0	182.5	183.5	477
26.09.2022 00:00	199.0	207.0	157.0	170.0	1449
27.09.2022 00:00	174.5	196.0	170.5	173.0	650
28.09.2022 00:00	188.5	202.0	174.0	184.0	958
29.09.2022 00:00	173.5	185.0	167.5	168.5	893
30.09.2022 00:00	166.0	196.0	164.0	172.5	2377
03.10.2022 00:00	179.5	180.0	168.5	177.0	69
04.10.2022 00:00	180.0	197.0	170.5	174.5	272
05.10.2022 00:00	175.0	176.0	172.5	175.0	64
06.10.2022 00:00	175.0	186.0	167.0	170.0	719
07.10.2022 00:00	169.5	173.0	167.0	169.0	89
10.10.2022 00:00	169.5	170.0	166.5	170.0	108
11.10.2022 00:00	170.0	170.0	167.0	168.5	87
12.10.2022 00:00	169.0	174.0	169.0	172.5	152
13.10.2022 00:00	172.5	176.0	172.0	176.0	131
14.10.2022 00:00	174.5	180.0	174.0	174.0	117
17.10.2022 00:00	176.0	176.5	174.0	176.5	69
18.10.2022 00:00	176.0	177.0	175.0	175.0	32
19.10.2022 00:00	175.0	179.5	174.5	179.5	120
20.10.2022 00:00	181.0	183.0	176.5	183.0	46
21.10.2022 00:00	183.0	184.0	178.5	182.0	31
24.10.2022 00:00	182.0	195.5	170.5	183.0	463
25.10.2022 00:00	180.0	189.0	178.5	185.0	214
26.10.2022 00:00	186.0	186.0	182.0	186.0	67
27.10.2022 00:00	186.0	190.0	182.5	188.0	59
28.10.2022 00:00	187.0	188.0	185.5	187.5	32
31.10.2022 00:00	187.0	188.5	182.0	185.5	154
01.11.2022 00:00	187.0	187.0	185.0	185.0	22
02.11.2022 00:00	186.0	186.0	182.0	182.0	36
03.11.2022 00:00	182.0	183.5	181.0	183.5	69
07.11.2022 00:00	184.0	187.0	184.0	186.5	57
08.11.2022 00:00	186.5	186.5	177.5	180.0	392
09.11.2022 00:00	180.5	182.0	180.0	181.5	28
10.11.2022 00:00	182.0	182.0	180.0	181.5	157
11.11.2022 00:00	181.5	181.5	180.5	181.5	9
14.11.2022 00:00	182.0	182.5	180.0	181.0	64
15.11.2022 00:00	182.0	182.0	180.0	181.5	62
16.11.2022 00:00	182.0	210.0	180.5	193.5	1334
17.11.2022 00:00	200.0	200.0	188.0	188.0	299
18.11.2022 00:00	191.0	194.0	187.0	187.0	141
21.11.2022 00:00	191.0	194.0	185.0	185.0	315
22.11.2022 00:00	186.5	191.0	186.0	186.0	242
23.11.2022 00:00	187.5	191.0	186.0	188.0	137
24.11.2022 00:00	187.0	192.0	185.5	186.5	96
25.11.2022 00:00	187.5	191.0	186.0	186.5	71
28.11.2022 00:00	188.0	196.0	187.0	187.0	171
29.11.2022 00:00	191.0	201.0	189.5	189.5	472
30.11.2022 00:00	191.0	198.0	188.5	190.0	157
01.12.2022 00:00	192.0	200.0	190.5	193.5	367
02.12.2022 00:00	199.0	199.0	188.5	192.0	169
05.12.2022 00:00	193.0	195.0	190.5	194.5	43
06.12.2022 00:00	191.0	193.5	190.0	193.5	71
07.12.2022 00:00	191.0	194.0	191.0	194.0	7
08.12.2022 00:00	192.5	194.0	190.0	193.0	40
09.12.2022 00:00	193.0	194.5	191.5	194.0	31
12.12.2022 00:00	194.5	194.5	187.0	191.5	165
13.12.2022 00:00	190.0	191.0	189.0	189.0	19
14.12.2022 00:00	189.0	190.0	185.0	188.5	102
15.12.2022 00:00	186.0	188.0	186.0	188.0	13
16.12.2022 00:00	186.0	191.0	183.0	189.0	147
19.12.2022 00:00	189.0	189.0	185.0	186.0	30
20.12.2022 00:00	186.0	188.0	185.0	188.0	23
21.12.2022 00:00	186.5	189.0	186.5	188.5	145
22.12.2022 00:00	189.0	191.5	186.0	190.0	238
23.12.2022 00:00	190.0	197.5	184.5	191.0	395
26.12.2022 00:00	189.0	190.0	188.0	188.5	78
27.12.2022 00:00	188.0	194.5	185.0	188.0	350
28.12.2022 00:00	188.0	188.0	183.5	185.5	149
29.12.2022 00:00	185.5	194.0	184.5	189.0	317
30.12.2022 00:00	193.5	227.5	189.0	192.0	5426
03.01.2023 00:00	200.0	200.0	188.0	190.5	460
04.01.2023 00:00	192.0	192.0	190.0	190.0	53
05.01.2023 00:00	191.5	191.5	188.5	189.0	193
06.01.2023 00:00	189.0	192.0	188.0	192.0	146
09.01.2023 00:00	191.5	195.0	187.0	192.5	305
10.01.2023 00:00	194.0	198.5	193.0	195.0	215
11.01.2023 00:00	197.0	205.0	195.0	205.0	548
12.01.2023 00:00	205.0	209.0	200.0	204.0	265
13.01.2023 00:00	204.0	210.0	203.0	209.5	391
16.01.2023 00:00	210.0	215.0	206.5	207.0	382
17.01.2023 00:00	208.0	213.0	201.5	212.5	208
18.01.2023 00:00	203.0	218.0	203.0	214.5	543
19.01.2023 00:00	215.0	219.0	208.0	215.0	261
20.01.2023 00:00	212.0	218.0	206.0	209.5	300
23.01.2023 00:00	205.5	218.0	202.0	212.0	462
24.01.2023 00:00	211.5	230.0	206.0	222.0	1474
25.01.2023 00:00	222.0	234.0	222.0	232.5	1316
26.01.2023 00:00	235.0	271.0	225.5	264.0	4918
27.01.2023 00:00	276.0	356.0	264.5	309.0	29679
30.01.2023 00:00	317.5	419.5	310.0	397.0	63333
31.01.2023 00:00	389.0	389.0	315.5	338.5	11128
01.02.2023 00:00	338.0	338.0	310.0	316.0	4335
02.02.2023 00:00	318.0	334.5	301.0	321.0	5539
03.02.2023 00:00	322.5	328.0	311.5	319.0	1295
06.02.2023 00:00	328.0	340.0	311.5	323.5	4991
07.02.2023 00:00	329.0	329.0	314.0	322.0	904
08.02.2023 00:00	323.0	326.0	314.5	318.0	1700
09.02.2023 00:00	320.0	327.5	306.0	311.5	2998
10.02.2023 00:00	314.0	314.0	291.5	302.0	969
13.02.2023 00:00	302.5	305.0	292.5	296.5	880
14.02.2023 00:00	310.0	310.0	280.0	283.0	1375
15.02.2023 00:00	284.0	284.0	255.0	264.0	1976
16.02.2023 00:00	267.0	300.0	260.5	263.0	2203
17.02.2023 00:00	271.0	279.0	263.0	273.0	1300
20.02.2023 00:00	273.0	275.0	262.0	269.0	385
21.02.2023 00:00	274.0	304.0	256.5	283.5	5318
22.02.2023 00:00	283.5	303.0	277.0	277.0	1199
24.02.2023 00:00	277.5	293.0	270.0	278.0	999
27.02.2023 00:00	276.0	288.0	274.0	279.0	627
28.02.2023 00:00	281.0	286.0	278.0	283.0	344
01.03.2023 00:00	284.0	355.0	284.0	342.0	39392
02.03.2023 00:00	353.0	353.0	306.0	308.5	7296
03.03.2023 00:00	308.5	330.0	308.0	311.5	4468
06.03.2023 00:00	312.0	323.0	310.0	316.0	2345
07.03.2023 00:00	319.0	319.0	312.0	317.5	672
09.03.2023 00:00	318.0	320.0	313.0	315.0	577
10.03.2023 00:00	312.5	316.0	311.0	311.0	366
13.03.2023 00:00	311.0	315.0	307.5	309.5	593
14.03.2023 00:00	308.5	327.0	308.0	320.5	2499
15.03.2023 00:00	319.0	330.0	313.5	317.0	963
16.03.2023 00:00	317.0	324.0	310.5	318.0	961
17.03.2023 00:00	318.0	328.0	311.0	311.0	1126
20.03.2023 00:00	315.0	315.0	310.0	312.5	504
21.03.2023 00:00	311.0	319.0	309.0	313.0	649
22.03.2023 00:00	312.0	314.5	309.0	313.0	335
23.03.2023 00:00	313.5	330.0	311.5	317.0	2290
24.03.2023 00:00	317.0	324.0	314.0	320.5	561
27.03.2023 00:00	323.5	325.0	314.0	320.0	998
28.03.2023 00:00	320.0	326.0	317.5	322.0	627
29.03.2023 00:00	323.0	338.0	322.0	329.5	2015
30.03.2023 00:00	330.0	364.0	323.0	339.5	5702
31.03.2023 00:00	340.0	345.0	327.0	332.5	1368
03.04.2023 00:00	333.0	350.0	327.0	338.5	919
04.04.2023 00:00	340.0	340.0	334.0	335.0	500
05.04.2023 00:00	335.0	350.0	331.0	341.0	1555
06.04.2023 00:00	345.0	445.0	336.0	407.0	30825
07.04.2023 00:00	410.0	421.0	386.0	398.0	3111
10.04.2023 00:00	404.5	406.0	387.5	395.0	1512
11.04.2023 00:00	396.0	396.0	375.0	387.0	1630
12.04.2023 00:00	387.0	396.0	345.5	394.5	9111
13.04.2023 00:00	394.5	396.0	380.0	385.0	1455
14.04.2023 00:00	385.0	394.5	385.0	392.5	1001
17.04.2023 00:00	399.0	399.0	393.0	397.0	1135
18.04.2023 00:00	401.0	403.0	385.0	392.5	1519
19.04.2023 00:00	392.5	393.0	375.5	383.5	1190
20.04.2023 00:00	382.5	388.5	370.0	379.5	1063
21.04.2023 00:00	381.0	387.0	374.5	383.0	446
24.04.2023 00:00	383.0	383.0	375.5	378.0	442
25.04.2023 00:00	378.0	380.0	375.0	376.0	413
26.04.2023 00:00	377.0	377.0	374.5	377.0	214
27.04.2023 00:00	379.0	379.0	371.0	372.0	297
28.04.2023 00:00	376.5	377.0	367.0	367.0	222
02.05.2023 00:00	365.0	365.0	337.0	343.0	1280
03.05.2023 00:00	351.0	351.0	327.5	332.0	1073
04.05.2023 00:00	334.5	338.0	330.0	333.0	333
05.05.2023 00:00	337.0	345.0	323.0	334.0	541
08.05.2023 00:00	335.0	340.5	329.5	339.0	169
10.05.2023 00:00	345.0	367.0	344.5	359.5	1275
11.05.2023 00:00	363.0	367.0	360.0	362.0	293
12.05.2023 00:00	359.0	364.0	355.5	359.0	117
15.05.2023 00:00	362.0	370.0	362.0	362.0	463
16.05.2023 00:00	368.0	371.5	358.0	359.0	313
17.05.2023 00:00	358.5	360.0	269.5	353.0	971
18.05.2023 00:00	356.0	359.0	354.5	357.0	122
19.05.2023 00:00	358.0	358.0	345.0	348.0	153
22.05.2023 00:00	349.0	358.0	348.5	355.0	121
23.05.2023 00:00	355.0	357.5	348.5	348.5	93
24.05.2023 00:00	348.5	354.0	345.0	351.0	205
25.05.2023 00:00	351.0	359.0	346.5	356.0	340
26.05.2023 00:00	356.0	363.0	352.0	361.0	242
29.05.2023 00:00	361.0	370.0	358.5	366.5	420
30.05.2023 00:00	368.5	369.5	359.0	359.5	286
31.05.2023 00:00	359.5	367.5	336.5	349.5	626
01.06.2023 00:00	352.5	353.0	343.0	344.0	447
02.06.2023 00:00	336.0	345.0	336.0	341.0	366
05.06.2023 00:00	343.0	343.0	336.0	340.0	178
06.06.2023 00:00	344.0	387.5	339.5	345.5	2222
07.06.2023 00:00	345.5	345.5	340.0	340.5	259
08.06.2023 00:00	341.0	341.5	336.0	340.0	243
09.06.2023 00:00	339.0	342.5	337.5	338.5	166
13.06.2023 00:00	339.0	350.0	339.0	347.5	330
14.06.2023 00:00	345.0	360.0	345.0	348.0	452
15.06.2023 00:00	350.0	356.5	347.0	350.5	163
16.06.2023 00:00	352.0	352.0	344.0	345.5	135
19.06.2023 00:00	348.5	348.5	342.0	342.0	208
20.06.2023 00:00	343.0	351.5	342.5	344.0	249
21.06.2023 00:00	349.0	357.5	347.0	353.0	620
22.06.2023 00:00	357.0	357.0	351.0	353.0	161
23.06.2023 00:00	352.0	352.0	345.0	350.0	206
26.06.2023 00:00	343.0	350.0	342.5	346.0	222
27.06.2023 00:00	347.0	352.0	347.0	349.0	70
28.06.2023 00:00	350.0	353.0	349.0	349.0	212
29.06.2023 00:00	352.0	352.5	348.0	348.0	84
30.06.2023 00:00	348.5	352.0	348.0	349.5	200
03.07.2023 00:00	354.5	354.5	343.0	346.0	200
04.07.2023 00:00	353.5	353.5	344.0	345.0	198
05.07.2023 00:00	346.5	350.5	341.0	350.0	238
06.07.2023 00:00	343.5	352.0	341.5	348.0	192
07.07.2023 00:00	346.5	353.5	345.0	349.5	395
10.07.2023 00:00	351.5	352.5	341.0	350.0	280
11.07.2023 00:00	350.0	352.0	349.0	352.0	242
12.07.2023 00:00	352.0	354.0	349.0	352.0	520
13.07.2023 00:00	352.0	361.0	349.0	358.0	537
14.07.2023 00:00	360.0	370.0	355.5	366.0	530
17.07.2023 00:00	365.5	380.0	355.5	368.5	716
18.07.2023 00:00	372.0	379.5	359.5	365.5	713
19.07.2023 00:00	369.5	398.5	365.0	398.0	8063
20.07.2023 00:00	406.0	406.0	370.0	371.0	2404
21.07.2023 00:00	370.0	398.0	365.0	375.0	601
24.07.2023 00:00	379.0	396.0	373.0	377.0	1455
25.07.2023 00:00	383.0	390.0	373.0	377.0	888
26.07.2023 00:00	384.5	384.5	373.0	382.5	392
27.07.2023 00:00	385.0	389.0	375.0	385.0	493
28.07.2023 00:00	382.5	385.0	378.0	383.0	408
31.07.2023 00:00	379.5	384.0	379.5	383.5	1222
01.08.2023 00:00	388.0	388.0	381.0	384.0	389
02.08.2023 00:00	384.5	394.5	381.5	392.5	1079
03.08.2023 00:00	395.0	396.0	386.5	394.5	1114
04.08.2023 00:00	396.0	410.0	380.5	380.5	2490
07.08.2023 00:00	381.5	392.0	379.5	380.0	873
08.08.2023 00:00	386.0	386.0	367.0	374.0	530
09.08.2023 00:00	374.5	386.0	374.5	382.0	602
10.08.2023 00:00	382.0	419.0	377.5	419.0	3731
11.08.2023 00:00	420.0	470.0	418.0	429.5	6160
14.08.2023 00:00	418.0	440.0	400.0	412.5	1525
15.08.2023 00:00	404.5	570.0	388.0	521.0	32917
16.08.2023 00:00	521.0	562.5	463.0	471.0	11632
17.08.2023 00:00	480.5	491.0	457.0	481.0	1470
18.08.2023 00:00	482.0	490.0	463.0	476.0	1325
21.08.2023 00:00	474.0	489.0	460.0	484.0	1793
22.08.2023 00:00	484.5	484.5	472.5	477.0	871
23.08.2023 00:00	481.0	481.0	473.0	475.0	906
24.08.2023 00:00	473.0	473.0	461.5	468.0	569
25.08.2023 00:00	468.0	484.0	464.0	477.5	854
28.08.2023 00:00	478.0	598.0	478.0	545.0	19283
29.08.2023 00:00	562.0	747.0	554.0	724.0	40520
30.08.2023 00:00	796.0	977.0	731.0	883.5	20794
31.08.2023 00:00	883.5	888.5	815.0	816.0	4232
01.09.2023 00:00	824.0	943.0	754.0	885.0	11445
04.09.2023 00:00	890.0	911.0	825.0	877.0	4154
05.09.2023 00:00	879.0	1051.5	879.0	968.0	11566
06.09.2023 00:00	960.5	1000.0	875.0	946.5	2360
07.09.2023 00:00	941.0	946.5	870.0	870.0	2126
08.09.2023 00:00	870.0	871.0	797.0	843.0	1718
11.09.2023 00:00	843.0	1045.0	823.5	910.0	7492
12.09.2023 00:00	938.0	938.0	870.0	896.0	2229
13.09.2023 00:00	896.0	940.0	830.0	865.0	2436
14.09.2023 00:00	864.5	864.5	648.5	760.0	3148
15.09.2023 00:00	730.0	863.0	710.0	808.0	2582
18.09.2023 00:00	835.0	848.0	763.0	784.0	1619
19.09.2023 00:00	794.0	807.0	713.0	731.0	1304
20.09.2023 00:00	731.0	731.0	651.0	700.0	1019
21.09.2023 00:00	723.0	723.0	659.0	659.0	346
22.09.2023 00:00	658.5	725.0	645.5	701.0	1640
25.09.2023 00:00	730.0	748.0	688.5	710.0	1099
26.09.2023 00:00	734.0	744.5	700.0	716.5	837
27.09.2023 00:00	729.5	737.5	709.0	728.0	734
28.09.2023 00:00	733.5	775.0	733.5	769.0	930
29.09.2023 00:00	769.0	780.0	736.0	737.5	474
02.10.2023 00:00	740.0	759.5	721.0	721.0	516
03.10.2023 00:00	739.5	742.0	672.0	689.0	1000
04.10.2023 00:00	710.0	720.0	676.0	683.0	792
05.10.2023 00:00	683.0	710.0	662.0	689.5	871
06.10.2023 00:00	689.0	689.0	662.0	671.0	395
09.10.2023 00:00	662.0	689.5	660.0	677.5	688
10.10.2023 00:00	684.0	684.0	671.0	679.0	310
11.10.2023 00:00	685.5	715.0	679.0	692.5	889
12.10.2023 00:00	688.5	692.0	653.0	674.0	572
13.10.2023 00:00	674.0	685.5	666.0	675.0	222
16.10.2023 00:00	668.5	685.0	665.5	678.0	312
17.10.2023 00:00	678.0	688.0	670.0	680.5	323
18.10.2023 00:00	686.0	710.0	683.0	690.0	565
19.10.2023 00:00	690.0	696.0	680.5	684.0	166
20.10.2023 00:00	684.0	684.0	674.0	679.0	117
23.10.2023 00:00	700.0	700.0	660.0	666.5	290
24.10.2023 00:00	679.5	679.5	642.0	655.5	953
25.10.2023 00:00	659.0	670.0	656.0	665.0	265
26.10.2023 00:00	670.0	672.5	614.5	629.0	667
27.10.2023 00:00	630.0	760.0	629.0	726.0	11873
30.10.2023 00:00	740.0	769.0	687.0	690.0	2739
31.10.2023 00:00	696.5	696.5	652.5	657.0	1135
01.11.2023 00:00	661.5	694.0	652.5	677.5	1675
02.11.2023 00:00	689.5	709.0	650.0	654.0	1821
03.11.2023 00:00	654.0	674.0	636.0	648.0	753
06.11.2023 00:00	648.0	656.5	631.0	650.0	335
07.11.2023 00:00	656.0	657.0	643.0	647.0	281
08.11.2023 00:00	643.0	684.0	643.0	663.5	961
09.11.2023 00:00	661.0	664.5	629.0	630.0	911
10.11.2023 00:00	630.0	642.5	603.0	611.0	689
13.11.2023 00:00	603.5	622.5	570.0	581.5	718
14.11.2023 00:00	577.0	577.0	442.0	485.5	3271
15.11.2023 00:00	486.0	559.5	476.5	537.5	2375
16.11.2023 00:00	540.0	574.0	537.5	564.0	1485
17.11.2023 00:00	564.0	605.0	555.0	578.0	960
20.11.2023 00:00	579.5	620.0	572.5	614.0	1971
21.11.2023 00:00	616.0	652.0	602.5	607.0	3225
22.11.2023 00:00	605.0	620.0	585.0	594.0	1067
23.11.2023 00:00	594.0	594.5	556.0	556.0	567
24.11.2023 00:00	551.0	610.0	551.0	610.0	1346
27.11.2023 00:00	620.0	634.5	573.0	591.0	1885
28.11.2023 00:00	582.5	584.5	578.0	579.0	349
29.11.2023 00:00	589.5	591.0	578.0	578.0	328
30.11.2023 00:00	582.5	600.0	579.0	580.0	300
01.12.2023 00:00	589.5	605.0	561.0	561.0	668
04.12.2023 00:00	567.0	567.0	487.0	496.0	1324
05.12.2023 00:00	496.0	519.0	473.5	494.5	656
06.12.2023 00:00	502.0	539.0	486.5	488.0	916
07.12.2023 00:00	497.0	532.5	462.5	496.0	915
08.12.2023 00:00	490.0	506.5	485.0	506.0	369
11.12.2023 00:00	505.5	519.0	491.0	500.0	505
12.12.2023 00:00	496.0	496.0	473.0	486.5	551
13.12.2023 00:00	486.5	499.5	467.0	491.0	425
14.12.2023 00:00	493.0	522.0	485.0	496.5	873
15.12.2023 00:00	497.0	507.0	481.0	497.5	274
18.12.2023 00:00	499.5	543.5	498.0	535.0	840
19.12.2023 00:00	545.0	560.0	520.5	540.5	634
20.12.2023 00:00	540.0	553.0	525.5	545.5	301
21.12.2023 00:00	544.5	590.5	544.5	573.0	1309
22.12.2023 00:00	593.0	593.0	560.0	573.5	445
25.12.2023 00:00	573.5	577.0	541.0	555.5	408
26.12.2023 00:00	560.0	560.0	536.5	545.0	434
27.12.2023 00:00	551.0	565.0	546.5	550.0	421
28.12.2023 00:00	550.5	556.5	522.5	525.0	355
29.12.2023 00:00	534.5	535.0	516.0	516.0	455
03.01.2024 00:00	527.0	563.0	517.0	543.5	412
04.01.2024 00:00	551.5	619.0	551.5	581.5	2671
05.01.2024 00:00	594.0	616.0	573.0	590.5	886
08.01.2024 00:00	603.5	631.0	591.5	610.0	908
09.01.2024 00:00	617.0	655.0	593.5	633.0	630
10.01.2024 00:00	641.5	655.0	615.5	630.5	482
11.01.2024 00:00	631.0	641.5	600.0	623.5	719
12.01.2024 00:00	617.0	637.5	608.5	615.0	336
15.01.2024 00:00	638.5	645.5	620.5	631.0	644
16.01.2024 00:00	633.5	638.0	613.0	620.0	492
17.01.2024 00:00	622.5	648.5	622.5	641.0	409
18.01.2024 00:00	644.0	695.0	644.0	674.5	2206
19.01.2024 00:00	688.0	688.5	662.5	666.0	443
22.01.2024 00:00	668.0	677.5	657.0	662.0	254
23.01.2024 00:00	665.0	674.5	657.0	670.0	231
24.01.2024 00:00	674.0	674.0	653.0	658.0	301
25.01.2024 00:00	658.0	667.5	646.5	666.0	299
26.01.2024 00:00	657.5	666.0	648.0	663.0	617
29.01.2024 00:00	663.0	663.0	646.5	659.5	459
30.01.2024 00:00	659.5	695.0	659.5	671.5	1728
31.01.2024 00:00	672.5	679.0	662.0	670.0	331
01.02.2024 00:00	677.0	683.5	672.0	672.0	268
02.02.2024 00:00	671.0	677.5	666.0	670.5	154
05.02.2024 00:00	671.0	677.5	661.0	669.0	231
06.02.2024 00:00	669.5	674.5	665.5	666.0	237
07.02.2024 00:00	668.0	700.0	661.5	669.0	1078
08.02.2024 00:00	669.5	671.5	630.5	661.0	622
09.02.2024 00:00	656.0	660.0	641.0	649.5	170
12.02.2024 00:00	649.5	655.0	625.0	640.0	536
13.02.2024 00:00	644.0	648.0	630.5	640.0	175
14.02.2024 00:00	633.0	639.0	620.0	632.0	610
15.02.2024 00:00	627.0	640.0	626.5	634.5	172
16.02.2024 00:00	638.0	648.0	620.0	620.5	300
19.02.2024 00:00	629.0	648.0	601.0	610.5	612
20.02.2024 00:00	620.5	632.0	603.0	631.0	292
21.02.2024 00:00	631.0	631.0	570.0	600.5	938
22.02.2024 00:00	602.0	605.5	582.0	589.0	257
26.02.2024 00:00	589.0	616.5	589.0	611.0	211
27.02.2024 00:00	611.0	615.5	600.0	610.0	179
28.02.2024 00:00	607.0	630.0	607.0	619.5	304
29.02.2024 00:00	621.0	753.5	615.0	690.5	11366
01.03.2024 00:00	715.0	784.5	643.0	649.0	10427
04.03.2024 00:00	653.5	655.5	620.0	635.0	1917
05.03.2024 00:00	642.0	665.5	631.5	642.5	1354
06.03.2024 00:00	643.5	690.0	642.5	655.0	3846
07.03.2024 00:00	653.0	688.0	633.5	648.0	2990
11.03.2024 00:00	648.0	661.5	639.5	639.5	748
12.03.2024 00:00	646.5	652.0	620.0	628.5	701
13.03.2024 00:00	630.0	642.0	625.0	627.5	233
14.03.2024 00:00	627.5	642.0	623.0	623.0	223
15.03.2024 00:00	615.0	659.0	602.5	620.5	3497
18.03.2024 00:00	623.0	628.5	613.0	614.0	457
19.03.2024 00:00	614.0	647.0	614.0	616.0	763
20.03.2024 00:00	616.0	632.0	616.0	619.0	231
21.03.2024 00:00	624.5	629.0	618.0	618.0	147
22.03.2024 00:00	618.0	626.0	615.0	625.0	147
25.03.2024 00:00	618.0	620.0	605.0	619.5	238
26.03.2024 00:00	619.5	642.5	619.0	632.0	809
27.03.2024 00:00	637.5	639.5	620.5	625.0	191
28.03.2024 00:00	620.5	638.0	616.0	630.5	201
29.03.2024 00:00	633.5	650.0	627.5	635.5	768
01.04.2024 00:00	636.0	720.0	625.5	666.5	4059
02.04.2024 00:00	673.5	680.0	650.5	665.5	838
03.04.2024 00:00	665.0	688.5	643.5	652.0	1031
04.04.2024 00:00	648.5	665.5	646.0	651.0	421
05.04.2024 00:00	653.5	792.5	647.5	786.0	4832
08.04.2024 00:00	849.0	849.0	726.5	741.5	9058
09.04.2024 00:00	741.5	780.0	707.5	714.5	2349
10.04.2024 00:00	722.5	759.0	707.0	720.0	1616
11.04.2024 00:00	719.5	756.0	711.5	720.5	2323
12.04.2024 00:00	728.5	758.5	721.0	736.5	916
15.04.2024 00:00	736.0	777.0	717.5	730.0	2094
16.04.2024 00:00	730.0	734.0	720.5	720.5	288
17.04.2024 00:00	720.0	720.0	695.0	705.0	547
18.04.2024 00:00	706.5	706.5	675.0	683.0	1686
19.04.2024 00:00	687.5	702.5	683.0	684.5	578
22.04.2024 00:00	691.5	719.5	683.0	704.0	1897
23.04.2024 00:00	704.0	760.0	701.5	717.0	3122
24.04.2024 00:00	720.0	728.0	712.0	724.0	575
25.04.2024 00:00	724.5	724.5	692.5	717.5	828
26.04.2024 00:00	713.5	730.5	705.0	716.5	222
27.04.2024 00:00	727.5	780.0	713.0	720.5	2475
29.04.2024 00:00	722.5	722.5	710.0	718.5	266
30.04.2024 00:00	718.0	718.5	711.5	714.5	138
02.05.2024 00:00	714.5	727.0	713.5	718.0	225
03.05.2024 00:00	718.5	720.5	713.0	715.0	98
06.05.2024 00:00	715.0	735.0	715.0	731.5	681
07.05.2024 00:00	740.0	748.0	720.0	720.0	867
08.05.2024 00:00	726.0	742.0	716.0	722.5	702
10.05.2024 00:00	727.0	729.0	720.5	726.5	128
13.05.2024 00:00	725.5	730.0	718.0	720.0	380
14.05.2024 00:00	726.5	731.5	719.0	722.5	143
15.05.2024 00:00	723.5	729.5	723.0	729.0	234
16.05.2024 00:00	730.0	731.0	720.0	722.5	194
17.05.2024 00:00	723.0	742.5	718.5	723.5	521
20.05.2024 00:00	727.0	730.0	719.0	719.0	191
21.05.2024 00:00	717.5	717.5	695.0	699.5	352
22.05.2024 00:00	703.5	707.5	691.0	706.5	116
23.05.2024 00:00	708.5	715.0	704.5	704.5	146
24.05.2024 00:00	704.5	710.5	655.0	671.5	512
27.05.2024 00:00	671.5	677.0	628.5	635.5	756
28.05.2024 00:00	640.5	663.0	620.5	641.0	503
29.05.2024 00:00	644.5	644.5	625.0	633.0	107
30.05.2024 00:00	632.5	662.0	627.0	627.0	320
31.05.2024 00:00	627.0	636.0	557.0	566.0	458
03.06.2024 00:00	596.5	614.0	530.0	562.5	600
04.06.2024 00:00	565.5	595.5	565.0	586.0	183
05.06.2024 00:00	590.0	619.5	585.0	610.0	346
06.06.2024 00:00	610.0	610.0	597.5	600.0	40
07.06.2024 00:00	607.5	645.0	602.0	625.5	451
10.06.2024 00:00	630.0	648.0	630.0	634.0	150
11.06.2024 00:00	634.0	634.0	625.0	625.0	65
13.06.2024 00:00	622.0	622.0	580.0	610.5	145
14.06.2024 00:00	621.0	666.5	621.0	624.5	600
17.06.2024 00:00	623.5	632.5	622.0	624.5	75
18.06.2024 00:00	624.5	625.0	591.5	601.5	313
19.06.2024 00:00	600.0	624.0	580.0	581.0	330
20.06.2024 00:00	586.5	599.0	586.5	589.0	128
21.06.2024 00:00	589.0	609.5	581.5	584.5	53
24.06.2024 00:00	585.0	593.0	585.0	589.0	28
25.06.2024 00:00	592.5	604.5	590.5	592.5	67
26.06.2024 00:00	587.5	607.5	587.5	604.0	125
27.06.2024 00:00	604.0	608.5	600.0	604.0	51
28.06.2024 00:00	606.5	670.0	593.5	595.0	1454
01.07.2024 00:00	596.0	610.0	585.0	592.5	239
02.07.2024 00:00	601.5	609.0	593.0	598.5	106
03.07.2024 00:00	601.5	614.0	585.5	591.0	171
04.07.2024 00:00	591.5	599.0	566.0	580.5	124
05.07.2024 00:00	560.5	584.0	560.5	574.0	115
08.07.2024 00:00	583.5	583.5	561.5	561.5	37
09.07.2024 00:00	563.5	598.5	560.0	575.0	180
10.07.2024 00:00	581.0	595.0	510.0	530.0	695
11.07.2024 00:00	527.5	570.5	512.0	540.0	252
12.07.2024 00:00	564.0	564.0	491.0	523.5	494
15.07.2024 00:00	530.0	545.0	515.0	522.5	93
16.07.2024 00:00	517.0	525.5	506.5	519.5	80
17.07.2024 00:00	507.0	524.0	507.0	515.0	85
18.07.2024 00:00	514.0	530.5	513.0	516.0	98
19.07.2024 00:00	516.0	551.0	516.0	536.0	244
22.07.2024 00:00	535.5	560.0	531.0	531.0	191
23.07.2024 00:00	534.0	576.0	526.5	548.0	431
24.07.2024 00:00	550.0	570.0	535.0	537.0	212
25.07.2024 00:00	544.5	559.5	530.5	536.0	115
26.07.2024 00:00	534.5	554.0	511.5	532.0	265
29.07.2024 00:00	521.0	527.5	505.5	509.5	147
30.07.2024 00:00	511.0	524.5	511.0	518.5	51
31.07.2024 00:00	524.0	524.0	514.5	516.0	24
01.08.2024 00:00	518.5	526.0	513.5	513.5	31
02.08.2024 00:00	520.5	526.5	510.5	513.0	102
05.08.2024 00:00	513.5	516.5	500.0	511.0	148
06.08.2024 00:00	501.5	534.0	501.0	510.5	82
07.08.2024 00:00	505.0	535.0	504.5	519.0	256
08.08.2024 00:00	525.0	526.5	510.5	520.0	44
09.08.2024 00:00	520.0	544.0	519.0	524.5	251
12.08.2024 00:00	518.0	530.0	505.0	520.0	90
13.08.2024 00:00	531.5	558.0	513.5	542.0	441
14.08.2024 00:00	559.5	560.0	541.0	542.5	272
15.08.2024 00:00	540.5	560.0	520.5	544.0	345
16.08.2024 00:00	542.0	549.5	534.5	538.5	76
19.08.2024 00:00	535.5	545.0	530.5	531.0	114
20.08.2024 00:00	531.0	549.0	527.5	528.5	46
21.08.2024 00:00	533.0	533.0	516.5	525.5	83
22.08.2024 00:00	518.5	523.0	502.0	502.0	247
23.08.2024 00:00	501.5	514.0	495.5	498.0	123
26.08.2024 00:00	511.0	520.0	502.0	514.5	85
27.08.2024 00:00	519.0	520.5	507.0	511.5	38
28.08.2024 00:00	511.0	519.5	505.0	508.5	96
29.08.2024 00:00	510.0	513.0	494.5	500.0	110
30.08.2024 00:00	494.5	499.0	471.0	490.0	204
02.09.2024 00:00	444.0	485.0	435.0	450.0	736
03.09.2024 00:00	463.5	465.0	433.0	434.5	337
04.09.2024 00:00	435.0	471.5	421.5	453.0	615
05.09.2024 00:00	462.5	480.0	447.0	469.0	371
06.09.2024 00:00	469.0	477.5	453.5	453.5	99
09.09.2024 00:00	463.0	479.5	455.0	461.0	147
10.09.2024 00:00	461.0	467.0	453.5	453.5	73
11.09.2024 00:00	455.0	538.5	455.0	498.0	1838
12.09.2024 00:00	518.0	526.0	470.0	472.0	963
13.09.2024 00:00	488.0	494.0	468.5	470.5	278
16.09.2024 00:00	471.0	483.5	470.5	470.5	117
17.09.2024 00:00	470.5	480.5	470.5	470.5	96
18.09.2024 00:00	471.5	477.5	470.5	473.5	61
19.09.2024 00:00	473.5	476.5	471.5	473.5	34
20.09.2024 00:00	468.5	480.0	455.0	479.0	251
23.09.2024 00:00	478.5	518.5	473.5	495.0	445
24.09.2024 00:00	510.0	510.0	486.5	490.5	120
25.09.2024 00:00	495.0	520.0	484.0	487.5	363
26.09.2024 00:00	485.0	494.0	484.5	484.5	58
27.09.2024 00:00	482.5	498.5	482.5	494.0	39
30.09.2024 00:00	505.5	520.0	494.5	494.5	189
01.10.2024 00:00	500.0	500.0	462.0	468.5	706
02.10.2024 00:00	479.5	480.0	440.5	450.0	423
03.10.2024 00:00	450.0	476.5	450.0	451.5	707
04.10.2024 00:00	456.0	461.0	452.5	452.5	42
07.10.2024 00:00	453.0	458.0	441.0	457.0	187
08.10.2024 00:00	455.0	457.0	441.0	451.5	165
09.10.2024 00:00	450.5	466.5	450.5	452.5	135
10.10.2024 00:00	463.5	472.5	457.5	461.0	406
11.10.2024 00:00	470.0	470.0	460.5	465.0	31
14.10.2024 00:00	457.5	470.0	453.0	455.5	630
15.10.2024 00:00	456.0	462.0	444.0	448.5	701
16.10.2024 00:00	449.5	455.0	446.5	446.5	204
17.10.2024 00:00	446.5	455.0	443.5	451.0	231
18.10.2024 00:00	449.5	457.0	435.0	443.0	218
21.10.2024 00:00	443.0	445.0	437.0	440.0	75
22.10.2024 00:00	440.0	440.0	428.0	431.0	156
23.10.2024 00:00	433.0	437.5	423.0	431.0	94
24.10.2024 00:00	423.5	434.0	413.5	417.5	455
25.10.2024 00:00	417.5	423.0	410.0	411.0	119
28.10.2024 00:00	410.0	418.5	398.0	403.5	286
29.10.2024 00:00	403.5	407.5	402.0	402.0	129
30.10.2024 00:00	404.0	431.0	403.5	414.0	296
31.10.2024 00:00	415.0	415.5	411.0	411.5	15
01.11.2024 00:00	415.5	431.0	415.0	417.5	218
02.11.2024 00:00	420.5	435.0	416.0	424.5	108
05.11.2024 00:00	438.5	439.5	420.0	420.5	128
06.11.2024 00:00	427.0	429.0	421.5	421.5	42
07.11.2024 00:00	425.0	433.5	425.0	430.0	146
08.11.2024 00:00	433.5	446.5	432.5	435.0	251
11.11.2024 00:00	435.0	475.0	435.0	451.0	1131
12.11.2024 00:00	453.5	454.5	445.0	452.0	80
13.11.2024 00:00	452.0	460.0	448.5	453.0	149
14.11.2024 00:00	450.5	456.5	437.0	440.0	266
15.11.2024 00:00	439.5	442.0	430.5	437.0	96
18.11.2024 00:00	437.5	438.5	427.0	432.5	185
19.11.2024 00:00	427.5	430.5	415.0	421.5	187
20.11.2024 00:00	422.0	422.0	414.5	414.5	59
21.11.2024 00:00	413.0	416.5	400.0	400.5	118
22.11.2024 00:00	408.0	408.0	401.0	401.0	32
25.11.2024 00:00	398.5	400.5	390.5	390.5	139
26.11.2024 00:00	392.5	402.0	379.0	393.0	209
27.11.2024 00:00	387.0	441.0	374.5	384.5	624
28.11.2024 00:00	392.0	424.0	385.0	403.0	317
29.11.2024 00:00	403.5	424.0	386.5	405.5	468
02.12.2024 00:00	403.5	417.5	391.0	417.5	138
03.12.2024 00:00	417.5	417.5	400.5	405.0	129
04.12.2024 00:00	400.5	410.5	395.0	400.5	160
05.12.2024 00:00	400.5	407.5	392.0	402.5	108
06.12.2024 00:00	403.0	407.5	400.0	402.5	85
09.12.2024 00:00	407.0	410.0	400.0	407.5	143
10.12.2024 00:00	408.5	414.0	400.5	400.5	149
11.12.2024 00:00	400.0	404.0	395.5	404.0	67
12.12.2024 00:00	404.5	406.5	400.5	400.5	44
13.12.2024 00:00	399.5	404.5	391.0	400.0	129
16.12.2024 00:00	396.0	397.0	371.0	372.0	254
17.12.2024 00:00	384.0	389.0	362.0	362.0	138
18.12.2024 00:00	362.0	370.0	360.0	364.5	59
19.12.2024 00:00	355.5	381.5	355.5	370.5	170
20.12.2024 00:00	373.0	395.5	373.0	389.0	228
23.12.2024 00:00	394.5	411.0	391.5	404.0	489
24.12.2024 00:00	404.0	404.0	396.0	397.5	76
25.12.2024 00:00	395.5	395.5	375.0	394.0	252
26.12.2024 00:00	387.5	408.5	382.0	402.0	150
27.12.2024 00:00	399.0	405.0	397.0	401.0	67
28.12.2024 00:00	401.0	404.0	386.0	392.0	287
30.12.2024 00:00	396.0	400.0	392.5	398.5	188
03.01.2025 00:00	394.5	401.5	394.5	400.5	68
06.01.2025 00:00	396.0	442.0	395.0	418.0	1705
08.01.2025 00:00	422.0	435.0	415.0	425.5	624
09.01.2025 00:00	426.0	426.0	411.0	419.0	110
10.01.2025 00:00	415.0	425.5	410.0	414.0	308
13.01.2025 00:00	409.0	418.5	409.0	414.0	88
14.01.2025 00:00	412.0	415.5	409.5	413.0	57
15.01.2025 00:00	413.0	418.0	406.0	414.0	208
16.01.2025 00:00	417.5	453.0	415.0	452.5	1577
17.01.2025 00:00	456.0	491.0	445.0	452.0	1244
20.01.2025 00:00	456.0	462.0	429.5	433.0	1560
21.01.2025 00:00	436.0	436.5	427.0	432.5	158
22.01.2025 00:00	435.0	439.5	429.0	438.0	225
23.01.2025 00:00	437.5	438.5	433.5	433.5	75
24.01.2025 00:00	438.0	449.0	436.0	444.5	452
27.01.2025 00:00	445.0	470.0	440.5	453.5	1190
28.01.2025 00:00	450.0	458.0	445.0	450.0	310
29.01.2025 00:00	450.0	452.5	439.5	442.0	372
30.01.2025 00:00	445.0	445.0	440.0	443.5	206
31.01.2025 00:00	445.0	445.0	435.0	435.5	339
03.02.2025 00:00	440.0	440.0	430.0	436.0	46
04.02.2025 00:00	439.0	441.5	434.5	434.5	55
05.02.2025 00:00	433.0	437.5	430.5	433.0	70
06.02.2025 00:00	436.5	440.0	425.5	429.5	264
07.02.2025 00:00	430.5	439.0	428.0	438.0	67
10.02.2025 00:00	437.5	438.5	429.5	435.5	65
11.02.2025 00:00	435.5	435.5	429.0	435.0	43
12.02.2025 00:00	434.5	448.0	430.0	430.0	408
13.02.2025 00:00	440.0	442.0	430.0	440.0	360
14.02.2025 00:00	440.0	449.5	435.5	436.0	381
17.02.2025 00:00	438.5	455.0	436.5	454.5	802
18.02.2025 00:00	455.0	459.5	447.5	456.5	305
19.02.2025 00:00	457.0	460.0	439.0	447.5	556
20.02.2025 00:00	449.0	454.0	448.0	451.0	131
21.02.2025 00:00	453.0	464.5	453.0	462.5	419
24.02.2025 00:00	474.0	490.0	455.0	486.0	1578
25.02.2025 00:00	486.0	550.0	486.0	535.0	2731
26.02.2025 00:00	535.0	650.0	535.0	582.5	5625
27.02.2025 00:00	579.5	579.5	533.5	567.0	1423
28.02.2025 00:00	551.0	591.5	538.5	570.5	814
03.03.2025 00:00	571.0	571.0	546.0	550.0	204
04.03.2025 00:00	560.0	584.0	558.0	574.5	350
05.03.2025 00:00	578.0	602.0	570.0	570.0	857
06.03.2025 00:00	583.0	615.0	575.5	582.5	822
07.03.2025 00:00	586.0	590.5	578.0	580.0	162
10.03.2025 00:00	585.0	585.0	552.0	552.0	556
11.03.2025 00:00	552.0	552.0	532.0	532.0	726
12.03.2025 00:00	532.0	532.0	508.0	511.0	556
13.03.2025 00:00	506.0	506.5	490.0	495.0	409
14.03.2025 00:00	498.5	534.0	498.5	508.0	422
17.03.2025 00:00	518.5	555.5	515.5	516.0	365
18.03.2025 00:00	526.5	566.5	511.5	528.0	1842
19.03.2025 00:00	554.5	575.0	551.0	575.0	1079
20.03.2025 00:00	631.5	631.5	592.5	625.5	6479
21.03.2025 00:00	602.5	645.0	586.5	605.0	1877
24.03.2025 00:00	611.5	630.0	595.5	599.5	688
25.03.2025 00:00	600.5	615.5	583.5	589.0	280
26.03.2025 00:00	595.0	608.5	578.0	578.0	581
27.03.2025 00:00	579.0	581.0	550.0	554.0	181
28.03.2025 00:00	547.0	607.5	545.0	556.5	598
31.03.2025 00:00	568.5	578.0	547.5	561.0	293
01.04.2025 00:00	577.5	598.0	561.0	562.0	319
02.04.2025 00:00	562.0	562.0	534.5	538.5	331
03.04.2025 00:00	550.5	596.0	539.0	566.0	1618
04.04.2025 00:00	565.5	595.0	522.5	526.0	754
07.04.2025 00:00	510.0	519.0	470.5	483.0	625
08.04.2025 00:00	499.0	513.5	489.0	495.5	318
09.04.2025 00:00	495.0	495.5	461.0	465.0	319
10.04.2025 00:00	485.0	502.5	476.5	500.5	307
11.04.2025 00:00	518.0	549.0	496.0	500.0	1082
14.04.2025 00:00	515.0	528.5	480.5	490.0	909
15.04.2025 00:00	496.5	500.0	469.0	477.5	1449
16.04.2025 00:00	481.5	488.0	470.5	479.0	425
17.04.2025 00:00	490.0	490.0	477.0	481.5	236
18.04.2025 00:00	474.5	481.0	470.0	473.0	121
21.04.2025 00:00	477.5	481.0	453.5	475.0	1023
22.04.2025 00:00	479.5	499.0	466.5	477.0	743
23.04.2025 00:00	454.5	476.5	451.5	470.0	614
24.04.2025 00:00	474.0	474.0	468.0	469.0	174
25.04.2025 00:00	468.0	477.0	468.0	475.0	128
28.04.2025 00:00	476.0	499.0	466.5	473.5	882
29.04.2025 00:00	474.5	518.0	470.0	498.0	1943
30.04.2025 00:00	500.0	506.5	485.0	489.5	274
02.05.2025 00:00	489.5	489.5	476.0	485.5	253
05.05.2025 00:00	488.5	521.0	454.5	466.0	1446
06.05.2025 00:00	464.5	474.5	464.5	473.0	361
07.05.2025 00:00	473.5	491.5	473.5	482.5	269
08.05.2025 00:00	486.0	500.5	480.5	484.0	248
12.05.2025 00:00	492.5	505.0	485.0	488.0	867
13.05.2025 00:00	498.0	505.0	484.0	487.5	576
14.05.2025 00:00	487.5	500.0	483.0	488.0	430
15.05.2025 00:00	485.5	494.5	461.0	478.0	776
16.05.2025 00:00	478.5	500.0	477.0	485.5	752
19.05.2025 00:00	495.0	509.0	490.0	506.5	1224
20.05.2025 00:00	517.0	520.0	491.0	506.0	1327
21.05.2025 00:00	514.5	518.0	506.0	510.5	1058
22.05.2025 00:00	510.5	537.0	509.0	520.0	1960
