datetime	open	high	low	close	volume
09.03.2018 00:00	8.96	9.46	7.94	8.9	51
12.03.2018 00:00	8.84	8.84	7.98	7.98	43
13.03.2018 00:00	7.94	8.18	7.4	7.44	478
14.03.2018 00:00	7.44	8.4	7.44	7.78	61
15.03.2018 00:00	7.74	8.74	7.5600000000000005	7.94	102
16.03.2018 00:00	8.4	8.74	7.94	8.4	312
19.03.2018 00:00	8.96	8.96	7.94	7.94	153
20.03.2018 00:00	7.9	8.56	7.9	8.56	410
21.03.2018 00:00	8.34	8.34	7.58	7.640000000000001	1337
22.03.2018 00:00	7.640000000000001	7.86	7.640000000000001	7.86	368
23.03.2018 00:00	7.94	7.94	7.74	7.86	11
26.03.2018 00:00	7.78	8.4	7.74	7.78	62
27.03.2018 00:00	7.640000000000001	8.48	7.640000000000001	7.94	91
28.03.2018 00:00	7.98	8.48	7.98	8.18	2717
29.03.2018 00:00	8.34	8.56	8.24	8.24	42
30.03.2018 00:00	8.06	8.56	8.06	8.56	26
02.04.2018 00:00	8.34	8.9	8.34	8.56	245
03.04.2018 00:00	8.56	8.9	8.48	8.56	169
04.04.2018 00:00	8.48	8.58	8.34	8.4	19
05.04.2018 00:00	8.48	8.56	8.18	8.56	14
06.04.2018 00:00	8.58	8.58	7.98	8.18	122
09.04.2018 00:00	8.14	8.8	7.2	7.7	437
10.04.2018 00:00	7.78	8.06	7.78	7.86	332
11.04.2018 00:00	7.98	8.14	7.86	7.9	151
12.04.2018 00:00	7.9	8.08	7.9	7.98	99
13.04.2018 00:00	7.9	8.08	7.78	7.98	55
16.04.2018 00:00	7.86	8.24	7.86	7.9	65
17.04.2018 00:00	8.06	8.18	7.74	7.98	40
18.04.2018 00:00	7.94	8.24	6.16	7.94	2001
19.04.2018 00:00	7.94	7.98	7.9	7.98	2122
20.04.2018 00:00	8.08	8.08	7.9	7.9	16
23.04.2018 00:00	8.06	8.14	7.86	8.08	40
24.04.2018 00:00	8.08	8.08	7.94	8.06	39
25.04.2018 00:00	7.94	8.08	7.94	8.06	15
26.04.2018 00:00	7.98	8.14	7.94	7.94	112
27.04.2018 00:00	7.98	8.18	7.98	7.98	58
28.04.2018 00:00	8.06	8.14	7.9	7.9	37
30.04.2018 00:00	8.3	8.4	7.94	8.3	48
02.05.2018 00:00	8.3	8.3	7.78	8.08	68
03.05.2018 00:00	7.94	8.08	7.94	8.06	5
04.05.2018 00:00	7.98	8.08	7.640000000000001	7.98	40
07.05.2018 00:00	7.94	7.94	7.74	7.74	8
08.05.2018 00:00	7.74	7.74	7.58	7.58	35
10.05.2018 00:00	7.5600000000000005	7.640000000000001	7.44	7.44	22
11.05.2018 00:00	7.44	7.5600000000000005	7.2	7.5600000000000005	69
14.05.2018 00:00	7.7	8.06	7.640000000000001	7.7	8
15.05.2018 00:00	7.7	8.06	7.7	8.06	53
16.05.2018 00:00	8.06	8.06	7.86	7.98	4
17.05.2018 00:00	7.74	7.86	7.7	7.86	33
18.05.2018 00:00	7.74	7.78	7.58	7.78	5
22.05.2018 00:00	7.86	7.94	7.86	7.86	3
23.05.2018 00:00	7.86	7.98	7.86	7.94	6
24.05.2018 00:00	7.78	7.9	7.58	7.7	8
25.05.2018 00:00	7.94	7.98	7.58	7.58	1080
28.05.2018 00:00	7.86	7.94	7.86	7.94	2
05.06.2018 00:00	7.78	7.78	7.4	7.5600000000000005	351
06.06.2018 00:00	7.74	7.74	7.48	7.7	56
07.06.2018 00:00	7.78	7.94	7.4	7.58	622
08.06.2018 00:00	7.78	7.78	7.78	7.78	1
09.06.2018 00:00	7.48	7.5600000000000005	7.48	7.5600000000000005	3
13.06.2018 00:00	7.58	7.9	7.58	7.86	9
14.06.2018 00:00	7.94	7.94	7.78	7.78	5
15.06.2018 00:00	7.9	7.94	7.58	7.58	106
18.06.2018 00:00	7.9	8.18	7.28	7.4	300
19.06.2018 00:00	7.4	7.4	7.24	7.24	10
20.06.2018 00:00	7.36	7.48	7.28	7.48	257
21.06.2018 00:00	7.86	7.86	7.48	7.640000000000001	160
22.06.2018 00:00	7.4	7.4	7.28	7.28	12
25.06.2018 00:00	7.48	8.24	7.48	7.74	22
26.06.2018 00:00	8.24	8.24	7.640000000000001	8.06	27
27.06.2018 00:00	8.06	8.4	7.78	7.98	32
29.06.2018 00:00	7.94	7.94	7.94	7.94	1
02.07.2018 00:00	8.3	8.3	7.98	7.98	5
03.07.2018 00:00	7.94	7.94	7.48	7.9	10
04.07.2018 00:00	7.5600000000000005	7.78	7.5600000000000005	7.78	11
09.07.2018 00:00	7.78	7.78	7.78	7.78	1
10.07.2018 00:00	7.7	7.7	7.5600000000000005	7.5600000000000005	208
11.07.2018 00:00	7.48	7.48	7.4	7.44	15
12.07.2018 00:00	7.44	7.44	7.4	7.4	104
13.07.2018 00:00	7.4	7.5600000000000005	7.4	7.5600000000000005	23
16.07.2018 00:00	7.58	7.640000000000001	7.58	7.640000000000001	5
17.07.2018 00:00	7.44	7.5600000000000005	7.44	7.5600000000000005	41
18.07.2018 00:00	7.5600000000000005	7.5600000000000005	7.44	7.5600000000000005	6
19.07.2018 00:00	7.44	7.44	7.44	7.44	44
20.07.2018 00:00	7.44	7.48	7.28	7.44	180
23.07.2018 00:00	7.36	7.48	7.36	7.44	924
24.07.2018 00:00	7.58	7.58	7.4	7.44	12
25.07.2018 00:00	7.44	7.44	7.44	7.44	3
26.07.2018 00:00	7.36	7.48	7.36	7.48	6
27.07.2018 00:00	7.5600000000000005	7.5600000000000005	7.5600000000000005	7.5600000000000005	5
31.07.2018 00:00	7.4	7.44	7.4	7.44	3
01.08.2018 00:00	7.48	7.5600000000000005	7.4	7.5600000000000005	15
02.08.2018 00:00	7.36	7.36	7.36	7.36	2
03.08.2018 00:00	7.5600000000000005	7.5600000000000005	7.5600000000000005	7.5600000000000005	6
06.08.2018 00:00	7.36	7.36	7.36	7.36	2
08.08.2018 00:00	7.36	7.4	7.2	7.4	102
09.08.2018 00:00	7.36	7.36	7.2	7.2	2
10.08.2018 00:00	7.140000000000001	7.2	7.140000000000001	7.2	3
13.08.2018 00:00	7.08	7.28	7.08	7.28	6
14.08.2018 00:00	7.36	7.36	7.36	7.36	3
15.08.2018 00:00	7.24	7.24	7.24	7.24	6
16.08.2018 00:00	7.4	7.4	7.24	7.24	6
17.08.2018 00:00	7.28	7.4	7.28	7.4	2
20.08.2018 00:00	7.24	7.5600000000000005	7.24	7.5600000000000005	17
21.08.2018 00:00	7.36	7.36	7.36	7.36	1
23.08.2018 00:00	7.28	7.28	7.24	7.24	5
24.08.2018 00:00	7.24	7.24	7.24	7.24	11
27.08.2018 00:00	7.28	7.28	7.28	7.28	100
28.08.2018 00:00	7.24	8.4	7.24	8.34	719
29.08.2018 00:00	8.18	8.98	7.4	7.640000000000001	114
30.08.2018 00:00	7.4	7.48	7.24	7.44	174
31.08.2018 00:00	7.48	7.48	7.44	7.48	145
03.09.2018 00:00	7.44	7.44	7.44	7.44	1062
04.09.2018 00:00	7.44	7.44	7.44	7.44	4
06.09.2018 00:00	7.44	7.44	7.44	7.44	626
07.09.2018 00:00	7.44	7.48	7.44	7.44	1134
10.09.2018 00:00	7.44	7.44	7.4	7.4	377
11.09.2018 00:00	7.44	7.44	7.28	7.28	42
12.09.2018 00:00	7.28	7.28	7.24	7.24	11
14.09.2018 00:00	7.36	7.58	7.36	7.4	5
17.09.2018 00:00	8.46	8.46	7.4	7.4	24
18.09.2018 00:00	7.36	7.36	7.24	7.28	20
19.09.2018 00:00	7.36	7.7	7.36	7.36	22
20.09.2018 00:00	7.48	7.7	7.48	7.48	62
21.09.2018 00:00	7.5600000000000005	7.5600000000000005	7.5600000000000005	7.5600000000000005	1
24.09.2018 00:00	7.640000000000001	7.74	7.48	7.48	62
25.09.2018 00:00	7.48	7.48	7.28	7.28	14
26.09.2018 00:00	7.44	7.58	7.44	7.58	21
28.09.2018 00:00	7.5600000000000005	7.58	7.5600000000000005	7.58	26
01.10.2018 00:00	7.4	7.4	7.4	7.4	6
03.10.2018 00:00	7.5600000000000005	7.5600000000000005	7.5600000000000005	7.5600000000000005	2
04.10.2018 00:00	7.58	8.4	7.4	7.5600000000000005	217
05.10.2018 00:00	7.44	7.44	7.44	7.44	1
08.10.2018 00:00	7.28	7.4	7.24	7.24	117
09.10.2018 00:00	7.48	7.48	7.36	7.36	6
10.10.2018 00:00	7.44	7.48	7.4	7.4	11
11.10.2018 00:00	7.36	7.44	7.36	7.44	43
12.10.2018 00:00	7.28	7.28	7.28	7.28	1
15.10.2018 00:00	7.640000000000001	8.48	7.4	7.48	131
16.10.2018 00:00	7.9	7.98	7.640000000000001	7.86	93
17.10.2018 00:00	7.9	7.9	7.48	7.78	3
19.10.2018 00:00	7.04	7.94	7.04	7.5600000000000005	174
22.10.2018 00:00	7.4	7.4	7.24	7.28	19
23.10.2018 00:00	7.24	7.36	7.24	7.36	2
24.10.2018 00:00	7.44	7.44	6.98	7.28	122
25.10.2018 00:00	7.24	7.24	6.86	7.08	18
26.10.2018 00:00	7.08	7.2	6.98	6.98	7
29.10.2018 00:00	7.140000000000001	7.4	6.98	7.4	44
30.10.2018 00:00	7.28	7.28	7.28	7.28	1
01.11.2018 00:00	7.28	7.28	7.28	7.28	8
02.11.2018 00:00	7.140000000000001	7.2	7.12	7.2	20
06.11.2018 00:00	7.08	7.08	7.08	7.08	39
07.11.2018 00:00	7.24	7.4	7.24	7.4	10
08.11.2018 00:00	7.12	7.36	6.98	7.36	21
09.11.2018 00:00	7.32	7.32	7.08	7.12	3
12.11.2018 00:00	7.12	7.12	7.12	7.12	1
13.11.2018 00:00	7.1000000000000005	7.1000000000000005	7.1000000000000005	7.1000000000000005	2
14.11.2018 00:00	7.08	7.16	6.98	7.0	14
15.11.2018 00:00	7.0	7.24	6.98	7.24	38
16.11.2018 00:00	7.24	7.24	7.24	7.24	2
19.11.2018 00:00	7.24	7.24	7.24	7.24	2
20.11.2018 00:00	7.24	7.24	7.0200000000000005	7.2	7
21.11.2018 00:00	7.0200000000000005	7.2	7.0200000000000005	7.2	5
22.11.2018 00:00	7.2	7.2	7.0	7.2	9
26.11.2018 00:00	6.98	7.0200000000000005	6.98	7.0	116
27.11.2018 00:00	7.0	7.16	7.0	7.16	9
28.11.2018 00:00	7.16	7.24	7.16	7.24	12
29.11.2018 00:00	7.32	8.16	7.0200000000000005	7.5	3781
30.11.2018 00:00	7.32	7.48	7.1000000000000005	7.12	311
03.12.2018 00:00	7.1000000000000005	7.1000000000000005	7.08	7.08	66
04.12.2018 00:00	7.16	7.16	7.16	7.16	5
05.12.2018 00:00	7.04	7.140000000000001	6.98	7.140000000000001	9727
06.12.2018 00:00	7.04	7.5	7.04	7.12	115
07.12.2018 00:00	7.1000000000000005	7.28	7.08	7.28	16
10.12.2018 00:00	7.32	7.32	7.32	7.32	5
11.12.2018 00:00	7.28	7.28	7.08	7.2	3321
12.12.2018 00:00	7.2	7.24	6.98	6.98	240
13.12.2018 00:00	7.140000000000001	7.32	7.140000000000001	7.28	8
14.12.2018 00:00	7.2	7.2	7.1000000000000005	7.1000000000000005	2
17.12.2018 00:00	7.08	7.08	6.98	7.0200000000000005	90
18.12.2018 00:00	7.0200000000000005	7.1000000000000005	7.0200000000000005	7.04	8
19.12.2018 00:00	7.12	7.2	7.0	7.2	9
20.12.2018 00:00	7.2	7.24	7.0200000000000005	7.04	7
21.12.2018 00:00	7.24	7.24	7.2	7.2	2
24.12.2018 00:00	7.24	7.28	7.0	7.16	12
25.12.2018 00:00	7.0600000000000005	7.0600000000000005	7.04	7.04	4
26.12.2018 00:00	7.0600000000000005	7.0600000000000005	7.0600000000000005	7.0600000000000005	13
27.12.2018 00:00	7.0	7.08	7.0	7.0	5
28.12.2018 00:00	7.08	7.16	7.08	7.12	207
29.12.2018 00:00	7.24	7.24	7.24	7.24	1154
03.01.2019 00:00	7.04	7.4	6.98	7.4	34
04.01.2019 00:00	7.4	7.4	7.36	7.4	9
08.01.2019 00:00	7.32	7.32	7.2	7.32	704
09.01.2019 00:00	7.32	7.32	7.28	7.28	27
10.01.2019 00:00	7.28	7.28	7.28	7.28	4
11.01.2019 00:00	7.28	7.58	7.28	7.5600000000000005	1321
14.01.2019 00:00	7.32	7.44	7.1000000000000005	7.28	662
15.01.2019 00:00	7.24	7.24	7.0600000000000005	7.24	136
16.01.2019 00:00	7.28	7.28	7.08	7.08	16
17.01.2019 00:00	7.24	7.28	7.1000000000000005	7.140000000000001	29
18.01.2019 00:00	7.28	7.28	7.24	7.24	4
21.01.2019 00:00	7.1000000000000005	7.28	7.1000000000000005	7.28	20
22.01.2019 00:00	7.12	7.28	7.1000000000000005	7.28	32
23.01.2019 00:00	7.1000000000000005	7.28	7.0600000000000005	7.2	734
24.01.2019 00:00	7.08	7.24	7.04	7.24	136
25.01.2019 00:00	7.28	7.28	7.12	7.28	156
28.01.2019 00:00	7.28	7.32	7.16	7.24	83
29.01.2019 00:00	7.24	7.24	7.24	7.24	3
30.01.2019 00:00	7.24	7.24	7.24	7.24	36
31.01.2019 00:00	7.0600000000000005	7.28	7.0600000000000005	7.12	16
01.02.2019 00:00	7.24	7.24	7.16	7.16	27
04.02.2019 00:00	7.2	7.36	7.12	7.24	57
05.02.2019 00:00	7.28	7.28	7.2	7.2	112
06.02.2019 00:00	7.24	7.28	7.2	7.24	382
07.02.2019 00:00	7.2	7.2	7.2	7.2	1
08.02.2019 00:00	7.28	7.28	7.140000000000001	7.16	26
11.02.2019 00:00	7.12	7.28	7.12	7.24	38
12.02.2019 00:00	7.2	7.2	7.140000000000001	7.16	40
13.02.2019 00:00	7.140000000000001	7.2	7.140000000000001	7.2	12
14.02.2019 00:00	7.140000000000001	7.140000000000001	7.1000000000000005	7.140000000000001	29
15.02.2019 00:00	7.140000000000001	7.140000000000001	7.0200000000000005	7.12	235
18.02.2019 00:00	7.12	7.12	7.0200000000000005	7.1000000000000005	347
19.02.2019 00:00	7.12	7.12	7.0600000000000005	7.12	5
20.02.2019 00:00	7.16	7.16	7.0600000000000005	7.0600000000000005	5
21.02.2019 00:00	7.16	7.2	7.08	7.08	54
22.02.2019 00:00	7.16	7.2	7.08	7.1000000000000005	48
25.02.2019 00:00	7.16	7.16	7.16	7.16	30
26.02.2019 00:00	7.2	7.2	7.16	7.2	42
27.02.2019 00:00	7.24	7.24	7.1000000000000005	7.12	13
28.02.2019 00:00	7.12	7.2	7.12	7.2	11
01.03.2019 00:00	7.12	7.24	7.12	7.2	243
04.03.2019 00:00	7.1000000000000005	7.2	7.1000000000000005	7.2	23
05.03.2019 00:00	7.1000000000000005	7.2	7.1000000000000005	7.16	28
06.03.2019 00:00	7.2	7.24	7.2	7.24	17
07.03.2019 00:00	7.24	7.24	7.24	7.24	32
11.03.2019 00:00	7.2	7.36	7.2	7.28	57
12.03.2019 00:00	7.36	7.36	7.32	7.36	18
13.03.2019 00:00	7.28	7.28	7.24	7.28	30
14.03.2019 00:00	7.2	7.32	7.2	7.2	15
15.03.2019 00:00	7.24	7.28	7.2	7.2	19
18.03.2019 00:00	7.2	7.28	7.2	7.28	80
19.03.2019 00:00	7.28	7.32	7.28	7.32	9
20.03.2019 00:00	7.32	7.32	7.140000000000001	7.16	57
21.03.2019 00:00	7.24	7.24	7.24	7.24	1
22.03.2019 00:00	7.2	7.2	7.2	7.2	17
25.03.2019 00:00	7.2	7.32	7.2	7.32	33
26.03.2019 00:00	7.32	7.36	7.28	7.28	5
27.03.2019 00:00	7.24	7.28	7.140000000000001	7.28	71
28.03.2019 00:00	7.28	7.58	7.28	7.58	7235
29.03.2019 00:00	7.4	7.5600000000000005	7.4	7.5	33
01.04.2019 00:00	7.5	7.5600000000000005	7.48	7.5600000000000005	14
02.04.2019 00:00	7.5	7.5200000000000005	7.44	7.44	35
03.04.2019 00:00	7.4	7.48	7.4	7.48	7
04.04.2019 00:00	7.4	7.5	7.36	7.48	33
05.04.2019 00:00	7.4	7.44	7.2	7.44	17
08.04.2019 00:00	7.36	7.66	7.36	7.66	600
09.04.2019 00:00	7.58	7.98	7.58	7.74	200
10.04.2019 00:00	7.7	7.7	7.5	7.58	404
11.04.2019 00:00	7.5600000000000005	7.5600000000000005	7.5200000000000005	7.5200000000000005	54
12.04.2019 00:00	7.66	7.66	7.5	7.66	10
15.04.2019 00:00	7.66	7.7	7.66	7.7	17
16.04.2019 00:00	7.5600000000000005	7.74	7.5600000000000005	7.74	12
17.04.2019 00:00	7.74	7.74	7.74	7.74	48
18.04.2019 00:00	7.74	7.78	7.7	7.7	68
19.04.2019 00:00	7.86	8.42	7.6000000000000005	7.6000000000000005	1323
22.04.2019 00:00	7.74	7.82	7.6000000000000005	7.6000000000000005	68
23.04.2019 00:00	7.640000000000001	7.7	7.58	7.640000000000001	20
24.04.2019 00:00	7.58	7.66	7.5600000000000005	7.5600000000000005	22
25.04.2019 00:00	7.5600000000000005	7.7	7.5	7.5600000000000005	45
26.04.2019 00:00	7.7	7.82	7.4	7.4	560
29.04.2019 00:00	7.36	7.66	7.36	7.66	65
30.04.2019 00:00	7.62	7.62	7.5200000000000005	7.5600000000000005	28
02.05.2019 00:00	7.5200000000000005	7.62	7.48	7.62	43
03.05.2019 00:00	7.640000000000001	7.66	7.6000000000000005	7.66	62
06.05.2019 00:00	7.58	7.9	7.58	7.7	1685
07.05.2019 00:00	7.640000000000001	7.66	7.44	7.5600000000000005	141
08.05.2019 00:00	7.6000000000000005	7.6000000000000005	7.48	7.5	230
10.05.2019 00:00	7.48	7.48	7.140000000000001	7.140000000000001	618
13.05.2019 00:00	7.2	7.2	6.98	7.08	510
14.05.2019 00:00	7.12	7.36	7.0600000000000005	7.28	100
15.05.2019 00:00	7.28	7.32	7.2	7.24	21
16.05.2019 00:00	7.2	7.32	7.2	7.32	34
17.05.2019 00:00	7.48	7.48	7.2	7.28	58
20.05.2019 00:00	7.28	7.28	7.28	7.28	3
21.05.2019 00:00	7.28	7.32	7.28	7.32	413
22.05.2019 00:00	7.32	7.36	7.32	7.32	254
23.05.2019 00:00	7.32	7.32	7.0	7.2	528
24.05.2019 00:00	7.2	7.24	7.04	7.16	109
27.05.2019 00:00	7.12	7.12	7.04	7.1000000000000005	113
28.05.2019 00:00	7.12	7.12	7.0600000000000005	7.08	58
29.05.2019 00:00	7.140000000000001	7.28	7.140000000000001	7.2	48
30.05.2019 00:00	7.28	7.28	7.0200000000000005	7.2	619
31.05.2019 00:00	7.24	7.28	7.2	7.28	66
03.06.2019 00:00	7.140000000000001	7.24	7.1000000000000005	7.140000000000001	31
04.06.2019 00:00	7.2	7.2	7.08	7.08	16
05.06.2019 00:00	7.16	7.28	7.16	7.28	25
06.06.2019 00:00	7.2	7.2	7.140000000000001	7.2	15
07.06.2019 00:00	7.16	7.16	7.08	7.1000000000000005	411
10.06.2019 00:00	7.08	7.140000000000001	6.9	6.98	674
11.06.2019 00:00	7.08	7.16	7.08	7.16	401
13.06.2019 00:00	7.2	7.2	7.04	7.16	43
14.06.2019 00:00	7.2	7.2	7.1000000000000005	7.1000000000000005	108
17.06.2019 00:00	7.0600000000000005	7.1000000000000005	7.04	7.08	73
18.06.2019 00:00	7.1000000000000005	7.1000000000000005	7.04	7.04	20
19.06.2019 00:00	7.08	7.08	7.0600000000000005	7.08	64
20.06.2019 00:00	7.04	7.04	7.0200000000000005	7.04	9
21.06.2019 00:00	7.1000000000000005	7.24	7.0600000000000005	7.0600000000000005	236
24.06.2019 00:00	7.16	7.2	7.04	7.0600000000000005	36
25.06.2019 00:00	7.1000000000000005	7.1000000000000005	7.0200000000000005	7.0600000000000005	169
26.06.2019 00:00	7.0600000000000005	7.08	7.0600000000000005	7.08	10
27.06.2019 00:00	7.04	7.08	7.04	7.08	80
28.06.2019 00:00	7.0600000000000005	7.0600000000000005	7.0200000000000005	7.0200000000000005	16
01.07.2019 00:00	7.08	7.08	7.08	7.08	67
02.07.2019 00:00	7.04	7.08	7.0	7.08	59
03.07.2019 00:00	7.08	7.08	7.0200000000000005	7.08	67
04.07.2019 00:00	7.140000000000001	7.140000000000001	7.0	7.08	185
05.07.2019 00:00	7.08	7.24	7.08	7.08	356
08.07.2019 00:00	7.0600000000000005	7.16	7.04	7.08	469
09.07.2019 00:00	7.2	7.2	7.140000000000001	7.140000000000001	36
10.07.2019 00:00	7.2	7.2	7.1000000000000005	7.2	49
11.07.2019 00:00	7.1000000000000005	7.2	7.0200000000000005	7.04	114
12.07.2019 00:00	7.08	7.2	7.08	7.2	21
15.07.2019 00:00	7.16	7.2	7.16	7.2	33
16.07.2019 00:00	7.2	7.2	7.2	7.2	14
17.07.2019 00:00	7.12	7.12	7.0200000000000005	7.08	58
18.07.2019 00:00	7.140000000000001	7.140000000000001	7.08	7.08	16
19.07.2019 00:00	7.2	7.2	7.1000000000000005	7.2	77
22.07.2019 00:00	7.140000000000001	7.24	7.140000000000001	7.2	13
23.07.2019 00:00	7.140000000000001	7.24	7.1000000000000005	7.1000000000000005	31
24.07.2019 00:00	7.2	7.2	7.1000000000000005	7.1000000000000005	29
25.07.2019 00:00	7.2	7.2	7.0600000000000005	7.0600000000000005	66
26.07.2019 00:00	7.16	7.16	7.0600000000000005	7.16	85
29.07.2019 00:00	7.1000000000000005	7.2	7.1000000000000005	7.2	428
30.07.2019 00:00	7.2	7.24	7.2	7.24	51
31.07.2019 00:00	7.2	7.2	7.12	7.12	36
01.08.2019 00:00	7.24	7.24	7.140000000000001	7.140000000000001	31
02.08.2019 00:00	7.24	7.24	7.12	7.2	28
05.08.2019 00:00	7.32	7.32	7.24	7.32	53
06.08.2019 00:00	7.32	7.32	7.16	7.2	49
07.08.2019 00:00	7.28	7.36	7.24	7.32	250
08.08.2019 00:00	7.28	7.5	7.28	7.5	1523
09.08.2019 00:00	7.48	7.48	7.2	7.32	746
12.08.2019 00:00	7.4	7.48	7.4	7.4	22
13.08.2019 00:00	7.32	7.44	7.24	7.44	66
14.08.2019 00:00	7.32	7.32	7.24	7.28	31
15.08.2019 00:00	7.28	7.44	7.2	7.2	101
16.08.2019 00:00	7.32	7.32	7.24	7.24	232
19.08.2019 00:00	7.140000000000001	7.28	7.140000000000001	7.28	7
20.08.2019 00:00	7.2	7.28	7.2	7.28	5
21.08.2019 00:00	7.28	7.28	7.2	7.2	3
22.08.2019 00:00	7.28	7.28	7.24	7.24	20
23.08.2019 00:00	7.36	7.4	7.2	7.2	35
26.08.2019 00:00	7.36	7.36	7.140000000000001	7.16	42
27.08.2019 00:00	7.2	7.32	7.16	7.32	54
28.08.2019 00:00	7.32	7.36	7.32	7.36	8
29.08.2019 00:00	7.24	7.36	7.24	7.36	279
30.08.2019 00:00	7.36	7.44	7.24	7.4	339
02.09.2019 00:00	7.36	7.48	7.36	7.48	159
03.09.2019 00:00	7.5	7.74	7.48	7.66	328
04.09.2019 00:00	7.7	7.7	7.36	7.4	498
05.09.2019 00:00	7.44	7.5600000000000005	7.32	7.5600000000000005	131
06.09.2019 00:00	7.44	7.48	7.36	7.48	21
09.09.2019 00:00	7.5200000000000005	7.5600000000000005	7.44	7.44	31
10.09.2019 00:00	7.44	7.5	7.44	7.5	72
11.09.2019 00:00	7.5	7.5600000000000005	7.5	7.5600000000000005	44
12.09.2019 00:00	7.5600000000000005	7.62	7.5200000000000005	7.5200000000000005	248
13.09.2019 00:00	7.5200000000000005	7.7	7.5200000000000005	7.7	576
16.09.2019 00:00	7.86	7.92	7.86	7.86	26
17.09.2019 00:00	7.82	7.9	7.82	7.82	21
18.09.2019 00:00	7.82	7.92	7.7	7.82	29
19.09.2019 00:00	7.86	7.98	7.7	7.74	799
20.09.2019 00:00	7.640000000000001	7.78	7.640000000000001	7.74	8
23.09.2019 00:00	7.78	7.82	7.48	7.66	668
24.09.2019 00:00	7.5	7.7	7.48	7.640000000000001	115
25.09.2019 00:00	7.66	7.7	7.5600000000000005	7.58	190
26.09.2019 00:00	7.7	7.7	7.7	7.7	19
27.09.2019 00:00	7.5600000000000005	7.58	7.48	7.48	31
30.09.2019 00:00	7.7	7.7	7.5200000000000005	7.7	84
01.10.2019 00:00	7.5	7.62	7.5	7.5600000000000005	42
02.10.2019 00:00	7.640000000000001	7.640000000000001	7.48	7.48	67
03.10.2019 00:00	7.44	7.44	7.4	7.4	297
04.10.2019 00:00	7.32	7.44	7.28	7.44	38
07.10.2019 00:00	7.48	7.5200000000000005	7.44	7.44	75
08.10.2019 00:00	7.44	7.44	7.32	7.32	85
09.10.2019 00:00	7.32	7.32	7.08	7.2	624
10.10.2019 00:00	7.24	7.24	7.140000000000001	7.2	7
11.10.2019 00:00	7.24	7.28	7.140000000000001	7.28	262
14.10.2019 00:00	7.24	7.28	7.24	7.24	27
15.10.2019 00:00	7.32	7.5600000000000005	7.32	7.44	933
16.10.2019 00:00	7.32	7.44	7.28	7.36	42
17.10.2019 00:00	7.32	7.36	7.24	7.32	273
18.10.2019 00:00	7.6000000000000005	7.6000000000000005	7.36	7.4	41
21.10.2019 00:00	7.4	7.4	7.28	7.36	84
22.10.2019 00:00	7.28	7.36	7.2	7.36	245
23.10.2019 00:00	7.28	7.5600000000000005	7.28	7.44	1937
24.10.2019 00:00	7.48	7.48	7.4	7.44	485
25.10.2019 00:00	7.36	7.36	7.28	7.32	759
28.10.2019 00:00	7.36	7.36	7.32	7.32	149
29.10.2019 00:00	7.32	7.32	7.28	7.28	41
30.10.2019 00:00	7.28	7.28	7.28	7.28	155
31.10.2019 00:00	7.24	7.28	7.24	7.28	55
01.11.2019 00:00	7.24	7.28	7.24	7.28	28
05.11.2019 00:00	7.36	7.36	7.24	7.28	174
06.11.2019 00:00	7.28	7.48	7.24	7.48	1440
07.11.2019 00:00	7.36	7.48	7.36	7.48	191
08.11.2019 00:00	7.44	7.5	7.28	7.44	378
11.11.2019 00:00	7.44	7.48	7.36	7.44	108
12.11.2019 00:00	7.4	7.48	7.32	7.44	346
13.11.2019 00:00	7.48	7.98	7.44	7.9	798
14.11.2019 00:00	7.82	7.82	7.48	7.5600000000000005	767
15.11.2019 00:00	7.5200000000000005	7.5200000000000005	7.48	7.5	68
18.11.2019 00:00	7.48	7.5600000000000005	7.48	7.5	381
19.11.2019 00:00	7.5600000000000005	7.58	7.5600000000000005	7.58	24
20.11.2019 00:00	7.5	7.5200000000000005	7.36	7.44	413
21.11.2019 00:00	7.5	7.5200000000000005	7.44	7.44	100
22.11.2019 00:00	7.4	7.44	7.36	7.4	193
25.11.2019 00:00	7.4	7.44	7.32	7.4	93
26.11.2019 00:00	7.4	7.5	7.32	7.48	92
27.11.2019 00:00	7.48	7.48	7.36	7.36	10
29.11.2019 00:00	7.48	7.5200000000000005	7.36	7.48	76
02.12.2019 00:00	7.36	7.48	7.36	7.48	39
03.12.2019 00:00	7.4	7.4	7.32	7.32	11
04.12.2019 00:00	7.44	7.44	7.32	7.32	36
05.12.2019 00:00	7.32	7.48	7.32	7.4	26
06.12.2019 00:00	7.32	7.4	7.32	7.36	11
09.12.2019 00:00	7.48	7.48	7.44	7.48	262
10.12.2019 00:00	7.44	7.5	7.36	7.48	57
11.12.2019 00:00	7.4	7.4	7.4	7.4	9
12.12.2019 00:00	7.48	7.48	7.44	7.48	57
13.12.2019 00:00	7.48	7.48	7.44	7.48	104
16.12.2019 00:00	7.48	7.5	7.44	7.44	37
17.12.2019 00:00	7.5	7.5200000000000005	7.48	7.5	149
18.12.2019 00:00	7.32	7.48	7.32	7.48	268
19.12.2019 00:00	7.48	7.48	7.48	7.48	55
20.12.2019 00:00	7.4	7.48	7.36	7.48	67
23.12.2019 00:00	7.48	7.48	7.36	7.48	45
24.12.2019 00:00	7.48	7.5	7.48	7.5	147
25.12.2019 00:00	7.4	7.48	7.36	7.4	390
26.12.2019 00:00	7.36	7.58	7.28	7.5600000000000005	624
27.12.2019 00:00	7.36	7.9	7.28	7.78	394
30.12.2019 00:00	7.82	8.48	7.82	8.24	2541
03.01.2020 00:00	8.32	8.32	7.5	8.02	1977
06.01.2020 00:00	7.82	8.14	7.82	8.08	332
08.01.2020 00:00	7.94	8.16	7.94	8.16	60
09.01.2020 00:00	8.06	10.72	8.06	9.06	5434
10.01.2020 00:00	9.06	10.32	8.98	9.32	3842
13.01.2020 00:00	9.52	9.68	9.24	9.24	942
14.01.2020 00:00	9.24	9.6	9.16	9.56	332
15.01.2020 00:00	9.32	9.32	8.74	9.02	649
16.01.2020 00:00	9.0	9.24	8.98	9.14	566
17.01.2020 00:00	9.0	9.68	8.98	9.48	3934
20.01.2020 00:00	9.24	13.0	9.24	13.0	14268
21.01.2020 00:00	13.98	17.6	11.58	14.08	25412
22.01.2020 00:00	14.08	15.4	12.98	13.14	5605
23.01.2020 00:00	12.46	14.18	12.22	12.5	3523
24.01.2020 00:00	12.8	12.8	10.98	11.3	11609
27.01.2020 00:00	11.18	11.46	10.5	10.64	3564
28.01.2020 00:00	10.64	11.96	10.48	10.96	4749
29.01.2020 00:00	11.26	11.76	10.74	11.02	4638
30.01.2020 00:00	10.74	11.72	10.68	10.9	3443
31.01.2020 00:00	10.98	11.58	10.98	11.4	6895
03.02.2020 00:00	11.9	11.98	10.98	11.14	2576
04.02.2020 00:00	11.1	11.48	11.06	11.14	1773
05.02.2020 00:00	11.14	11.38	10.8	10.98	1052
06.02.2020 00:00	11.26	11.48	10.72	10.9	1454
07.02.2020 00:00	10.98	10.98	10.38	10.58	1374
10.02.2020 00:00	10.74	10.74	10.4	10.48	658
11.02.2020 00:00	10.48	10.58	10.32	10.4	394
12.02.2020 00:00	10.48	10.68	10.4	10.64	276
13.02.2020 00:00	10.66	10.96	10.52	10.64	402
14.02.2020 00:00	10.82	10.9	10.64	10.88	408
17.02.2020 00:00	10.88	11.1	10.8	10.98	427
18.02.2020 00:00	10.98	11.18	10.72	10.9	822
19.02.2020 00:00	10.9	11.14	10.72	10.74	364
20.02.2020 00:00	10.9	10.9	10.72	10.72	461
21.02.2020 00:00	10.82	10.88	10.64	10.64	91
25.02.2020 00:00	10.82	10.84	10.32	10.34	515
26.02.2020 00:00	10.4	10.5	9.84	10.5	633
27.02.2020 00:00	10.24	10.72	9.6	10.06	404
28.02.2020 00:00	9.6	9.9	8.98	9.5	1057
02.03.2020 00:00	9.18	9.98	9.18	9.5	412
03.03.2020 00:00	9.52	9.98	9.4	9.84	97
04.03.2020 00:00	9.66	9.98	9.58	9.72	130
05.03.2020 00:00	9.96	9.96	9.76	9.76	22
06.03.2020 00:00	9.18	9.18	8.68	8.88	1000
10.03.2020 00:00	7.98	8.52	7.28	8.24	3143
11.03.2020 00:00	8.48	8.98	8.3	8.8	876
12.03.2020 00:00	7.98	8.6	7.5	7.7	1704
13.03.2020 00:00	7.5600000000000005	8.14	7.4	7.5	463
16.03.2020 00:00	7.2	8.06	6.98	7.08	1309
17.03.2020 00:00	7.08	7.48	6.98	7.0600000000000005	909
18.03.2020 00:00	7.0	7.12	6.82	6.82	374
19.03.2020 00:00	6.9	7.4	6.6000000000000005	7.28	925
20.03.2020 00:00	7.44	7.7	7.16	7.4	1114
23.03.2020 00:00	7.0200000000000005	10.32	6.58	7.74	2413
24.03.2020 00:00	8.14	9.48	7.92	8.48	2105
25.03.2020 00:00	8.66	8.98	8.22	8.48	788
26.03.2020 00:00	8.34	8.6	8.34	8.56	25
27.03.2020 00:00	8.48	8.48	8.14	8.32	198
30.03.2020 00:00	8.18	8.56	8.14	8.26	56
31.03.2020 00:00	8.48	9.1	8.34	8.48	954
01.04.2020 00:00	8.34	8.48	8.3	8.4	255
02.04.2020 00:00	8.4	8.98	8.32	8.52	321
03.04.2020 00:00	8.88	8.88	8.4	8.58	636
06.04.2020 00:00	8.66	9.18	8.64	8.76	336
07.04.2020 00:00	8.9	9.24	8.48	9.08	1288
08.04.2020 00:00	9.22	9.9	8.74	8.98	235
09.04.2020 00:00	8.98	9.3	8.74	9.08	1801
10.04.2020 00:00	8.58	9.56	8.48	9.08	414
13.04.2020 00:00	9.1	9.48	8.84	9.46	887
14.04.2020 00:00	9.52	9.58	8.98	9.56	399
15.04.2020 00:00	9.46	9.46	8.72	8.88	1095
16.04.2020 00:00	8.58	9.34	8.56	9.06	1037
17.04.2020 00:00	9.24	9.48	8.98	9.3	484
20.04.2020 00:00	9.4	9.46	9.02	9.1	632
21.04.2020 00:00	9.02	9.02	8.58	8.9	452
22.04.2020 00:00	8.84	9.48	7.78	9.46	1323
23.04.2020 00:00	9.48	9.9	9.46	9.66	1081
24.04.2020 00:00	9.76	10.32	9.42	10.32	1934
27.04.2020 00:00	10.64	10.64	9.96	9.96	2162
28.04.2020 00:00	9.98	10.24	9.96	10.08	1999
29.04.2020 00:00	10.08	10.14	9.9	10.08	1232
30.04.2020 00:00	9.98	10.22	9.9	10.22	1323
04.05.2020 00:00	10.24	10.98	10.08	10.58	3698
05.05.2020 00:00	10.4	10.4	9.02	9.74	2162
06.05.2020 00:00	9.5	9.74	9.18	9.34	577
07.05.2020 00:00	9.48	9.48	8.82	8.82	1607
08.05.2020 00:00	8.98	9.64	8.98	9.02	645
12.05.2020 00:00	9.16	9.58	9.08	9.22	232
13.05.2020 00:00	9.06	9.24	8.8	8.98	631
14.05.2020 00:00	8.98	9.22	8.5	8.92	575
15.05.2020 00:00	8.96	9.24	8.74	9.14	352
18.05.2020 00:00	9.26	9.4	8.9	9.08	207
19.05.2020 00:00	9.34	9.34	8.82	8.9	321
20.05.2020 00:00	8.96	9.08	8.8	8.98	525
21.05.2020 00:00	8.92	9.02	8.82	8.98	162
22.05.2020 00:00	8.98	8.98	8.84	8.9	125
25.05.2020 00:00	8.82	9.1	8.68	9.1	265
26.05.2020 00:00	9.1	9.1	8.98	8.98	205
27.05.2020 00:00	9.14	9.14	8.9	8.98	43
28.05.2020 00:00	8.98	8.98	8.8	8.9	299
29.05.2020 00:00	8.98	8.98	8.82	8.92	224
01.06.2020 00:00	8.9	8.98	8.8	8.98	218
02.06.2020 00:00	8.9	8.98	8.84	8.84	185
03.06.2020 00:00	8.98	8.98	8.76	8.8	272
04.06.2020 00:00	8.96	8.96	8.8	8.84	110
05.06.2020 00:00	8.76	8.98	8.64	8.96	493
08.06.2020 00:00	9.0	9.0	8.64	8.8	790
09.06.2020 00:00	8.9	8.92	8.74	8.92	106
10.06.2020 00:00	8.92	9.02	8.88	8.9	120
11.06.2020 00:00	8.98	8.98	8.76	8.9	214
15.06.2020 00:00	8.82	9.06	8.82	8.88	260
16.06.2020 00:00	8.84	9.06	8.8	8.84	240
17.06.2020 00:00	8.96	9.06	8.9	9.02	364
18.06.2020 00:00	8.9	9.08	8.9	8.98	101
19.06.2020 00:00	8.9	9.0	8.8	9.0	178
22.06.2020 00:00	8.98	9.1	8.88	8.98	139
23.06.2020 00:00	8.98	9.08	8.88	8.9	87
25.06.2020 00:00	8.9	9.1	8.9	9.06	208
26.06.2020 00:00	8.84	8.98	8.84	8.98	94
29.06.2020 00:00	8.9	8.9	8.74	8.9	99
30.06.2020 00:00	8.96	8.98	8.82	8.82	188
02.07.2020 00:00	8.82	8.9	8.82	8.82	296
03.07.2020 00:00	8.9	8.9	8.8	8.84	212
06.07.2020 00:00	8.84	8.92	8.8	8.82	194
07.07.2020 00:00	8.88	8.9	8.8	8.82	45
08.07.2020 00:00	8.82	8.84	8.76	8.82	44
09.07.2020 00:00	8.82	8.82	8.58	8.66	314
10.07.2020 00:00	8.72	8.9	8.72	8.84	108
13.07.2020 00:00	8.9	8.9	8.76	8.84	95
14.07.2020 00:00	8.8	8.84	8.74	8.74	48
15.07.2020 00:00	8.74	8.82	8.64	8.74	204
16.07.2020 00:00	8.82	8.82	8.6	8.82	197
17.07.2020 00:00	8.8	9.14	8.8	8.98	790
20.07.2020 00:00	8.82	9.08	8.82	8.88	272
21.07.2020 00:00	9.64	9.64	8.82	8.9	221
22.07.2020 00:00	8.9	9.1	8.82	8.88	182
23.07.2020 00:00	8.9	9.02	8.82	8.98	62
24.07.2020 00:00	8.98	8.98	8.8	8.84	76
27.07.2020 00:00	8.82	8.84	8.72	8.8	482
28.07.2020 00:00	8.74	9.08	8.74	8.84	458
29.07.2020 00:00	8.82	8.98	8.22	8.9	642
30.07.2020 00:00	9.0	9.02	8.92	8.98	293
31.07.2020 00:00	9.06	9.96	8.84	9.1	1701
03.08.2020 00:00	9.88	9.88	9.1	9.24	362
04.08.2020 00:00	9.02	9.66	9.02	9.3	1089
05.08.2020 00:00	9.3	9.56	9.24	9.32	168
06.08.2020 00:00	9.26	9.4	9.18	9.4	98
07.08.2020 00:00	9.48	9.58	9.1	9.26	129
10.08.2020 00:00	9.1	9.48	9.1	9.24	152
11.08.2020 00:00	9.48	9.48	9.18	9.26	75
12.08.2020 00:00	9.4	9.46	9.24	9.24	103
13.08.2020 00:00	9.48	11.4	9.14	10.08	5070
14.08.2020 00:00	10.14	10.14	9.52	9.58	1667
17.08.2020 00:00	10.14	10.14	9.48	9.5	764
18.08.2020 00:00	9.56	9.56	9.42	9.48	135
19.08.2020 00:00	9.64	9.8	9.4	9.48	186
20.08.2020 00:00	9.46	9.46	9.34	9.38	150
21.08.2020 00:00	9.38	9.46	9.34	9.42	104
24.08.2020 00:00	9.34	9.4	9.3	9.4	76
25.08.2020 00:00	9.34	9.42	9.3	9.32	402
26.08.2020 00:00	9.4	9.42	9.24	9.38	749
27.08.2020 00:00	9.3	9.38	9.22	9.24	336
28.08.2020 00:00	9.24	9.3	9.18	9.3	67
31.08.2020 00:00	9.3	9.3	9.18	9.18	87
01.09.2020 00:00	9.16	9.26	9.0	9.22	193
02.09.2020 00:00	9.24	9.3	9.18	9.22	99
03.09.2020 00:00	9.24	9.24	9.1	9.18	33
04.09.2020 00:00	9.14	9.14	9.02	9.1	28
07.09.2020 00:00	9.14	9.14	9.02	9.02	83
08.09.2020 00:00	9.1	9.14	9.0	9.0	214
09.09.2020 00:00	9.02	9.02	9.0	9.02	45
10.09.2020 00:00	9.06	9.06	9.06	9.06	4
11.09.2020 00:00	9.08	9.08	9.0	9.08	182
14.09.2020 00:00	9.1	9.14	9.06	9.1	60
15.09.2020 00:00	9.14	9.14	9.08	9.14	28
16.09.2020 00:00	9.14	9.14	9.08	9.08	10
17.09.2020 00:00	9.14	9.32	9.14	9.24	363
18.09.2020 00:00	9.26	9.76	9.24	9.5	628
21.09.2020 00:00	9.48	9.56	9.06	9.22	98
22.09.2020 00:00	9.14	9.24	8.98	9.06	161
23.09.2020 00:00	9.1	9.5	9.08	9.46	102
24.09.2020 00:00	9.48	9.5	9.06	9.16	49
25.09.2020 00:00	9.24	9.24	9.08	9.14	38
28.09.2020 00:00	9.14	9.98	8.66	9.34	948
29.09.2020 00:00	9.32	9.32	8.92	8.98	958
30.09.2020 00:00	9.08	9.32	8.92	8.98	477
01.10.2020 00:00	9.06	9.1	8.98	9.1	65
02.10.2020 00:00	8.98	9.1	8.98	9.06	55
05.10.2020 00:00	8.98	9.08	8.56	8.68	603
06.10.2020 00:00	8.8	8.98	8.68	8.96	174
07.10.2020 00:00	8.98	8.98	8.82	8.82	25
08.10.2020 00:00	8.9	8.9	8.9	8.9	2
09.10.2020 00:00	8.82	8.9	8.74	8.9	22
12.10.2020 00:00	8.82	8.84	8.72	8.82	131
13.10.2020 00:00	8.84	8.9	8.56	8.74	165
14.10.2020 00:00	8.66	8.82	8.66	8.82	113
15.10.2020 00:00	8.76	8.8	8.68	8.8	35
16.10.2020 00:00	8.8	8.8	8.58	8.68	99
19.10.2020 00:00	8.64	8.92	8.64	8.82	123
20.10.2020 00:00	8.74	8.82	8.74	8.8	18
21.10.2020 00:00	8.76	8.82	8.72	8.82	17
22.10.2020 00:00	8.8	8.82	8.68	8.8	61
23.10.2020 00:00	8.74	8.74	8.32	8.6	1168
26.10.2020 00:00	8.72	8.72	8.64	8.64	26
27.10.2020 00:00	8.64	8.68	8.6	8.68	33
28.10.2020 00:00	8.6	8.6	8.32	8.5	43
29.10.2020 00:00	8.4	8.4	8.0	8.1	294
30.10.2020 00:00	8.18	8.24	8.06	8.14	94
02.11.2020 00:00	8.18	8.32	8.02	8.24	107
03.11.2020 00:00	8.3	8.48	8.26	8.32	59
05.11.2020 00:00	8.48	8.48	7.98	8.18	1023
06.11.2020 00:00	8.24	8.24	7.98	8.14	228
09.11.2020 00:00	8.14	8.52	8.02	8.48	339
10.11.2020 00:00	8.34	8.48	8.3	8.48	169
11.11.2020 00:00	8.56	8.56	8.3	8.4	164
12.11.2020 00:00	8.48	8.48	8.3	8.48	94
13.11.2020 00:00	8.26	8.46	8.26	8.4	29
16.11.2020 00:00	8.6	9.18	8.38	8.9	1421
17.11.2020 00:00	8.9	8.9	8.8	8.9	60
18.11.2020 00:00	8.82	9.16	8.74	8.92	370
19.11.2020 00:00	9.08	9.08	8.96	8.98	87
20.11.2020 00:00	9.0	9.16	8.98	9.14	113
23.11.2020 00:00	9.02	9.1	8.9	8.98	116
24.11.2020 00:00	9.08	9.16	8.92	8.96	157
25.11.2020 00:00	8.92	8.92	8.58	8.74	690
26.11.2020 00:00	8.82	8.9	8.64	8.84	178
27.11.2020 00:00	8.9	8.98	8.74	8.96	129
30.11.2020 00:00	8.88	8.98	8.88	8.92	10
01.12.2020 00:00	8.92	8.98	8.84	8.96	149
02.12.2020 00:00	8.98	9.02	8.8	8.92	148
03.12.2020 00:00	8.98	8.98	8.82	8.82	79
04.12.2020 00:00	8.88	8.88	8.68	8.8	216
07.12.2020 00:00	8.72	8.9	8.68	8.82	159
08.12.2020 00:00	8.88	8.92	8.72	8.9	301
09.12.2020 00:00	8.92	8.96	8.84	8.9	79
10.12.2020 00:00	8.9	8.9	8.74	8.76	55
11.12.2020 00:00	8.8	8.9	8.64	8.8	135
14.12.2020 00:00	8.88	8.9	8.8	8.8	226
15.12.2020 00:00	8.9	8.9	8.8	8.9	29
16.12.2020 00:00	8.8	8.88	8.74	8.76	25
17.12.2020 00:00	8.74	9.0	8.68	8.98	270
18.12.2020 00:00	8.98	9.14	8.98	9.06	261
21.12.2020 00:00	9.0	9.16	8.92	9.06	240
22.12.2020 00:00	8.98	9.14	8.92	9.0	129
23.12.2020 00:00	9.14	9.16	9.0	9.14	241
24.12.2020 00:00	9.14	9.4	8.98	8.98	723
25.12.2020 00:00	9.06	9.1	8.96	8.96	83
28.12.2020 00:00	9.18	9.18	8.9	8.96	129
29.12.2020 00:00	8.96	9.74	8.96	9.52	1004
30.12.2020 00:00	9.52	9.84	9.18	9.24	1342
04.01.2021 00:00	9.4	9.56	9.1	9.22	371
05.01.2021 00:00	9.24	9.34	8.9	9.06	786
06.01.2021 00:00	9.08	9.24	9.02	9.06	212
08.01.2021 00:00	9.06	9.1	9.0	9.08	160
11.01.2021 00:00	8.98	9.14	8.98	9.14	77
12.01.2021 00:00	9.18	9.18	8.96	9.08	471
13.01.2021 00:00	9.0	9.68	9.0	9.24	462
14.01.2021 00:00	9.56	9.64	9.18	9.58	283
15.01.2021 00:00	9.72	9.72	9.22	9.5	262
18.01.2021 00:00	9.6	9.88	9.4	9.68	446
19.01.2021 00:00	9.72	9.72	9.32	9.4	61
20.01.2021 00:00	9.64	9.64	9.34	9.52	36
21.01.2021 00:00	9.48	9.52	9.4	9.52	101
22.01.2021 00:00	9.32	9.58	9.32	9.58	383
25.01.2021 00:00	9.58	9.68	9.42	9.48	89
26.01.2021 00:00	9.58	9.66	9.48	9.48	138
27.01.2021 00:00	9.58	9.9	9.5	9.56	521
28.01.2021 00:00	9.56	9.56	9.1	9.38	191
29.01.2021 00:00	9.48	9.48	9.14	9.18	97
01.02.2021 00:00	9.26	9.34	9.14	9.22	68
02.02.2021 00:00	9.22	9.34	9.18	9.24	39
03.02.2021 00:00	9.3	9.64	9.14	9.42	259
04.02.2021 00:00	9.48	9.48	9.32	9.42	269
05.02.2021 00:00	9.34	9.52	9.34	9.42	31
08.02.2021 00:00	9.4	9.56	9.4	9.4	70
09.02.2021 00:00	9.4	9.52	9.3	9.42	95
10.02.2021 00:00	9.48	9.58	9.4	9.4	51
11.02.2021 00:00	9.56	9.56	9.4	9.56	32
12.02.2021 00:00	9.48	9.58	9.32	9.48	84
15.02.2021 00:00	9.4	9.48	9.4	9.4	160
16.02.2021 00:00	9.4	9.6	9.34	9.48	106
17.02.2021 00:00	9.52	9.56	9.4	9.56	106
18.02.2021 00:00	9.48	10.5	9.46	9.74	2814
19.02.2021 00:00	9.66	10.98	9.56	10.06	3501
20.02.2021 00:00	10.48	10.58	9.82	10.14	217
22.02.2021 00:00	10.26	10.26	9.88	9.9	89
24.02.2021 00:00	10.06	10.26	9.82	9.92	199
25.02.2021 00:00	9.96	9.96	9.72	9.84	148
26.02.2021 00:00	9.72	10.06	9.42	9.8	60
01.03.2021 00:00	9.74	9.76	9.64	9.76	41
02.03.2021 00:00	9.84	10.14	9.8	10.06	639
03.03.2021 00:00	10.06	11.48	9.9	9.98	3223
04.03.2021 00:00	10.06	10.68	9.82	10.14	2505
05.03.2021 00:00	10.24	10.24	9.66	9.82	583
09.03.2021 00:00	9.96	10.48	9.58	10.38	2497
10.03.2021 00:00	10.68	11.16	10.06	10.3	2628
11.03.2021 00:00	10.34	10.72	10.08	10.4	1366
12.03.2021 00:00	10.42	10.92	10.42	10.68	4311
15.03.2021 00:00	10.9	11.18	10.66	10.88	2060
16.03.2021 00:00	10.64	10.98	10.64	10.8	565
17.03.2021 00:00	10.84	10.84	10.48	10.58	304
18.03.2021 00:00	10.48	10.64	10.3	10.4	785
19.03.2021 00:00	10.02	10.64	10.02	10.4	349
22.03.2021 00:00	10.5	10.5	10.32	10.4	344
23.03.2021 00:00	10.56	10.56	10.32	10.38	241
24.03.2021 00:00	10.4	10.4	10.32	10.4	411
25.03.2021 00:00	10.4	10.4	9.98	10.32	269
26.03.2021 00:00	10.06	10.38	10.06	10.38	263
29.03.2021 00:00	10.48	10.58	10.24	10.4	419
30.03.2021 00:00	10.4	10.4	10.24	10.32	196
31.03.2021 00:00	10.32	10.4	10.24	10.38	266
01.04.2021 00:00	10.4	10.72	10.38	10.56	437
02.04.2021 00:00	10.52	10.9	10.5	10.74	1624
05.04.2021 00:00	10.72	10.98	10.72	10.8	1131
06.04.2021 00:00	10.9	10.92	10.56	10.64	330
07.04.2021 00:00	10.84	10.9	10.64	10.9	210
08.04.2021 00:00	10.64	10.92	10.64	10.8	217
09.04.2021 00:00	10.72	10.72	10.56	10.68	199
12.04.2021 00:00	10.72	10.84	10.56	10.74	553
13.04.2021 00:00	10.98	10.98	10.64	10.82	507
14.04.2021 00:00	10.84	10.96	10.68	10.76	638
15.04.2021 00:00	10.76	10.88	10.68	10.76	285
16.04.2021 00:00	10.82	10.9	10.64	10.9	660
19.04.2021 00:00	10.72	11.1	10.72	11.0	1992
20.04.2021 00:00	11.26	11.26	10.9	10.98	849
21.04.2021 00:00	11.06	11.18	10.98	11.18	1272
22.04.2021 00:00	11.06	11.42	11.02	11.4	2422
23.04.2021 00:00	11.4	11.56	11.18	11.34	2736
26.04.2021 00:00	11.34	11.48	10.58	10.9	4929
27.04.2021 00:00	10.0	10.42	10.0	10.06	2145
28.04.2021 00:00	10.08	10.18	9.56	9.82	1418
29.04.2021 00:00	9.92	10.22	9.82	10.06	345
30.04.2021 00:00	9.98	9.98	9.84	9.84	126
04.05.2021 00:00	9.88	9.88	9.64	9.66	238
05.05.2021 00:00	9.56	10.08	9.56	10.06	484
06.05.2021 00:00	10.06	10.24	9.98	9.98	873
07.05.2021 00:00	10.0	10.0	9.8	9.88	255
10.05.2021 00:00	9.98	9.98	9.72	9.8	340
11.05.2021 00:00	9.64	9.9	9.56	9.88	798
12.05.2021 00:00	9.8	9.9	9.76	9.84	100
13.05.2021 00:00	9.82	9.82	9.32	9.68	265
14.05.2021 00:00	9.6	9.82	9.38	9.72	93
17.05.2021 00:00	9.66	9.76	9.46	9.68	477
18.05.2021 00:00	9.48	9.96	9.4	9.96	347
19.05.2021 00:00	9.74	10.24	9.74	10.02	347
20.05.2021 00:00	10.22	10.22	9.8	9.92	437
21.05.2021 00:00	9.96	9.96	9.74	9.88	50
24.05.2021 00:00	9.98	9.98	9.6	9.8	209
25.05.2021 00:00	9.84	9.84	9.76	9.8	237
26.05.2021 00:00	9.82	9.92	9.5	9.66	102
27.05.2021 00:00	9.6	9.74	9.6	9.68	53
28.05.2021 00:00	9.64	9.9	9.64	9.74	46
31.05.2021 00:00	9.74	9.98	9.74	9.8	350
01.06.2021 00:00	9.74	9.82	9.68	9.8	44
02.06.2021 00:00	9.76	9.82	9.68	9.82	221
03.06.2021 00:00	9.82	9.92	9.8	9.82	140
04.06.2021 00:00	9.92	9.92	9.8	9.8	52
07.06.2021 00:00	9.9	9.9	9.82	9.88	37
08.06.2021 00:00	9.84	10.0	9.82	9.84	19
09.06.2021 00:00	9.82	11.3	9.82	10.32	2392
10.06.2021 00:00	10.56	11.08	10.08	10.58	1373
11.06.2021 00:00	10.58	10.98	9.82	10.1	2796
14.06.2021 00:00	10.1	10.24	9.98	10.14	233
15.06.2021 00:00	10.1	10.14	10.06	10.06	58
16.06.2021 00:00	10.14	10.22	10.06	10.22	255
17.06.2021 00:00	10.16	10.3	10.08	10.24	144
18.06.2021 00:00	10.22	10.4	9.98	10.08	565
21.06.2021 00:00	9.98	10.06	9.98	10.0	219
22.06.2021 00:00	9.98	9.98	9.9	9.9	109
23.06.2021 00:00	9.98	9.98	9.84	9.9	186
24.06.2021 00:00	9.96	9.98	9.56	9.74	252
25.06.2021 00:00	9.64	9.74	9.56	9.64	329
28.06.2021 00:00	9.56	9.76	9.56	9.68	488
29.06.2021 00:00	9.72	9.72	9.4	9.56	217
30.06.2021 00:00	9.6	9.6	9.4	9.46	136
01.07.2021 00:00	9.42	9.66	9.42	9.64	97
02.07.2021 00:00	9.66	9.66	9.56	9.56	16
05.07.2021 00:00	9.64	9.96	9.58	9.88	246
06.07.2021 00:00	9.96	9.96	9.74	9.76	72
07.07.2021 00:00	9.76	9.82	9.66	9.82	52
08.07.2021 00:00	9.74	9.8	9.58	9.66	76
09.07.2021 00:00	9.66	9.66	9.64	9.64	27
12.07.2021 00:00	9.64	9.76	9.48	9.64	161
13.07.2021 00:00	9.64	9.64	9.5	9.5	79
14.07.2021 00:00	9.48	9.58	9.48	9.58	55
15.07.2021 00:00	9.5	9.64	9.5	9.58	61
16.07.2021 00:00	9.64	9.72	9.6	9.66	31
19.07.2021 00:00	9.56	9.6	9.5	9.52	54
20.07.2021 00:00	9.5	9.6	9.48	9.6	46
21.07.2021 00:00	9.6	9.6	9.46	9.48	10
22.07.2021 00:00	9.46	9.56	9.46	9.56	4
23.07.2021 00:00	9.52	9.56	9.34	9.46	38
26.07.2021 00:00	9.42	9.72	9.42	9.56	196
27.07.2021 00:00	9.56	9.64	9.48	9.56	81
28.07.2021 00:00	9.52	9.58	9.48	9.5	81
29.07.2021 00:00	9.56	9.56	9.46	9.48	60
30.07.2021 00:00	9.48	9.6	9.48	9.6	238
02.08.2021 00:00	9.6	9.6	9.48	9.58	149
03.08.2021 00:00	9.56	9.58	9.56	9.56	27
04.08.2021 00:00	9.5	9.58	9.5	9.56	11
05.08.2021 00:00	9.6	9.68	9.56	9.64	48
06.08.2021 00:00	9.56	9.64	9.32	9.42	228
09.08.2021 00:00	9.34	9.52	9.34	9.42	78
10.08.2021 00:00	9.48	9.5	9.42	9.48	40
11.08.2021 00:00	9.42	9.66	9.34	9.64	101
12.08.2021 00:00	9.58	9.72	9.56	9.64	192
13.08.2021 00:00	9.74	9.74	9.6	9.74	73
16.08.2021 00:00	9.84	10.06	9.58	9.66	64
17.08.2021 00:00	9.58	9.58	9.48	9.5	89
18.08.2021 00:00	9.48	9.48	9.4	9.46	51
19.08.2021 00:00	9.4	9.56	9.34	9.48	119
20.08.2021 00:00	9.48	9.56	9.48	9.56	33
23.08.2021 00:00	9.56	9.64	9.56	9.58	78
24.08.2021 00:00	9.64	9.74	9.58	9.74	239
25.08.2021 00:00	9.82	9.84	9.72	9.8	117
26.08.2021 00:00	9.8	9.84	9.8	9.8	112
27.08.2021 00:00	9.64	9.82	9.6	9.72	39
30.08.2021 00:00	9.88	9.92	9.64	9.82	143
31.08.2021 00:00	9.82	9.82	9.74	9.8	152
01.09.2021 00:00	9.84	10.0	9.48	9.72	169
02.09.2021 00:00	9.72	9.74	9.5	9.64	85
03.09.2021 00:00	9.56	9.74	9.42	9.72	193
06.09.2021 00:00	9.68	9.74	9.4	9.6	170
07.09.2021 00:00	9.56	9.56	9.24	9.46	561
08.09.2021 00:00	9.48	9.58	9.4	9.56	56
09.09.2021 00:00	9.5	9.6	9.46	9.52	65
10.09.2021 00:00	9.5	9.56	9.42	9.56	81
13.09.2021 00:00	9.56	9.66	9.56	9.66	81
14.09.2021 00:00	9.66	9.74	9.48	9.68	243
15.09.2021 00:00	9.68	9.74	9.6	9.68	96
16.09.2021 00:00	9.68	9.74	9.64	9.74	47
17.09.2021 00:00	9.68	9.76	9.64	9.72	169
20.09.2021 00:00	9.74	9.74	9.56	9.56	92
21.09.2021 00:00	9.64	9.74	9.52	9.58	69
22.09.2021 00:00	9.52	9.64	9.52	9.58	86
23.09.2021 00:00	9.64	9.74	9.56	9.58	81
24.09.2021 00:00	9.68	9.68	9.58	9.6	63
27.09.2021 00:00	9.72	9.72	9.64	9.72	19
28.09.2021 00:00	9.66	9.74	9.64	9.64	15
29.09.2021 00:00	9.74	9.74	9.58	9.58	20
30.09.2021 00:00	9.6	9.74	9.6	9.66	377
01.10.2021 00:00	9.68	9.72	9.6	9.6	17
04.10.2021 00:00	9.66	9.74	9.5	9.56	81
05.10.2021 00:00	9.52	9.74	9.4	9.74	285
06.10.2021 00:00	9.74	9.82	9.66	9.72	109
07.10.2021 00:00	9.76	9.76	9.6	9.66	145
08.10.2021 00:00	9.66	9.76	9.46	9.74	187
11.10.2021 00:00	9.76	10.98	9.72	10.14	2250
12.10.2021 00:00	10.14	10.14	9.66	9.98	580
13.10.2021 00:00	10.02	10.08	9.9	10.06	342
14.10.2021 00:00	10.06	10.14	9.84	9.98	64
15.10.2021 00:00	9.9	10.0	9.82	9.9	58
18.10.2021 00:00	9.88	9.96	9.82	9.96	47
19.10.2021 00:00	9.98	10.14	9.76	10.06	488
20.10.2021 00:00	9.92	10.8	9.92	10.14	419
21.10.2021 00:00	10.34	10.74	9.98	10.16	614
22.10.2021 00:00	10.38	10.38	10.02	10.26	93
25.10.2021 00:00	10.72	10.72	9.98	10.1	141
26.10.2021 00:00	9.98	10.4	9.98	10.24	119
27.10.2021 00:00	9.98	10.24	9.98	10.02	260
28.10.2021 00:00	10.66	10.66	9.68	9.88	419
29.10.2021 00:00	9.84	9.98	9.58	9.96	128
01.11.2021 00:00	10.02	10.4	9.92	10.24	452
02.11.2021 00:00	10.26	11.14	10.06	10.06	878
03.11.2021 00:00	10.06	10.16	10.06	10.16	10
05.11.2021 00:00	10.0	10.08	9.98	10.0	53
08.11.2021 00:00	9.98	10.02	9.9	9.9	166
09.11.2021 00:00	9.96	10.22	9.9	9.98	680
10.11.2021 00:00	9.98	10.14	9.98	9.98	104
11.11.2021 00:00	10.06	10.06	9.9	9.9	281
12.11.2021 00:00	10.08	10.6	9.92	9.92	256
15.11.2021 00:00	9.88	9.98	9.76	9.82	189
16.11.2021 00:00	9.82	9.92	9.48	9.52	743
17.11.2021 00:00	9.52	9.74	9.4	9.6	283
18.11.2021 00:00	9.6	9.82	9.48	9.8	191
19.11.2021 00:00	9.66	9.82	9.58	9.72	64
22.11.2021 00:00	9.66	9.72	9.48	9.5	61
23.11.2021 00:00	9.48	9.8	9.46	9.76	115
24.11.2021 00:00	9.8	9.96	9.64	9.68	204
25.11.2021 00:00	9.76	10.16	9.68	9.76	78
26.11.2021 00:00	9.72	9.72	9.48	9.64	80
29.11.2021 00:00	9.52	9.98	9.48	9.88	60
30.11.2021 00:00	9.68	9.76	9.52	9.72	27
01.12.2021 00:00	9.74	9.92	9.74	9.74	36
02.12.2021 00:00	9.74	9.74	9.74	9.74	2
03.12.2021 00:00	9.96	9.98	9.66	9.66	41
06.12.2021 00:00	9.64	10.3	9.64	9.74	66
07.12.2021 00:00	9.66	9.76	9.52	9.76	31
08.12.2021 00:00	9.5	9.8	9.48	9.5	220
09.12.2021 00:00	9.56	9.64	9.5	9.6	63
10.12.2021 00:00	9.6	9.64	9.52	9.56	19
13.12.2021 00:00	9.56	9.56	9.32	9.4	87
14.12.2021 00:00	9.4	9.4	8.98	9.08	168
15.12.2021 00:00	9.08	9.76	8.88	9.24	300
16.12.2021 00:00	9.32	9.56	9.32	9.5	55
17.12.2021 00:00	9.56	9.56	9.34	9.48	11
20.12.2021 00:00	9.14	9.58	9.14	9.32	89
21.12.2021 00:00	9.3	9.3	8.9	9.14	130
22.12.2021 00:00	9.08	9.64	9.02	9.48	181
23.12.2021 00:00	9.06	9.64	9.06	9.1	112
24.12.2021 00:00	9.32	9.8	9.32	9.74	584
27.12.2021 00:00	9.84	10.1	9.26	9.6	330
28.12.2021 00:00	9.52	9.74	9.42	9.42	389
29.12.2021 00:00	9.48	9.64	9.34	9.64	302
30.12.2021 00:00	9.64	9.88	9.42	9.64	105
03.01.2022 00:00	9.66	10.9	9.66	9.68	458
04.01.2022 00:00	9.68	9.92	9.68	9.92	230
05.01.2022 00:00	9.82	9.96	9.82	9.96	51
06.01.2022 00:00	9.9	9.92	9.82	9.92	40
10.01.2022 00:00	9.96	9.98	9.66	9.92	70
11.01.2022 00:00	9.82	9.92	9.76	9.76	41
12.01.2022 00:00	9.84	10.06	9.84	9.9	48
13.01.2022 00:00	10.06	10.08	9.8	9.8	85
14.01.2022 00:00	9.76	9.92	9.4	9.58	197
17.01.2022 00:00	9.66	9.9	9.48	9.66	148
18.01.2022 00:00	9.8	9.98	9.14	9.22	275
19.01.2022 00:00	9.1	9.74	9.1	9.52	168
20.01.2022 00:00	9.58	9.92	8.98	9.58	1478
21.01.2022 00:00	9.66	9.66	9.16	9.24	269
24.01.2022 00:00	9.06	9.48	8.98	9.22	356
25.01.2022 00:00	9.0	9.8	9.0	9.5	298
26.01.2022 00:00	9.38	9.98	9.34	9.74	434
27.01.2022 00:00	9.52	9.82	8.98	9.64	2074
28.01.2022 00:00	9.4	9.84	9.4	9.74	135
31.01.2022 00:00	9.68	9.84	9.3	9.64	141
01.02.2022 00:00	9.46	9.74	9.4	9.6	192
02.02.2022 00:00	9.76	9.82	9.56	9.76	187
03.02.2022 00:00	9.64	9.88	9.58	9.72	86
04.02.2022 00:00	9.82	9.9	9.8	9.8	86
07.02.2022 00:00	9.74	10.02	9.74	9.98	72
08.02.2022 00:00	10.02	10.08	9.68	9.96	121
09.02.2022 00:00	9.6	10.08	9.6	9.74	62
10.02.2022 00:00	9.72	9.98	9.68	9.76	41
11.02.2022 00:00	9.74	9.8	9.74	9.76	11
14.02.2022 00:00	10.02	10.02	9.68	9.72	11
15.02.2022 00:00	9.74	9.9	9.66	9.9	134
16.02.2022 00:00	9.58	10.06	9.52	9.74	148
17.02.2022 00:00	9.98	9.98	9.74	9.76	118
18.02.2022 00:00	10.0	10.0	9.74	9.82	34
21.02.2022 00:00	9.4	9.66	9.08	9.08	291
22.02.2022 00:00	9.02	9.14	8.48	9.08	139
24.02.2022 00:00	8.4	8.4	6.98	8.14	437
25.02.2022 00:00	7.98	8.1	7.98	8.06	98
28.03.2022 00:00	7.7	8.06	7.28	7.32	238
29.03.2022 00:00	7.2	7.98	7.16	7.4	646
30.03.2022 00:00	7.78	7.78	7.2	7.44	1076
31.03.2022 00:00	7.58	8.9	7.58	7.78	1171
01.04.2022 00:00	7.98	8.56	7.74	7.82	1089
04.04.2022 00:00	7.86	8.4	7.86	8.32	1391
05.04.2022 00:00	8.32	9.1	8.32	8.48	1396
06.04.2022 00:00	8.4	8.48	7.86	8.46	316
07.04.2022 00:00	8.58	8.84	8.4	8.48	366
08.04.2022 00:00	8.74	8.74	8.4	8.58	323
11.04.2022 00:00	8.74	9.68	8.26	8.48	1867
12.04.2022 00:00	8.46	8.58	8.18	8.48	310
13.04.2022 00:00	8.5	8.6	8.24	8.34	477
14.04.2022 00:00	8.38	8.56	8.34	8.4	337
15.04.2022 00:00	8.38	8.48	8.32	8.38	83
18.04.2022 00:00	8.4	9.88	8.26	9.14	3021
19.04.2022 00:00	9.24	9.24	8.6	8.82	1307
20.04.2022 00:00	8.9	9.18	8.74	8.98	349
21.04.2022 00:00	8.9	9.02	8.64	8.98	1228
22.04.2022 00:00	8.98	9.16	8.82	9.16	143
25.04.2022 00:00	9.16	9.16	8.8	8.82	323
26.04.2022 00:00	8.8	9.18	8.8	9.14	250
27.04.2022 00:00	8.96	9.24	8.84	8.84	668
28.04.2022 00:00	9.14	10.8	8.9	9.98	5347
29.04.2022 00:00	9.32	10.74	9.32	10.08	1768
04.05.2022 00:00	9.26	10.98	8.48	8.56	7559
05.05.2022 00:00	8.64	8.72	8.16	8.3	2511
06.05.2022 00:00	8.32	8.58	8.02	8.52	2110
11.05.2022 00:00	8.48	8.64	8.48	8.48	191
12.05.2022 00:00	8.56	8.56	8.3	8.4	185
13.05.2022 00:00	8.38	8.64	8.1	8.18	750
16.05.2022 00:00	8.18	8.32	8.18	8.32	109
17.05.2022 00:00	8.26	8.64	8.26	8.48	162
18.05.2022 00:00	8.56	8.56	8.18	8.4	693
19.05.2022 00:00	8.32	8.42	8.08	8.24	400
20.05.2022 00:00	8.24	8.24	8.14	8.24	65
23.05.2022 00:00	8.14	8.34	7.92	7.98	375
24.05.2022 00:00	8.06	8.08	7.58	7.78	600
25.05.2022 00:00	7.78	7.86	7.78	7.82	34
26.05.2022 00:00	7.78	7.98	7.7	7.9	193
27.05.2022 00:00	7.9	8.0	7.9	7.9	49
30.05.2022 00:00	7.98	8.08	7.98	7.98	55
31.05.2022 00:00	8.0	8.0	7.640000000000001	7.78	272
01.06.2022 00:00	7.86	7.86	7.74	7.74	109
02.06.2022 00:00	7.82	7.9	7.7	7.7	211
03.06.2022 00:00	7.78	7.98	7.48	7.7	490
06.06.2022 00:00	7.62	7.7	7.36	7.58	138
07.06.2022 00:00	7.48	7.6000000000000005	7.44	7.6000000000000005	170
08.06.2022 00:00	7.7	7.78	7.5600000000000005	7.62	171
09.06.2022 00:00	7.5600000000000005	7.640000000000001	7.48	7.640000000000001	83
10.06.2022 00:00	7.640000000000001	7.74	7.5200000000000005	7.5600000000000005	51
14.06.2022 00:00	7.5	7.7	7.48	7.48	134
15.06.2022 00:00	7.58	7.58	7.5600000000000005	7.5600000000000005	14
16.06.2022 00:00	7.5200000000000005	7.7	7.48	7.7	342
17.06.2022 00:00	7.640000000000001	7.7	7.58	7.6000000000000005	45
20.06.2022 00:00	7.66	7.78	7.66	7.7	53
21.06.2022 00:00	7.66	7.9	7.66	7.86	116
22.06.2022 00:00	7.9	7.9	7.82	7.82	53
23.06.2022 00:00	7.82	7.9	7.78	7.9	49
24.06.2022 00:00	7.86	7.98	7.78	7.86	171
27.06.2022 00:00	7.86	7.9	7.82	7.86	27
28.06.2022 00:00	7.86	7.86	7.82	7.86	53
29.06.2022 00:00	7.86	7.98	7.78	7.78	102
30.06.2022 00:00	7.82	7.82	7.7	7.74	28
01.07.2022 00:00	7.7	7.82	7.66	7.82	117
04.07.2022 00:00	7.82	7.94	7.7	7.82	109
05.07.2022 00:00	7.9	7.92	7.82	7.92	33
06.07.2022 00:00	7.86	7.94	7.82	7.86	48
07.07.2022 00:00	7.82	7.94	7.82	7.92	31
08.07.2022 00:00	7.86	7.92	7.86	7.86	18
11.07.2022 00:00	7.86	7.9	7.86	7.86	32
12.07.2022 00:00	7.86	7.86	7.640000000000001	7.66	68
13.07.2022 00:00	7.78	7.86	7.6000000000000005	7.6000000000000005	97
14.07.2022 00:00	7.58	7.640000000000001	7.24	7.28	399
15.07.2022 00:00	7.4	7.48	7.32	7.36	318
18.07.2022 00:00	7.36	7.44	7.32	7.36	46
19.07.2022 00:00	7.32	7.4	7.28	7.32	45
20.07.2022 00:00	7.28	7.28	7.12	7.2	236
21.07.2022 00:00	7.2	7.4	7.140000000000001	7.2	125
22.07.2022 00:00	7.28	7.4	7.24	7.4	56
25.07.2022 00:00	7.48	7.48	7.36	7.36	49
26.07.2022 00:00	7.36	7.44	7.28	7.44	103
27.07.2022 00:00	7.36	7.48	7.24	7.24	124
28.07.2022 00:00	7.32	7.4	7.28	7.4	61
29.07.2022 00:00	7.44	7.48	7.36	7.48	35
01.08.2022 00:00	7.44	7.48	7.36	7.4	43
02.08.2022 00:00	7.48	7.48	7.4	7.48	46
03.08.2022 00:00	7.48	7.9	7.28	7.4	154
04.08.2022 00:00	7.44	7.48	7.4	7.4	64
05.08.2022 00:00	7.4	7.4	7.24	7.36	97
08.08.2022 00:00	7.4	7.4	7.32	7.4	9
09.08.2022 00:00	7.4	7.44	7.32	7.44	40
10.08.2022 00:00	7.44	7.5	7.4	7.48	31
11.08.2022 00:00	7.5	7.5	7.28	7.4	126
12.08.2022 00:00	7.48	7.640000000000001	7.4	7.6000000000000005	75
15.08.2022 00:00	7.640000000000001	7.640000000000001	7.5200000000000005	7.58	61
16.08.2022 00:00	7.48	7.78	7.48	7.62	85
17.08.2022 00:00	7.66	7.66	7.6000000000000005	7.640000000000001	29
18.08.2022 00:00	7.62	7.66	7.5600000000000005	7.62	40
19.08.2022 00:00	7.640000000000001	7.640000000000001	7.44	7.6000000000000005	27
22.08.2022 00:00	7.58	7.66	7.58	7.66	15
23.08.2022 00:00	7.7	7.82	7.66	7.74	270
24.08.2022 00:00	7.74	8.06	7.7	7.82	259
25.08.2022 00:00	7.82	8.08	7.44	7.66	365
26.08.2022 00:00	7.74	7.74	7.6000000000000005	7.66	44
29.08.2022 00:00	7.66	7.86	7.62	7.86	68
30.08.2022 00:00	7.82	7.82	7.7	7.74	14
31.08.2022 00:00	7.74	7.98	7.640000000000001	7.82	125
01.09.2022 00:00	7.86	8.26	7.82	7.98	405
02.09.2022 00:00	7.86	8.9	7.640000000000001	8.1	1424
05.09.2022 00:00	7.98	8.22	7.9	8.14	152
06.09.2022 00:00	8.14	8.14	7.94	8.06	106
07.09.2022 00:00	8.1	8.14	7.9	8.14	154
08.09.2022 00:00	7.98	8.14	7.9	7.9	118
09.09.2022 00:00	8.06	8.1	8.06	8.06	33
12.09.2022 00:00	8.16	8.16	7.82	8.06	82
13.09.2022 00:00	7.98	8.0	7.86	7.94	267
14.09.2022 00:00	7.9	8.06	7.86	7.98	382
15.09.2022 00:00	7.98	8.52	7.98	8.24	793
16.09.2022 00:00	8.1	8.42	8.1	8.18	116
19.09.2022 00:00	8.4	8.4	7.82	8.02	258
20.09.2022 00:00	8.0	8.1	7.86	7.86	246
21.09.2022 00:00	7.82	7.86	7.48	7.58	253
22.09.2022 00:00	7.48	7.78	7.44	7.5600000000000005	103
23.09.2022 00:00	7.82	8.4	7.16	7.28	904
26.09.2022 00:00	7.32	7.5600000000000005	6.78	7.08	1271
27.09.2022 00:00	7.12	7.44	7.08	7.08	41
28.09.2022 00:00	7.2	7.2	6.98	7.12	7
29.09.2022 00:00	7.12	7.5	6.9	6.98	125
30.09.2022 00:00	6.98	7.44	6.94	7.28	100
03.10.2022 00:00	7.12	7.36	7.12	7.32	27
04.10.2022 00:00	7.4	7.4	7.28	7.36	16
05.10.2022 00:00	7.28	7.28	6.9	7.140000000000001	215
06.10.2022 00:00	7.140000000000001	7.58	7.0600000000000005	7.36	80
07.10.2022 00:00	7.2	7.4	7.2	7.24	18
10.10.2022 00:00	7.08	7.24	6.98	7.1000000000000005	192
11.10.2022 00:00	7.08	7.140000000000001	7.0	7.140000000000001	59
12.10.2022 00:00	7.16	7.28	7.16	7.2	38
13.10.2022 00:00	7.12	7.28	7.12	7.2	7
14.10.2022 00:00	7.48	8.82	7.140000000000001	7.78	1980
17.10.2022 00:00	7.6000000000000005	8.08	7.58	7.86	109
18.10.2022 00:00	7.9	8.16	7.7	7.86	184
19.10.2022 00:00	7.82	7.86	7.640000000000001	7.7	90
20.10.2022 00:00	7.78	7.78	7.58	7.7	126
21.10.2022 00:00	7.58	7.62	7.4	7.6000000000000005	111
24.10.2022 00:00	7.58	7.98	7.44	7.7	79
25.10.2022 00:00	7.58	7.98	7.58	7.7	37
26.10.2022 00:00	7.6000000000000005	7.98	7.6000000000000005	7.74	79
27.10.2022 00:00	7.7	7.98	7.7	7.82	169
28.10.2022 00:00	7.98	7.98	7.7	7.9	28
31.10.2022 00:00	7.9	7.98	7.74	7.9	36
01.11.2022 00:00	7.92	8.08	7.92	7.98	68
02.11.2022 00:00	7.82	8.08	7.82	7.98	57
03.11.2022 00:00	7.98	7.98	7.86	7.86	21
07.11.2022 00:00	7.9	7.92	7.2	7.92	986
08.11.2022 00:00	7.9	7.98	7.9	7.98	351
09.11.2022 00:00	7.98	7.98	7.86	7.92	29
10.11.2022 00:00	7.82	7.82	7.6000000000000005	7.78	66
11.11.2022 00:00	7.86	7.98	7.78	7.78	61
14.11.2022 00:00	7.82	7.82	7.28	7.7	692
15.11.2022 00:00	7.7	7.78	7.7	7.78	39
16.11.2022 00:00	7.78	7.78	7.640000000000001	7.74	49
17.11.2022 00:00	7.74	7.92	7.640000000000001	7.74	103
18.11.2022 00:00	7.78	7.78	7.74	7.74	25
21.11.2022 00:00	7.78	7.78	7.74	7.78	22
22.11.2022 00:00	7.82	7.82	7.82	7.82	18
23.11.2022 00:00	7.86	7.86	7.08	7.7	973
24.11.2022 00:00	7.78	7.78	7.5600000000000005	7.74	84
25.11.2022 00:00	7.7	7.74	7.7	7.74	3
28.11.2022 00:00	7.62	7.74	7.62	7.640000000000001	24
29.11.2022 00:00	7.66	7.7	7.640000000000001	7.66	175
30.11.2022 00:00	7.74	7.74	7.28	7.62	754
01.12.2022 00:00	7.6000000000000005	7.6000000000000005	7.5200000000000005	7.58	138
02.12.2022 00:00	7.5600000000000005	7.5600000000000005	7.5	7.5	34
05.12.2022 00:00	7.5200000000000005	7.5600000000000005	7.5	7.5200000000000005	39
06.12.2022 00:00	7.5200000000000005	7.5600000000000005	7.5	7.5	81
07.12.2022 00:00	7.5	7.5200000000000005	7.4	7.44	95
08.12.2022 00:00	7.44	7.5600000000000005	7.36	7.5200000000000005	352
09.12.2022 00:00	7.4	7.66	7.4	7.5600000000000005	490
12.12.2022 00:00	7.36	7.5600000000000005	7.32	7.36	239
13.12.2022 00:00	7.44	7.48	7.36	7.4	22
14.12.2022 00:00	7.44	7.7	7.32	7.5600000000000005	422
15.12.2022 00:00	7.5600000000000005	7.5600000000000005	7.32	7.4	68
16.12.2022 00:00	7.32	7.4	7.2	7.4	146
19.12.2022 00:00	7.32	7.48	7.28	7.48	80
20.12.2022 00:00	7.48	7.74	7.4	7.5600000000000005	201
21.12.2022 00:00	7.44	7.74	7.4	7.5200000000000005	108
22.12.2022 00:00	7.5600000000000005	7.62	7.36	7.58	142
23.12.2022 00:00	7.44	7.58	7.44	7.58	32
26.12.2022 00:00	7.58	7.58	7.44	7.5600000000000005	14
27.12.2022 00:00	7.5600000000000005	7.58	7.32	7.58	154
28.12.2022 00:00	7.6000000000000005	7.6000000000000005	7.5200000000000005	7.6000000000000005	123
29.12.2022 00:00	7.62	7.74	7.48	7.640000000000001	329
30.12.2022 00:00	7.7	7.74	7.5600000000000005	7.58	150
03.01.2023 00:00	7.58	7.92	7.58	7.74	238
04.01.2023 00:00	7.74	8.68	7.58	7.9	1432
05.01.2023 00:00	7.98	9.98	7.78	9.0	4202
06.01.2023 00:00	8.74	9.46	7.9	8.4	3562
09.01.2023 00:00	8.5	8.8	8.16	8.18	684
10.01.2023 00:00	8.22	8.4	8.06	8.18	158
11.01.2023 00:00	8.26	8.32	8.06	8.24	183
12.01.2023 00:00	8.22	8.38	8.08	8.32	299
13.01.2023 00:00	8.48	8.68	8.22	8.32	853
16.01.2023 00:00	8.38	8.56	8.02	8.34	424
17.01.2023 00:00	8.4	8.4	8.06	8.24	198
18.01.2023 00:00	8.26	8.3	8.1	8.3	143
19.01.2023 00:00	8.3	8.3	8.14	8.16	103
20.01.2023 00:00	8.3	8.3	8.14	8.26	60
23.01.2023 00:00	8.14	8.4	8.14	8.24	211
24.01.2023 00:00	8.4	10.34	8.32	9.42	11597
25.01.2023 00:00	9.5	9.5	8.9	9.08	1598
26.01.2023 00:00	9.18	9.26	8.64	8.98	998
27.01.2023 00:00	8.88	9.06	8.66	8.9	279
30.01.2023 00:00	8.98	9.4	8.84	9.34	462
31.01.2023 00:00	9.02	9.48	8.76	9.06	1187
01.02.2023 00:00	9.06	9.18	8.82	9.06	409
02.02.2023 00:00	9.06	9.16	9.06	9.06	124
03.02.2023 00:00	9.1	9.14	9.02	9.02	198
06.02.2023 00:00	9.1	9.18	8.98	9.14	128
07.02.2023 00:00	9.24	9.24	8.98	9.1	551
08.02.2023 00:00	9.06	9.1	8.76	8.98	1801
09.02.2023 00:00	8.9	8.98	8.9	8.96	520
10.02.2023 00:00	8.98	9.06	8.88	8.98	1724
13.02.2023 00:00	8.98	9.16	8.9	9.14	1374
14.02.2023 00:00	9.14	9.14	8.88	8.92	661
15.02.2023 00:00	8.9	8.98	8.4	8.46	1399
16.02.2023 00:00	8.48	8.6	8.22	8.52	305
17.02.2023 00:00	8.48	8.56	8.32	8.42	613
20.02.2023 00:00	8.42	9.16	8.26	8.48	1133
21.02.2023 00:00	8.56	8.98	8.34	8.76	819
22.02.2023 00:00	8.68	9.4	8.48	8.74	845
24.02.2023 00:00	8.76	8.82	8.64	8.74	135
27.02.2023 00:00	8.8	8.98	8.76	8.9	224
28.02.2023 00:00	8.82	8.98	8.82	8.92	241
01.03.2023 00:00	8.92	9.38	8.92	9.18	822
02.03.2023 00:00	9.08	9.16	8.98	9.02	447
03.03.2023 00:00	9.02	9.58	8.9	9.14	1074
06.03.2023 00:00	9.18	9.5	9.14	9.34	958
07.03.2023 00:00	9.46	9.66	8.96	9.24	699
09.03.2023 00:00	9.24	9.48	9.16	9.24	998
10.03.2023 00:00	8.98	9.98	8.92	9.42	1102
13.03.2023 00:00	9.6	10.16	9.32	9.58	2345
14.03.2023 00:00	9.58	9.96	9.3	9.6	752
15.03.2023 00:00	10.1	10.4	9.64	9.84	5218
16.03.2023 00:00	9.96	10.08	9.64	9.76	303
17.03.2023 00:00	9.8	9.9	9.4	9.8	1340
20.03.2023 00:00	9.56	10.0	9.5	10.0	1421
21.03.2023 00:00	10.06	10.32	9.8	9.92	1116
22.03.2023 00:00	9.98	10.24	9.88	10.0	430
23.03.2023 00:00	10.0	10.1	9.66	9.82	432
24.03.2023 00:00	10.02	10.02	9.56	9.74	2699
27.03.2023 00:00	9.74	9.98	9.56	9.76	967
28.03.2023 00:00	9.76	9.96	9.66	9.96	488
29.03.2023 00:00	9.98	11.08	9.74	10.32	2988
30.03.2023 00:00	10.4	10.48	10.18	10.24	651
31.03.2023 00:00	10.38	10.38	10.1	10.18	290
03.04.2023 00:00	10.1	10.3	10.08	10.22	378
04.04.2023 00:00	10.3	10.42	10.18	10.18	397
05.04.2023 00:00	10.16	10.3	10.14	10.24	329
06.04.2023 00:00	10.3	10.98	10.22	10.38	1062
07.04.2023 00:00	10.4	10.52	10.32	10.4	254
10.04.2023 00:00	10.48	10.82	10.42	10.56	866
11.04.2023 00:00	10.56	10.84	10.48	10.56	434
12.04.2023 00:00	10.64	10.76	10.34	10.72	933
13.04.2023 00:00	10.76	10.76	10.58	10.76	521
14.04.2023 00:00	10.9	10.9	10.64	10.66	301
17.04.2023 00:00	10.8	10.9	10.66	10.84	514
18.04.2023 00:00	10.96	11.72	10.6	11.52	3554
19.04.2023 00:00	11.52	12.32	10.72	11.48	3151
20.04.2023 00:00	11.64	12.48	11.32	11.8	2794
21.04.2023 00:00	12.48	12.48	11.56	12.16	1413
24.04.2023 00:00	11.98	12.16	11.68	11.84	1437
25.04.2023 00:00	11.9	11.92	11.5	11.72	527
26.04.2023 00:00	11.82	11.88	11.66	11.88	314
27.04.2023 00:00	11.9	11.92	11.6	11.9	480
28.04.2023 00:00	11.9	11.9	11.38	11.64	961
02.05.2023 00:00	11.8	11.88	11.14	11.72	1164
03.05.2023 00:00	11.72	11.82	10.9	11.02	743
04.05.2023 00:00	11.14	11.98	10.9	11.34	2259
05.05.2023 00:00	11.3	11.48	10.46	10.56	1640
08.05.2023 00:00	10.1	10.1	9.48	9.74	1686
10.05.2023 00:00	9.72	10.4	9.52	10.14	997
11.05.2023 00:00	10.14	10.18	9.8	9.98	3268
12.05.2023 00:00	9.98	10.02	9.8	10.02	1012
15.05.2023 00:00	10.08	10.46	10.0	10.24	742
16.05.2023 00:00	10.24	10.34	9.98	10.08	761
17.05.2023 00:00	10.08	10.14	10.02	10.14	246
18.05.2023 00:00	10.1	10.32	9.98	10.16	382
19.05.2023 00:00	10.06	10.14	9.98	10.06	157
22.05.2023 00:00	10.08	10.1	9.82	9.88	354
23.05.2023 00:00	9.96	10.22	9.76	9.96	249
24.05.2023 00:00	9.98	10.14	9.9	10.0	673
25.05.2023 00:00	10.0	10.24	9.96	10.14	542
26.05.2023 00:00	10.18	10.38	10.06	10.26	585
29.05.2023 00:00	10.16	11.4	10.14	10.8	3267
30.05.2023 00:00	10.5	10.74	10.16	10.38	1711
31.05.2023 00:00	10.38	10.48	10.24	10.24	274
01.06.2023 00:00	10.4	10.46	10.32	10.46	169
02.06.2023 00:00	10.48	10.56	10.46	10.48	208
05.06.2023 00:00	10.5	10.64	10.24	10.4	528
06.06.2023 00:00	10.4	10.6	10.34	10.6	372
07.06.2023 00:00	10.5	10.58	10.42	10.56	188
08.06.2023 00:00	10.6	10.74	10.56	10.72	612
09.06.2023 00:00	10.64	14.4	10.58	12.56	27827
13.06.2023 00:00	12.98	16.78	12.92	14.68	39316
14.06.2023 00:00	14.68	14.9	13.58	13.92	6294
15.06.2023 00:00	13.96	14.32	13.72	13.8	3600
16.06.2023 00:00	13.8	13.9	10.98	12.84	13981
19.06.2023 00:00	12.96	13.06	12.3	12.74	2202
20.06.2023 00:00	12.84	12.84	12.06	12.22	3413
21.06.2023 00:00	12.32	12.68	12.1	12.58	1961
22.06.2023 00:00	12.68	13.48	12.34	13.22	3229
23.06.2023 00:00	13.22	13.26	12.4	12.9	2315
26.06.2023 00:00	12.72	13.46	12.32	12.88	1423
27.06.2023 00:00	12.66	12.88	12.64	12.68	237
28.06.2023 00:00	12.72	12.8	12.64	12.72	267
29.06.2023 00:00	12.72	12.76	12.14	12.56	1566
30.06.2023 00:00	12.5	12.66	12.32	12.48	1079
03.07.2023 00:00	12.5	12.5	12.1	12.26	620
04.07.2023 00:00	12.22	12.4	11.48	11.88	3955
05.07.2023 00:00	11.88	12.32	11.76	12.02	854
06.07.2023 00:00	12.26	12.3	11.98	12.06	635
07.07.2023 00:00	12.08	12.16	11.84	12.06	498
10.07.2023 00:00	12.1	12.26	11.98	12.1	507
11.07.2023 00:00	12.14	12.22	12.0	12.1	217
12.07.2023 00:00	12.16	13.9	12.1	12.72	9493
13.07.2023 00:00	12.58	12.72	12.26	12.56	1786
14.07.2023 00:00	12.56	12.64	12.32	12.5	535
17.07.2023 00:00	12.48	12.84	12.42	12.76	691
18.07.2023 00:00	12.68	12.84	12.48	12.56	1407
19.07.2023 00:00	12.56	12.72	12.46	12.56	1687
20.07.2023 00:00	12.58	12.58	12.26	12.38	1521
21.07.2023 00:00	12.42	12.48	12.3	12.4	800
24.07.2023 00:00	12.42	12.46	12.3	12.46	933
25.07.2023 00:00	12.56	13.98	12.46	13.06	9349
26.07.2023 00:00	13.06	13.14	12.8	13.06	907
27.07.2023 00:00	13.06	13.92	13.06	13.64	7440
28.07.2023 00:00	13.68	13.68	12.68	13.16	8701
31.07.2023 00:00	13.4	14.3	12.98	13.8	4986
01.08.2023 00:00	13.9	15.48	13.8	13.98	7970
02.08.2023 00:00	14.0	14.42	13.9	14.06	2949
03.08.2023 00:00	14.06	14.06	13.82	13.9	919
04.08.2023 00:00	13.9	13.96	11.68	12.96	9545
07.08.2023 00:00	13.4	13.92	13.38	13.52	4346
08.08.2023 00:00	13.58	13.9	13.02	13.6	3742
09.08.2023 00:00	13.68	13.9	13.46	13.68	1879
10.08.2023 00:00	13.74	13.9	11.84	13.64	3533
11.08.2023 00:00	13.72	14.16	13.42	13.66	1758
14.08.2023 00:00	13.74	13.92	13.48	13.56	2021
15.08.2023 00:00	13.58	13.58	13.34	13.52	718
16.08.2023 00:00	13.52	13.52	11.74	12.4	3443
17.08.2023 00:00	12.5	12.76	12.18	12.6	978
18.08.2023 00:00	12.6	12.96	12.6	12.72	847
21.08.2023 00:00	12.98	13.52	12.64	13.14	1462
22.08.2023 00:00	13.22	13.3	12.98	13.16	903
23.08.2023 00:00	13.3	13.3	12.92	12.98	407
24.08.2023 00:00	12.98	15.18	12.98	13.68	39049
25.08.2023 00:00	13.6	14.74	13.18	13.82	7822
28.08.2023 00:00	14.08	14.56	13.52	13.92	2694
29.08.2023 00:00	13.98	18.98	13.64	17.3	55564
30.08.2023 00:00	18.18	21.72	16.26	17.0	41545
31.08.2023 00:00	16.96	16.98	15.8	16.54	5774
01.09.2023 00:00	16.34	17.02	16.34	16.44	2330
04.09.2023 00:00	16.86	16.94	15.9	16.32	4360
05.09.2023 00:00	16.34	16.5	15.8	16.18	3178
06.09.2023 00:00	16.44	17.88	16.34	16.84	14772
07.09.2023 00:00	17.0	17.18	14.98	15.74	4260
08.09.2023 00:00	15.9	15.9	14.56	15.58	3192
11.09.2023 00:00	15.76	15.76	14.92	15.56	1036
12.09.2023 00:00	15.52	15.66	15.22	15.64	1113
13.09.2023 00:00	15.68	15.98	15.4	15.64	1272
14.09.2023 00:00	15.68	15.68	12.6	14.66	3752
15.09.2023 00:00	14.88	14.9	13.68	14.9	2751
18.09.2023 00:00	14.9	15.48	14.4	14.72	3006
19.09.2023 00:00	14.64	14.64	13.8	14.0	1340
20.09.2023 00:00	14.22	14.22	13.06	13.64	1152
21.09.2023 00:00	14.22	14.68	13.46	13.64	1789
22.09.2023 00:00	13.82	13.9	13.4	13.74	604
25.09.2023 00:00	13.74	14.5	13.56	13.76	2183
26.09.2023 00:00	13.98	13.98	13.56	13.64	458
27.09.2023 00:00	13.68	14.08	13.66	14.0	943
28.09.2023 00:00	14.38	15.82	14.06	15.16	9294
29.09.2023 00:00	15.08	15.32	14.4	14.66	1702
02.10.2023 00:00	14.88	15.56	14.72	15.56	2016
03.10.2023 00:00	15.8	15.92	14.68	15.72	3418
04.10.2023 00:00	15.96	15.96	15.0	15.34	2560
05.10.2023 00:00	15.32	15.52	14.66	15.3	2551
06.10.2023 00:00	15.58	15.9	15.06	15.4	897
09.10.2023 00:00	15.4	15.52	15.22	15.4	588
10.10.2023 00:00	15.46	15.5	15.26	15.5	375
11.10.2023 00:00	15.4	15.8	15.4	15.64	742
12.10.2023 00:00	15.64	15.64	15.06	15.4	1273
13.10.2023 00:00	15.42	15.5	15.08	15.46	429
16.10.2023 00:00	15.48	15.98	15.06	15.22	1776
17.10.2023 00:00	15.32	15.58	15.3	15.4	1236
18.10.2023 00:00	15.4	15.42	15.1	15.22	891
19.10.2023 00:00	15.22	15.38	15.06	15.22	560
20.10.2023 00:00	15.02	15.18	14.58	15.1	939
23.10.2023 00:00	15.1	15.22	14.82	14.98	419
24.10.2023 00:00	14.98	16.38	14.8	15.48	7234
25.10.2023 00:00	15.88	15.98	15.02	15.24	2084
26.10.2023 00:00	15.3	15.5	14.8	14.8	1834
27.10.2023 00:00	14.92	15.06	14.66	14.98	742
30.10.2023 00:00	15.02	15.02	14.1	14.74	806
31.10.2023 00:00	14.64	14.68	14.18	14.32	804
01.11.2023 00:00	14.24	14.66	14.22	14.56	323
02.11.2023 00:00	14.72	14.72	14.42	14.48	398
03.11.2023 00:00	14.48	15.02	13.98	14.8	1328
06.11.2023 00:00	14.84	15.0	14.64	14.84	270
07.11.2023 00:00	14.98	15.52	14.76	15.24	1181
08.11.2023 00:00	15.34	16.1	15.1	15.48	2220
09.11.2023 00:00	15.52	15.82	15.22	15.4	402
10.11.2023 00:00	15.48	15.84	14.84	14.92	846
13.11.2023 00:00	14.98	15.06	14.58	14.64	520
14.11.2023 00:00	14.64	14.64	12.74	13.26	2361
15.11.2023 00:00	13.52	14.0	13.14	13.48	1626
16.11.2023 00:00	13.84	14.3	13.18	13.8	1472
17.11.2023 00:00	13.92	13.96	13.58	13.72	535
20.11.2023 00:00	13.96	14.3	13.52	13.74	759
21.11.2023 00:00	13.74	13.82	13.34	13.68	385
22.11.2023 00:00	13.66	13.96	13.66	13.76	544
23.11.2023 00:00	13.9	13.9	13.32	13.4	559
24.11.2023 00:00	13.5	13.5	12.84	13.16	1471
27.11.2023 00:00	13.18	13.4	12.98	13.1	172
28.11.2023 00:00	13.08	13.26	12.84	13.14	555
29.11.2023 00:00	13.08	13.32	13.06	13.18	254
30.11.2023 00:00	13.16	13.18	12.96	13.14	143
01.12.2023 00:00	12.98	13.34	12.84	12.92	416
04.12.2023 00:00	12.96	13.0	11.9	12.16	1862
05.12.2023 00:00	12.18	12.18	11.66	12.18	788
06.12.2023 00:00	12.18	12.66	11.84	12.0	534
07.12.2023 00:00	12.02	12.3	11.56	12.08	524
08.12.2023 00:00	12.14	12.3	12.0	12.0	150
11.12.2023 00:00	12.02	12.02	11.66	11.82	364
12.12.2023 00:00	11.64	11.98	11.6	11.76	520
13.12.2023 00:00	11.66	11.9	11.56	11.9	652
14.12.2023 00:00	11.9	12.96	11.8	12.48	1545
15.12.2023 00:00	11.42	12.8	11.42	12.72	1878
18.12.2023 00:00	12.72	13.08	12.1	12.82	1582
19.12.2023 00:00	12.82	13.18	12.56	12.82	351
20.12.2023 00:00	12.8	12.98	12.14	12.66	1176
21.12.2023 00:00	12.64	12.66	12.4	12.48	432
22.12.2023 00:00	12.4	12.6	12.32	12.5	654
25.12.2023 00:00	12.56	12.56	12.3	12.4	240
26.12.2023 00:00	12.42	12.46	12.18	12.3	295
27.12.2023 00:00	12.22	13.14	12.14	12.48	1697
28.12.2023 00:00	12.58	12.64	12.14	12.3	677
29.12.2023 00:00	12.4	12.4	12.06	12.18	343
03.01.2024 00:00	12.18	12.56	12.16	12.4	616
04.01.2024 00:00	12.38	12.68	12.22	12.52	643
05.01.2024 00:00	12.68	12.9	12.5	12.72	510
08.01.2024 00:00	12.9	12.98	12.16	12.6	1872
09.01.2024 00:00	12.74	13.14	12.38	12.84	677
10.01.2024 00:00	12.9	13.08	12.64	12.8	1478
11.01.2024 00:00	12.8	12.98	12.56	12.74	756
12.01.2024 00:00	12.68	13.48	12.68	13.32	2054
15.01.2024 00:00	13.4	13.58	12.98	13.14	914
16.01.2024 00:00	13.16	13.58	12.9	13.06	1648
17.01.2024 00:00	13.02	13.1	12.56	12.9	1774
18.01.2024 00:00	12.9	12.96	12.76	12.82	742
19.01.2024 00:00	12.9	13.08	12.8	12.84	380
22.01.2024 00:00	12.84	12.98	12.82	12.9	818
23.01.2024 00:00	12.96	13.22	12.92	13.16	1369
24.01.2024 00:00	13.18	13.24	13.0	13.08	764
25.01.2024 00:00	13.08	13.48	13.06	13.3	1069
26.01.2024 00:00	13.32	13.4	13.16	13.18	999
29.01.2024 00:00	13.18	14.48	12.98	13.72	5266
30.01.2024 00:00	14.08	14.9	13.48	13.56	6406
31.01.2024 00:00	13.66	13.72	13.32	13.72	646
01.02.2024 00:00	13.8	15.06	13.6	14.0	10347
02.02.2024 00:00	14.08	14.48	13.72	14.14	903
05.02.2024 00:00	14.3	14.48	13.82	14.02	787
06.02.2024 00:00	14.0	14.18	13.64	13.74	2138
07.02.2024 00:00	13.8	15.56	13.8	14.08	15865
08.02.2024 00:00	14.22	14.4	13.92	13.98	1793
09.02.2024 00:00	14.1	14.14	13.68	13.8	1227
12.02.2024 00:00	13.9	14.72	13.4	13.82	4243
13.02.2024 00:00	13.92	14.08	13.68	14.0	962
14.02.2024 00:00	14.08	14.3	13.8	14.3	1431
15.02.2024 00:00	14.3	14.72	13.96	14.22	891
16.02.2024 00:00	14.22	15.18	14.22	14.64	3975
19.02.2024 00:00	14.9	14.9	14.26	14.4	965
20.02.2024 00:00	14.3	14.52	14.1	14.34	875
21.02.2024 00:00	14.5	14.5	13.8	14.06	1275
22.02.2024 00:00	14.06	14.66	14.0	14.4	625
26.02.2024 00:00	14.4	17.48	14.14	17.48	22315
27.02.2024 00:00	18.2	19.18	16.6	16.86	27552
28.02.2024 00:00	17.12	17.12	16.1	16.22	4823
29.02.2024 00:00	16.14	16.64	15.76	16.36	1506
01.03.2024 00:00	16.18	17.86	16.16	16.7	8731
04.03.2024 00:00	16.8	18.22	16.76	17.18	10327
05.03.2024 00:00	17.48	17.78	16.52	17.6	4239
06.03.2024 00:00	17.78	18.1	17.2	17.52	4915
07.03.2024 00:00	17.64	17.98	16.96	17.16	2551
11.03.2024 00:00	17.32	17.34	16.68	16.68	3326
12.03.2024 00:00	16.76	16.78	15.98	16.14	2493
13.03.2024 00:00	16.28	16.48	15.98	16.3	1460
14.03.2024 00:00	16.3	16.56	15.06	15.4	4969
15.03.2024 00:00	15.52	15.56	15.06	15.24	4139
18.03.2024 00:00	15.46	15.46	14.84	15.06	3925
19.03.2024 00:00	15.16	15.48	15.06	15.18	3115
20.03.2024 00:00	15.18	15.4	14.48	14.6	3104
21.03.2024 00:00	14.6	15.9	14.6	14.96	5385
22.03.2024 00:00	14.9	15.14	14.42	14.6	1860
25.03.2024 00:00	14.56	16.04	14.56	16.04	9464
26.03.2024 00:00	16.48	17.64	16.48	17.64	7156
27.03.2024 00:00	19.36	19.36	16.44	16.64	28000
28.03.2024 00:00	16.64	16.76	16.1	16.42	3129
29.03.2024 00:00	16.22	16.98	16.0	16.3	3809
01.04.2024 00:00	16.42	17.92	16.14	17.36	12368
02.04.2024 00:00	17.34	17.84	17.02	17.54	4245
03.04.2024 00:00	17.54	18.38	17.1	17.32	4372
04.04.2024 00:00	17.5	18.16	16.98	17.2	3884
05.04.2024 00:00	17.3	18.16	17.1	18.1	1788
08.04.2024 00:00	18.46	19.6	17.68	19.6	6303
09.04.2024 00:00	19.64	20.98	18.48	18.88	8555
10.04.2024 00:00	18.48	18.88	18.18	18.8	1087
11.04.2024 00:00	18.8	18.8	18.26	18.48	1120
12.04.2024 00:00	18.46	18.72	17.98	18.3	1858
15.04.2024 00:00	18.1	20.06	18.1	18.64	7953
16.04.2024 00:00	18.86	19.38	18.68	18.8	2453
17.04.2024 00:00	19.18	19.18	18.44	18.54	1185
18.04.2024 00:00	18.56	18.72	17.36	17.92	5470
19.04.2024 00:00	18.0	18.18	17.6	17.82	4276
22.04.2024 00:00	17.82	18.26	17.64	17.94	909
23.04.2024 00:00	17.48	17.86	17.48	17.66	1544
24.04.2024 00:00	17.84	18.14	17.44	17.54	706
25.04.2024 00:00	17.7	17.76	17.3	17.42	822
26.04.2024 00:00	17.42	18.3	17.12	17.86	3198
27.04.2024 00:00	18.06	18.44	17.3	17.8	2304
29.04.2024 00:00	17.86	17.86	17.56	17.66	586
30.04.2024 00:00	17.66	18.06	17.2	17.5	847
02.05.2024 00:00	17.48	19.38	17.14	17.36	13702
03.05.2024 00:00	17.18	17.3	16.02	16.28	5444
06.05.2024 00:00	16.3	16.6	16.28	16.36	1361
07.05.2024 00:00	16.38	17.18	16.36	16.96	2153
08.05.2024 00:00	17.02	17.14	16.96	17.1	785
10.05.2024 00:00	17.02	17.12	16.34	16.7	4528
13.05.2024 00:00	16.8	16.98	16.48	16.68	721
14.05.2024 00:00	16.64	16.8	16.36	16.64	681
15.05.2024 00:00	16.52	16.7	16.02	16.38	1429
16.05.2024 00:00	16.42	16.52	16.34	16.36	557
17.05.2024 00:00	16.34	16.38	15.88	16.3	1017
20.05.2024 00:00	16.14	16.18	15.72	15.8	2202
21.05.2024 00:00	15.72	15.8	15.0	15.32	1963
22.05.2024 00:00	15.34	16.2	15.14	15.58	1112
23.05.2024 00:00	15.58	15.58	14.9	15.18	1136
24.05.2024 00:00	15.18	15.3	14.6	14.66	678
27.05.2024 00:00	14.76	14.8	14.48	14.66	613
28.05.2024 00:00	14.64	15.0	14.46	15.0	850
29.05.2024 00:00	14.98	15.0	14.64	14.68	289
30.05.2024 00:00	14.68	15.74	14.68	15.26	1204
31.05.2024 00:00	15.52	15.64	14.76	15.52	974
03.06.2024 00:00	15.64	15.8	13.9	14.58	1394
04.06.2024 00:00	14.58	14.82	14.3	14.56	549
05.06.2024 00:00	14.8	15.56	14.32	15.1	857
06.06.2024 00:00	15.66	15.72	14.58	14.76	331
07.06.2024 00:00	14.66	15.42	14.66	15.42	315
10.06.2024 00:00	15.66	15.68	15.16	15.24	409
11.06.2024 00:00	15.56	15.56	14.32	14.56	1298
13.06.2024 00:00	14.22	15.14	14.02	14.72	471
14.06.2024 00:00	14.76	15.0	14.6	14.9	206
17.06.2024 00:00	14.98	15.3	14.98	15.18	510
18.06.2024 00:00	15.18	15.48	14.74	14.8	552
19.06.2024 00:00	14.8	15.06	14.4	14.48	689
20.06.2024 00:00	14.72	14.9	14.58	14.9	83
21.06.2024 00:00	14.98	14.98	14.88	14.9	120
24.06.2024 00:00	14.8	14.96	14.6	14.8	131
25.06.2024 00:00	14.68	14.68	14.34	14.58	577
26.06.2024 00:00	14.64	14.98	14.58	14.72	327
27.06.2024 00:00	14.98	15.14	14.72	15.08	405
28.06.2024 00:00	15.1	15.16	14.9	15.0	270
01.07.2024 00:00	15.1	15.26	15.06	15.18	113
02.07.2024 00:00	15.26	15.46	15.22	15.38	112
03.07.2024 00:00	15.38	15.82	15.22	15.72	933
04.07.2024 00:00	15.72	16.92	15.6	16.0	3490
05.07.2024 00:00	16.14	16.6	15.92	16.48	978
08.07.2024 00:00	16.48	16.48	15.74	16.16	829
09.07.2024 00:00	15.88	16.1	15.48	15.98	517
10.07.2024 00:00	15.6	16.14	15.5	15.64	1023
11.07.2024 00:00	15.0	15.8	14.98	15.58	443
12.07.2024 00:00	15.76	16.16	15.38	15.64	436
15.07.2024 00:00	15.74	15.74	14.3	14.38	6950
16.07.2024 00:00	15.8	15.8	13.32	13.98	2636
17.07.2024 00:00	14.0	14.56	13.74	14.22	827
18.07.2024 00:00	14.1	14.4	13.8	14.02	437
19.07.2024 00:00	14.06	14.72	14.02	14.42	666
22.07.2024 00:00	14.3	14.84	14.3	14.64	343
23.07.2024 00:00	14.5	14.64	14.48	14.56	210
24.07.2024 00:00	14.46	15.08	14.46	14.82	323
25.07.2024 00:00	14.9	15.98	14.6	15.14	2115
26.07.2024 00:00	15.3	15.82	14.98	15.38	1218
29.07.2024 00:00	15.22	15.4	15.06	15.3	389
30.07.2024 00:00	15.32	15.48	15.0	15.1	633
31.07.2024 00:00	15.0	15.14	15.0	15.08	89
01.08.2024 00:00	15.14	15.18	14.8	14.98	357
02.08.2024 00:00	15.0	15.06	14.9	14.98	78
05.08.2024 00:00	15.14	15.14	14.32	14.4	451
06.08.2024 00:00	14.46	14.6	14.4	14.58	249
07.08.2024 00:00	14.5	14.92	14.48	14.84	239
08.08.2024 00:00	14.88	15.14	14.66	14.72	206
09.08.2024 00:00	14.68	14.98	14.52	14.76	164
12.08.2024 00:00	14.76	14.82	14.56	14.72	334
13.08.2024 00:00	14.64	15.32	14.64	15.1	385
14.08.2024 00:00	15.02	15.58	14.82	15.06	915
15.08.2024 00:00	15.16	15.48	15.02	15.34	663
16.08.2024 00:00	15.3	15.98	15.3	15.68	926
19.08.2024 00:00	15.64	15.96	15.16	15.16	455
20.08.2024 00:00	15.16	15.82	15.06	15.4	421
21.08.2024 00:00	15.64	15.9	15.24	15.64	1035
22.08.2024 00:00	15.48	15.9	15.22	15.32	719
23.08.2024 00:00	15.16	15.16	14.64	14.72	1722
26.08.2024 00:00	14.8	15.46	14.76	15.4	357
27.08.2024 00:00	15.42	15.48	14.9	15.32	211
28.08.2024 00:00	15.38	15.42	14.98	15.24	906
29.08.2024 00:00	15.24	15.24	14.84	14.9	164
30.08.2024 00:00	14.9	14.9	13.58	13.9	2663
02.09.2024 00:00	14.14	14.14	12.9	12.98	2181
03.09.2024 00:00	12.98	13.34	12.9	13.0	286
04.09.2024 00:00	13.32	13.64	13.02	13.3	158
05.09.2024 00:00	13.48	13.98	13.48	13.98	173
06.09.2024 00:00	14.02	14.3	13.6	13.6	137
09.09.2024 00:00	13.68	14.26	13.4	14.08	179
10.09.2024 00:00	14.1	14.72	13.9	14.0	130
11.09.2024 00:00	14.22	14.3	13.0	13.14	5701
12.09.2024 00:00	13.14	13.16	12.98	13.08	614
13.09.2024 00:00	13.14	13.58	12.9	13.14	765
16.09.2024 00:00	13.1	13.38	12.8	13.38	621
17.09.2024 00:00	13.38	13.38	12.92	13.32	365
18.09.2024 00:00	13.32	13.56	13.32	13.32	237
19.09.2024 00:00	13.4	13.56	13.32	13.4	122
20.09.2024 00:00	13.48	13.5	13.34	13.42	596
23.09.2024 00:00	13.5	14.24	13.48	13.92	1215
24.09.2024 00:00	14.06	14.72	13.92	13.98	310
25.09.2024 00:00	13.98	14.16	13.8	13.84	447
26.09.2024 00:00	13.84	13.92	13.5	13.6	338
27.09.2024 00:00	13.64	13.9	13.58	13.8	224
30.09.2024 00:00	13.8	13.96	13.64	13.9	613
01.10.2024 00:00	13.98	13.98	13.5	13.64	255
02.10.2024 00:00	13.56	13.82	13.5	13.64	84
03.10.2024 00:00	13.66	13.76	13.64	13.72	60
04.10.2024 00:00	13.74	13.8	13.56	13.56	263
07.10.2024 00:00	13.56	13.6	13.48	13.48	741
08.10.2024 00:00	13.52	13.6	13.46	13.48	84
09.10.2024 00:00	13.48	13.56	13.34	13.42	121
10.10.2024 00:00	13.46	13.48	13.32	13.4	115
11.10.2024 00:00	13.3	13.48	12.98	13.34	158
14.10.2024 00:00	13.4	13.48	13.14	13.4	336
15.10.2024 00:00	13.4	13.64	13.32	13.58	223
16.10.2024 00:00	13.5	13.64	13.46	13.5	114
17.10.2024 00:00	13.56	13.64	13.48	13.64	163
18.10.2024 00:00	13.66	13.74	13.52	13.64	530
21.10.2024 00:00	13.74	13.74	13.6	13.72	153
22.10.2024 00:00	13.64	13.72	13.32	13.6	335
23.10.2024 00:00	13.58	13.72	13.48	13.6	274
24.10.2024 00:00	13.56	13.68	13.4	13.56	274
25.10.2024 00:00	13.48	13.64	13.22	13.38	254
28.10.2024 00:00	13.52	13.6	13.32	13.38	69
29.10.2024 00:00	13.24	13.98	13.24	13.64	560
30.10.2024 00:00	13.84	14.0	13.72	13.76	149
31.10.2024 00:00	13.72	13.72	13.32	13.52	404
01.11.2024 00:00	13.46	13.52	13.46	13.48	662
02.11.2024 00:00	13.56	13.6	13.4	13.58	40
05.11.2024 00:00	13.6	13.66	12.8	13.14	2643
06.11.2024 00:00	13.14	13.22	13.06	13.08	455
07.11.2024 00:00	13.1	13.18	13.08	13.14	58
08.11.2024 00:00	13.14	13.42	13.06	13.26	396
11.11.2024 00:00	13.34	13.5	13.3	13.48	400
12.11.2024 00:00	13.46	13.6	13.3	13.42	253
13.11.2024 00:00	13.42	13.6	13.32	13.4	210
14.11.2024 00:00	13.0	13.42	13.0	13.06	357
15.11.2024 00:00	13.24	13.24	13.08	13.14	97
18.11.2024 00:00	13.14	13.32	13.14	13.32	206
19.11.2024 00:00	13.22	13.4	13.1	13.14	253
20.11.2024 00:00	13.18	13.22	13.0	13.0	427
21.11.2024 00:00	12.98	13.22	12.98	13.14	220
22.11.2024 00:00	13.14	13.22	13.06	13.06	33
25.11.2024 00:00	13.22	13.46	12.82	12.84	999
26.11.2024 00:00	13.14	13.34	12.52	12.88	1226
27.11.2024 00:00	12.64	12.64	12.1	12.56	962
28.11.2024 00:00	12.74	13.02	12.3	12.32	329
29.11.2024 00:00	12.4	12.58	12.4	12.56	82
02.12.2024 00:00	12.52	12.74	12.52	12.58	46
03.12.2024 00:00	12.56	12.9	12.14	12.9	158
04.12.2024 00:00	12.88	12.9	12.52	12.6	140
05.12.2024 00:00	12.56	12.9	12.4	12.5	130
06.12.2024 00:00	12.5	12.82	12.5	12.68	152
09.12.2024 00:00	12.74	12.8	12.68	12.68	30
10.12.2024 00:00	12.68	13.06	12.68	12.98	361
11.12.2024 00:00	13.06	13.06	12.96	13.0	83
12.12.2024 00:00	13.06	13.14	12.9	12.92	135
13.12.2024 00:00	12.96	13.14	12.92	12.96	136
16.12.2024 00:00	12.98	13.02	12.06	12.24	858
17.12.2024 00:00	12.26	13.0	12.26	12.72	1029
18.12.2024 00:00	12.96	12.96	12.48	12.76	191
19.12.2024 00:00	12.9	13.1	12.64	12.88	550
20.12.2024 00:00	12.98	13.38	12.98	13.38	603
23.12.2024 00:00	13.38	13.58	13.22	13.48	247
24.12.2024 00:00	13.34	13.6	13.14	13.26	255
25.12.2024 00:00	13.24	13.58	12.82	13.32	299
26.12.2024 00:00	13.58	13.6	13.22	13.42	218
27.12.2024 00:00	13.64	13.8	13.46	13.6	144
28.12.2024 00:00	13.48	13.74	13.48	13.72	137
30.12.2024 00:00	13.72	13.98	13.64	13.9	330
03.01.2025 00:00	13.98	13.98	13.64	13.92	237
06.01.2025 00:00	13.98	13.98	13.72	13.9	146
08.01.2025 00:00	13.98	14.3	13.84	13.84	636
09.01.2025 00:00	14.14	14.14	13.64	13.74	299
10.01.2025 00:00	13.66	13.98	13.58	13.98	88
13.01.2025 00:00	14.1	14.14	13.72	13.92	541
14.01.2025 00:00	13.9	14.1	13.84	13.96	233
15.01.2025 00:00	13.96	13.96	13.72	13.84	205
16.01.2025 00:00	13.84	13.9	13.74	13.9	203
17.01.2025 00:00	13.9	14.02	13.82	13.98	197
20.01.2025 00:00	14.3	14.3	13.92	13.98	316
21.01.2025 00:00	13.98	14.1	13.8	13.98	53
22.01.2025 00:00	14.08	14.16	13.98	14.06	225
23.01.2025 00:00	14.16	14.56	14.02	14.02	483
24.01.2025 00:00	14.06	14.56	14.06	14.4	711
27.01.2025 00:00	14.46	14.46	14.26	14.32	89
28.01.2025 00:00	14.3	14.3	14.1	14.22	62
29.01.2025 00:00	14.26	14.26	14.14	14.14	120
30.01.2025 00:00	14.22	14.4	14.14	14.14	387
31.01.2025 00:00	14.22	14.48	13.52	13.74	1617
03.02.2025 00:00	13.76	13.92	13.26	13.32	1127
04.02.2025 00:00	13.48	13.56	13.46	13.56	152
05.02.2025 00:00	13.48	13.64	13.46	13.56	96
06.02.2025 00:00	13.64	13.82	13.56	13.82	204
07.02.2025 00:00	13.84	13.98	13.72	13.76	97
10.02.2025 00:00	13.8	13.9	13.48	13.8	273
11.02.2025 00:00	13.72	13.82	13.72	13.82	149
12.02.2025 00:00	13.8	13.98	13.8	13.82	224
13.02.2025 00:00	14.02	14.34	13.98	13.98	329
14.02.2025 00:00	14.0	14.14	13.74	13.8	559
17.02.2025 00:00	13.82	14.34	13.82	14.22	623
18.02.2025 00:00	14.32	14.92	13.8	14.4	1694
19.02.2025 00:00	14.4	14.68	14.38	14.48	332
20.02.2025 00:00	14.5	14.72	14.14	14.3	346
21.02.2025 00:00	14.4	14.66	14.38	14.52	190
24.02.2025 00:00	14.5	14.72	14.4	14.4	427
25.02.2025 00:00	14.64	14.68	14.5	14.58	278
26.02.2025 00:00	14.42	14.58	14.3	14.4	271
27.02.2025 00:00	14.38	14.4	13.88	14.22	401
28.02.2025 00:00	14.18	14.3	13.84	14.06	430
03.03.2025 00:00	14.02	14.02	13.88	13.9	129
04.03.2025 00:00	14.14	14.4	13.96	14.3	470
05.03.2025 00:00	14.38	14.68	14.32	14.32	130
06.03.2025 00:00	14.32	14.66	14.1	14.1	389
07.03.2025 00:00	14.38	14.38	14.18	14.22	74
10.03.2025 00:00	14.26	14.48	13.92	14.22	368
11.03.2025 00:00	14.22	14.32	14.14	14.14	120
12.03.2025 00:00	14.3	14.3	13.52	13.64	803
13.03.2025 00:00	13.56	13.8	13.48	13.64	445
14.03.2025 00:00	13.64	13.84	13.48	13.72	821
17.03.2025 00:00	13.84	14.3	13.84	13.9	642
18.03.2025 00:00	14.08	14.08	13.8	13.98	472
19.03.2025 00:00	14.0	14.18	13.76	13.8	496
20.03.2025 00:00	13.92	14.98	13.92	14.4	2933
21.03.2025 00:00	14.8	14.8	13.68	14.02	2081
24.03.2025 00:00	14.16	14.42	14.0	14.4	383
25.03.2025 00:00	14.4	14.48	14.1	14.14	430
26.03.2025 00:00	14.24	14.4	14.08	14.1	240
27.03.2025 00:00	14.22	14.22	13.98	14.06	142
28.03.2025 00:00	13.98	14.18	13.4	13.48	1331
31.03.2025 00:00	13.48	14.3	13.48	13.64	1085
01.04.2025 00:00	13.8	13.98	13.48	13.48	1570
02.04.2025 00:00	13.6	13.76	13.52	13.66	272
03.04.2025 00:00	13.72	15.38	13.68	13.82	3140
04.04.2025 00:00	13.84	14.22	13.0	13.02	1997
07.04.2025 00:00	12.8	13.22	11.58	12.34	4939
08.04.2025 00:00	12.42	13.76	12.42	12.8	1957
09.04.2025 00:00	12.74	13.26	12.42	12.56	1973
10.04.2025 00:00	12.88	13.4	12.8	13.0	1246
11.04.2025 00:00	13.34	14.32	13.06	13.82	1617
14.04.2025 00:00	13.8	14.72	13.64	13.72	5110
15.04.2025 00:00	14.06	14.22	13.98	14.06	1043
16.04.2025 00:00	14.06	14.52	14.06	14.3	1263
17.04.2025 00:00	14.3	14.58	14.3	14.48	2646
18.04.2025 00:00	14.14	14.8	14.1	14.4	3944
21.04.2025 00:00	13.58	14.14	13.14	13.34	3407
22.04.2025 00:00	13.48	13.5	13.06	13.32	2344
23.04.2025 00:00	13.3	13.3	12.68	12.9	1226
24.04.2025 00:00	12.9	13.3	12.48	12.88	1251
25.04.2025 00:00	12.88	13.14	12.82	12.9	316
28.04.2025 00:00	13.14	13.32	12.96	13.08	956
29.04.2025 00:00	13.22	13.42	12.92	12.96	255
30.04.2025 00:00	13.14	13.14	12.56	12.84	539
02.05.2025 00:00	12.72	12.9	12.68	12.82	239
05.05.2025 00:00	12.8	13.06	12.72	12.82	292
06.05.2025 00:00	12.74	12.9	12.4	12.82	819
07.05.2025 00:00	12.9	12.98	12.64	12.8	212
08.05.2025 00:00	12.88	12.96	12.82	12.82	36
12.05.2025 00:00	13.06	13.06	12.82	12.9	228
13.05.2025 00:00	12.9	12.98	12.8	12.9	97
14.05.2025 00:00	12.9	13.08	12.8	12.9	223
15.05.2025 00:00	12.9	12.98	12.72	12.8	143
16.05.2025 00:00	12.84	12.96	12.6	12.6	241
19.05.2025 00:00	12.72	12.74	12.6	12.66	173
20.05.2025 00:00	12.72	12.72	12.52	12.6	87
21.05.2025 00:00	12.66	12.66	12.52	12.58	71
22.05.2025 00:00	12.56	12.66	12.5	12.56	92
