datetime	open	high	low	close	volume
07.03.2018 00:00	1345.0	1350.0	1345.0	1350.0	3
09.03.2018 00:00	1355.0	1355.0	1290.0	1290.0	528
12.03.2018 00:00	1305.0	1305.0	1290.0	1290.0	313
13.03.2018 00:00	1300.0	1300.0	1280.0	1295.0	106
14.03.2018 00:00	1295.0	1295.0	1225.0	1235.0	179
15.03.2018 00:00	1245.0	1245.0	1225.0	1225.0	508
16.03.2018 00:00	1225.0	1240.0	1200.0	1220.0	680
19.03.2018 00:00	1245.0	1245.0	1180.0	1185.0	597
20.03.2018 00:00	1200.0	1230.0	1180.0	1190.0	110
21.03.2018 00:00	1200.0	1260.0	1200.0	1200.0	42
22.03.2018 00:00	1220.0	1220.0	1210.0	1210.0	17
23.03.2018 00:00	1220.0	1230.0	1150.0	1150.0	858
26.03.2018 00:00	1155.0	1160.0	1145.0	1150.0	667
27.03.2018 00:00	1145.0	1150.0	1100.0	1145.0	1069
28.03.2018 00:00	1145.0	1150.0	1100.0	1145.0	266
29.03.2018 00:00	1140.0	1150.0	1115.0	1150.0	421
30.03.2018 00:00	1150.0	1150.0	1105.0	1105.0	886
02.04.2018 00:00	1135.0	1135.0	1075.0	1135.0	20
03.04.2018 00:00	1135.0	1135.0	1000.0	1050.0	1825
04.04.2018 00:00	1040.0	1040.0	1005.0	1020.0	375
05.04.2018 00:00	1015.0	1015.0	970.0	1000.0	665
06.04.2018 00:00	995.0	1000.0	985.0	995.0	516
09.04.2018 00:00	975.0	995.0	835.0	970.0	1073
10.04.2018 00:00	945.0	995.0	850.0	965.0	235
11.04.2018 00:00	965.0	990.0	900.0	985.0	274
12.04.2018 00:00	970.0	995.0	900.0	980.0	60
13.04.2018 00:00	990.0	995.0	965.0	965.0	13
16.04.2018 00:00	990.0	990.0	955.0	970.0	9
17.04.2018 00:00	975.0	1035.0	970.0	970.0	46
18.04.2018 00:00	975.0	1035.0	965.0	1035.0	325
19.04.2018 00:00	1025.0	1025.0	990.0	1000.0	143
20.04.2018 00:00	980.0	985.0	975.0	975.0	8
23.04.2018 00:00	980.0	1010.0	970.0	990.0	17
24.04.2018 00:00	990.0	1000.0	965.0	1000.0	490
25.04.2018 00:00	1000.0	1025.0	980.0	980.0	268
26.04.2018 00:00	980.0	1015.0	980.0	1010.0	72
27.04.2018 00:00	1000.0	1000.0	995.0	1000.0	283
28.04.2018 00:00	1000.0	1000.0	995.0	995.0	11
30.04.2018 00:00	995.0	995.0	995.0	995.0	2
03.05.2018 00:00	1020.0	1020.0	980.0	1000.0	42
04.05.2018 00:00	1000.0	1000.0	1000.0	1000.0	2
07.05.2018 00:00	995.0	1025.0	995.0	1025.0	216
08.05.2018 00:00	1025.0	1025.0	1000.0	1005.0	383
10.05.2018 00:00	1035.0	1035.0	1010.0	1010.0	48
11.05.2018 00:00	1015.0	1025.0	990.0	1025.0	150
14.05.2018 00:00	1010.0	1025.0	1010.0	1010.0	2
15.05.2018 00:00	1005.0	1025.0	990.0	995.0	100
16.05.2018 00:00	1020.0	1085.0	995.0	1025.0	317
17.05.2018 00:00	1005.0	1040.0	980.0	1015.0	421
18.05.2018 00:00	1025.0	1040.0	1000.0	1020.0	467
21.05.2018 00:00	980.0	1050.0	975.0	1050.0	243
22.05.2018 00:00	1035.0	1035.0	1005.0	1005.0	96
23.05.2018 00:00	1005.0	1035.0	975.0	1000.0	1169
24.05.2018 00:00	1000.0	1080.0	975.0	1000.0	1377
25.05.2018 00:00	1010.0	1080.0	990.0	1020.0	226
28.05.2018 00:00	1035.0	1035.0	1020.0	1030.0	29
29.05.2018 00:00	1025.0	1025.0	1015.0	1025.0	112
30.05.2018 00:00	1025.0	1025.0	1005.0	1020.0	73
31.05.2018 00:00	1015.0	1020.0	1000.0	1020.0	99
01.06.2018 00:00	1000.0	1020.0	860.0	995.0	394
04.06.2018 00:00	995.0	1000.0	960.0	995.0	51
05.06.2018 00:00	980.0	1030.0	975.0	1000.0	26
06.06.2018 00:00	995.0	995.0	995.0	995.0	24
07.06.2018 00:00	995.0	1020.0	980.0	1015.0	260
08.06.2018 00:00	1020.0	1025.0	995.0	1000.0	168
09.06.2018 00:00	1005.0	1005.0	985.0	1000.0	205
11.06.2018 00:00	985.0	990.0	980.0	990.0	22
13.06.2018 00:00	995.0	995.0	990.0	990.0	6
14.06.2018 00:00	995.0	995.0	985.0	990.0	17
15.06.2018 00:00	990.0	995.0	990.0	990.0	326
18.06.2018 00:00	965.0	985.0	925.0	965.0	176
19.06.2018 00:00	940.0	965.0	940.0	960.0	18
20.06.2018 00:00	965.0	995.0	950.0	950.0	64
21.06.2018 00:00	990.0	990.0	970.0	970.0	22
22.06.2018 00:00	965.0	970.0	950.0	960.0	31
25.06.2018 00:00	975.0	975.0	975.0	975.0	2
26.06.2018 00:00	955.0	980.0	925.0	925.0	50
27.06.2018 00:00	970.0	970.0	925.0	925.0	7
28.06.2018 00:00	960.0	960.0	960.0	960.0	10
29.06.2018 00:00	980.0	980.0	940.0	980.0	189
02.07.2018 00:00	980.0	980.0	955.0	980.0	4
03.07.2018 00:00	975.0	980.0	975.0	980.0	6
04.07.2018 00:00	960.0	980.0	960.0	980.0	25
05.07.2018 00:00	960.0	1000.0	960.0	1000.0	120
06.07.2018 00:00	965.0	985.0	965.0	980.0	19
09.07.2018 00:00	970.0	995.0	960.0	995.0	110
10.07.2018 00:00	970.0	995.0	970.0	995.0	87
11.07.2018 00:00	970.0	980.0	960.0	965.0	50
12.07.2018 00:00	960.0	985.0	950.0	950.0	378
13.07.2018 00:00	960.0	970.0	935.0	950.0	652
16.07.2018 00:00	960.0	960.0	950.0	955.0	76
17.07.2018 00:00	955.0	975.0	940.0	970.0	39
18.07.2018 00:00	960.0	975.0	960.0	975.0	6
19.07.2018 00:00	975.0	1070.0	975.0	980.0	314
20.07.2018 00:00	975.0	990.0	960.0	970.0	45
23.07.2018 00:00	955.0	985.0	955.0	975.0	62
24.07.2018 00:00	990.0	990.0	925.0	945.0	343
25.07.2018 00:00	950.0	950.0	925.0	945.0	202
26.07.2018 00:00	950.0	950.0	950.0	950.0	1
27.07.2018 00:00	940.0	950.0	940.0	950.0	21
30.07.2018 00:00	940.0	950.0	930.0	950.0	128
01.08.2018 00:00	940.0	950.0	935.0	945.0	49
02.08.2018 00:00	940.0	940.0	940.0	940.0	1
03.08.2018 00:00	940.0	940.0	940.0	940.0	48
06.08.2018 00:00	960.0	965.0	930.0	945.0	248
07.08.2018 00:00	965.0	965.0	955.0	955.0	6
08.08.2018 00:00	950.0	965.0	930.0	945.0	1206
09.08.2018 00:00	935.0	955.0	925.0	935.0	398
10.08.2018 00:00	930.0	930.0	930.0	930.0	33
13.08.2018 00:00	920.0	945.0	900.0	945.0	262
14.08.2018 00:00	945.0	950.0	930.0	930.0	243
15.08.2018 00:00	930.0	945.0	930.0	940.0	102
17.08.2018 00:00	955.0	955.0	920.0	920.0	107
20.08.2018 00:00	915.0	915.0	915.0	915.0	1
21.08.2018 00:00	900.0	975.0	900.0	935.0	63
22.08.2018 00:00	920.0	920.0	920.0	920.0	1
23.08.2018 00:00	920.0	935.0	915.0	920.0	83
24.08.2018 00:00	910.0	910.0	900.0	900.0	17
27.08.2018 00:00	900.0	910.0	900.0	910.0	118
28.08.2018 00:00	960.0	960.0	880.0	895.0	180
29.08.2018 00:00	900.0	930.0	900.0	910.0	81
30.08.2018 00:00	930.0	940.0	920.0	940.0	4
31.08.2018 00:00	905.0	940.0	885.0	930.0	312
03.09.2018 00:00	920.0	930.0	910.0	910.0	25
04.09.2018 00:00	930.0	940.0	920.0	940.0	58
05.09.2018 00:00	920.0	930.0	900.0	910.0	278
06.09.2018 00:00	910.0	915.0	880.0	900.0	111
07.09.2018 00:00	890.0	925.0	890.0	920.0	65
10.09.2018 00:00	895.0	915.0	895.0	915.0	203
11.09.2018 00:00	905.0	920.0	905.0	920.0	91
12.09.2018 00:00	930.0	930.0	920.0	930.0	9
13.09.2018 00:00	910.0	935.0	900.0	930.0	1054
14.09.2018 00:00	920.0	930.0	920.0	930.0	20
17.09.2018 00:00	930.0	940.0	915.0	940.0	56
18.09.2018 00:00	940.0	945.0	935.0	945.0	22
19.09.2018 00:00	975.0	975.0	940.0	940.0	13
20.09.2018 00:00	965.0	965.0	950.0	950.0	5
21.09.2018 00:00	965.0	1020.0	945.0	945.0	293
24.09.2018 00:00	950.0	1010.0	945.0	960.0	32
25.09.2018 00:00	980.0	980.0	965.0	980.0	4
26.09.2018 00:00	965.0	975.0	945.0	975.0	123
27.09.2018 00:00	935.0	965.0	920.0	945.0	311
28.09.2018 00:00	925.0	960.0	920.0	955.0	62
01.10.2018 00:00	900.0	995.0	900.0	960.0	113
02.10.2018 00:00	935.0	965.0	930.0	940.0	18
03.10.2018 00:00	955.0	1000.0	935.0	985.0	75
04.10.2018 00:00	980.0	980.0	975.0	980.0	302
05.10.2018 00:00	960.0	965.0	950.0	950.0	46
08.10.2018 00:00	975.0	980.0	955.0	960.0	27
09.10.2018 00:00	970.0	985.0	940.0	940.0	288
10.10.2018 00:00	940.0	940.0	940.0	940.0	4
11.10.2018 00:00	930.0	930.0	925.0	925.0	181
12.10.2018 00:00	925.0	940.0	920.0	940.0	18
15.10.2018 00:00	950.0	950.0	935.0	935.0	3
16.10.2018 00:00	960.0	960.0	960.0	960.0	2
17.10.2018 00:00	960.0	960.0	935.0	955.0	20
18.10.2018 00:00	935.0	960.0	900.0	935.0	528
19.10.2018 00:00	920.0	950.0	910.0	920.0	28
22.10.2018 00:00	930.0	930.0	930.0	930.0	6
23.10.2018 00:00	915.0	915.0	885.0	910.0	108
24.10.2018 00:00	940.0	940.0	910.0	910.0	26
25.10.2018 00:00	905.0	915.0	900.0	915.0	30
26.10.2018 00:00	905.0	905.0	900.0	900.0	109
29.10.2018 00:00	905.0	910.0	900.0	900.0	839
30.10.2018 00:00	920.0	920.0	900.0	905.0	8
31.10.2018 00:00	895.0	925.0	895.0	915.0	65
01.11.2018 00:00	920.0	940.0	920.0	940.0	7
02.11.2018 00:00	940.0	940.0	920.0	920.0	177
06.11.2018 00:00	905.0	940.0	905.0	940.0	52
07.11.2018 00:00	940.0	1010.0	930.0	980.0	623
08.11.2018 00:00	930.0	960.0	930.0	935.0	826
09.11.2018 00:00	930.0	940.0	930.0	940.0	10
12.11.2018 00:00	940.0	940.0	920.0	930.0	48
13.11.2018 00:00	935.0	935.0	930.0	930.0	4
14.11.2018 00:00	930.0	930.0	920.0	920.0	6
15.11.2018 00:00	940.0	940.0	920.0	920.0	9
16.11.2018 00:00	940.0	940.0	905.0	910.0	53
19.11.2018 00:00	905.0	920.0	905.0	915.0	19
20.11.2018 00:00	910.0	910.0	905.0	905.0	275
21.11.2018 00:00	905.0	905.0	905.0	905.0	1
22.11.2018 00:00	915.0	915.0	915.0	915.0	23
23.11.2018 00:00	910.0	920.0	910.0	920.0	7
26.11.2018 00:00	900.0	910.0	895.0	905.0	57
27.11.2018 00:00	920.0	920.0	910.0	910.0	4
28.11.2018 00:00	910.0	910.0	910.0	910.0	6
29.11.2018 00:00	910.0	910.0	910.0	910.0	2
03.12.2018 00:00	900.0	915.0	900.0	915.0	7
04.12.2018 00:00	905.0	915.0	900.0	910.0	9
05.12.2018 00:00	905.0	910.0	900.0	910.0	16
06.12.2018 00:00	925.0	925.0	900.0	900.0	130
07.12.2018 00:00	905.0	920.0	905.0	920.0	84
10.12.2018 00:00	900.0	905.0	900.0	905.0	16
12.12.2018 00:00	900.0	900.0	900.0	900.0	3
13.12.2018 00:00	900.0	900.0	895.0	900.0	36
14.12.2018 00:00	905.0	905.0	905.0	905.0	142
17.12.2018 00:00	900.0	905.0	895.0	900.0	143
18.12.2018 00:00	895.0	900.0	885.0	885.0	63
19.12.2018 00:00	865.0	890.0	865.0	890.0	319
20.12.2018 00:00	870.0	885.0	865.0	870.0	53
21.12.2018 00:00	870.0	925.0	840.0	860.0	289
24.12.2018 00:00	840.0	905.0	825.0	850.0	165
25.12.2018 00:00	835.0	835.0	630.0	820.0	677
26.12.2018 00:00	800.0	820.0	800.0	820.0	37
27.12.2018 00:00	810.0	880.0	810.0	880.0	675
28.12.2018 00:00	885.0	900.0	835.0	860.0	30
29.12.2018 00:00	850.0	855.0	850.0	855.0	31
03.01.2019 00:00	830.0	860.0	830.0	860.0	21
04.01.2019 00:00	860.0	895.0	840.0	870.0	42
08.01.2019 00:00	855.0	890.0	855.0	860.0	19
09.01.2019 00:00	855.0	860.0	850.0	850.0	16
10.01.2019 00:00	850.0	860.0	850.0	860.0	6
11.01.2019 00:00	860.0	860.0	860.0	860.0	18
14.01.2019 00:00	880.0	880.0	875.0	880.0	12
15.01.2019 00:00	860.0	895.0	860.0	895.0	3
16.01.2019 00:00	885.0	890.0	870.0	870.0	118
17.01.2019 00:00	890.0	890.0	870.0	880.0	29
18.01.2019 00:00	875.0	880.0	870.0	880.0	28
21.01.2019 00:00	890.0	890.0	880.0	890.0	5
22.01.2019 00:00	890.0	890.0	875.0	875.0	5
23.01.2019 00:00	880.0	880.0	880.0	880.0	2
24.01.2019 00:00	850.0	890.0	850.0	875.0	53
25.01.2019 00:00	875.0	890.0	875.0	885.0	40
28.01.2019 00:00	905.0	905.0	890.0	890.0	222
29.01.2019 00:00	970.0	970.0	890.0	910.0	302
30.01.2019 00:00	900.0	910.0	900.0	910.0	223
31.01.2019 00:00	905.0	910.0	905.0	910.0	4
01.02.2019 00:00	910.0	910.0	910.0	910.0	18
04.02.2019 00:00	905.0	910.0	905.0	910.0	11
05.02.2019 00:00	910.0	910.0	900.0	910.0	19
06.02.2019 00:00	905.0	905.0	905.0	905.0	2
07.02.2019 00:00	900.0	905.0	900.0	900.0	124
08.02.2019 00:00	805.0	920.0	805.0	900.0	172
11.02.2019 00:00	890.0	905.0	890.0	905.0	4
12.02.2019 00:00	900.0	905.0	890.0	900.0	121
13.02.2019 00:00	885.0	900.0	885.0	885.0	22
14.02.2019 00:00	890.0	890.0	885.0	890.0	25
15.02.2019 00:00	845.0	900.0	845.0	900.0	3
18.02.2019 00:00	900.0	900.0	880.0	885.0	33
19.02.2019 00:00	900.0	900.0	885.0	900.0	123
20.02.2019 00:00	855.0	900.0	855.0	900.0	2
22.02.2019 00:00	875.0	905.0	875.0	900.0	27
25.02.2019 00:00	885.0	895.0	880.0	880.0	4
26.02.2019 00:00	890.0	905.0	890.0	900.0	46
27.02.2019 00:00	885.0	900.0	875.0	900.0	93
01.03.2019 00:00	945.0	945.0	900.0	900.0	5
04.03.2019 00:00	885.0	900.0	875.0	890.0	93
05.03.2019 00:00	895.0	895.0	885.0	890.0	45
06.03.2019 00:00	880.0	890.0	875.0	885.0	23
07.03.2019 00:00	875.0	890.0	875.0	890.0	4
11.03.2019 00:00	875.0	875.0	875.0	875.0	5
12.03.2019 00:00	875.0	875.0	855.0	870.0	74
13.03.2019 00:00	875.0	875.0	870.0	870.0	57
14.03.2019 00:00	865.0	885.0	865.0	885.0	10
18.03.2019 00:00	860.0	860.0	850.0	860.0	17
25.03.2019 00:00	865.0	880.0	865.0	880.0	4
26.03.2019 00:00	825.0	885.0	825.0	880.0	4
27.03.2019 00:00	850.0	860.0	850.0	860.0	2
28.03.2019 00:00	845.0	850.0	845.0	850.0	53
29.03.2019 00:00	875.0	875.0	875.0	875.0	3
01.04.2019 00:00	850.0	850.0	850.0	850.0	61
02.04.2019 00:00	850.0	850.0	850.0	850.0	52
03.04.2019 00:00	855.0	855.0	855.0	855.0	12
04.04.2019 00:00	850.0	860.0	850.0	850.0	88
05.04.2019 00:00	850.0	855.0	850.0	855.0	21
09.04.2019 00:00	860.0	860.0	860.0	860.0	1
10.04.2019 00:00	860.0	860.0	850.0	850.0	19
11.04.2019 00:00	850.0	850.0	850.0	850.0	60
12.04.2019 00:00	875.0	875.0	850.0	850.0	38
15.04.2019 00:00	850.0	870.0	850.0	870.0	14
18.04.2019 00:00	850.0	850.0	815.0	850.0	3
19.04.2019 00:00	850.0	850.0	850.0	850.0	2
22.04.2019 00:00	860.0	860.0	850.0	850.0	115
23.04.2019 00:00	860.0	860.0	850.0	860.0	51
24.04.2019 00:00	845.0	865.0	845.0	860.0	9
26.04.2019 00:00	850.0	1095.0	850.0	950.0	1068
29.04.2019 00:00	890.0	1200.0	885.0	970.0	3382
30.04.2019 00:00	960.0	960.0	900.0	930.0	175
02.05.2019 00:00	905.0	905.0	885.0	890.0	164
03.05.2019 00:00	890.0	1070.0	890.0	970.0	439
06.05.2019 00:00	980.0	980.0	940.0	975.0	110
07.05.2019 00:00	980.0	980.0	885.0	885.0	629
08.05.2019 00:00	900.0	950.0	885.0	920.0	191
10.05.2019 00:00	940.0	950.0	935.0	945.0	23
13.05.2019 00:00	895.0	920.0	885.0	885.0	183
14.05.2019 00:00	890.0	895.0	855.0	860.0	176
15.05.2019 00:00	850.0	920.0	850.0	900.0	360
16.05.2019 00:00	910.0	910.0	870.0	880.0	117
17.05.2019 00:00	895.0	900.0	870.0	895.0	62
20.05.2019 00:00	910.0	910.0	895.0	900.0	8
21.05.2019 00:00	880.0	900.0	870.0	895.0	83
22.05.2019 00:00	870.0	900.0	870.0	875.0	80
23.05.2019 00:00	885.0	930.0	885.0	900.0	136
24.05.2019 00:00	910.0	945.0	900.0	930.0	57
27.05.2019 00:00	900.0	900.0	890.0	900.0	683
28.05.2019 00:00	885.0	940.0	850.0	940.0	2240
29.05.2019 00:00	940.0	950.0	915.0	930.0	134
30.05.2019 00:00	930.0	945.0	920.0	940.0	312
31.05.2019 00:00	920.0	935.0	920.0	935.0	11
03.06.2019 00:00	925.0	955.0	920.0	945.0	150
04.06.2019 00:00	950.0	950.0	950.0	950.0	42
05.06.2019 00:00	950.0	1000.0	935.0	955.0	864
06.06.2019 00:00	955.0	985.0	940.0	940.0	1547
07.06.2019 00:00	960.0	960.0	935.0	940.0	207
10.06.2019 00:00	955.0	955.0	950.0	950.0	9
11.06.2019 00:00	950.0	950.0	910.0	930.0	200
13.06.2019 00:00	925.0	950.0	925.0	950.0	50
14.06.2019 00:00	950.0	955.0	920.0	930.0	569
17.06.2019 00:00	950.0	950.0	920.0	920.0	229
18.06.2019 00:00	920.0	940.0	920.0	925.0	178
19.06.2019 00:00	920.0	945.0	920.0	930.0	18
20.06.2019 00:00	925.0	935.0	925.0	935.0	10
21.06.2019 00:00	920.0	920.0	920.0	920.0	91
24.06.2019 00:00	930.0	940.0	930.0	940.0	10
25.06.2019 00:00	950.0	980.0	930.0	970.0	234
26.06.2019 00:00	970.0	970.0	955.0	955.0	16
27.06.2019 00:00	930.0	950.0	930.0	950.0	6
28.06.2019 00:00	930.0	970.0	930.0	965.0	327
01.07.2019 00:00	955.0	990.0	940.0	980.0	126
02.07.2019 00:00	985.0	1020.0	970.0	1000.0	701
03.07.2019 00:00	1040.0	1040.0	1010.0	1025.0	82
04.07.2019 00:00	950.0	1025.0	940.0	1005.0	265
05.07.2019 00:00	1005.0	1140.0	1005.0	1105.0	1307
08.07.2019 00:00	1105.0	1185.0	1035.0	1065.0	348
09.07.2019 00:00	1060.0	1155.0	1060.0	1100.0	263
10.07.2019 00:00	1095.0	1110.0	1095.0	1110.0	70
11.07.2019 00:00	1090.0	1125.0	1090.0	1100.0	47
12.07.2019 00:00	1080.0	1130.0	1070.0	1095.0	182
15.07.2019 00:00	1070.0	1100.0	1070.0	1090.0	30
16.07.2019 00:00	1095.0	1115.0	1095.0	1100.0	28
17.07.2019 00:00	1075.0	1150.0	1075.0	1150.0	432
18.07.2019 00:00	1175.0	1230.0	1105.0	1200.0	461
19.07.2019 00:00	1190.0	1295.0	1190.0	1200.0	627
22.07.2019 00:00	1195.0	1220.0	1160.0	1220.0	328
23.07.2019 00:00	1280.0	1535.0	1250.0	1280.0	4616
24.07.2019 00:00	1280.0	1360.0	1250.0	1310.0	890
25.07.2019 00:00	1325.0	1355.0	1250.0	1335.0	1151
26.07.2019 00:00	1385.0	1470.0	1355.0	1420.0	868
29.07.2019 00:00	1380.0	1380.0	1270.0	1310.0	1042
30.07.2019 00:00	1310.0	1335.0	1200.0	1300.0	1056
31.07.2019 00:00	1300.0	1330.0	1220.0	1240.0	588
01.08.2019 00:00	1220.0	1235.0	1180.0	1200.0	312
02.08.2019 00:00	1220.0	1250.0	1140.0	1170.0	364
05.08.2019 00:00	1250.0	1370.0	1175.0	1275.0	846
06.08.2019 00:00	1255.0	1275.0	1200.0	1265.0	113
07.08.2019 00:00	1265.0	1340.0	1265.0	1280.0	163
08.08.2019 00:00	1280.0	1280.0	1250.0	1265.0	90
09.08.2019 00:00	1290.0	1365.0	1290.0	1300.0	407
12.08.2019 00:00	1270.0	1345.0	1270.0	1300.0	45
13.08.2019 00:00	1325.0	1375.0	1275.0	1355.0	407
14.08.2019 00:00	1320.0	1360.0	1300.0	1310.0	573
15.08.2019 00:00	1300.0	1360.0	1300.0	1345.0	109
16.08.2019 00:00	1345.0	1375.0	1345.0	1375.0	13
19.08.2019 00:00	1325.0	1380.0	1325.0	1370.0	10
20.08.2019 00:00	1350.0	1370.0	1340.0	1360.0	113
21.08.2019 00:00	1330.0	1350.0	1320.0	1350.0	244
22.08.2019 00:00	1350.0	1350.0	1335.0	1350.0	20
23.08.2019 00:00	1330.0	1350.0	1330.0	1330.0	5
26.08.2019 00:00	1365.0	1375.0	1350.0	1370.0	49
27.08.2019 00:00	1350.0	1355.0	1330.0	1335.0	37
28.08.2019 00:00	1335.0	1400.0	1335.0	1395.0	223
29.08.2019 00:00	1390.0	1390.0	1360.0	1375.0	5
30.08.2019 00:00	1365.0	1365.0	1360.0	1360.0	6
02.09.2019 00:00	1385.0	1545.0	1360.0	1425.0	761
03.09.2019 00:00	1460.0	1490.0	1385.0	1410.0	235
04.09.2019 00:00	1380.0	1425.0	1355.0	1400.0	200
05.09.2019 00:00	1415.0	1420.0	1415.0	1420.0	23
06.09.2019 00:00	1375.0	1400.0	1375.0	1385.0	20
09.09.2019 00:00	1385.0	1405.0	1385.0	1405.0	161
10.09.2019 00:00	1415.0	1425.0	1415.0	1425.0	8
11.09.2019 00:00	1410.0	1410.0	1410.0	1410.0	38
12.09.2019 00:00	1410.0	1415.0	1410.0	1415.0	94
13.09.2019 00:00	1400.0	1440.0	1400.0	1440.0	525
16.09.2019 00:00	1400.0	1450.0	1400.0	1450.0	1461
17.09.2019 00:00	1410.0	1450.0	1400.0	1400.0	145
18.09.2019 00:00	1405.0	1445.0	1330.0	1390.0	272
19.09.2019 00:00	1370.0	1390.0	1360.0	1390.0	345
20.09.2019 00:00	1370.0	1370.0	1370.0	1370.0	1
23.09.2019 00:00	1395.0	1395.0	1395.0	1395.0	1
24.09.2019 00:00	1395.0	1400.0	1380.0	1400.0	17
25.09.2019 00:00	1380.0	1390.0	1365.0	1390.0	93
26.09.2019 00:00	1400.0	1400.0	1360.0	1360.0	52
27.09.2019 00:00	1390.0	1390.0	1350.0	1355.0	27
30.09.2019 00:00	1340.0	1390.0	1340.0	1375.0	35
01.10.2019 00:00	1360.0	1385.0	1360.0	1385.0	20
02.10.2019 00:00	1360.0	1370.0	1360.0	1365.0	59
03.10.2019 00:00	1355.0	1385.0	1355.0	1385.0	17
04.10.2019 00:00	1375.0	1380.0	1370.0	1375.0	29
07.10.2019 00:00	1350.0	1350.0	1350.0	1350.0	66
08.10.2019 00:00	1370.0	1440.0	1360.0	1380.0	262
09.10.2019 00:00	1440.0	1840.0	1435.0	1650.0	2189
10.10.2019 00:00	1650.0	1720.0	1560.0	1650.0	588
11.10.2019 00:00	1610.0	1620.0	1480.0	1515.0	759
14.10.2019 00:00	1485.0	1540.0	1480.0	1490.0	95
15.10.2019 00:00	1540.0	1590.0	1430.0	1460.0	171
16.10.2019 00:00	1480.0	1480.0	1460.0	1480.0	6
17.10.2019 00:00	1490.0	1520.0	1470.0	1480.0	94
18.10.2019 00:00	1485.0	1520.0	1460.0	1500.0	77
21.10.2019 00:00	1520.0	1520.0	1470.0	1515.0	75
22.10.2019 00:00	1595.0	1765.0	1595.0	1655.0	530
23.10.2019 00:00	1650.0	1730.0	1645.0	1700.0	110
24.10.2019 00:00	1690.0	1700.0	1590.0	1690.0	72
25.10.2019 00:00	1645.0	1645.0	1610.0	1615.0	80
28.10.2019 00:00	1610.0	1655.0	1590.0	1615.0	144
29.10.2019 00:00	1585.0	1605.0	1560.0	1605.0	31
30.10.2019 00:00	1620.0	1630.0	1620.0	1630.0	21
31.10.2019 00:00	1600.0	1630.0	1600.0	1625.0	26
01.11.2019 00:00	1625.0	1625.0	1600.0	1600.0	93
05.11.2019 00:00	1620.0	1685.0	1615.0	1615.0	207
06.11.2019 00:00	1620.0	1645.0	1620.0	1640.0	33
07.11.2019 00:00	1650.0	1650.0	1640.0	1640.0	34
08.11.2019 00:00	1640.0	1640.0	1640.0	1640.0	180
11.11.2019 00:00	1670.0	1670.0	1630.0	1630.0	34
12.11.2019 00:00	1635.0	1680.0	1630.0	1655.0	237
13.11.2019 00:00	1630.0	1630.0	1600.0	1600.0	84
14.11.2019 00:00	1585.0	1590.0	1575.0	1590.0	115
15.11.2019 00:00	1575.0	1600.0	1540.0	1600.0	287
18.11.2019 00:00	1610.0	1610.0	1575.0	1605.0	29
19.11.2019 00:00	1610.0	1820.0	1570.0	1785.0	954
20.11.2019 00:00	1795.0	1800.0	1650.0	1710.0	488
21.11.2019 00:00	1625.0	1700.0	1625.0	1675.0	226
22.11.2019 00:00	1740.0	1790.0	1700.0	1710.0	253
25.11.2019 00:00	1740.0	1740.0	1700.0	1700.0	23
26.11.2019 00:00	1695.0	1725.0	1695.0	1720.0	134
27.11.2019 00:00	1720.0	1720.0	1710.0	1710.0	69
28.11.2019 00:00	1740.0	1740.0	1720.0	1720.0	55
29.11.2019 00:00	1710.0	1760.0	1700.0	1755.0	140
02.12.2019 00:00	1700.0	1725.0	1700.0	1715.0	11
03.12.2019 00:00	1700.0	1700.0	1655.0	1680.0	48
04.12.2019 00:00	1655.0	1680.0	1645.0	1660.0	110
05.12.2019 00:00	1715.0	1720.0	1670.0	1670.0	36
06.12.2019 00:00	1715.0	1715.0	1665.0	1710.0	43
09.12.2019 00:00	1705.0	1710.0	1680.0	1710.0	90
10.12.2019 00:00	1710.0	1720.0	1690.0	1700.0	228
11.12.2019 00:00	1700.0	1725.0	1700.0	1700.0	153
12.12.2019 00:00	1700.0	1720.0	1685.0	1700.0	113
13.12.2019 00:00	1700.0	1710.0	1690.0	1690.0	219
16.12.2019 00:00	1700.0	1700.0	1685.0	1690.0	21
17.12.2019 00:00	1700.0	1720.0	1685.0	1700.0	471
18.12.2019 00:00	1700.0	1715.0	1625.0	1700.0	190
19.12.2019 00:00	1710.0	1710.0	1675.0	1675.0	127
20.12.2019 00:00	1670.0	1690.0	1650.0	1680.0	151
23.12.2019 00:00	1635.0	1695.0	1635.0	1650.0	107
24.12.2019 00:00	1660.0	1675.0	1625.0	1625.0	93
25.12.2019 00:00	1640.0	1660.0	1600.0	1625.0	407
26.12.2019 00:00	1645.0	1665.0	1640.0	1660.0	59
27.12.2019 00:00	1640.0	1655.0	1620.0	1655.0	151
30.12.2019 00:00	1605.0	1650.0	1600.0	1630.0	104
03.01.2020 00:00	1640.0	1660.0	1630.0	1650.0	74
06.01.2020 00:00	1620.0	1720.0	1620.0	1710.0	271
08.01.2020 00:00	1700.0	1720.0	1625.0	1715.0	220
09.01.2020 00:00	1690.0	1750.0	1680.0	1700.0	23
10.01.2020 00:00	1695.0	1735.0	1695.0	1705.0	20
13.01.2020 00:00	1730.0	2380.0	1715.0	1960.0	3342
14.01.2020 00:00	2000.0	2090.0	1835.0	2000.0	507
15.01.2020 00:00	1985.0	2050.0	1950.0	1990.0	88
16.01.2020 00:00	2000.0	2045.0	2000.0	2040.0	108
17.01.2020 00:00	2080.0	2080.0	2000.0	2020.0	171
20.01.2020 00:00	1980.0	2070.0	1980.0	2045.0	110
21.01.2020 00:00	2005.0	2040.0	1930.0	2025.0	105
22.01.2020 00:00	2015.0	2040.0	2000.0	2035.0	32
23.01.2020 00:00	2035.0	2080.0	2020.0	2040.0	38
24.01.2020 00:00	1970.0	2010.0	1900.0	1990.0	693
27.01.2020 00:00	1960.0	1995.0	1945.0	1945.0	164
28.01.2020 00:00	1960.0	2010.0	1940.0	2010.0	101
29.01.2020 00:00	1985.0	2020.0	1985.0	2000.0	18
30.01.2020 00:00	2000.0	2015.0	1955.0	2015.0	80
31.01.2020 00:00	1985.0	2010.0	1960.0	1970.0	179
03.02.2020 00:00	1910.0	1970.0	1710.0	1950.0	201
04.02.2020 00:00	1920.0	1975.0	1920.0	1950.0	40
05.02.2020 00:00	1980.0	2090.0	1980.0	2030.0	418
06.02.2020 00:00	2050.0	2090.0	2000.0	2085.0	149
07.02.2020 00:00	2010.0	2100.0	2000.0	2100.0	271
10.02.2020 00:00	2040.0	2080.0	2020.0	2020.0	97
11.02.2020 00:00	2060.0	2080.0	2030.0	2065.0	210
12.02.2020 00:00	2090.0	2090.0	1995.0	2050.0	703
13.02.2020 00:00	2010.0	2020.0	1950.0	1960.0	271
14.02.2020 00:00	1980.0	2000.0	1940.0	2000.0	63
17.02.2020 00:00	1940.0	2000.0	1935.0	1980.0	199
18.02.2020 00:00	1980.0	1980.0	1935.0	1980.0	101
19.02.2020 00:00	1970.0	1970.0	1950.0	1960.0	29
20.02.2020 00:00	1970.0	2000.0	1970.0	1975.0	118
21.02.2020 00:00	2000.0	2000.0	1960.0	1970.0	17
25.02.2020 00:00	1940.0	1980.0	1910.0	1910.0	186
26.02.2020 00:00	1850.0	1850.0	1720.0	1840.0	598
27.02.2020 00:00	1935.0	1935.0	1730.0	1730.0	339
28.02.2020 00:00	1715.0	1715.0	1650.0	1705.0	133
02.03.2020 00:00	1700.0	1820.0	1650.0	1710.0	186
03.03.2020 00:00	1740.0	1740.0	1740.0	1740.0	20
04.03.2020 00:00	1775.0	1775.0	1685.0	1765.0	336
06.03.2020 00:00	1750.0	1750.0	1645.0	1660.0	41
10.03.2020 00:00	1625.0	1700.0	1440.0	1565.0	942
11.03.2020 00:00	1505.0	1600.0	1460.0	1490.0	460
12.03.2020 00:00	1450.0	1500.0	1240.0	1250.0	627
13.03.2020 00:00	1235.0	1650.0	1235.0	1500.0	1481
16.03.2020 00:00	1500.0	1500.0	1245.0	1395.0	360
17.03.2020 00:00	1450.0	1500.0	1000.0	1160.0	3348
18.03.2020 00:00	1140.0	1200.0	1000.0	1020.0	2003
19.03.2020 00:00	1090.0	1160.0	1010.0	1100.0	2137
20.03.2020 00:00	1150.0	1460.0	1150.0	1240.0	1471
23.03.2020 00:00	1150.0	1270.0	1150.0	1260.0	64
24.03.2020 00:00	1300.0	1390.0	1300.0	1375.0	969
25.03.2020 00:00	1400.0	1450.0	1250.0	1280.0	786
26.03.2020 00:00	1255.0	1295.0	1225.0	1275.0	142
27.03.2020 00:00	1255.0	1280.0	1200.0	1220.0	69
30.03.2020 00:00	1115.0	1210.0	1010.0	1160.0	1146
31.03.2020 00:00	1175.0	1270.0	1175.0	1250.0	503
01.04.2020 00:00	1250.0	1270.0	1205.0	1250.0	145
02.04.2020 00:00	1290.0	1295.0	1210.0	1250.0	197
03.04.2020 00:00	1220.0	1300.0	1220.0	1295.0	221
06.04.2020 00:00	1270.0	1320.0	1270.0	1290.0	58
07.04.2020 00:00	1310.0	1370.0	1245.0	1300.0	317
08.04.2020 00:00	1360.0	1550.0	1305.0	1400.0	1871
09.04.2020 00:00	1350.0	1450.0	1350.0	1395.0	750
10.04.2020 00:00	1400.0	1410.0	1380.0	1390.0	327
13.04.2020 00:00	1370.0	1400.0	1350.0	1385.0	281
14.04.2020 00:00	1360.0	1390.0	1360.0	1370.0	113
15.04.2020 00:00	1355.0	1355.0	1300.0	1305.0	185
16.04.2020 00:00	1300.0	1380.0	1275.0	1330.0	305
17.04.2020 00:00	1335.0	1335.0	1300.0	1320.0	310
20.04.2020 00:00	1320.0	1335.0	1295.0	1300.0	153
21.04.2020 00:00	1280.0	1300.0	1255.0	1300.0	133
22.04.2020 00:00	1300.0	1335.0	1300.0	1330.0	423
23.04.2020 00:00	1375.0	1380.0	1335.0	1340.0	462
24.04.2020 00:00	1370.0	1400.0	1365.0	1395.0	130
27.04.2020 00:00	1380.0	1410.0	1380.0	1400.0	217
28.04.2020 00:00	1420.0	1420.0	1380.0	1390.0	47
29.04.2020 00:00	1420.0	1420.0	1350.0	1380.0	454
30.04.2020 00:00	1350.0	1390.0	1300.0	1300.0	1467
04.05.2020 00:00	1310.0	1330.0	1250.0	1275.0	174
05.05.2020 00:00	1295.0	1350.0	1290.0	1335.0	758
06.05.2020 00:00	1340.0	1360.0	1315.0	1335.0	176
07.05.2020 00:00	1345.0	1350.0	1325.0	1325.0	48
08.05.2020 00:00	1330.0	1350.0	1315.0	1320.0	25
12.05.2020 00:00	1315.0	1485.0	1310.0	1385.0	1968
13.05.2020 00:00	1360.0	1395.0	1325.0	1360.0	238
14.05.2020 00:00	1360.0	1360.0	1320.0	1355.0	206
15.05.2020 00:00	1320.0	1385.0	1320.0	1385.0	335
18.05.2020 00:00	1385.0	1385.0	1355.0	1370.0	80
19.05.2020 00:00	1380.0	1380.0	1380.0	1380.0	1
20.05.2020 00:00	1345.0	1485.0	1345.0	1395.0	585
21.05.2020 00:00	1400.0	1570.0	1385.0	1405.0	956
22.05.2020 00:00	1405.0	1490.0	1390.0	1410.0	176
25.05.2020 00:00	1445.0	1505.0	1415.0	1460.0	393
26.05.2020 00:00	1460.0	1460.0	1415.0	1420.0	87
27.05.2020 00:00	1415.0	1445.0	1415.0	1435.0	115
28.05.2020 00:00	1440.0	1450.0	1400.0	1425.0	321
29.05.2020 00:00	1415.0	1450.0	1415.0	1440.0	103
01.06.2020 00:00	1440.0	1440.0	1410.0	1420.0	41
02.06.2020 00:00	1385.0	1430.0	1385.0	1420.0	83
03.06.2020 00:00	1400.0	1985.0	1400.0	1985.0	5732
04.06.2020 00:00	2180.0	2555.0	1990.0	2140.0	9268
05.06.2020 00:00	2245.0	2990.0	2070.0	2990.0	4708
08.06.2020 00:00	3285.0	4100.0	3070.0	3435.0	28295
09.06.2020 00:00	3370.0	3465.0	2665.0	2820.0	11347
10.06.2020 00:00	2895.0	2900.0	2500.0	2515.0	5171
11.06.2020 00:00	2460.0	2700.0	2355.0	2565.0	2352
15.06.2020 00:00	2500.0	2735.0	2410.0	2500.0	1901
16.06.2020 00:00	2545.0	3010.0	2480.0	2970.0	6794
17.06.2020 00:00	3005.0	3240.0	2865.0	2955.0	4203
18.06.2020 00:00	2985.0	3085.0	2800.0	2840.0	1113
19.06.2020 00:00	2910.0	2975.0	2810.0	2930.0	617
22.06.2020 00:00	2980.0	2980.0	2820.0	2890.0	168
23.06.2020 00:00	2835.0	2880.0	2810.0	2845.0	404
25.06.2020 00:00	2820.0	2830.0	2715.0	2720.0	434
26.06.2020 00:00	2720.0	2750.0	2675.0	2680.0	434
29.06.2020 00:00	2665.0	2760.0	2500.0	2695.0	1052
30.06.2020 00:00	2560.0	2650.0	2545.0	2550.0	572
02.07.2020 00:00	2595.0	2600.0	2555.0	2575.0	100
03.07.2020 00:00	2555.0	2650.0	2500.0	2515.0	392
06.07.2020 00:00	2560.0	2880.0	2520.0	2625.0	3894
07.07.2020 00:00	2550.0	2690.0	2450.0	2590.0	543
08.07.2020 00:00	2575.0	2700.0	2565.0	2590.0	511
09.07.2020 00:00	2570.0	2650.0	2560.0	2610.0	529
10.07.2020 00:00	2620.0	2955.0	2620.0	2835.0	1911
13.07.2020 00:00	2850.0	2920.0	2700.0	2840.0	888
14.07.2020 00:00	2790.0	2820.0	2595.0	2600.0	1655
15.07.2020 00:00	2605.0	2750.0	2580.0	2605.0	1721
16.07.2020 00:00	2610.0	2735.0	2610.0	2630.0	378
17.07.2020 00:00	2620.0	2680.0	2610.0	2645.0	169
20.07.2020 00:00	2605.0	2680.0	2590.0	2610.0	423
21.07.2020 00:00	2560.0	2675.0	2560.0	2595.0	350
22.07.2020 00:00	2600.0	2610.0	2580.0	2590.0	97
23.07.2020 00:00	2570.0	2600.0	2560.0	2595.0	316
24.07.2020 00:00	2590.0	2610.0	2580.0	2595.0	129
27.07.2020 00:00	2595.0	2615.0	2570.0	2575.0	382
28.07.2020 00:00	2600.0	2740.0	2560.0	2625.0	539
29.07.2020 00:00	2645.0	2655.0	2625.0	2655.0	217
30.07.2020 00:00	2655.0	2655.0	2625.0	2625.0	191
31.07.2020 00:00	2655.0	2740.0	2600.0	2700.0	919
03.08.2020 00:00	2695.0	2695.0	2620.0	2650.0	398
04.08.2020 00:00	2640.0	2640.0	2615.0	2625.0	237
05.08.2020 00:00	2635.0	2680.0	2630.0	2640.0	201
06.08.2020 00:00	2635.0	2660.0	2570.0	2640.0	188
07.08.2020 00:00	2555.0	2630.0	2550.0	2580.0	204
10.08.2020 00:00	2585.0	2660.0	2565.0	2605.0	481
11.08.2020 00:00	2655.0	2685.0	2590.0	2595.0	469
12.08.2020 00:00	2585.0	2610.0	2575.0	2590.0	184
13.08.2020 00:00	2575.0	2700.0	2575.0	2665.0	214
14.08.2020 00:00	2650.0	2695.0	2610.0	2670.0	141
17.08.2020 00:00	2695.0	2700.0	2645.0	2675.0	687
18.08.2020 00:00	2700.0	2700.0	2670.0	2680.0	80
19.08.2020 00:00	2680.0	2800.0	2680.0	2775.0	648
20.08.2020 00:00	2755.0	2760.0	2625.0	2695.0	626
21.08.2020 00:00	2685.0	2685.0	2565.0	2615.0	811
24.08.2020 00:00	2635.0	2635.0	2575.0	2610.0	113
25.08.2020 00:00	2600.0	2650.0	2575.0	2595.0	251
26.08.2020 00:00	2605.0	2625.0	2600.0	2615.0	81
27.08.2020 00:00	2620.0	2625.0	2580.0	2600.0	195
28.08.2020 00:00	2580.0	2620.0	2575.0	2580.0	180
31.08.2020 00:00	2585.0	2600.0	2505.0	2595.0	285
01.09.2020 00:00	2530.0	2595.0	2530.0	2560.0	80
02.09.2020 00:00	2570.0	2610.0	2565.0	2575.0	70
03.09.2020 00:00	2580.0	2585.0	2555.0	2570.0	44
04.09.2020 00:00	2535.0	2555.0	2500.0	2515.0	494
07.09.2020 00:00	2455.0	2540.0	2455.0	2525.0	231
08.09.2020 00:00	2505.0	2540.0	2450.0	2465.0	322
09.09.2020 00:00	2510.0	2530.0	2450.0	2480.0	269
10.09.2020 00:00	2485.0	2485.0	2400.0	2430.0	175
11.09.2020 00:00	2410.0	2455.0	2400.0	2445.0	107
14.09.2020 00:00	2430.0	2490.0	2430.0	2480.0	17
15.09.2020 00:00	2465.0	2500.0	2435.0	2465.0	115
16.09.2020 00:00	2450.0	2500.0	2450.0	2500.0	48
17.09.2020 00:00	2545.0	2600.0	2500.0	2510.0	199
18.09.2020 00:00	2500.0	2500.0	2475.0	2500.0	98
21.09.2020 00:00	2455.0	2500.0	2450.0	2500.0	62
22.09.2020 00:00	2455.0	2555.0	2455.0	2540.0	108
23.09.2020 00:00	2575.0	2575.0	2525.0	2555.0	36
24.09.2020 00:00	2560.0	2560.0	2500.0	2545.0	39
25.09.2020 00:00	2545.0	2565.0	2505.0	2555.0	62
28.09.2020 00:00	2550.0	2775.0	2500.0	2575.0	1118
29.09.2020 00:00	2525.0	2550.0	2455.0	2465.0	808
30.09.2020 00:00	2465.0	2500.0	2455.0	2500.0	257
01.10.2020 00:00	2460.0	2500.0	2400.0	2440.0	687
02.10.2020 00:00	2410.0	2475.0	2375.0	2410.0	225
05.10.2020 00:00	2495.0	2495.0	2395.0	2405.0	301
06.10.2020 00:00	2440.0	2695.0	2440.0	2550.0	1425
07.10.2020 00:00	2500.0	2550.0	2480.0	2505.0	156
08.10.2020 00:00	2500.0	2530.0	2480.0	2515.0	328
09.10.2020 00:00	2475.0	2505.0	2475.0	2505.0	4
12.10.2020 00:00	2480.0	2525.0	2480.0	2500.0	35
13.10.2020 00:00	2485.0	2595.0	2420.0	2480.0	1038
14.10.2020 00:00	2410.0	2580.0	2410.0	2535.0	690
15.10.2020 00:00	2575.0	2610.0	2530.0	2575.0	762
16.10.2020 00:00	2590.0	2645.0	2545.0	2600.0	1213
19.10.2020 00:00	2645.0	2770.0	2600.0	2640.0	1325
20.10.2020 00:00	2655.0	2655.0	2525.0	2620.0	520
21.10.2020 00:00	2550.0	2700.0	2525.0	2620.0	296
22.10.2020 00:00	2585.0	2700.0	2585.0	2600.0	1051
23.10.2020 00:00	2735.0	2775.0	2600.0	2605.0	1892
26.10.2020 00:00	2620.0	2620.0	2575.0	2605.0	286
27.10.2020 00:00	2515.0	2575.0	2505.0	2505.0	338
28.10.2020 00:00	2510.0	2530.0	2455.0	2470.0	96
29.10.2020 00:00	2510.0	2510.0	2450.0	2495.0	158
30.10.2020 00:00	2505.0	2505.0	2500.0	2500.0	2
02.11.2020 00:00	2495.0	2500.0	2450.0	2490.0	182
03.11.2020 00:00	2460.0	2585.0	2460.0	2575.0	958
05.11.2020 00:00	2600.0	2600.0	2520.0	2550.0	1257
06.11.2020 00:00	2515.0	2550.0	2505.0	2510.0	440
09.11.2020 00:00	2530.0	2565.0	2500.0	2500.0	221
10.11.2020 00:00	2530.0	2535.0	2500.0	2510.0	818
11.11.2020 00:00	2505.0	2535.0	2505.0	2515.0	60
12.11.2020 00:00	2530.0	2545.0	2520.0	2545.0	409
13.11.2020 00:00	2520.0	2580.0	2520.0	2530.0	124
16.11.2020 00:00	2550.0	2600.0	2475.0	2510.0	1112
17.11.2020 00:00	2510.0	2540.0	2435.0	2470.0	542
18.11.2020 00:00	2490.0	2490.0	2470.0	2470.0	92
19.11.2020 00:00	2450.0	2465.0	2400.0	2450.0	445
20.11.2020 00:00	2485.0	2485.0	2450.0	2465.0	788
23.11.2020 00:00	2460.0	2510.0	2455.0	2510.0	1030
24.11.2020 00:00	2475.0	2600.0	2440.0	2480.0	1062
25.11.2020 00:00	2490.0	2490.0	2455.0	2465.0	161
26.11.2020 00:00	2490.0	2495.0	2475.0	2495.0	88
27.11.2020 00:00	2470.0	2530.0	2470.0	2520.0	26
30.11.2020 00:00	2550.0	2550.0	2500.0	2540.0	251
01.12.2020 00:00	2455.0	2565.0	2455.0	2540.0	18
02.12.2020 00:00	2505.0	2555.0	2505.0	2545.0	48
03.12.2020 00:00	2550.0	2550.0	2530.0	2535.0	8
04.12.2020 00:00	2530.0	2550.0	2500.0	2515.0	73
07.12.2020 00:00	2500.0	2550.0	2500.0	2550.0	579
08.12.2020 00:00	2530.0	2530.0	2500.0	2505.0	159
09.12.2020 00:00	2500.0	2525.0	2500.0	2500.0	50
10.12.2020 00:00	2510.0	2510.0	2500.0	2510.0	199
11.12.2020 00:00	2500.0	2515.0	2500.0	2500.0	80
14.12.2020 00:00	2525.0	2525.0	2500.0	2515.0	118
15.12.2020 00:00	2520.0	2540.0	2505.0	2520.0	116
16.12.2020 00:00	2525.0	2525.0	2520.0	2520.0	15
17.12.2020 00:00	2520.0	2530.0	2520.0	2525.0	126
18.12.2020 00:00	2520.0	2525.0	2500.0	2515.0	308
21.12.2020 00:00	2550.0	2550.0	2475.0	2510.0	456
22.12.2020 00:00	2510.0	2515.0	2505.0	2515.0	207
23.12.2020 00:00	2520.0	2525.0	2505.0	2515.0	351
24.12.2020 00:00	2495.0	2515.0	2495.0	2515.0	190
25.12.2020 00:00	2520.0	2520.0	2515.0	2515.0	74
28.12.2020 00:00	2520.0	2520.0	2515.0	2520.0	402
29.12.2020 00:00	2510.0	2535.0	2500.0	2530.0	92
30.12.2020 00:00	2530.0	2580.0	2530.0	2565.0	60
04.01.2021 00:00	2525.0	2695.0	2525.0	2635.0	264
05.01.2021 00:00	2665.0	2700.0	2615.0	2665.0	133
06.01.2021 00:00	2775.0	2775.0	2710.0	2720.0	151
08.01.2021 00:00	2775.0	2775.0	2660.0	2740.0	227
11.01.2021 00:00	2740.0	3000.0	2740.0	2800.0	711
12.01.2021 00:00	2735.0	2900.0	2735.0	2895.0	518
13.01.2021 00:00	2990.0	3005.0	2825.0	2870.0	594
14.01.2021 00:00	2965.0	2965.0	2865.0	2940.0	308
15.01.2021 00:00	2865.0	2980.0	2800.0	2830.0	559
18.01.2021 00:00	2895.0	2950.0	2790.0	2850.0	181
19.01.2021 00:00	2930.0	2940.0	2820.0	2930.0	48
20.01.2021 00:00	2960.0	3375.0	2850.0	3195.0	1875
21.01.2021 00:00	3300.0	3300.0	3055.0	3100.0	255
22.01.2021 00:00	2900.0	3120.0	2900.0	3060.0	112
25.01.2021 00:00	3000.0	3115.0	3000.0	3025.0	161
26.01.2021 00:00	3030.0	3100.0	3010.0	3075.0	110
27.01.2021 00:00	3060.0	3300.0	3060.0	3070.0	369
28.01.2021 00:00	3200.0	3290.0	3060.0	3200.0	1028
29.01.2021 00:00	3075.0	3200.0	3075.0	3175.0	791
01.02.2021 00:00	3105.0	3180.0	3105.0	3165.0	33
02.02.2021 00:00	3490.0	3490.0	3070.0	3200.0	1246
03.02.2021 00:00	3145.0	3285.0	3110.0	3200.0	758
04.02.2021 00:00	3150.0	3300.0	3150.0	3275.0	237
05.02.2021 00:00	3300.0	3300.0	3210.0	3260.0	263
08.02.2021 00:00	3225.0	3270.0	3135.0	3225.0	75
09.02.2021 00:00	3230.0	3235.0	3165.0	3220.0	26
10.02.2021 00:00	3245.0	3285.0	3155.0	3285.0	90
11.02.2021 00:00	3290.0	3290.0	3175.0	3230.0	333
12.02.2021 00:00	3210.0	3280.0	3100.0	3250.0	593
15.02.2021 00:00	3285.0	3320.0	3235.0	3280.0	109
16.02.2021 00:00	3160.0	3285.0	3155.0	3200.0	95
17.02.2021 00:00	3295.0	3295.0	3140.0	3195.0	241
18.02.2021 00:00	3160.0	3240.0	3000.0	3180.0	792
19.02.2021 00:00	3050.0	3215.0	3050.0	3180.0	141
20.02.2021 00:00	3200.0	3200.0	3125.0	3165.0	156
22.02.2021 00:00	3210.0	3210.0	3150.0	3200.0	218
24.02.2021 00:00	3195.0	3200.0	3195.0	3200.0	65
25.02.2021 00:00	3165.0	3310.0	3165.0	3290.0	259
26.02.2021 00:00	3205.0	3395.0	3205.0	3330.0	217
01.03.2021 00:00	3350.0	3450.0	3205.0	3300.0	149
02.03.2021 00:00	3320.0	3355.0	3205.0	3355.0	199
03.03.2021 00:00	3080.0	3500.0	3080.0	3355.0	191
04.03.2021 00:00	3285.0	3470.0	3280.0	3340.0	194
05.03.2021 00:00	3345.0	3400.0	3250.0	3250.0	423
09.03.2021 00:00	3245.0	3310.0	3235.0	3310.0	130
10.03.2021 00:00	3310.0	3400.0	3305.0	3390.0	51
11.03.2021 00:00	3350.0	3350.0	3350.0	3350.0	12
12.03.2021 00:00	3250.0	3380.0	3250.0	3295.0	49
15.03.2021 00:00	3320.0	3325.0	3285.0	3285.0	117
16.03.2021 00:00	3255.0	3320.0	3255.0	3315.0	121
17.03.2021 00:00	3320.0	3330.0	3265.0	3320.0	91
18.03.2021 00:00	3325.0	3350.0	3290.0	3290.0	69
19.03.2021 00:00	3300.0	3335.0	3255.0	3300.0	835
22.03.2021 00:00	3300.0	3310.0	3255.0	3255.0	74
23.03.2021 00:00	3240.0	3280.0	3225.0	3260.0	143
24.03.2021 00:00	3240.0	3275.0	3220.0	3240.0	216
25.03.2021 00:00	3230.0	3260.0	3160.0	3215.0	71
26.03.2021 00:00	3215.0	3230.0	3160.0	3225.0	106
29.03.2021 00:00	3275.0	3275.0	3205.0	3205.0	35
30.03.2021 00:00	3255.0	3295.0	3205.0	3225.0	64
31.03.2021 00:00	3350.0	3350.0	3075.0	3230.0	130
01.04.2021 00:00	3205.0	4045.0	3205.0	3690.0	9593
02.04.2021 00:00	3700.0	3975.0	3690.0	3790.0	4133
05.04.2021 00:00	3810.0	3890.0	3695.0	3750.0	1783
06.04.2021 00:00	3765.0	3800.0	3615.0	3680.0	961
07.04.2021 00:00	3740.0	3740.0	3580.0	3655.0	1527
08.04.2021 00:00	3660.0	3745.0	3650.0	3700.0	759
09.04.2021 00:00	3700.0	3700.0	3655.0	3660.0	312
12.04.2021 00:00	3700.0	3705.0	3590.0	3600.0	993
13.04.2021 00:00	3635.0	3635.0	3570.0	3575.0	772
14.04.2021 00:00	3670.0	3750.0	3595.0	3670.0	1356
15.04.2021 00:00	3690.0	3710.0	3635.0	3635.0	364
16.04.2021 00:00	3695.0	3695.0	3545.0	3630.0	492
19.04.2021 00:00	3610.0	3685.0	3530.0	3570.0	458
20.04.2021 00:00	3590.0	3680.0	3590.0	3635.0	671
21.04.2021 00:00	3655.0	3680.0	3605.0	3635.0	152
22.04.2021 00:00	3635.0	3690.0	3580.0	3620.0	152
23.04.2021 00:00	3645.0	3675.0	3585.0	3650.0	131
26.04.2021 00:00	3675.0	3700.0	3585.0	3665.0	810
27.04.2021 00:00	3695.0	3700.0	3640.0	3650.0	460
28.04.2021 00:00	3695.0	3695.0	3600.0	3625.0	239
29.04.2021 00:00	3650.0	4140.0	3620.0	3760.0	7930
30.04.2021 00:00	3755.0	3950.0	3655.0	3730.0	1652
04.05.2021 00:00	3730.0	3760.0	3655.0	3700.0	454
05.05.2021 00:00	3720.0	3765.0	3665.0	3720.0	482
06.05.2021 00:00	3700.0	3760.0	3675.0	3700.0	375
07.05.2021 00:00	3695.0	3735.0	3650.0	3695.0	566
10.05.2021 00:00	3695.0	3800.0	3660.0	3685.0	241
11.05.2021 00:00	3750.0	3760.0	3665.0	3680.0	465
12.05.2021 00:00	3725.0	3785.0	3670.0	3700.0	345
13.05.2021 00:00	3720.0	3735.0	3650.0	3680.0	218
14.05.2021 00:00	3685.0	3700.0	3675.0	3680.0	106
17.05.2021 00:00	3690.0	3715.0	3655.0	3685.0	479
18.05.2021 00:00	3685.0	3740.0	3670.0	3700.0	1272
19.05.2021 00:00	3700.0	3700.0	3360.0	3590.0	2589
20.05.2021 00:00	3690.0	3690.0	3550.0	3580.0	258
21.05.2021 00:00	3570.0	3650.0	3560.0	3650.0	214
24.05.2021 00:00	3575.0	3645.0	3565.0	3600.0	247
25.05.2021 00:00	3645.0	3645.0	3570.0	3635.0	277
26.05.2021 00:00	3620.0	3635.0	3600.0	3630.0	198
27.05.2021 00:00	3685.0	3690.0	3600.0	3600.0	181
28.05.2021 00:00	3600.0	3655.0	3600.0	3645.0	114
31.05.2021 00:00	3650.0	3730.0	3620.0	3655.0	956
01.06.2021 00:00	3685.0	3850.0	3665.0	3735.0	908
02.06.2021 00:00	3630.0	3730.0	3615.0	3700.0	375
03.06.2021 00:00	3740.0	3755.0	3690.0	3750.0	250
04.06.2021 00:00	3700.0	3750.0	3685.0	3740.0	399
07.06.2021 00:00	3740.0	4070.0	3725.0	4035.0	3027
08.06.2021 00:00	4045.0	4795.0	4010.0	4155.0	8541
09.06.2021 00:00	4220.0	4220.0	3965.0	4135.0	1738
10.06.2021 00:00	4155.0	4260.0	4070.0	4155.0	498
11.06.2021 00:00	4200.0	4250.0	3990.0	4135.0	479
14.06.2021 00:00	4160.0	4350.0	4000.0	4070.0	399
15.06.2021 00:00	4095.0	4125.0	4005.0	4035.0	229
16.06.2021 00:00	4040.0	4300.0	4025.0	4065.0	461
17.06.2021 00:00	4100.0	4155.0	4070.0	4100.0	228
18.06.2021 00:00	4080.0	4250.0	4060.0	4150.0	687
21.06.2021 00:00	4100.0	4200.0	4100.0	4145.0	120
22.06.2021 00:00	4140.0	4225.0	4105.0	4165.0	127
23.06.2021 00:00	4155.0	4190.0	4045.0	4060.0	296
24.06.2021 00:00	4075.0	4120.0	4070.0	4095.0	226
25.06.2021 00:00	4095.0	4120.0	4040.0	4095.0	264
28.06.2021 00:00	4050.0	4110.0	4010.0	4055.0	401
29.06.2021 00:00	4025.0	4120.0	4020.0	4035.0	128
30.06.2021 00:00	4040.0	4125.0	3910.0	4045.0	420
01.07.2021 00:00	4140.0	4445.0	3995.0	4100.0	974
02.07.2021 00:00	4190.0	4340.0	4100.0	4150.0	150
05.07.2021 00:00	4175.0	4200.0	4100.0	4140.0	91
06.07.2021 00:00	4045.0	4175.0	4045.0	4045.0	307
07.07.2021 00:00	4070.0	4135.0	4050.0	4095.0	124
08.07.2021 00:00	4100.0	4145.0	3940.0	4060.0	582
09.07.2021 00:00	4085.0	4100.0	4065.0	4065.0	24
12.07.2021 00:00	4140.0	4140.0	4015.0	4065.0	161
13.07.2021 00:00	4100.0	4105.0	4070.0	4075.0	88
14.07.2021 00:00	4105.0	4145.0	4020.0	4070.0	72
15.07.2021 00:00	4070.0	4070.0	4000.0	4005.0	212
16.07.2021 00:00	4080.0	4080.0	4000.0	4000.0	305
19.07.2021 00:00	4010.0	4070.0	3945.0	3950.0	100
20.07.2021 00:00	3995.0	4090.0	3940.0	4020.0	258
21.07.2021 00:00	4090.0	4090.0	3895.0	4035.0	61
22.07.2021 00:00	3850.0	4030.0	3800.0	4030.0	57
23.07.2021 00:00	3960.0	4085.0	3960.0	4085.0	154
26.07.2021 00:00	4090.0	4090.0	4000.0	4060.0	122
27.07.2021 00:00	3950.0	4050.0	3950.0	4045.0	78
28.07.2021 00:00	4040.0	4075.0	4020.0	4060.0	183
29.07.2021 00:00	4150.0	4600.0	4000.0	4050.0	199
30.07.2021 00:00	4045.0	4060.0	4005.0	4040.0	265
02.08.2021 00:00	4020.0	4295.0	4015.0	4205.0	463
03.08.2021 00:00	4070.0	4200.0	4050.0	4090.0	688
04.08.2021 00:00	4085.0	4390.0	4045.0	4130.0	265
05.08.2021 00:00	4155.0	4155.0	4060.0	4105.0	51
06.08.2021 00:00	4130.0	4235.0	4110.0	4190.0	165
09.08.2021 00:00	4245.0	4245.0	4150.0	4195.0	65
10.08.2021 00:00	4165.0	4440.0	4165.0	4200.0	383
11.08.2021 00:00	4550.0	4600.0	4250.0	4475.0	869
12.08.2021 00:00	4800.0	4800.0	4370.0	4400.0	1250
13.08.2021 00:00	4435.0	4450.0	4365.0	4445.0	89
16.08.2021 00:00	4445.0	4445.0	4355.0	4360.0	209
17.08.2021 00:00	4380.0	4400.0	4305.0	4390.0	121
18.08.2021 00:00	4275.0	4395.0	4125.0	4260.0	1049
19.08.2021 00:00	4225.0	4370.0	4215.0	4255.0	181
20.08.2021 00:00	4490.0	4490.0	4210.0	4285.0	442
23.08.2021 00:00	4445.0	4450.0	4285.0	4295.0	210
24.08.2021 00:00	4230.0	4310.0	4230.0	4255.0	255
25.08.2021 00:00	4320.0	4350.0	4255.0	4305.0	123
26.08.2021 00:00	4345.0	4345.0	4300.0	4340.0	92
27.08.2021 00:00	4315.0	4540.0	4225.0	4360.0	413
30.08.2021 00:00	4450.0	4455.0	4120.0	4270.0	748
31.08.2021 00:00	4305.0	4305.0	4190.0	4195.0	1154
01.09.2021 00:00	4195.0	4275.0	4180.0	4245.0	225
02.09.2021 00:00	4210.0	4395.0	4205.0	4210.0	557
03.09.2021 00:00	4205.0	4400.0	4200.0	4220.0	534
06.09.2021 00:00	4245.0	4315.0	4150.0	4275.0	405
07.09.2021 00:00	4290.0	4310.0	4180.0	4200.0	1370
08.09.2021 00:00	4185.0	4285.0	4170.0	4225.0	223
09.09.2021 00:00	4200.0	4295.0	4150.0	4260.0	816
10.09.2021 00:00	4260.0	4275.0	4165.0	4225.0	204
13.09.2021 00:00	4200.0	4315.0	4150.0	4225.0	789
14.09.2021 00:00	4220.0	4280.0	4150.0	4230.0	330
15.09.2021 00:00	4200.0	4270.0	4200.0	4245.0	99
16.09.2021 00:00	4245.0	4245.0	4200.0	4205.0	125
17.09.2021 00:00	4390.0	4390.0	4190.0	4230.0	125
20.09.2021 00:00	4230.0	4255.0	4110.0	4185.0	386
21.09.2021 00:00	4150.0	4220.0	4120.0	4155.0	135
22.09.2021 00:00	4185.0	4295.0	4135.0	4240.0	118
23.09.2021 00:00	4260.0	4260.0	4220.0	4245.0	1060
24.09.2021 00:00	4280.0	4285.0	4230.0	4260.0	425
27.09.2021 00:00	4315.0	4320.0	4230.0	4255.0	196
28.09.2021 00:00	4240.0	4300.0	4240.0	4240.0	388
29.09.2021 00:00	4225.0	4275.0	4225.0	4245.0	130
30.09.2021 00:00	4225.0	4260.0	4160.0	4230.0	222
01.10.2021 00:00	4235.0	4235.0	4165.0	4175.0	160
04.10.2021 00:00	4215.0	4345.0	4100.0	4255.0	398
05.10.2021 00:00	4555.0	4555.0	4200.0	4225.0	346
06.10.2021 00:00	4235.0	4300.0	4220.0	4240.0	336
07.10.2021 00:00	4170.0	4245.0	4170.0	4230.0	161
08.10.2021 00:00	4225.0	4295.0	4215.0	4265.0	137
11.10.2021 00:00	4205.0	4275.0	4205.0	4245.0	166
12.10.2021 00:00	4245.0	4275.0	4230.0	4235.0	67
13.10.2021 00:00	4240.0	4285.0	4205.0	4250.0	160
14.10.2021 00:00	4180.0	4390.0	4180.0	4240.0	299
15.10.2021 00:00	4235.0	4265.0	4200.0	4250.0	139
18.10.2021 00:00	4285.0	4285.0	4240.0	4240.0	730
19.10.2021 00:00	4250.0	4265.0	4210.0	4225.0	145
20.10.2021 00:00	4240.0	4265.0	4210.0	4260.0	62
21.10.2021 00:00	4265.0	4385.0	4230.0	4240.0	111
22.10.2021 00:00	4235.0	4265.0	4225.0	4225.0	120
25.10.2021 00:00	4270.0	4270.0	4215.0	4220.0	100
26.10.2021 00:00	4230.0	4250.0	4165.0	4215.0	953
27.10.2021 00:00	4215.0	4295.0	4150.0	4190.0	362
28.10.2021 00:00	4195.0	4195.0	4100.0	4145.0	602
29.10.2021 00:00	4185.0	4240.0	4100.0	4110.0	308
01.11.2021 00:00	4140.0	4185.0	4100.0	4150.0	88
02.11.2021 00:00	4145.0	4225.0	3855.0	4155.0	558
03.11.2021 00:00	4210.0	4210.0	4040.0	4125.0	405
05.11.2021 00:00	4110.0	4175.0	4095.0	4100.0	380
08.11.2021 00:00	4130.0	4145.0	4095.0	4125.0	223
09.11.2021 00:00	4140.0	4235.0	4135.0	4185.0	180
10.11.2021 00:00	4135.0	4170.0	4105.0	4160.0	224
11.11.2021 00:00	4130.0	4175.0	4125.0	4160.0	75
12.11.2021 00:00	4185.0	4220.0	4090.0	4220.0	286
15.11.2021 00:00	4240.0	4240.0	4170.0	4195.0	117
16.11.2021 00:00	4220.0	4220.0	4175.0	4195.0	41
17.11.2021 00:00	4175.0	4195.0	4100.0	4130.0	359
18.11.2021 00:00	4130.0	4130.0	3995.0	4020.0	312
19.11.2021 00:00	4020.0	4070.0	3925.0	3985.0	683
22.11.2021 00:00	4000.0	4000.0	3740.0	3895.0	1022
23.11.2021 00:00	3880.0	4085.0	3795.0	3990.0	457
24.11.2021 00:00	4040.0	4060.0	3905.0	4010.0	129
25.11.2021 00:00	3960.0	4125.0	3960.0	4030.0	630
26.11.2021 00:00	3985.0	3985.0	3800.0	3810.0	219
29.11.2021 00:00	3830.0	3980.0	3820.0	3845.0	177
30.11.2021 00:00	3830.0	3900.0	3815.0	3870.0	129
01.12.2021 00:00	3895.0	3995.0	3890.0	3920.0	101
02.12.2021 00:00	3935.0	4005.0	3820.0	3960.0	565
03.12.2021 00:00	3975.0	3975.0	3805.0	3855.0	153
06.12.2021 00:00	3890.0	4005.0	3805.0	3910.0	249
07.12.2021 00:00	4260.0	4260.0	3900.0	3905.0	121
08.12.2021 00:00	3995.0	4000.0	3900.0	3925.0	62
09.12.2021 00:00	3970.0	4030.0	3915.0	3950.0	15
10.12.2021 00:00	3950.0	3990.0	3900.0	3910.0	62
13.12.2021 00:00	3920.0	3920.0	3600.0	3740.0	634
14.12.2021 00:00	3700.0	3835.0	3690.0	3790.0	258
15.12.2021 00:00	3830.0	3895.0	3830.0	3840.0	162
16.12.2021 00:00	3805.0	4040.0	3805.0	3965.0	182
17.12.2021 00:00	3910.0	3975.0	3900.0	3965.0	55
20.12.2021 00:00	3955.0	3955.0	3760.0	3850.0	330
21.12.2021 00:00	3865.0	3920.0	3855.0	3900.0	36
22.12.2021 00:00	3905.0	3910.0	3810.0	3870.0	64
23.12.2021 00:00	3935.0	3935.0	3885.0	3915.0	38
24.12.2021 00:00	3940.0	3945.0	3870.0	3930.0	15
27.12.2021 00:00	3850.0	3935.0	3830.0	3935.0	145
28.12.2021 00:00	3935.0	4650.0	3910.0	4200.0	2261
29.12.2021 00:00	4035.0	4125.0	3960.0	4025.0	927
30.12.2021 00:00	4005.0	4080.0	3900.0	4010.0	281
03.01.2022 00:00	4060.0	4225.0	4060.0	4150.0	121
04.01.2022 00:00	4215.0	4215.0	4040.0	4170.0	171
05.01.2022 00:00	4100.0	4155.0	4075.0	4145.0	137
06.01.2022 00:00	4090.0	4145.0	4075.0	4105.0	27
10.01.2022 00:00	4095.0	4195.0	4030.0	4040.0	808
11.01.2022 00:00	4080.0	4400.0	4080.0	4360.0	1719
12.01.2022 00:00	4495.0	4770.0	4360.0	4600.0	1145
13.01.2022 00:00	4595.0	4780.0	4535.0	4625.0	1128
14.01.2022 00:00	4615.0	4725.0	4360.0	4570.0	1191
17.01.2022 00:00	4670.0	4775.0	4470.0	4595.0	592
18.01.2022 00:00	4635.0	4635.0	4270.0	4300.0	685
19.01.2022 00:00	4250.0	4435.0	4245.0	4410.0	932
20.01.2022 00:00	4800.0	4800.0	4400.0	4430.0	746
21.01.2022 00:00	4595.0	4615.0	4445.0	4565.0	325
24.01.2022 00:00	4575.0	4575.0	4100.0	4295.0	940
25.01.2022 00:00	4295.0	4295.0	4105.0	4150.0	387
26.01.2022 00:00	4150.0	4440.0	4150.0	4415.0	318
27.01.2022 00:00	4315.0	4435.0	4270.0	4345.0	242
28.01.2022 00:00	4625.0	4625.0	4295.0	4380.0	84
31.01.2022 00:00	4590.0	4590.0	4200.0	4330.0	260
01.02.2022 00:00	4295.0	4400.0	4265.0	4325.0	152
02.02.2022 00:00	4305.0	4400.0	4260.0	4400.0	157
03.02.2022 00:00	4315.0	4375.0	4290.0	4300.0	59
04.02.2022 00:00	4400.0	4400.0	4280.0	4280.0	187
07.02.2022 00:00	4345.0	4380.0	4260.0	4360.0	892
08.02.2022 00:00	4385.0	4425.0	4310.0	4400.0	261
09.02.2022 00:00	4385.0	4535.0	4225.0	4425.0	348
10.02.2022 00:00	4435.0	4490.0	4250.0	4450.0	527
11.02.2022 00:00	4315.0	4445.0	4315.0	4440.0	116
14.02.2022 00:00	4545.0	4545.0	4210.0	4360.0	150
15.02.2022 00:00	4315.0	4400.0	4260.0	4400.0	426
16.02.2022 00:00	4390.0	4400.0	4280.0	4325.0	889
17.02.2022 00:00	4375.0	4375.0	4250.0	4305.0	101
18.02.2022 00:00	4275.0	4350.0	4200.0	4220.0	491
21.02.2022 00:00	4350.0	4350.0	3705.0	3810.0	1078
22.02.2022 00:00	3810.0	4000.0	3430.0	4000.0	772
24.02.2022 00:00	3600.0	3600.0	2395.0	2450.0	3761
25.02.2022 00:00	2755.0	3475.0	2755.0	3090.0	976
28.03.2022 00:00	2800.0	2900.0	2500.0	2845.0	820
29.03.2022 00:00	2990.0	3000.0	2660.0	2780.0	735
30.03.2022 00:00	2990.0	3290.0	2805.0	2935.0	481
31.03.2022 00:00	3050.0	3195.0	2905.0	3105.0	941
01.04.2022 00:00	3125.0	3220.0	3015.0	3110.0	1560
04.04.2022 00:00	3185.0	3330.0	3095.0	3200.0	1014
05.04.2022 00:00	3290.0	3290.0	3125.0	3185.0	584
06.04.2022 00:00	3175.0	3200.0	3100.0	3105.0	476
07.04.2022 00:00	3160.0	3195.0	3000.0	3080.0	1365
08.04.2022 00:00	3135.0	3135.0	2850.0	2930.0	1841
11.04.2022 00:00	2900.0	3050.0	2880.0	2990.0	257
12.04.2022 00:00	2920.0	2990.0	2885.0	2945.0	1297
13.04.2022 00:00	2950.0	3055.0	2950.0	3005.0	972
14.04.2022 00:00	3025.0	3050.0	2975.0	3015.0	686
15.04.2022 00:00	2990.0	3030.0	2950.0	3000.0	184
18.04.2022 00:00	3005.0	3065.0	2985.0	2985.0	994
19.04.2022 00:00	2970.0	3000.0	2900.0	2990.0	346
20.04.2022 00:00	2985.0	3040.0	2985.0	3005.0	258
21.04.2022 00:00	3050.0	3050.0	2955.0	2955.0	490
22.04.2022 00:00	3010.0	3020.0	2935.0	3000.0	346
25.04.2022 00:00	3000.0	3000.0	2955.0	2960.0	71
26.04.2022 00:00	2970.0	3000.0	2960.0	2975.0	223
27.04.2022 00:00	2980.0	3030.0	2955.0	2970.0	857
28.04.2022 00:00	3005.0	3030.0	2965.0	3025.0	390
29.04.2022 00:00	3025.0	3050.0	2975.0	3000.0	686
04.05.2022 00:00	2985.0	3015.0	2900.0	2990.0	1237
05.05.2022 00:00	2955.0	3000.0	2900.0	2950.0	226
06.05.2022 00:00	2960.0	2970.0	2920.0	2950.0	142
11.05.2022 00:00	2975.0	2975.0	2915.0	2935.0	873
12.05.2022 00:00	2950.0	2950.0	2850.0	2900.0	272
13.05.2022 00:00	2945.0	2945.0	2870.0	2880.0	102
16.05.2022 00:00	2935.0	2970.0	2860.0	2915.0	165
17.05.2022 00:00	2940.0	3000.0	2885.0	2950.0	382
18.05.2022 00:00	2985.0	2985.0	2920.0	2920.0	363
19.05.2022 00:00	2955.0	2980.0	2885.0	2950.0	247
20.05.2022 00:00	2935.0	2965.0	2910.0	2965.0	74
23.05.2022 00:00	2970.0	3000.0	2930.0	2975.0	803
24.05.2022 00:00	2980.0	3000.0	2850.0	2915.0	230
25.05.2022 00:00	2955.0	2980.0	2880.0	2950.0	412
26.05.2022 00:00	2940.0	3030.0	2870.0	2955.0	1189
27.05.2022 00:00	2960.0	3155.0	2960.0	3040.0	483
30.05.2022 00:00	3045.0	3100.0	2965.0	2965.0	258
31.05.2022 00:00	2970.0	3100.0	2960.0	3030.0	403
01.06.2022 00:00	3045.0	3975.0	3040.0	3330.0	2831
02.06.2022 00:00	3335.0	3435.0	3150.0	3295.0	473
03.06.2022 00:00	3315.0	3350.0	3160.0	3190.0	222
06.06.2022 00:00	3210.0	3240.0	3130.0	3240.0	129
07.06.2022 00:00	3260.0	3260.0	3105.0	3155.0	366
08.06.2022 00:00	3135.0	3210.0	3065.0	3205.0	189
09.06.2022 00:00	3215.0	3280.0	3180.0	3200.0	55
10.06.2022 00:00	3155.0	3240.0	3145.0	3200.0	121
14.06.2022 00:00	3130.0	3165.0	3075.0	3150.0	110
15.06.2022 00:00	3150.0	3190.0	3130.0	3130.0	80
16.06.2022 00:00	3180.0	3180.0	3125.0	3125.0	42
17.06.2022 00:00	3140.0	3180.0	3110.0	3110.0	282
20.06.2022 00:00	3105.0	3230.0	3105.0	3200.0	336
21.06.2022 00:00	3195.0	3205.0	3105.0	3170.0	395
22.06.2022 00:00	3170.0	3170.0	3000.0	3135.0	248
23.06.2022 00:00	3085.0	3100.0	3055.0	3095.0	271
24.06.2022 00:00	3090.0	3145.0	3080.0	3145.0	233
27.06.2022 00:00	3135.0	3145.0	3100.0	3100.0	143
28.06.2022 00:00	3100.0	3135.0	3015.0	3045.0	185
29.06.2022 00:00	3045.0	3075.0	2885.0	2970.0	382
30.06.2022 00:00	3000.0	3000.0	2460.0	2930.0	1462
01.07.2022 00:00	2940.0	3025.0	2830.0	2920.0	505
04.07.2022 00:00	2965.0	3095.0	2925.0	3010.0	640
05.07.2022 00:00	3010.0	3010.0	2895.0	2950.0	225
06.07.2022 00:00	2955.0	3005.0	2920.0	2985.0	507
07.07.2022 00:00	2925.0	2995.0	2790.0	2900.0	997
08.07.2022 00:00	2940.0	2945.0	2845.0	2945.0	673
11.07.2022 00:00	2945.0	2945.0	2815.0	2905.0	573
12.07.2022 00:00	2935.0	2940.0	2765.0	2835.0	357
13.07.2022 00:00	2840.0	2855.0	2800.0	2800.0	134
14.07.2022 00:00	2790.0	2850.0	2700.0	2770.0	198
15.07.2022 00:00	2750.0	2845.0	2735.0	2845.0	82
18.07.2022 00:00	2845.0	2900.0	2815.0	2820.0	480
19.07.2022 00:00	2830.0	2860.0	2800.0	2820.0	56
20.07.2022 00:00	2835.0	2835.0	2800.0	2815.0	326
21.07.2022 00:00	2800.0	2810.0	2790.0	2790.0	24
22.07.2022 00:00	2790.0	2850.0	2785.0	2835.0	215
25.07.2022 00:00	2780.0	2850.0	2745.0	2845.0	807
26.07.2022 00:00	2770.0	2850.0	2750.0	2760.0	456
27.07.2022 00:00	2700.0	2845.0	2585.0	2715.0	3485
28.07.2022 00:00	2675.0	2760.0	2640.0	2715.0	677
29.07.2022 00:00	2685.0	2775.0	2655.0	2695.0	642
01.08.2022 00:00	2695.0	2740.0	2625.0	2640.0	295
02.08.2022 00:00	2640.0	2640.0	2520.0	2585.0	974
03.08.2022 00:00	2600.0	2600.0	2425.0	2540.0	938
04.08.2022 00:00	2535.0	2545.0	2410.0	2430.0	367
05.08.2022 00:00	2435.0	2435.0	2300.0	2345.0	1023
08.08.2022 00:00	2425.0	2470.0	2345.0	2430.0	377
09.08.2022 00:00	2460.0	2460.0	2395.0	2420.0	341
10.08.2022 00:00	2415.0	2470.0	2410.0	2470.0	189
11.08.2022 00:00	2470.0	2505.0	2460.0	2505.0	260
12.08.2022 00:00	2515.0	2550.0	2425.0	2480.0	245
15.08.2022 00:00	2480.0	2525.0	2400.0	2500.0	392
16.08.2022 00:00	2475.0	2510.0	2430.0	2475.0	363
17.08.2022 00:00	2475.0	2475.0	2365.0	2435.0	403
18.08.2022 00:00	2430.0	2465.0	2400.0	2450.0	271
19.08.2022 00:00	2425.0	2450.0	2400.0	2415.0	684
22.08.2022 00:00	2400.0	2425.0	2395.0	2425.0	151
23.08.2022 00:00	2420.0	2450.0	2400.0	2450.0	241
24.08.2022 00:00	2450.0	2480.0	2375.0	2450.0	207
25.08.2022 00:00	2445.0	2475.0	2405.0	2435.0	374
26.08.2022 00:00	2455.0	2485.0	2405.0	2435.0	235
29.08.2022 00:00	2455.0	2555.0	2375.0	2540.0	1064
30.08.2022 00:00	2525.0	2530.0	2425.0	2500.0	617
31.08.2022 00:00	2485.0	2565.0	2425.0	2560.0	603
01.09.2022 00:00	2515.0	2565.0	2500.0	2520.0	300
02.09.2022 00:00	2515.0	2750.0	2465.0	2645.0	1347
05.09.2022 00:00	2640.0	2685.0	2610.0	2670.0	287
06.09.2022 00:00	2650.0	2650.0	2465.0	2540.0	4826
07.09.2022 00:00	2540.0	2575.0	2490.0	2525.0	271
08.09.2022 00:00	2555.0	2560.0	2500.0	2500.0	289
09.09.2022 00:00	2550.0	2550.0	2485.0	2520.0	288
12.09.2022 00:00	2505.0	2535.0	2450.0	2500.0	760
13.09.2022 00:00	2505.0	2510.0	2480.0	2500.0	351
14.09.2022 00:00	2510.0	2510.0	2430.0	2450.0	517
15.09.2022 00:00	2460.0	2470.0	2420.0	2455.0	491
16.09.2022 00:00	2465.0	2465.0	2380.0	2425.0	453
19.09.2022 00:00	2440.0	2455.0	2390.0	2420.0	234
20.09.2022 00:00	2410.0	2450.0	2195.0	2250.0	1306
21.09.2022 00:00	2175.0	2225.0	2000.0	2190.0	1071
22.09.2022 00:00	2225.0	2285.0	2100.0	2165.0	419
23.09.2022 00:00	2140.0	2220.0	2065.0	2070.0	595
26.09.2022 00:00	2115.0	2120.0	1800.0	1915.0	1598
27.09.2022 00:00	1815.0	1955.0	1815.0	1885.0	802
28.09.2022 00:00	1885.0	1890.0	1760.0	1835.0	653
29.09.2022 00:00	1845.0	1865.0	1645.0	1755.0	641
30.09.2022 00:00	1745.0	1845.0	1745.0	1800.0	480
03.10.2022 00:00	1805.0	1820.0	1785.0	1805.0	251
04.10.2022 00:00	1855.0	1965.0	1795.0	1850.0	866
05.10.2022 00:00	1865.0	1865.0	1735.0	1805.0	399
06.10.2022 00:00	1830.0	1845.0	1775.0	1790.0	289
07.10.2022 00:00	1790.0	1810.0	1775.0	1780.0	247
10.10.2022 00:00	1765.0	1770.0	1690.0	1770.0	430
11.10.2022 00:00	1795.0	1850.0	1750.0	1845.0	332
12.10.2022 00:00	1840.0	2095.0	1840.0	1945.0	1011
13.10.2022 00:00	1890.0	1945.0	1845.0	1920.0	403
14.10.2022 00:00	1975.0	1990.0	1910.0	1920.0	140
17.10.2022 00:00	1910.0	1975.0	1910.0	1930.0	275
18.10.2022 00:00	1960.0	2065.0	1960.0	1990.0	557
19.10.2022 00:00	2100.0	2105.0	1875.0	1910.0	255
20.10.2022 00:00	1920.0	1950.0	1900.0	1935.0	76
21.10.2022 00:00	1990.0	1990.0	1860.0	1925.0	315
24.10.2022 00:00	1920.0	1945.0	1900.0	1900.0	153
25.10.2022 00:00	1920.0	1980.0	1900.0	1930.0	471
26.10.2022 00:00	1940.0	1975.0	1920.0	1965.0	479
27.10.2022 00:00	1955.0	2150.0	1925.0	2000.0	1158
28.10.2022 00:00	2020.0	2065.0	1940.0	2025.0	473
31.10.2022 00:00	2025.0	2040.0	1970.0	2015.0	515
01.11.2022 00:00	2035.0	2035.0	1950.0	1995.0	476
02.11.2022 00:00	2000.0	2005.0	1940.0	1960.0	212
03.11.2022 00:00	1960.0	1975.0	1940.0	1950.0	223
07.11.2022 00:00	1940.0	2000.0	1895.0	1965.0	138
08.11.2022 00:00	1960.0	1970.0	1925.0	1930.0	399
09.11.2022 00:00	1915.0	1955.0	1915.0	1920.0	230
10.11.2022 00:00	1930.0	1930.0	1910.0	1925.0	202
11.11.2022 00:00	1915.0	1950.0	1905.0	1915.0	269
14.11.2022 00:00	1875.0	1940.0	1875.0	1940.0	539
15.11.2022 00:00	1955.0	1985.0	1905.0	1915.0	287
16.11.2022 00:00	1895.0	1920.0	1890.0	1915.0	425
17.11.2022 00:00	1960.0	1960.0	1870.0	1920.0	114
18.11.2022 00:00	1915.0	1930.0	1890.0	1915.0	232
21.11.2022 00:00	1915.0	1915.0	1830.0	1870.0	348
22.11.2022 00:00	1880.0	1905.0	1875.0	1880.0	364
23.11.2022 00:00	1855.0	1930.0	1810.0	1910.0	673
24.11.2022 00:00	1900.0	1935.0	1900.0	1915.0	188
25.11.2022 00:00	1905.0	1925.0	1900.0	1900.0	363
28.11.2022 00:00	1915.0	1915.0	1895.0	1905.0	242
29.11.2022 00:00	1910.0	1925.0	1900.0	1900.0	61
30.11.2022 00:00	1915.0	1940.0	1905.0	1925.0	167
01.12.2022 00:00	1920.0	1925.0	1900.0	1915.0	281
02.12.2022 00:00	1930.0	1930.0	1910.0	1915.0	119
05.12.2022 00:00	1920.0	1950.0	1920.0	1940.0	779
06.12.2022 00:00	1950.0	1960.0	1920.0	1935.0	766
07.12.2022 00:00	1955.0	1960.0	1925.0	1960.0	1401
08.12.2022 00:00	1960.0	1980.0	1945.0	1970.0	1061
09.12.2022 00:00	1970.0	1970.0	1950.0	1950.0	230
12.12.2022 00:00	1950.0	2000.0	1950.0	1965.0	464
13.12.2022 00:00	1965.0	2055.0	1950.0	1995.0	1098
14.12.2022 00:00	2000.0	2010.0	1985.0	2005.0	110
15.12.2022 00:00	2015.0	2015.0	1960.0	2015.0	227
16.12.2022 00:00	2010.0	2030.0	1985.0	2025.0	118
19.12.2022 00:00	2025.0	2100.0	1950.0	2040.0	625
20.12.2022 00:00	1990.0	2050.0	1990.0	2015.0	55
21.12.2022 00:00	2015.0	2050.0	2000.0	2050.0	292
22.12.2022 00:00	2050.0	2495.0	2030.0	2050.0	3192
23.12.2022 00:00	2105.0	2165.0	2050.0	2085.0	279
26.12.2022 00:00	2065.0	2165.0	2005.0	2125.0	201
27.12.2022 00:00	2145.0	2150.0	2085.0	2135.0	106
28.12.2022 00:00	2135.0	2170.0	2100.0	2150.0	154
29.12.2022 00:00	2165.0	2170.0	2110.0	2135.0	199
30.12.2022 00:00	2140.0	2140.0	2050.0	2100.0	222
03.01.2023 00:00	2125.0	2250.0	2095.0	2155.0	274
04.01.2023 00:00	2160.0	2315.0	2140.0	2220.0	655
05.01.2023 00:00	2260.0	2300.0	2165.0	2205.0	447
06.01.2023 00:00	2250.0	2260.0	2160.0	2200.0	327
09.01.2023 00:00	2200.0	2230.0	2175.0	2195.0	317
10.01.2023 00:00	2180.0	2200.0	2130.0	2200.0	555
11.01.2023 00:00	2155.0	2180.0	2150.0	2175.0	274
12.01.2023 00:00	2255.0	2300.0	2150.0	2170.0	393
13.01.2023 00:00	2205.0	2215.0	2170.0	2190.0	242
16.01.2023 00:00	2205.0	2250.0	2170.0	2225.0	303
17.01.2023 00:00	2280.0	2410.0	2175.0	2210.0	1450
18.01.2023 00:00	2205.0	2310.0	2150.0	2180.0	949
19.01.2023 00:00	2200.0	2200.0	2120.0	2145.0	343
20.01.2023 00:00	2145.0	2150.0	2120.0	2150.0	251
23.01.2023 00:00	2150.0	2200.0	2150.0	2200.0	179
24.01.2023 00:00	2190.0	2245.0	2170.0	2210.0	238
25.01.2023 00:00	2195.0	2205.0	2170.0	2180.0	120
26.01.2023 00:00	2190.0	2215.0	2165.0	2200.0	1442
27.01.2023 00:00	2200.0	2245.0	2160.0	2205.0	238
30.01.2023 00:00	2205.0	2250.0	2175.0	2210.0	569
31.01.2023 00:00	2250.0	2655.0	2245.0	2350.0	15612
01.02.2023 00:00	2360.0	2445.0	2265.0	2350.0	1511
02.02.2023 00:00	2340.0	2410.0	2310.0	2390.0	1233
03.02.2023 00:00	2390.0	2390.0	2325.0	2350.0	301
06.02.2023 00:00	2370.0	2455.0	2320.0	2365.0	794
07.02.2023 00:00	2370.0	2445.0	2325.0	2385.0	741
08.02.2023 00:00	2390.0	2450.0	2370.0	2435.0	876
09.02.2023 00:00	2450.0	2985.0	2420.0	2580.0	11919
10.02.2023 00:00	2590.0	2720.0	2505.0	2575.0	2183
13.02.2023 00:00	2585.0	2640.0	2545.0	2585.0	697
14.02.2023 00:00	2590.0	2600.0	2550.0	2555.0	453
15.02.2023 00:00	2525.0	2525.0	2400.0	2430.0	709
16.02.2023 00:00	2415.0	2520.0	2355.0	2455.0	537
17.02.2023 00:00	2480.0	2550.0	2405.0	2430.0	583
20.02.2023 00:00	2425.0	2485.0	2300.0	2390.0	655
21.02.2023 00:00	2370.0	2560.0	2350.0	2525.0	1494
22.02.2023 00:00	2545.0	2585.0	2485.0	2520.0	651
24.02.2023 00:00	2530.0	2590.0	2515.0	2515.0	254
27.02.2023 00:00	2545.0	2630.0	2545.0	2605.0	438
28.02.2023 00:00	2615.0	2910.0	2600.0	2830.0	3597
01.03.2023 00:00	2820.0	2970.0	2760.0	2790.0	1626
02.03.2023 00:00	2790.0	2790.0	2610.0	2680.0	1835
03.03.2023 00:00	2680.0	2765.0	2680.0	2745.0	394
06.03.2023 00:00	2750.0	2865.0	2705.0	2775.0	648
07.03.2023 00:00	2800.0	2850.0	2745.0	2765.0	328
09.03.2023 00:00	2785.0	2800.0	2710.0	2760.0	177
10.03.2023 00:00	2745.0	2800.0	2745.0	2790.0	228
13.03.2023 00:00	2730.0	2845.0	2655.0	2800.0	331
14.03.2023 00:00	2800.0	2820.0	2765.0	2820.0	291
15.03.2023 00:00	2820.0	2845.0	2750.0	2790.0	1919
16.03.2023 00:00	2760.0	2785.0	2715.0	2780.0	138
17.03.2023 00:00	2780.0	2820.0	2750.0	2795.0	724
20.03.2023 00:00	2805.0	2860.0	2790.0	2845.0	574
21.03.2023 00:00	2860.0	3180.0	2845.0	2930.0	4672
22.03.2023 00:00	2940.0	2990.0	2880.0	2935.0	425
23.03.2023 00:00	2940.0	3100.0	2935.0	3020.0	1167
24.03.2023 00:00	3095.0	3275.0	2995.0	3205.0	3994
27.03.2023 00:00	3270.0	3345.0	3140.0	3250.0	1776
28.03.2023 00:00	3200.0	3265.0	3190.0	3205.0	436
29.03.2023 00:00	3245.0	4265.0	3200.0	3455.0	29654
30.03.2023 00:00	3455.0	3585.0	3270.0	3420.0	6870
31.03.2023 00:00	3395.0	3450.0	3270.0	3410.0	1586
03.04.2023 00:00	3375.0	3640.0	3305.0	3490.0	3127
04.04.2023 00:00	3490.0	3675.0	3400.0	3610.0	4081
05.04.2023 00:00	3695.0	3975.0	3445.0	3800.0	5728
06.04.2023 00:00	3880.0	3995.0	3720.0	3865.0	3822
07.04.2023 00:00	3940.0	3975.0	3780.0	3825.0	1197
10.04.2023 00:00	3825.0	3900.0	3820.0	3855.0	804
11.04.2023 00:00	3980.0	3980.0	3620.0	3750.0	1569
12.04.2023 00:00	3760.0	3850.0	3650.0	3735.0	726
13.04.2023 00:00	3710.0	3830.0	3680.0	3830.0	527
14.04.2023 00:00	3750.0	3820.0	3750.0	3795.0	263
17.04.2023 00:00	3825.0	3830.0	3700.0	3770.0	826
18.04.2023 00:00	3780.0	3860.0	3730.0	3785.0	468
19.04.2023 00:00	3800.0	3830.0	3305.0	3780.0	1033
20.04.2023 00:00	3775.0	3800.0	3735.0	3765.0	498
21.04.2023 00:00	3750.0	4155.0	3725.0	3950.0	6192
24.04.2023 00:00	3990.0	4350.0	3990.0	4110.0	9825
25.04.2023 00:00	4135.0	4195.0	4020.0	4050.0	901
26.04.2023 00:00	4070.0	4400.0	4040.0	4095.0	5393
27.04.2023 00:00	4170.0	4170.0	3805.0	3870.0	2202
28.04.2023 00:00	3905.0	4000.0	3815.0	3855.0	1377
02.05.2023 00:00	3850.0	3940.0	3700.0	3795.0	1197
03.05.2023 00:00	3770.0	3785.0	3600.0	3700.0	1263
04.05.2023 00:00	3650.0	3850.0	3625.0	3625.0	701
05.05.2023 00:00	3655.0	3740.0	3625.0	3640.0	1532
08.05.2023 00:00	3645.0	3705.0	3580.0	3610.0	361
10.05.2023 00:00	3615.0	3815.0	3600.0	3795.0	1301
11.05.2023 00:00	3815.0	3900.0	3715.0	3780.0	652
12.05.2023 00:00	3865.0	3865.0	3715.0	3785.0	181
15.05.2023 00:00	3875.0	3905.0	3770.0	3835.0	740
16.05.2023 00:00	3895.0	3935.0	3715.0	3865.0	1153
17.05.2023 00:00	3880.0	3965.0	3795.0	3835.0	533
18.05.2023 00:00	3820.0	4100.0	3815.0	3995.0	2004
19.05.2023 00:00	3990.0	4120.0	3905.0	3955.0	1695
22.05.2023 00:00	4070.0	4290.0	4005.0	4245.0	3247
23.05.2023 00:00	4195.0	4230.0	3925.0	4145.0	1978
24.05.2023 00:00	4145.0	4225.0	4080.0	4100.0	770
25.05.2023 00:00	4090.0	4090.0	3950.0	3970.0	1060
26.05.2023 00:00	3975.0	4035.0	3820.0	3900.0	1584
29.05.2023 00:00	3915.0	3930.0	2455.0	3360.0	11164
30.05.2023 00:00	3360.0	3570.0	3320.0	3420.0	3963
31.05.2023 00:00	3475.0	3475.0	3265.0	3390.0	1270
01.06.2023 00:00	3395.0	3465.0	3340.0	3380.0	699
02.06.2023 00:00	3430.0	3430.0	3355.0	3385.0	613
05.06.2023 00:00	3495.0	3500.0	3255.0	3335.0	1073
06.06.2023 00:00	3425.0	3460.0	3310.0	3360.0	599
07.06.2023 00:00	3365.0	3400.0	3310.0	3360.0	552
08.06.2023 00:00	3415.0	3415.0	3355.0	3380.0	243
09.06.2023 00:00	3360.0	3385.0	3325.0	3350.0	254
13.06.2023 00:00	3360.0	3395.0	3245.0	3325.0	1139
14.06.2023 00:00	3345.0	3345.0	3220.0	3325.0	840
15.06.2023 00:00	3330.0	3335.0	3170.0	3320.0	865
16.06.2023 00:00	3355.0	3355.0	3280.0	3320.0	362
19.06.2023 00:00	3305.0	3330.0	3300.0	3330.0	244
20.06.2023 00:00	3345.0	3350.0	3300.0	3320.0	531
21.06.2023 00:00	3310.0	3375.0	3285.0	3335.0	682
22.06.2023 00:00	3350.0	3380.0	3265.0	3350.0	591
23.06.2023 00:00	3230.0	3375.0	3215.0	3355.0	1010
26.06.2023 00:00	3350.0	3355.0	3310.0	3350.0	328
27.06.2023 00:00	3340.0	3375.0	3205.0	3365.0	618
28.06.2023 00:00	3365.0	3370.0	3260.0	3330.0	472
29.06.2023 00:00	3370.0	3400.0	3335.0	3335.0	401
30.06.2023 00:00	3335.0	3400.0	3305.0	3345.0	303
03.07.2023 00:00	3375.0	3390.0	3325.0	3355.0	235
04.07.2023 00:00	3320.0	3385.0	3200.0	3335.0	1210
05.07.2023 00:00	3315.0	3400.0	3290.0	3345.0	647
06.07.2023 00:00	3345.0	3380.0	3315.0	3340.0	861
07.07.2023 00:00	3340.0	3400.0	3250.0	3265.0	2033
10.07.2023 00:00	3250.0	3310.0	3170.0	3230.0	4142
11.07.2023 00:00	3260.0	3345.0	3235.0	3280.0	1296
12.07.2023 00:00	3285.0	3340.0	3205.0	3270.0	1601
13.07.2023 00:00	3225.0	3305.0	3200.0	3260.0	1403
14.07.2023 00:00	3285.0	3290.0	3225.0	3270.0	504
17.07.2023 00:00	3270.0	3310.0	3255.0	3275.0	817
18.07.2023 00:00	3280.0	3285.0	3205.0	3255.0	1135
19.07.2023 00:00	3205.0	3290.0	3205.0	3275.0	1468
20.07.2023 00:00	3280.0	3295.0	3210.0	3235.0	846
21.07.2023 00:00	3240.0	3340.0	3235.0	3245.0	890
24.07.2023 00:00	3275.0	3280.0	3245.0	3270.0	570
25.07.2023 00:00	3270.0	3295.0	3265.0	3280.0	705
26.07.2023 00:00	3350.0	4000.0	3330.0	3570.0	14807
27.07.2023 00:00	3605.0	3705.0	3460.0	3550.0	4235
28.07.2023 00:00	3630.0	3700.0	3555.0	3650.0	2377
31.07.2023 00:00	3640.0	3645.0	3550.0	3600.0	2631
01.08.2023 00:00	3595.0	3655.0	3500.0	3595.0	1654
02.08.2023 00:00	3605.0	3650.0	3530.0	3600.0	1660
03.08.2023 00:00	3600.0	3640.0	3550.0	3610.0	1134
04.08.2023 00:00	3620.0	3750.0	3305.0	3505.0	3661
07.08.2023 00:00	3560.0	3630.0	3525.0	3560.0	1185
08.08.2023 00:00	3565.0	3590.0	3270.0	3495.0	1785
09.08.2023 00:00	3500.0	3555.0	3450.0	3500.0	1185
10.08.2023 00:00	3545.0	3600.0	3420.0	3560.0	1390
11.08.2023 00:00	3565.0	3695.0	3465.0	3590.0	2141
14.08.2023 00:00	3600.0	3640.0	3550.0	3550.0	1218
15.08.2023 00:00	3600.0	3605.0	3430.0	3565.0	1308
16.08.2023 00:00	3505.0	3555.0	3450.0	3505.0	1592
17.08.2023 00:00	3505.0	3610.0	3505.0	3585.0	989
18.08.2023 00:00	3590.0	3845.0	3590.0	3695.0	4875
21.08.2023 00:00	3700.0	3765.0	3650.0	3700.0	1503
22.08.2023 00:00	3720.0	3800.0	3430.0	3675.0	3415
23.08.2023 00:00	3700.0	3805.0	3570.0	3650.0	2061
24.08.2023 00:00	3635.0	4295.0	3585.0	3980.0	25762
25.08.2023 00:00	3980.0	3980.0	3840.0	3930.0	2885
28.08.2023 00:00	3930.0	4100.0	3850.0	3865.0	3443
29.08.2023 00:00	3935.0	4525.0	3860.0	4150.0	35190
30.08.2023 00:00	4220.0	4290.0	4100.0	4155.0	4229
31.08.2023 00:00	4170.0	4205.0	3995.0	4100.0	3897
01.09.2023 00:00	4140.0	4140.0	3920.0	4035.0	3270
04.09.2023 00:00	4085.0	4200.0	3980.0	4140.0	3831
05.09.2023 00:00	4175.0	4205.0	3945.0	4125.0	5980
06.09.2023 00:00	4100.0	4150.0	3995.0	4050.0	1711
07.09.2023 00:00	4005.0	4040.0	3735.0	3880.0	4668
08.09.2023 00:00	3880.0	3920.0	3675.0	3830.0	1877
11.09.2023 00:00	3835.0	4020.0	3820.0	3930.0	1911
12.09.2023 00:00	3960.0	4005.0	3885.0	3945.0	967
13.09.2023 00:00	3945.0	3945.0	3800.0	3810.0	1036
14.09.2023 00:00	3810.0	3845.0	3455.0	3680.0	4161
15.09.2023 00:00	3675.0	3800.0	3590.0	3740.0	859
18.09.2023 00:00	3820.0	3900.0	3595.0	3660.0	2138
19.09.2023 00:00	3670.0	3710.0	3355.0	3505.0	2393
20.09.2023 00:00	3505.0	3650.0	3360.0	3460.0	1656
21.09.2023 00:00	3535.0	3535.0	3405.0	3440.0	556
22.09.2023 00:00	3415.0	3635.0	3355.0	3560.0	1821
25.09.2023 00:00	3560.0	3620.0	3505.0	3535.0	574
26.09.2023 00:00	3550.0	3560.0	3425.0	3465.0	658
27.09.2023 00:00	3570.0	3590.0	3485.0	3510.0	760
28.09.2023 00:00	3490.0	3635.0	3450.0	3570.0	963
29.09.2023 00:00	3585.0	3655.0	3555.0	3590.0	634
02.10.2023 00:00	3545.0	3655.0	3545.0	3590.0	690
03.10.2023 00:00	3570.0	3570.0	3505.0	3525.0	380
04.10.2023 00:00	3505.0	3615.0	3450.0	3460.0	619
05.10.2023 00:00	3470.0	3500.0	3450.0	3480.0	326
06.10.2023 00:00	3495.0	3495.0	3450.0	3460.0	133
09.10.2023 00:00	3460.0	3605.0	3415.0	3505.0	753
10.10.2023 00:00	3565.0	3565.0	3460.0	3510.0	439
11.10.2023 00:00	3540.0	3540.0	3465.0	3500.0	396
12.10.2023 00:00	3500.0	3530.0	3285.0	3445.0	1024
13.10.2023 00:00	3450.0	3495.0	3410.0	3455.0	456
16.10.2023 00:00	3490.0	3510.0	3450.0	3490.0	328
17.10.2023 00:00	3505.0	3555.0	3450.0	3495.0	640
18.10.2023 00:00	3540.0	3695.0	3505.0	3645.0	3178
19.10.2023 00:00	3685.0	3690.0	3640.0	3645.0	1040
20.10.2023 00:00	3650.0	3675.0	3550.0	3615.0	772
23.10.2023 00:00	3645.0	3770.0	3600.0	3675.0	1338
24.10.2023 00:00	3600.0	3695.0	3600.0	3675.0	508
25.10.2023 00:00	3675.0	3765.0	3605.0	3675.0	1671
26.10.2023 00:00	3675.0	3730.0	3560.0	3615.0	830
27.10.2023 00:00	3610.0	3615.0	3520.0	3595.0	778
30.10.2023 00:00	3595.0	3605.0	3500.0	3535.0	354
31.10.2023 00:00	3535.0	3600.0	3450.0	3560.0	396
01.11.2023 00:00	3485.0	3595.0	3440.0	3440.0	396
02.11.2023 00:00	3460.0	3570.0	3450.0	3470.0	465
03.11.2023 00:00	3540.0	3565.0	3455.0	3505.0	438
06.11.2023 00:00	3505.0	3540.0	3465.0	3500.0	123
07.11.2023 00:00	3500.0	3520.0	3475.0	3485.0	397
08.11.2023 00:00	3485.0	3635.0	3455.0	3600.0	1365
09.11.2023 00:00	3605.0	3885.0	3545.0	3775.0	3586
10.11.2023 00:00	3705.0	3950.0	3600.0	3685.0	4423
13.11.2023 00:00	3690.0	3865.0	3600.0	3615.0	1245
14.11.2023 00:00	3615.0	3615.0	3355.0	3495.0	2202
15.11.2023 00:00	3470.0	3590.0	3425.0	3575.0	695
16.11.2023 00:00	3515.0	3600.0	3515.0	3520.0	312
17.11.2023 00:00	3520.0	3595.0	3455.0	3525.0	714
20.11.2023 00:00	3540.0	3565.0	3480.0	3505.0	445
21.11.2023 00:00	3525.0	3525.0	3485.0	3485.0	200
22.11.2023 00:00	3520.0	3520.0	3415.0	3460.0	552
23.11.2023 00:00	3460.0	3510.0	3410.0	3410.0	583
24.11.2023 00:00	3445.0	3460.0	3405.0	3405.0	254
27.11.2023 00:00	3405.0	3440.0	3315.0	3325.0	1237
28.11.2023 00:00	3410.0	3410.0	3300.0	3300.0	358
29.11.2023 00:00	3330.0	3390.0	3300.0	3355.0	411
30.11.2023 00:00	3355.0	3535.0	3275.0	3330.0	386
01.12.2023 00:00	3330.0	3345.0	3255.0	3305.0	287
04.12.2023 00:00	3255.0	3310.0	3185.0	3195.0	740
05.12.2023 00:00	3195.0	3200.0	2880.0	3095.0	2110
06.12.2023 00:00	3105.0	3135.0	3005.0	3035.0	758
07.12.2023 00:00	3040.0	3100.0	2955.0	3100.0	717
08.12.2023 00:00	3100.0	3150.0	3045.0	3095.0	280
11.12.2023 00:00	3020.0	3090.0	2955.0	2975.0	561
12.12.2023 00:00	3000.0	3070.0	2910.0	2990.0	585
13.12.2023 00:00	3010.0	3050.0	2905.0	2935.0	462
14.12.2023 00:00	2970.0	3060.0	2880.0	2950.0	1044
15.12.2023 00:00	2960.0	3055.0	2855.0	3045.0	522
18.12.2023 00:00	3060.0	3185.0	3025.0	3180.0	589
19.12.2023 00:00	3200.0	3200.0	3120.0	3150.0	508
20.12.2023 00:00	3185.0	3195.0	3100.0	3155.0	555
21.12.2023 00:00	3155.0	3250.0	3080.0	3125.0	795
22.12.2023 00:00	3190.0	3190.0	3085.0	3095.0	526
25.12.2023 00:00	3115.0	3300.0	3110.0	3140.0	1291
26.12.2023 00:00	3270.0	3270.0	3050.0	3070.0	786
27.12.2023 00:00	3085.0	3200.0	3005.0	3110.0	1054
28.12.2023 00:00	3130.0	3135.0	3030.0	3030.0	719
29.12.2023 00:00	3000.0	3085.0	2980.0	3040.0	899
03.01.2024 00:00	3030.0	3125.0	3030.0	3125.0	382
04.01.2024 00:00	3115.0	3190.0	3100.0	3155.0	489
05.01.2024 00:00	3185.0	3185.0	3010.0	3110.0	823
08.01.2024 00:00	3110.0	3165.0	3105.0	3155.0	524
09.01.2024 00:00	3155.0	3200.0	3090.0	3150.0	856
10.01.2024 00:00	3150.0	3290.0	3115.0	3225.0	1120
11.01.2024 00:00	3225.0	3255.0	3140.0	3205.0	589
12.01.2024 00:00	3200.0	3365.0	3150.0	3300.0	1489
15.01.2024 00:00	3270.0	3390.0	3270.0	3300.0	1533
16.01.2024 00:00	3300.0	3340.0	3275.0	3325.0	375
17.01.2024 00:00	3285.0	3685.0	3265.0	3490.0	9575
18.01.2024 00:00	3495.0	3600.0	3400.0	3505.0	1744
19.01.2024 00:00	3500.0	3500.0	3380.0	3380.0	2249
22.01.2024 00:00	3390.0	3430.0	3355.0	3370.0	1090
23.01.2024 00:00	3375.0	3445.0	3305.0	3370.0	1269
24.01.2024 00:00	3385.0	3385.0	3285.0	3315.0	1733
25.01.2024 00:00	3330.0	3335.0	3280.0	3295.0	558
26.01.2024 00:00	3285.0	3335.0	3280.0	3280.0	749
29.01.2024 00:00	3270.0	3435.0	3250.0	3285.0	1534
30.01.2024 00:00	3270.0	3300.0	3270.0	3290.0	444
31.01.2024 00:00	3280.0	3325.0	3270.0	3270.0	1502
01.02.2024 00:00	3290.0	3300.0	3250.0	3300.0	1814
02.02.2024 00:00	3300.0	3300.0	3255.0	3295.0	587
05.02.2024 00:00	3295.0	3300.0	3265.0	3290.0	736
06.02.2024 00:00	3300.0	3315.0	3270.0	3280.0	844
07.02.2024 00:00	3285.0	3320.0	3280.0	3300.0	1196
08.02.2024 00:00	3310.0	3395.0	3275.0	3275.0	8428
09.02.2024 00:00	3280.0	3290.0	3255.0	3275.0	1800
12.02.2024 00:00	3275.0	3275.0	3165.0	3200.0	748
13.02.2024 00:00	3220.0	3220.0	3170.0	3205.0	428
14.02.2024 00:00	3210.0	3295.0	3200.0	3265.0	744
15.02.2024 00:00	3270.0	3290.0	3180.0	3270.0	427
16.02.2024 00:00	3285.0	3285.0	3185.0	3190.0	568
19.02.2024 00:00	3200.0	3250.0	3190.0	3220.0	473
20.02.2024 00:00	3215.0	3235.0	3025.0	3170.0	504
21.02.2024 00:00	3180.0	3180.0	3075.0	3105.0	1182
22.02.2024 00:00	3155.0	3195.0	3050.0	3150.0	595
26.02.2024 00:00	3150.0	3260.0	3130.0	3215.0	364
27.02.2024 00:00	3205.0	3210.0	3135.0	3185.0	198
28.02.2024 00:00	3190.0	3215.0	3165.0	3210.0	174
29.02.2024 00:00	3215.0	3260.0	3080.0	3185.0	635
01.03.2024 00:00	3215.0	3230.0	3175.0	3180.0	142
04.03.2024 00:00	3220.0	3220.0	3140.0	3180.0	415
05.03.2024 00:00	3185.0	3195.0	3150.0	3170.0	240
06.03.2024 00:00	3180.0	3190.0	3145.0	3170.0	428
07.03.2024 00:00	3170.0	3235.0	3125.0	3200.0	242
11.03.2024 00:00	3180.0	3290.0	3160.0	3180.0	772
12.03.2024 00:00	3205.0	3210.0	3060.0	3130.0	1164
13.03.2024 00:00	3155.0	3155.0	3100.0	3135.0	355
14.03.2024 00:00	3140.0	3150.0	3125.0	3125.0	386
15.03.2024 00:00	3135.0	3160.0	3130.0	3150.0	195
18.03.2024 00:00	3145.0	3180.0	3140.0	3155.0	217
19.03.2024 00:00	3175.0	3280.0	3170.0	3210.0	779
20.03.2024 00:00	3210.0	3240.0	3150.0	3160.0	562
21.03.2024 00:00	3185.0	3220.0	3160.0	3190.0	157
22.03.2024 00:00	3170.0	3205.0	3105.0	3160.0	435
25.03.2024 00:00	3150.0	3155.0	3110.0	3130.0	259
26.03.2024 00:00	3130.0	3155.0	3120.0	3135.0	156
27.03.2024 00:00	3120.0	3250.0	3120.0	3240.0	739
28.03.2024 00:00	3280.0	3300.0	3100.0	3190.0	856
29.03.2024 00:00	3190.0	3225.0	3150.0	3205.0	204
01.04.2024 00:00	3190.0	3250.0	3150.0	3155.0	814
02.04.2024 00:00	3160.0	3265.0	3100.0	3130.0	3031
03.04.2024 00:00	3130.0	3195.0	3130.0	3190.0	591
04.04.2024 00:00	3180.0	3265.0	3125.0	3200.0	688
05.04.2024 00:00	3190.0	3290.0	3170.0	3210.0	365
08.04.2024 00:00	3200.0	3295.0	3160.0	3190.0	1217
09.04.2024 00:00	3215.0	3235.0	3180.0	3195.0	238
10.04.2024 00:00	3200.0	3235.0	3180.0	3210.0	186
11.04.2024 00:00	3205.0	3270.0	3150.0	3175.0	809
12.04.2024 00:00	3190.0	3210.0	3100.0	3200.0	1706
15.04.2024 00:00	3290.0	3750.0	3250.0	3540.0	28529
16.04.2024 00:00	3590.0	3990.0	3455.0	3720.0	15772
17.04.2024 00:00	3730.0	3850.0	3500.0	3595.0	7501
18.04.2024 00:00	3645.0	3950.0	3645.0	3910.0	7203
19.04.2024 00:00	3915.0	3950.0	3690.0	3865.0	4185
22.04.2024 00:00	3895.0	4085.0	3790.0	3995.0	5176
23.04.2024 00:00	3995.0	4110.0	3885.0	3900.0	1888
24.04.2024 00:00	3960.0	3965.0	3820.0	3840.0	996
25.04.2024 00:00	3845.0	3925.0	3840.0	3850.0	674
26.04.2024 00:00	3820.0	3890.0	3820.0	3890.0	585
27.04.2024 00:00	3845.0	4050.0	3815.0	3980.0	1472
29.04.2024 00:00	3975.0	4030.0	3905.0	3970.0	1399
30.04.2024 00:00	3975.0	3975.0	3810.0	3900.0	492
02.05.2024 00:00	3875.0	3935.0	3770.0	3825.0	1096
03.05.2024 00:00	3820.0	3880.0	3775.0	3835.0	761
06.05.2024 00:00	3835.0	3840.0	3740.0	3780.0	764
07.05.2024 00:00	3765.0	3970.0	3700.0	3735.0	1142
08.05.2024 00:00	3755.0	3795.0	3700.0	3790.0	498
10.05.2024 00:00	3820.0	3870.0	3735.0	3785.0	217
13.05.2024 00:00	3760.0	3785.0	3710.0	3755.0	1367
14.05.2024 00:00	3725.0	3745.0	3660.0	3700.0	787
15.05.2024 00:00	3695.0	3695.0	3620.0	3640.0	1016
16.05.2024 00:00	3640.0	3790.0	3610.0	3710.0	520
17.05.2024 00:00	3710.0	3780.0	3710.0	3720.0	203
20.05.2024 00:00	3715.0	3745.0	3650.0	3655.0	214
21.05.2024 00:00	3660.0	3660.0	3610.0	3630.0	403
22.05.2024 00:00	3630.0	3795.0	3630.0	3670.0	343
23.05.2024 00:00	3645.0	3750.0	3645.0	3705.0	273
24.05.2024 00:00	3665.0	3740.0	3405.0	3410.0	5605
27.05.2024 00:00	3400.0	3455.0	3210.0	3245.0	2355
28.05.2024 00:00	3300.0	3450.0	3210.0	3400.0	1372
29.05.2024 00:00	3440.0	3550.0	3375.0	3475.0	1185
30.05.2024 00:00	3480.0	3530.0	3450.0	3455.0	355
31.05.2024 00:00	3410.0	3450.0	3235.0	3345.0	981
03.06.2024 00:00	3300.0	3475.0	3195.0	3325.0	984
04.06.2024 00:00	3380.0	3380.0	3260.0	3355.0	487
05.06.2024 00:00	3355.0	3390.0	3310.0	3340.0	140
06.06.2024 00:00	3320.0	3345.0	3295.0	3315.0	57
07.06.2024 00:00	3310.0	3595.0	3310.0	3490.0	1144
10.06.2024 00:00	3500.0	3545.0	3365.0	3395.0	341
11.06.2024 00:00	3400.0	3400.0	3270.0	3295.0	661
13.06.2024 00:00	3265.0	3355.0	3145.0	3290.0	727
14.06.2024 00:00	3285.0	3460.0	3280.0	3335.0	333
17.06.2024 00:00	3335.0	3435.0	3315.0	3370.0	332
18.06.2024 00:00	3355.0	3355.0	3265.0	3295.0	232
19.06.2024 00:00	3280.0	3340.0	3180.0	3200.0	518
20.06.2024 00:00	3200.0	3435.0	3190.0	3315.0	518
21.06.2024 00:00	3225.0	3365.0	3225.0	3300.0	136
24.06.2024 00:00	3265.0	3380.0	3240.0	3300.0	186
25.06.2024 00:00	3320.0	3435.0	3305.0	3365.0	922
26.06.2024 00:00	3355.0	3400.0	3335.0	3390.0	428
27.06.2024 00:00	3370.0	3370.0	3265.0	3315.0	367
28.06.2024 00:00	3300.0	3395.0	3290.0	3305.0	231
01.07.2024 00:00	3295.0	3370.0	3245.0	3270.0	400
02.07.2024 00:00	3260.0	3395.0	3215.0	3355.0	636
03.07.2024 00:00	3355.0	3440.0	3355.0	3405.0	499
04.07.2024 00:00	3355.0	3465.0	3355.0	3415.0	698
05.07.2024 00:00	3405.0	3490.0	3380.0	3460.0	414
08.07.2024 00:00	3490.0	3495.0	3380.0	3420.0	843
09.07.2024 00:00	3445.0	3445.0	3280.0	3340.0	1168
10.07.2024 00:00	3340.0	3340.0	3200.0	3280.0	860
11.07.2024 00:00	3225.0	3395.0	3205.0	3355.0	674
12.07.2024 00:00	3350.0	3365.0	3215.0	3265.0	443
15.07.2024 00:00	3330.0	3335.0	3185.0	3245.0	823
16.07.2024 00:00	3235.0	3265.0	3180.0	3265.0	323
17.07.2024 00:00	3265.0	3290.0	3190.0	3265.0	233
18.07.2024 00:00	3250.0	3325.0	3250.0	3275.0	60
19.07.2024 00:00	3275.0	3305.0	3255.0	3285.0	116
22.07.2024 00:00	3300.0	3395.0	3265.0	3320.0	414
23.07.2024 00:00	3360.0	3360.0	3305.0	3345.0	46
24.07.2024 00:00	3320.0	3580.0	3305.0	3415.0	1583
25.07.2024 00:00	3490.0	3695.0	3330.0	3395.0	1452
26.07.2024 00:00	3395.0	3470.0	3330.0	3330.0	491
29.07.2024 00:00	3310.0	3360.0	3250.0	3250.0	353
30.07.2024 00:00	3325.0	3355.0	3220.0	3255.0	345
31.07.2024 00:00	3265.0	3385.0	3255.0	3305.0	457
01.08.2024 00:00	3350.0	3350.0	3290.0	3290.0	51
02.08.2024 00:00	3310.0	3340.0	3270.0	3285.0	66
05.08.2024 00:00	3255.0	3400.0	3220.0	3225.0	806
06.08.2024 00:00	3265.0	3275.0	3200.0	3210.0	294
07.08.2024 00:00	3265.0	3280.0	3190.0	3230.0	407
08.08.2024 00:00	3230.0	3285.0	3200.0	3235.0	181
09.08.2024 00:00	3215.0	3260.0	3190.0	3235.0	165
12.08.2024 00:00	3215.0	3245.0	3200.0	3220.0	133
13.08.2024 00:00	3235.0	3290.0	3215.0	3290.0	160
14.08.2024 00:00	3300.0	3315.0	3260.0	3275.0	71
15.08.2024 00:00	3255.0	3255.0	3225.0	3230.0	40
16.08.2024 00:00	3250.0	3250.0	3230.0	3230.0	20
19.08.2024 00:00	3250.0	3275.0	3225.0	3250.0	95
20.08.2024 00:00	3260.0	3260.0	3210.0	3230.0	49
21.08.2024 00:00	3205.0	3250.0	3205.0	3240.0	61
22.08.2024 00:00	3220.0	3250.0	3200.0	3205.0	163
23.08.2024 00:00	3225.0	3225.0	3055.0	3090.0	597
26.08.2024 00:00	3145.0	3155.0	3115.0	3120.0	51
27.08.2024 00:00	3150.0	3230.0	3115.0	3115.0	157
28.08.2024 00:00	3105.0	3125.0	3065.0	3125.0	93
29.08.2024 00:00	3270.0	3270.0	3025.0	3025.0	327
30.08.2024 00:00	3030.0	3080.0	2960.0	2975.0	458
02.09.2024 00:00	2965.0	3025.0	2850.0	2875.0	566
03.09.2024 00:00	2900.0	3020.0	2815.0	2920.0	111
04.09.2024 00:00	3010.0	3015.0	2905.0	2960.0	161
05.09.2024 00:00	2925.0	3030.0	2900.0	2970.0	152
06.09.2024 00:00	3005.0	3075.0	3000.0	3005.0	76
09.09.2024 00:00	3085.0	3140.0	3025.0	3025.0	115
10.09.2024 00:00	3045.0	3200.0	3000.0	3195.0	156
11.09.2024 00:00	3220.0	3220.0	3100.0	3150.0	72
12.09.2024 00:00	3115.0	3240.0	3090.0	3150.0	480
13.09.2024 00:00	3140.0	3265.0	3130.0	3200.0	215
16.09.2024 00:00	3200.0	3200.0	3150.0	3175.0	107
17.09.2024 00:00	3175.0	3180.0	3145.0	3145.0	139
18.09.2024 00:00	3145.0	3145.0	3120.0	3120.0	87
19.09.2024 00:00	3120.0	3355.0	3110.0	3180.0	629
20.09.2024 00:00	3200.0	3240.0	3160.0	3185.0	263
23.09.2024 00:00	3165.0	3190.0	3125.0	3175.0	281
24.09.2024 00:00	3175.0	3180.0	3070.0	3115.0	368
25.09.2024 00:00	3125.0	3215.0	3125.0	3175.0	182
26.09.2024 00:00	3160.0	3220.0	3160.0	3185.0	32
27.09.2024 00:00	3220.0	3220.0	3070.0	3135.0	218
30.09.2024 00:00	3170.0	3215.0	3150.0	3180.0	361
01.10.2024 00:00	3165.0	3190.0	3155.0	3190.0	79
02.10.2024 00:00	3145.0	3185.0	3140.0	3140.0	132
03.10.2024 00:00	3140.0	3155.0	3125.0	3125.0	121
04.10.2024 00:00	3120.0	3130.0	3090.0	3090.0	116
07.10.2024 00:00	3075.0	3115.0	3070.0	3075.0	142
08.10.2024 00:00	3075.0	3110.0	3050.0	3075.0	74
09.10.2024 00:00	3060.0	3095.0	3055.0	3080.0	34
10.10.2024 00:00	3065.0	3105.0	3055.0	3100.0	61
11.10.2024 00:00	3075.0	3105.0	3065.0	3065.0	44
14.10.2024 00:00	3065.0	3095.0	3010.0	3085.0	95
15.10.2024 00:00	3050.0	3100.0	3050.0	3095.0	43
16.10.2024 00:00	3085.0	3170.0	3050.0	3090.0	162
17.10.2024 00:00	3065.0	3090.0	3025.0	3070.0	395
18.10.2024 00:00	3040.0	3055.0	3035.0	3050.0	61
21.10.2024 00:00	3060.0	3085.0	3035.0	3085.0	71
22.10.2024 00:00	3090.0	3090.0	3070.0	3075.0	61
23.10.2024 00:00	3070.0	3075.0	3040.0	3075.0	45
24.10.2024 00:00	3060.0	3125.0	2900.0	2980.0	455
25.10.2024 00:00	3000.0	3200.0	2900.0	3070.0	1557
28.10.2024 00:00	3065.0	3130.0	2955.0	2975.0	534
29.10.2024 00:00	3005.0	3090.0	2985.0	3025.0	339
30.10.2024 00:00	3040.0	3200.0	2980.0	3050.0	582
31.10.2024 00:00	3050.0	3050.0	2985.0	3040.0	125
01.11.2024 00:00	2985.0	3030.0	2930.0	3020.0	45
02.11.2024 00:00	2930.0	3040.0	2925.0	2980.0	120
05.11.2024 00:00	2945.0	3040.0	2945.0	3000.0	202
06.11.2024 00:00	3055.0	3115.0	3000.0	3060.0	358
07.11.2024 00:00	3045.0	3120.0	3045.0	3080.0	276
08.11.2024 00:00	3075.0	3095.0	3060.0	3080.0	40
11.11.2024 00:00	3060.0	3095.0	3060.0	3095.0	66
12.11.2024 00:00	3090.0	3160.0	3090.0	3125.0	247
13.11.2024 00:00	3100.0	3190.0	3100.0	3120.0	102
14.11.2024 00:00	3150.0	3200.0	3150.0	3150.0	398
15.11.2024 00:00	3150.0	3160.0	3085.0	3105.0	57
18.11.2024 00:00	3150.0	3150.0	2950.0	3010.0	476
19.11.2024 00:00	3010.0	3050.0	2950.0	2955.0	280
20.11.2024 00:00	3005.0	3005.0	2960.0	2960.0	472
21.11.2024 00:00	2985.0	3140.0	2985.0	3040.0	1292
22.11.2024 00:00	3060.0	3060.0	3000.0	3000.0	228
25.11.2024 00:00	3040.0	3050.0	2965.0	3050.0	292
26.11.2024 00:00	3040.0	3100.0	2980.0	3050.0	717
27.11.2024 00:00	3015.0	3050.0	2910.0	2925.0	689
28.11.2024 00:00	2995.0	3050.0	2950.0	2975.0	179
29.11.2024 00:00	2990.0	3010.0	2990.0	2990.0	72
02.12.2024 00:00	3020.0	3020.0	2945.0	3015.0	174
03.12.2024 00:00	2995.0	3665.0	2995.0	3545.0	3832
04.12.2024 00:00	3195.0	3575.0	3195.0	3255.0	3228
05.12.2024 00:00	3300.0	3340.0	3030.0	3150.0	1655
06.12.2024 00:00	3195.0	3270.0	3100.0	3115.0	453
09.12.2024 00:00	3160.0	3170.0	3060.0	3095.0	105
10.12.2024 00:00	3110.0	3120.0	3030.0	3040.0	215
11.12.2024 00:00	3040.0	3090.0	3005.0	3015.0	464
12.12.2024 00:00	3030.0	3240.0	3015.0	3040.0	945
13.12.2024 00:00	3035.0	3060.0	3010.0	3015.0	752
16.12.2024 00:00	3010.0	3055.0	3010.0	3015.0	827
17.12.2024 00:00	3020.0	3040.0	3015.0	3040.0	206
18.12.2024 00:00	3015.0	3045.0	3015.0	3045.0	14
19.12.2024 00:00	3035.0	3185.0	3020.0	3125.0	1273
20.12.2024 00:00	3125.0	3205.0	3035.0	3125.0	1200
23.12.2024 00:00	3145.0	3335.0	3145.0	3210.0	764
24.12.2024 00:00	3280.0	3295.0	3070.0	3240.0	541
25.12.2024 00:00	3240.0	3330.0	3105.0	3330.0	793
26.12.2024 00:00	3330.0	3390.0	3230.0	3250.0	350
27.12.2024 00:00	3250.0	3250.0	3180.0	3180.0	94
28.12.2024 00:00	3240.0	3265.0	3175.0	3250.0	385
30.12.2024 00:00	3245.0	3315.0	3220.0	3245.0	636
03.01.2025 00:00	3255.0	3485.0	3225.0	3315.0	356
06.01.2025 00:00	3305.0	3400.0	3305.0	3350.0	292
08.01.2025 00:00	3380.0	3440.0	3320.0	3330.0	850
09.01.2025 00:00	3330.0	3480.0	3325.0	3390.0	957
10.01.2025 00:00	3415.0	3480.0	3325.0	3340.0	2952
13.01.2025 00:00	3365.0	3450.0	3335.0	3420.0	808
14.01.2025 00:00	3395.0	3550.0	3395.0	3470.0	1308
15.01.2025 00:00	3440.0	3530.0	3440.0	3485.0	110
16.01.2025 00:00	3470.0	3525.0	3470.0	3495.0	349
17.01.2025 00:00	3470.0	3510.0	3470.0	3510.0	352
20.01.2025 00:00	3510.0	3650.0	3445.0	3495.0	1563
21.01.2025 00:00	3510.0	3590.0	3495.0	3510.0	665
22.01.2025 00:00	3520.0	3650.0	3520.0	3625.0	632
23.01.2025 00:00	3640.0	3640.0	3535.0	3600.0	303
24.01.2025 00:00	3600.0	3630.0	3510.0	3520.0	200
27.01.2025 00:00	3530.0	3530.0	3475.0	3475.0	221
28.01.2025 00:00	3475.0	3650.0	3475.0	3625.0	976
29.01.2025 00:00	3530.0	3610.0	3510.0	3575.0	186
30.01.2025 00:00	3610.0	3700.0	3530.0	3560.0	929
31.01.2025 00:00	3620.0	3650.0	3585.0	3610.0	94
03.02.2025 00:00	3620.0	3620.0	3530.0	3535.0	190
04.02.2025 00:00	3580.0	3600.0	3545.0	3560.0	436
05.02.2025 00:00	3595.0	3800.0	3505.0	3605.0	1261
06.02.2025 00:00	3635.0	3825.0	3635.0	3650.0	456
07.02.2025 00:00	3655.0	3695.0	3615.0	3625.0	111
10.02.2025 00:00	3675.0	3800.0	3675.0	3740.0	266
11.02.2025 00:00	3680.0	3800.0	3670.0	3695.0	610
12.02.2025 00:00	3695.0	3770.0	3690.0	3700.0	397
13.02.2025 00:00	3730.0	3765.0	3600.0	3630.0	352
14.02.2025 00:00	3655.0	3690.0	3630.0	3660.0	195
17.02.2025 00:00	3630.0	3720.0	3630.0	3680.0	503
18.02.2025 00:00	3665.0	3665.0	3535.0	3655.0	854
19.02.2025 00:00	3650.0	3950.0	3650.0	3790.0	2107
20.02.2025 00:00	3805.0	3850.0	3705.0	3850.0	661
21.02.2025 00:00	3850.0	3890.0	3760.0	3840.0	596
24.02.2025 00:00	3780.0	3860.0	3730.0	3830.0	910
25.02.2025 00:00	3800.0	3900.0	3800.0	3855.0	461
26.02.2025 00:00	3805.0	3950.0	3800.0	3845.0	680
27.02.2025 00:00	3815.0	3950.0	3815.0	3890.0	1285
28.02.2025 00:00	3925.0	4105.0	3835.0	4085.0	2318
03.03.2025 00:00	4080.0	4080.0	3735.0	3895.0	648
04.03.2025 00:00	3895.0	4260.0	3895.0	3980.0	2628
05.03.2025 00:00	4070.0	4335.0	4000.0	4300.0	3273
06.03.2025 00:00	4300.0	4300.0	4075.0	4120.0	981
07.03.2025 00:00	4225.0	4295.0	4080.0	4080.0	789
10.03.2025 00:00	4080.0	4290.0	4080.0	4175.0	272
11.03.2025 00:00	4175.0	4300.0	4105.0	4190.0	684
12.03.2025 00:00	4265.0	4275.0	4055.0	4110.0	485
13.03.2025 00:00	4095.0	4140.0	3980.0	4025.0	218
14.03.2025 00:00	4105.0	4240.0	4030.0	4030.0	478
17.03.2025 00:00	4030.0	4170.0	4030.0	4130.0	587
18.03.2025 00:00	4155.0	4155.0	4055.0	4070.0	166
19.03.2025 00:00	4070.0	4085.0	3910.0	4020.0	687
20.03.2025 00:00	4065.0	4065.0	3955.0	3980.0	127
21.03.2025 00:00	4000.0	4045.0	3800.0	3965.0	724
24.03.2025 00:00	3905.0	4025.0	3905.0	3965.0	557
25.03.2025 00:00	3975.0	4060.0	3950.0	3995.0	922
26.03.2025 00:00	4010.0	4200.0	3990.0	4200.0	1137
27.03.2025 00:00	4285.0	4290.0	3980.0	4000.0	640
28.03.2025 00:00	3975.0	4050.0	3895.0	3925.0	213
31.03.2025 00:00	3900.0	4015.0	3705.0	3830.0	899
01.04.2025 00:00	3915.0	3985.0	3810.0	3900.0	317
02.04.2025 00:00	3900.0	3940.0	3765.0	3770.0	883
03.04.2025 00:00	3870.0	3935.0	3625.0	3680.0	2676
04.04.2025 00:00	3780.0	3825.0	3640.0	3735.0	580
07.04.2025 00:00	3670.0	3750.0	3510.0	3680.0	583
08.04.2025 00:00	3680.0	4290.0	3650.0	4005.0	2026
09.04.2025 00:00	4010.0	4010.0	3815.0	3885.0	515
10.04.2025 00:00	3855.0	3950.0	3850.0	3950.0	227
11.04.2025 00:00	3950.0	4350.0	3950.0	4040.0	1677
14.04.2025 00:00	4060.0	4315.0	4040.0	4275.0	1334
15.04.2025 00:00	4290.0	4290.0	4130.0	4160.0	434
16.04.2025 00:00	4270.0	4270.0	4120.0	4185.0	399
17.04.2025 00:00	4100.0	4300.0	4055.0	4280.0	288
18.04.2025 00:00	4230.0	4260.0	4140.0	4200.0	145
21.04.2025 00:00	4160.0	4245.0	4100.0	4225.0	308
22.04.2025 00:00	4225.0	4280.0	4165.0	4175.0	201
23.04.2025 00:00	4250.0	4270.0	4165.0	4195.0	180
24.04.2025 00:00	4170.0	4200.0	4075.0	4085.0	366
25.04.2025 00:00	4095.0	4140.0	4030.0	4060.0	111
28.04.2025 00:00	4005.0	4240.0	4000.0	4080.0	264
29.04.2025 00:00	4065.0	4065.0	3950.0	3950.0	228
30.04.2025 00:00	3970.0	4200.0	3900.0	4085.0	920
02.05.2025 00:00	4065.0	4305.0	4030.0	4130.0	752
05.05.2025 00:00	4095.0	4285.0	4095.0	4095.0	189
06.05.2025 00:00	4095.0	4140.0	4095.0	4140.0	58
07.05.2025 00:00	4135.0	4310.0	4135.0	4220.0	318
08.05.2025 00:00	4220.0	4310.0	4160.0	4165.0	106
12.05.2025 00:00	4230.0	4300.0	4175.0	4270.0	736
13.05.2025 00:00	4215.0	4265.0	4105.0	4230.0	405
14.05.2025 00:00	4200.0	4205.0	4115.0	4125.0	133
15.05.2025 00:00	4175.0	4200.0	4030.0	4155.0	750
16.05.2025 00:00	4145.0	4190.0	4130.0	4180.0	227
19.05.2025 00:00	4115.0	4200.0	4115.0	4190.0	90
20.05.2025 00:00	4105.0	4240.0	4105.0	4150.0	480
21.05.2025 00:00	4175.0	4175.0	4150.0	4160.0	27
22.05.2025 00:00	4130.0	4150.0	4000.0	4025.0	675
