datetime	open	high	low	close	volume
12.03.2018 00:00	0.367	0.375	0.367	0.375	11
13.03.2018 00:00	0.37	0.377	0.369	0.369	8
14.03.2018 00:00	0.377	0.377	0.369	0.372	10
15.03.2018 00:00	0.369	0.372	0.366	0.372	4
16.03.2018 00:00	0.371	0.372	0.366	0.366	21
19.03.2018 00:00	0.372	0.372	0.369	0.372	1
20.03.2018 00:00	0.367	0.375	0.367	0.369	2
21.03.2018 00:00	0.368	0.374	0.368	0.369	7
22.03.2018 00:00	0.367	0.374	0.365	0.374	40
23.03.2018 00:00	0.369	0.371	0.365	0.37	62
26.03.2018 00:00	0.364	0.369	0.361	0.369	68
27.03.2018 00:00	0.369	0.369	0.358	0.359	85
28.03.2018 00:00	0.359	0.364	0.357	0.357	2
29.03.2018 00:00	0.355	0.364	0.352	0.364	135
02.04.2018 00:00	0.364	0.366	0.358	0.362	4
03.04.2018 00:00	0.366	0.366	0.352	0.366	1
04.04.2018 00:00	0.353	0.365	0.352	0.359	5
05.04.2018 00:00	0.352	0.365	0.352	0.365	2
06.04.2018 00:00	0.359	0.359	0.359	0.359	2
09.04.2018 00:00	0.352	0.352	0.342	0.342	120
10.04.2018 00:00	0.343	0.355	0.34	0.34600000000000003	32
11.04.2018 00:00	0.34600000000000003	0.34600000000000003	0.334	0.34400000000000003	48
12.04.2018 00:00	0.34400000000000003	0.34800000000000003	0.343	0.343	2
13.04.2018 00:00	0.34400000000000003	0.34800000000000003	0.34400000000000003	0.34500000000000003	25
16.04.2018 00:00	0.343	0.34900000000000003	0.342	0.342	2
17.04.2018 00:00	0.341	0.364	0.341	0.34900000000000003	3
18.04.2018 00:00	0.356	0.364	0.355	0.359	23
19.04.2018 00:00	0.34900000000000003	0.359	0.34900000000000003	0.34900000000000003	1
24.04.2018 00:00	0.358	0.358	0.356	0.358	1
25.04.2018 00:00	0.356	0.356	0.343	0.343	3
26.04.2018 00:00	0.35000000000000003	0.35000000000000003	0.35000000000000003	0.35000000000000003	1
27.04.2018 00:00	0.35000000000000003	0.355	0.35000000000000003	0.35000000000000003	2
28.04.2018 00:00	0.34900000000000003	0.355	0.34900000000000003	0.34900000000000003	26
30.04.2018 00:00	0.34900000000000003	0.34900000000000003	0.34900000000000003	0.34900000000000003	1
02.05.2018 00:00	0.356	0.359	0.356	0.356	1
03.05.2018 00:00	0.359	0.369	0.359	0.359	2
04.05.2018 00:00	0.359	0.369	0.28	0.304	547
07.05.2018 00:00	0.32	0.33	0.309	0.327	374
08.05.2018 00:00	0.327	0.328	0.3	0.325	428
10.05.2018 00:00	0.333	0.333	0.33	0.33	3
11.05.2018 00:00	0.322	0.33	0.321	0.323	36
14.05.2018 00:00	0.33	0.33	0.33	0.33	5
15.05.2018 00:00	0.33	0.33	0.324	0.324	8
16.05.2018 00:00	0.325	0.326	0.321	0.325	47
17.05.2018 00:00	0.325	0.326	0.322	0.326	34
18.05.2018 00:00	0.321	0.321	0.317	0.32	261
22.05.2018 00:00	0.322	0.328	0.32	0.32	5
23.05.2018 00:00	0.32	0.328	0.32	0.328	17
24.05.2018 00:00	0.327	0.327	0.321	0.321	3
25.05.2018 00:00	0.322	0.326	0.322	0.326	3
28.05.2018 00:00	0.321	0.321	0.32	0.321	9
29.05.2018 00:00	0.32	0.321	0.32	0.32	6
30.05.2018 00:00	0.314	0.32	0.31	0.312	40
31.05.2018 00:00	0.318	0.321	0.318	0.32	20
01.06.2018 00:00	0.318	0.323	0.311	0.323	20
04.06.2018 00:00	0.327	0.328	0.327	0.328	3
05.06.2018 00:00	0.327	0.327	0.32	0.325	18
06.06.2018 00:00	0.329	0.329	0.324	0.324	16
07.06.2018 00:00	0.326	0.326	0.325	0.325	28
08.06.2018 00:00	0.325	0.326	0.318	0.325	10
09.06.2018 00:00	0.328	0.328	0.328	0.328	2
11.06.2018 00:00	0.331	0.332	0.33	0.33	22
13.06.2018 00:00	0.328	0.329	0.327	0.329	6
14.06.2018 00:00	0.327	0.329	0.317	0.321	87
15.06.2018 00:00	0.312	0.312	0.299	0.303	87
18.06.2018 00:00	0.304	0.308	0.302	0.308	17
19.06.2018 00:00	0.306	0.308	0.299	0.307	35
20.06.2018 00:00	0.308	0.312	0.308	0.31	15
21.06.2018 00:00	0.312	0.312	0.311	0.311	5
22.06.2018 00:00	0.311	0.311	0.289	0.299	238
25.06.2018 00:00	0.311	0.314	0.31	0.314	13
26.06.2018 00:00	0.317	0.32	0.317	0.318	50
27.06.2018 00:00	0.327	0.327	0.327	0.327	1
28.06.2018 00:00	0.312	0.32	0.312	0.32	53
29.06.2018 00:00	0.32	0.32	0.32	0.32	23
03.07.2018 00:00	0.303	0.324	0.28800000000000003	0.321	84
04.07.2018 00:00	0.32	0.321	0.32	0.321	7
05.07.2018 00:00	0.32	0.32	0.32	0.32	8
06.07.2018 00:00	0.323	0.323	0.323	0.323	14
09.07.2018 00:00	0.32	0.329	0.32	0.328	18
10.07.2018 00:00	0.323	0.323	0.323	0.323	1
11.07.2018 00:00	0.32	0.324	0.32	0.324	11
12.07.2018 00:00	0.324	0.325	0.32	0.325	7
13.07.2018 00:00	0.32	0.32	0.32	0.32	1
16.07.2018 00:00	0.323	0.329	0.323	0.328	44
18.07.2018 00:00	0.329	0.329	0.329	0.329	1
20.07.2018 00:00	0.323	0.327	0.323	0.327	7
23.07.2018 00:00	0.328	0.328	0.328	0.328	48
24.07.2018 00:00	0.329	0.343	0.329	0.329	13
25.07.2018 00:00	0.34400000000000003	0.34800000000000003	0.34	0.34500000000000003	55
26.07.2018 00:00	0.33	0.343	0.33	0.343	2
27.07.2018 00:00	0.343	0.34600000000000003	0.343	0.34600000000000003	24
03.08.2018 00:00	0.34	0.34	0.34	0.34	3
06.08.2018 00:00	0.34	0.34	0.34	0.34	1
07.08.2018 00:00	0.34	0.34	0.335	0.335	27
08.08.2018 00:00	0.329	0.34800000000000003	0.329	0.331	44
09.08.2018 00:00	0.322	0.331	0.295	0.33	31
10.08.2018 00:00	0.32	0.338	0.32	0.32	9
13.08.2018 00:00	0.315	0.315	0.315	0.315	1
16.08.2018 00:00	0.31	0.333	0.31	0.333	4
17.08.2018 00:00	0.32	0.32	0.32	0.32	13
20.08.2018 00:00	0.335	0.335	0.327	0.33	21
21.08.2018 00:00	0.332	0.335	0.33	0.335	3
22.08.2018 00:00	0.335	0.338	0.335	0.338	40
23.08.2018 00:00	0.33	0.33	0.33	0.33	11
24.08.2018 00:00	0.33	0.336	0.33	0.336	15
27.08.2018 00:00	0.343	0.34600000000000003	0.343	0.343	24
29.08.2018 00:00	0.34	0.34	0.34	0.34	2
31.08.2018 00:00	0.316	0.326	0.316	0.326	15
03.09.2018 00:00	0.337	0.337	0.337	0.337	3
06.09.2018 00:00	0.33	0.33	0.33	0.33	1
07.09.2018 00:00	0.331	0.331	0.331	0.331	6
10.09.2018 00:00	0.334	0.334	0.334	0.334	2
11.09.2018 00:00	0.33	0.33	0.33	0.33	1
12.09.2018 00:00	0.324	0.324	0.307	0.321	28
13.09.2018 00:00	0.33	0.332	0.33	0.332	19
14.09.2018 00:00	0.316	0.325	0.316	0.325	5
17.09.2018 00:00	0.33	0.33	0.33	0.33	1
18.09.2018 00:00	0.33	0.33	0.33	0.33	2
19.09.2018 00:00	0.316	0.34	0.312	0.335	20
20.09.2018 00:00	0.34	0.343	0.34	0.34	5
21.09.2018 00:00	0.343	0.343	0.343	0.343	1
24.09.2018 00:00	0.343	0.343	0.343	0.343	1
25.09.2018 00:00	0.33	0.33	0.33	0.33	11
26.09.2018 00:00	0.336	0.339	0.336	0.339	2
28.09.2018 00:00	0.33	0.33	0.33	0.33	1
01.10.2018 00:00	0.34400000000000003	0.34700000000000003	0.34400000000000003	0.34700000000000003	3
02.10.2018 00:00	0.331	0.331	0.331	0.331	1
03.10.2018 00:00	0.34700000000000003	0.34700000000000003	0.34	0.34	3
04.10.2018 00:00	0.326	0.34500000000000003	0.323	0.34500000000000003	9
05.10.2018 00:00	0.343	0.343	0.34	0.34	2
08.10.2018 00:00	0.34	0.343	0.328	0.328	7
09.10.2018 00:00	0.326	0.33	0.326	0.33	2
11.10.2018 00:00	0.32	0.34	0.314	0.34	41
18.10.2018 00:00	0.315	0.335	0.31	0.335	21
19.10.2018 00:00	0.324	0.324	0.324	0.324	1
22.10.2018 00:00	0.33	0.33	0.308	0.309	222
23.10.2018 00:00	0.313	0.313	0.313	0.313	1
24.10.2018 00:00	0.309	0.309	0.309	0.309	1
25.10.2018 00:00	0.295	0.314	0.295	0.314	24
29.10.2018 00:00	0.313	0.313	0.309	0.309	8
30.10.2018 00:00	0.31	0.31	0.31	0.31	1
31.10.2018 00:00	0.31	0.313	0.309	0.309	21
01.11.2018 00:00	0.309	0.309	0.309	0.309	2
02.11.2018 00:00	0.304	0.317	0.304	0.311	85
06.11.2018 00:00	0.307	0.309	0.304	0.304	154
07.11.2018 00:00	0.303	0.306	0.303	0.306	32
08.11.2018 00:00	0.302	0.306	0.3	0.302	60
09.11.2018 00:00	0.306	0.31	0.304	0.304	4
12.11.2018 00:00	0.303	0.306	0.3	0.306	5
13.11.2018 00:00	0.299	0.3	0.299	0.299	20
14.11.2018 00:00	0.307	0.307	0.304	0.304	27
15.11.2018 00:00	0.301	0.302	0.299	0.3	11
16.11.2018 00:00	0.3	0.3	0.299	0.299	4
19.11.2018 00:00	0.299	0.299	0.299	0.299	1
20.11.2018 00:00	0.299	0.299	0.297	0.297	2
22.11.2018 00:00	0.299	0.299	0.299	0.299	1
23.11.2018 00:00	0.308	0.309	0.3	0.3	3
27.11.2018 00:00	0.3	0.3	0.299	0.299	4
28.11.2018 00:00	0.297	0.298	0.297	0.298	7
29.11.2018 00:00	0.298	0.299	0.298	0.299	5
30.11.2018 00:00	0.299	0.299	0.299	0.299	7
03.12.2018 00:00	0.299	0.3	0.299	0.3	42
07.12.2018 00:00	0.3	0.302	0.3	0.302	8
10.12.2018 00:00	0.298	0.302	0.296	0.302	11
11.12.2018 00:00	0.305	0.305	0.305	0.305	1
12.12.2018 00:00	0.3	0.302	0.299	0.299	6
13.12.2018 00:00	0.299	0.305	0.299	0.305	10
14.12.2018 00:00	0.306	0.306	0.306	0.306	5
17.12.2018 00:00	0.301	0.304	0.299	0.301	19
18.12.2018 00:00	0.298	0.303	0.297	0.299	21
19.12.2018 00:00	0.299	0.299	0.299	0.299	3
20.12.2018 00:00	0.299	0.309	0.299	0.306	30
21.12.2018 00:00	0.299	0.309	0.299	0.303	7
24.12.2018 00:00	0.302	0.302	0.302	0.302	1
25.12.2018 00:00	0.299	0.299	0.299	0.299	54
26.12.2018 00:00	0.303	0.309	0.303	0.309	16
27.12.2018 00:00	0.301	0.301	0.296	0.296	5
29.12.2018 00:00	0.304	0.306	0.3	0.3	5
04.01.2019 00:00	0.297	0.297	0.297	0.297	10
08.01.2019 00:00	0.306	0.306	0.306	0.306	1
09.01.2019 00:00	0.299	0.299	0.299	0.299	1
10.01.2019 00:00	0.306	0.307	0.301	0.307	5
11.01.2019 00:00	0.307	0.311	0.307	0.311	9
16.01.2019 00:00	0.309	0.309	0.302	0.303	18
17.01.2019 00:00	0.306	0.306	0.306	0.306	1
18.01.2019 00:00	0.311	0.388	0.311	0.382	1742
21.01.2019 00:00	0.371	0.41300000000000003	0.335	0.337	925
22.01.2019 00:00	0.34	0.34	0.321	0.326	135
23.01.2019 00:00	0.32	0.325	0.296	0.316	139
24.01.2019 00:00	0.318	0.323	0.314	0.321	33
25.01.2019 00:00	0.32	0.33	0.314	0.314	16
28.01.2019 00:00	0.317	0.317	0.31	0.31	21
29.01.2019 00:00	0.32	0.32	0.31	0.311	7
30.01.2019 00:00	0.311	0.314	0.309	0.314	15
31.01.2019 00:00	0.314	0.323	0.312	0.312	6
01.02.2019 00:00	0.31	0.34	0.31	0.312	91
04.02.2019 00:00	0.321	0.321	0.31	0.312	34
05.02.2019 00:00	0.324	0.328	0.315	0.324	11
06.02.2019 00:00	0.327	0.34600000000000003	0.327	0.329	29
07.02.2019 00:00	0.332	0.338	0.325	0.327	47
08.02.2019 00:00	0.326	0.326	0.31	0.318	28
11.02.2019 00:00	0.325	0.326	0.311	0.313	24
12.02.2019 00:00	0.317	0.321	0.316	0.321	4
13.02.2019 00:00	0.32	0.325	0.317	0.317	11
14.02.2019 00:00	0.315	0.315	0.314	0.315	16
15.02.2019 00:00	0.311	0.323	0.311	0.316	5
18.02.2019 00:00	0.316	0.316	0.316	0.316	6
19.02.2019 00:00	0.316	0.316	0.311	0.311	14
20.02.2019 00:00	0.311	0.312	0.31	0.31	5
21.02.2019 00:00	0.315	0.315	0.315	0.315	8
22.02.2019 00:00	0.315	0.315	0.299	0.305	149
25.02.2019 00:00	0.309	0.309	0.303	0.306	7
26.02.2019 00:00	0.31	0.31	0.301	0.301	19
27.02.2019 00:00	0.306	0.306	0.305	0.305	3
01.03.2019 00:00	0.304	0.305	0.304	0.305	2
04.03.2019 00:00	0.301	0.305	0.299	0.3	18
05.03.2019 00:00	0.305	0.305	0.304	0.305	5
06.03.2019 00:00	0.307	0.307	0.29	0.299	142
11.03.2019 00:00	0.301	0.301	0.3	0.301	8
12.03.2019 00:00	0.297	0.297	0.297	0.297	2
13.03.2019 00:00	0.299	0.299	0.291	0.298	33
14.03.2019 00:00	0.298	0.298	0.289	0.289	95
15.03.2019 00:00	0.28700000000000003	0.296	0.28600000000000003	0.291	29
19.03.2019 00:00	0.294	0.294	0.28	0.291	110
20.03.2019 00:00	0.29	0.309	0.28300000000000003	0.291	263
21.03.2019 00:00	0.291	0.291	0.28	0.28400000000000003	121
22.03.2019 00:00	0.281	0.28200000000000003	0.277	0.28200000000000003	50
25.03.2019 00:00	0.28	0.28300000000000003	0.28	0.28300000000000003	9
26.03.2019 00:00	0.28500000000000003	0.28500000000000003	0.28400000000000003	0.28400000000000003	4
27.03.2019 00:00	0.28400000000000003	0.28500000000000003	0.281	0.281	12
28.03.2019 00:00	0.281	0.28300000000000003	0.278	0.281	6
29.03.2019 00:00	0.28	0.28	0.28	0.28	1
01.04.2019 00:00	0.281	0.28500000000000003	0.281	0.28300000000000003	14
02.04.2019 00:00	0.28	0.28	0.279	0.279	19
03.04.2019 00:00	0.279	0.281	0.277	0.281	9
05.04.2019 00:00	0.28300000000000003	0.28600000000000003	0.28	0.28	24
09.04.2019 00:00	0.28800000000000003	0.289	0.28200000000000003	0.28300000000000003	10
10.04.2019 00:00	0.281	0.299	0.281	0.281	63
11.04.2019 00:00	0.28600000000000003	0.289	0.28200000000000003	0.28800000000000003	6
12.04.2019 00:00	0.28700000000000003	0.28800000000000003	0.28700000000000003	0.28800000000000003	3
15.04.2019 00:00	0.289	0.299	0.28500000000000003	0.292	27
16.04.2019 00:00	0.292	0.304	0.291	0.299	43
17.04.2019 00:00	0.302	0.302	0.297	0.297	2
18.04.2019 00:00	0.291	0.296	0.291	0.296	7
22.04.2019 00:00	0.293	0.293	0.293	0.293	8
24.04.2019 00:00	0.293	0.294	0.289	0.294	24
25.04.2019 00:00	0.294	0.294	0.294	0.294	2
26.04.2019 00:00	0.297	0.297	0.289	0.29	20
29.04.2019 00:00	0.28800000000000003	0.303	0.28200000000000003	0.295	98
30.04.2019 00:00	0.294	0.294	0.29	0.29	26
02.05.2019 00:00	0.28300000000000003	0.289	0.272	0.28400000000000003	63
03.05.2019 00:00	0.28400000000000003	0.28400000000000003	0.28400000000000003	0.28400000000000003	1
06.05.2019 00:00	0.28800000000000003	0.291	0.28800000000000003	0.28800000000000003	8
07.05.2019 00:00	0.295	0.295	0.289	0.289	2
10.05.2019 00:00	0.297	0.297	0.297	0.297	2
13.05.2019 00:00	0.289	0.29	0.28300000000000003	0.28300000000000003	19
14.05.2019 00:00	0.28400000000000003	0.28500000000000003	0.28400000000000003	0.28400000000000003	4
20.05.2019 00:00	0.28400000000000003	0.289	0.28300000000000003	0.28400000000000003	9
21.05.2019 00:00	0.289	0.294	0.289	0.294	5
22.05.2019 00:00	0.28400000000000003	0.293	0.28300000000000003	0.28300000000000003	4
23.05.2019 00:00	0.28200000000000003	0.28800000000000003	0.28200000000000003	0.28800000000000003	4
24.05.2019 00:00	0.28600000000000003	0.289	0.281	0.28600000000000003	17
27.05.2019 00:00	0.281	0.281	0.281	0.281	5
28.05.2019 00:00	0.28600000000000003	0.28600000000000003	0.277	0.28	24
29.05.2019 00:00	0.277	0.277	0.277	0.277	1
30.05.2019 00:00	0.28600000000000003	0.28600000000000003	0.281	0.281	4
31.05.2019 00:00	0.281	0.281	0.281	0.281	4
03.06.2019 00:00	0.28800000000000003	0.28800000000000003	0.278	0.28200000000000003	14
04.06.2019 00:00	0.278	0.278	0.277	0.277	14
05.06.2019 00:00	0.277	0.277	0.273	0.273	47
06.06.2019 00:00	0.275	0.28400000000000003	0.271	0.28400000000000003	75
07.06.2019 00:00	0.28400000000000003	0.28500000000000003	0.275	0.275	34
10.06.2019 00:00	0.275	0.305	0.273	0.28400000000000003	421
11.06.2019 00:00	0.277	0.28400000000000003	0.275	0.281	38
13.06.2019 00:00	0.276	0.281	0.273	0.274	41
14.06.2019 00:00	0.276	0.278	0.273	0.273	36
17.06.2019 00:00	0.278	0.281	0.278	0.281	13
19.06.2019 00:00	0.276	0.28	0.271	0.274	216
20.06.2019 00:00	0.274	0.277	0.274	0.276	17
21.06.2019 00:00	0.279	0.28	0.273	0.273	14
24.06.2019 00:00	0.272	0.279	0.272	0.277	20
25.06.2019 00:00	0.274	0.28	0.274	0.274	17
26.06.2019 00:00	0.275	0.275	0.275	0.275	11
27.06.2019 00:00	0.273	0.278	0.272	0.272	19
28.06.2019 00:00	0.278	0.28200000000000003	0.272	0.28	41
01.07.2019 00:00	0.28	0.281	0.278	0.281	86
02.07.2019 00:00	0.271	0.277	0.271	0.273	81
03.07.2019 00:00	0.278	0.279	0.277	0.277	9
04.07.2019 00:00	0.277	0.277	0.274	0.277	16
05.07.2019 00:00	0.277	0.278	0.277	0.278	12
08.07.2019 00:00	0.278	0.279	0.276	0.278	13
09.07.2019 00:00	0.279	0.279	0.279	0.279	2
10.07.2019 00:00	0.276	0.276	0.272	0.272	25
11.07.2019 00:00	0.276	0.277	0.273	0.274	22
12.07.2019 00:00	0.273	0.274	0.272	0.272	23
15.07.2019 00:00	0.277	0.277	0.273	0.276	7
16.07.2019 00:00	0.274	0.274	0.274	0.274	1
17.07.2019 00:00	0.277	0.277	0.275	0.275	12
18.07.2019 00:00	0.277	0.277	0.273	0.273	9
19.07.2019 00:00	0.274	0.274	0.274	0.274	13
22.07.2019 00:00	0.275	0.276	0.274	0.274	5
24.07.2019 00:00	0.274	0.274	0.272	0.273	18
25.07.2019 00:00	0.272	0.276	0.272	0.276	12
26.07.2019 00:00	0.275	0.275	0.275	0.275	10
29.07.2019 00:00	0.273	0.276	0.271	0.276	22
30.07.2019 00:00	0.276	0.276	0.273	0.273	4
31.07.2019 00:00	0.276	0.277	0.273	0.273	31
02.08.2019 00:00	0.275	0.276	0.272	0.275	7
05.08.2019 00:00	0.274	0.275	0.274	0.274	5
06.08.2019 00:00	0.273	0.274	0.273	0.274	8
07.08.2019 00:00	0.275	0.275	0.271	0.271	28
08.08.2019 00:00	0.272	0.272	0.272	0.272	8
09.08.2019 00:00	0.272	0.273	0.27	0.273	54
12.08.2019 00:00	0.273	0.275	0.27	0.271	36
13.08.2019 00:00	0.27	0.271	0.269	0.269	20
14.08.2019 00:00	0.27	0.27	0.269	0.269	7
15.08.2019 00:00	0.268	0.268	0.267	0.267	3
16.08.2019 00:00	0.265	0.27	0.264	0.264	17
19.08.2019 00:00	0.264	0.267	0.263	0.263	15
20.08.2019 00:00	0.262	0.267	0.262	0.267	9
23.08.2019 00:00	0.268	0.268	0.262	0.262	22
28.08.2019 00:00	0.262	0.263	0.261	0.263	16
29.08.2019 00:00	0.261	0.261	0.261	0.261	6
30.08.2019 00:00	0.261	0.266	0.261	0.263	3
02.09.2019 00:00	0.261	0.261	0.261	0.261	2
03.09.2019 00:00	0.264	0.264	0.264	0.264	2
04.09.2019 00:00	0.267	0.267	0.262	0.263	11
05.09.2019 00:00	0.268	0.279	0.267	0.279	78
06.09.2019 00:00	0.272	0.272	0.262	0.269	37
09.09.2019 00:00	0.27	0.274	0.27	0.273	18
10.09.2019 00:00	0.277	0.277	0.276	0.276	28
11.09.2019 00:00	0.277	0.278	0.272	0.272	9
12.09.2019 00:00	0.272	0.273	0.266	0.273	10
13.09.2019 00:00	0.274	0.278	0.268	0.268	30
16.09.2019 00:00	0.268	0.271	0.268	0.271	35
17.09.2019 00:00	0.271	0.34400000000000003	0.271	0.299	2090
18.09.2019 00:00	0.302	0.323	0.275	0.28700000000000003	912
19.09.2019 00:00	0.289	0.309	0.28600000000000003	0.291	1318
20.09.2019 00:00	0.304	0.304	0.289	0.289	39
23.09.2019 00:00	0.28700000000000003	0.297	0.28300000000000003	0.294	50
24.09.2019 00:00	0.294	0.304	0.29	0.296	223
25.09.2019 00:00	0.296	0.296	0.295	0.295	28
26.09.2019 00:00	0.296	0.296	0.292	0.296	32
27.09.2019 00:00	0.295	0.311	0.295	0.311	103
30.09.2019 00:00	0.305	0.34800000000000003	0.304	0.322	2153
01.10.2019 00:00	0.329	0.339	0.301	0.304	1079
02.10.2019 00:00	0.299	0.311	0.292	0.292	216
03.10.2019 00:00	0.294	0.307	0.28800000000000003	0.289	349
04.10.2019 00:00	0.28800000000000003	0.292	0.28600000000000003	0.289	74
07.10.2019 00:00	0.289	0.292	0.289	0.29	51
08.10.2019 00:00	0.29	0.3	0.289	0.3	105
09.10.2019 00:00	0.297	0.34600000000000003	0.294	0.318	1427
10.10.2019 00:00	0.312	0.312	0.289	0.298	407
11.10.2019 00:00	0.294	0.304	0.293	0.293	31
14.10.2019 00:00	0.298	0.303	0.298	0.303	14
15.10.2019 00:00	0.295	0.296	0.294	0.295	13
16.10.2019 00:00	0.293	0.295	0.291	0.294	15
17.10.2019 00:00	0.292	0.298	0.292	0.294	15
18.10.2019 00:00	0.298	0.3	0.298	0.3	25
21.10.2019 00:00	0.3	0.3	0.28400000000000003	0.29	37
22.10.2019 00:00	0.292	0.299	0.291	0.299	33
23.10.2019 00:00	0.292	0.293	0.28700000000000003	0.28700000000000003	98
24.10.2019 00:00	0.28600000000000003	0.28600000000000003	0.28500000000000003	0.28500000000000003	2
25.10.2019 00:00	0.28600000000000003	0.292	0.28600000000000003	0.29	9
28.10.2019 00:00	0.28600000000000003	0.28600000000000003	0.28400000000000003	0.28500000000000003	10
29.10.2019 00:00	0.28400000000000003	0.289	0.28400000000000003	0.28700000000000003	6
30.10.2019 00:00	0.28500000000000003	0.289	0.281	0.28700000000000003	35
31.10.2019 00:00	0.289	0.291	0.277	0.281	48
01.11.2019 00:00	0.281	0.295	0.271	0.271	236
05.11.2019 00:00	0.28	0.28	0.277	0.279	12
06.11.2019 00:00	0.278	0.279	0.261	0.273	250
07.11.2019 00:00	0.275	0.278	0.275	0.277	7
08.11.2019 00:00	0.273	0.278	0.273	0.276	5
11.11.2019 00:00	0.275	0.275	0.274	0.274	8
12.11.2019 00:00	0.279	0.28	0.274	0.274	4
13.11.2019 00:00	0.273	0.277	0.271	0.271	12
14.11.2019 00:00	0.275	0.276	0.274	0.274	13
15.11.2019 00:00	0.273	0.275	0.273	0.274	2
18.11.2019 00:00	0.276	0.277	0.274	0.274	15
19.11.2019 00:00	0.274	0.274	0.274	0.274	3
20.11.2019 00:00	0.273	0.274	0.273	0.274	3
21.11.2019 00:00	0.273	0.273	0.272	0.272	2
22.11.2019 00:00	0.275	0.29	0.273	0.28300000000000003	83
25.11.2019 00:00	0.281	0.289	0.281	0.28500000000000003	59
26.11.2019 00:00	0.29	0.297	0.281	0.281	71
27.11.2019 00:00	0.28400000000000003	0.28500000000000003	0.28200000000000003	0.28400000000000003	14
28.11.2019 00:00	0.28700000000000003	0.296	0.28	0.28300000000000003	427
29.11.2019 00:00	0.28400000000000003	0.28400000000000003	0.28	0.281	12
02.12.2019 00:00	0.277	0.28300000000000003	0.277	0.28	10
03.12.2019 00:00	0.278	0.28400000000000003	0.278	0.28400000000000003	6
04.12.2019 00:00	0.28200000000000003	0.28300000000000003	0.28	0.281	13
05.12.2019 00:00	0.281	0.281	0.28	0.281	36
06.12.2019 00:00	0.279	0.281	0.273	0.279	37
10.12.2019 00:00	0.28	0.281	0.28	0.28	57
11.12.2019 00:00	0.281	0.281	0.278	0.28	79
12.12.2019 00:00	0.281	0.28400000000000003	0.28	0.281	33
13.12.2019 00:00	0.28300000000000003	0.28300000000000003	0.281	0.28200000000000003	37
16.12.2019 00:00	0.28700000000000003	0.28700000000000003	0.281	0.28300000000000003	32
17.12.2019 00:00	0.28400000000000003	0.28400000000000003	0.28400000000000003	0.28400000000000003	39
18.12.2019 00:00	0.28500000000000003	0.28600000000000003	0.28300000000000003	0.28500000000000003	54
19.12.2019 00:00	0.28500000000000003	0.28600000000000003	0.28400000000000003	0.28600000000000003	20
20.12.2019 00:00	0.28700000000000003	0.28700000000000003	0.28400000000000003	0.28400000000000003	19
23.12.2019 00:00	0.28600000000000003	0.302	0.28600000000000003	0.294	449
24.12.2019 00:00	0.29	0.301	0.28700000000000003	0.29	195
25.12.2019 00:00	0.28800000000000003	0.292	0.28500000000000003	0.291	99
26.12.2019 00:00	0.291	0.295	0.28400000000000003	0.293	178
27.12.2019 00:00	0.295	0.298	0.293	0.297	179
30.12.2019 00:00	0.299	0.308	0.293	0.308	245
03.01.2020 00:00	0.305	0.322	0.299	0.307	88
06.01.2020 00:00	0.307	0.32	0.299	0.304	68
08.01.2020 00:00	0.302	0.305	0.231	0.304	87
09.01.2020 00:00	0.303	0.306	0.297	0.303	77
10.01.2020 00:00	0.303	0.304	0.298	0.299	84
13.01.2020 00:00	0.291	0.299	0.291	0.295	36
14.01.2020 00:00	0.296	0.299	0.293	0.296	14
15.01.2020 00:00	0.295	0.295	0.295	0.295	2
16.01.2020 00:00	0.294	0.297	0.289	0.295	27
17.01.2020 00:00	0.292	0.306	0.29	0.298	56
20.01.2020 00:00	0.299	0.303	0.299	0.301	20
21.01.2020 00:00	0.299	0.299	0.299	0.299	4
22.01.2020 00:00	0.298	0.305	0.291	0.299	118
23.01.2020 00:00	0.294	0.299	0.294	0.296	7
24.01.2020 00:00	0.298	0.298	0.294	0.294	3
27.01.2020 00:00	0.289	0.294	0.281	0.291	83
28.01.2020 00:00	0.291	0.291	0.29	0.29	17
29.01.2020 00:00	0.292	0.294	0.292	0.294	7
30.01.2020 00:00	0.292	0.295	0.291	0.295	15
31.01.2020 00:00	0.292	0.292	0.29	0.291	8
03.02.2020 00:00	0.29	0.29	0.28800000000000003	0.289	13
04.02.2020 00:00	0.295	0.297	0.291	0.294	36
05.02.2020 00:00	0.299	0.299	0.293	0.296	22
06.02.2020 00:00	0.297	0.299	0.294	0.298	116
07.02.2020 00:00	0.298	0.301	0.296	0.299	34
10.02.2020 00:00	0.296	0.296	0.29	0.295	48
11.02.2020 00:00	0.294	0.32	0.274	0.298	162
12.02.2020 00:00	0.296	0.309	0.296	0.302	35
13.02.2020 00:00	0.301	0.307	0.295	0.302	24
14.02.2020 00:00	0.304	0.309	0.295	0.3	72
17.02.2020 00:00	0.304	0.328	0.299	0.317	1179
18.02.2020 00:00	0.313	0.321	0.304	0.308	167
19.02.2020 00:00	0.309	0.32	0.308	0.31	170
20.02.2020 00:00	0.309	0.314	0.309	0.311	37
21.02.2020 00:00	0.311	0.333	0.308	0.311	1586
25.02.2020 00:00	0.308	0.31	0.3	0.301	127
26.02.2020 00:00	0.301	0.301	0.291	0.301	77
27.02.2020 00:00	0.302	0.302	0.292	0.292	25
28.02.2020 00:00	0.289	0.289	0.277	0.281	218
02.03.2020 00:00	0.28500000000000003	0.289	0.281	0.281	68
03.03.2020 00:00	0.281	0.28600000000000003	0.281	0.28400000000000003	22
04.03.2020 00:00	0.281	0.28800000000000003	0.281	0.28600000000000003	3
05.03.2020 00:00	0.28200000000000003	0.28500000000000003	0.28	0.28	109
06.03.2020 00:00	0.28300000000000003	0.28300000000000003	0.271	0.276	95
10.03.2020 00:00	0.275	0.275	0.263	0.267	83
11.03.2020 00:00	0.27	0.27	0.26	0.261	79
12.03.2020 00:00	0.261	0.261	0.233	0.23500000000000001	179
13.03.2020 00:00	0.245	0.267	0.241	0.25	134
16.03.2020 00:00	0.25	0.251	0.233	0.241	23
17.03.2020 00:00	0.245	0.248	0.23600000000000002	0.23700000000000002	13
18.03.2020 00:00	0.23500000000000001	0.23700000000000002	0.226	0.226	19
19.03.2020 00:00	0.23	0.234	0.23	0.234	3
20.03.2020 00:00	0.241	0.249	0.241	0.249	21
23.03.2020 00:00	0.248	0.248	0.23500000000000001	0.241	8
24.03.2020 00:00	0.249	0.26	0.243	0.257	17
25.03.2020 00:00	0.27	0.27	0.264	0.264	18
26.03.2020 00:00	0.268	0.268	0.268	0.268	3
27.03.2020 00:00	0.256	0.263	0.256	0.261	4
31.03.2020 00:00	0.273	0.274	0.258	0.258	58
01.04.2020 00:00	0.256	0.256	0.256	0.256	1
02.04.2020 00:00	0.256	0.26	0.253	0.26	4
03.04.2020 00:00	0.254	0.264	0.254	0.264	20
06.04.2020 00:00	0.26	0.27	0.249	0.26	119
07.04.2020 00:00	0.265	0.265	0.249	0.253	246
08.04.2020 00:00	0.254	0.256	0.25	0.252	29
09.04.2020 00:00	0.25	0.262	0.249	0.254	168
10.04.2020 00:00	0.256	0.259	0.253	0.258	47
13.04.2020 00:00	0.26	0.26	0.254	0.26	23
14.04.2020 00:00	0.258	0.262	0.249	0.257	94
15.04.2020 00:00	0.254	0.261	0.249	0.25	56
16.04.2020 00:00	0.246	0.257	0.244	0.254	24
17.04.2020 00:00	0.257	0.259	0.249	0.256	85
20.04.2020 00:00	0.258	0.261	0.25	0.26	53
21.04.2020 00:00	0.256	0.259	0.248	0.249	20
22.04.2020 00:00	0.252	0.259	0.247	0.25	156
23.04.2020 00:00	0.25	0.253	0.25	0.25	10
24.04.2020 00:00	0.25	0.254	0.247	0.248	54
27.04.2020 00:00	0.256	0.258	0.256	0.257	81
28.04.2020 00:00	0.254	0.258	0.25	0.258	27
29.04.2020 00:00	0.257	0.257	0.253	0.253	14
30.04.2020 00:00	0.257	0.258	0.254	0.258	27
04.05.2020 00:00	0.253	0.258	0.248	0.254	103
05.05.2020 00:00	0.256	0.258	0.253	0.253	18
06.05.2020 00:00	0.251	0.26	0.251	0.258	27
07.05.2020 00:00	0.256	0.264	0.256	0.264	36
08.05.2020 00:00	0.26	0.266	0.26	0.261	14
12.05.2020 00:00	0.269	0.275	0.262	0.274	119
13.05.2020 00:00	0.264	0.276	0.264	0.27	34
14.05.2020 00:00	0.27	0.27	0.27	0.27	1
15.05.2020 00:00	0.27	0.273	0.266	0.266	30
18.05.2020 00:00	0.257	0.269	0.254	0.268	22
19.05.2020 00:00	0.269	0.27	0.264	0.264	3
20.05.2020 00:00	0.262	0.269	0.262	0.268	11
21.05.2020 00:00	0.269	0.272	0.265	0.265	34
22.05.2020 00:00	0.267	0.274	0.263	0.274	30
25.05.2020 00:00	0.274	0.277	0.262	0.277	34
26.05.2020 00:00	0.274	0.275	0.272	0.275	36
27.05.2020 00:00	0.276	0.296	0.266	0.271	1116
28.05.2020 00:00	0.265	0.278	0.265	0.278	120
29.05.2020 00:00	0.275	0.275	0.268	0.274	51
01.06.2020 00:00	0.281	0.281	0.271	0.28	29
02.06.2020 00:00	0.28	0.281	0.278	0.278	60
03.06.2020 00:00	0.272	0.28400000000000003	0.272	0.28200000000000003	59
04.06.2020 00:00	0.28200000000000003	0.28400000000000003	0.28	0.28	86
05.06.2020 00:00	0.28200000000000003	0.28200000000000003	0.276	0.276	47
08.06.2020 00:00	0.28200000000000003	0.28300000000000003	0.28	0.28300000000000003	99
09.06.2020 00:00	0.281	0.28300000000000003	0.28	0.28	38
10.06.2020 00:00	0.28600000000000003	0.28700000000000003	0.281	0.28400000000000003	210
11.06.2020 00:00	0.28	0.28400000000000003	0.28	0.281	26
15.06.2020 00:00	0.281	0.28400000000000003	0.278	0.278	123
16.06.2020 00:00	0.275	0.279	0.275	0.278	61
17.06.2020 00:00	0.279	0.28	0.274	0.275	147
18.06.2020 00:00	0.275	0.275	0.27	0.272	32
19.06.2020 00:00	0.272	0.272	0.27	0.271	9
22.06.2020 00:00	0.271	0.271	0.27	0.27	24
23.06.2020 00:00	0.269	0.27	0.264	0.265	85
25.06.2020 00:00	0.263	0.265	0.263	0.265	6
26.06.2020 00:00	0.266	0.267	0.262	0.267	85
29.06.2020 00:00	0.269	0.269	0.263	0.263	24
30.06.2020 00:00	0.263	0.269	0.262	0.263	114
02.07.2020 00:00	0.262	0.269	0.262	0.265	15
03.07.2020 00:00	0.269	0.269	0.265	0.265	30
06.07.2020 00:00	0.27	0.27	0.264	0.269	29
07.07.2020 00:00	0.269	0.271	0.261	0.266	116
08.07.2020 00:00	0.264	0.267	0.26	0.263	189
09.07.2020 00:00	0.264	0.264	0.257	0.263	236
10.07.2020 00:00	0.263	0.264	0.262	0.262	16
13.07.2020 00:00	0.263	0.263	0.259	0.26	22
14.07.2020 00:00	0.259	0.259	0.258	0.259	9
15.07.2020 00:00	0.258	0.261	0.258	0.259	11
16.07.2020 00:00	0.26	0.261	0.253	0.256	36
17.07.2020 00:00	0.26	0.261	0.256	0.26	24
20.07.2020 00:00	0.26	0.261	0.26	0.26	16
21.07.2020 00:00	0.261	0.262	0.26	0.262	136
22.07.2020 00:00	0.262	0.262	0.262	0.262	46
23.07.2020 00:00	0.262	0.309	0.262	0.271	1759
24.07.2020 00:00	0.27	0.279	0.266	0.276	278
27.07.2020 00:00	0.267	0.272	0.266	0.271	57
28.07.2020 00:00	0.271	0.274	0.265	0.271	40
29.07.2020 00:00	0.27	0.273	0.27	0.273	43
30.07.2020 00:00	0.271	0.271	0.269	0.269	36
31.07.2020 00:00	0.268	0.271	0.268	0.271	31
03.08.2020 00:00	0.277	0.278	0.271	0.273	62
04.08.2020 00:00	0.273	0.277	0.273	0.275	15
05.08.2020 00:00	0.279	0.28200000000000003	0.273	0.276	43
06.08.2020 00:00	0.274	0.274	0.271	0.273	85
07.08.2020 00:00	0.271	0.276	0.271	0.274	39
10.08.2020 00:00	0.276	0.278	0.273	0.273	12
11.08.2020 00:00	0.274	0.28	0.274	0.278	106
12.08.2020 00:00	0.276	0.28	0.276	0.28	9
13.08.2020 00:00	0.277	0.28	0.277	0.278	39
14.08.2020 00:00	0.28	0.281	0.28	0.281	59
17.08.2020 00:00	0.276	0.295	0.274	0.289	418
18.08.2020 00:00	0.289	0.289	0.28500000000000003	0.28600000000000003	18
19.08.2020 00:00	0.289	0.289	0.28500000000000003	0.28500000000000003	10
20.08.2020 00:00	0.28400000000000003	0.28400000000000003	0.281	0.28300000000000003	12
21.08.2020 00:00	0.281	0.28300000000000003	0.281	0.28300000000000003	15
24.08.2020 00:00	0.28500000000000003	0.28500000000000003	0.281	0.28200000000000003	31
26.08.2020 00:00	0.281	0.281	0.281	0.281	7
27.08.2020 00:00	0.281	0.28200000000000003	0.281	0.281	32
28.08.2020 00:00	0.28	0.28	0.279	0.279	5
31.08.2020 00:00	0.28200000000000003	0.28200000000000003	0.279	0.28	28
01.09.2020 00:00	0.279	0.28200000000000003	0.279	0.28200000000000003	4
02.09.2020 00:00	0.28200000000000003	0.28200000000000003	0.28200000000000003	0.28200000000000003	2
03.09.2020 00:00	0.28200000000000003	0.28300000000000003	0.28200000000000003	0.28200000000000003	4
04.09.2020 00:00	0.28400000000000003	0.28400000000000003	0.278	0.278	58
07.09.2020 00:00	0.28200000000000003	0.28300000000000003	0.279	0.28200000000000003	41
08.09.2020 00:00	0.28200000000000003	0.28200000000000003	0.277	0.277	75
09.09.2020 00:00	0.28	0.28	0.278	0.278	23
10.09.2020 00:00	0.277	0.277	0.276	0.277	8
14.09.2020 00:00	0.28200000000000003	0.28200000000000003	0.281	0.281	24
15.09.2020 00:00	0.28200000000000003	0.28200000000000003	0.28200000000000003	0.28200000000000003	2
16.09.2020 00:00	0.278	0.28	0.278	0.28	12
17.09.2020 00:00	0.28	0.28	0.28	0.28	2
18.09.2020 00:00	0.279	0.28200000000000003	0.279	0.281	4
21.09.2020 00:00	0.281	0.28300000000000003	0.28	0.28300000000000003	84
22.09.2020 00:00	0.28400000000000003	0.28500000000000003	0.28	0.28	42
23.09.2020 00:00	0.28	0.281	0.28	0.281	33
24.09.2020 00:00	0.28300000000000003	0.28300000000000003	0.28	0.281	16
25.09.2020 00:00	0.28	0.28200000000000003	0.28	0.28200000000000003	7
28.09.2020 00:00	0.28300000000000003	0.28300000000000003	0.279	0.28300000000000003	34
29.09.2020 00:00	0.28	0.28	0.28	0.28	12
30.09.2020 00:00	0.279	0.281	0.278	0.281	39
01.10.2020 00:00	0.28	0.28	0.279	0.28	43
02.10.2020 00:00	0.278	0.278	0.278	0.278	7
05.10.2020 00:00	0.277	0.281	0.276	0.281	5
06.10.2020 00:00	0.28300000000000003	0.28300000000000003	0.279	0.28	22
07.10.2020 00:00	0.28	0.281	0.274	0.281	31
08.10.2020 00:00	0.28	0.28	0.28	0.28	19
09.10.2020 00:00	0.277	0.281	0.276	0.281	3
12.10.2020 00:00	0.281	0.28300000000000003	0.28	0.281	35
13.10.2020 00:00	0.28	0.28	0.28	0.28	16
14.10.2020 00:00	0.281	0.28200000000000003	0.28	0.281	43
15.10.2020 00:00	0.281	0.281	0.275	0.28	51
16.10.2020 00:00	0.28	0.281	0.28	0.28	18
19.10.2020 00:00	0.281	0.28800000000000003	0.281	0.281	107
20.10.2020 00:00	0.281	0.281	0.28	0.281	14
21.10.2020 00:00	0.279	0.28300000000000003	0.278	0.28200000000000003	112
22.10.2020 00:00	0.276	0.28400000000000003	0.276	0.28300000000000003	30
23.10.2020 00:00	0.28300000000000003	0.318	0.277	0.28	717
26.10.2020 00:00	0.279	0.28	0.278	0.278	52
27.10.2020 00:00	0.277	0.277	0.27	0.27	147
28.10.2020 00:00	0.27	0.27	0.261	0.265	32
29.10.2020 00:00	0.265	0.272	0.264	0.269	49
30.10.2020 00:00	0.27	0.27	0.267	0.268	18
02.11.2020 00:00	0.269	0.275	0.263	0.269	41
03.11.2020 00:00	0.274	0.274	0.266	0.27	121
05.11.2020 00:00	0.277	0.277	0.274	0.275	17
06.11.2020 00:00	0.275	0.279	0.275	0.277	42
09.11.2020 00:00	0.275	0.278	0.275	0.277	58
10.11.2020 00:00	0.276	0.279	0.276	0.279	3
11.11.2020 00:00	0.272	0.279	0.272	0.276	17
12.11.2020 00:00	0.276	0.276	0.276	0.276	6
13.11.2020 00:00	0.276	0.276	0.276	0.276	2
16.11.2020 00:00	0.277	0.277	0.277	0.277	43
17.11.2020 00:00	0.278	0.28	0.274	0.275	51
18.11.2020 00:00	0.274	0.275	0.273	0.275	8
19.11.2020 00:00	0.278	0.278	0.278	0.278	7
20.11.2020 00:00	0.277	0.278	0.277	0.277	4
23.11.2020 00:00	0.278	0.278	0.276	0.276	7
24.11.2020 00:00	0.278	0.278	0.278	0.278	17
25.11.2020 00:00	0.278	0.278	0.275	0.278	8
26.11.2020 00:00	0.274	0.28	0.273	0.279	185
27.11.2020 00:00	0.28	0.281	0.277	0.277	16
01.12.2020 00:00	0.281	0.281	0.28	0.28	22
02.12.2020 00:00	0.278	0.281	0.277	0.281	31
03.12.2020 00:00	0.28	0.28	0.28	0.28	7
07.12.2020 00:00	0.28	0.28	0.275	0.276	12
08.12.2020 00:00	0.279	0.279	0.275	0.275	6
09.12.2020 00:00	0.278	0.278	0.278	0.278	2
10.12.2020 00:00	0.276	0.279	0.275	0.276	9
11.12.2020 00:00	0.279	0.279	0.278	0.278	3
14.12.2020 00:00	0.276	0.277	0.271	0.276	52
15.12.2020 00:00	0.277	0.277	0.276	0.276	18
16.12.2020 00:00	0.277	0.277	0.277	0.277	67
17.12.2020 00:00	0.275	0.275	0.271	0.273	18
18.12.2020 00:00	0.273	0.276	0.273	0.276	12
21.12.2020 00:00	0.276	0.277	0.271	0.277	42
22.12.2020 00:00	0.277	0.277	0.277	0.277	1
23.12.2020 00:00	0.272	0.274	0.271	0.274	59
24.12.2020 00:00	0.271	0.273	0.271	0.273	12
25.12.2020 00:00	0.27	0.275	0.27	0.275	50
28.12.2020 00:00	0.275	0.275	0.271	0.274	12
29.12.2020 00:00	0.271	0.278	0.271	0.278	44
30.12.2020 00:00	0.273	0.278	0.273	0.277	111
04.01.2021 00:00	0.277	0.281	0.274	0.281	107
05.01.2021 00:00	0.281	0.281	0.278	0.281	208
06.01.2021 00:00	0.281	0.281	0.278	0.278	16
08.01.2021 00:00	0.277	0.281	0.277	0.281	37
11.01.2021 00:00	0.281	0.28800000000000003	0.281	0.28700000000000003	218
12.01.2021 00:00	0.28200000000000003	0.289	0.28200000000000003	0.28800000000000003	46
13.01.2021 00:00	0.28600000000000003	0.289	0.28400000000000003	0.289	38
14.01.2021 00:00	0.28500000000000003	0.289	0.281	0.28500000000000003	35
15.01.2021 00:00	0.28500000000000003	0.289	0.28500000000000003	0.28600000000000003	44
18.01.2021 00:00	0.28500000000000003	0.29	0.28500000000000003	0.29	29
19.01.2021 00:00	0.29	0.291	0.289	0.289	62
20.01.2021 00:00	0.291	0.292	0.291	0.291	12
21.01.2021 00:00	0.29	0.292	0.289	0.289	40
22.01.2021 00:00	0.28800000000000003	0.291	0.28400000000000003	0.28600000000000003	49
25.01.2021 00:00	0.28800000000000003	0.292	0.28500000000000003	0.289	50
26.01.2021 00:00	0.289	0.289	0.28500000000000003	0.28600000000000003	72
27.01.2021 00:00	0.289	0.29	0.289	0.29	23
28.01.2021 00:00	0.28500000000000003	0.28500000000000003	0.28200000000000003	0.28400000000000003	112
29.01.2021 00:00	0.289	0.289	0.28300000000000003	0.28500000000000003	66
01.02.2021 00:00	0.28500000000000003	0.28500000000000003	0.28200000000000003	0.28200000000000003	24
02.02.2021 00:00	0.28700000000000003	0.28700000000000003	0.281	0.28200000000000003	9
03.02.2021 00:00	0.28300000000000003	0.28600000000000003	0.28200000000000003	0.28600000000000003	11
04.02.2021 00:00	0.28300000000000003	0.28800000000000003	0.28300000000000003	0.28700000000000003	16
05.02.2021 00:00	0.28400000000000003	0.28400000000000003	0.28300000000000003	0.28400000000000003	2
08.02.2021 00:00	0.28700000000000003	0.28800000000000003	0.28500000000000003	0.28500000000000003	4
09.02.2021 00:00	0.28700000000000003	0.29	0.28400000000000003	0.289	26
10.02.2021 00:00	0.28600000000000003	0.289	0.28200000000000003	0.28500000000000003	44
11.02.2021 00:00	0.28400000000000003	0.289	0.279	0.28500000000000003	84
12.02.2021 00:00	0.28400000000000003	0.28400000000000003	0.278	0.281	94
15.02.2021 00:00	0.28300000000000003	0.28600000000000003	0.275	0.281	236
16.02.2021 00:00	0.28200000000000003	0.28500000000000003	0.281	0.28400000000000003	133
17.02.2021 00:00	0.281	0.289	0.28	0.281	174
18.02.2021 00:00	0.28	0.28400000000000003	0.279	0.281	123
19.02.2021 00:00	0.28	0.28500000000000003	0.28	0.281	180
20.02.2021 00:00	0.28400000000000003	0.28400000000000003	0.28400000000000003	0.28400000000000003	3
22.02.2021 00:00	0.28600000000000003	0.28800000000000003	0.28	0.28200000000000003	164
24.02.2021 00:00	0.28400000000000003	0.28400000000000003	0.278	0.281	129
25.02.2021 00:00	0.28500000000000003	0.28500000000000003	0.277	0.279	269
26.02.2021 00:00	0.277	0.28400000000000003	0.275	0.28200000000000003	231
01.03.2021 00:00	0.28600000000000003	0.28600000000000003	0.274	0.276	431
02.03.2021 00:00	0.275	0.28	0.275	0.279	184
03.03.2021 00:00	0.278	0.281	0.277	0.278	22
04.03.2021 00:00	0.28	0.281	0.275	0.277	190
05.03.2021 00:00	0.277	0.28	0.277	0.279	13
09.03.2021 00:00	0.276	0.278	0.275	0.275	151
10.03.2021 00:00	0.278	0.278	0.273	0.276	178
11.03.2021 00:00	0.274	0.275	0.273	0.274	111
12.03.2021 00:00	0.273	0.274	0.27	0.273	136
15.03.2021 00:00	0.272	0.275	0.272	0.275	169
16.03.2021 00:00	0.274	0.274	0.271	0.272	105
17.03.2021 00:00	0.275	0.275	0.271	0.272	92
18.03.2021 00:00	0.275	0.276	0.272	0.273	108
19.03.2021 00:00	0.274	0.275	0.273	0.274	104
22.03.2021 00:00	0.276	0.276	0.273	0.275	80
23.03.2021 00:00	0.273	0.276	0.271	0.272	74
24.03.2021 00:00	0.272	0.272	0.27	0.271	16
25.03.2021 00:00	0.27	0.272	0.269	0.272	66
26.03.2021 00:00	0.27	0.271	0.266	0.269	152
29.03.2021 00:00	0.268	0.27	0.266	0.269	132
30.03.2021 00:00	0.269	0.27	0.268	0.269	144
31.03.2021 00:00	0.268	0.272	0.267	0.27	126
01.04.2021 00:00	0.268	0.269	0.265	0.267	779
02.04.2021 00:00	0.267	0.271	0.267	0.27	99
05.04.2021 00:00	0.268	0.272	0.268	0.271	115
06.04.2021 00:00	0.271	0.275	0.268	0.269	223
07.04.2021 00:00	0.27	0.272	0.27	0.271	83
08.04.2021 00:00	0.27	0.275	0.269	0.269	170
09.04.2021 00:00	0.269	0.272	0.269	0.272	109
12.04.2021 00:00	0.273	0.273	0.267	0.269	114
13.04.2021 00:00	0.27	0.27	0.267	0.268	96
14.04.2021 00:00	0.27	0.27	0.267	0.267	89
15.04.2021 00:00	0.268	0.269	0.268	0.269	50
16.04.2021 00:00	0.27	0.27	0.269	0.27	57
19.04.2021 00:00	0.269	0.27	0.269	0.269	28
20.04.2021 00:00	0.27	0.27	0.263	0.269	127
21.04.2021 00:00	0.268	0.269	0.267	0.269	66
22.04.2021 00:00	0.268	0.27	0.268	0.269	164
23.04.2021 00:00	0.267	0.27	0.263	0.269	365
26.04.2021 00:00	0.269	0.271	0.267	0.269	159
27.04.2021 00:00	0.27	0.271	0.268	0.271	149
28.04.2021 00:00	0.269	0.27	0.267	0.267	136
29.04.2021 00:00	0.27	0.271	0.267	0.267	150
30.04.2021 00:00	0.268	0.271	0.268	0.27	183
04.05.2021 00:00	0.267	0.271	0.231	0.27	281
05.05.2021 00:00	0.266	0.272	0.266	0.269	184
06.05.2021 00:00	0.272	0.274	0.27	0.271	210
07.05.2021 00:00	0.271	0.275	0.271	0.274	158
10.05.2021 00:00	0.271	0.275	0.271	0.275	4
11.05.2021 00:00	0.275	0.28	0.273	0.275	206
12.05.2021 00:00	0.276	0.278	0.273	0.274	156
13.05.2021 00:00	0.278	0.28	0.278	0.28	29
14.05.2021 00:00	0.276	0.279	0.275	0.278	52
17.05.2021 00:00	0.28	0.281	0.278	0.281	113
18.05.2021 00:00	0.278	0.281	0.278	0.281	10
19.05.2021 00:00	0.278	0.281	0.278	0.28	39
20.05.2021 00:00	0.278	0.281	0.278	0.279	28
21.05.2021 00:00	0.278	0.278	0.276	0.276	7
24.05.2021 00:00	0.281	0.281	0.275	0.277	97
25.05.2021 00:00	0.275	0.312	0.27	0.271	753
26.05.2021 00:00	0.275	0.275	0.265	0.266	95
27.05.2021 00:00	0.268	0.271	0.268	0.268	10
28.05.2021 00:00	0.267	0.273	0.267	0.271	21
31.05.2021 00:00	0.27	0.272	0.269	0.272	22
04.06.2021 00:00	0.272	0.274	0.272	0.274	11
07.06.2021 00:00	0.269	0.274	0.268	0.274	21
08.06.2021 00:00	0.27	0.277	0.27	0.277	24
09.06.2021 00:00	0.273	0.274	0.273	0.274	5
11.06.2021 00:00	0.273	0.273	0.273	0.273	1
14.06.2021 00:00	0.275	0.277	0.275	0.277	18
15.06.2021 00:00	0.277	0.277	0.277	0.277	14
16.06.2021 00:00	0.274	0.274	0.273	0.273	17
17.06.2021 00:00	0.272	0.278	0.271	0.272	50
18.06.2021 00:00	0.271	0.279	0.27	0.279	65
21.06.2021 00:00	0.279	0.281	0.27	0.281	163
22.06.2021 00:00	0.277	0.281	0.276	0.278	79
23.06.2021 00:00	0.276	0.276	0.276	0.276	3
24.06.2021 00:00	0.275	0.28	0.275	0.28	22
25.06.2021 00:00	0.275	0.28200000000000003	0.275	0.278	72
28.06.2021 00:00	0.277	0.28400000000000003	0.277	0.28300000000000003	25
29.06.2021 00:00	0.281	0.281	0.274	0.277	26
30.06.2021 00:00	0.276	0.281	0.273	0.281	28
01.07.2021 00:00	0.281	0.28300000000000003	0.277	0.28	90
02.07.2021 00:00	0.278	0.278	0.277	0.277	38
05.07.2021 00:00	0.277	0.277	0.271	0.277	97
06.07.2021 00:00	0.277	0.28	0.275	0.28	35
07.07.2021 00:00	0.277	0.277	0.276	0.277	40
08.07.2021 00:00	0.278	0.279	0.278	0.279	13
09.07.2021 00:00	0.276	0.279	0.276	0.277	45
12.07.2021 00:00	0.278	0.281	0.278	0.281	10
13.07.2021 00:00	0.279	0.28200000000000003	0.279	0.28200000000000003	40
14.07.2021 00:00	0.281	0.28200000000000003	0.281	0.281	19
15.07.2021 00:00	0.28	0.28	0.274	0.275	73
16.07.2021 00:00	0.274	0.281	0.274	0.281	31
19.07.2021 00:00	0.276	0.281	0.275	0.275	59
20.07.2021 00:00	0.275	0.278	0.274	0.278	7
21.07.2021 00:00	0.279	0.281	0.278	0.28	12
22.07.2021 00:00	0.278	0.281	0.278	0.278	64
23.07.2021 00:00	0.28	0.281	0.276	0.277	19
26.07.2021 00:00	0.276	0.28	0.276	0.28	9
27.07.2021 00:00	0.278	0.281	0.275	0.275	28
28.07.2021 00:00	0.28	0.28	0.275	0.275	26
29.07.2021 00:00	0.278	0.281	0.274	0.278	37
30.07.2021 00:00	0.278	0.278	0.272	0.277	31
02.08.2021 00:00	0.276	0.279	0.276	0.279	15
03.08.2021 00:00	0.278	0.28	0.275	0.275	52
04.08.2021 00:00	0.279	0.28	0.275	0.275	32
05.08.2021 00:00	0.275	0.278	0.273	0.273	41
06.08.2021 00:00	0.277	0.277	0.277	0.277	1
09.08.2021 00:00	0.272	0.278	0.272	0.277	10
10.08.2021 00:00	0.277	0.277	0.273	0.273	9
13.08.2021 00:00	0.278	0.278	0.272	0.273	11
16.08.2021 00:00	0.277	0.277	0.272	0.277	22
18.08.2021 00:00	0.272	0.289	0.251	0.272	204
19.08.2021 00:00	0.267	0.271	0.266	0.268	19
20.08.2021 00:00	0.266	0.271	0.266	0.271	17
23.08.2021 00:00	0.271	0.273	0.271	0.273	7
24.08.2021 00:00	0.268	0.273	0.268	0.273	10
25.08.2021 00:00	0.274	0.276	0.274	0.276	8
26.08.2021 00:00	0.273	0.279	0.273	0.279	13
27.08.2021 00:00	0.274	0.275	0.273	0.273	6
30.08.2021 00:00	0.273	0.277	0.273	0.277	2
31.08.2021 00:00	0.274	0.289	0.274	0.28	47
01.09.2021 00:00	0.279	0.28600000000000003	0.277	0.278	119
02.09.2021 00:00	0.281	0.281	0.276	0.278	11
03.09.2021 00:00	0.276	0.279	0.276	0.279	2
06.09.2021 00:00	0.276	0.28300000000000003	0.274	0.279	55
07.09.2021 00:00	0.279	0.279	0.279	0.279	5
08.09.2021 00:00	0.279	0.279	0.279	0.279	4
09.09.2021 00:00	0.279	0.28	0.279	0.28	3
10.09.2021 00:00	0.281	0.28300000000000003	0.269	0.274	59
13.09.2021 00:00	0.274	0.274	0.252	0.271	148
14.09.2021 00:00	0.272	0.272	0.268	0.269	51
15.09.2021 00:00	0.272	0.272	0.267	0.267	35
16.09.2021 00:00	0.272	0.272	0.267	0.272	10
17.09.2021 00:00	0.268	0.272	0.268	0.272	13
20.09.2021 00:00	0.272	0.273	0.272	0.273	11
21.09.2021 00:00	0.269	0.269	0.269	0.269	2
22.09.2021 00:00	0.269	0.272	0.268	0.272	9
23.09.2021 00:00	0.269	0.276	0.268	0.272	24
24.09.2021 00:00	0.274	0.278	0.272	0.272	14
27.09.2021 00:00	0.275	0.297	0.267	0.277	315
28.09.2021 00:00	0.276	0.278	0.276	0.277	28
29.09.2021 00:00	0.277	0.277	0.272	0.275	12
30.09.2021 00:00	0.278	0.278	0.27	0.275	120
01.10.2021 00:00	0.275	0.278	0.275	0.278	21
04.10.2021 00:00	0.278	0.278	0.274	0.277	17
05.10.2021 00:00	0.278	0.28200000000000003	0.278	0.28200000000000003	15
06.10.2021 00:00	0.279	0.281	0.278	0.281	10
07.10.2021 00:00	0.277	0.281	0.275	0.281	45
08.10.2021 00:00	0.28200000000000003	0.28700000000000003	0.279	0.28500000000000003	23
11.10.2021 00:00	0.28300000000000003	0.28300000000000003	0.279	0.279	32
12.10.2021 00:00	0.28	0.281	0.277	0.281	14
13.10.2021 00:00	0.278	0.289	0.278	0.28800000000000003	93
14.10.2021 00:00	0.28700000000000003	0.307	0.28700000000000003	0.303	324
15.10.2021 00:00	0.306	0.314	0.298	0.298	166
18.10.2021 00:00	0.298	0.301	0.297	0.297	6
19.10.2021 00:00	0.298	0.299	0.295	0.295	19
20.10.2021 00:00	0.295	0.295	0.292	0.295	38
21.10.2021 00:00	0.292	0.301	0.292	0.3	37
22.10.2021 00:00	0.298	0.298	0.294	0.295	111
25.10.2021 00:00	0.296	0.299	0.294	0.294	23
26.10.2021 00:00	0.293	0.293	0.28600000000000003	0.291	98
27.10.2021 00:00	0.28600000000000003	0.29	0.28600000000000003	0.289	21
28.10.2021 00:00	0.289	0.289	0.28200000000000003	0.28300000000000003	22
29.10.2021 00:00	0.28200000000000003	0.289	0.281	0.28800000000000003	56
01.11.2021 00:00	0.28400000000000003	0.28500000000000003	0.28200000000000003	0.28500000000000003	8
02.11.2021 00:00	0.28300000000000003	0.28500000000000003	0.281	0.28400000000000003	36
03.11.2021 00:00	0.281	0.28200000000000003	0.28	0.28200000000000003	17
05.11.2021 00:00	0.28300000000000003	0.28700000000000003	0.281	0.28700000000000003	37
08.11.2021 00:00	0.28800000000000003	0.296	0.28800000000000003	0.29	65
09.11.2021 00:00	0.289	0.29	0.289	0.29	4
11.11.2021 00:00	0.28800000000000003	0.295	0.28800000000000003	0.289	12
12.11.2021 00:00	0.289	0.289	0.28700000000000003	0.28700000000000003	6
15.11.2021 00:00	0.289	0.289	0.28500000000000003	0.28700000000000003	10
16.11.2021 00:00	0.28500000000000003	0.289	0.28300000000000003	0.28400000000000003	34
17.11.2021 00:00	0.289	0.29	0.28300000000000003	0.28300000000000003	14
18.11.2021 00:00	0.28300000000000003	0.28400000000000003	0.276	0.276	54
19.11.2021 00:00	0.276	0.281	0.265	0.277	120
22.11.2021 00:00	0.273	0.273	0.273	0.273	3
23.11.2021 00:00	0.275	0.277	0.275	0.276	10
24.11.2021 00:00	0.278	0.281	0.276	0.281	38
25.11.2021 00:00	0.281	0.28300000000000003	0.281	0.28300000000000003	11
26.11.2021 00:00	0.279	0.28300000000000003	0.277	0.278	11
29.11.2021 00:00	0.277	0.278	0.273	0.274	26
30.11.2021 00:00	0.273	0.275	0.273	0.274	11
01.12.2021 00:00	0.272	0.272	0.27	0.272	17
02.12.2021 00:00	0.272	0.274	0.266	0.27	45
03.12.2021 00:00	0.268	0.269	0.265	0.269	32
06.12.2021 00:00	0.266	0.267	0.265	0.265	23
07.12.2021 00:00	0.265	0.265	0.265	0.265	3
09.12.2021 00:00	0.265	0.267	0.264	0.264	14
10.12.2021 00:00	0.263	0.263	0.263	0.263	1
13.12.2021 00:00	0.263	0.263	0.256	0.26	63
14.12.2021 00:00	0.26	0.262	0.259	0.259	11
15.12.2021 00:00	0.263	0.263	0.263	0.263	2
16.12.2021 00:00	0.26	0.275	0.26	0.265	79
17.12.2021 00:00	0.267	0.267	0.267	0.267	2
21.12.2021 00:00	0.268	0.268	0.26	0.262	33
22.12.2021 00:00	0.259	0.262	0.259	0.262	12
23.12.2021 00:00	0.259	0.26	0.257	0.26	39
24.12.2021 00:00	0.257	0.258	0.252	0.258	83
27.12.2021 00:00	0.256	0.256	0.25	0.251	23
28.12.2021 00:00	0.252	0.253	0.247	0.248	255
29.12.2021 00:00	0.249	0.251	0.248	0.251	15
30.12.2021 00:00	0.251	0.295	0.25	0.254	1643
03.01.2022 00:00	0.254	0.254	0.242	0.251	313
04.01.2022 00:00	0.249	0.251	0.246	0.251	46
05.01.2022 00:00	0.252	0.252	0.248	0.249	15
06.01.2022 00:00	0.249	0.25	0.248	0.248	52
10.01.2022 00:00	0.247	0.247	0.246	0.246	27
11.01.2022 00:00	0.246	0.248	0.246	0.247	7
12.01.2022 00:00	0.249	0.249	0.245	0.247	24
13.01.2022 00:00	0.245	0.245	0.241	0.242	52
14.01.2022 00:00	0.241	0.246	0.241	0.245	22
17.01.2022 00:00	0.24	0.244	0.24	0.243	29
18.01.2022 00:00	0.241	0.244	0.23800000000000002	0.23800000000000002	93
19.01.2022 00:00	0.24	0.24	0.23700000000000002	0.23700000000000002	27
20.01.2022 00:00	0.241	0.241	0.234	0.23600000000000002	77
21.01.2022 00:00	0.23700000000000002	0.23700000000000002	0.232	0.233	112
24.01.2022 00:00	0.233	0.233	0.226	0.227	124
25.01.2022 00:00	0.224	0.233	0.217	0.218	96
26.01.2022 00:00	0.226	0.226	0.20800000000000002	0.22	87
27.01.2022 00:00	0.218	0.227	0.215	0.227	62
28.01.2022 00:00	0.227	0.227	0.22	0.224	39
31.01.2022 00:00	0.227	0.23	0.222	0.23	35
01.02.2022 00:00	0.23	0.234	0.228	0.229	75
02.02.2022 00:00	0.229	0.229	0.225	0.226	36
03.02.2022 00:00	0.227	0.28300000000000003	0.227	0.26	1723
04.02.2022 00:00	0.275	0.275	0.232	0.23700000000000002	232
07.02.2022 00:00	0.23900000000000002	0.23900000000000002	0.23	0.234	66
08.02.2022 00:00	0.234	0.234	0.228	0.231	27
09.02.2022 00:00	0.231	0.242	0.23	0.24	47
10.02.2022 00:00	0.24	0.24	0.23600000000000002	0.23600000000000002	8
11.02.2022 00:00	0.23500000000000001	0.23500000000000001	0.233	0.234	22
14.02.2022 00:00	0.234	0.234	0.234	0.234	12
15.02.2022 00:00	0.23600000000000002	0.23600000000000002	0.234	0.234	4
16.02.2022 00:00	0.23600000000000002	0.23600000000000002	0.233	0.233	10
17.02.2022 00:00	0.234	0.234	0.234	0.234	10
18.02.2022 00:00	0.232	0.258	0.23	0.231	123
21.02.2022 00:00	0.231	0.233	0.22	0.22	47
22.02.2022 00:00	0.224	0.225	0.219	0.225	6
24.02.2022 00:00	0.222	0.222	0.171	0.188	98
25.02.2022 00:00	0.197	0.218	0.197	0.2	17
28.03.2022 00:00	0.194	0.194	0.171	0.171	34
29.03.2022 00:00	0.199	0.199	0.182	0.182	15
30.03.2022 00:00	0.186	0.196	0.186	0.193	26
31.03.2022 00:00	0.196	0.209	0.193	0.20700000000000002	33
01.04.2022 00:00	0.209	0.214	0.20700000000000002	0.214	31
04.04.2022 00:00	0.213	0.219	0.20700000000000002	0.214	72
05.04.2022 00:00	0.214	0.217	0.21	0.216	10
06.04.2022 00:00	0.217	0.221	0.21	0.219	34
07.04.2022 00:00	0.217	0.222	0.215	0.215	19
08.04.2022 00:00	0.221	0.23900000000000002	0.21	0.216	157
11.04.2022 00:00	0.216	0.218	0.211	0.212	25
12.04.2022 00:00	0.216	0.216	0.21	0.215	26
13.04.2022 00:00	0.216	0.219	0.216	0.219	3
14.04.2022 00:00	0.212	0.212	0.212	0.212	27
15.04.2022 00:00	0.211	0.211	0.209	0.209	22
18.04.2022 00:00	0.21	0.21	0.21	0.21	4
19.04.2022 00:00	0.212	0.212	0.179	0.202	199
20.04.2022 00:00	0.201	0.202	0.201	0.202	21
22.04.2022 00:00	0.20700000000000002	0.20700000000000002	0.201	0.201	11
25.04.2022 00:00	0.201	0.201	0.196	0.2	6
26.04.2022 00:00	0.20400000000000001	0.209	0.20400000000000001	0.20400000000000001	9
27.04.2022 00:00	0.20700000000000002	0.20700000000000002	0.203	0.203	7
28.04.2022 00:00	0.20600000000000002	0.212	0.197	0.21	88
29.04.2022 00:00	0.20600000000000002	0.20700000000000002	0.203	0.20700000000000002	18
04.05.2022 00:00	0.202	0.20600000000000002	0.196	0.202	36
05.05.2022 00:00	0.202	0.203	0.198	0.199	25
06.05.2022 00:00	0.201	0.202	0.198	0.2	28
11.05.2022 00:00	0.199	0.199	0.197	0.197	28
12.05.2022 00:00	0.198	0.198	0.195	0.195	17
13.05.2022 00:00	0.195	0.197	0.195	0.197	4
16.05.2022 00:00	0.196	0.199	0.196	0.199	3
17.05.2022 00:00	0.199	0.199	0.193	0.196	92
18.05.2022 00:00	0.195	0.196	0.194	0.196	23
19.05.2022 00:00	0.194	0.196	0.194	0.196	7
20.05.2022 00:00	0.196	0.197	0.196	0.197	4
23.05.2022 00:00	0.197	0.197	0.195	0.195	12
24.05.2022 00:00	0.195	0.195	0.195	0.195	3
25.05.2022 00:00	0.196	0.2	0.192	0.198	56
26.05.2022 00:00	0.197	0.23	0.197	0.203	272
27.05.2022 00:00	0.203	0.203	0.197	0.202	71
30.05.2022 00:00	0.201	0.201	0.198	0.198	6
31.05.2022 00:00	0.197	0.197	0.197	0.197	1
01.06.2022 00:00	0.2	0.2	0.2	0.2	1
02.06.2022 00:00	0.197	0.197	0.197	0.197	1
03.06.2022 00:00	0.201	0.203	0.201	0.203	24
06.06.2022 00:00	0.202	0.202	0.195	0.195	40
07.06.2022 00:00	0.196	0.196	0.192	0.192	21
08.06.2022 00:00	0.192	0.192	0.192	0.192	7
09.06.2022 00:00	0.197	0.197	0.197	0.197	1
10.06.2022 00:00	0.197	0.197	0.192	0.192	3
14.06.2022 00:00	0.192	0.192	0.19	0.19	10
15.06.2022 00:00	0.189	0.189	0.186	0.189	20
16.06.2022 00:00	0.189	0.19	0.186	0.19	15
17.06.2022 00:00	0.192	0.192	0.187	0.187	7
20.06.2022 00:00	0.187	0.188	0.187	0.188	31
21.06.2022 00:00	0.192	0.192	0.183	0.186	32
22.06.2022 00:00	0.188	0.189	0.181	0.188	25
23.06.2022 00:00	0.184	0.189	0.184	0.189	3
24.06.2022 00:00	0.183	0.19	0.183	0.19	2
27.06.2022 00:00	0.186	0.188	0.186	0.188	3
28.06.2022 00:00	0.19	0.19	0.19	0.19	1
29.06.2022 00:00	0.189	0.189	0.189	0.189	3
30.06.2022 00:00	0.186	0.186	0.185	0.185	11
01.07.2022 00:00	0.186	0.187	0.186	0.187	2
04.07.2022 00:00	0.184	0.184	0.184	0.184	1
05.07.2022 00:00	0.185	0.185	0.184	0.184	12
06.07.2022 00:00	0.187	0.187	0.184	0.184	2
07.07.2022 00:00	0.183	0.19	0.183	0.189	3
11.07.2022 00:00	0.193	0.193	0.186	0.186	2
12.07.2022 00:00	0.184	0.184	0.179	0.182	58
13.07.2022 00:00	0.182	0.182	0.179	0.179	11
14.07.2022 00:00	0.184	0.184	0.177	0.177	7
15.07.2022 00:00	0.179	0.18	0.176	0.18	10
18.07.2022 00:00	0.177	0.192	0.171	0.184	167
19.07.2022 00:00	0.183	0.183	0.181	0.181	5
20.07.2022 00:00	0.18	0.18	0.179	0.179	129
21.07.2022 00:00	0.18	0.18	0.176	0.176	2
22.07.2022 00:00	0.187	0.198	0.179	0.184	101
25.07.2022 00:00	0.183	0.184	0.181	0.181	7
26.07.2022 00:00	0.185	0.185	0.185	0.185	1
27.07.2022 00:00	0.181	0.184	0.179	0.184	13
28.07.2022 00:00	0.181	0.189	0.179	0.183	53
29.07.2022 00:00	0.186	0.188	0.181	0.183	18
02.08.2022 00:00	0.18	0.189	0.18	0.18	33
04.08.2022 00:00	0.185	0.185	0.178	0.184	17
05.08.2022 00:00	0.185	0.187	0.182	0.182	12
08.08.2022 00:00	0.185	0.185	0.184	0.184	2
09.08.2022 00:00	0.18	0.186	0.18	0.186	6
11.08.2022 00:00	0.188	0.196	0.187	0.19	49
12.08.2022 00:00	0.19	0.195	0.189	0.19	27
15.08.2022 00:00	0.19	0.19	0.184	0.189	23
16.08.2022 00:00	0.188	0.188	0.187	0.187	2
17.08.2022 00:00	0.19	0.194	0.188	0.193	22
18.08.2022 00:00	0.19	0.197	0.19	0.192	36
19.08.2022 00:00	0.195	0.195	0.189	0.192	10
22.08.2022 00:00	0.19	0.193	0.19	0.193	10
23.08.2022 00:00	0.193	0.193	0.192	0.192	3
26.08.2022 00:00	0.189	0.189	0.188	0.188	2
29.08.2022 00:00	0.188	0.195	0.184	0.195	35
30.08.2022 00:00	0.194	0.195	0.193	0.193	22
31.08.2022 00:00	0.192	0.193	0.188	0.189	6
01.09.2022 00:00	0.189	0.189	0.189	0.189	2
02.09.2022 00:00	0.193	0.203	0.187	0.193	95
05.09.2022 00:00	0.193	0.20800000000000002	0.193	0.201	81
06.09.2022 00:00	0.2	0.20700000000000002	0.2	0.20400000000000001	62
07.09.2022 00:00	0.201	0.20500000000000002	0.198	0.201	36
08.09.2022 00:00	0.201	0.20400000000000001	0.201	0.20400000000000001	5
09.09.2022 00:00	0.202	0.202	0.202	0.202	1
12.09.2022 00:00	0.20500000000000002	0.215	0.20500000000000002	0.214	42
13.09.2022 00:00	0.215	0.217	0.214	0.217	41
14.09.2022 00:00	0.215	0.215	0.214	0.214	53
15.09.2022 00:00	0.213	0.215	0.212	0.214	15
16.09.2022 00:00	0.214	0.214	0.211	0.211	2
19.09.2022 00:00	0.21	0.211	0.21	0.211	106
20.09.2022 00:00	0.217	0.28800000000000003	0.216	0.233	4036
21.09.2022 00:00	0.23	0.23	0.165	0.194	603
22.09.2022 00:00	0.189	0.195	0.185	0.193	128
23.09.2022 00:00	0.193	0.269	0.185	0.192	1259
26.09.2022 00:00	0.183	0.186	0.169	0.17200000000000001	124
27.09.2022 00:00	0.17	0.183	0.17	0.17500000000000002	58
28.09.2022 00:00	0.171	0.17200000000000001	0.171	0.171	51
29.09.2022 00:00	0.17200000000000001	0.17200000000000001	0.162	0.164	36
30.09.2022 00:00	0.166	0.186	0.162	0.17	126
03.10.2022 00:00	0.165	0.171	0.164	0.171	33
04.10.2022 00:00	0.171	0.17200000000000001	0.171	0.17200000000000001	3
05.10.2022 00:00	0.168	0.168	0.168	0.168	1
06.10.2022 00:00	0.168	0.168	0.168	0.168	1
07.10.2022 00:00	0.169	0.169	0.155	0.163	62
10.10.2022 00:00	0.16	0.167	0.16	0.164	8
11.10.2022 00:00	0.166	0.192	0.163	0.178	124
12.10.2022 00:00	0.17200000000000001	0.177	0.167	0.17300000000000001	17
13.10.2022 00:00	0.177	0.182	0.17500000000000002	0.17500000000000002	15
14.10.2022 00:00	0.17400000000000002	0.17400000000000002	0.17300000000000001	0.17300000000000001	4
17.10.2022 00:00	0.17200000000000001	0.177	0.17200000000000001	0.177	10
18.10.2022 00:00	0.177	0.195	0.17300000000000001	0.179	108
19.10.2022 00:00	0.176	0.179	0.17400000000000002	0.177	15
20.10.2022 00:00	0.179	0.182	0.169	0.17500000000000002	94
21.10.2022 00:00	0.17400000000000002	0.17400000000000002	0.17400000000000002	0.17400000000000002	10
24.10.2022 00:00	0.17400000000000002	0.17500000000000002	0.17400000000000002	0.17500000000000002	2
26.10.2022 00:00	0.177	0.178	0.17200000000000001	0.176	25
27.10.2022 00:00	0.177	0.184	0.176	0.184	49
28.10.2022 00:00	0.18	0.186	0.179	0.182	8
31.10.2022 00:00	0.184	0.187	0.183	0.184	7
01.11.2022 00:00	0.185	0.189	0.184	0.189	21
02.11.2022 00:00	0.187	0.202	0.187	0.195	114
03.11.2022 00:00	0.195	0.225	0.19	0.203	441
07.11.2022 00:00	0.20500000000000002	0.20600000000000002	0.198	0.201	27
08.11.2022 00:00	0.2	0.203	0.2	0.203	6
09.11.2022 00:00	0.20400000000000001	0.20500000000000002	0.196	0.201	39
10.11.2022 00:00	0.196	0.203	0.196	0.203	21
11.11.2022 00:00	0.20500000000000002	0.222	0.203	0.211	93
14.11.2022 00:00	0.21	0.254	0.209	0.253	1234
15.11.2022 00:00	0.259	0.264	0.23900000000000002	0.257	440
16.11.2022 00:00	0.259	0.262	0.251	0.251	207
17.11.2022 00:00	0.256	0.271	0.23800000000000002	0.26	458
18.11.2022 00:00	0.261	0.263	0.246	0.262	94
21.11.2022 00:00	0.264	0.28600000000000003	0.262	0.28600000000000003	575
22.11.2022 00:00	0.28600000000000003	0.28800000000000003	0.265	0.281	231
23.11.2022 00:00	0.28400000000000003	0.39	0.28	0.34700000000000003	7109
24.11.2022 00:00	0.341	0.41200000000000003	0.3	0.317	6485
25.11.2022 00:00	0.313	0.333	0.299	0.311	1168
28.11.2022 00:00	0.312	0.32	0.309	0.313	368
29.11.2022 00:00	0.313	0.32	0.306	0.312	426
30.11.2022 00:00	0.311	0.317	0.303	0.312	286
01.12.2022 00:00	0.313	0.322	0.309	0.317	364
02.12.2022 00:00	0.315	0.318	0.313	0.317	92
05.12.2022 00:00	0.313	0.32	0.313	0.317	256
06.12.2022 00:00	0.32	0.322	0.316	0.317	219
07.12.2022 00:00	0.317	0.322	0.314	0.321	594
08.12.2022 00:00	0.32	0.325	0.311	0.318	488
09.12.2022 00:00	0.324	0.34900000000000003	0.321	0.327	807
12.12.2022 00:00	0.328	0.338	0.32	0.325	689
13.12.2022 00:00	0.328	0.338	0.317	0.326	883
14.12.2022 00:00	0.331	0.335	0.321	0.33	915
15.12.2022 00:00	0.296	0.305	0.276	0.276	1495
16.12.2022 00:00	0.275	0.275	0.256	0.264	414
19.12.2022 00:00	0.265	0.269	0.256	0.263	362
20.12.2022 00:00	0.261	0.261	0.249	0.25	223
21.12.2022 00:00	0.249	0.263	0.246	0.259	117
22.12.2022 00:00	0.257	0.271	0.254	0.259	100
23.12.2022 00:00	0.26	0.261	0.254	0.261	61
26.12.2022 00:00	0.261	0.266	0.258	0.259	52
27.12.2022 00:00	0.259	0.263	0.259	0.263	36
28.12.2022 00:00	0.259	0.26	0.251	0.256	102
29.12.2022 00:00	0.257	0.257	0.242	0.247	189
30.12.2022 00:00	0.247	0.247	0.234	0.24	269
03.01.2023 00:00	0.241	0.242	0.23	0.23500000000000001	522
04.01.2023 00:00	0.23500000000000001	0.23600000000000002	0.229	0.234	302
05.01.2023 00:00	0.23500000000000001	0.23700000000000002	0.233	0.23600000000000002	46
06.01.2023 00:00	0.23600000000000002	0.23900000000000002	0.234	0.23600000000000002	51
09.01.2023 00:00	0.23600000000000002	0.268	0.23500000000000001	0.256	800
10.01.2023 00:00	0.25	0.251	0.243	0.251	298
11.01.2023 00:00	0.251	0.26	0.246	0.254	128
12.01.2023 00:00	0.26	0.271	0.258	0.268	356
13.01.2023 00:00	0.269	0.278	0.262	0.266	225
16.01.2023 00:00	0.265	0.269	0.26	0.26	166
17.01.2023 00:00	0.263	0.263	0.258	0.259	29
18.01.2023 00:00	0.258	0.262	0.257	0.261	94
19.01.2023 00:00	0.26	0.26	0.251	0.252	99
20.01.2023 00:00	0.252	0.254	0.251	0.252	11
23.01.2023 00:00	0.251	0.256	0.251	0.256	16
24.01.2023 00:00	0.254	0.257	0.254	0.254	26
25.01.2023 00:00	0.256	0.257	0.254	0.254	72
26.01.2023 00:00	0.254	0.268	0.253	0.257	321
27.01.2023 00:00	0.258	0.258	0.254	0.254	53
30.01.2023 00:00	0.258	0.259	0.254	0.257	9
31.01.2023 00:00	0.256	0.26	0.253	0.253	58
01.02.2023 00:00	0.259	0.262	0.25	0.256	269
02.02.2023 00:00	0.256	0.257	0.251	0.257	55
03.02.2023 00:00	0.257	0.26	0.249	0.254	267
06.02.2023 00:00	0.257	0.26	0.248	0.257	342
07.02.2023 00:00	0.251	0.256	0.251	0.253	80
08.02.2023 00:00	0.253	0.258	0.253	0.257	233
09.02.2023 00:00	0.258	0.259	0.251	0.257	87
10.02.2023 00:00	0.256	0.262	0.256	0.258	183
13.02.2023 00:00	0.262	0.272	0.261	0.266	242
14.02.2023 00:00	0.268	0.27	0.262	0.262	81
15.02.2023 00:00	0.262	0.295	0.262	0.268	1264
16.02.2023 00:00	0.267	0.271	0.26	0.265	116
17.02.2023 00:00	0.262	0.268	0.261	0.264	48
20.02.2023 00:00	0.267	0.267	0.263	0.263	70
21.02.2023 00:00	0.265	0.299	0.261	0.266	2240
22.02.2023 00:00	0.269	0.269	0.251	0.264	358
24.02.2023 00:00	0.261	0.264	0.259	0.262	47
27.02.2023 00:00	0.263	0.264	0.258	0.263	149
28.02.2023 00:00	0.261	0.27	0.26	0.261	335
01.03.2023 00:00	0.261	0.264	0.26	0.261	205
02.03.2023 00:00	0.264	0.267	0.261	0.265	219
03.03.2023 00:00	0.266	0.268	0.261	0.267	163
06.03.2023 00:00	0.265	0.272	0.265	0.266	238
07.03.2023 00:00	0.269	0.27	0.266	0.27	132
09.03.2023 00:00	0.271	0.275	0.266	0.27	56
10.03.2023 00:00	0.271	0.277	0.269	0.273	88
13.03.2023 00:00	0.272	0.274	0.272	0.273	34
14.03.2023 00:00	0.273	0.298	0.268	0.28	3424
15.03.2023 00:00	0.28	0.28	0.268	0.273	785
16.03.2023 00:00	0.274	0.317	0.273	0.279	8850
17.03.2023 00:00	0.281	0.28800000000000003	0.275	0.278	566
20.03.2023 00:00	0.278	0.28200000000000003	0.272	0.278	404
21.03.2023 00:00	0.278	0.279	0.273	0.274	209
22.03.2023 00:00	0.298	0.323	0.281	0.28400000000000003	4674
23.03.2023 00:00	0.28400000000000003	0.292	0.281	0.28500000000000003	539
24.03.2023 00:00	0.289	0.314	0.289	0.301	1539
27.03.2023 00:00	0.303	0.304	0.294	0.301	406
28.03.2023 00:00	0.301	0.306	0.298	0.306	112
29.03.2023 00:00	0.307	0.311	0.305	0.306	169
30.03.2023 00:00	0.306	0.311	0.304	0.304	79
31.03.2023 00:00	0.305	0.312	0.305	0.307	115
03.04.2023 00:00	0.308	0.313	0.3	0.306	273
04.04.2023 00:00	0.306	0.309	0.306	0.309	200
05.04.2023 00:00	0.309	0.309	0.304	0.306	42
06.04.2023 00:00	0.309	0.316	0.309	0.316	215
07.04.2023 00:00	0.316	0.338	0.308	0.308	722
10.04.2023 00:00	0.312	0.324	0.31	0.318	328
11.04.2023 00:00	0.323	0.334	0.314	0.315	255
12.04.2023 00:00	0.314	0.32	0.312	0.316	90
13.04.2023 00:00	0.318	0.318	0.312	0.315	127
14.04.2023 00:00	0.317	0.317	0.313	0.316	37
17.04.2023 00:00	0.317	0.32	0.311	0.315	125
18.04.2023 00:00	0.315	0.328	0.315	0.323	185
19.04.2023 00:00	0.322	0.327	0.318	0.322	64
20.04.2023 00:00	0.321	0.339	0.321	0.323	241
21.04.2023 00:00	0.323	0.354	0.321	0.341	1144
24.04.2023 00:00	0.34400000000000003	0.369	0.331	0.36	986
25.04.2023 00:00	0.362	0.39	0.356	0.369	3459
26.04.2023 00:00	0.381	0.382	0.34800000000000003	0.357	1489
27.04.2023 00:00	0.362	0.362	0.34600000000000003	0.35000000000000003	292
28.04.2023 00:00	0.353	0.359	0.34800000000000003	0.35000000000000003	280
02.05.2023 00:00	0.35100000000000003	0.369	0.34800000000000003	0.34800000000000003	1098
03.05.2023 00:00	0.354	0.357	0.343	0.34900000000000003	254
04.05.2023 00:00	0.34800000000000003	0.35000000000000003	0.34	0.343	45
05.05.2023 00:00	0.341	0.343	0.34	0.343	11
08.05.2023 00:00	0.343	0.343	0.331	0.343	37
10.05.2023 00:00	0.328	0.356	0.328	0.356	144
11.05.2023 00:00	0.357	0.369	0.34400000000000003	0.36	279
12.05.2023 00:00	0.364	0.369	0.35100000000000003	0.35100000000000003	462
15.05.2023 00:00	0.356	0.361	0.35100000000000003	0.354	284
16.05.2023 00:00	0.358	0.394	0.353	0.362	1868
17.05.2023 00:00	0.362	0.373	0.35100000000000003	0.358	886
18.05.2023 00:00	0.358	0.359	0.34700000000000003	0.357	621
19.05.2023 00:00	0.354	0.354	0.34400000000000003	0.34800000000000003	348
22.05.2023 00:00	0.34700000000000003	0.35000000000000003	0.34500000000000003	0.34900000000000003	88
23.05.2023 00:00	0.34500000000000003	0.34900000000000003	0.34500000000000003	0.34900000000000003	24
24.05.2023 00:00	0.34800000000000003	0.357	0.34800000000000003	0.35000000000000003	217
25.05.2023 00:00	0.353	0.373	0.353	0.36	569
26.05.2023 00:00	0.361	0.38	0.356	0.371	480
29.05.2023 00:00	0.372	0.382	0.369	0.379	302
30.05.2023 00:00	0.379	0.385	0.364	0.371	373
31.05.2023 00:00	0.367	0.371	0.362	0.368	47
01.06.2023 00:00	0.363	0.367	0.362	0.367	28
02.06.2023 00:00	0.368	0.37	0.358	0.364	107
05.06.2023 00:00	0.365	0.378	0.365	0.369	468
06.06.2023 00:00	0.367	0.379	0.366	0.371	233
07.06.2023 00:00	0.373	0.377	0.367	0.368	121
08.06.2023 00:00	0.372	0.379	0.368	0.374	299
09.06.2023 00:00	0.375	0.379	0.372	0.379	111
13.06.2023 00:00	0.376	0.388	0.373	0.381	448
14.06.2023 00:00	0.382	0.442	0.382	0.393	3589
15.06.2023 00:00	0.395	0.396	0.386	0.392	242
16.06.2023 00:00	0.394	0.421	0.394	0.41100000000000003	1406
19.06.2023 00:00	0.41300000000000003	0.419	0.4	0.41000000000000003	372
20.06.2023 00:00	0.41100000000000003	0.422	0.405	0.41100000000000003	836
21.06.2023 00:00	0.41100000000000003	0.419	0.40900000000000003	0.41400000000000003	234
22.06.2023 00:00	0.41600000000000004	0.417	0.40900000000000003	0.40900000000000003	92
23.06.2023 00:00	0.40900000000000003	0.41400000000000003	0.40800000000000003	0.41400000000000003	193
26.06.2023 00:00	0.41200000000000003	0.41400000000000003	0.401	0.406	105
27.06.2023 00:00	0.406	0.40900000000000003	0.401	0.404	218
28.06.2023 00:00	0.406	0.54	0.406	0.429	12247
29.06.2023 00:00	0.429	0.429	0.403	0.41300000000000003	1680
30.06.2023 00:00	0.41400000000000003	0.41600000000000004	0.406	0.40800000000000003	174
03.07.2023 00:00	0.41400000000000003	0.41400000000000003	0.405	0.40800000000000003	147
04.07.2023 00:00	0.40700000000000003	0.40800000000000003	0.404	0.40700000000000003	139
05.07.2023 00:00	0.40700000000000003	0.424	0.403	0.404	1097
06.07.2023 00:00	0.406	0.455	0.406	0.425	5263
07.07.2023 00:00	0.427	0.437	0.40700000000000003	0.417	788
10.07.2023 00:00	0.41400000000000003	0.422	0.40700000000000003	0.421	309
11.07.2023 00:00	0.417	0.421	0.406	0.41600000000000004	309
12.07.2023 00:00	0.41300000000000003	0.417	0.41200000000000003	0.41600000000000004	35
13.07.2023 00:00	0.417	0.427	0.41400000000000003	0.422	249
14.07.2023 00:00	0.427	0.435	0.424	0.426	375
17.07.2023 00:00	0.428	0.431	0.426	0.43	64
18.07.2023 00:00	0.429	0.437	0.426	0.437	288
19.07.2023 00:00	0.437	0.45	0.433	0.446	289
20.07.2023 00:00	0.45	0.468	0.434	0.449	574
21.07.2023 00:00	0.445	0.453	0.439	0.448	222
24.07.2023 00:00	0.448	0.463	0.448	0.456	326
25.07.2023 00:00	0.459	0.466	0.451	0.458	216
26.07.2023 00:00	0.455	0.463	0.452	0.458	231
27.07.2023 00:00	0.465	0.482	0.456	0.465	564
28.07.2023 00:00	0.495	0.56	0.484	0.487	2771
31.07.2023 00:00	0.493	0.52	0.489	0.504	294
01.08.2023 00:00	0.504	0.519	0.497	0.515	289
02.08.2023 00:00	0.515	0.536	0.491	0.505	705
03.08.2023 00:00	0.507	0.52	0.502	0.516	382
04.08.2023 00:00	0.52	0.535	0.499	0.503	936
07.08.2023 00:00	0.503	0.525	0.503	0.525	497
08.08.2023 00:00	0.528	0.545	0.507	0.54	726
09.08.2023 00:00	0.539	0.732	0.522	0.707	6308
10.08.2023 00:00	0.734	0.897	0.53	0.659	4874
11.08.2023 00:00	0.686	0.686	0.619	0.661	537
14.08.2023 00:00	0.658	0.6990000000000001	0.64	0.644	470
15.08.2023 00:00	0.643	0.833	0.6	0.683	4934
16.08.2023 00:00	0.6980000000000001	0.709	0.629	0.66	1084
17.08.2023 00:00	0.66	0.6940000000000001	0.658	0.661	284
18.08.2023 00:00	0.683	0.683	0.658	0.68	148
21.08.2023 00:00	0.685	0.745	0.662	0.706	1172
22.08.2023 00:00	0.706	0.749	0.6910000000000001	0.71	711
23.08.2023 00:00	0.6990000000000001	0.722	0.685	0.6970000000000001	306
24.08.2023 00:00	0.6980000000000001	0.721	0.6930000000000001	0.6940000000000001	206
25.08.2023 00:00	0.705	0.723	0.6900000000000001	0.718	491
28.08.2023 00:00	0.723	0.739	0.709	0.725	663
29.08.2023 00:00	0.727	0.763	0.707	0.719	794
30.08.2023 00:00	0.718	0.729	0.7000000000000001	0.723	407
31.08.2023 00:00	0.726	0.798	0.724	0.749	3013
01.09.2023 00:00	0.754	0.795	0.719	0.745	1736
04.09.2023 00:00	0.751	0.777	0.725	0.777	421
05.09.2023 00:00	0.78	0.79	0.749	0.759	563
06.09.2023 00:00	0.785	0.785	0.731	0.744	266
07.09.2023 00:00	0.744	0.75	0.672	0.705	481
08.09.2023 00:00	0.712	0.714	0.67	0.704	222
11.09.2023 00:00	0.718	0.748	0.6950000000000001	0.708	382
12.09.2023 00:00	0.72	0.725	0.708	0.724	93
13.09.2023 00:00	0.736	0.759	0.7020000000000001	0.716	418
14.09.2023 00:00	0.706	0.71	0.65	0.6890000000000001	481
15.09.2023 00:00	0.6880000000000001	0.729	0.673	0.707	261
18.09.2023 00:00	0.7030000000000001	0.746	0.6910000000000001	0.714	256
19.09.2023 00:00	0.735	0.736	0.67	0.6910000000000001	403
20.09.2023 00:00	0.685	0.685	0.643	0.661	241
21.09.2023 00:00	0.666	0.68	0.641	0.648	126
22.09.2023 00:00	0.648	0.657	0.634	0.651	121
25.09.2023 00:00	0.636	0.675	0.636	0.662	62
26.09.2023 00:00	0.664	0.67	0.645	0.659	64
27.09.2023 00:00	0.655	0.67	0.654	0.663	62
28.09.2023 00:00	0.657	0.677	0.648	0.655	260
29.09.2023 00:00	0.662	0.662	0.646	0.648	87
02.10.2023 00:00	0.647	0.653	0.647	0.647	95
03.10.2023 00:00	0.647	0.647	0.629	0.644	78
04.10.2023 00:00	0.65	0.719	0.649	0.653	351
05.10.2023 00:00	0.653	0.676	0.65	0.654	38
06.10.2023 00:00	0.66	0.661	0.616	0.64	222
09.10.2023 00:00	0.644	0.655	0.631	0.651	65
10.10.2023 00:00	0.649	0.653	0.626	0.64	106
11.10.2023 00:00	0.645	0.669	0.619	0.644	190
12.10.2023 00:00	0.629	0.66	0.629	0.637	93
13.10.2023 00:00	0.641	0.657	0.637	0.637	80
16.10.2023 00:00	0.641	0.662	0.641	0.655	127
17.10.2023 00:00	0.666	0.668	0.65	0.664	106
18.10.2023 00:00	0.665	0.669	0.656	0.66	94
19.10.2023 00:00	0.658	0.667	0.649	0.653	79
20.10.2023 00:00	0.65	0.674	0.646	0.674	245
23.10.2023 00:00	0.6880000000000001	0.6880000000000001	0.654	0.668	116
24.10.2023 00:00	0.669	0.681	0.663	0.676	103
25.10.2023 00:00	0.671	0.68	0.671	0.675	38
26.10.2023 00:00	0.668	0.68	0.65	0.654	195
27.10.2023 00:00	0.646	0.654	0.61	0.632	305
30.10.2023 00:00	0.63	0.635	0.616	0.634	167
31.10.2023 00:00	0.625	0.632	0.6	0.611	143
01.11.2023 00:00	0.627	0.627	0.61	0.61	47
02.11.2023 00:00	0.616	0.616	0.607	0.613	17
03.11.2023 00:00	0.609	0.617	0.605	0.609	34
06.11.2023 00:00	0.61	0.61	0.597	0.601	78
07.11.2023 00:00	0.609	0.609	0.599	0.606	26
08.11.2023 00:00	0.604	0.604	0.584	0.604	88
09.11.2023 00:00	0.595	0.603	0.589	0.594	46
10.11.2023 00:00	0.591	0.606	0.577	0.589	166
13.11.2023 00:00	0.582	0.591	0.562	0.5640000000000001	190
14.11.2023 00:00	0.5640000000000001	0.5640000000000001	0.40900000000000003	0.47800000000000004	1675
15.11.2023 00:00	0.47500000000000003	0.53	0.46900000000000003	0.516	460
16.11.2023 00:00	0.523	0.541	0.523	0.532	189
17.11.2023 00:00	0.539	0.598	0.516	0.525	3207
20.11.2023 00:00	0.529	0.532	0.5	0.508	482
21.11.2023 00:00	0.5	0.526	0.489	0.506	281
22.11.2023 00:00	0.5	0.517	0.499	0.505	63
23.11.2023 00:00	0.504	0.519	0.489	0.501	237
24.11.2023 00:00	0.507	0.508	0.498	0.499	81
27.11.2023 00:00	0.499	0.507	0.482	0.487	71
28.11.2023 00:00	0.484	0.517	0.47000000000000003	0.498	422
29.11.2023 00:00	0.508	0.514	0.502	0.506	83
30.11.2023 00:00	0.5	0.5	0.468	0.489	289
01.12.2023 00:00	0.47900000000000004	0.494	0.464	0.47400000000000003	333
04.12.2023 00:00	0.47700000000000004	0.494	0.439	0.439	285
05.12.2023 00:00	0.441	0.448	0.41000000000000003	0.426	193
06.12.2023 00:00	0.432	0.444	0.422	0.441	191
07.12.2023 00:00	0.442	0.443	0.40900000000000003	0.422	375
08.12.2023 00:00	0.422	0.429	0.42	0.421	40
11.12.2023 00:00	0.428	0.438	0.42	0.434	149
12.12.2023 00:00	0.434	0.434	0.419	0.425	163
13.12.2023 00:00	0.422	0.431	0.419	0.428	112
14.12.2023 00:00	0.426	0.439	0.41000000000000003	0.41000000000000003	189
15.12.2023 00:00	0.41200000000000003	0.424	0.4	0.424	124
18.12.2023 00:00	0.426	0.449	0.424	0.441	224
19.12.2023 00:00	0.442	0.462	0.437	0.452	203
20.12.2023 00:00	0.458	0.461	0.451	0.459	133
21.12.2023 00:00	0.454	0.47700000000000004	0.434	0.461	669
22.12.2023 00:00	0.461	0.468	0.456	0.465	34
25.12.2023 00:00	0.455	0.465	0.429	0.444	310
26.12.2023 00:00	0.446	0.45	0.431	0.431	67
27.12.2023 00:00	0.436	0.442	0.432	0.433	50
28.12.2023 00:00	0.435	0.438	0.42	0.438	146
29.12.2023 00:00	0.437	0.449	0.422	0.435	98
03.01.2024 00:00	0.437	0.458	0.425	0.45	146
04.01.2024 00:00	0.45	0.484	0.44	0.464	699
05.01.2024 00:00	0.468	0.489	0.443	0.48	338
08.01.2024 00:00	0.485	0.542	0.46900000000000003	0.517	1859
09.01.2024 00:00	0.519	0.519	0.49	0.502	370
10.01.2024 00:00	0.513	0.514	0.497	0.506	200
11.01.2024 00:00	0.505	0.506	0.497	0.501	138
12.01.2024 00:00	0.502	0.524	0.499	0.5	621
15.01.2024 00:00	0.502	0.54	0.502	0.54	427
16.01.2024 00:00	0.526	0.539	0.518	0.522	232
17.01.2024 00:00	0.534	0.579	0.531	0.544	2027
18.01.2024 00:00	0.552	0.5640000000000001	0.526	0.545	598
19.01.2024 00:00	0.54	0.546	0.536	0.538	175
22.01.2024 00:00	0.54	0.55	0.52	0.544	666
23.01.2024 00:00	0.537	0.579	0.533	0.5690000000000001	574
24.01.2024 00:00	0.5730000000000001	0.596	0.556	0.56	306
25.01.2024 00:00	0.557	0.5630000000000001	0.551	0.554	247
26.01.2024 00:00	0.552	0.5760000000000001	0.534	0.54	239
29.01.2024 00:00	0.54	0.554	0.529	0.538	276
30.01.2024 00:00	0.539	0.554	0.523	0.529	322
31.01.2024 00:00	0.529	0.538	0.52	0.534	185
01.02.2024 00:00	0.525	0.531	0.513	0.523	207
02.02.2024 00:00	0.522	0.538	0.516	0.524	150
05.02.2024 00:00	0.527	0.53	0.508	0.517	275
06.02.2024 00:00	0.518	0.534	0.516	0.528	105
07.02.2024 00:00	0.522	0.531	0.522	0.525	186
08.02.2024 00:00	0.522	0.525	0.509	0.516	142
09.02.2024 00:00	0.512	0.515	0.497	0.501	327
12.02.2024 00:00	0.499	0.505	0.47900000000000004	0.482	273
13.02.2024 00:00	0.487	0.518	0.484	0.5	210
14.02.2024 00:00	0.502	0.515	0.499	0.506	144
15.02.2024 00:00	0.501	0.52	0.5	0.504	146
16.02.2024 00:00	0.516	0.517	0.487	0.497	122
19.02.2024 00:00	0.496	0.507	0.491	0.499	132
20.02.2024 00:00	0.497	0.507	0.485	0.491	198
21.02.2024 00:00	0.482	0.496	0.46900000000000003	0.47300000000000003	307
22.02.2024 00:00	0.481	0.492	0.48	0.489	45
26.02.2024 00:00	0.489	0.507	0.482	0.507	195
27.02.2024 00:00	0.507	0.514	0.501	0.505	89
28.02.2024 00:00	0.509	0.509	0.498	0.501	68
29.02.2024 00:00	0.501	0.504	0.5	0.5	25
01.03.2024 00:00	0.504	0.505	0.496	0.501	40
04.03.2024 00:00	0.495	0.506	0.495	0.501	29
05.03.2024 00:00	0.502	0.529	0.496	0.528	355
06.03.2024 00:00	0.528	0.637	0.528	0.547	8550
07.03.2024 00:00	0.547	0.556	0.527	0.54	1211
11.03.2024 00:00	0.54	0.552	0.524	0.529	427
12.03.2024 00:00	0.535	0.535	0.515	0.527	221
13.03.2024 00:00	0.526	0.56	0.519	0.531	739
14.03.2024 00:00	0.53	0.531	0.513	0.527	198
15.03.2024 00:00	0.524	0.526	0.509	0.513	442
18.03.2024 00:00	0.507	0.522	0.501	0.512	320
19.03.2024 00:00	0.51	0.514	0.507	0.508	124
20.03.2024 00:00	0.513	0.514	0.501	0.503	135
21.03.2024 00:00	0.502	0.506	0.499	0.506	110
22.03.2024 00:00	0.502	0.507	0.495	0.5	60
25.03.2024 00:00	0.5	0.505	0.496	0.505	90
26.03.2024 00:00	0.505	0.546	0.499	0.527	1031
27.03.2024 00:00	0.53	0.55	0.526	0.531	572
28.03.2024 00:00	0.533	0.536	0.517	0.523	250
29.03.2024 00:00	0.522	0.526	0.509	0.52	165
01.04.2024 00:00	0.517	0.53	0.509	0.509	179
02.04.2024 00:00	0.515	0.519	0.51	0.514	63
03.04.2024 00:00	0.524	0.524	0.507	0.515	197
04.04.2024 00:00	0.515	0.523	0.505	0.513	247
05.04.2024 00:00	0.513	0.516	0.5	0.506	177
08.04.2024 00:00	0.508	0.515	0.505	0.514	126
09.04.2024 00:00	0.514	0.514	0.5	0.502	379
10.04.2024 00:00	0.502	0.507	0.501	0.507	145
11.04.2024 00:00	0.508	0.522	0.508	0.513	155
12.04.2024 00:00	0.518	0.519	0.499	0.503	428
15.04.2024 00:00	0.503	0.507	0.499	0.503	254
16.04.2024 00:00	0.505	0.509	0.499	0.503	410
17.04.2024 00:00	0.501	0.521	0.501	0.503	791
18.04.2024 00:00	0.506	0.512	0.503	0.506	199
19.04.2024 00:00	0.506	0.506	0.499	0.499	343
22.04.2024 00:00	0.499	0.505	0.492	0.498	636
23.04.2024 00:00	0.497	0.501	0.49	0.493	380
24.04.2024 00:00	0.492	0.501	0.482	0.487	218
25.04.2024 00:00	0.487	0.494	0.468	0.46900000000000003	724
26.04.2024 00:00	0.47000000000000003	0.47900000000000004	0.46	0.47200000000000003	304
27.04.2024 00:00	0.47200000000000003	0.483	0.47100000000000003	0.47500000000000003	144
29.04.2024 00:00	0.47300000000000003	0.47600000000000003	0.468	0.47500000000000003	82
30.04.2024 00:00	0.483	0.527	0.483	0.492	2559
02.05.2024 00:00	0.497	0.498	0.48	0.488	393
03.05.2024 00:00	0.492	0.531	0.47000000000000003	0.5	3369
06.05.2024 00:00	0.503	0.533	0.499	0.506	1910
07.05.2024 00:00	0.509	0.515	0.494	0.501	366
08.05.2024 00:00	0.501	0.51	0.5	0.5	185
10.05.2024 00:00	0.507	0.535	0.502	0.519	970
13.05.2024 00:00	0.519	0.624	0.509	0.531	12109
14.05.2024 00:00	0.531	0.559	0.509	0.538	2357
15.05.2024 00:00	0.541	0.554	0.509	0.527	986
16.05.2024 00:00	0.525	0.531	0.512	0.515	608
17.05.2024 00:00	0.521	0.55	0.51	0.525	452
20.05.2024 00:00	0.524	0.533	0.51	0.529	626
21.05.2024 00:00	0.528	0.528	0.512	0.518	207
22.05.2024 00:00	0.517	0.522	0.512	0.515	262
23.05.2024 00:00	0.52	0.55	0.517	0.525	2855
24.05.2024 00:00	0.525	0.525	0.504	0.505	590
27.05.2024 00:00	0.505	0.508	0.47300000000000003	0.47900000000000004	552
28.05.2024 00:00	0.484	0.5	0.484	0.49	136
29.05.2024 00:00	0.492	0.509	0.49	0.492	287
30.05.2024 00:00	0.497	0.505	0.487	0.494	98
31.05.2024 00:00	0.489	0.492	0.46900000000000003	0.47400000000000003	185
03.06.2024 00:00	0.487	0.487	0.433	0.45	251
04.06.2024 00:00	0.457	0.481	0.434	0.47100000000000003	150
05.06.2024 00:00	0.47700000000000004	0.499	0.47700000000000004	0.499	155
06.06.2024 00:00	0.5	0.5	0.486	0.486	45
07.06.2024 00:00	0.489	0.522	0.489	0.494	435
10.06.2024 00:00	0.5	0.501	0.485	0.494	131
11.06.2024 00:00	0.495	0.498	0.47800000000000004	0.483	195
13.06.2024 00:00	0.482	0.482	0.463	0.47900000000000004	242
14.06.2024 00:00	0.47900000000000004	0.482	0.47400000000000003	0.47900000000000004	78
17.06.2024 00:00	0.488	0.49	0.48	0.488	99
18.06.2024 00:00	0.489	0.501	0.47800000000000004	0.48	232
19.06.2024 00:00	0.481	0.482	0.448	0.456	345
20.06.2024 00:00	0.47300000000000003	0.504	0.46	0.482	445
21.06.2024 00:00	0.495	0.497	0.465	0.47000000000000003	259
24.06.2024 00:00	0.47700000000000004	0.533	0.47500000000000003	0.513	742
25.06.2024 00:00	0.513	0.513	0.48	0.501	649
26.06.2024 00:00	0.501	0.518	0.47000000000000003	0.493	1077
27.06.2024 00:00	0.47300000000000003	0.48	0.462	0.468	963
28.06.2024 00:00	0.47200000000000003	0.47200000000000003	0.462	0.463	77
01.07.2024 00:00	0.463	0.464	0.45	0.462	204
02.07.2024 00:00	0.459	0.46900000000000003	0.459	0.466	72
03.07.2024 00:00	0.468	0.46900000000000003	0.462	0.46900000000000003	97
04.07.2024 00:00	0.466	0.47900000000000004	0.461	0.468	239
05.07.2024 00:00	0.462	0.47800000000000004	0.453	0.466	70
08.07.2024 00:00	0.46900000000000003	0.46900000000000003	0.465	0.465	39
09.07.2024 00:00	0.465	0.467	0.429	0.434	185
10.07.2024 00:00	0.445	0.446	0.424	0.429	116
11.07.2024 00:00	0.434	0.47100000000000003	0.434	0.464	149
12.07.2024 00:00	0.463	0.467	0.456	0.465	45
15.07.2024 00:00	0.461	0.464	0.454	0.454	78
16.07.2024 00:00	0.459	0.461	0.442	0.444	95
17.07.2024 00:00	0.449	0.449	0.443	0.443	16
18.07.2024 00:00	0.442	0.455	0.438	0.455	47
19.07.2024 00:00	0.451	0.467	0.451	0.467	59
22.07.2024 00:00	0.467	0.47000000000000003	0.463	0.47000000000000003	34
23.07.2024 00:00	0.467	0.47200000000000003	0.467	0.47200000000000003	49
24.07.2024 00:00	0.47200000000000003	0.484	0.468	0.47300000000000003	126
25.07.2024 00:00	0.47300000000000003	0.481	0.47300000000000003	0.47600000000000003	77
26.07.2024 00:00	0.47600000000000003	0.491	0.47400000000000003	0.486	222
29.07.2024 00:00	0.485	0.497	0.47900000000000004	0.487	241
30.07.2024 00:00	0.487	0.492	0.47100000000000003	0.482	161
31.07.2024 00:00	0.482	0.482	0.47700000000000004	0.47900000000000004	11
01.08.2024 00:00	0.47900000000000004	0.482	0.47700000000000004	0.48	13
02.08.2024 00:00	0.48	0.481	0.47500000000000003	0.47500000000000003	7
05.08.2024 00:00	0.47400000000000003	0.47400000000000003	0.467	0.468	24
06.08.2024 00:00	0.46900000000000003	0.483	0.457	0.483	165
07.08.2024 00:00	0.47800000000000004	0.494	0.465	0.47400000000000003	389
08.08.2024 00:00	0.47400000000000003	0.47900000000000004	0.47400000000000003	0.47900000000000004	17
09.08.2024 00:00	0.47800000000000004	0.47900000000000004	0.47600000000000003	0.47600000000000003	9
12.08.2024 00:00	0.47500000000000003	0.47700000000000004	0.47300000000000003	0.47700000000000004	14
13.08.2024 00:00	0.47800000000000004	0.489	0.47300000000000003	0.481	291
14.08.2024 00:00	0.481	0.5	0.481	0.485	186
15.08.2024 00:00	0.485	0.489	0.48	0.48	50
16.08.2024 00:00	0.48	0.483	0.47900000000000004	0.483	25
19.08.2024 00:00	0.483	0.488	0.48	0.48	72
20.08.2024 00:00	0.481	0.485	0.47800000000000004	0.47800000000000004	29
21.08.2024 00:00	0.48	0.49	0.47700000000000004	0.485	75
22.08.2024 00:00	0.484	0.488	0.47500000000000003	0.47500000000000003	67
23.08.2024 00:00	0.47400000000000003	0.47400000000000003	0.464	0.464	50
26.08.2024 00:00	0.467	0.468	0.464	0.468	14
27.08.2024 00:00	0.466	0.46900000000000003	0.456	0.461	45
28.08.2024 00:00	0.462	0.462	0.424	0.439	203
29.08.2024 00:00	0.438	0.439	0.426	0.439	33
30.08.2024 00:00	0.439	0.439	0.41600000000000004	0.42	81
02.09.2024 00:00	0.40700000000000003	0.43	0.377	0.43	258
03.09.2024 00:00	0.417	0.434	0.397	0.405	146
04.09.2024 00:00	0.406	0.41400000000000003	0.4	0.4	139
05.09.2024 00:00	0.403	0.40800000000000003	0.396	0.399	309
06.09.2024 00:00	0.401	0.405	0.397	0.399	75
09.09.2024 00:00	0.402	0.41000000000000003	0.399	0.404	142
10.09.2024 00:00	0.403	0.406	0.4	0.4	97
11.09.2024 00:00	0.404	0.406	0.403	0.406	42
12.09.2024 00:00	0.406	0.406	0.402	0.403	18
13.09.2024 00:00	0.406	0.41100000000000003	0.402	0.41100000000000003	137
16.09.2024 00:00	0.41200000000000003	0.427	0.41200000000000003	0.419	74
17.09.2024 00:00	0.42	0.425	0.419	0.419	26
18.09.2024 00:00	0.423	0.428	0.421	0.422	46
19.09.2024 00:00	0.426	0.427	0.423	0.426	8
20.09.2024 00:00	0.426	0.45	0.423	0.435	85
23.09.2024 00:00	0.433	0.458	0.428	0.455	122
24.09.2024 00:00	0.459	0.459	0.45	0.45	88
25.09.2024 00:00	0.455	0.455	0.449	0.45	16
26.09.2024 00:00	0.45	0.45	0.449	0.449	5
27.09.2024 00:00	0.453	0.455	0.452	0.454	8
30.09.2024 00:00	0.452	0.452	0.431	0.44	240
01.10.2024 00:00	0.439	0.439	0.425	0.429	84
02.10.2024 00:00	0.426	0.431	0.424	0.425	23
03.10.2024 00:00	0.426	0.426	0.41300000000000003	0.419	51
04.10.2024 00:00	0.41000000000000003	0.423	0.41000000000000003	0.423	11
07.10.2024 00:00	0.418	0.424	0.418	0.419	10
08.10.2024 00:00	0.419	0.427	0.419	0.427	7
09.10.2024 00:00	0.429	0.429	0.422	0.422	17
10.10.2024 00:00	0.424	0.426	0.424	0.426	15
11.10.2024 00:00	0.426	0.427	0.426	0.426	9
14.10.2024 00:00	0.428	0.429	0.427	0.427	17
15.10.2024 00:00	0.43	0.431	0.43	0.43	13
16.10.2024 00:00	0.431	0.433	0.431	0.433	28
17.10.2024 00:00	0.43	0.439	0.427	0.432	95
18.10.2024 00:00	0.431	0.431	0.428	0.428	6
21.10.2024 00:00	0.428	0.429	0.418	0.422	24
22.10.2024 00:00	0.419	0.449	0.419	0.44	215
23.10.2024 00:00	0.444	0.444	0.437	0.439	9
24.10.2024 00:00	0.439	0.439	0.437	0.437	6
25.10.2024 00:00	0.441	0.441	0.436	0.436	3
28.10.2024 00:00	0.433	0.433	0.4	0.406	194
29.10.2024 00:00	0.392	0.41300000000000003	0.392	0.41100000000000003	12
30.10.2024 00:00	0.40900000000000003	0.427	0.40900000000000003	0.423	71
31.10.2024 00:00	0.426	0.462	0.41100000000000003	0.41200000000000003	70
01.11.2024 00:00	0.41100000000000003	0.41100000000000003	0.393	0.404	64
02.11.2024 00:00	0.405	0.419	0.404	0.406	36
05.11.2024 00:00	0.41100000000000003	0.41300000000000003	0.40800000000000003	0.40800000000000003	13
06.11.2024 00:00	0.41400000000000003	0.429	0.40900000000000003	0.41600000000000004	19
07.11.2024 00:00	0.41400000000000003	0.41400000000000003	0.40900000000000003	0.41300000000000003	20
08.11.2024 00:00	0.41400000000000003	0.419	0.41400000000000003	0.419	7
11.11.2024 00:00	0.42	0.44	0.42	0.44	37
12.11.2024 00:00	0.446	0.453	0.435	0.442	16
13.11.2024 00:00	0.438	0.463	0.438	0.46	47
14.11.2024 00:00	0.449	0.451	0.442	0.442	139
15.11.2024 00:00	0.442	0.448	0.439	0.44	18
18.11.2024 00:00	0.44	0.444	0.433	0.433	9
19.11.2024 00:00	0.446	0.463	0.429	0.429	44
20.11.2024 00:00	0.431	0.456	0.431	0.448	40
21.11.2024 00:00	0.436	0.443	0.436	0.438	30
22.11.2024 00:00	0.436	0.444	0.436	0.444	3
25.11.2024 00:00	0.436	0.458	0.417	0.431	195
26.11.2024 00:00	0.433	0.433	0.419	0.42	33
27.11.2024 00:00	0.419	0.419	0.397	0.404	29
28.11.2024 00:00	0.41300000000000003	0.41500000000000004	0.404	0.405	8
29.11.2024 00:00	0.41400000000000003	0.425	0.41400000000000003	0.425	15
02.12.2024 00:00	0.425	0.439	0.425	0.439	33
03.12.2024 00:00	0.444	0.444	0.421	0.424	148
04.12.2024 00:00	0.428	0.428	0.418	0.418	11
05.12.2024 00:00	0.424	0.424	0.422	0.424	8
06.12.2024 00:00	0.422	0.426	0.422	0.423	36
09.12.2024 00:00	0.427	0.443	0.422	0.431	44
10.12.2024 00:00	0.431	0.438	0.431	0.438	2
11.12.2024 00:00	0.431	0.431	0.431	0.431	2
12.12.2024 00:00	0.43	0.43	0.425	0.425	4
13.12.2024 00:00	0.422	0.422	0.40800000000000003	0.40900000000000003	32
16.12.2024 00:00	0.40800000000000003	0.40800000000000003	0.405	0.40800000000000003	13
17.12.2024 00:00	0.41000000000000003	0.421	0.405	0.421	23
18.12.2024 00:00	0.418	0.431	0.418	0.431	16
19.12.2024 00:00	0.428	0.431	0.421	0.421	12
20.12.2024 00:00	0.43	0.443	0.40900000000000003	0.443	76
23.12.2024 00:00	0.44	0.46	0.436	0.441	60
24.12.2024 00:00	0.442	0.442	0.436	0.436	12
25.12.2024 00:00	0.444	0.444	0.435	0.438	4
26.12.2024 00:00	0.441	0.441	0.437	0.437	8
27.12.2024 00:00	0.434	0.44	0.434	0.435	7
28.12.2024 00:00	0.438	0.438	0.421	0.425	27
30.12.2024 00:00	0.431	0.443	0.428	0.443	34
03.01.2025 00:00	0.434	0.449	0.433	0.449	24
06.01.2025 00:00	0.449	0.449	0.433	0.441	28
08.01.2025 00:00	0.443	0.466	0.429	0.461	111
09.01.2025 00:00	0.464	0.499	0.456	0.47500000000000003	376
10.01.2025 00:00	0.47900000000000004	0.48	0.45	0.454	226
13.01.2025 00:00	0.455	0.47900000000000004	0.452	0.463	105
14.01.2025 00:00	0.463	0.463	0.46	0.46	5
15.01.2025 00:00	0.462	0.462	0.457	0.458	117
16.01.2025 00:00	0.466	0.47900000000000004	0.466	0.46900000000000003	43
17.01.2025 00:00	0.47000000000000003	0.47700000000000004	0.456	0.461	83
20.01.2025 00:00	0.466	0.47400000000000003	0.459	0.464	91
21.01.2025 00:00	0.464	0.47600000000000003	0.463	0.47000000000000003	114
22.01.2025 00:00	0.47100000000000003	0.489	0.465	0.47500000000000003	181
23.01.2025 00:00	0.47000000000000003	0.489	0.47000000000000003	0.48	103
24.01.2025 00:00	0.49	0.52	0.47900000000000004	0.484	224
27.01.2025 00:00	0.489	0.489	0.47700000000000004	0.48	17
28.01.2025 00:00	0.483	0.485	0.47300000000000003	0.47500000000000003	34
29.01.2025 00:00	0.47500000000000003	0.482	0.47200000000000003	0.482	18
30.01.2025 00:00	0.483	0.494	0.483	0.494	28
31.01.2025 00:00	0.495	0.504	0.487	0.492	25
03.02.2025 00:00	0.501	0.542	0.492	0.492	965
04.02.2025 00:00	0.492	0.5	0.47500000000000003	0.481	219
05.02.2025 00:00	0.47600000000000003	0.47900000000000004	0.452	0.46	276
06.02.2025 00:00	0.466	0.47200000000000003	0.457	0.463	70
07.02.2025 00:00	0.46900000000000003	0.47900000000000004	0.463	0.463	78
10.02.2025 00:00	0.47200000000000003	0.47200000000000003	0.451	0.464	80
11.02.2025 00:00	0.464	0.467	0.459	0.463	66
12.02.2025 00:00	0.462	0.47900000000000004	0.462	0.466	37
13.02.2025 00:00	0.47600000000000003	0.49	0.467	0.481	207
14.02.2025 00:00	0.47800000000000004	0.483	0.462	0.46900000000000003	227
17.02.2025 00:00	0.46900000000000003	0.47500000000000003	0.465	0.47000000000000003	57
18.02.2025 00:00	0.47200000000000003	0.49	0.468	0.47000000000000003	122
19.02.2025 00:00	0.47100000000000003	0.47200000000000003	0.468	0.46900000000000003	17
20.02.2025 00:00	0.46900000000000003	0.47700000000000004	0.46900000000000003	0.47500000000000003	14
21.02.2025 00:00	0.47400000000000003	0.49	0.47400000000000003	0.482	103
24.02.2025 00:00	0.482	0.496	0.481	0.484	212
25.02.2025 00:00	0.492	0.493	0.482	0.482	71
26.02.2025 00:00	0.489	0.49	0.482	0.482	41
27.02.2025 00:00	0.486	0.486	0.464	0.47300000000000003	99
28.02.2025 00:00	0.47000000000000003	0.47100000000000003	0.456	0.468	70
03.03.2025 00:00	0.467	0.46900000000000003	0.467	0.46900000000000003	6
04.03.2025 00:00	0.46900000000000003	0.47300000000000003	0.468	0.47300000000000003	36
05.03.2025 00:00	0.47200000000000003	0.47400000000000003	0.467	0.47400000000000003	27
06.03.2025 00:00	0.47400000000000003	0.47700000000000004	0.47100000000000003	0.47400000000000003	12
07.03.2025 00:00	0.47600000000000003	0.483	0.47600000000000003	0.47800000000000004	22
10.03.2025 00:00	0.484	0.485	0.47600000000000003	0.47900000000000004	18
11.03.2025 00:00	0.47600000000000003	0.47700000000000004	0.47400000000000003	0.47500000000000003	7
12.03.2025 00:00	0.47500000000000003	0.48	0.47300000000000003	0.47300000000000003	36
13.03.2025 00:00	0.47500000000000003	0.47500000000000003	0.468	0.468	16
14.03.2025 00:00	0.468	0.47000000000000003	0.466	0.467	12
17.03.2025 00:00	0.468	0.47500000000000003	0.468	0.47500000000000003	10
18.03.2025 00:00	0.47500000000000003	0.47500000000000003	0.46900000000000003	0.46900000000000003	3
19.03.2025 00:00	0.47200000000000003	0.47400000000000003	0.47200000000000003	0.47400000000000003	3
20.03.2025 00:00	0.47000000000000003	0.47400000000000003	0.46900000000000003	0.47000000000000003	6
21.03.2025 00:00	0.47000000000000003	0.47000000000000003	0.47000000000000003	0.47000000000000003	4
25.03.2025 00:00	0.47100000000000003	0.47100000000000003	0.467	0.467	9
26.03.2025 00:00	0.47000000000000003	0.47000000000000003	0.468	0.47000000000000003	7
27.03.2025 00:00	0.47400000000000003	0.495	0.465	0.466	327
28.03.2025 00:00	0.467	0.468	0.445	0.454	49
31.03.2025 00:00	0.446	0.454	0.444	0.448	40
01.04.2025 00:00	0.453	0.458	0.449	0.454	12
02.04.2025 00:00	0.45	0.459	0.45	0.458	7
03.04.2025 00:00	0.459	0.459	0.449	0.449	23
04.04.2025 00:00	0.456	0.456	0.442	0.449	20
07.04.2025 00:00	0.438	0.439	0.417	0.435	54
08.04.2025 00:00	0.432	0.45	0.432	0.449	30
09.04.2025 00:00	0.439	0.441	0.42	0.43	39
10.04.2025 00:00	0.439	0.439	0.41400000000000003	0.425	193
11.04.2025 00:00	0.419	0.43	0.419	0.43	104
14.04.2025 00:00	0.43	0.43	0.405	0.41100000000000003	294
15.04.2025 00:00	0.40800000000000003	0.41400000000000003	0.40800000000000003	0.41400000000000003	12
16.04.2025 00:00	0.40800000000000003	0.41500000000000004	0.40800000000000003	0.41300000000000003	21
17.04.2025 00:00	0.41500000000000004	0.42	0.41500000000000004	0.42	29
18.04.2025 00:00	0.42	0.445	0.41300000000000003	0.41300000000000003	433
21.04.2025 00:00	0.41200000000000003	0.418	0.40700000000000003	0.418	152
22.04.2025 00:00	0.419	0.425	0.418	0.423	52
23.04.2025 00:00	0.417	0.417	0.417	0.417	1
24.04.2025 00:00	0.418	0.422	0.41500000000000004	0.421	18
25.04.2025 00:00	0.422	0.435	0.418	0.428	112
28.04.2025 00:00	0.431	0.431	0.421	0.425	21
29.04.2025 00:00	0.425	0.428	0.422	0.422	15
30.04.2025 00:00	0.422	0.425	0.395	0.40800000000000003	204
02.05.2025 00:00	0.401	0.41100000000000003	0.396	0.402	70
05.05.2025 00:00	0.41000000000000003	0.41400000000000003	0.404	0.404	39
06.05.2025 00:00	0.40800000000000003	0.40800000000000003	0.403	0.406	36
07.05.2025 00:00	0.40700000000000003	0.40900000000000003	0.403	0.403	40
08.05.2025 00:00	0.40900000000000003	0.42	0.405	0.41600000000000004	48
12.05.2025 00:00	0.421	0.422	0.41400000000000003	0.418	18
13.05.2025 00:00	0.41600000000000004	0.41600000000000004	0.399	0.405	530
14.05.2025 00:00	0.402	0.40800000000000003	0.4	0.406	31
15.05.2025 00:00	0.403	0.406	0.401	0.402	22
16.05.2025 00:00	0.401	0.405	0.4	0.401	37
19.05.2025 00:00	0.403	0.403	0.38	0.386	279
20.05.2025 00:00	0.391	0.395	0.379	0.39	164
21.05.2025 00:00	0.389	0.392	0.384	0.389	32
22.05.2025 00:00	0.386	0.388	0.384	0.384	11
