datetime	open	high	low	close	volume
07.03.2018 00:00	17.76	17.8	17.46	17.68	145
09.03.2018 00:00	17.76	17.8	17.6	17.8	8
12.03.2018 00:00	18.26	18.26	17.76	17.76	479
13.03.2018 00:00	17.76	17.98	17.48	17.48	366
14.03.2018 00:00	17.64	17.98	17.6	17.98	1753
15.03.2018 00:00	17.8	17.8	17.48	17.54	916
16.03.2018 00:00	17.48	17.48	17.38	17.38	242
19.03.2018 00:00	17.54	17.88	17.46	17.54	147
20.03.2018 00:00	17.54	17.64	17.48	17.54	337
21.03.2018 00:00	17.48	17.54	17.34	17.46	1676
22.03.2018 00:00	17.34	17.48	17.3	17.48	461
23.03.2018 00:00	17.48	17.48	17.34	17.38	60
27.03.2018 00:00	17.38	17.48	17.3	17.38	56
28.03.2018 00:00	17.54	17.54	17.26	17.26	101
29.03.2018 00:00	17.48	17.48	17.14	17.18	748
30.03.2018 00:00	17.18	17.34	17.14	17.18	392
02.04.2018 00:00	17.34	17.34	16.96	17.1	3191
03.04.2018 00:00	17.04	17.26	17.04	17.14	128
04.04.2018 00:00	17.18	17.18	16.98	16.98	42
05.04.2018 00:00	17.1	17.1	16.88	17.04	163
06.04.2018 00:00	17.1	17.1	16.98	17.04	384
09.04.2018 00:00	16.98	16.98	15.84	16.46	6859
10.04.2018 00:00	16.48	17.1	16.04	16.3	1713
11.04.2018 00:00	16.34	16.98	16.34	16.64	555
12.04.2018 00:00	16.68	16.98	16.64	16.98	1137
13.04.2018 00:00	16.88	16.98	16.76	16.84	141
16.04.2018 00:00	16.8	16.96	16.8	16.84	104
17.04.2018 00:00	16.8	17.26	16.46	16.88	1012
18.04.2018 00:00	16.8	17.18	16.68	17.18	708
19.04.2018 00:00	17.14	17.14	16.98	17.04	138
20.04.2018 00:00	17.04	17.04	16.76	16.8	181
23.04.2018 00:00	16.96	17.48	16.96	17.04	94
24.04.2018 00:00	17.18	17.3	17.04	17.14	230
25.04.2018 00:00	17.34	17.34	16.98	17.3	226
26.04.2018 00:00	16.96	16.98	16.76	16.88	1327
27.04.2018 00:00	16.88	17.04	16.88	16.88	314
28.04.2018 00:00	16.96	16.96	16.88	16.96	17
30.04.2018 00:00	17.1	17.1	17.1	17.1	2
02.05.2018 00:00	17.14	17.14	17.1	17.14	1
03.05.2018 00:00	16.98	17.04	16.64	17.04	25
04.05.2018 00:00	17.1	17.1	16.76	16.98	563
07.05.2018 00:00	16.98	17.38	16.96	17.38	41
08.05.2018 00:00	17.14	17.14	16.8	16.96	165
10.05.2018 00:00	16.96	16.96	16.68	16.8	21
11.05.2018 00:00	16.76	16.88	16.54	16.68	491
14.05.2018 00:00	16.88	16.96	16.8	16.96	34
15.05.2018 00:00	16.8	16.8	15.8	16.1	3870
16.05.2018 00:00	16.1	16.48	16.04	16.26	253
17.05.2018 00:00	16.26	16.48	16.18	16.34	519
18.05.2018 00:00	16.46	16.48	16.18	16.46	848
21.05.2018 00:00	16.48	16.48	16.38	16.38	2
22.05.2018 00:00	16.38	16.48	16.3	16.46	1003
23.05.2018 00:00	16.38	16.6	16.38	16.48	41
24.05.2018 00:00	16.38	16.6	16.26	16.34	218
25.05.2018 00:00	16.38	16.6	16.34	16.6	51
28.05.2018 00:00	16.48	16.68	16.46	16.46	9
29.05.2018 00:00	16.46	16.64	16.26	16.3	940
30.05.2018 00:00	16.34	16.46	15.98	16.38	3125
31.05.2018 00:00	16.34	16.46	16.34	16.46	1345
01.06.2018 00:00	16.38	16.48	16.38	16.48	168
04.06.2018 00:00	16.6	16.68	16.6	16.68	50
05.06.2018 00:00	16.54	16.84	16.46	16.64	34
06.06.2018 00:00	16.64	16.76	16.34	16.34	117
07.06.2018 00:00	16.38	17.1	16.34	16.84	748
08.06.2018 00:00	16.54	16.76	15.98	16.26	4573
09.06.2018 00:00	16.04	16.38	16.04	16.34	229
11.06.2018 00:00	16.34	16.34	16.26	16.3	32
13.06.2018 00:00	16.38	16.48	16.38	16.48	113
14.06.2018 00:00	16.46	16.46	16.38	16.38	43
15.06.2018 00:00	16.6	16.6	15.9	16.14	1053
18.06.2018 00:00	16.26	16.48	16.26	16.46	487
19.06.2018 00:00	16.46	16.54	15.98	16.18	875
20.06.2018 00:00	16.46	16.46	15.74	15.98	2551
21.06.2018 00:00	16.34	16.46	16.04	16.38	754
22.06.2018 00:00	16.26	16.48	16.26	16.46	650
25.06.2018 00:00	16.34	16.48	16.14	16.48	846
26.06.2018 00:00	16.38	16.54	15.96	16.26	1805
27.06.2018 00:00	16.34	16.38	16.26	16.34	721
28.06.2018 00:00	16.38	16.38	16.18	16.34	61
29.06.2018 00:00	16.34	16.34	16.04	16.3	129
02.07.2018 00:00	16.04	16.3	15.9	16.1	1065
03.07.2018 00:00	15.74	16.04	15.74	16.04	806
04.07.2018 00:00	16.1	16.14	15.84	16.14	120
05.07.2018 00:00	16.1	16.14	15.98	16.14	106
06.07.2018 00:00	15.84	16.18	15.74	15.96	2409
09.07.2018 00:00	15.84	15.84	15.74	15.84	1184
10.07.2018 00:00	15.74	15.98	15.74	15.8	891
11.07.2018 00:00	15.68	15.84	15.58	15.84	345
12.07.2018 00:00	15.9	15.96	15.64	15.8	328
13.07.2018 00:00	15.74	15.9	15.74	15.9	1269
16.07.2018 00:00	15.98	15.98	15.68	15.84	101
17.07.2018 00:00	15.98	15.98	15.84	15.96	322
18.07.2018 00:00	15.9	15.98	15.84	15.96	113
19.07.2018 00:00	15.98	16.18	15.8	15.9	400
20.07.2018 00:00	16.26	16.26	15.96	16.04	41
23.07.2018 00:00	16.04	16.04	15.9	15.9	83
24.07.2018 00:00	15.84	16.26	15.84	16.1	114
25.07.2018 00:00	15.98	17.34	15.96	16.6	2400
26.07.2018 00:00	16.3	16.6	16.26	16.6	122
27.07.2018 00:00	16.6	16.6	16.26	16.46	206
30.07.2018 00:00	16.54	16.54	16.34	16.34	187
31.07.2018 00:00	16.34	16.46	16.26	16.46	304
01.08.2018 00:00	16.48	16.48	16.04	16.14	223
02.08.2018 00:00	16.34	16.34	15.98	15.98	177
03.08.2018 00:00	15.98	16.26	15.8	15.98	122
06.08.2018 00:00	16.3	16.3	15.96	16.3	106
07.08.2018 00:00	16.04	16.3	15.8	15.98	472
08.08.2018 00:00	15.98	16.04	15.84	15.96	6
09.08.2018 00:00	15.9	15.9	15.64	15.84	335
10.08.2018 00:00	15.68	15.98	15.18	15.64	1024
13.08.2018 00:00	15.8	15.8	15.14	15.34	3174
14.08.2018 00:00	15.48	15.48	15.14	15.4	314
15.08.2018 00:00	15.46	15.56	15.3	15.46	838
16.08.2018 00:00	15.4	15.46	15.4	15.46	3
17.08.2018 00:00	15.4	15.48	15.18	15.48	14
20.08.2018 00:00	15.56	15.58	15.3	15.3	10
22.08.2018 00:00	15.68	17.48	15.56	15.58	424
23.08.2018 00:00	15.46	16.14	14.48	14.74	1575
24.08.2018 00:00	14.8	15.68	14.14	14.98	493
27.08.2018 00:00	14.9	15.08	14.9	14.96	14
28.08.2018 00:00	14.96	15.3	14.96	15.08	27
29.08.2018 00:00	15.24	15.24	14.84	14.98	92
30.08.2018 00:00	14.98	14.98	14.9	14.9	440
31.08.2018 00:00	15.08	15.08	14.96	14.96	103
03.09.2018 00:00	14.98	15.14	14.96	15.06	53
04.09.2018 00:00	15.14	15.14	15.06	15.06	10
05.09.2018 00:00	15.46	15.46	14.9	15.06	557
06.09.2018 00:00	15.08	15.08	14.96	14.96	311
07.09.2018 00:00	14.96	14.96	14.58	14.8	414
10.09.2018 00:00	14.84	14.96	14.74	14.8	31
11.09.2018 00:00	15.06	15.06	14.56	14.58	115
12.09.2018 00:00	14.64	14.68	14.58	14.68	10
13.09.2018 00:00	14.96	14.96	14.74	14.96	466
14.09.2018 00:00	14.96	14.96	14.84	14.96	22
17.09.2018 00:00	14.9	14.96	14.84	14.84	18
18.09.2018 00:00	14.9	15.08	14.9	14.9	196
19.09.2018 00:00	15.08	15.14	14.96	15.14	152
20.09.2018 00:00	15.14	15.3	14.98	15.3	166
21.09.2018 00:00	15.18	15.18	15.14	15.14	37
24.09.2018 00:00	15.24	15.24	14.96	14.98	127
25.09.2018 00:00	14.84	14.98	14.74	14.74	826
26.09.2018 00:00	14.8	14.9	14.48	14.64	3035
27.09.2018 00:00	14.56	14.56	13.08	13.46	11714
28.09.2018 00:00	13.74	14.48	13.24	14.34	2825
01.10.2018 00:00	14.24	14.96	14.06	14.18	1614
02.10.2018 00:00	14.56	14.68	14.48	14.58	756
03.10.2018 00:00	14.64	14.98	14.58	14.84	175
04.10.2018 00:00	14.8	15.14	14.3	14.58	530
05.10.2018 00:00	14.74	14.84	14.24	14.58	533
08.10.2018 00:00	14.48	14.96	14.4	14.48	160
09.10.2018 00:00	14.48	14.48	14.4	14.48	21
10.10.2018 00:00	14.4	14.48	14.18	14.18	285
11.10.2018 00:00	14.14	14.24	14.06	14.18	94
12.10.2018 00:00	14.46	14.46	14.06	14.18	247
15.10.2018 00:00	14.34	14.34	14.06	14.14	316
16.10.2018 00:00	14.18	15.06	14.08	14.48	3709
17.10.2018 00:00	14.24	14.9	14.24	14.24	339
18.10.2018 00:00	14.34	14.68	14.18	14.34	255
19.10.2018 00:00	14.58	14.58	13.98	14.4	671
22.10.2018 00:00	14.68	14.8	14.34	14.4	981
23.10.2018 00:00	14.46	14.46	14.06	14.14	615
24.10.2018 00:00	14.08	14.4	14.06	14.4	1004
25.10.2018 00:00	14.08	14.48	14.08	14.4	1106
26.10.2018 00:00	14.4	14.4	13.98	14.14	612
29.10.2018 00:00	13.98	14.48	13.98	14.4	237
30.10.2018 00:00	14.24	14.3	14.18	14.3	26
31.10.2018 00:00	14.34	14.4	14.24	14.24	8
01.11.2018 00:00	14.48	14.48	14.48	14.48	1
02.11.2018 00:00	14.26	14.42	14.24	14.3	63
06.11.2018 00:00	14.42	14.42	14.18	14.26	409
07.11.2018 00:00	14.3	14.3	14.18	14.3	557
08.11.2018 00:00	14.34	14.34	14.26	14.26	2
09.11.2018 00:00	14.32	14.32	14.24	14.24	5
12.11.2018 00:00	14.38	14.38	14.24	14.3	80
13.11.2018 00:00	14.38	14.38	14.02	14.02	1854
14.11.2018 00:00	14.02	14.3	14.02	14.18	46
15.11.2018 00:00	14.18	14.3	14.14	14.14	11
16.11.2018 00:00	14.06	14.22	14.06	14.16	11
19.11.2018 00:00	14.06	14.3	13.18	14.06	1778
20.11.2018 00:00	14.14	14.14	13.84	13.96	832
21.11.2018 00:00	13.96	13.96	13.9	13.9	133
22.11.2018 00:00	14.14	14.14	13.9	13.98	38
23.11.2018 00:00	14.38	14.4	13.98	14.16	228
26.11.2018 00:00	13.96	14.14	13.82	14.0	1344
27.11.2018 00:00	14.02	14.22	13.98	14.22	162
28.11.2018 00:00	14.22	14.24	14.22	14.22	87
29.11.2018 00:00	14.08	14.48	14.06	14.26	133
30.11.2018 00:00	14.48	15.22	14.34	14.74	1109
03.12.2018 00:00	15.14	15.14	14.48	14.5	198
04.12.2018 00:00	14.22	14.9	14.08	14.3	433
05.12.2018 00:00	14.32	14.32	14.08	14.18	172
06.12.2018 00:00	14.24	14.3	14.06	14.22	146
07.12.2018 00:00	14.22	14.22	14.1	14.14	336
10.12.2018 00:00	14.08	14.22	14.06	14.14	45
11.12.2018 00:00	14.06	14.14	14.06	14.14	107
12.12.2018 00:00	14.24	14.24	14.06	14.14	13
13.12.2018 00:00	14.06	14.14	13.8	13.98	5249
14.12.2018 00:00	14.18	14.56	14.08	14.16	409
17.12.2018 00:00	14.46	14.46	14.08	14.1	431
18.12.2018 00:00	14.08	14.4	14.08	14.4	3034
19.12.2018 00:00	14.3	14.38	14.14	14.22	92
20.12.2018 00:00	14.3	14.3	14.08	14.1	800
21.12.2018 00:00	14.38	14.38	14.08	14.08	350
24.12.2018 00:00	14.4	14.42	14.14	14.22	44
25.12.2018 00:00	14.1	14.16	13.58	13.88	3539
26.12.2018 00:00	13.64	14.0	13.64	13.8	226
27.12.2018 00:00	13.72	14.0	13.0	13.74	1727
28.12.2018 00:00	13.48	14.1	13.34	14.1	313
29.12.2018 00:00	13.98	14.08	13.8	14.0	38
03.01.2019 00:00	14.1	14.46	14.08	14.26	127
04.01.2019 00:00	14.08	14.46	13.8	14.08	1078
08.01.2019 00:00	14.22	14.22	13.9	14.14	151
09.01.2019 00:00	13.98	14.22	13.84	13.98	692
10.01.2019 00:00	13.98	14.06	13.98	14.06	68
11.01.2019 00:00	14.18	14.18	13.98	14.14	197
14.01.2019 00:00	14.18	14.26	14.02	14.18	338
15.01.2019 00:00	14.0	14.32	13.96	14.22	260
16.01.2019 00:00	14.18	14.48	14.06	14.34	867
17.01.2019 00:00	14.42	14.42	14.32	14.38	116
18.01.2019 00:00	14.1	14.34	14.08	14.26	223
21.01.2019 00:00	14.1	14.32	14.0	14.22	208
22.01.2019 00:00	14.14	14.22	14.06	14.14	82
23.01.2019 00:00	14.06	14.42	14.06	14.4	1456
24.01.2019 00:00	14.38	14.38	14.14	14.3	596
25.01.2019 00:00	14.4	14.4	14.22	14.3	137
28.01.2019 00:00	14.22	14.38	14.14	14.3	458
29.01.2019 00:00	14.34	14.34	14.06	14.18	679
30.01.2019 00:00	14.14	14.24	14.02	14.22	283
31.01.2019 00:00	14.14	14.24	14.06	14.14	487
01.02.2019 00:00	14.18	14.4	14.1	14.32	543
04.02.2019 00:00	14.32	14.46	14.22	14.4	882
05.02.2019 00:00	14.4	14.46	14.08	14.4	1278
06.02.2019 00:00	14.4	14.48	14.14	14.32	686
07.02.2019 00:00	14.1	14.42	14.1	14.34	309
08.02.2019 00:00	14.16	14.46	14.16	14.46	782
11.02.2019 00:00	14.42	14.48	14.14	14.42	397
12.02.2019 00:00	14.4	14.58	14.4	14.58	1270
13.02.2019 00:00	14.58	14.9	14.0	14.4	2509
14.02.2019 00:00	14.4	14.4	14.22	14.4	46
15.02.2019 00:00	14.72	14.72	14.26	14.3	21
18.02.2019 00:00	14.48	14.48	14.14	14.4	48
19.02.2019 00:00	14.52	14.52	14.22	14.4	102
20.02.2019 00:00	14.42	14.42	14.16	14.32	105
21.02.2019 00:00	14.4	14.4	13.9	14.02	2316
22.02.2019 00:00	14.1	14.1	13.92	14.0	387
25.02.2019 00:00	14.14	14.14	14.0	14.14	1018
26.02.2019 00:00	14.4	14.4	13.98	13.98	411
27.02.2019 00:00	13.98	14.1	13.84	13.9	1160
28.02.2019 00:00	13.9	14.34	13.9	14.3	427
01.03.2019 00:00	14.38	14.38	14.08	14.32	71
04.03.2019 00:00	14.3	14.4	14.0	14.38	742
05.03.2019 00:00	14.38	14.38	14.0	14.14	460
06.03.2019 00:00	14.34	14.34	14.0	14.16	991
07.03.2019 00:00	14.22	14.22	14.08	14.18	35
11.03.2019 00:00	14.34	16.72	14.0	15.56	11268
12.03.2019 00:00	14.68	15.9	13.98	15.84	5595
13.03.2019 00:00	15.72	15.88	15.5	15.8	2119
14.03.2019 00:00	15.4	15.74	15.08	15.08	879
15.03.2019 00:00	15.24	15.38	14.5	15.1	1583
18.03.2019 00:00	15.06	15.8	14.46	14.82	4594
19.03.2019 00:00	14.9	15.34	14.4	14.64	1205
20.03.2019 00:00	14.46	14.56	14.22	14.56	540
21.03.2019 00:00	14.72	14.72	14.02	14.3	1500
22.03.2019 00:00	14.3	15.64	14.06	14.64	2784
25.03.2019 00:00	14.9	15.8	14.1	14.5	1818
26.03.2019 00:00	14.48	15.64	14.48	14.98	3224
27.03.2019 00:00	14.96	16.28	13.72	15.1	9243
28.03.2019 00:00	15.14	15.14	14.6	14.74	638
29.03.2019 00:00	14.8	15.98	14.72	15.1	1097
01.04.2019 00:00	15.14	16.1	14.22	15.06	1327
02.04.2019 00:00	15.18	15.56	14.98	15.4	816
03.04.2019 00:00	15.42	16.18	15.32	15.6	5730
04.04.2019 00:00	15.76	16.38	15.6	15.84	7649
05.04.2019 00:00	15.8	16.02	15.48	15.58	2058
08.04.2019 00:00	15.48	15.58	15.38	15.48	947
09.04.2019 00:00	15.5	15.82	15.48	15.66	439
10.04.2019 00:00	15.64	15.74	15.52	15.66	171
11.04.2019 00:00	15.38	15.96	15.3	15.5	53
12.04.2019 00:00	15.48	15.56	15.26	15.4	405
15.04.2019 00:00	15.34	15.4	15.1	15.22	512
16.04.2019 00:00	15.3	15.8	15.3	15.48	1131
17.04.2019 00:00	15.48	16.56	15.22	16.02	3423
18.04.2019 00:00	15.9	19.48	15.9	19.02	55895
19.04.2019 00:00	19.0	20.92	18.64	20.18	48663
22.04.2019 00:00	20.18	21.48	19.3	20.1	44508
23.04.2019 00:00	20.14	21.6	19.68	21.3	15122
24.04.2019 00:00	21.22	22.78	20.96	21.98	11622
25.04.2019 00:00	21.98	23.54	20.1	23.46	24708
26.04.2019 00:00	23.46	24.96	19.1	24.96	36422
29.04.2019 00:00	24.48	26.38	24.38	24.78	4740
30.04.2019 00:00	24.98	27.26	24.8	26.76	16789
02.05.2019 00:00	26.68	28.22	26.48	27.38	29489
03.05.2019 00:00	27.3	27.96	26.5	26.86	2244
06.05.2019 00:00	26.5	26.8	23.52	23.82	10967
07.05.2019 00:00	23.88	25.96	23.56	24.96	9194
08.05.2019 00:00	26.44	27.18	24.02	24.98	9254
10.05.2019 00:00	25.38	26.98	24.38	25.46	5642
13.05.2019 00:00	24.52	26.48	22.96	22.96	8302
14.05.2019 00:00	22.38	23.62	22.2	23.62	3524
15.05.2019 00:00	23.3	24.38	22.8	23.82	3500
16.05.2019 00:00	24.02	24.96	23.82	24.86	1278
17.05.2019 00:00	24.86	25.46	24.6	24.88	2139
20.05.2019 00:00	24.98	24.98	23.64	24.14	2080
21.05.2019 00:00	24.44	24.94	24.32	24.94	562
22.05.2019 00:00	24.96	26.6	24.94	26.18	3962
23.05.2019 00:00	26.38	26.96	24.96	25.86	3536
24.05.2019 00:00	25.5	26.88	24.92	25.6	4352
27.05.2019 00:00	25.560000000000002	25.560000000000002	24.18	24.18	973
28.05.2019 00:00	24.2	26.3	24.18	25.76	2526
29.05.2019 00:00	25.96	26.1	25.0	25.76	2901
30.05.2019 00:00	26.04	26.96	26.04	26.38	979
31.05.2019 00:00	26.34	26.34	24.88	25.3	1186
03.06.2019 00:00	26.52	26.94	24.96	24.98	1616
04.06.2019 00:00	24.92	26.52	24.48	25.88	919
05.06.2019 00:00	26.16	26.52	25.8	25.82	2031
06.06.2019 00:00	26.16	35.78	25.66	29.38	23478
07.06.2019 00:00	29.5	30.88	28.38	28.68	6407
10.06.2019 00:00	28.46	29.96	27.6	28.560000000000002	3891
11.06.2019 00:00	28.560000000000002	33.96	27.8	28.92	10516
13.06.2019 00:00	29.1	32.84	28.3	32.28	7503
14.06.2019 00:00	32.2	32.28	29.98	30.3	3372
17.06.2019 00:00	30.46	31.86	29.98	30.6	5396
18.06.2019 00:00	29.96	34.2	29.1	33.74	19064
19.06.2019 00:00	33.24	44.06	33.2	40.78	15371
20.06.2019 00:00	41.1	47.980000000000004	40.6	45.88	22188
21.06.2019 00:00	45.980000000000004	48.2	42.300000000000004	42.480000000000004	10663
24.06.2019 00:00	42.38	42.38	38.88	39.62	3477
25.06.2019 00:00	39.2	44.980000000000004	38.7	44.44	4959
26.06.2019 00:00	44.38	45.38	42.14	42.88	1303
27.06.2019 00:00	43.56	44.78	42.2	43.980000000000004	1129
28.06.2019 00:00	43.52	43.7	40.38	41.34	1575
01.07.2019 00:00	42.980000000000004	44.1	41.02	41.34	423
02.07.2019 00:00	40.980000000000004	42.38	40.78	41.06	519
03.07.2019 00:00	41.56	41.94	39.64	40.7	2691
04.07.2019 00:00	39.980000000000004	41.28	37.96	38.480000000000004	31748
05.07.2019 00:00	37.96	38.42	36.06	37.46	34089
08.07.2019 00:00	37.6	39.980000000000004	36.980000000000004	38.28	7994
09.07.2019 00:00	38.24	38.24	37.64	37.980000000000004	669
10.07.2019 00:00	37.62	37.78	35.980000000000004	36.660000000000004	10749
11.07.2019 00:00	36.7	37.6	31.96	36.2	16064
12.07.2019 00:00	35.800000000000004	36.28	33.1	34.300000000000004	6548
15.07.2019 00:00	33.980000000000004	34.300000000000004	32.06	33.88	14663
16.07.2019 00:00	33.88	35.7	31.98	34.24	14865
17.07.2019 00:00	33.92	34.28	32.64	33.2	13640
18.07.2019 00:00	32.980000000000004	32.980000000000004	31.68	31.68	5660
19.07.2019 00:00	32.2	33.24	30.68	32.96	7981
22.07.2019 00:00	32.96	32.96	30.98	31.68	903
23.07.2019 00:00	31.78	31.96	31.12	31.8	170
24.07.2019 00:00	31.560000000000002	31.62	31.38	31.38	37
25.07.2019 00:00	31.3	31.68	31.3	31.48	96
26.07.2019 00:00	31.48	31.62	30.98	31.26	96
29.07.2019 00:00	31.16	31.6	30.48	30.92	10471
30.07.2019 00:00	30.98	31.28	30.3	30.92	2034
31.07.2019 00:00	30.92	30.94	29.38	29.76	2864
01.08.2019 00:00	29.62	29.98	29.54	29.66	665
02.08.2019 00:00	29.6	30.16	29.5	30.14	672
05.08.2019 00:00	30.14	30.48	29.54	29.6	409
06.08.2019 00:00	30.04	31.38	29.96	31.38	5246
07.08.2019 00:00	31.36	34.92	31.36	33.88	18770
08.08.2019 00:00	33.7	34.78	33.160000000000004	34.2	2251
09.08.2019 00:00	33.74	34.6	33.160000000000004	34.14	2627
12.08.2019 00:00	33.980000000000004	34.88	33.980000000000004	34.34	1931
13.08.2019 00:00	34.02	34.84	32.7	33.980000000000004	6160
14.08.2019 00:00	33.92	34.46	32.480000000000004	32.480000000000004	1307
15.08.2019 00:00	32.52	32.52	31.68	31.68	898
16.08.2019 00:00	32.2	32.2	31.68	31.68	513
19.08.2019 00:00	31.6	31.66	31.0	31.18	693
20.08.2019 00:00	31.560000000000002	31.560000000000002	31.060000000000002	31.060000000000002	49
21.08.2019 00:00	31.12	31.48	31.02	31.38	589
22.08.2019 00:00	31.04	31.46	31.02	31.060000000000002	227
23.08.2019 00:00	31.0	31.1	30.18	30.6	199
26.08.2019 00:00	30.46	30.46	29.38	30.1	952
27.08.2019 00:00	31.46	31.46	29.42	29.7	238
28.08.2019 00:00	29.86	30.1	29.62	29.68	409
29.08.2019 00:00	29.68	34.2	29.66	32.12	8767
30.08.2019 00:00	31.6	32.38	31.3	31.62	588
02.09.2019 00:00	31.8	33.2	31.18	32.6	2387
03.09.2019 00:00	32.7	38.980000000000004	32.2	36.64	10761
04.09.2019 00:00	36.28	37.160000000000004	35.7	36.52	3271
05.09.2019 00:00	36.980000000000004	38.88	36.6	37.6	3360
06.09.2019 00:00	37.6	37.6	35.02	35.480000000000004	1553
09.09.2019 00:00	35.02	36.96	34.96	35.02	1260
10.09.2019 00:00	34.980000000000004	37.1	34.980000000000004	37.1	1720
11.09.2019 00:00	37.2	37.6	37.2	37.56	1929
12.09.2019 00:00	37.28	37.28	37.28	37.28	864
13.09.2019 00:00	37.28	37.46	37.28	37.46	159
16.09.2019 00:00	36.980000000000004	37.300000000000004	36.980000000000004	37.300000000000004	17
17.09.2019 00:00	36.980000000000004	36.980000000000004	36.38	36.64	207
18.09.2019 00:00	36.46	36.46	34.6	34.64	6131
19.09.2019 00:00	34.64	36.96	34.62	35.1	1115
20.09.2019 00:00	35.02	35.02	34.78	34.88	326
23.09.2019 00:00	35.28	35.38	34.84	34.84	164
24.09.2019 00:00	34.84	35.96	34.52	35.92	2300
25.09.2019 00:00	35.42	35.480000000000004	35.06	35.06	83
26.09.2019 00:00	35.2	35.2	34.7	34.7	592
27.09.2019 00:00	34.74	34.78	34.64	34.660000000000004	137
30.09.2019 00:00	34.7	35.06	34.62	34.7	456
01.10.2019 00:00	34.7	34.7	34.34	34.46	4711
02.10.2019 00:00	34.88	35.02	33.980000000000004	34.160000000000004	9479
03.10.2019 00:00	33.980000000000004	34.46	32.980000000000004	33.52	5481
04.10.2019 00:00	33.56	34.74	33.56	34.28	1889
07.10.2019 00:00	34.300000000000004	34.300000000000004	33.6	33.88	4104
08.10.2019 00:00	33.64	33.980000000000004	33.28	33.6	6681
09.10.2019 00:00	33.28	35.96	33.2	34.74	2221
10.10.2019 00:00	34.74	35.980000000000004	33.96	34.02	3921
11.10.2019 00:00	33.96	34.2	33.7	33.7	813
14.10.2019 00:00	33.74	33.88	33.28	33.28	290
15.10.2019 00:00	33.3	33.96	32.1	33.96	928
16.10.2019 00:00	33.980000000000004	33.980000000000004	32.52	33.2	567
17.10.2019 00:00	33.2	33.84	32.74	33.38	1016
18.10.2019 00:00	33.2	33.74	32.1	32.6	2828
21.10.2019 00:00	32.2	32.660000000000004	31.18	32.2	784
22.10.2019 00:00	32.96	32.96	31.3	32.56	1463
23.10.2019 00:00	32.78	33.38	31.0	31.78	1525
24.10.2019 00:00	31.78	31.98	31.68	31.86	182
25.10.2019 00:00	31.68	35.480000000000004	30.98	34.78	5077
28.10.2019 00:00	34.28	34.28	33.52	33.56	892
29.10.2019 00:00	33.56	33.980000000000004	33.2	33.74	740
30.10.2019 00:00	33.980000000000004	33.980000000000004	33.1	33.34	263
31.10.2019 00:00	33.38	33.52	33.1	33.52	18
01.11.2019 00:00	33.2	33.46	33.2	33.42	88
05.11.2019 00:00	33.42	34.6	32.78	33.7	1690
06.11.2019 00:00	33.7	34.46	33.52	33.78	796
07.11.2019 00:00	33.88	34.1	33.480000000000004	34.06	508
08.11.2019 00:00	33.6	34.02	33.480000000000004	33.52	175
11.11.2019 00:00	33.52	33.92	33.2	33.660000000000004	302
12.11.2019 00:00	33.3	33.64	33.02	33.38	2637
13.11.2019 00:00	33.1	33.88	32.2	33.34	8075
14.11.2019 00:00	32.84	32.980000000000004	32.1	32.14	4469
15.11.2019 00:00	32.660000000000004	37.980000000000004	32.660000000000004	33.88	20704
18.11.2019 00:00	34.28	34.28	31.720000000000002	31.88	17382
19.11.2019 00:00	32.34	32.92	31.62	31.66	3368
20.11.2019 00:00	32.2	33.88	32.02	33.06	1897
21.11.2019 00:00	32.980000000000004	32.980000000000004	32.38	32.38	273
22.11.2019 00:00	32.38	32.480000000000004	31.88	32.02	1294
25.11.2019 00:00	32.34	32.480000000000004	31.8	32.160000000000004	2592
26.11.2019 00:00	32.2	32.28	31.6	31.64	2024
27.11.2019 00:00	31.62	32.42	31.48	32.02	1011
28.11.2019 00:00	32.28	32.28	30.98	31.26	474
29.11.2019 00:00	31.66	33.38	29.98	30.98	13155
02.12.2019 00:00	30.94	30.94	29.48	30.12	6183
03.12.2019 00:00	29.96	30.44	29.62	29.88	2315
04.12.2019 00:00	29.94	30.38	29.12	29.7	2125
05.12.2019 00:00	30.14	30.3	29.22	29.88	763
06.12.2019 00:00	30.060000000000002	30.48	29.62	29.98	1854
09.12.2019 00:00	29.96	29.98	29.7	29.84	305
10.12.2019 00:00	29.96	29.96	29.66	29.72	628
11.12.2019 00:00	29.62	34.56	29.62	31.68	27480
12.12.2019 00:00	31.720000000000002	31.720000000000002	31.02	31.060000000000002	2668
13.12.2019 00:00	31.1	32.88	30.94	31.98	3641
16.12.2019 00:00	31.62	31.720000000000002	31.1	31.52	423
17.12.2019 00:00	31.18	31.96	30.38	30.8	1349
18.12.2019 00:00	30.62	31.060000000000002	29.96	29.96	8956
19.12.2019 00:00	29.88	30.34	29.8	30.0	2407
20.12.2019 00:00	30.36	30.36	29.88	29.94	1947
23.12.2019 00:00	30.0	30.36	29.96	30.02	246
24.12.2019 00:00	29.98	31.68	29.38	30.060000000000002	2965
25.12.2019 00:00	29.98	30.12	29.96	30.12	184
26.12.2019 00:00	30.12	30.12	29.92	29.98	284
27.12.2019 00:00	30.1	30.14	29.88	29.96	284
30.12.2019 00:00	30.14	30.96	29.82	29.98	2175
03.01.2020 00:00	30.38	30.38	29.78	29.78	1685
06.01.2020 00:00	29.96	29.96	29.44	29.8	790
08.01.2020 00:00	29.88	29.88	29.46	29.72	471
09.01.2020 00:00	29.88	30.34	29.48	30.1	1683
10.01.2020 00:00	30.060000000000002	30.1	29.62	29.82	957
13.01.2020 00:00	29.8	30.16	29.64	29.76	1120
14.01.2020 00:00	30.0	30.04	29.48	29.62	1676
15.01.2020 00:00	29.8	29.8	28.0	28.48	4351
16.01.2020 00:00	28.38	30.46	28.38	29.76	9311
17.01.2020 00:00	29.98	32.78	29.8	31.12	12863
20.01.2020 00:00	31.38	33.480000000000004	30.48	31.48	4299
21.01.2020 00:00	31.8	31.82	28.98	29.96	6478
22.01.2020 00:00	30.3	30.86	29.8	29.84	9921
23.01.2020 00:00	29.86	31.86	29.48	29.86	15499
24.01.2020 00:00	30.02	32.88	29.6	31.46	8387
27.01.2020 00:00	31.48	34.46	30.98	31.8	21247
28.01.2020 00:00	31.36	31.96	30.88	31.220000000000002	3584
29.01.2020 00:00	31.38	32.64	31.0	31.52	3299
30.01.2020 00:00	31.5	31.76	30.8	30.86	2912
31.01.2020 00:00	30.86	31.8	30.86	31.1	1477
03.02.2020 00:00	30.98	30.98	29.68	30.1	2172
04.02.2020 00:00	30.0	30.18	29.78	29.98	2067
05.02.2020 00:00	29.98	30.12	29.48	29.68	3130
06.02.2020 00:00	29.96	31.46	29.96	30.78	8695
07.02.2020 00:00	30.78	32.46	30.3	32.42	3701
10.02.2020 00:00	31.88	32.2	31.42	31.66	1445
11.02.2020 00:00	31.8	31.8	31.46	31.46	4366
12.02.2020 00:00	31.66	32.46	31.220000000000002	31.6	7134
13.02.2020 00:00	32.06	32.7	30.98	31.3	11823
14.02.2020 00:00	31.46	37.42	31.36	34.06	47692
17.02.2020 00:00	34.2	34.34	32.7	33.980000000000004	16919
18.02.2020 00:00	33.480000000000004	33.96	31.48	32.28	21738
19.02.2020 00:00	32.28	32.42	31.96	32.1	11009
20.02.2020 00:00	31.96	32.88	31.96	32.28	13719
21.02.2020 00:00	32.2	32.34	31.96	31.96	6319
25.02.2020 00:00	31.88	32.12	29.98	30.68	10620
26.02.2020 00:00	30.42	31.46	29.88	30.0	18098
27.02.2020 00:00	29.98	30.76	28.88	28.96	7911
28.02.2020 00:00	28.88	28.96	26.38	28.96	16933
02.03.2020 00:00	28.38	30.96	27.98	29.16	2549
03.03.2020 00:00	28.8	29.46	28.8	28.98	726
04.03.2020 00:00	28.98	29.12	28.12	28.46	511
05.03.2020 00:00	28.46	29.38	28.46	28.52	408
06.03.2020 00:00	28.48	29.96	27.98	28.88	1446
10.03.2020 00:00	28.28	28.98	26.0	26.52	2578
11.03.2020 00:00	26.1	27.48	25.04	25.46	638
12.03.2020 00:00	24.98	27.88	21.06	24.62	12269
13.03.2020 00:00	24.48	24.84	24.1	24.64	125
16.03.2020 00:00	24.64	24.88	22.1	22.96	619
17.03.2020 00:00	23.8	26.88	22.6	23.66	1930
18.03.2020 00:00	23.2	23.78	22.0	22.0	643
19.03.2020 00:00	22.8	22.96	22.5	22.88	345
20.03.2020 00:00	22.96	24.8	22.42	23.94	994
23.03.2020 00:00	24.0	24.16	23.5	23.6	74
24.03.2020 00:00	24.14	24.68	23.66	24.36	245
25.03.2020 00:00	24.34	26.86	23.56	23.88	3089
26.03.2020 00:00	23.64	26.060000000000002	21.26	24.98	7330
27.03.2020 00:00	25.02	25.38	24.34	24.82	189
30.03.2020 00:00	23.98	24.96	23.98	24.92	337
31.03.2020 00:00	24.96	25.82	24.96	25.12	808
01.04.2020 00:00	25.1	25.66	25.1	25.22	251
02.04.2020 00:00	25.72	25.92	25.0	25.16	809
03.04.2020 00:00	25.560000000000002	25.8	25.22	25.46	437
06.04.2020 00:00	25.560000000000002	29.66	25.18	26.98	9404
07.04.2020 00:00	27.48	28.28	26.22	27.46	1744
08.04.2020 00:00	26.6	27.46	26.46	27.28	748
09.04.2020 00:00	27.46	29.14	26.560000000000002	27.5	2087
10.04.2020 00:00	27.48	27.94	27.26	27.28	109
13.04.2020 00:00	27.94	27.94	26.1	26.92	886
14.04.2020 00:00	26.98	27.46	26.38	26.5	394
15.04.2020 00:00	26.94	26.94	25.0	25.96	1004
16.04.2020 00:00	25.98	26.1	25.0	25.7	304
17.04.2020 00:00	26.060000000000002	27.18	25.8	26.14	414
20.04.2020 00:00	26.14	27.44	26.14	26.92	2284
21.04.2020 00:00	26.98	26.98	26.16	26.5	838
22.04.2020 00:00	26.52	27.22	25.98	26.060000000000002	1926
23.04.2020 00:00	26.46	27.46	26.32	26.84	667
24.04.2020 00:00	26.3	27.38	26.0	26.1	1245
27.04.2020 00:00	26.96	27.14	25.86	26.16	8223
28.04.2020 00:00	26.2	26.94	26.14	26.26	1755
29.04.2020 00:00	26.2	26.64	26.18	26.3	1857
30.04.2020 00:00	26.62	26.78	26.28	26.28	2040
04.05.2020 00:00	26.38	26.62	26.18	26.34	76
05.05.2020 00:00	26.38	26.52	26.12	26.42	158
06.05.2020 00:00	26.28	26.560000000000002	26.28	26.36	191
07.05.2020 00:00	26.54	26.64	26.44	26.48	288
08.05.2020 00:00	26.28	26.6	26.14	26.34	232
12.05.2020 00:00	26.6	26.6	26.22	26.28	197
13.05.2020 00:00	26.54	26.54	26.12	26.14	161
14.05.2020 00:00	26.16	26.28	25.86	26.12	497
15.05.2020 00:00	26.28	26.44	26.02	26.1	487
18.05.2020 00:00	26.12	26.52	26.12	26.5	504
19.05.2020 00:00	26.32	26.32	26.18	26.22	329
20.05.2020 00:00	26.48	26.560000000000002	26.26	26.28	533
21.05.2020 00:00	26.3	26.560000000000002	24.14	26.1	639
22.05.2020 00:00	26.48	26.48	26.060000000000002	26.1	110
25.05.2020 00:00	26.12	26.46	26.12	26.42	180
26.05.2020 00:00	26.18	26.6	26.12	26.16	496
27.05.2020 00:00	26.16	26.8	26.14	26.3	1214
28.05.2020 00:00	26.22	27.66	25.5	26.44	7718
29.05.2020 00:00	26.68	26.7	26.1	26.38	108
01.06.2020 00:00	26.86	26.86	24.0	26.36	2674
02.06.2020 00:00	26.54	26.66	25.98	26.44	1426
03.06.2020 00:00	26.42	26.52	26.18	26.38	372
04.06.2020 00:00	26.3	26.36	26.2	26.3	266
05.06.2020 00:00	26.54	26.54	26.14	26.22	266
08.06.2020 00:00	26.54	26.54	26.0	26.3	823
09.06.2020 00:00	26.46	26.52	26.1	26.22	246
10.06.2020 00:00	25.98	26.38	25.98	26.3	330
11.06.2020 00:00	26.48	26.62	26.060000000000002	26.14	1048
15.06.2020 00:00	26.6	26.64	26.14	26.3	667
16.06.2020 00:00	26.46	26.46	26.060000000000002	26.1	2221
17.06.2020 00:00	26.46	26.98	26.12	26.48	3658
18.06.2020 00:00	26.88	27.3	26.3	26.38	3308
19.06.2020 00:00	26.3	26.8	26.3	26.72	230
22.06.2020 00:00	26.68	26.7	26.3	26.54	71
23.06.2020 00:00	26.14	26.96	26.14	26.7	628
25.06.2020 00:00	26.64	26.64	26.14	26.32	436
26.06.2020 00:00	26.88	26.98	26.12	26.34	580
29.06.2020 00:00	26.14	26.46	26.14	26.34	107
30.06.2020 00:00	26.14	26.84	26.1	26.14	845
02.07.2020 00:00	26.66	26.7	25.84	26.28	2237
03.07.2020 00:00	26.48	26.48	26.060000000000002	26.22	360
06.07.2020 00:00	26.76	26.78	26.14	26.16	166
07.07.2020 00:00	26.66	26.66	25.88	26.3	134
08.07.2020 00:00	26.18	26.76	25.94	26.3	215
09.07.2020 00:00	26.0	26.46	25.88	25.98	334
10.07.2020 00:00	25.88	26.44	25.88	26.04	80
13.07.2020 00:00	25.64	26.34	25.3	25.42	1156
14.07.2020 00:00	24.54	25.86	24.48	24.96	2308
15.07.2020 00:00	25.84	25.86	24.92	25.8	1374
16.07.2020 00:00	25.82	25.96	24.6	25.38	380
17.07.2020 00:00	25.88	25.88	24.84	25.66	87
20.07.2020 00:00	25.5	26.14	25.42	25.98	3376
21.07.2020 00:00	26.46	26.46	25.72	25.96	2867
22.07.2020 00:00	25.94	26.1	25.84	25.98	2509
23.07.2020 00:00	26.060000000000002	26.12	25.8	25.8	44
24.07.2020 00:00	25.8	26.2	25.8	25.96	1369
27.07.2020 00:00	25.86	26.060000000000002	25.86	26.0	194
28.07.2020 00:00	25.96	25.98	25.72	25.96	80
29.07.2020 00:00	25.82	26.38	25.82	26.38	308
30.07.2020 00:00	26.1	26.3	25.88	26.060000000000002	482
31.07.2020 00:00	26.1	26.46	25.92	25.96	709
03.08.2020 00:00	25.96	26.36	25.68	26.02	305
04.08.2020 00:00	25.96	25.98	25.88	25.88	254
05.08.2020 00:00	26.16	26.16	25.94	25.94	298
06.08.2020 00:00	25.96	26.060000000000002	25.1	25.88	553
07.08.2020 00:00	25.86	26.22	25.48	26.04	2011
10.08.2020 00:00	26.060000000000002	26.2	25.7	25.92	1791
11.08.2020 00:00	26.1	26.14	25.8	25.84	826
12.08.2020 00:00	26.0	26.04	25.8	25.98	532
13.08.2020 00:00	25.98	26.04	25.86	25.96	513
14.08.2020 00:00	26.04	26.04	25.8	26.04	313
17.08.2020 00:00	25.88	26.060000000000002	25.76	25.96	1200
18.08.2020 00:00	26.04	26.04	25.76	25.8	226
19.08.2020 00:00	26.04	26.060000000000002	25.82	25.96	205
20.08.2020 00:00	25.82	26.0	25.76	25.76	506
21.08.2020 00:00	26.04	26.04	25.3	25.94	417
24.08.2020 00:00	25.72	25.98	25.72	25.88	124
25.08.2020 00:00	25.76	26.060000000000002	25.62	25.76	617
26.08.2020 00:00	25.96	26.060000000000002	25.6	25.68	1063
27.08.2020 00:00	25.86	25.98	25.3	25.44	2521
28.08.2020 00:00	25.64	25.98	24.94	24.94	2632
31.08.2020 00:00	25.1	25.34	24.98	25.1	789
01.09.2020 00:00	25.38	25.38	25.0	25.12	195
02.09.2020 00:00	25.14	25.46	25.14	25.18	175
03.09.2020 00:00	25.48	26.28	25.3	25.36	1163
04.09.2020 00:00	25.42	25.46	24.6	25.060000000000002	856
07.09.2020 00:00	24.04	25.84	24.04	25.68	42
08.09.2020 00:00	25.82	25.82	25.12	25.16	124
09.09.2020 00:00	24.48	26.18	24.2	25.38	506
10.09.2020 00:00	24.1	25.88	24.1	25.32	108
11.09.2020 00:00	24.1	25.94	24.1	25.32	103
14.09.2020 00:00	25.76	25.78	25.32	25.66	83
15.09.2020 00:00	25.7	25.7	25.18	25.2	367
16.09.2020 00:00	25.3	25.64	25.26	25.3	213
17.09.2020 00:00	25.2	25.98	24.46	25.02	3504
18.09.2020 00:00	24.98	25.48	24.88	25.38	280
21.09.2020 00:00	25.36	25.72	25.12	25.12	310
22.09.2020 00:00	25.66	25.66	25.12	25.36	63
23.09.2020 00:00	25.14	25.14	24.82	25.14	164
24.09.2020 00:00	24.98	24.98	24.3	24.98	480
25.09.2020 00:00	25.42	25.42	24.96	25.02	79
28.09.2020 00:00	24.92	25.68	24.92	25.32	330
29.09.2020 00:00	25.38	25.38	25.04	25.36	177
30.09.2020 00:00	25.46	25.46	25.02	25.38	12
01.10.2020 00:00	24.96	25.36	24.96	25.3	14
02.10.2020 00:00	25.04	25.26	24.78	25.18	94
05.10.2020 00:00	25.26	25.28	24.8	25.16	101
06.10.2020 00:00	24.86	25.28	24.48	24.92	291
07.10.2020 00:00	25.04	25.18	24.82	25.16	306
08.10.2020 00:00	25.22	25.22	24.0	24.66	651
09.10.2020 00:00	24.62	24.72	24.48	24.64	687
12.10.2020 00:00	24.64	24.82	24.48	24.78	45
13.10.2020 00:00	24.82	24.82	24.6	24.64	88
14.10.2020 00:00	24.66	24.66	24.42	24.46	15
15.10.2020 00:00	24.42	24.62	24.42	24.52	54
16.10.2020 00:00	24.88	24.88	24.42	24.42	67
19.10.2020 00:00	24.42	24.42	24.04	24.04	423
20.10.2020 00:00	24.060000000000002	24.3	24.060000000000002	24.3	33
21.10.2020 00:00	24.3	24.560000000000002	24.12	24.14	273
22.10.2020 00:00	24.12	24.46	24.12	24.36	89
23.10.2020 00:00	24.14	24.48	24.14	24.28	76
26.10.2020 00:00	24.48	24.98	24.18	24.96	1633
27.10.2020 00:00	25.0	25.0	24.5	24.96	684
28.10.2020 00:00	24.7	24.98	24.44	24.86	956
29.10.2020 00:00	24.42	24.96	24.36	24.6	1295
30.10.2020 00:00	24.96	24.96	24.66	24.76	55
02.11.2020 00:00	24.22	24.7	24.22	24.5	346
03.11.2020 00:00	24.5	24.76	24.34	24.76	229
05.11.2020 00:00	24.38	24.96	24.38	24.86	186
06.11.2020 00:00	24.96	25.66	24.7	25.18	1717
09.11.2020 00:00	25.16	30.84	25.14	27.88	11038
10.11.2020 00:00	28.0	30.48	27.0	29.8	10998
11.11.2020 00:00	29.78	33.980000000000004	28.3	30.18	11131
12.11.2020 00:00	29.02	30.86	28.34	28.96	3231
13.11.2020 00:00	29.26	30.0	28.96	28.98	3062
16.11.2020 00:00	29.88	30.14	28.84	29.72	2905
17.11.2020 00:00	29.8	29.86	28.88	29.1	1528
18.11.2020 00:00	29.46	29.78	29.3	29.72	528
19.11.2020 00:00	28.92	29.64	28.88	29.48	529
20.11.2020 00:00	29.66	29.66	29.02	29.48	153
23.11.2020 00:00	29.6	29.62	28.96	29.12	1035
24.11.2020 00:00	29.14	29.48	29.12	29.42	236
25.11.2020 00:00	29.12	29.42	29.1	29.38	179
26.11.2020 00:00	29.36	29.38	28.84	29.3	844
27.11.2020 00:00	28.96	29.32	28.96	29.28	738
30.11.2020 00:00	28.98	29.76	28.96	29.62	1625
01.12.2020 00:00	29.62	29.62	28.98	29.28	176
02.12.2020 00:00	29.02	29.62	29.0	29.26	447
03.12.2020 00:00	28.96	29.32	28.96	29.16	158
04.12.2020 00:00	28.96	30.12	28.92	30.1	2290
07.12.2020 00:00	30.1	30.12	29.12	29.62	1275
08.12.2020 00:00	29.2	30.04	28.96	28.98	817
09.12.2020 00:00	29.04	29.98	28.98	29.38	581
10.12.2020 00:00	29.82	30.3	29.2	29.2	894
11.12.2020 00:00	29.6	29.96	29.04	29.060000000000002	587
14.12.2020 00:00	29.14	29.2	28.92	29.18	1863
15.12.2020 00:00	28.92	29.52	28.92	29.26	110
16.12.2020 00:00	29.18	29.22	29.18	29.2	97
17.12.2020 00:00	29.02	29.18	28.8	28.8	524
18.12.2020 00:00	28.84	29.0	28.0	28.92	1722
21.12.2020 00:00	29.18	29.18	28.72	29.04	771
22.12.2020 00:00	28.76	29.1	28.72	28.78	191
23.12.2020 00:00	28.8	28.96	28.8	28.94	340
24.12.2020 00:00	28.8	28.98	28.8	28.94	350
25.12.2020 00:00	28.3	29.02	28.3	28.96	222
28.12.2020 00:00	28.98	29.0	28.68	28.96	529
29.12.2020 00:00	28.8	29.02	28.8	28.98	312
30.12.2020 00:00	28.86	29.82	28.82	29.82	1410
04.01.2021 00:00	29.7	29.7	28.8	29.14	940
05.01.2021 00:00	29.84	29.84	28.92	29.16	168
06.01.2021 00:00	28.96	30.32	28.8	29.3	18910
08.01.2021 00:00	29.02	29.14	28.78	28.94	13246
11.01.2021 00:00	28.96	28.96	28.8	28.8	10381
12.01.2021 00:00	28.92	29.3	28.78	29.18	1308
13.01.2021 00:00	29.18	29.18	28.8	28.8	428
14.01.2021 00:00	28.84	28.98	28.78	28.84	901
15.01.2021 00:00	28.94	29.48	28.38	28.8	11535
18.01.2021 00:00	29.060000000000002	29.84	28.76	28.78	31082
19.01.2021 00:00	28.96	29.14	28.68	28.96	22679
20.01.2021 00:00	29.1	29.1	28.18	28.38	27964
21.01.2021 00:00	28.38	28.68	27.96	28.18	11502
22.01.2021 00:00	28.46	28.46	28.0	28.1	3021
25.01.2021 00:00	28.5	28.5	27.8	28.060000000000002	208
26.01.2021 00:00	27.84	28.42	27.84	28.42	4312
27.01.2021 00:00	28.0	28.48	28.0	28.38	622
28.01.2021 00:00	28.12	28.18	27.86	28.12	1318
29.01.2021 00:00	27.0	28.48	27.0	27.96	193
01.02.2021 00:00	27.0	28.38	27.0	28.26	171
02.02.2021 00:00	27.92	28.18	27.92	27.94	606
03.02.2021 00:00	27.78	29.8	27.68	27.96	10844
04.02.2021 00:00	27.76	28.48	27.76	27.96	952
05.02.2021 00:00	28.46	28.48	27.8	28.1	1172
08.02.2021 00:00	27.84	28.1	27.72	27.96	777
09.02.2021 00:00	27.76	28.44	27.76	27.96	288
10.02.2021 00:00	28.46	28.46	27.92	27.98	79
11.02.2021 00:00	28.12	28.12	27.84	27.88	17
12.02.2021 00:00	27.8	27.96	27.62	27.78	1862
15.02.2021 00:00	28.3	28.98	27.64	28.04	6017
16.02.2021 00:00	28.28	28.68	27.96	28.3	2732
17.02.2021 00:00	28.52	28.52	28.04	28.04	97
18.02.2021 00:00	27.82	28.64	27.82	28.48	609
19.02.2021 00:00	27.88	28.64	27.88	28.34	1054
20.02.2021 00:00	28.1	28.46	28.1	28.3	59
22.02.2021 00:00	27.98	28.6	27.96	27.96	147
24.02.2021 00:00	28.1	28.32	27.62	27.92	2822
25.02.2021 00:00	28.26	28.26	27.42	27.94	101
26.02.2021 00:00	27.52	28.3	27.46	27.54	604
01.03.2021 00:00	27.96	27.98	26.32	27.62	874
02.03.2021 00:00	28.26	28.26	27.52	27.560000000000002	201
03.03.2021 00:00	27.98	28.2	27.48	27.54	903
04.03.2021 00:00	27.54	27.92	26.38	27.12	1036
05.03.2021 00:00	26.6	27.8	26.6	27.12	675
09.03.2021 00:00	27.68	27.98	26.44	27.44	3003
10.03.2021 00:00	27.82	27.82	23.44	27.6	5122
11.03.2021 00:00	27.52	27.54	26.6	26.8	402
12.03.2021 00:00	27.32	27.66	26.8	27.14	957
15.03.2021 00:00	27.38	27.72	27.14	27.66	2613
16.03.2021 00:00	27.66	27.96	27.2	27.38	4346
17.03.2021 00:00	26.8	27.88	26.8	27.3	644
18.03.2021 00:00	26.8	27.86	26.7	27.32	1333
19.03.2021 00:00	27.02	27.6	26.7	27.2	201
22.03.2021 00:00	26.72	27.48	26.72	26.96	197
23.03.2021 00:00	27.72	27.72	25.52	26.8	1725
24.03.2021 00:00	26.72	27.38	26.22	26.54	1099
25.03.2021 00:00	25.76	27.0	25.72	26.98	1436
26.03.2021 00:00	26.8	27.04	26.26	27.04	36
29.03.2021 00:00	27.52	27.52	26.62	26.76	249
30.03.2021 00:00	26.78	27.48	26.68	27.04	3099
31.03.2021 00:00	27.04	27.84	26.98	27.16	1589
01.04.2021 00:00	27.36	27.66	27.0	27.36	510
02.04.2021 00:00	27.32	27.32	27.12	27.18	16
05.04.2021 00:00	27.1	27.36	26.68	26.98	2024
06.04.2021 00:00	27.18	27.18	26.7	26.7	1069
07.04.2021 00:00	27.12	27.12	26.68	26.7	112
08.04.2021 00:00	26.96	26.96	26.48	26.62	414
09.04.2021 00:00	26.88	26.88	26.52	26.560000000000002	743
12.04.2021 00:00	26.78	26.78	26.560000000000002	26.6	97
13.04.2021 00:00	26.96	26.96	26.64	26.8	156
14.04.2021 00:00	26.84	26.84	26.6	26.64	470
15.04.2021 00:00	26.62	27.060000000000002	26.5	26.5	422
16.04.2021 00:00	26.54	26.7	26.42	26.54	879
19.04.2021 00:00	26.560000000000002	26.6	26.42	26.44	478
20.04.2021 00:00	26.76	26.76	25.92	26.3	329
21.04.2021 00:00	26.42	26.52	25.96	25.98	261
22.04.2021 00:00	26.22	29.54	26.02	26.36	8872
23.04.2021 00:00	26.8	26.88	25.92	26.14	1080
26.04.2021 00:00	26.46	26.46	25.92	26.3	2493
27.04.2021 00:00	26.68	26.68	26.1	26.16	641
28.04.2021 00:00	26.46	26.46	25.5	25.76	542
29.04.2021 00:00	25.8	25.8	24.98	25.46	953
30.04.2021 00:00	25.28	25.28	23.98	24.92	844
04.05.2021 00:00	24.98	25.28	24.88	24.88	119
05.05.2021 00:00	25.34	25.48	24.98	25.32	157
06.05.2021 00:00	24.8	25.42	24.78	25.18	112
07.05.2021 00:00	24.82	25.560000000000002	24.82	25.2	161
10.05.2021 00:00	25.42	25.62	25.04	25.3	49
11.05.2021 00:00	24.38	25.48	24.38	24.78	421
12.05.2021 00:00	24.48	24.8	24.42	24.560000000000002	190
13.05.2021 00:00	24.66	24.66	24.38	24.560000000000002	106
14.05.2021 00:00	24.5	25.14	24.5	25.12	633
17.05.2021 00:00	25.36	25.36	24.8	24.82	109
18.05.2021 00:00	25.36	29.44	24.8	26.96	18213
19.05.2021 00:00	26.96	27.46	26.16	26.88	2087
20.05.2021 00:00	27.46	27.46	26.52	26.560000000000002	217
21.05.2021 00:00	26.68	26.96	26.14	26.64	320
24.05.2021 00:00	26.62	26.84	26.26	26.46	211
25.05.2021 00:00	26.84	26.96	26.0	26.52	358
26.05.2021 00:00	26.78	28.5	25.98	26.5	2036
27.05.2021 00:00	26.04	27.38	25.82	27.28	1061
28.05.2021 00:00	27.3	27.48	25.98	26.04	993
31.05.2021 00:00	26.060000000000002	26.52	26.02	26.04	390
01.06.2021 00:00	26.1	28.38	26.060000000000002	26.86	1881
02.06.2021 00:00	26.48	28.18	26.48	27.28	3404
03.06.2021 00:00	26.84	27.46	26.82	26.82	118
04.06.2021 00:00	27.22	27.78	27.1	27.2	503
07.06.2021 00:00	26.84	27.76	26.84	27.02	1326
08.06.2021 00:00	27.42	27.5	27.02	27.3	850
09.06.2021 00:00	27.3	27.38	27.0	27.32	47
10.06.2021 00:00	27.0	27.32	26.98	26.98	23
11.06.2021 00:00	26.8	27.26	26.8	27.2	35
14.06.2021 00:00	26.78	27.44	26.7	27.18	313
15.06.2021 00:00	27.42	27.42	26.86	26.86	44
16.06.2021 00:00	26.92	26.92	26.14	26.72	216
17.06.2021 00:00	27.060000000000002	27.060000000000002	26.52	26.78	21
18.06.2021 00:00	27.04	27.04	25.5	25.94	420
21.06.2021 00:00	25.04	27.44	24.98	26.96	2912
22.06.2021 00:00	27.3	27.42	26.96	27.36	1994
23.06.2021 00:00	26.64	27.42	26.6	27.28	200
24.06.2021 00:00	26.64	27.04	26.64	27.04	141
25.06.2021 00:00	26.68	26.96	25.92	26.96	513
28.06.2021 00:00	27.34	27.6	26.72	26.98	418
29.06.2021 00:00	26.98	27.8	25.92	27.1	4891
30.06.2021 00:00	26.98	28.98	26.64	27.98	5713
01.07.2021 00:00	27.98	31.62	26.98	28.68	9807
02.07.2021 00:00	28.72	29.3	26.88	27.1	2517
05.07.2021 00:00	26.72	28.44	26.72	28.3	951
06.07.2021 00:00	28.38	28.38	27.2	28.0	654
07.07.2021 00:00	27.1	28.1	27.04	27.88	508
08.07.2021 00:00	27.88	27.88	26.8	27.88	256
09.07.2021 00:00	27.88	27.88	27.36	27.82	347
12.07.2021 00:00	27.82	27.82	27.02	27.54	41
13.07.2021 00:00	26.98	27.84	26.66	27.84	166
14.07.2021 00:00	27.3	27.78	26.64	27.66	742
15.07.2021 00:00	27.76	27.76	26.48	27.52	279
16.07.2021 00:00	26.98	27.62	26.98	27.32	39
19.07.2021 00:00	27.32	27.32	26.02	27.3	1037
20.07.2021 00:00	27.34	27.68	26.66	27.48	271
21.07.2021 00:00	27.68	27.68	27.1	27.68	136
22.07.2021 00:00	27.46	27.78	26.16	27.76	335
23.07.2021 00:00	26.22	27.7	26.22	27.42	16
26.07.2021 00:00	27.68	27.68	26.560000000000002	27.02	536
27.07.2021 00:00	26.64	27.26	26.64	27.18	20
28.07.2021 00:00	27.0	27.72	26.78	27.54	414
29.07.2021 00:00	26.72	27.6	26.72	27.560000000000002	530
30.07.2021 00:00	27.48	27.52	26.8	27.34	214
02.08.2021 00:00	27.18	27.32	26.92	27.3	12
03.08.2021 00:00	27.14	27.34	26.94	26.98	69
04.08.2021 00:00	26.82	27.3	26.78	26.88	182
05.08.2021 00:00	27.3	27.48	27.1	27.14	207
06.08.2021 00:00	27.34	27.34	26.78	26.82	453
09.08.2021 00:00	26.8	26.88	26.78	26.88	192
10.08.2021 00:00	27.18	27.18	26.54	26.64	1227
11.08.2021 00:00	26.68	26.96	26.6	26.82	522
12.08.2021 00:00	26.68	26.86	26.38	26.48	1327
13.08.2021 00:00	26.76	28.48	26.6	26.88	1341
16.08.2021 00:00	28.04	28.12	26.66	27.1	245
17.08.2021 00:00	26.94	27.68	26.64	27.46	190
18.08.2021 00:00	26.66	27.86	26.6	27.48	540
19.08.2021 00:00	26.68	27.3	26.68	26.88	56
20.08.2021 00:00	26.7	27.7	26.64	26.66	244
23.08.2021 00:00	26.64	27.36	26.64	26.84	95
24.08.2021 00:00	26.64	28.46	26.560000000000002	27.04	2597
25.08.2021 00:00	27.8	27.94	27.0	27.72	180
26.08.2021 00:00	27.7	27.7	27.1	27.38	39
27.08.2021 00:00	27.64	27.68	27.1	27.66	215
30.08.2021 00:00	26.66	28.26	26.52	27.64	2337
31.08.2021 00:00	27.68	27.68	27.04	27.46	52
01.09.2021 00:00	27.6	27.72	27.0	27.32	157
02.09.2021 00:00	27.36	27.46	27.02	27.34	35
03.09.2021 00:00	27.34	30.86	27.060000000000002	28.560000000000002	4149
06.09.2021 00:00	28.6	29.42	27.22	27.48	2329
07.09.2021 00:00	27.82	28.2	27.14	28.2	909
08.09.2021 00:00	27.52	28.14	27.42	27.52	457
09.09.2021 00:00	27.64	27.64	27.18	27.46	203
10.09.2021 00:00	27.38	27.82	27.14	27.82	433
13.09.2021 00:00	27.2	28.12	27.2	28.1	1662
14.09.2021 00:00	27.5	28.1	27.5	27.8	53
15.09.2021 00:00	27.88	28.0	27.36	27.44	374
16.09.2021 00:00	27.66	27.92	27.38	27.82	127
17.09.2021 00:00	27.34	27.82	27.34	27.36	19
20.09.2021 00:00	27.28	27.96	27.14	27.88	795
21.09.2021 00:00	27.86	27.86	27.3	27.38	172
22.09.2021 00:00	27.3	28.2	27.3	27.92	1653
23.09.2021 00:00	27.96	27.96	27.28	27.96	335
24.09.2021 00:00	27.96	27.98	27.46	27.92	1801
27.09.2021 00:00	27.62	28.18	27.62	27.98	638
28.09.2021 00:00	27.98	28.12	27.6	28.12	397
29.09.2021 00:00	27.7	28.02	27.7	28.02	27
30.09.2021 00:00	27.98	28.0	27.68	27.76	249
01.10.2021 00:00	27.68	28.62	27.68	27.94	1549
04.10.2021 00:00	28.1	29.34	27.96	27.96	2017
05.10.2021 00:00	28.14	28.16	27.68	27.82	660
06.10.2021 00:00	27.98	28.060000000000002	27.76	27.8	109
07.10.2021 00:00	28.02	28.14	27.78	28.02	258
08.10.2021 00:00	27.8	28.1	27.7	28.04	621
11.10.2021 00:00	27.82	28.7	27.7	28.22	2804
12.10.2021 00:00	28.22	28.22	27.68	28.04	811
13.10.2021 00:00	27.84	28.12	27.7	28.12	1522
14.10.2021 00:00	28.12	39.34	28.12	32.3	131255
15.10.2021 00:00	32.2	32.7	30.3	31.66	17089
18.10.2021 00:00	31.14	31.64	30.04	31.14	27611
19.10.2021 00:00	31.12	31.16	29.6	30.16	33227
20.10.2021 00:00	30.560000000000002	31.7	30.0	30.42	18964
21.10.2021 00:00	30.38	30.8	29.02	30.26	9210
22.10.2021 00:00	29.22	30.26	29.22	29.34	6566
25.10.2021 00:00	29.32	30.62	28.84	30.16	4944
26.10.2021 00:00	30.22	30.32	29.8	29.94	1361
27.10.2021 00:00	30.3	30.3	28.86	29.62	7033
28.10.2021 00:00	28.8	30.18	28.8	29.96	4553
29.10.2021 00:00	28.96	29.96	28.96	29.86	637
01.11.2021 00:00	29.96	29.96	29.22	29.28	1215
02.11.2021 00:00	29.3	29.86	28.3	29.48	7964
03.11.2021 00:00	29.86	29.86	29.12	29.34	1723
05.11.2021 00:00	29.22	29.94	28.18	29.28	7871
08.11.2021 00:00	29.16	30.28	28.96	29.78	2790
09.11.2021 00:00	28.6	29.68	28.38	29.52	5203
10.11.2021 00:00	29.0	29.64	29.0	29.62	907
11.11.2021 00:00	29.62	29.62	28.64	29.32	2119
12.11.2021 00:00	29.34	29.34	28.560000000000002	29.14	219
15.11.2021 00:00	29.32	29.32	28.82	29.18	473
16.11.2021 00:00	28.76	29.2	28.64	29.2	689
17.11.2021 00:00	29.26	29.26	28.84	29.1	83
18.11.2021 00:00	28.6	29.2	28.3	29.16	542
19.11.2021 00:00	29.16	29.18	27.92	29.14	1152
22.11.2021 00:00	29.2	29.22	27.98	29.02	638
23.11.2021 00:00	27.5	29.04	27.44	28.7	233
24.11.2021 00:00	28.1	29.1	27.94	28.46	359
25.11.2021 00:00	28.46	29.8	28.22	29.1	595
26.11.2021 00:00	28.96	29.14	28.3	28.8	216
29.11.2021 00:00	29.26	29.26	28.28	28.92	817
30.11.2021 00:00	29.1	29.1	28.28	29.02	691
01.12.2021 00:00	29.02	29.02	28.36	29.02	122
02.12.2021 00:00	28.6	28.98	28.22	28.72	491
03.12.2021 00:00	28.12	29.36	28.12	28.84	1531
06.12.2021 00:00	28.8	28.92	27.64	28.12	1627
07.12.2021 00:00	28.82	28.82	27.66	27.92	253
08.12.2021 00:00	28.2	28.62	27.48	28.04	978
09.12.2021 00:00	27.64	28.14	26.42	28.14	1784
10.12.2021 00:00	27.36	28.44	27.36	27.6	323
13.12.2021 00:00	27.6	27.8	26.46	26.6	2771
14.12.2021 00:00	26.46	26.46	26.12	26.22	875
15.12.2021 00:00	26.14	28.38	26.14	27.560000000000002	502
16.12.2021 00:00	27.2	27.84	27.16	27.22	736
17.12.2021 00:00	27.76	27.76	27.44	27.44	44
20.12.2021 00:00	27.48	27.48	27.14	27.42	3169
21.12.2021 00:00	27.42	27.7	27.0	27.14	1881
22.12.2021 00:00	27.560000000000002	27.6	26.86	27.04	3300
23.12.2021 00:00	26.98	27.1	26.68	26.88	3180
24.12.2021 00:00	26.76	26.98	26.66	26.76	2055
27.12.2021 00:00	27.52	27.64	26.6	26.62	11736
28.12.2021 00:00	26.64	27.52	26.560000000000002	26.62	10349
29.12.2021 00:00	26.98	26.98	26.36	26.68	4635
30.12.2021 00:00	26.84	27.3	25.92	27.3	4161
03.01.2022 00:00	27.28	27.3	27.02	27.18	760
04.01.2022 00:00	27.12	27.22	26.98	27.14	404
05.01.2022 00:00	27.0	27.12	26.7	26.98	291
06.01.2022 00:00	26.7	26.96	26.36	26.72	3929
10.01.2022 00:00	26.46	26.64	25.96	26.46	5673
11.01.2022 00:00	26.3	26.38	25.92	26.2	901
12.01.2022 00:00	26.2	26.54	26.02	26.22	866
13.01.2022 00:00	26.38	26.46	26.14	26.38	149
14.01.2022 00:00	26.060000000000002	26.36	25.02	25.5	2654
17.01.2022 00:00	25.44	25.52	25.26	25.46	242
18.01.2022 00:00	25.14	25.14	24.64	24.64	397
19.01.2022 00:00	24.5	26.6	22.2	25.52	2842
20.01.2022 00:00	25.62	26.46	25.3	25.82	396
21.01.2022 00:00	24.96	26.62	24.96	25.78	616
24.01.2022 00:00	25.44	25.96	23.0	23.06	1712
25.01.2022 00:00	23.04	23.64	22.3	23.52	401
26.01.2022 00:00	24.6	24.6	23.22	23.82	162
27.01.2022 00:00	24.0	24.48	23.88	24.42	63
28.01.2022 00:00	24.98	24.98	24.04	24.04	375
31.01.2022 00:00	24.86	25.46	24.38	25.060000000000002	127
01.02.2022 00:00	25.8	25.8	25.42	25.68	309
02.02.2022 00:00	25.32	25.76	25.32	25.52	8
03.02.2022 00:00	25.54	25.92	25.32	25.32	178
04.02.2022 00:00	25.38	25.44	23.98	24.32	891
07.02.2022 00:00	24.42	25.62	24.04	24.76	37
08.02.2022 00:00	25.52	25.52	23.98	24.46	999
09.02.2022 00:00	24.7	25.38	24.1	25.16	396
10.02.2022 00:00	25.88	25.88	24.48	25.38	182
11.02.2022 00:00	25.3	25.44	24.46	25.02	785
14.02.2022 00:00	24.060000000000002	25.34	23.56	23.98	2247
15.02.2022 00:00	23.62	25.26	23.6	24.68	1235
16.02.2022 00:00	25.28	25.28	24.42	24.42	291
17.02.2022 00:00	25.22	25.22	24.16	24.48	277
18.02.2022 00:00	24.44	24.94	23.3	24.26	1980
21.02.2022 00:00	24.14	24.18	19.98	20.46	3459
22.02.2022 00:00	20.56	21.92	16.48	21.8	1093
24.02.2022 00:00	21.78	21.78	15.34	16.1	1978
25.02.2022 00:00	17.6	19.98	17.6	18.36	1202
28.03.2022 00:00	17.98	18.86	16.38	16.98	1121
29.03.2022 00:00	16.98	18.04	16.98	17.88	5767
30.03.2022 00:00	18.44	20.78	17.98	19.04	406
31.03.2022 00:00	19.98	20.84	17.92	19.66	2600
01.04.2022 00:00	19.66	20.42	19.66	20.34	484
04.04.2022 00:00	20.34	21.48	20.0	21.0	3043
05.04.2022 00:00	21.3	21.96	19.78	20.3	4543
06.04.2022 00:00	20.3	20.94	20.04	20.62	630
07.04.2022 00:00	20.36	21.48	20.12	21.2	837
08.04.2022 00:00	21.2	21.42	20.04	20.14	580
11.04.2022 00:00	20.34	20.48	20.14	20.14	302
12.04.2022 00:00	20.06	20.96	19.92	20.16	1170
13.04.2022 00:00	20.66	20.66	20.1	20.36	107
14.04.2022 00:00	20.48	20.72	18.68	19.12	574
15.04.2022 00:00	19.26	20.5	19.26	19.52	776
18.04.2022 00:00	19.12	19.66	18.8	19.02	347
19.04.2022 00:00	18.86	19.54	18.12	18.78	1835
20.04.2022 00:00	18.92	20.52	18.68	20.04	484
21.04.2022 00:00	19.54	19.94	19.12	19.28	857
22.04.2022 00:00	19.22	20.0	18.94	19.48	348
25.04.2022 00:00	19.76	20.04	18.94	19.34	1201
26.04.2022 00:00	19.68	19.88	18.96	19.36	295
27.04.2022 00:00	19.14	19.64	19.14	19.18	60
28.04.2022 00:00	19.54	19.64	18.6	19.04	1809
29.04.2022 00:00	19.3	19.3	19.04	19.04	139
04.05.2022 00:00	19.06	19.48	18.96	19.46	351
05.05.2022 00:00	19.66	19.98	18.76	19.38	346
06.05.2022 00:00	19.82	20.04	19.3	19.3	536
11.05.2022 00:00	19.64	19.64	18.94	19.32	398
12.05.2022 00:00	19.04	20.12	18.94	19.94	1108
13.05.2022 00:00	19.38	20.42	18.92	19.48	1236
16.05.2022 00:00	19.16	19.86	18.92	19.14	2747
17.05.2022 00:00	19.6	19.62	19.16	19.6	640
18.05.2022 00:00	19.62	19.62	19.02	19.32	671
19.05.2022 00:00	19.32	19.82	19.12	19.3	633
20.05.2022 00:00	19.16	19.88	19.14	19.46	303
23.05.2022 00:00	19.3	19.56	18.92	18.98	422
24.05.2022 00:00	18.88	19.72	18.6	18.98	437
25.05.2022 00:00	18.98	19.84	18.98	19.2	104
26.05.2022 00:00	19.3	19.46	18.04	18.3	4889
27.05.2022 00:00	18.3	19.14	16.96	17.48	7518
30.05.2022 00:00	17.8	18.18	16.42	16.56	11332
31.05.2022 00:00	16.76	17.5	16.42	16.44	3852
01.06.2022 00:00	16.42	17.26	16.32	16.84	436
02.06.2022 00:00	17.18	17.28	16.6	16.92	439
03.06.2022 00:00	16.94	17.1	16.1	16.64	3643
06.06.2022 00:00	16.28	16.3	14.68	14.9	18648
07.06.2022 00:00	15.08	15.58	13.64	14.8	6972
08.06.2022 00:00	14.5	15.18	14.5	14.92	891
09.06.2022 00:00	14.96	14.96	13.72	13.98	2503
10.06.2022 00:00	13.98	17.32	12.72	12.9	95631
14.06.2022 00:00	12.8	13.08	11.68	12.26	43873
15.06.2022 00:00	12.76	12.76	11.4	11.72	96366
16.06.2022 00:00	11.76	12.48	11.56	11.76	27211
17.06.2022 00:00	11.76	11.82	11.56	11.8	10677
20.06.2022 00:00	11.8	12.0	11.66	11.82	18236
21.06.2022 00:00	11.92	11.96	11.64	11.72	10425
22.06.2022 00:00	11.6	11.72	11.4	11.64	7668
23.06.2022 00:00	11.8	11.96	11.58	11.66	9049
24.06.2022 00:00	11.66	11.88	11.58	11.68	4640
27.06.2022 00:00	11.74	11.82	9.8	10.18	235981
28.06.2022 00:00	10.26	10.26	9.48	9.88	157077
29.06.2022 00:00	9.96	10.0	9.66	9.74	16824
30.06.2022 00:00	9.84	11.08	8.9	10.08	465247
01.07.2022 00:00	10.24	10.66	9.52	10.32	271593
04.07.2022 00:00	10.32	10.9	9.5	9.9	426075
05.07.2022 00:00	10.18	10.18	9.64	9.9	32721
06.07.2022 00:00	9.9	10.02	9.8	9.84	8809
07.07.2022 00:00	9.84	9.98	9.72	9.8	18541
08.07.2022 00:00	9.8	10.06	9.74	9.8	12143
11.07.2022 00:00	9.76	10.02	9.58	9.74	30436
12.07.2022 00:00	9.8	9.9	9.4	9.8	22584
13.07.2022 00:00	9.82	9.82	9.56	9.74	3038
14.07.2022 00:00	9.74	9.82	9.4	9.48	2558
15.07.2022 00:00	9.58	9.82	9.34	9.58	27705
18.07.2022 00:00	9.64	9.9	9.56	9.82	22679
19.07.2022 00:00	9.82	9.82	9.56	9.72	3550
20.07.2022 00:00	9.74	9.84	9.48	9.64	10657
21.07.2022 00:00	9.58	9.64	8.92	9.32	19035
22.07.2022 00:00	9.24	9.48	9.22	9.48	2495
25.07.2022 00:00	9.48	9.58	9.16	9.46	4552
26.07.2022 00:00	9.64	9.64	9.46	9.48	9548
27.07.2022 00:00	9.56	9.56	9.48	9.52	6393
28.07.2022 00:00	9.56	9.82	9.48	9.64	6666
29.07.2022 00:00	9.56	9.76	9.56	9.64	2236
01.08.2022 00:00	9.64	9.68	9.6	9.68	1285
02.08.2022 00:00	9.68	9.68	9.58	9.58	868
03.08.2022 00:00	9.64	9.72	9.48	9.56	2626
04.08.2022 00:00	9.56	9.82	9.56	9.6	3411
05.08.2022 00:00	9.6	9.68	9.34	9.56	10062
08.08.2022 00:00	9.5	9.72	9.4	9.58	3601
09.08.2022 00:00	9.68	9.68	9.46	9.56	2625
10.08.2022 00:00	9.56	9.6	9.42	9.52	3764
11.08.2022 00:00	9.46	9.68	9.46	9.56	3997
12.08.2022 00:00	9.56	9.64	9.5	9.56	2241
15.08.2022 00:00	9.56	9.6	9.48	9.6	5211
16.08.2022 00:00	9.58	9.64	9.56	9.64	1940
17.08.2022 00:00	9.66	9.76	9.64	9.66	4578
18.08.2022 00:00	9.64	9.74	9.5	9.68	4322
19.08.2022 00:00	9.68	10.0	9.6	9.68	9471
22.08.2022 00:00	9.66	9.84	9.66	9.8	3589
23.08.2022 00:00	9.76	9.9	9.66	9.9	6258
24.08.2022 00:00	9.9	10.26	9.68	9.74	60273
25.08.2022 00:00	9.8	9.96	9.72	9.74	8884
26.08.2022 00:00	9.8	9.9	9.74	9.74	4711
29.08.2022 00:00	9.8	10.06	9.72	9.76	23395
30.08.2022 00:00	9.8	9.92	9.68	9.76	13282
31.08.2022 00:00	9.8	9.9	9.72	9.8	7631
01.09.2022 00:00	9.8	9.84	9.6	9.76	11913
02.09.2022 00:00	9.74	9.82	9.74	9.82	8012
05.09.2022 00:00	9.82	9.96	9.74	9.88	20361
06.09.2022 00:00	9.84	10.0	9.74	9.82	39883
07.09.2022 00:00	9.82	9.92	9.76	9.88	17660
08.09.2022 00:00	9.88	10.72	9.82	10.3	102668
09.09.2022 00:00	10.3	10.48	10.18	10.32	15476
12.09.2022 00:00	10.4	10.72	10.16	10.22	58037
13.09.2022 00:00	10.38	10.68	10.34	10.64	57085
14.09.2022 00:00	10.64	10.64	10.1	10.4	36053
15.09.2022 00:00	10.56	10.58	10.18	10.34	21355
16.09.2022 00:00	10.32	10.42	10.24	10.34	8736
19.09.2022 00:00	10.4	10.5	10.26	10.32	24665
20.09.2022 00:00	10.38	10.68	8.98	9.64	79781
21.09.2022 00:00	9.4	9.48	8.68	9.14	27542
22.09.2022 00:00	9.48	10.22	9.3	9.9	19268
23.09.2022 00:00	9.9	9.98	8.98	9.38	26552
26.09.2022 00:00	9.38	9.38	8.52	8.88	23585
27.09.2022 00:00	8.88	9.4	8.56	9.0	11306
28.09.2022 00:00	9.02	9.4	8.82	9.08	15741
29.09.2022 00:00	9.24	9.48	8.8	9.0	7360
30.09.2022 00:00	9.06	9.24	8.58	9.16	16268
03.10.2022 00:00	9.24	9.34	9.0	9.22	6342
04.10.2022 00:00	9.26	9.3	8.9	9.0	4228
05.10.2022 00:00	8.92	9.1	8.8	8.88	3720
06.10.2022 00:00	8.9	9.06	8.8	8.9	10200
07.10.2022 00:00	8.98	9.0	8.82	8.84	4216
10.10.2022 00:00	8.82	9.0	8.74	8.9	7083
11.10.2022 00:00	8.98	8.98	8.74	8.98	4442
12.10.2022 00:00	8.98	9.48	8.92	9.22	18186
13.10.2022 00:00	9.18	9.18	8.9	9.14	7630
14.10.2022 00:00	9.1	9.14	8.84	8.98	10784
17.10.2022 00:00	8.98	9.16	8.9	9.06	3729
18.10.2022 00:00	9.1	9.14	8.98	9.08	1865
19.10.2022 00:00	9.06	9.06	8.96	8.98	3578
20.10.2022 00:00	8.98	9.14	8.98	8.98	5568
21.10.2022 00:00	8.98	9.02	8.8	9.0	5027
24.10.2022 00:00	9.06	9.08	9.02	9.06	2222
25.10.2022 00:00	9.06	9.22	9.06	9.22	3883
26.10.2022 00:00	9.14	9.24	9.02	9.16	4674
27.10.2022 00:00	9.18	9.46	9.14	9.32	17082
28.10.2022 00:00	9.3	9.38	9.14	9.32	3503
31.10.2022 00:00	9.32	9.74	9.24	9.5	8657
01.11.2022 00:00	9.42	9.66	9.42	9.48	6381
02.11.2022 00:00	9.48	9.72	9.1	9.58	12863
03.11.2022 00:00	9.58	10.74	9.52	9.88	64988
07.11.2022 00:00	9.88	10.18	9.74	9.84	5783
08.11.2022 00:00	9.88	10.22	9.8	10.0	6047
09.11.2022 00:00	10.0	10.24	9.68	9.82	11082
10.11.2022 00:00	9.82	9.84	9.72	9.84	3527
11.11.2022 00:00	9.84	9.96	9.8	9.82	1971
14.11.2022 00:00	9.82	10.14	9.82	9.9	2040
15.11.2022 00:00	9.9	9.92	9.8	9.9	2388
16.11.2022 00:00	9.88	9.98	9.82	9.92	1963
17.11.2022 00:00	9.92	9.98	9.82	9.84	2292
18.11.2022 00:00	9.84	9.9	9.72	9.9	2058
21.11.2022 00:00	9.88	10.08	9.4	9.82	6418
22.11.2022 00:00	9.82	9.88	9.8	9.88	3342
23.11.2022 00:00	9.9	9.98	9.82	9.92	1746
24.11.2022 00:00	9.92	10.16	9.82	9.98	46744
25.11.2022 00:00	9.98	10.5	9.82	10.34	30259
28.11.2022 00:00	10.4	10.4	9.92	10.14	11709
29.11.2022 00:00	10.26	10.4	10.08	10.18	6496
30.11.2022 00:00	10.14	10.64	10.14	10.4	30512
01.12.2022 00:00	10.24	10.46	10.22	10.24	2871
02.12.2022 00:00	10.24	10.24	10.08	10.16	3007
05.12.2022 00:00	10.16	10.32	10.08	10.32	2145
06.12.2022 00:00	10.08	10.5	10.0	10.24	7081
07.12.2022 00:00	10.22	10.4	10.0	10.14	2887
08.12.2022 00:00	10.14	10.14	10.06	10.06	477
09.12.2022 00:00	10.14	10.56	10.0	10.14	7261
12.12.2022 00:00	10.1	10.38	10.08	10.18	2344
13.12.2022 00:00	10.18	10.32	10.14	10.22	1622
14.12.2022 00:00	10.08	11.16	9.9	10.64	34462
15.12.2022 00:00	10.76	11.08	10.22	10.58	14639
16.12.2022 00:00	11.24	14.68	10.8	12.56	647859
19.12.2022 00:00	12.34	15.98	12.0	15.98	500365
20.12.2022 00:00	16.98	18.06	13.8	14.02	508867
21.12.2022 00:00	14.42	14.42	12.3	12.34	137914
22.12.2022 00:00	12.74	13.16	11.68	11.92	97814
23.12.2022 00:00	11.96	13.14	11.76	12.0	139180
26.12.2022 00:00	12.18	12.6	11.76	11.98	43960
27.12.2022 00:00	12.08	12.24	11.72	11.9	35507
28.12.2022 00:00	12.14	12.14	11.72	11.98	18129
29.12.2022 00:00	11.8	12.0	11.76	11.84	7311
30.12.2022 00:00	11.8	11.84	11.68	11.82	12768
03.01.2023 00:00	11.82	11.92	11.72	11.82	8003
04.01.2023 00:00	11.8	11.9	11.68	11.84	8504
05.01.2023 00:00	11.84	11.9	11.72	11.76	5585
06.01.2023 00:00	11.74	11.88	11.74	11.82	4841
09.01.2023 00:00	11.84	12.56	11.82	11.98	27714
10.01.2023 00:00	11.98	12.18	11.82	12.06	21823
11.01.2023 00:00	11.98	15.98	11.92	13.9	493703
12.01.2023 00:00	13.98	14.34	12.64	13.02	82516
13.01.2023 00:00	13.06	13.3	12.72	12.92	24597
16.01.2023 00:00	12.82	13.14	12.82	13.0	12694
17.01.2023 00:00	13.0	13.06	12.32	12.74	17916
18.01.2023 00:00	12.76	13.82	12.48	13.22	64700
19.01.2023 00:00	13.32	13.32	12.5	12.72	32172
20.01.2023 00:00	12.74	13.88	12.74	13.06	43675
23.01.2023 00:00	13.08	13.88	13.0	13.18	59463
24.01.2023 00:00	13.26	13.6	13.22	13.52	33507
25.01.2023 00:00	13.56	14.26	13.26	13.98	39132
26.01.2023 00:00	13.96	14.48	13.72	13.84	16871
27.01.2023 00:00	13.88	14.02	13.4	13.64	14458
30.01.2023 00:00	13.88	14.08	13.48	13.48	13219
31.01.2023 00:00	13.48	14.14	13.46	13.64	29892
01.02.2023 00:00	13.64	14.48	13.64	13.8	29039
02.02.2023 00:00	13.74	14.0	13.48	13.64	21745
03.02.2023 00:00	13.64	13.68	13.48	13.48	7999
06.02.2023 00:00	13.6	14.02	13.48	13.76	12337
07.02.2023 00:00	13.8	14.06	13.48	13.64	10897
08.02.2023 00:00	13.66	13.8	13.4	13.64	22435
09.02.2023 00:00	13.64	14.48	13.56	14.22	38778
10.02.2023 00:00	14.42	15.48	14.14	14.74	93355
13.02.2023 00:00	14.74	15.16	14.22	14.8	8327
14.02.2023 00:00	14.82	15.48	14.02	14.74	15857
15.02.2023 00:00	14.74	14.74	12.84	12.84	63948
16.02.2023 00:00	12.98	13.82	12.98	13.42	38416
17.02.2023 00:00	13.42	13.58	13.0	13.34	5182
20.02.2023 00:00	13.32	13.58	12.82	13.14	23668
21.02.2023 00:00	13.3	13.6	13.08	13.4	14133
22.02.2023 00:00	13.4	13.76	13.26	13.46	10715
24.02.2023 00:00	13.4	13.56	13.16	13.32	5799
27.02.2023 00:00	13.32	13.66	13.08	13.56	9156
28.02.2023 00:00	13.64	13.92	13.32	13.72	8406
01.03.2023 00:00	13.72	14.08	13.72	13.82	6270
02.03.2023 00:00	13.8	13.92	13.32	13.4	14025
03.03.2023 00:00	13.6	13.68	13.42	13.6	4560
06.03.2023 00:00	13.68	13.98	13.6	13.8	11568
07.03.2023 00:00	13.82	14.1	13.68	13.92	12429
09.03.2023 00:00	14.14	14.8	13.9	14.4	36585
10.03.2023 00:00	14.68	15.18	14.4	14.6	31475
13.03.2023 00:00	14.56	14.8	14.0	14.24	11523
14.03.2023 00:00	14.14	14.48	13.9	13.98	20097
15.03.2023 00:00	13.96	14.14	13.6	13.72	16134
16.03.2023 00:00	13.66	13.76	13.58	13.72	8779
17.03.2023 00:00	13.74	14.18	13.58	13.88	18837
20.03.2023 00:00	13.88	14.02	13.6	13.9	16144
21.03.2023 00:00	13.92	14.18	13.88	13.98	14446
22.03.2023 00:00	13.96	14.42	13.96	14.06	8242
23.03.2023 00:00	14.06	14.76	13.88	14.38	26246
24.03.2023 00:00	14.38	14.82	14.18	14.3	8052
27.03.2023 00:00	14.34	14.64	14.32	14.6	16548
28.03.2023 00:00	14.64	14.68	14.18	14.56	7588
29.03.2023 00:00	14.56	14.98	14.4	14.56	12813
30.03.2023 00:00	14.68	15.8	14.68	15.48	60413
31.03.2023 00:00	15.64	16.6	14.68	14.8	55606
03.04.2023 00:00	15.0	16.18	15.0	15.68	51371
04.04.2023 00:00	15.74	16.14	15.6	15.98	43319
05.04.2023 00:00	16.12	16.48	15.8	16.04	13956
06.04.2023 00:00	15.98	16.1	15.82	15.92	7033
07.04.2023 00:00	15.98	16.64	15.8	15.96	19895
10.04.2023 00:00	16.1	17.6	15.92	16.96	55915
11.04.2023 00:00	17.36	17.98	16.54	17.0	39631
12.04.2023 00:00	17.0	17.44	16.6	16.8	18039
13.04.2023 00:00	16.98	17.76	16.88	17.36	12099
14.04.2023 00:00	17.62	17.62	17.0	17.28	6024
17.04.2023 00:00	17.3	17.68	16.2	16.98	24843
18.04.2023 00:00	17.06	17.12	16.7	17.02	8991
19.04.2023 00:00	17.04	17.04	16.78	16.88	7887
20.04.2023 00:00	16.98	17.12	16.2	17.0	13307
21.04.2023 00:00	17.12	17.3	16.8	16.82	3814
24.04.2023 00:00	16.94	17.6	16.7	16.98	14704
25.04.2023 00:00	16.98	20.8	16.92	18.68	204203
26.04.2023 00:00	18.68	22.46	18.48	19.2	191193
27.04.2023 00:00	19.72	19.78	18.32	18.42	48538
28.04.2023 00:00	18.68	18.8	17.98	18.28	18359
02.05.2023 00:00	18.44	18.98	17.0	17.44	26360
03.05.2023 00:00	17.44	17.48	15.8	16.88	22662
04.05.2023 00:00	16.84	17.48	16.52	16.82	7415
05.05.2023 00:00	16.86	17.36	16.48	16.68	3978
08.05.2023 00:00	16.72	17.68	16.48	16.98	7677
10.05.2023 00:00	16.94	17.42	16.48	17.02	15979
11.05.2023 00:00	17.12	18.42	17.02	17.98	23145
12.05.2023 00:00	17.8	17.8	17.2	17.48	9248
15.05.2023 00:00	17.6	17.8	17.14	17.38	11540
16.05.2023 00:00	17.42	17.64	16.86	17.06	22618
17.05.2023 00:00	17.14	17.42	17.12	17.36	6433
18.05.2023 00:00	17.3	17.78	17.18	17.38	9112
19.05.2023 00:00	17.28	17.32	16.98	17.16	6271
22.05.2023 00:00	17.3	17.46	16.7	16.7	3015
23.05.2023 00:00	16.7	17.54	16.5	17.3	13014
24.05.2023 00:00	17.32	17.32	16.2	16.8	29411
25.05.2023 00:00	16.8	16.98	16.5	16.68	7815
26.05.2023 00:00	16.7	17.16	16.52	16.84	10029
29.05.2023 00:00	16.88	17.38	16.82	17.12	6629
30.05.2023 00:00	17.48	17.48	16.36	16.64	17051
31.05.2023 00:00	16.68	16.84	16.38	16.68	6771
01.06.2023 00:00	16.56	16.94	16.52	16.6	2689
02.06.2023 00:00	16.52	16.98	16.44	16.98	14541
05.06.2023 00:00	17.2	17.3	16.6	17.06	13008
06.06.2023 00:00	16.96	17.82	16.72	16.98	7885
07.06.2023 00:00	16.8	17.18	16.48	16.98	5365
08.06.2023 00:00	16.98	17.1	16.54	17.02	5217
09.06.2023 00:00	17.1	17.64	16.78	17.44	20541
13.06.2023 00:00	17.5	17.98	17.3	17.78	14939
14.06.2023 00:00	17.86	18.34	17.52	17.92	14461
15.06.2023 00:00	18.06	18.12	17.68	17.98	14033
16.06.2023 00:00	18.06	18.2	17.8	17.98	10517
19.06.2023 00:00	18.0	18.04	17.8	18.04	6946
20.06.2023 00:00	18.12	19.14	17.94	18.38	28683
21.06.2023 00:00	18.38	19.28	18.1	18.78	11674
22.06.2023 00:00	18.84	19.26	18.34	18.48	12573
23.06.2023 00:00	18.48	18.68	17.62	17.98	12228
26.06.2023 00:00	17.98	17.98	17.02	17.6	12550
27.06.2023 00:00	17.52	17.88	17.5	17.64	3861
28.06.2023 00:00	17.8	18.16	17.18	17.8	8837
29.06.2023 00:00	17.84	17.98	17.68	17.94	5460
30.06.2023 00:00	17.88	17.98	17.68	17.94	7705
03.07.2023 00:00	17.98	18.16	17.7	17.78	9088
04.07.2023 00:00	17.8	18.7	17.72	17.98	11633
05.07.2023 00:00	17.98	18.28	17.56	18.28	9132
06.07.2023 00:00	18.28	18.3	17.82	17.94	5563
07.07.2023 00:00	17.96	18.06	17.7	17.84	3214
10.07.2023 00:00	17.92	18.28	17.84	18.04	3755
11.07.2023 00:00	18.06	18.48	17.82	17.98	5602
12.07.2023 00:00	17.98	18.44	17.98	18.42	9405
13.07.2023 00:00	18.98	23.8	18.92	21.78	860643
14.07.2023 00:00	21.38	21.96	20.3	20.72	183346
17.07.2023 00:00	20.72	20.72	19.82	20.54	56791
18.07.2023 00:00	20.48	20.64	20.1	20.36	34292
19.07.2023 00:00	20.42	21.62	20.38	21.1	88167
20.07.2023 00:00	21.48	23.6	20.52	20.88	156596
21.07.2023 00:00	20.8	22.42	20.44	22.3	70091
24.07.2023 00:00	21.98	22.38	20.98	22.1	85912
25.07.2023 00:00	22.18	23.36	21.8	22.44	52345
26.07.2023 00:00	22.76	23.68	21.98	22.28	29435
27.07.2023 00:00	22.3	22.98	21.98	22.16	17567
28.07.2023 00:00	22.14	25.32	21.7	23.16	182233
31.07.2023 00:00	23.84	27.86	23.6	24.36	251981
01.08.2023 00:00	25.16	25.22	24.0	24.32	54227
02.08.2023 00:00	24.38	24.8	23.5	24.34	54424
03.08.2023 00:00	24.64	24.76	23.84	24.34	43485
04.08.2023 00:00	24.6	24.64	23.5	23.6	46220
07.08.2023 00:00	23.84	24.34	23.22	24.22	38148
08.08.2023 00:00	24.0	24.6	22.62	23.88	59551
09.08.2023 00:00	23.88	27.0	23.48	26.8	179019
10.08.2023 00:00	27.98	27.98	24.0	25.3	90765
11.08.2023 00:00	25.64	25.64	24.48	24.88	25895
14.08.2023 00:00	25.32	26.66	24.46	24.46	76046
15.08.2023 00:00	24.64	25.3	23.12	24.3	40300
16.08.2023 00:00	24.54	24.96	21.6	22.18	70576
17.08.2023 00:00	22.66	23.14	21.94	22.78	20267
18.08.2023 00:00	21.62	22.86	21.62	22.46	28125
21.08.2023 00:00	22.8	24.32	22.48	23.96	27174
22.08.2023 00:00	23.98	27.48	23.78	25.6	135066
23.08.2023 00:00	25.64	28.3	24.86	26.14	116080
24.08.2023 00:00	26.12	26.12	24.18	25.64	46351
25.08.2023 00:00	25.8	26.8	25.64	26.1	25285
28.08.2023 00:00	25.48	27.46	25.48	26.560000000000002	44649
29.08.2023 00:00	26.66	27.2	25.86	26.060000000000002	19486
30.08.2023 00:00	26.98	29.66	25.86	27.62	135191
31.08.2023 00:00	27.96	37.52	27.8	33.96	505242
01.09.2023 00:00	33.88	34.88	31.5	33.96	90240
04.09.2023 00:00	32.46	43.6	32.06	37.38	435190
05.09.2023 00:00	37.7	39.38	35.78	37.38	59701
06.09.2023 00:00	37.88	37.96	35.2	36.1	45750
07.09.2023 00:00	36.42	36.6	33.2	33.2	45490
08.09.2023 00:00	33.56	38.64	31.2	34.6	104439
11.09.2023 00:00	34.78	39.6	33.38	37.02	131185
12.09.2023 00:00	38.38	41.88	37.480000000000004	38.300000000000004	144227
13.09.2023 00:00	38.7	39.02	35.480000000000004	36.300000000000004	69376
14.09.2023 00:00	36.34	36.88	28.48	31.42	161342
15.09.2023 00:00	31.42	33.96	28.14	32.96	76482
18.09.2023 00:00	33.38	34.74	31.560000000000002	32.42	38865
19.09.2023 00:00	32.46	32.7	30.26	31.28	38392
20.09.2023 00:00	31.28	31.28	27.02	29.42	52777
21.09.2023 00:00	29.38	29.8	26.98	27.44	34577
22.09.2023 00:00	27.14	29.26	26.14	28.48	26185
25.09.2023 00:00	28.84	31.8	28.84	31.36	61886
26.09.2023 00:00	31.36	31.54	29.18	31.44	22846
27.09.2023 00:00	31.42	32.480000000000004	30.46	31.54	32262
28.09.2023 00:00	32.1	32.2	30.84	30.84	18815
29.09.2023 00:00	31.6	31.6	29.94	30.0	17286
02.10.2023 00:00	30.68	30.96	30.12	30.64	15651
03.10.2023 00:00	30.84	34.78	30.84	32.12	181549
04.10.2023 00:00	34.24	34.24	32.1	32.84	32772
05.10.2023 00:00	32.88	32.88	31.3	31.52	25891
06.10.2023 00:00	31.8	31.8	30.12	30.86	22716
09.10.2023 00:00	30.62	31.28	30.46	30.76	10639
10.10.2023 00:00	31.04	31.1	30.46	30.5	7091
11.10.2023 00:00	30.78	31.060000000000002	30.42	30.44	13173
12.10.2023 00:00	30.44	31.1	30.02	30.82	17515
13.10.2023 00:00	30.8	32.38	30.62	31.34	28190
16.10.2023 00:00	31.86	32.88	31.1	31.92	42026
17.10.2023 00:00	32.24	33.24	31.66	32.52	28807
18.10.2023 00:00	32.980000000000004	32.980000000000004	31.0	31.3	24403
19.10.2023 00:00	31.42	31.5	30.94	31.12	9820
20.10.2023 00:00	31.48	31.86	30.0	30.5	14528
23.10.2023 00:00	30.7	31.12	29.96	30.22	20797
24.10.2023 00:00	30.3	31.16	30.0	31.12	22483
25.10.2023 00:00	31.12	31.98	30.62	30.82	20308
26.10.2023 00:00	30.82	31.060000000000002	29.98	30.04	17676
27.10.2023 00:00	30.04	30.32	28.22	30.14	26993
30.10.2023 00:00	30.18	30.3	29.6	30.12	12437
31.10.2023 00:00	30.12	30.12	29.68	29.82	11068
01.11.2023 00:00	29.82	30.12	29.66	29.92	7550
02.11.2023 00:00	29.92	30.12	29.88	29.96	4717
03.11.2023 00:00	29.94	30.16	29.76	29.8	6443
06.11.2023 00:00	29.88	31.3	29.8	30.7	37996
07.11.2023 00:00	30.8	30.98	29.98	30.26	12773
08.11.2023 00:00	30.22	30.22	29.48	29.8	21311
09.11.2023 00:00	29.78	29.8	29.1	29.2	17234
10.11.2023 00:00	29.3	29.3	27.5	27.8	32512
13.11.2023 00:00	27.86	28.42	27.7	27.88	14930
14.11.2023 00:00	27.94	28.46	25.02	25.14	27582
15.11.2023 00:00	25.060000000000002	28.36	22.98	26.8	56362
16.11.2023 00:00	27.28	28.36	26.98	27.2	9874
17.11.2023 00:00	26.98	28.78	26.32	28.560000000000002	17368
20.11.2023 00:00	28.42	28.78	28.02	28.14	9538
21.11.2023 00:00	28.14	28.68	28.14	28.38	5296
22.11.2023 00:00	28.28	28.46	28.12	28.16	5098
23.11.2023 00:00	28.22	28.560000000000002	28.14	28.3	5666
24.11.2023 00:00	28.2	28.5	28.1	28.28	5388
27.11.2023 00:00	28.28	28.54	25.1	26.04	55525
28.11.2023 00:00	26.1	28.3	25.14	27.3	39357
29.11.2023 00:00	27.28	27.98	26.94	27.02	11539
30.11.2023 00:00	27.16	27.28	26.14	26.32	7930
01.12.2023 00:00	26.66	27.02	25.48	25.82	6485
04.12.2023 00:00	26.28	26.84	24.5	24.5	8479
05.12.2023 00:00	24.52	24.64	23.44	23.94	8027
06.12.2023 00:00	23.96	23.98	23.38	23.38	4792
07.12.2023 00:00	23.84	23.84	22.2	22.5	10159
08.12.2023 00:00	22.52	22.66	22.26	22.6	2562
11.12.2023 00:00	22.52	22.54	21.5	21.8	6735
12.12.2023 00:00	21.82	22.96	20.7	21.72	21581
13.12.2023 00:00	21.72	22.68	21.38	22.28	7448
14.12.2023 00:00	22.3	23.48	22.3	22.46	5464
15.12.2023 00:00	22.48	24.1	22.36	23.54	12071
18.12.2023 00:00	23.3	24.46	22.8	23.82	14174
19.12.2023 00:00	24.22	24.46	23.7	24.0	5044
20.12.2023 00:00	24.060000000000002	24.88	24.060000000000002	24.84	3820
21.12.2023 00:00	24.76	25.46	24.12	24.64	9355
22.12.2023 00:00	24.6	24.98	24.6	24.82	3028
25.12.2023 00:00	24.98	25.2	23.8	24.3	11175
26.12.2023 00:00	24.34	24.560000000000002	23.46	24.18	7068
27.12.2023 00:00	24.3	24.54	24.16	24.32	4725
28.12.2023 00:00	24.54	24.6	24.16	24.18	2568
29.12.2023 00:00	24.66	24.66	23.28	24.3	5179
03.01.2024 00:00	24.14	24.64	24.14	24.64	4954
04.01.2024 00:00	24.54	24.72	24.44	24.5	2990
05.01.2024 00:00	24.72	26.14	24.54	25.54	35840
08.01.2024 00:00	25.560000000000002	25.88	24.98	25.6	28898
09.01.2024 00:00	25.64	26.14	25.0	25.86	16908
10.01.2024 00:00	25.88	26.38	25.8	26.22	25811
11.01.2024 00:00	26.3	26.6	25.8	26.18	16515
12.01.2024 00:00	26.26	26.68	26.0	26.46	18255
15.01.2024 00:00	26.46	27.46	26.36	27.04	22421
16.01.2024 00:00	26.8	27.46	26.8	27.26	11505
17.01.2024 00:00	27.42	27.6	27.16	27.22	12319
18.01.2024 00:00	27.34	27.72	26.98	27.2	16208
19.01.2024 00:00	27.3	27.5	27.060000000000002	27.46	8293
22.01.2024 00:00	27.38	27.86	27.22	27.62	16169
23.01.2024 00:00	27.8	29.84	27.68	29.060000000000002	91023
24.01.2024 00:00	29.060000000000002	31.92	29.060000000000002	30.96	115983
25.01.2024 00:00	30.98	31.28	28.92	29.42	69643
26.01.2024 00:00	29.42	30.64	28.72	28.78	28726
29.01.2024 00:00	29.22	29.22	27.7	28.16	37844
30.01.2024 00:00	28.2	28.32	27.98	28.12	9877
31.01.2024 00:00	28.12	29.2	28.1	29.16	21210
01.02.2024 00:00	29.1	29.1	28.12	28.36	17057
02.02.2024 00:00	28.46	28.62	27.78	28.04	12825
05.02.2024 00:00	28.26	28.36	27.92	28.14	2305
06.02.2024 00:00	28.12	29.16	28.12	28.98	20582
07.02.2024 00:00	29.22	29.62	28.36	29.0	28750
08.02.2024 00:00	29.0	29.16	27.98	28.04	13935
09.02.2024 00:00	28.2	28.28	27.88	28.22	13642
12.02.2024 00:00	28.48	28.48	28.060000000000002	28.22	4594
13.02.2024 00:00	28.3	28.76	28.14	28.52	8457
14.02.2024 00:00	28.52	28.66	28.22	28.3	5360
15.02.2024 00:00	28.32	28.54	27.96	28.42	8508
16.02.2024 00:00	28.42	28.44	27.8	27.92	12318
19.02.2024 00:00	27.96	28.1	27.88	28.1	6927
20.02.2024 00:00	28.12	28.16	27.8	27.8	7800
21.02.2024 00:00	27.8	27.8	26.52	27.18	16026
22.02.2024 00:00	27.18	27.44	27.04	27.26	5970
26.02.2024 00:00	27.64	28.26	27.38	27.8	4907
27.02.2024 00:00	27.8	28.3	27.62	28.04	9523
28.02.2024 00:00	28.1	28.18	26.7	27.8	9222
29.02.2024 00:00	27.86	27.94	27.560000000000002	27.88	5852
01.03.2024 00:00	27.86	28.12	27.86	28.0	2473
04.03.2024 00:00	27.96	28.060000000000002	27.8	27.8	4465
05.03.2024 00:00	27.98	28.04	27.8	27.82	1119
06.03.2024 00:00	27.86	28.12	27.7	27.82	2574
07.03.2024 00:00	27.88	28.18	27.62	27.78	3516
11.03.2024 00:00	27.78	27.94	27.78	27.88	1489
12.03.2024 00:00	27.8	27.88	27.62	27.62	6041
13.03.2024 00:00	27.76	27.8	27.6	27.66	7438
14.03.2024 00:00	27.64	27.86	26.98	27.3	7489
15.03.2024 00:00	27.32	27.66	27.26	27.560000000000002	4906
18.03.2024 00:00	27.68	28.84	27.3	27.66	24002
19.03.2024 00:00	27.560000000000002	27.82	25.78	26.8	26078
20.03.2024 00:00	27.02	27.560000000000002	26.8	27.44	15773
21.03.2024 00:00	27.44	27.8	27.16	27.38	6703
22.03.2024 00:00	27.62	27.66	27.38	27.62	593
25.03.2024 00:00	27.46	27.54	27.32	27.46	4008
26.03.2024 00:00	27.6	27.7	27.46	27.52	2832
27.03.2024 00:00	27.560000000000002	27.62	27.32	27.46	2862
28.03.2024 00:00	27.5	27.64	27.38	27.54	1352
29.03.2024 00:00	27.46	27.6	27.42	27.52	3950
01.04.2024 00:00	27.5	27.68	26.78	27.14	36618
02.04.2024 00:00	27.14	27.62	27.02	27.48	10514
03.04.2024 00:00	27.44	27.54	26.94	27.32	6595
04.04.2024 00:00	27.22	27.46	27.12	27.26	7877
05.04.2024 00:00	27.44	27.46	27.26	27.46	1847
08.04.2024 00:00	27.46	27.84	26.7	27.6	21175
09.04.2024 00:00	27.48	27.78	27.48	27.6	5675
10.04.2024 00:00	27.64	27.88	27.38	27.42	12822
11.04.2024 00:00	27.560000000000002	28.12	27.46	27.6	7554
12.04.2024 00:00	27.48	27.6	27.16	27.32	3993
15.04.2024 00:00	27.3	27.560000000000002	27.16	27.38	3776
16.04.2024 00:00	27.38	27.62	27.38	27.52	4343
17.04.2024 00:00	27.52	27.52	27.04	27.38	8716
18.04.2024 00:00	27.46	27.46	27.04	27.2	1902
19.04.2024 00:00	27.14	27.3	26.92	27.26	3283
22.04.2024 00:00	27.28	27.46	26.16	27.38	12641
23.04.2024 00:00	27.36	27.46	26.8	26.94	3064
24.04.2024 00:00	26.94	27.38	26.86	27.38	2832
25.04.2024 00:00	27.26	27.38	26.68	27.26	3876
26.04.2024 00:00	27.14	27.16	26.5	26.98	2733
27.04.2024 00:00	27.02	27.04	26.76	26.84	1403
29.04.2024 00:00	26.86	26.94	26.64	26.82	2918
30.04.2024 00:00	26.76	26.92	26.560000000000002	26.78	1442
02.05.2024 00:00	26.82	27.14	26.66	27.02	3679
03.05.2024 00:00	26.76	27.44	26.14	27.42	7424
06.05.2024 00:00	27.42	27.92	26.94	27.28	19980
07.05.2024 00:00	27.38	27.42	27.1	27.22	5637
08.05.2024 00:00	27.34	27.46	27.02	27.04	5179
10.05.2024 00:00	27.18	27.44	27.04	27.14	3163
13.05.2024 00:00	27.18	27.2	26.84	27.12	5914
14.05.2024 00:00	26.84	27.16	26.84	26.98	1156
15.05.2024 00:00	27.04	27.32	26.02	26.98	4105
16.05.2024 00:00	27.04	27.54	26.8	26.94	2346
17.05.2024 00:00	26.92	27.18	26.560000000000002	27.04	3893
20.05.2024 00:00	27.02	27.02	26.26	26.76	6641
21.05.2024 00:00	26.32	26.7	25.92	26.26	2919
22.05.2024 00:00	26.28	26.82	26.14	26.82	4563
23.05.2024 00:00	26.78	26.78	25.2	25.66	11554
24.05.2024 00:00	25.68	25.8	24.38	24.76	5710
27.05.2024 00:00	24.94	24.94	22.86	23.0	7045
28.05.2024 00:00	23.0	23.36	22.34	22.98	5124
29.05.2024 00:00	23.16	23.46	22.92	23.32	2657
30.05.2024 00:00	23.48	24.48	23.48	24.46	7904
31.05.2024 00:00	24.48	24.48	22.88	22.96	7308
03.06.2024 00:00	22.96	23.34	21.1	21.68	10874
04.06.2024 00:00	22.0	22.14	21.14	22.14	3876
05.06.2024 00:00	22.12	23.1	22.12	22.6	7877
06.06.2024 00:00	22.66	23.22	22.14	22.3	4715
07.06.2024 00:00	22.34	22.92	22.16	22.92	2650
10.06.2024 00:00	22.94	23.06	22.8	22.82	783
11.06.2024 00:00	23.02	23.14	22.42	22.64	1788
13.06.2024 00:00	22.16	22.46	21.82	22.38	6191
14.06.2024 00:00	22.46	23.04	22.38	22.38	3261
17.06.2024 00:00	22.48	24.3	22.48	23.78	14333
18.06.2024 00:00	23.8	24.12	23.06	23.46	5018
19.06.2024 00:00	23.44	23.44	22.8	22.8	4364
20.06.2024 00:00	23.1	23.1	21.92	22.62	7386
21.06.2024 00:00	22.54	22.8	21.82	22.28	2699
24.06.2024 00:00	22.52	22.8	22.22	22.38	1424
25.06.2024 00:00	22.56	22.64	21.12	21.98	5225
26.06.2024 00:00	21.96	22.48	21.84	22.46	1609
27.06.2024 00:00	22.44	22.44	21.64	22.02	3342
28.06.2024 00:00	22.16	23.64	22.12	22.76	17241
01.07.2024 00:00	22.98	23.18	22.18	22.76	10277
02.07.2024 00:00	23.0	23.06	22.62	22.86	3241
03.07.2024 00:00	22.88	22.96	22.8	22.8	1722
04.07.2024 00:00	22.7	22.96	22.18	22.44	1648
05.07.2024 00:00	22.46	22.56	22.2	22.56	1684
08.07.2024 00:00	22.66	22.84	21.8	22.12	8166
09.07.2024 00:00	22.3	22.3	20.52	20.52	9640
10.07.2024 00:00	20.52	20.68	18.48	18.68	9899
11.07.2024 00:00	18.6	19.8	18.48	19.5	5808
12.07.2024 00:00	19.5	20.76	18.98	18.98	3607
15.07.2024 00:00	19.7	21.84	19.2	21.16	34082
16.07.2024 00:00	21.3	21.36	20.1	21.16	6210
17.07.2024 00:00	21.14	21.16	20.78	20.78	2742
18.07.2024 00:00	21.02	21.02	20.28	20.62	4358
19.07.2024 00:00	20.72	21.22	20.64	20.96	5626
22.07.2024 00:00	21.0	21.14	20.36	21.12	3404
23.07.2024 00:00	21.0	21.14	20.52	21.06	4982
24.07.2024 00:00	21.14	21.3	20.92	21.14	5207
25.07.2024 00:00	21.0	21.34	20.96	21.2	798
26.07.2024 00:00	21.2	21.3	20.14	20.96	8425
29.07.2024 00:00	21.1	21.14	20.64	20.7	4954
30.07.2024 00:00	20.96	20.96	20.48	20.82	2390
31.07.2024 00:00	20.94	20.96	20.32	20.5	2601
01.08.2024 00:00	20.54	20.86	20.54	20.76	872
02.08.2024 00:00	20.76	20.76	19.8	20.46	7194
05.08.2024 00:00	20.3	20.42	20.12	20.12	3661
06.08.2024 00:00	20.12	20.22	19.66	19.96	1303
07.08.2024 00:00	19.88	20.12	19.3	20.02	5682
08.08.2024 00:00	19.98	20.16	19.8	19.84	1398
09.08.2024 00:00	19.86	19.96	19.64	19.86	1080
12.08.2024 00:00	19.64	19.84	19.64	19.66	444
13.08.2024 00:00	20.06	20.22	19.66	20.1	2328
14.08.2024 00:00	20.12	21.46	20.12	20.48	12788
15.08.2024 00:00	20.28	20.88	20.18	20.46	1602
16.08.2024 00:00	20.3	20.86	20.3	20.42	224
19.08.2024 00:00	20.42	20.42	19.94	19.94	701
20.08.2024 00:00	19.94	20.36	19.22	19.98	3003
21.08.2024 00:00	20.1	20.32	19.88	20.04	941
22.08.2024 00:00	20.06	20.06	19.38	19.46	2510
23.08.2024 00:00	19.6	19.62	17.3	17.3	9316
26.08.2024 00:00	17.8	18.98	17.8	18.78	3641
27.08.2024 00:00	18.88	19.54	18.44	18.44	3083
28.08.2024 00:00	18.48	18.98	17.68	17.86	2439
29.08.2024 00:00	18.0	18.3	17.32	17.48	2248
30.08.2024 00:00	17.64	18.88	17.3	17.36	4915
02.09.2024 00:00	17.5	17.76	16.48	16.66	2891
03.09.2024 00:00	16.92	17.38	16.8	16.88	2025
04.09.2024 00:00	16.92	17.48	16.82	17.0	960
05.09.2024 00:00	17.64	17.94	17.38	17.38	1906
06.09.2024 00:00	17.6	17.72	17.48	17.66	805
09.09.2024 00:00	17.8	18.02	17.54	17.64	2911
10.09.2024 00:00	18.0	18.32	17.8	17.92	2656
11.09.2024 00:00	18.1	18.26	17.98	17.98	1588
12.09.2024 00:00	18.14	18.36	17.86	17.86	1205
13.09.2024 00:00	18.18	18.32	17.94	18.14	2691
16.09.2024 00:00	18.3	18.38	17.88	18.26	4490
17.09.2024 00:00	18.26	18.68	18.26	18.36	1944
18.09.2024 00:00	18.36	20.2	18.32	19.38	22242
19.09.2024 00:00	19.38	19.62	19.3	19.56	1508
20.09.2024 00:00	19.42	19.62	18.78	19.62	5196
23.09.2024 00:00	19.56	21.38	19.3	21.0	22544
24.09.2024 00:00	21.0	21.0	20.3	20.8	3223
25.09.2024 00:00	20.8	21.46	20.3	20.6	8452
26.09.2024 00:00	20.36	20.96	20.28	20.8	2070
27.09.2024 00:00	20.7	21.16	20.42	20.88	3012
30.09.2024 00:00	20.86	21.5	20.02	20.38	13403
01.10.2024 00:00	20.36	20.5	18.8	18.8	8833
02.10.2024 00:00	18.98	19.34	18.86	19.14	3361
03.10.2024 00:00	19.3	19.3	18.64	18.96	2567
04.10.2024 00:00	19.04	19.62	19.04	19.52	3858
07.10.2024 00:00	19.54	19.72	19.38	19.54	628
08.10.2024 00:00	19.42	19.76	19.42	19.48	2093
09.10.2024 00:00	19.62	20.12	19.3	19.3	4779
10.10.2024 00:00	19.3	19.3	18.82	19.12	1119
11.10.2024 00:00	19.0	19.16	18.88	18.96	824
14.10.2024 00:00	18.94	19.04	18.78	18.96	2623
15.10.2024 00:00	19.02	19.64	18.94	19.3	2127
16.10.2024 00:00	19.3	20.06	19.06	19.48	4323
17.10.2024 00:00	19.52	19.7	19.38	19.48	2929
18.10.2024 00:00	19.48	19.5	19.3	19.3	4250
21.10.2024 00:00	19.28	19.3	18.78	18.78	2015
22.10.2024 00:00	19.02	19.02	17.48	17.48	12743
23.10.2024 00:00	17.0	18.0	17.0	17.26	4337
24.10.2024 00:00	17.26	17.6	17.22	17.44	2938
25.10.2024 00:00	17.44	17.56	16.98	17.32	3735
28.10.2024 00:00	17.32	17.32	16.0	16.26	6879
29.10.2024 00:00	16.26	16.38	15.82	16.3	2832
30.10.2024 00:00	16.38	16.8	16.3	16.6	2023
31.10.2024 00:00	16.56	16.72	16.3	16.3	999
01.11.2024 00:00	16.36	16.8	16.3	16.3	765
02.11.2024 00:00	16.44	16.82	16.44	16.78	1307
05.11.2024 00:00	16.78	16.88	16.64	16.82	310
06.11.2024 00:00	17.86	17.86	16.88	17.18	1550
07.11.2024 00:00	17.28	17.28	16.62	16.78	1270
08.11.2024 00:00	16.8	17.14	16.8	16.92	608
11.11.2024 00:00	16.88	17.38	16.3	17.28	2767
12.11.2024 00:00	17.18	18.0	16.98	17.98	16633
13.11.2024 00:00	17.98	18.34	17.48	18.02	22498
14.11.2024 00:00	17.56	18.04	16.72	17.44	13880
15.11.2024 00:00	17.48	17.82	17.34	17.6	1757
18.11.2024 00:00	17.6	17.6	17.3	17.48	1373
19.11.2024 00:00	17.36	17.44	17.12	17.12	1171
20.11.2024 00:00	17.98	17.98	17.18	17.3	1229
21.11.2024 00:00	17.22	17.22	16.3	16.52	4371
22.11.2024 00:00	16.44	16.8	16.26	16.56	1630
25.11.2024 00:00	16.5	16.7	16.5	16.5	1351
26.11.2024 00:00	16.48	16.48	15.46	15.48	6511
27.11.2024 00:00	15.92	15.96	14.8	15.74	2323
28.11.2024 00:00	15.92	16.14	15.56	15.92	1431
29.11.2024 00:00	16.04	16.1	15.74	16.1	876
02.12.2024 00:00	16.1	16.18	15.8	16.02	1332
03.12.2024 00:00	15.6	16.02	15.6	15.96	560
04.12.2024 00:00	16.0	16.02	15.8	15.98	565
05.12.2024 00:00	15.98	15.98	15.8	15.96	853
06.12.2024 00:00	15.98	16.16	15.84	16.0	689
09.12.2024 00:00	16.14	17.28	15.72	16.56	5892
10.12.2024 00:00	16.56	16.6	16.22	16.3	46
11.12.2024 00:00	16.48	16.48	15.8	16.44	1131
12.12.2024 00:00	16.16	16.44	15.68	15.72	3023
13.12.2024 00:00	15.72	16.04	15.48	15.8	2289
16.12.2024 00:00	15.8	15.8	14.42	14.64	4818
17.12.2024 00:00	14.46	14.64	14.18	14.4	626
18.12.2024 00:00	14.5	14.92	14.1	14.74	9603
19.12.2024 00:00	14.9	15.48	14.56	14.58	12719
20.12.2024 00:00	14.6	15.5	14.56	15.42	11447
23.12.2024 00:00	15.5	16.18	15.3	15.4	4325
24.12.2024 00:00	15.4	15.8	15.14	15.22	2015
25.12.2024 00:00	15.46	15.92	14.92	15.82	2727
26.12.2024 00:00	15.82	16.26	15.48	15.74	4402
27.12.2024 00:00	15.8	15.8	15.3	15.64	3335
28.12.2024 00:00	15.74	15.8	15.3	15.3	2624
30.12.2024 00:00	15.48	16.96	15.48	16.14	14987
03.01.2025 00:00	16.26	17.48	16.14	16.8	12812
06.01.2025 00:00	16.5	17.8	16.5	16.98	13209
08.01.2025 00:00	16.98	18.04	16.5	17.32	20880
09.01.2025 00:00	17.46	18.98	17.32	18.1	73289
10.01.2025 00:00	18.18	18.36	16.7	17.94	28257
13.01.2025 00:00	18.1	18.26	17.48	17.88	9855
14.01.2025 00:00	17.98	17.98	17.62	17.98	2885
15.01.2025 00:00	17.8	18.2	16.5	17.18	31399
16.01.2025 00:00	17.38	17.54	17.06	17.3	13450
17.01.2025 00:00	17.38	17.7	17.06	17.6	5452
20.01.2025 00:00	17.6	17.86	17.18	17.46	24639
21.01.2025 00:00	17.3	17.56	16.98	17.46	6238
22.01.2025 00:00	17.32	17.86	17.22	17.76	4408
23.01.2025 00:00	17.88	18.36	17.88	18.2	20902
24.01.2025 00:00	18.18	18.66	17.98	18.22	27122
27.01.2025 00:00	18.28	18.72	17.26	18.1	13781
28.01.2025 00:00	18.1	18.2	17.44	17.8	3174
29.01.2025 00:00	17.88	17.98	17.42	17.7	4846
30.01.2025 00:00	17.62	17.98	17.62	17.94	2631
31.01.2025 00:00	17.96	17.96	17.64	17.82	1535
03.02.2025 00:00	17.82	17.96	17.48	17.64	3969
04.02.2025 00:00	17.64	17.92	17.6	17.8	3237
05.02.2025 00:00	17.78	17.84	17.38	17.48	3008
06.02.2025 00:00	17.44	17.78	17.04	17.56	14018
07.02.2025 00:00	17.54	17.68	17.38	17.52	1331
10.02.2025 00:00	17.56	17.68	16.62	17.04	16696
11.02.2025 00:00	17.1	17.52	16.6	17.38	4856
12.02.2025 00:00	17.38	17.78	17.14	17.36	4814
13.02.2025 00:00	17.68	18.3	17.18	17.18	10177
14.02.2025 00:00	17.42	17.48	17.14	17.34	4679
17.02.2025 00:00	17.48	18.66	17.38	18.44	42202
18.02.2025 00:00	17.8	18.2	17.68	18.1	6610
19.02.2025 00:00	18.06	18.48	17.98	18.34	8105
20.02.2025 00:00	18.3	18.64	18.1	18.28	13130
21.02.2025 00:00	18.3	18.5	17.98	18.16	14261
24.02.2025 00:00	18.26	19.46	18.26	18.82	81769
25.02.2025 00:00	18.84	19.28	18.84	19.02	11639
26.02.2025 00:00	19.02	19.46	18.14	18.76	19311
27.02.2025 00:00	18.88	19.22	18.12	18.92	15705
28.02.2025 00:00	18.8	18.96	18.48	18.64	5288
03.03.2025 00:00	18.64	18.98	18.48	18.68	4146
04.03.2025 00:00	18.68	19.28	18.16	19.1	9543
05.03.2025 00:00	19.0	19.72	19.0	19.3	16197
06.03.2025 00:00	19.3	19.42	19.06	19.06	3012
07.03.2025 00:00	19.14	19.18	18.66	18.96	4321
10.03.2025 00:00	18.98	19.48	18.86	19.12	4580
11.03.2025 00:00	19.3	19.86	18.88	18.92	13944
12.03.2025 00:00	18.92	19.18	18.82	19.1	2839
13.03.2025 00:00	19.12	19.28	18.28	18.8	7025
14.03.2025 00:00	18.94	19.14	18.94	19.14	1266
17.03.2025 00:00	19.0	19.6	18.98	18.98	3745
18.03.2025 00:00	19.38	19.38	18.88	18.96	7020
19.03.2025 00:00	19.1	19.54	18.7	19.34	9887
20.03.2025 00:00	19.28	19.46	18.52	18.98	6829
21.03.2025 00:00	18.98	19.54	18.98	19.0	15644
24.03.2025 00:00	19.14	19.8	19.14	19.26	4184
25.03.2025 00:00	19.2	19.34	19.12	19.3	3318
26.03.2025 00:00	19.3	19.3	19.14	19.2	1168
27.03.2025 00:00	19.18	19.52	18.68	19.06	6609
28.03.2025 00:00	19.06	19.34	18.5	19.12	4961
31.03.2025 00:00	19.12	19.16	18.88	18.96	7189
01.04.2025 00:00	19.14	19.52	18.7	18.7	6126
02.04.2025 00:00	18.7	19.12	18.5	18.96	699
03.04.2025 00:00	18.96	18.96	16.98	17.36	7796
04.04.2025 00:00	17.76	18.42	17.42	17.52	7750
07.04.2025 00:00	17.48	17.48	16.04	16.5	5460
08.04.2025 00:00	16.84	17.22	16.6	17.18	7816
09.04.2025 00:00	17.18	17.2	15.98	16.1	2798
10.04.2025 00:00	17.76	17.78	16.98	17.04	4609
11.04.2025 00:00	17.18	17.48	16.98	17.16	550
14.04.2025 00:00	17.1	17.38	16.72	16.98	685
15.04.2025 00:00	17.06	17.56	17.02	17.02	2999
16.04.2025 00:00	17.02	17.26	17.02	17.12	3343
17.04.2025 00:00	17.12	17.22	17.06	17.14	1214
18.04.2025 00:00	17.12	18.1	16.04	16.8	13915
21.04.2025 00:00	17.64	17.64	16.8	16.84	1745
22.04.2025 00:00	17.06	17.18	16.92	16.96	543
23.04.2025 00:00	16.92	17.12	16.56	17.06	998
24.04.2025 00:00	17.06	17.06	16.5	16.86	3640
25.04.2025 00:00	16.98	17.12	16.8	16.96	1126
28.04.2025 00:00	17.06	17.06	16.86	16.94	2537
29.04.2025 00:00	16.96	17.04	16.72	16.94	2240
30.04.2025 00:00	16.86	17.0	16.56	16.78	2580
02.05.2025 00:00	16.76	16.82	16.46	16.5	3077
05.05.2025 00:00	16.5	17.28	16.02	16.22	8018
06.05.2025 00:00	16.18	17.0	16.18	16.7	1676
07.05.2025 00:00	16.82	16.82	16.42	16.78	895
08.05.2025 00:00	16.8	16.8	16.62	16.76	640
12.05.2025 00:00	16.8	16.98	16.66	16.78	3930
13.05.2025 00:00	16.8	16.94	16.78	16.8	1109
14.05.2025 00:00	16.8	16.92	16.8	16.8	1311
15.05.2025 00:00	16.7	16.7	15.22	15.8	5143
16.05.2025 00:00	16.2	16.2	15.4	15.8	4483
19.05.2025 00:00	15.98	16.1	15.72	15.92	385
20.05.2025 00:00	15.92	15.96	15.48	15.48	1339
21.05.2025 00:00	15.48	15.72	15.38	15.42	456
22.05.2025 00:00	15.4	15.42	15.08	15.3	641
